timestamp,x,y,z
00.013,36.0,-37.86,-10.86
00.051,35.579998,-37.98,-10.8
00.091,35.579998,-38.16,-11.28
00.111,35.64,-38.1,-10.62
00.151,35.579998,-38.879997,-10.139999
00.190,35.7,-39.42,-10.139999
00.211,35.64,-39.18,-10.38
00.250,35.94,-38.879997,-10.26
00.290,36.719997,-39.18,-10.139999
00.311,36.96,-38.7,-10.5
00.351,36.239998,-38.399998,-10.32
00.391,35.82,-38.879997,-10.0199995
00.410,35.7,-38.82,-10.0199995
00.452,36.42,-38.04,-10.679999
00.491,36.48,-37.98,-10.92
00.512,36.899998,-38.28,-10.86
00.551,36.42,-38.94,-10.86
00.591,35.7,-38.94,-10.679999
00.611,35.28,-38.28,-10.0199995
00.653,35.34,-38.7,-10.679999
00.692,36.059998,-38.94,-11.5199995
00.714,36.3,-39.12,-10.8
00.752,36.18,-38.64,-10.86
00.791,36.36,-38.28,-10.559999
00.812,36.0,-38.399998,-10.62
00.852,35.82,-38.399998,-11.5199995
00.892,36.059998,-38.04,-11.82
00.931,36.12,-38.28,-11.34
00.951,36.54,-38.219997,-11.34
00.991,36.54,-38.52,-10.74
01.031,35.64,-38.46,-11.639999
01.059,35.76,-39.12,-11.219999
01.091,35.94,-39.239998,-11.28
01.130,35.76,-38.64,-11.7
01.151,36.059998,-38.94,-12.12
01.192,35.46,-39.0,-13.5
01.233,35.64,-38.64,-12.54
01.252,35.64,-39.12,-11.94
01.294,36.12,-39.0,-11.94
01.334,36.36,-38.46,-12.36
01.352,36.36,-38.28,-12.12
01.392,36.18,-38.579998,-11.88
01.432,36.48,-38.76,-12.719999
01.452,36.42,-38.34,-12.84
01.492,36.3,-38.04,-12.96
01.532,36.84,-38.579998,-13.2
01.552,36.54,-39.0,-12.54
01.592,36.42,-39.48,-11.88
01.632,36.239998,-38.879997,-12.54
01.652,36.3,-39.36,-12.719999
01.693,36.18,-38.879997,-12.96
01.732,35.94,-38.1,-12.36
01.754,36.36,-38.34,-12.42
01.792,36.36,-38.46,-12.12
01.831,36.6,-38.16,-11.94
01.870,36.239998,-38.34,-12.24
01.891,35.94,-38.219997,-12.059999
01.931,35.76,-38.82,-12.3
01.972,35.579998,-39.48,-12.66
01.991,35.64,-39.239998,-12.48
02.031,35.7,-38.219997,-12.36
02.072,36.719997,-38.1,-12.3
02.091,36.239998,-38.399998,-12.059999
02.132,36.719997,-38.219997,-11.82
02.173,36.3,-38.52,-12.42
02.192,36.3,-38.579998,-12.0
02.232,36.84,-38.46,-12.3
02.272,36.54,-38.1,-12.0
02.292,36.42,-38.219997,-11.82
02.333,37.14,-38.82,-11.28
02.373,36.84,-39.3,-11.58
02.391,36.54,-39.059998,-11.7
02.432,36.3,-38.46,-12.3
02.472,36.18,-38.04,-12.12
02.492,36.3,-37.86,-11.88
02.531,35.579998,-37.38,-11.58
02.572,36.059998,-37.8,-12.059999
02.592,36.6,-38.28,-12.24
02.631,36.48,-38.76,-12.54
02.674,36.36,-39.12,-12.9
02.712,36.719997,-39.18,-13.5
02.732,36.54,-39.059998,-13.679999
02.775,35.82,-38.94,-13.0199995
02.812,35.76,-39.3,-12.9
02.831,35.28,-39.48,-12.9
02.873,35.16,-39.36,-13.38
02.912,35.219997,-39.059998,-12.9
02.931,35.1,-38.7,-13.0199995
02.972,35.34,-38.76,-12.78
03.012,35.7,-38.579998,-12.96
03.032,35.88,-38.76,-12.96
03.071,36.3,-38.879997,-13.139999
03.111,36.0,-38.82,-12.599999
03.131,36.0,-38.82,-12.66
03.172,36.42,-38.82,-12.36
03.212,36.42,-39.36,-12.24
03.232,36.18,-39.36,-12.179999
03.272,36.12,-39.059998,-12.96
03.312,36.36,-38.1,-13.74
03.332,36.18,-38.219997,-13.62
03.372,35.28,-38.64,-13.08
03.412,35.34,-38.7,-13.38
03.452,35.16,-38.52,-13.32
03.471,34.739998,-38.76,-13.259999
03.512,35.1,-39.36,-12.9
03.552,35.64,-39.3,-13.08
03.572,35.82,-39.0,-13.38
03.611,35.64,-38.219997,-13.559999
03.652,35.82,-38.16,-13.2
03.671,35.88,-38.04,-13.32
03.712,35.64,-38.04,-13.0199995
03.753,35.28,-37.92,-12.36
03.772,35.16,-37.92,-12.179999
03.812,36.059998,-38.28,-12.36
03.853,35.64,-38.399998,-12.48
03.872,35.399998,-38.399998,-12.36
03.912,36.42,-38.579998,-12.179999
03.953,36.48,-38.94,-12.84
03.975,36.18,-38.52,-13.0199995
04.016,35.28,-38.64,-12.96
04.053,35.64,-38.28,-12.48
04.071,36.18,-38.34,-12.42
04.112,36.12,-38.46,-12.66
04.151,35.219997,-39.12,-12.78
04.172,35.219997,-39.059998,-12.3
04.211,34.739998,-38.64,-12.719999
04.251,34.92,-38.16,-13.0199995
04.291,35.7,-38.399998,-12.84
04.311,36.0,-38.7,-12.9
04.352,36.18,-38.52,-13.32
04.392,36.36,-38.04,-12.96
04.412,36.3,-38.04,-12.719999
04.451,35.94,-38.399998,-12.84
04.492,35.28,-38.34,-12.48
04.513,35.7,-38.34,-12.48
04.552,35.34,-38.04,-12.54
04.592,34.98,-38.46,-12.179999
04.612,35.219997,-38.76,-11.46
04.652,35.04,-38.64,-11.58
04.691,35.219997,-38.64,-12.54
04.712,34.92,-38.879997,-12.54
04.752,34.98,-39.239998,-11.7
04.791,35.579998,-38.7,-11.88
04.812,36.0,-38.34,-11.88
04.851,35.579998,-37.98,-11.82
04.892,35.34,-37.86,-11.7
04.912,35.82,-37.98,-11.7
04.951,35.94,-38.219997,-11.759999
04.994,36.12,-38.64,-11.759999
05.012,36.18,-39.12,-11.219999
05.052,36.12,-38.7,-10.8
05.091,36.78,-38.76,-10.8
05.131,36.18,-38.82,-11.58
05.151,35.399998,-39.0,-11.5199995
05.193,35.7,-38.579998,-11.5199995
05.213,35.579998,-38.46,-11.4
05.253,35.64,-38.219997,-11.88
05.294,35.52,-37.92,-12.36
05.332,35.82,-38.1,-12.179999
05.352,35.76,-38.28,-12.059999
05.393,35.76,-38.219997,-12.179999
05.432,36.239998,-38.34,-12.059999
05.452,36.059998,-38.46,-12.48
05.493,35.88,-38.1,-12.0
05.533,36.18,-38.52,-11.82
05.553,36.3,-38.7,-11.5199995
05.594,36.84,-38.34,-12.179999
05.632,36.42,-38.52,-12.0
05.652,35.94,-38.219997,-11.4
05.691,35.94,-38.28,-10.62
05.731,36.12,-38.34,-10.62
05.751,36.0,-38.399998,-10.8
05.791,35.7,-38.16,-10.92
05.831,35.88,-37.92,-10.44
05.852,36.0,-37.8,-10.62
05.892,35.7,-38.219997,-11.28
05.931,35.28,-38.82,-11.099999
05.952,35.28,-38.399998,-10.62
05.991,35.7,-38.1,-10.38
06.035,35.76,-37.98,-10.5
06.071,36.059998,-38.399998,-10.74
06.091,36.12,-38.76,-10.86
06.130,36.239998,-38.579998,-11.58
06.172,36.719997,-38.1,-12.12
06.192,37.02,-38.28,-11.7
06.232,36.6,-38.52,-10.8
06.272,36.0,-38.219997,-10.8
06.293,36.12,-38.28,-11.16
06.334,36.059998,-38.1,-11.5199995
06.372,36.059998,-38.219997,-10.44
06.392,36.36,-38.04,-10.32
06.432,36.0,-37.8,-10.32
06.471,36.0,-38.04,-10.92
06.491,35.94,-37.8,-10.92
06.531,36.66,-37.8,-10.559999
06.573,36.6,-38.82,-10.92
06.592,36.3,-38.28,-10.8
06.632,36.059998,-38.34,-9.96
06.671,36.059998,-38.82,-9.96
06.711,36.36,-38.82,-10.32
06.731,36.6,-38.82,-10.86
06.772,36.3,-38.52,-11.219999
06.792,36.3,-38.879997,-11.46
06.832,36.059998,-38.46,-10.8
06.873,36.3,-37.739998,-10.62
06.912,36.12,-37.68,-10.62
06.933,36.42,-37.8,-10.86
06.975,36.78,-38.04,-10.38
07.012,36.0,-37.92,-9.599999
07.032,35.7,-37.86,-9.719999
07.072,35.76,-38.1,-9.719999
07.112,36.0,-38.28,-10.08
07.131,36.239998,-37.98,-9.96
07.172,36.96,-37.8,-10.139999
07.212,37.02,-38.04,-9.9
07.232,37.14,-38.399998,-9.54
07.272,36.66,-38.16,-9.84
07.312,35.88,-37.68,-9.9
07.332,36.18,-38.1,-10.08
07.372,36.78,-38.04,-9.599999
07.413,36.66,-38.28,-9.9
07.432,36.42,-38.219997,-9.96
07.472,36.42,-38.219997,-10.32
07.512,36.78,-38.16,-9.84
07.532,36.42,-38.28,-9.179999
07.573,36.18,-38.219997,-9.54
07.612,36.899998,-37.8,-9.42
07.632,36.96,-37.739998,-9.42
07.672,36.84,-37.86,-8.94
07.712,36.42,-37.86,-8.7
07.752,36.3,-38.28,-9.48
07.772,36.48,-38.7,-9.66
07.812,36.42,-38.219997,-10.62
07.852,37.02,-38.219997,-10.2
07.872,36.48,-38.52,-9.66
07.913,35.46,-38.219997,-9.179999
07.953,35.76,-38.34,-9.78
07.972,35.88,-38.1,-9.84
08.012,36.54,-38.399998,-9.36
08.051,36.36,-38.82,-8.639999
08.073,36.48,-37.92,-9.179999
08.111,36.719997,-37.86,-8.88
08.152,36.719997,-38.28,-8.94
08.172,36.3,-38.219997,-9.059999
08.212,36.36,-37.68,-9.24
08.252,35.88,-38.1,-9.059999
08.272,36.0,-38.219997,-9.12
08.312,35.88,-38.579998,-9.42
08.352,36.36,-38.64,-9.48
08.372,36.42,-38.1,-9.9
08.413,35.52,-37.8,-9.66
08.453,35.94,-37.92,-9.54
08.472,36.18,-37.98,-9.66
08.512,36.6,-38.1,-9.9
08.552,36.42,-37.68,-10.26
08.591,35.94,-37.68,-10.0199995
08.612,36.12,-37.86,-9.78
08.653,36.18,-38.04,-9.719999
08.692,36.239998,-38.1,-9.48
08.712,36.36,-38.52,-9.599999
08.752,36.239998,-38.52,-9.54
08.792,36.48,-38.1,-9.36
08.813,36.48,-38.76,-9.54
08.853,35.88,-38.52,-9.3
08.893,36.42,-38.46,-9.42
08.912,36.36,-38.28,-9.179999
08.952,36.0,-38.399998,-9.24
08.992,36.84,-38.52,-9.24
09.011,36.96,-38.82,-9.36
09.051,36.3,-38.7,-9.78
09.092,35.82,-38.399998,-9.719999
09.111,36.0,-38.399998,-9.719999
09.152,36.6,-38.52,-9.42
09.193,37.2,-38.879997,-9.48
09.213,37.079998,-38.64,-9.719999
09.252,37.02,-38.28,-9.599999
09.292,36.96,-37.8,-9.599999
09.312,36.6,-37.86,-9.12
09.352,36.719997,-37.92,-9.179999
09.392,36.84,-38.04,-9.66
09.413,36.96,-38.04,-9.3
09.453,37.079998,-37.38,-10.0199995
09.492,36.48,-37.44,-10.26
09.532,36.78,-37.559998,-9.42
09.553,37.2,-37.739998,-9.24
09.591,37.079998,-38.28,-8.94
09.632,36.66,-38.52,-9.3
09.652,37.02,-38.52,-9.42
09.692,36.6,-38.219997,-9.12
09.732,36.18,-37.86,-9.36
09.752,36.54,-37.86,-9.42
09.792,36.899998,-38.7,-9.48
09.832,36.36,-38.64,-9.54
09.853,36.6,-38.579998,-9.96
09.892,36.66,-38.34,-10.2
09.933,36.899998,-38.399998,-9.9
09.952,36.6,-37.92,-9.78
09.992,36.42,-37.92,-10.0199995
10.032,36.48,-37.14,-9.84
10.053,36.48,-37.2,-9.96
10.092,36.0,-37.62,-9.719999
10.133,35.7,-38.399998,-9.84
10.152,35.94,-38.219997,-9.84
10.193,36.719997,-38.52,-10.2
10.233,36.96,-38.52,-9.84
10.254,37.26,-38.76,-9.599999
10.293,37.26,-38.94,-9.059999
10.333,36.42,-38.52,-9.179999
10.373,36.84,-38.52,-10.0199995
10.394,36.899998,-38.94,-10.08
10.434,36.899998,-38.879997,-9.719999
10.475,37.02,-38.219997,-9.24
10.494,37.5,-37.98,-9.36
10.534,37.079998,-38.219997,-9.059999
10.574,36.6,-38.1,-8.639999
10.593,36.54,-38.1,-9.36
10.633,36.18,-37.68,-9.66
10.675,36.66,-38.1,-9.54
10.693,36.719997,-38.04,-8.88
10.733,36.48,-38.04,-9.12
10.774,36.96,-38.28,-9.54
10.793,36.96,-38.28,-9.36
10.833,36.84,-37.739998,-9.24
10.874,36.54,-37.739998,-9.179999
10.893,36.3,-38.04,-9.24
10.932,36.6,-37.62,-9.48
10.972,36.239998,-37.8,-9.78
10.992,36.12,-37.92,-9.54
11.032,36.66,-38.28,-9.12
11.073,36.84,-38.46,-9.54
11.112,35.7,-38.34,-9.48
11.132,35.94,-38.1,-9.179999
11.174,36.0,-38.219997,-9.36
11.195,36.36,-38.399998,-9.42
11.233,36.42,-38.82,-9.719999
11.273,36.48,-37.8,-9.12
11.313,36.719997,-38.34,-8.7
11.333,37.2,-39.42,-8.82
11.374,37.02,-39.48,-9.78
11.413,36.84,-38.76,-9.719999
11.434,36.6,-38.82,-9.599999
11.473,37.32,-38.64,-9.54
11.514,37.32,-38.82,-9.24
11.533,37.32,-38.52,-9.36
11.573,36.899998,-38.579998,-9.36
11.614,36.0,-38.34,-9.12
11.632,36.36,-38.28,-9.179999
11.673,35.7,-38.219997,-8.76
11.712,36.12,-37.92,-9.0
11.733,36.96,-37.98,-8.94
11.773,36.42,-38.16,-9.48
11.814,36.48,-38.579998,-9.42
11.834,36.84,-38.7,-9.42
11.873,37.14,-38.28,-9.599999
11.913,36.78,-38.1,-9.599999
11.953,36.719997,-38.16,-9.059999
11.972,36.96,-38.28,-8.639999
12.012,36.66,-37.8,-7.98
12.052,36.36,-38.46,-8.639999
12.072,36.12,-38.76,-8.58
12.112,36.12,-38.04,-9.179999
12.153,36.719997,-37.98,-9.12
12.172,37.14,-38.04,-9.3
12.213,36.96,-38.219997,-8.88
12.253,35.88,-38.219997,-8.94
12.277,35.76,-38.219997,-9.36
12.312,36.42,-37.62,-9.3
12.352,36.719997,-37.8,-9.24
12.373,36.6,-37.2,-9.599999
12.413,36.78,-38.1,-9.9
12.454,36.54,-38.34,-9.54
12.472,36.48,-37.739998,-9.599999
12.514,35.94,-38.16,-9.0
12.554,36.54,-38.579998,-9.0
12.574,36.66,-38.579998,-8.94
12.613,36.66,-38.1,-9.3
12.654,36.899998,-38.16,-9.66
12.673,36.78,-38.579998,-9.48
12.713,36.48,-38.28,-9.059999
12.757,36.6,-38.399998,-9.3
12.774,36.899998,-38.28,-9.599999
12.813,37.02,-38.579998,-10.0199995
12.853,36.66,-38.52,-9.599999
12.892,36.66,-37.86,-9.84
12.912,36.48,-37.92,-10.0199995
12.952,36.66,-38.1,-9.78
12.993,36.18,-37.32,-8.58
13.013,36.3,-37.5,-8.76
13.053,36.0,-37.739998,-8.94
13.092,36.059998,-37.38,-9.24
13.112,36.059998,-37.62,-9.719999
13.152,36.3,-37.86,-9.24
13.192,36.0,-37.26,-8.76
13.212,36.6,-37.739998,-9.059999
13.252,37.26,-38.04,-9.599999
13.293,37.14,-37.5,-9.78
13.312,37.44,-37.26,-9.78
13.353,37.14,-38.219997,-9.84
13.393,36.719997,-38.7,-9.179999
13.413,37.02,-38.76,-9.66
13.453,36.719997,-37.739998,-9.84
13.493,35.88,-37.26,-9.84
13.512,36.0,-37.92,-8.94
13.552,36.48,-38.579998,-8.46
13.594,36.6,-38.879997,-8.94
13.633,36.54,-38.16,-9.84
13.654,36.42,-38.16,-9.599999
13.693,36.36,-38.52,-9.84
13.732,35.88,-38.28,-10.139999
13.754,35.94,-37.8,-10.08
13.793,36.6,-38.16,-9.0
13.833,37.2,-38.219997,-8.5199995
13.853,36.96,-38.34,-8.88
13.894,36.6,-38.399998,-9.36
13.932,36.899998,-38.7,-9.66
13.954,36.42,-38.52,-9.12
13.992,36.42,-38.1,-9.42
14.036,37.26,-38.219997,-9.48
14.052,37.44,-38.64,-9.3
14.092,37.5,-38.04,-8.94
14.132,37.559998,-37.98,-9.24
14.152,37.739998,-38.16,-9.179999
14.194,37.14,-38.28,-9.719999
14.233,36.78,-37.98,-9.54
14.254,36.78,-37.5,-9.599999
14.294,36.66,-38.04,-9.36
14.333,36.0,-37.68,-9.059999
14.352,36.18,-37.38,-9.179999
14.393,36.84,-37.32,-9.48
14.434,37.14,-37.559998,-9.599999
14.472,37.2,-38.04,-9.36
14.494,36.66,-38.64,-9.12
14.532,36.96,-37.98,-9.179999
14.573,37.079998,-37.26,-9.3
14.593,36.78,-37.079998,-9.059999
14.633,36.42,-37.02,-8.7
14.661,36.059998,-36.96,-8.099999
14.694,35.94,-37.02,-8.099999
14.732,36.6,-36.48,-7.3799996
14.772,37.02,-35.94,-6.3599997
14.792,37.2,-35.579998,-6.6
14.832,37.559998,-35.16,-6.7799997
14.874,37.079998,-35.7,-7.3199997
14.894,36.54,-35.94,-7.3199997
14.932,36.12,-35.82,-6.12
14.973,36.96,-36.3,-4.98
14.994,37.5,-36.059998,-5.4
15.033,37.8,-35.64,-5.3399997
15.072,37.68,-35.46,-4.8599997
15.093,37.14,-35.16,-4.8599997
15.132,36.899998,-35.34,-5.52
15.173,36.42,-35.88,-4.98
15.192,36.3,-36.12,-4.8599997
15.232,36.36,-36.0,-4.08
15.272,36.48,-35.76,-3.6599998
15.311,36.239998,-35.64,-4.5
15.333,36.54,-36.12,-4.68
15.373,36.36,-36.3,-5.1
15.413,36.84,-35.7,-4.8599997
15.433,37.02,-35.399998,-4.8599997
15.474,37.2,-35.04,-4.74
15.513,37.14,-35.28,-4.2599998
15.532,37.26,-35.1,-4.14
15.574,36.84,-35.82,-4.3199997
15.613,36.48,-36.6,-4.74
15.633,36.78,-37.2,-4.62
15.672,37.44,-36.54,-4.2599998
15.712,37.38,-35.579998,-4.3199997
15.733,36.96,-35.16,-4.56
15.772,36.78,-35.16,-4.38
15.816,37.14,-36.059998,-4.44
15.833,36.719997,-36.12,-4.14
15.874,36.6,-36.48,-4.44
15.912,36.6,-36.239998,-4.62
15.933,37.02,-36.3,-4.92
15.972,37.02,-36.54,-5.46
16.012,36.84,-36.36,-4.98
16.033,36.6,-35.82,-4.92
16.073,36.899998,-35.579998,-4.62
16.112,36.3,-35.579998,-4.08
16.151,36.78,-35.579998,-4.38
16.173,36.78,-35.82,-4.44
16.214,37.14,-35.82,-5.1
16.253,37.5,-35.34,-4.68
16.273,37.02,-35.28,-4.62
16.313,37.38,-35.399998,-4.44
16.353,37.44,-35.579998,-4.92
16.373,36.719997,-35.579998,-5.2799997
16.414,36.3,-36.54,-4.74
16.453,36.78,-36.84,-5.16
16.473,36.6,-37.02,-5.4
16.513,36.36,-37.02,-5.4
16.552,36.239998,-35.88,-4.8599997
16.572,36.18,-35.399998,-4.68
16.613,36.42,-36.059998,-4.5
16.654,36.719997,-35.94,-4.62
16.673,36.3,-35.76,-5.1
16.716,36.899998,-35.94,-4.98
16.753,37.2,-36.0,-4.68
16.773,36.719997,-35.94,-4.68
16.814,36.96,-36.059998,-5.22
16.852,37.38,-35.94,-5.16
16.873,37.079998,-35.399998,-5.2799997
16.914,36.719997,-35.76,-4.92
16.953,36.66,-36.18,-4.44
16.991,36.96,-36.0,-4.2
17.013,36.78,-35.94,-4.2
17.051,36.66,-35.88,-4.56
17.092,37.02,-35.579998,-5.58
17.112,37.44,-35.46,-5.64
17.152,37.86,-35.7,-5.1
17.193,36.719997,-35.399998,-4.68
17.213,36.6,-34.98,-4.98
17.254,37.38,-35.34,-4.8599997
17.293,37.44,-35.94,-4.14
17.313,37.2,-36.6,-4.02
17.352,37.32,-36.059998,-4.7999997
17.392,37.14,-35.46,-4.8599997
17.413,37.32,-35.64,-4.56
17.453,36.48,-36.42,-4.62
17.493,36.6,-35.88,-4.8599997
17.513,36.42,-36.12,-4.7999997
17.553,37.079998,-36.42,-4.2599998
17.594,37.2,-35.94,-3.9599998
17.614,37.02,-35.88,-4.38
17.652,36.48,-35.88,-4.8599997
17.693,37.14,-35.7,-5.2799997
17.712,37.26,-35.7,-5.4
17.752,36.84,-35.88,-4.44
17.793,37.32,-36.54,-4.3199997
17.813,37.38,-36.42,-4.62
17.854,37.739998,-36.12,-5.16
17.893,37.2,-36.66,-5.46
17.931,36.899998,-36.42,-4.44
17.951,37.079998,-36.6,-4.3199997
17.992,37.26,-35.88,-4.8599997
18.032,36.66,-35.34,-4.8599997
18.051,36.66,-35.82,-4.74
18.091,36.12,-35.64,-4.44
18.131,36.059998,-35.7,-4.2599998
18.152,36.3,-35.76,-4.38
18.193,37.32,-36.6,-4.44
18.232,37.68,-36.78,-5.04
18.252,37.8,-36.48,-4.74
18.293,37.26,-36.66,-4.8599997
18.333,37.68,-36.6,-4.62
18.352,38.399998,-36.3,-4.56
18.393,38.219997,-36.239998,-3.72
18.433,36.96,-36.18,-4.68
18.453,36.96,-36.18,-4.8599997
18.493,37.079998,-36.36,-4.7999997
18.534,36.6,-36.36,-4.44
18.553,36.239998,-36.239998,-4.68
18.593,36.66,-35.88,-5.04
18.633,36.48,-36.18,-4.5
18.653,36.3,-35.88,-4.5
18.692,37.14,-35.82,-5.1
18.732,37.2,-35.64,-5.22
18.772,37.26,-35.52,-4.56
18.793,37.079998,-36.059998,-4.68
18.832,37.2,-35.7,-4.08
18.873,37.079998,-35.34,-4.38
18.893,36.6,-35.1,-4.62
18.932,36.6,-35.88,-4.92
18.973,36.96,-35.7,-4.56
18.992,37.02,-35.7,-4.7999997
19.032,37.14,-35.28,-5.2799997
19.072,37.14,-34.68,-4.98
19.091,37.079998,-35.04,-4.56
19.131,37.5,-35.46,-4.8599997
19.172,37.44,-35.94,-4.74
19.191,36.84,-35.579998,-5.04
19.233,36.6,-35.46,-5.58
19.272,37.38,-35.7,-4.92
19.293,37.2,-35.82,-5.04
19.332,36.36,-36.42,-5.3399997
19.372,36.42,-36.42,-5.4
19.413,36.54,-35.7,-5.16
19.432,36.18,-35.1,-5.22
19.474,36.899998,-35.46,-4.8599997
19.493,36.239998,-35.399998,-4.7999997
19.533,36.78,-36.059998,-5.1
19.572,36.6,-36.6,-5.4
19.612,36.0,-36.059998,-5.3399997
19.632,36.3,-36.0,-5.3399997
19.674,37.26,-36.54,-5.04
19.714,37.5,-36.6,-5.1
19.732,37.14,-35.94,-4.68
19.773,36.36,-35.219997,-5.4
19.813,36.78,-35.579998,-5.7
19.832,37.079998,-36.18,-5.3399997
19.872,37.86,-35.94,-5.58
19.913,37.68,-35.64,-5.4
19.932,38.28,-35.46,-4.92
19.973,38.34,-34.98,-4.14
20.013,38.219997,-35.52,-4.7999997
20.033,38.04,-34.86,-5.64
20.072,37.8,-34.5,-5.2799997
20.112,37.02,-34.68,-5.22
20.133,37.32,-35.28,-5.58
20.173,37.26,-36.239998,-6.0
20.213,37.5,-36.3,-6.06
20.233,37.44,-36.12,-6.24
20.272,36.84,-35.64,-6.18
20.313,36.84,-35.88,-7.14
20.352,36.96,-35.94,-7.02
20.373,37.559998,-36.059998,-6.8999996
20.413,38.399998,-37.559998,-6.96
20.434,38.399998,-38.1,-6.8399997
20.473,37.92,-38.399998,-7.3799996
20.514,37.86,-38.1,-7.68
20.553,38.16,-37.98,-7.2
20.573,37.92,-37.98,-7.02
20.614,38.1,-38.579998,-7.3199997
20.652,38.1,-38.16,-7.8599997
20.673,37.8,-38.219997,-7.3799996
20.713,38.7,-38.46,-7.3799996
20.754,38.52,-39.239998,-7.56
20.773,38.16,-39.3,-7.3799996
20.813,38.1,-38.46,-7.68
20.853,38.579998,-37.86,-7.56
20.874,38.399998,-37.92,-7.68
20.916,37.62,-38.219997,-7.7999997
20.952,36.96,-38.879997,-8.16
20.973,37.32,-38.64,-7.8599997
21.012,38.16,-38.52,-7.62
21.052,37.92,-38.579998,-8.34
21.072,37.559998,-38.28,-8.22
21.112,38.04,-38.16,-8.58
21.152,38.399998,-38.34,-7.98
21.193,37.8,-38.46,-7.2
21.213,37.38,-38.64,-7.3799996
21.252,37.32,-38.7,-8.639999
21.292,37.2,-38.399998,-8.34
21.312,37.5,-38.399998,-8.04
21.352,37.2,-37.98,-7.9199996
21.393,36.96,-37.32,-8.099999
21.412,36.96,-37.5,-8.099999
21.452,36.54,-37.92,-7.98
21.492,37.2,-38.219997,-8.82
21.513,37.02,-37.86,-8.82
21.552,36.3,-37.38,-7.7999997
21.593,36.66,-36.899998,-7.62
21.612,36.899998,-36.719997,-7.8599997
21.653,37.079998,-37.14,-9.3
21.694,37.559998,-37.559998,-9.3
21.712,37.68,-37.8,-8.94
21.753,36.96,-37.44,-8.639999
21.793,36.54,-37.26,-8.16
21.814,37.02,-37.32,-8.639999
21.853,37.38,-37.86,-8.4
21.893,36.899998,-38.219997,-7.74
21.912,36.899998,-38.16,-7.62
21.952,36.84,-37.86,-8.28
21.993,36.78,-37.98,-7.8599997
22.032,37.02,-38.46,-7.68
22.052,37.38,-38.1,-7.8599997
22.092,37.44,-38.1,-8.46
22.132,37.38,-37.98,-8.34
22.152,37.14,-37.8,-8.04
22.192,36.84,-36.96,-7.44
22.233,36.719997,-36.78,-7.56
22.252,36.3,-36.78,-8.099999
22.294,36.36,-37.14,-8.88
22.332,36.66,-36.66,-8.46
22.352,36.78,-36.48,-8.04
22.392,37.62,-36.3,-8.28
22.432,37.92,-36.899998,-8.4
22.454,37.079998,-36.84,-7.68
22.493,37.2,-36.54,-7.9199996
22.533,37.2,-37.5,-8.28
22.552,37.32,-37.68,-7.8599997
22.592,36.719997,-37.62,-7.3799996
22.632,35.88,-37.68,-7.2599998
22.652,36.42,-37.5,-7.5
22.692,37.079998,-37.14,-7.98
22.733,36.719997,-37.38,-8.4
22.752,36.48,-37.38,-8.22
22.792,37.38,-37.5,-9.179999
22.833,37.38,-37.86,-9.36
22.853,36.719997,-37.92,-9.12
22.893,37.26,-37.98,-8.76
22.932,36.66,-37.559998,-8.7
22.972,36.12,-37.32,-8.88
22.992,36.239998,-37.559998,-8.5199995
23.033,36.6,-37.44,-8.46
23.073,37.44,-36.6,-8.04
23.093,37.68,-36.12,-7.8599997
23.133,37.92,-37.079998,-7.2
23.173,36.78,-37.86,-7.7999997
23.193,36.6,-37.739998,-7.74
23.235,36.66,-37.44,-7.98
23.273,36.719997,-37.32,-8.099999
23.293,36.96,-37.92,-8.5199995
23.333,37.68,-38.1,-8.16
23.374,37.68,-37.68,-7.74
23.394,37.14,-37.26,-7.44
23.434,36.6,-37.32,-8.04
23.474,37.44,-37.92,-8.04
23.494,37.26,-38.04,-7.62
23.534,37.739998,-37.62,-7.7999997
23.574,37.5,-37.5,-8.04
23.593,37.079998,-37.92,-7.8599997
23.633,36.36,-38.219997,-8.16
23.675,36.66,-37.8,-7.74
23.694,37.26,-37.5,-7.56
23.734,37.26,-37.38,-8.04
23.774,37.44,-38.1,-8.099999
23.794,37.5,-38.219997,-8.04
23.834,37.44,-37.92,-8.04
23.874,37.079998,-37.98,-7.68
23.913,36.719997,-37.68,-8.16
23.933,36.48,-37.079998,-8.7
23.973,36.48,-37.2,-8.46
24.013,37.14,-37.2,-8.04
24.033,36.96,-37.38,-8.46
24.072,36.42,-37.62,-7.56
24.113,36.3,-37.26,-8.099999
24.133,36.18,-37.079998,-8.04
24.173,36.059998,-37.14,-8.28
24.213,36.3,-37.98,-7.98
24.233,36.42,-37.98,-8.04
24.275,36.6,-36.96,-8.34
24.313,37.079998,-36.899998,-8.46
24.333,37.26,-37.5,-8.46
24.373,37.079998,-37.559998,-8.28
24.414,37.079998,-37.739998,-8.5199995
24.434,37.079998,-37.62,-8.5199995
24.474,36.42,-37.079998,-8.16
24.514,36.42,-36.96,-7.9199996
24.534,36.42,-36.96,-8.16
24.574,36.48,-36.899998,-8.7
24.614,37.079998,-36.899998,-8.7
24.653,37.14,-37.02,-8.639999
24.674,37.02,-36.96,-8.7
24.713,36.18,-37.38,-8.94
24.753,36.059998,-37.14,-8.639999
24.774,36.54,-37.079998,-8.46
24.813,36.96,-37.38,-7.7999997
24.854,36.899998,-37.32,-7.9199996
24.874,36.6,-37.02,-7.7999997
24.914,36.3,-36.78,-7.5
24.953,36.6,-37.62,-7.3799996
24.973,36.6,-37.8,-6.8399997
25.013,36.84,-37.2,-7.02
25.053,36.54,-36.78,-7.5
25.072,36.54,-36.3,-7.08
25.113,36.48,-36.84,-7.62
25.152,36.42,-37.559998,-7.7999997
25.173,36.96,-37.68,-8.46
25.213,37.5,-38.16,-8.94
25.253,36.719997,-37.92,-8.7
25.274,36.239998,-37.559998,-8.76
25.314,35.76,-37.26,-7.98
25.354,36.48,-37.62,-7.3199997
25.374,36.719997,-37.8,-7.2
25.415,37.2,-36.96,-7.68
25.454,36.84,-36.42,-7.62
25.474,36.96,-36.36,-8.04
25.513,36.899998,-37.079998,-7.98
25.553,36.6,-37.68,-7.56
25.595,36.18,-37.2,-8.22
25.614,35.94,-37.14,-8.22
25.655,36.719997,-36.96,-7.9199996
25.695,37.559998,-37.68,-7.62
25.715,37.98,-37.5,-7.56
25.754,37.32,-37.32,-8.16
25.793,37.02,-37.02,-8.4
25.814,37.02,-36.96,-8.34
25.854,36.6,-36.78,-8.04
25.893,36.899998,-36.899998,-7.62
25.914,37.14,-37.14,-7.44
25.953,37.32,-37.44,-7.56
25.994,37.02,-36.899998,-7.68
26.013,36.719997,-36.719997,-7.7999997
26.053,36.66,-37.02,-7.3199997
26.094,37.26,-36.78,-7.3799996
26.114,36.84,-37.02,-7.98
26.154,36.899998,-37.68,-8.46
26.194,37.079998,-37.559998,-8.46
26.214,36.899998,-37.62,-8.76
26.254,36.54,-37.559998,-8.4
26.294,36.42,-37.32,-7.3799996
26.315,36.3,-37.14,-7.9199996
26.354,36.6,-37.2,-8.22
26.394,36.719997,-37.559998,-8.4
26.417,36.6,-37.32,-8.4
26.455,36.18,-37.38,-7.7999997
26.495,36.42,-38.219997,-7.5
26.534,37.079998,-37.44,-8.04
26.554,36.66,-36.84,-8.22
26.595,37.2,-37.62,-7.74
26.636,37.92,-39.0,-7.44
26.655,37.8,-39.18,-7.8599997
26.694,37.559998,-39.3,-7.56
26.735,37.44,-39.0,-8.28
26.755,37.98,-38.879997,-8.58
26.796,38.52,-39.239998,-8.76
26.834,38.7,-39.36,-9.24
26.855,38.46,-39.059998,-9.059999
26.894,38.399998,-38.64,-8.5199995
26.933,37.32,-39.239998,-7.7999997
26.953,37.32,-39.0,-7.8599997
26.993,38.04,-38.76,-8.099999
27.034,38.219997,-39.239998,-8.16
27.053,37.8,-38.28,-8.34
27.094,37.98,-38.94,-8.04
27.134,38.579998,-39.059998,-7.62
27.154,38.34,-38.46,-7.8599997
27.195,38.16,-38.64,-7.62
27.234,38.28,-39.48,-8.099999
27.255,38.04,-39.54,-8.46
27.295,37.5,-39.059998,-8.099999
27.335,37.26,-38.579998,-8.22
27.374,37.38,-38.579998,-7.56
27.394,37.739998,-38.82,-7.2599998
27.434,38.04,-38.64,-8.16
27.475,37.8,-38.219997,-8.28
27.494,37.739998,-37.86,-7.9199996
27.534,37.02,-37.38,-8.28
27.574,36.78,-37.92,-7.3799996
27.593,36.66,-38.46,-7.3199997
27.634,37.68,-38.28,-7.74
27.673,37.5,-37.44,-7.2599998
27.694,37.02,-37.38,-6.8399997
27.734,36.3,-37.44,-7.2599998
27.775,37.079998,-37.44,-8.04
27.794,37.079998,-37.5,-8.639999
27.834,37.2,-37.26,-8.28
27.875,37.26,-37.2,-8.5199995
27.894,37.02,-37.26,-8.46
27.934,36.66,-37.26,-8.22
27.973,36.36,-36.84,-7.2599998
28.013,36.42,-36.42,-7.3799996
28.033,36.66,-37.02,-7.9199996
28.075,36.719997,-37.44,-8.22
28.114,36.719997,-37.739998,-8.04
28.133,36.54,-37.8,-7.74
28.174,36.54,-37.68,-7.56
28.213,36.18,-37.26,-7.7999997
28.234,35.7,-36.96,-7.9199996
28.274,36.12,-37.5,-8.16
28.314,36.54,-37.5,-8.16
28.333,36.36,-37.26,-8.04
28.374,36.84,-37.62,-7.8599997
28.414,37.02,-37.739998,-7.62
28.434,36.84,-37.62,-7.56
28.474,37.14,-37.68,-7.3199997
28.513,37.02,-37.739998,-7.2599998
28.533,36.42,-37.26,-7.5
28.573,36.42,-37.2,-8.4
28.613,37.14,-37.38,-8.46
28.633,37.14,-37.14,-8.46
28.674,37.5,-37.5,-8.22
28.714,36.66,-37.8,-8.04
28.733,36.84,-37.62,-7.98
28.774,36.78,-36.899998,-7.8599997
28.813,36.84,-36.6,-7.8599997
28.853,37.14,-36.78,-7.68
28.873,37.079998,-37.2,-7.8599997
28.913,37.2,-37.92,-7.8599997
28.954,36.42,-37.32,-7.3199997
28.975,36.18,-37.32,-7.44
29.016,37.26,-37.26,-7.98
29.053,37.92,-37.92,-7.56
29.073,37.079998,-38.28,-7.2599998
29.113,36.96,-38.1,-7.3199997
29.153,36.84,-38.28,-7.3799996
29.173,37.02,-38.46,-7.68
29.214,36.66,-38.16,-7.2599998
29.254,37.14,-37.44,-7.5
29.273,37.2,-37.739998,-8.22
29.314,37.2,-37.38,-8.16
29.354,36.899998,-37.32,-7.56
29.374,37.079998,-36.96,-7.8599997
29.414,37.26,-37.02,-7.8599997
29.453,37.02,-37.079998,-7.44
29.473,36.66,-37.14,-7.5
29.514,36.899998,-37.559998,-7.68
29.553,36.42,-37.26,-7.9199996
29.573,36.12,-36.84,-7.7999997
29.614,36.3,-36.899998,-7.98
29.653,36.899998,-37.5,-7.98
29.674,36.96,-37.32,-7.74
29.714,36.96,-37.079998,-8.04
29.754,36.6,-37.2,-8.46
29.793,37.2,-38.04,-7.98
29.813,37.079998,-38.399998,-8.28
29.853,36.54,-38.16,-8.5199995
29.893,36.42,-37.559998,-8.58
29.914,36.78,-37.38,-8.04
29.953,36.899998,-37.44,-7.68
29.993,37.14,-37.38,-7.74
30.013,37.32,-37.079998,-7.3199997
30.053,37.02,-37.14,-7.9199996
30.093,36.66,-37.079998,-8.34
30.113,36.239998,-36.84,-7.62
30.153,36.54,-36.719997,-7.5
30.193,37.32,-37.26,-7.44
30.214,37.14,-37.32,-7.44
30.254,36.96,-37.68,-7.7999997
30.293,36.66,-37.14,-8.22
30.313,36.719997,-37.26,-8.099999
30.353,36.96,-37.5,-7.9199996
30.393,37.26,-38.04,-7.9199996
30.414,37.5,-38.1,-8.4
30.454,37.5,-38.219997,-8.7
30.494,37.739998,-37.68,-8.099999
30.515,37.5,-37.44,-7.7999997
30.554,37.26,-37.32,-8.16
30.594,36.18,-36.84,-7.98
30.615,36.239998,-37.02,-8.04
30.654,36.3,-37.5,-7.74
30.694,36.36,-37.62,-7.62
30.734,36.239998,-37.62,-7.74
30.754,36.18,-37.739998,-7.68
30.796,37.2,-38.04,-7.8599997
30.836,37.079998,-37.38,-8.22
30.853,36.78,-37.2,-7.9199996
30.894,37.02,-37.14,-7.44
30.934,36.66,-38.219997,-7.8599997
30.955,36.059998,-37.92,-7.5
30.993,36.12,-37.38,-7.14
31.034,36.48,-37.38,-7.7999997
31.053,36.66,-37.62,-7.68
31.093,36.66,-37.26,-7.98
31.133,36.78,-36.719997,-8.5199995
31.154,37.2,-36.78,-8.34
31.194,37.32,-37.38,-7.2599998
31.234,37.44,-37.68,-7.08
31.254,37.32,-37.559998,-7.9199996
31.295,37.079998,-37.5,-8.16
31.333,36.66,-37.14,-7.9199996
31.355,36.6,-36.96,-8.28
31.394,36.719997,-37.14,-8.58
31.434,37.2,-37.8,-8.5199995
31.474,37.02,-37.44,-8.46
31.495,36.54,-37.26,-8.58
31.536,36.42,-37.02,-8.22
31.574,36.84,-37.02,-7.56
31.594,37.2,-37.079998,-7.56
31.634,38.28,-37.02,-8.099999
31.674,37.62,-37.079998,-8.46
31.694,37.5,-37.14,-8.46
31.734,36.96,-36.84,-7.7999997
31.774,37.2,-37.2,-7.7999997
31.793,37.68,-36.78,-8.16
31.834,37.26,-37.079998,-8.4
31.875,37.079998,-37.5,-7.8599997
31.894,36.78,-37.32,-7.7999997
31.932,36.66,-36.719997,-8.22
31.978,36.84,-36.96,-7.98
31.995,37.44,-37.38,-7.56
32.033,37.8,-37.44,-7.74
32.073,38.399998,-37.68,-8.16
32.113,37.739998,-37.98,-8.099999
32.133,37.739998,-37.92,-8.16
32.173,37.32,-37.32,-7.44
32.194,37.079998,-37.44,-7.62
32.233,37.2,-37.32,-7.68
32.274,37.26,-37.2,-7.3199997
32.314,36.54,-37.38,-7.74
32.334,36.54,-37.8,-7.74
32.373,36.36,-37.5,-7.9199996
32.413,36.899998,-37.2,-8.34
32.434,36.78,-37.02,-8.46
32.473,36.899998,-37.02,-7.62
32.513,36.899998,-36.6,-7.74
32.534,36.84,-36.42,-7.98
32.573,36.899998,-37.559998,-7.74
32.614,37.14,-38.04,-7.3199997
32.633,37.2,-37.8,-7.74
32.676,37.92,-37.14,-8.099999
32.715,37.5,-36.6,-8.04
32.734,37.02,-37.14,-8.04
32.773,36.66,-38.34,-7.7999997
32.813,36.84,-37.739998,-8.04
32.835,37.38,-37.62,-8.4
32.873,37.86,-37.26,-7.9199996
32.914,37.38,-37.26,-7.62
32.933,37.2,-37.62,-7.7999997
32.975,36.84,-37.02,-7.74
33.013,36.6,-36.78,-7.62
33.052,36.54,-36.899998,-8.04
33.073,36.719997,-36.96,-8.88
33.113,36.48,-37.44,-8.58
33.153,36.36,-37.62,-7.9199996
33.173,36.3,-37.62,-7.8599997
33.215,36.96,-37.38,-7.8599997
33.254,37.62,-37.079998,-7.44
33.274,38.28,-37.26,-7.56
33.313,38.1,-37.44,-7.3199997
33.353,37.32,-37.14,-7.5
33.373,37.02,-36.84,-7.8599997
33.414,36.96,-36.84,-8.099999
33.454,37.2,-36.899998,-8.34
33.474,36.54,-37.02,-8.4
33.514,36.42,-37.739998,-8.58
33.554,37.079998,-37.26,-8.04
33.573,37.38,-37.079998,-7.62
33.613,37.38,-36.96,-7.8599997
33.653,37.5,-37.62,-8.22
33.674,37.559998,-37.86,-8.28
33.713,37.92,-37.86,-7.98
33.754,37.38,-37.44,-7.98
33.774,37.32,-37.5,-7.9199996
33.816,37.2,-37.68,-8.04
33.853,37.38,-37.32,-8.22
33.874,37.02,-37.559998,-7.9199996
33.914,36.96,-37.38,-7.7999997
33.952,37.2,-37.38,-7.98
33.992,36.66,-37.38,-7.8599997
34.013,36.48,-37.62,-8.46
34.053,36.36,-36.84,-8.16
34.092,36.78,-37.079998,-8.04
34.112,37.2,-37.2,-7.62
34.152,37.14,-37.32,-7.5
34.193,37.02,-37.32,-8.04
34.213,36.719997,-37.32,-8.04
34.252,36.66,-37.559998,-7.8599997
34.293,36.719997,-37.38,-7.68
34.312,36.84,-37.2,-7.68
34.355,37.02,-37.38,-7.7999997
34.393,37.02,-37.559998,-8.04
34.413,37.2,-37.8,-8.04
34.453,37.26,-37.739998,-7.98
34.493,36.96,-37.32,-8.099999
34.513,37.14,-37.739998,-7.68
34.554,37.14,-37.5,-7.56
34.594,37.5,-36.96,-7.68
34.613,37.32,-37.079998,-8.28
34.654,37.559998,-37.26,-7.68
34.693,37.44,-36.54,-7.14
34.714,37.62,-36.12,-7.68
34.754,37.26,-36.719997,-8.099999
34.793,37.14,-37.2,-7.5
34.834,37.44,-37.68,-7.8599997
34.853,37.5,-37.92,-7.9199996
34.897,36.899998,-37.079998,-7.8599997
34.935,37.26,-36.18,-7.62
34.953,37.44,-36.18,-7.62
34.993,36.96,-36.78,-7.2
35.033,36.66,-36.6,-6.8999996
35.053,36.42,-36.239998,-6.96
35.092,36.899998,-35.82,-6.54
35.133,37.26,-35.64,-6.96
35.152,36.719997,-36.239998,-7.08
35.193,36.48,-36.54,-7.56
35.232,36.78,-36.239998,-7.08
35.253,36.42,-36.12,-7.2
35.292,35.88,-35.7,-6.72
35.333,36.12,-35.7,-6.72
35.352,36.48,-36.3,-6.66
35.393,36.42,-36.719997,-6.3599997
35.433,37.079998,-36.059998,-6.2999997
35.453,37.02,-35.64,-6.2999997
35.493,36.78,-35.94,-6.24
35.535,36.0,-35.579998,-6.0
35.573,35.76,-35.46,-6.12
35.594,35.28,-35.64,-6.2999997
35.633,35.1,-36.48,-6.2999997
35.674,36.059998,-36.36,-5.94
35.693,36.059998,-36.3,-6.0
35.733,35.52,-36.78,-6.0
35.772,36.0,-36.96,-6.12
35.793,36.36,-36.78,-6.06
35.834,36.3,-36.36,-6.06
35.873,36.3,-36.42,-5.94
35.892,36.36,-36.96,-6.0
35.932,36.6,-37.62,-6.06
35.973,36.18,-36.54,-5.94
35.994,35.88,-35.88,-5.46
36.034,35.7,-36.239998,-6.54
36.073,36.12,-36.719997,-6.0
36.093,36.239998,-36.66,-4.98
36.133,35.88,-35.7,-4.92
36.174,35.88,-36.059998,-6.18
36.194,35.94,-36.059998,-6.66
36.233,35.76,-36.0,-6.48
36.276,36.18,-36.719997,-5.16
36.294,36.12,-36.96,-5.46
36.334,36.54,-37.079998,-5.22
36.373,36.18,-36.18,-5.52
36.394,36.059998,-36.18,-5.58
36.433,35.64,-35.94,-5.7599998
36.478,36.12,-36.899998,-5.4
36.514,36.18,-37.32,-5.22
36.534,35.76,-37.38,-5.3399997
36.574,36.239998,-36.48,-5.94
36.613,36.12,-36.78,-5.8799996
36.633,36.36,-36.6,-6.0
36.674,35.94,-36.96,-4.8599997
36.714,35.64,-36.96,-4.92
36.736,35.64,-37.14,-5.46
36.774,35.76,-36.48,-5.46
36.814,36.12,-35.7,-5.16
36.834,36.12,-35.82,-5.16
36.875,36.3,-36.42,-5.4
36.913,36.36,-36.48,-6.06
36.935,36.48,-36.54,-6.42
36.973,36.42,-36.66,-6.42
37.013,36.48,-36.36,-6.12
37.033,35.94,-36.48,-5.7599998
37.073,35.28,-36.719997,-5.7599998
37.113,35.64,-37.02,-5.58
37.133,35.52,-36.54,-5.7599998
37.174,36.059998,-36.36,-5.94
37.213,36.3,-37.26,-5.7
37.234,36.36,-37.32,-5.94
37.274,37.14,-37.02,-6.42
37.314,37.38,-37.02,-6.3599997
37.354,36.54,-36.96,-6.12
37.374,36.48,-36.6,-6.18
37.414,36.059998,-36.96,-5.8799996
37.454,35.94,-36.66,-5.4
37.476,36.0,-36.48,-5.4
37.513,35.399998,-36.239998,-5.46
37.554,35.88,-36.6,-5.2799997
37.574,36.239998,-36.6,-5.7
37.614,36.78,-37.2,-5.22
37.654,36.36,-37.5,-5.22
37.675,37.02,-37.02,-5.7
37.715,37.079998,-36.84,-6.18
37.755,36.48,-37.079998,-5.7
37.774,36.36,-37.02,-5.7
37.815,35.88,-36.3,-5.3399997
37.854,36.18,-36.899998,-5.46
37.874,36.12,-37.2,-6.06
37.914,35.64,-36.719997,-6.24
37.954,35.88,-36.36,-6.42
37.975,36.36,-36.12,-6.24
38.013,36.18,-36.3,-5.7
38.053,35.76,-36.96,-5.4
38.093,36.0,-36.84,-5.52
38.112,36.12,-36.84,-5.3399997
38.154,36.3,-37.32,-5.8199997
38.194,36.0,-37.62,-5.7599998
38.214,35.88,-37.44,-5.8799996
38.255,36.719997,-37.32,-6.2999997
38.294,36.42,-37.02,-6.12
38.316,36.18,-36.66,-5.7
38.354,35.399998,-36.48,-5.22
38.393,35.52,-36.6,-6.3599997
38.414,35.399998,-36.42,-7.02
38.454,35.76,-36.96,-6.72
38.495,35.64,-36.54,-6.6
38.514,35.46,-37.14,-6.3599997
38.554,35.399998,-36.36,-6.18
38.593,36.18,-36.239998,-6.24
38.614,36.12,-36.84,-5.94
38.655,35.399998,-37.2,-5.8799996
38.694,34.8,-37.02,-6.54
38.715,35.04,-36.899998,-6.12
38.754,35.219997,-37.14,-5.7
38.796,35.88,-36.96,-5.94
38.815,35.82,-37.2,-6.2999997
38.853,35.82,-36.84,-5.8799996
38.894,36.12,-36.66,-5.7599998
38.914,35.82,-36.6,-5.22
38.955,35.52,-36.48,-5.2799997
38.993,36.239998,-37.02,-5.8199997
39.034,36.239998,-37.2,-5.52
39.053,36.12,-37.02,-5.64
39.093,36.059998,-36.48,-5.7599998
39.135,36.36,-36.48,-5.94
39.153,36.18,-36.899998,-6.24
39.194,36.66,-37.079998,-5.64
39.234,36.239998,-36.84,-5.94
39.254,35.46,-37.14,-6.3599997
39.295,35.52,-37.8,-6.18
39.334,36.239998,-38.219997,-6.12
39.353,36.899998,-38.219997,-5.8799996
39.393,36.6,-37.68,-5.94
39.433,36.3,-38.219997,-5.58
39.455,36.3,-38.399998,-5.3399997
39.497,37.079998,-38.579998,-5.64
39.533,37.86,-38.46,-6.24
39.554,37.8,-38.76,-6.66
39.594,37.38,-38.46,-6.12
39.634,37.2,-38.76,-5.7599998
39.655,37.32,-38.76,-5.8799996
39.694,37.38,-38.219997,-5.8199997
39.734,37.14,-37.98,-6.3599997
39.774,36.719997,-38.16,-6.42
39.793,37.14,-38.1,-6.18
39.833,37.739998,-38.46,-6.0
39.874,37.8,-38.46,-6.24
39.894,37.62,-38.1,-6.6
39.933,37.62,-38.399998,-6.0
39.974,37.739998,-38.7,-5.64
39.993,37.38,-38.28,-5.8199997
40.032,37.38,-37.8,-6.0
40.072,37.559998,-37.32,-6.12
40.092,37.14,-37.62,-6.3599997
40.133,35.94,-38.34,-6.12
40.174,36.719997,-37.86,-6.48
40.193,37.079998,-38.04,-6.42
40.233,38.28,-38.16,-6.0
40.274,37.32,-37.92,-6.0
40.293,36.899998,-37.68,-5.64
40.334,36.96,-37.5,-6.48
40.373,36.719997,-37.86,-6.72
40.393,36.96,-37.62,-6.54
40.432,36.84,-37.44,-6.06
40.472,36.54,-36.78,-6.12
40.493,36.42,-36.899998,-5.8199997
40.534,36.0,-37.079998,-6.48
40.574,35.76,-37.32,-6.8999996
40.613,36.3,-37.02,-6.96
40.633,36.719997,-36.48,-6.96
40.673,36.719997,-36.059998,-7.08
40.714,36.54,-36.96,-7.5
40.734,36.3,-36.96,-8.099999
40.774,36.18,-36.42,-9.42
40.813,35.82,-36.0,-9.179999
40.834,35.88,-36.059998,-9.179999
40.874,35.7,-37.14,-9.719999
40.914,36.059998,-37.38,-9.54
40.932,36.0,-36.899998,-9.78
40.973,36.0,-36.36,-9.96
41.013,36.12,-36.3,-10.86
41.034,36.54,-35.94,-10.98
41.073,36.42,-36.36,-10.8
41.112,35.94,-36.42,-10.559999
41.136,35.82,-36.6,-10.38
41.174,36.18,-36.84,-10.5
41.213,36.899998,-36.42,-10.679999
41.234,37.079998,-35.82,-10.139999
41.275,37.38,-36.66,-10.38
41.312,37.2,-37.5,-10.92
41.333,36.719997,-37.44,-10.62
41.374,36.18,-36.96,-9.96
41.413,37.02,-36.3,-10.32
41.453,37.02,-36.48,-11.099999
41.475,37.079998,-36.6,-10.44
41.513,36.719997,-36.239998,-10.679999
41.553,36.54,-35.82,-10.98
41.573,36.66,-35.76,-10.98
41.613,36.48,-36.18,-10.5
41.653,36.42,-36.12,-10.2
41.672,36.66,-36.239998,-10.44
41.712,36.54,-36.36,-10.2
41.753,36.899998,-37.44,-10.38
41.773,36.96,-37.2,-10.5
41.813,36.719997,-37.02,-11.219999
41.853,36.42,-36.6,-11.099999
41.873,36.42,-36.6,-11.219999
41.913,36.78,-37.2,-11.219999
41.952,36.54,-36.78,-10.98
41.972,36.54,-36.54,-11.16
42.012,36.96,-36.6,-10.98
42.052,37.26,-36.78,-11.16
42.072,36.719997,-36.6,-11.04
42.112,36.48,-36.3,-11.04
42.152,36.719997,-35.88,-10.0199995
42.192,37.32,-36.059998,-10.08
42.213,37.44,-36.0,-10.08
42.253,37.14,-36.48,-10.38
42.293,36.719997,-36.719997,-10.2
42.313,36.54,-37.02,-9.9
42.352,37.02,-36.18,-9.66
42.393,37.44,-36.239998,-9.96
42.412,36.96,-35.76,-10.139999
42.453,36.66,-36.239998,-10.5
42.492,37.14,-36.36,-10.92
42.513,36.66,-36.42,-10.86
42.553,36.84,-36.36,-10.32
42.592,36.899998,-37.079998,-10.139999
42.612,37.32,-37.02,-9.9
42.653,37.62,-36.66,-10.2
42.693,37.26,-36.899998,-10.26
42.712,37.32,-36.719997,-10.559999
42.753,37.14,-36.059998,-10.74
42.792,37.26,-36.42,-9.78
42.813,37.2,-36.899998,-10.0199995
42.853,37.38,-36.3,-10.62
42.894,37.5,-35.82,-11.5199995
42.913,37.26,-35.76,-11.16
42.952,37.2,-36.12,-11.4
42.993,36.96,-36.36,-11.099999
43.033,37.26,-36.3,-10.559999
43.052,37.38,-36.54,-10.26
43.092,36.84,-36.84,-9.599999
43.132,37.26,-37.079998,-9.599999
43.153,37.8,-37.079998,-10.0199995
43.193,37.14,-36.3,-9.84
43.234,36.719997,-36.239998,-10.2
43.254,37.2,-36.239998,-10.44
43.294,36.899998,-36.6,-9.96
43.333,36.42,-37.2,-10.559999
43.353,36.239998,-37.079998,-10.679999
43.392,36.48,-36.48,-10.38
43.432,36.78,-36.48,-9.78
43.454,36.84,-36.36,-9.9
43.494,36.899998,-36.0,-9.54
43.533,37.32,-36.54,-9.78
43.553,37.02,-36.36,-10.139999
43.592,36.48,-36.239998,-10.44
43.633,37.2,-36.54,-10.139999
43.653,36.899998,-36.96,-10.08
43.693,37.14,-36.66,-9.96
43.735,36.6,-36.48,-10.0199995
43.753,36.54,-36.78,-10.8
43.792,35.88,-36.48,-11.099999
43.833,36.719997,-36.36,-11.219999
43.853,37.02,-36.84,-10.74
43.893,36.12,-36.96,-10.2
43.932,35.7,-36.96,-10.26
43.972,36.719997,-36.719997,-11.16
43.992,36.96,-36.12,-11.16
44.032,37.079998,-36.36,-11.099999
44.072,36.719997,-36.36,-9.84
44.092,36.0,-36.36,-9.78
44.132,36.6,-36.42,-9.42
44.172,37.26,-36.0,-10.2
44.193,37.2,-36.36,-10.92
44.235,36.719997,-36.54,-10.679999
44.272,36.36,-37.14,-10.5
44.292,36.42,-37.38,-10.559999
44.333,36.719997,-36.78,-9.84
44.373,36.96,-35.64,-9.66
44.392,36.54,-34.98,-10.139999
44.433,35.88,-35.34,-9.54
44.472,36.48,-36.059998,-9.78
44.493,36.96,-36.3,-9.66
44.534,36.78,-36.239998,-9.9
44.575,36.3,-36.78,-10.0199995
44.595,36.96,-36.78,-9.78
44.634,37.079998,-35.76,-9.66
44.676,36.96,-35.7,-10.32
44.693,37.2,-35.1,-10.559999
44.734,37.38,-36.12,-10.0199995
44.773,37.26,-37.2,-10.32
44.814,37.02,-36.84,-10.5
44.833,36.66,-36.78,-10.2
44.873,36.84,-37.02,-10.5
44.913,37.2,-37.26,-10.86
44.932,37.079998,-37.26,-10.679999
44.974,37.079998,-36.78,-10.26
45.012,36.66,-36.48,-10.139999
45.033,36.719997,-36.239998,-10.26
45.072,36.54,-35.76,-10.74
45.112,36.36,-36.239998,-10.5
45.132,36.3,-36.0,-10.2
45.173,36.96,-35.46,-9.66
45.213,37.02,-35.64,-9.36
45.233,37.2,-36.239998,-9.84
45.275,36.899998,-35.82,-10.62
45.313,36.78,-36.0,-10.559999
45.335,36.96,-36.48,-9.9
45.373,36.899998,-36.899998,-9.179999
45.412,36.54,-36.899998,-9.24
45.432,35.82,-36.42,-9.96
45.474,35.88,-36.42,-10.62
45.514,36.18,-36.42,-10.0199995
45.533,36.12,-36.84,-9.599999
45.574,36.66,-36.3,-9.78
45.613,37.5,-36.36,-10.0199995
45.634,37.32,-36.18,-9.78
45.672,36.96,-37.14,-9.84
45.714,36.719997,-37.02,-9.9
45.753,37.02,-36.48,-9.78
45.773,36.66,-36.54,-9.84
45.817,36.719997,-36.239998,-9.599999
45.852,36.899998,-35.94,-9.78
45.873,37.02,-35.76,-9.84
45.913,37.38,-35.94,-10.2
45.952,36.48,-37.079998,-9.66
45.972,36.239998,-36.719997,-9.54
46.011,36.48,-35.76,-9.96
46.053,36.48,-35.7,-9.36
46.072,36.18,-36.239998,-9.36
46.112,36.54,-36.12,-9.719999
46.152,36.66,-36.0,-9.9
46.172,37.079998,-36.48,-9.42
46.212,36.48,-35.94,-9.719999
46.252,36.96,-35.7,-9.599999
46.273,36.96,-35.7,-10.0199995
46.312,37.02,-36.059998,-10.32
46.352,37.14,-36.48,-9.9
46.373,37.26,-36.42,-9.9
46.412,37.14,-36.6,-9.78
46.453,36.42,-37.02,-9.719999
46.494,36.66,-36.66,-9.48
46.512,37.079998,-36.42,-9.12
46.553,37.14,-36.66,-9.24
46.592,36.66,-36.48,-10.0199995
46.612,37.079998,-36.0,-10.08
46.655,36.84,-35.94,-10.0199995
46.692,36.719997,-36.12,-10.44
46.713,36.6,-36.42,-10.62
46.752,36.6,-36.48,-10.0199995
46.792,36.36,-36.48,-9.66
46.813,36.78,-36.36,-9.9
46.852,36.719997,-36.54,-10.0199995
46.892,36.899998,-36.36,-9.599999
46.912,37.14,-35.88,-9.84
46.952,37.32,-36.0,-10.679999
46.992,36.48,-36.12,-10.139999
47.012,36.18,-36.12,-9.599999
47.052,36.54,-36.0,-9.42
47.091,37.02,-35.7,-9.54
47.131,37.02,-36.719997,-9.12
47.151,37.559998,-36.78,-9.059999
47.191,37.5,-36.899998,-8.639999
47.232,36.3,-36.84,-8.46
47.252,36.239998,-37.26,-9.0
47.292,36.48,-37.2,-9.84
47.332,37.079998,-37.38,-9.66
47.353,36.899998,-37.62,-9.719999
47.392,36.36,-37.14,-9.599999
47.432,36.36,-36.3,-9.599999
47.452,36.899998,-36.239998,-9.179999
47.492,37.38,-36.6,-9.059999
47.532,36.719997,-36.3,-9.96
47.552,36.899998,-36.0,-10.26
47.592,36.66,-35.94,-10.32
47.632,36.18,-36.18,-9.719999
47.652,36.48,-36.6,-9.719999
47.692,36.84,-36.96,-9.9
47.732,36.84,-37.079998,-10.26
47.752,36.719997,-36.84,-10.2
47.792,36.899998,-36.84,-9.599999
47.832,37.14,-37.02,-10.26
47.852,37.5,-36.96,-10.92
47.892,37.5,-37.98,-10.38
47.931,37.32,-37.38,-9.179999
47.952,37.26,-36.66,-9.54
47.992,37.14,-36.84,-9.36
48.034,37.2,-36.48,-9.36
48.071,37.079998,-36.6,-9.66
48.091,37.5,-36.719997,-9.54
48.131,37.559998,-36.54,-10.08
48.171,37.02,-37.26,-10.2
48.192,37.02,-37.079998,-9.66
48.232,36.899998,-37.14,-9.78
48.273,37.5,-36.96,-9.78
48.293,37.8,-36.78,-10.32
48.332,38.219997,-36.78,-10.139999
48.372,37.32,-37.26,-9.719999
48.392,37.62,-37.2,-9.9
48.431,37.5,-37.02,-10.44
48.471,37.2,-36.899998,-10.139999
48.493,36.66,-37.02,-10.0199995
48.532,36.6,-36.719997,-9.84
48.572,36.84,-37.26,-9.36
48.592,37.02,-37.44,-8.88
48.633,37.32,-37.38,-9.36
48.672,36.84,-37.739998,-9.78
48.692,36.84,-37.68,-9.54
48.732,37.38,-37.44,-9.719999
48.772,37.32,-37.26,-9.84
48.793,37.26,-37.5,-10.0199995
48.831,37.14,-37.44,-10.32
48.872,37.68,-36.66,-10.2
48.912,37.739998,-36.3,-9.719999
48.931,37.62,-36.54,-9.42
48.971,36.6,-36.96,-9.36
49.011,36.719997,-37.5,-9.42
49.032,36.84,-37.26,-9.3
49.071,36.78,-36.78,-9.179999
49.113,36.66,-36.48,-9.0
49.132,36.719997,-36.48,-8.58
49.172,37.02,-36.84,-9.059999
49.215,37.68,-36.48,-9.66
49.233,37.2,-36.54,-9.48
49.272,37.079998,-37.2,-9.12
49.312,37.14,-36.78,-9.059999
49.332,36.84,-36.6,-9.12
49.372,36.96,-36.84,-9.42
49.413,37.26,-36.78,-9.0
49.431,37.14,-36.54,-9.12
49.472,36.84,-36.3,-10.679999
49.512,36.6,-36.78,-10.38
49.532,36.54,-37.14,-10.32
49.572,37.14,-37.14,-10.32
49.611,37.559998,-37.02,-9.36
49.632,37.38,-37.02,-9.599999
49.673,37.079998,-36.84,-9.96
49.713,37.14,-36.36,-10.32
49.753,37.38,-36.18,-9.96
49.772,37.14,-36.36,-9.84
49.812,36.96,-36.6,-9.9
49.852,36.54,-36.66,-9.84
49.871,36.84,-36.719997,-9.9
49.911,36.78,-36.3,-9.179999
49.951,37.2,-36.18,-9.78
49.971,37.32,-36.54,-10.08
50.011,37.44,-36.6,-10.26
50.051,36.96,-36.3,-9.9
50.071,37.079998,-36.48,-9.84
50.111,37.2,-36.66,-10.139999
50.152,36.48,-37.38,-9.84
50.171,36.3,-37.559998,-9.42
50.212,36.719997,-37.38,-9.3
50.252,37.02,-37.02,-9.96
50.272,36.899998,-36.48,-9.78
50.312,37.62,-36.66,-10.08
50.352,37.559998,-36.78,-9.54
50.372,37.559998,-36.719997,-9.66
50.412,37.5,-37.32,-9.78
50.452,37.5,-36.96,-10.2
50.492,37.38,-36.66,-9.9
50.512,37.02,-36.66,-10.2
50.552,36.719997,-36.84,-9.84
50.573,36.3,-36.66,-9.84
50.612,37.14,-36.84,-9.78
50.651,36.78,-36.899998,-9.96
50.692,36.239998,-36.42,-9.78
50.712,36.48,-36.899998,-9.719999
50.752,37.5,-36.899998,-9.66
50.792,38.219997,-36.36,-9.54
50.811,37.86,-36.54,-9.36
50.852,37.2,-36.84,-9.24
50.892,37.68,-36.66,-9.3
50.913,37.8,-36.54,-9.36
50.954,37.5,-36.6,-10.139999
50.992,36.36,-36.96,-10.26
51.013,36.239998,-37.38,-10.08
51.052,36.899998,-36.96,-9.599999
51.092,37.2,-36.84,-9.36
51.112,36.899998,-36.84,-9.42
51.152,37.02,-36.48,-9.48
51.195,37.32,-37.02,-9.54
51.214,37.739998,-37.32,-9.54
51.254,37.14,-36.54,-9.9
51.294,36.6,-36.42,-9.66
51.314,36.899998,-36.54,-9.84
51.353,37.2,-37.079998,-9.96
51.393,37.079998,-37.26,-9.96
51.432,37.14,-37.2,-9.9
51.454,36.84,-37.02,-9.3
51.493,36.36,-37.44,-9.48
51.533,36.719997,-37.68,-9.599999
51.554,37.62,-37.38,-9.24
51.593,36.84,-36.239998,-9.599999
51.633,36.54,-36.84,-9.78
51.654,37.02,-37.02,-9.54
51.693,36.66,-37.62,-9.48
51.733,37.559998,-37.26,-10.08
51.754,37.8,-36.899998,-10.2
51.794,37.8,-36.54,-9.78
51.833,37.44,-36.48,-10.0199995
51.853,36.899998,-36.719997,-10.08
51.892,36.54,-36.48,-9.9
51.934,36.78,-36.6,-10.139999
51.952,36.78,-37.44,-10.0199995
51.994,36.84,-37.62,-10.08
52.032,37.92,-37.14,-9.42
52.053,37.86,-37.5,-9.3
52.096,37.8,-37.68,-9.599999
52.132,37.62,-37.739998,-9.66
52.152,37.26,-37.559998,-9.42
52.193,36.78,-37.44,-9.3
52.233,36.899998,-37.079998,-9.3
52.273,37.5,-36.899998,-10.0199995
52.295,37.32,-36.6,-9.66
52.333,37.559998,-36.54,-9.36
52.374,37.02,-37.44,-9.48
52.392,36.96,-37.38,-9.66
52.433,36.899998,-37.559998,-9.9
52.474,36.42,-37.2,-9.84
52.493,36.6,-36.6,-9.9
52.535,36.84,-37.079998,-10.74
52.573,37.02,-37.38,-10.32
52.593,36.78,-36.899998,-9.66
52.633,36.96,-36.899998,-9.96
52.674,37.5,-36.719997,-10.08
52.694,37.68,-37.14,-10.139999
52.733,37.44,-37.32,-9.42
52.774,36.239998,-37.26,-8.88
52.792,36.18,-37.02,-9.36
52.833,36.54,-37.38,-9.36
52.874,36.96,-37.14,-9.78
52.894,37.079998,-37.2,-10.139999
52.934,37.26,-37.2,-10.08
52.972,37.079998,-36.84,-10.0199995
52.992,37.38,-36.6,-9.9
53.032,36.84,-37.14,-9.719999
53.072,36.36,-37.079998,-9.36
53.093,36.36,-36.84,-9.24
53.133,36.6,-37.02,-9.059999
53.172,36.66,-37.38,-9.179999
53.212,37.02,-37.32,-9.599999
53.232,36.84,-36.719997,-9.48
53.273,37.079998,-35.94,-9.9
53.313,37.02,-36.96,-9.0
53.332,36.6,-37.14,-9.36
53.373,36.899998,-36.54,-9.36
53.412,37.02,-36.36,-9.599999
53.433,36.96,-36.719997,-9.78
53.474,37.079998,-37.68,-8.88
53.513,37.26,-37.079998,-8.46
53.532,37.68,-36.719997,-8.76
53.573,37.98,-36.84,-9.36
53.612,37.559998,-36.6,-9.78
53.632,37.02,-36.36,-9.78
53.674,36.42,-36.12,-9.78
53.713,36.96,-36.899998,-8.88
53.732,37.2,-37.14,-8.58
53.772,37.2,-37.92,-8.94
53.812,36.84,-36.78,-9.179999
53.832,36.54,-36.42,-9.36
53.872,36.42,-36.96,-8.88
53.914,36.36,-37.14,-9.78
53.952,36.239998,-36.6,-10.08
53.972,36.78,-36.48,-10.0199995
54.013,37.38,-36.96,-9.96
54.051,37.5,-37.2,-9.66
54.072,37.26,-36.84,-9.3
54.112,37.5,-36.899998,-9.0
54.152,36.66,-36.78,-9.179999
54.172,36.719997,-36.54,-9.12
54.214,36.78,-36.78,-9.54
54.252,36.719997,-37.079998,-10.0199995
54.273,36.719997,-37.02,-9.24
54.312,37.32,-37.26,-9.059999
54.354,37.559998,-37.32,-9.179999
54.373,37.38,-37.38,-9.599999
54.412,37.26,-37.5,-9.599999
54.452,36.719997,-36.6,-9.36
54.472,36.3,-36.719997,-9.66
54.512,36.54,-37.2,-9.48
54.552,37.26,-37.32,-9.3
54.574,37.32,-37.44,-9.54
54.612,36.719997,-37.2,-10.0199995
54.652,35.94,-37.38,-9.12
54.672,36.239998,-37.44,-9.24
54.713,37.26,-37.079998,-9.24
54.752,36.96,-37.02,-9.24
54.792,36.66,-36.719997,-9.24
54.813,36.6,-36.66,-9.059999
54.852,37.68,-36.84,-9.24
54.893,37.62,-37.079998,-9.48
54.913,37.2,-37.32,-9.599999
54.952,37.14,-37.02,-10.139999
54.992,37.14,-37.02,-10.26
55.012,37.32,-37.2,-9.96
55.052,36.42,-36.899998,-9.9
55.091,36.54,-36.96,-9.78
55.112,36.42,-37.38,-9.599999
55.153,36.719997,-37.2,-9.719999
55.194,36.719997,-36.42,-10.26
55.213,36.42,-36.42,-9.78
55.253,36.78,-36.3,-9.84
55.296,36.719997,-37.02,-10.08
55.315,36.42,-36.96,-10.2
55.354,36.36,-36.78,-9.66
55.394,36.48,-36.78,-9.48
55.416,36.36,-37.02,-9.0
55.453,36.3,-37.739998,-8.58
55.494,36.48,-37.38,-8.94
55.515,37.14,-36.899998,-9.48
55.554,37.26,-36.719997,-10.08
55.594,36.96,-36.66,-10.2
55.614,36.78,-37.02,-10.08
55.656,37.079998,-37.02,-10.32
55.694,36.899998,-37.2,-10.86
55.714,37.26,-37.02,-10.62
55.753,37.32,-36.48,-10.679999
55.794,36.899998,-36.78,-10.38
55.834,36.719997,-37.739998,-9.78
55.854,37.079998,-38.04,-9.719999
55.893,37.32,-38.64,-9.42
55.935,37.62,-38.1,-9.48
55.954,37.5,-38.34,-9.179999
55.993,37.8,-37.92,-9.42
56.032,37.8,-37.2,-9.9
56.053,37.62,-36.6,-9.78
56.092,38.16,-36.54,-9.96
56.133,37.5,-36.78,-10.08
56.155,37.26,-36.66,-10.08
56.194,37.44,-36.66,-9.78
56.234,37.44,-36.36,-9.9
56.255,37.14,-36.36,-10.08
56.293,37.32,-35.94,-9.78
56.334,36.78,-36.42,-9.96
56.353,36.54,-36.48,-10.0199995
56.393,36.899998,-36.36,-10.08
56.433,37.02,-36.42,-9.96
56.473,37.079998,-36.42,-10.32
56.494,37.02,-36.54,-9.9
56.533,37.079998,-36.96,-9.42
56.573,37.079998,-36.899998,-9.12
56.593,37.32,-36.84,-8.94
56.632,37.2,-36.48,-8.46
56.674,36.84,-36.84,-9.24
56.694,36.48,-36.84,-9.24
56.735,37.2,-36.719997,-9.599999
56.773,38.34,-36.96,-9.24
56.794,37.68,-37.14,-9.0
56.833,37.14,-36.42,-9.42
56.875,37.32,-36.239998,-10.32
56.894,37.32,-36.239998,-10.26
56.933,37.079998,-36.78,-9.3
56.974,36.6,-37.2,-9.059999
56.993,36.48,-37.14,-9.66
57.032,36.66,-36.84,-9.54
57.073,36.78,-36.66,-9.179999
57.094,36.78,-36.719997,-9.3
57.132,36.78,-36.66,-9.36
57.172,36.66,-36.78,-8.58
57.193,36.48,-36.899998,-8.34
57.232,36.36,-36.84,-8.88
57.274,36.54,-35.94,-9.0
57.294,36.42,-35.94,-9.3
57.334,36.719997,-36.059998,-10.0199995
57.374,37.02,-36.36,-9.719999
57.394,37.44,-36.42,-9.48
57.433,36.78,-36.899998,-9.84
57.473,36.78,-36.899998,-9.599999
57.513,36.899998,-36.66,-8.46
57.533,36.899998,-36.6,-8.76
57.573,37.32,-37.02,-9.96
57.613,37.5,-37.2,-10.08
57.633,37.2,-37.079998,-10.08
57.674,36.719997,-36.54,-9.54
57.714,36.96,-36.84,-8.94
57.732,36.78,-36.48,-9.0
57.773,37.02,-36.54,-9.12
57.813,37.14,-36.78,-9.0
57.832,36.899998,-37.079998,-9.24
57.873,36.66,-36.3,-9.24
57.913,36.719997,-35.76,-9.48
57.933,36.6,-36.3,-9.54
57.974,36.66,-35.82,-9.66
58.012,37.14,-36.12,-8.76
58.032,37.26,-36.18,-8.88
58.072,37.14,-35.88,-8.5199995
58.113,36.719997,-36.12,-8.34
58.133,36.18,-36.42,-9.42
58.173,36.78,-36.3,-9.3
58.213,37.2,-36.899998,-9.24
58.253,37.02,-37.44,-9.3
58.273,37.079998,-37.62,-9.599999
58.314,37.2,-37.559998,-9.54
58.353,36.96,-36.96,-10.0199995
58.373,36.96,-36.96,-10.0199995
58.413,37.2,-37.02,-9.24
58.452,37.2,-36.48,-8.34
58.473,37.26,-36.36,-8.639999
58.513,37.2,-36.6,-9.54
58.553,36.84,-36.66,-9.42
58.573,36.66,-36.3,-9.24
58.613,36.12,-36.239998,-9.36
58.653,35.64,-36.899998,-9.36
58.673,36.0,-36.78,-9.9
58.713,36.36,-37.14,-9.66
58.752,36.6,-36.66,-10.08
58.773,36.42,-36.66,-10.2
58.814,36.719997,-36.719997,-9.599999
58.852,37.02,-36.96,-8.7
58.873,36.78,-36.899998,-8.82
58.913,36.78,-36.42,-9.24
58.952,36.42,-36.899998,-9.42
58.992,36.66,-36.42,-9.78
59.012,36.18,-36.0,-9.42
59.052,36.6,-36.059998,-9.0
59.092,36.3,-36.48,-9.66
59.112,36.3,-36.12,-9.96
59.154,36.48,-37.079998,-9.9
59.194,36.6,-37.14,-9.66
59.214,36.66,-36.84,-9.36
59.253,36.719997,-36.899998,-9.54
59.293,36.78,-37.5,-9.599999
59.316,36.96,-37.44,-9.9
59.353,37.2,-37.02,-9.42
59.393,37.68,-36.78,-9.719999
59.412,37.26,-37.02,-9.42
59.452,36.66,-36.54,-9.84
59.493,37.2,-36.36,-9.42
59.514,37.38,-36.239998,-9.9
59.554,37.079998,-36.3,-10.08
59.593,36.36,-36.0,-10.2
59.615,36.42,-36.36,-10.08
59.653,36.3,-36.48,-10.5
59.693,36.3,-36.36,-9.9
59.713,36.719997,-36.48,-9.42
59.754,37.02,-36.96,-9.54
59.793,37.02,-37.02,-9.36
59.813,36.239998,-37.02,-9.42
59.853,35.88,-36.96,-8.76
59.893,36.899998,-36.6,-8.099999
59.933,37.62,-36.719997,-8.76
59.952,37.62,-36.78,-9.179999
59.992,36.899998,-36.36,-9.24
