timestamp,x,y,z
00.004,0.045491222,-0.679974,9.562734
00.024,0.045491222,-0.66321415,9.557945
00.065,0.047885496,-0.69194543,9.569917
00.094,0.045491222,-0.67757976,9.574705
00.125,0.0670397,-0.67757976,9.57231
00.164,0.057462595,-0.67279124,9.577099
00.193,0.057462595,-0.6895511,9.565128
00.226,0.05027977,-0.65842557,9.581888
00.264,0.05506832,-0.66800267,9.574705
00.304,0.05985687,-0.65363705,9.567522
00.333,0.071828246,-0.6847626,9.57231
00.363,0.05027977,-0.65842557,9.565128
00.406,0.05985687,-0.66800267,9.560339
00.433,0.0670397,-0.67279124,9.584282
00.465,0.05985687,-0.66800267,9.57231
00.505,0.052674048,-0.66321415,9.565128
00.530,0.052674048,-0.68236834,9.581888
00.563,0.07422252,-0.6751855,9.577099
00.605,0.045491222,-0.66800267,9.560339
00.633,0.05027977,-0.68236834,9.555551
00.669,0.047885496,-0.6656084,9.565128
00.704,0.04070267,-0.6895511,9.57231
00.733,0.047885496,-0.67279124,9.565128
00.766,0.05506832,-0.6703969,9.57231
00.804,0.08619389,-0.68236834,9.562734
00.832,0.031125572,-0.679974,9.5794935
00.873,0.05985687,-0.67757976,9.567522
00.903,0.05506832,-0.6560313,9.574705
00.933,0.04070267,-0.6847626,9.550762
00.972,0.057462595,-0.6895511,9.562734
01.004,0.052674048,-0.6703969,9.574705
01.033,0.0670397,-0.679974,9.586677
01.074,0.0670397,-0.67279124,9.565128
01.105,0.06464542,-0.6847626,9.574705
01.144,0.05506832,-0.6751855,9.586677
01.173,0.04070267,-0.679974,9.57231
01.204,0.05985687,-0.68236834,9.557945
01.244,0.062251143,-0.6703969,9.560339
01.272,0.043096945,-0.6751855,9.550762
01.305,0.038308397,-0.6751855,9.557945
01.344,0.05985687,-0.6751855,9.581888
01.373,0.06464542,-0.679974,9.591465
01.404,0.07422252,-0.68236834,9.5794935
01.444,0.052674048,-0.66800267,9.574705
01.473,0.062251143,-0.679974,9.584282
01.504,0.05027977,-0.69673395,9.543579
01.544,0.047885496,-0.6943397,9.57231
01.573,0.062251143,-0.67757976,9.574705
01.604,0.047885496,-0.6943397,9.565128
01.643,0.05985687,-0.67279124,9.560339
01.672,0.076616794,-0.66321415,9.581888
01.705,0.071828246,-0.6703969,9.574705
01.743,0.043096945,-0.6847626,9.577099
01.772,0.05506832,-0.69194543,9.567522
01.812,0.047885496,-0.6608198,9.565128
01.846,0.057462595,-0.68715686,9.565128
01.872,0.04070267,-0.6895511,9.584282
01.912,0.057462595,-0.68236834,9.5794935
01.944,0.0670397,-0.66800267,9.567522
01.974,0.05506832,-0.6751855,9.574705
02.014,0.047885496,-0.6703969,9.555551
02.046,0.0670397,-0.68715686,9.581888
02.084,0.05027977,-0.68236834,9.560339
02.114,0.043096945,-0.66321415,9.57231
02.143,0.057462595,-0.67757976,9.565128
02.175,0.035914123,-0.6656084,9.569917
02.210,0.057462595,-0.6703969,9.577099
02.244,0.05506832,-0.66321415,9.562734
02.283,0.057462595,-0.68236834,9.569917
02.312,0.05027977,-0.68715686,9.584282
02.343,0.05027977,-0.66800267,9.555551
02.384,0.05506832,-0.6656084,9.57231
02.413,0.05027977,-0.66800267,9.581888
02.444,0.04070267,-0.679974,9.57231
02.485,0.057462595,-0.68236834,9.562734
02.514,0.057462595,-0.6703969,9.574705
02.545,0.043096945,-0.679974,9.557945
02.584,0.05985687,-0.6656084,9.567522
02.613,0.05506832,-0.6703969,9.565128
02.654,0.062251143,-0.6751855,9.569917
02.685,0.052674048,-0.679974,9.57231
02.714,0.06464542,-0.6847626,9.569917
02.753,0.057462595,-0.67757976,9.557945
02.785,0.05027977,-0.6847626,9.581888
02.813,0.05506832,-0.67279124,9.562734
02.853,0.047885496,-0.679974,9.553157
02.887,0.04070267,-0.6751855,9.562734
02.924,0.057462595,-0.6847626,9.586677
02.953,0.062251143,-0.67757976,9.567522
02.984,0.06943397,-0.67279124,9.57231
03.025,0.052674048,-0.6560313,9.553157
03.053,0.05027977,-0.6751855,9.581888
03.085,0.071828246,-0.6656084,9.596253
03.124,0.057462595,-0.6751855,9.57231
03.153,0.05506832,-0.6703969,9.555551
03.184,0.043096945,-0.68236834,9.560339
03.224,0.043096945,-0.67279124,9.567522
03.253,0.057462595,-0.6751855,9.565128
03.286,0.043096945,-0.67279124,9.577099
03.325,0.04070267,-0.67757976,9.553157
03.356,0.045491222,-0.6703969,9.593859
03.384,0.05027977,-0.68236834,9.574705
03.424,0.05985687,-0.66321415,9.565128
03.454,0.05027977,-0.66321415,9.5794935
03.493,0.038308397,-0.67279124,9.574705
03.524,0.045491222,-0.67279124,9.5794935
03.554,0.05985687,-0.6608198,9.562734
03.586,0.047885496,-0.679974,9.562734
03.625,0.05027977,-0.6847626,9.577099
03.654,0.043096945,-0.67757976,9.574705
03.693,0.05985687,-0.66321415,9.569917
03.725,0.0670397,-0.66800267,9.550762
03.764,0.05027977,-0.67757976,9.565128
03.793,0.038308397,-0.6703969,9.574705
03.825,0.07422252,-0.67279124,9.584282
03.868,0.05506832,-0.67279124,9.565128
03.892,0.047885496,-0.6703969,9.574705
03.924,0.05506832,-0.6560313,9.567522
03.963,0.05985687,-0.67279124,9.57231
03.992,0.05027977,-0.67757976,9.574705
04.024,0.062251143,-0.67757976,9.567522
04.065,0.045491222,-0.67757976,9.562734
04.093,0.052674048,-0.6751855,9.567522
04.125,0.052674048,-0.6703969,9.562734
04.165,0.047885496,-0.67757976,9.574705
04.193,0.04070267,-0.6751855,9.569917
04.225,0.045491222,-0.66321415,9.569917
04.265,0.0670397,-0.66321415,9.560339
04.293,0.05985687,-0.6751855,9.5794935
04.325,0.05027977,-0.67279124,9.57231
04.366,0.052674048,-0.6560313,9.565128
04.393,0.05027977,-0.66800267,9.574705
04.434,0.071828246,-0.679974,9.560339
04.464,0.057462595,-0.66800267,9.567522
04.504,0.0670397,-0.66321415,9.557945
04.532,0.026337024,-0.67757976,9.536397
04.564,0.03351985,-0.6895511,9.567522
04.594,0.06464542,-0.67757976,9.5794935
04.633,0.062251143,-0.68715686,9.569917
04.664,0.045491222,-0.68236834,9.562734
04.706,0.05027977,-0.67279124,9.574705
04.734,0.038308397,-0.68715686,9.567522
04.765,0.052674048,-0.65124273,9.565128
04.804,0.057462595,-0.6751855,9.567522
04.833,0.045491222,-0.679974,9.567522
04.863,0.057462595,-0.67757976,9.562734
04.904,0.062251143,-0.679974,9.569917
04.932,0.04070267,-0.6656084,9.57231
04.972,0.047885496,-0.6751855,9.57231
05.004,0.05985687,-0.65842557,9.569917
05.034,0.047885496,-0.66800267,9.569917
05.066,0.057462595,-0.66800267,9.577099
05.106,0.052674048,-0.66321415,9.560339
05.133,0.06464542,-0.679974,9.565128
05.166,0.06943397,-0.68236834,9.574705
05.205,0.052674048,-0.67279124,9.562734
05.234,0.038308397,-0.6703969,9.562734
05.267,0.047885496,-0.6895511,9.577099
05.305,0.05027977,-0.67757976,9.560339
05.333,0.05985687,-0.68236834,9.565128
05.367,0.05027977,-0.67279124,9.57231
05.405,0.057462595,-0.6703969,9.57231
05.434,0.05985687,-0.6847626,9.550762
05.473,0.0670397,-0.679974,9.557945
05.505,0.047885496,-0.679974,9.565128
05.538,0.035914123,-0.6608198,9.574705
05.572,0.035914123,-0.68715686,9.565128
05.606,0.0670397,-0.66800267,9.581888
05.646,0.05985687,-0.65363705,9.560339
05.673,0.043096945,-0.66321415,9.545974
05.703,0.05027977,-0.6703969,9.574705
05.743,0.043096945,-0.66800267,9.569917
05.772,0.062251143,-0.67757976,9.567522
05.810,0.052674048,-0.6751855,9.57231
05.845,0.043096945,-0.6751855,9.581888
05.873,0.038308397,-0.679974,9.557945
05.912,0.062251143,-0.67757976,9.565128
05.943,0.05506832,-0.6703969,9.574705
05.974,0.05027977,-0.679974,9.586677
06.012,0.052674048,-0.69194543,9.560339
06.043,0.06464542,-0.66800267,9.565128
06.073,0.052674048,-0.65842557,9.567522
06.114,0.04070267,-0.68236834,9.577099
06.145,0.04070267,-0.6895511,9.557945
06.174,0.057462595,-0.6847626,9.565128
06.214,0.05027977,-0.66321415,9.555551
06.244,0.062251143,-0.67757976,9.565128
06.285,0.052674048,-0.68715686,9.557945
06.313,0.023942748,-0.67279124,9.569917
06.345,0.047885496,-0.65842557,9.569917
06.386,0.06464542,-0.6608198,9.5794935
06.413,0.052674048,-0.6608198,9.577099
06.445,0.0670397,-0.6751855,9.565128
06.485,0.062251143,-0.6703969,9.569917
06.514,0.05985687,-0.6656084,9.555551
06.544,0.047885496,-0.68236834,9.581888
06.584,0.05027977,-0.6751855,9.560339
06.613,0.062251143,-0.6560313,9.57231
06.644,0.047885496,-0.6703969,9.569917
06.684,0.05027977,-0.68236834,9.5794935
06.714,0.043096945,-0.6703969,9.57231
06.744,0.04070267,-0.66800267,9.562734
06.784,0.03351985,-0.69194543,9.581888
06.813,0.0670397,-0.6656084,9.567522
06.854,0.076616794,-0.67757976,9.574705
06.884,0.05506832,-0.67757976,9.569917
06.912,0.05985687,-0.6703969,9.565128
06.952,0.05027977,-0.6656084,9.565128
06.983,0.06464542,-0.66800267,9.562734
07.013,0.057462595,-0.7015225,9.584282
07.053,0.045491222,-0.67279124,9.567522
07.085,0.045491222,-0.68236834,9.57231
07.124,0.06943397,-0.7039168,9.569917
07.156,0.062251143,-0.67279124,9.574705
07.184,0.04070267,-0.6847626,9.57231
07.223,0.04070267,-0.66800267,9.555551
07.252,0.043096945,-0.6751855,9.586677
07.283,0.045491222,-0.6703969,9.569917
07.323,0.057462595,-0.69673395,9.565128
07.353,0.035914123,-0.67279124,9.577099
07.385,0.0670397,-0.67279124,9.57231
07.426,0.052674048,-0.6751855,9.567522
07.453,0.083799616,-0.6560313,9.5483675
07.484,0.03351985,-0.67279124,9.569917
07.524,0.05506832,-0.679974,9.569917
07.554,0.0670397,-0.679974,9.5794935
07.585,0.052674048,-0.68715686,9.581888
07.624,0.038308397,-0.6703969,9.567522
07.653,0.04070267,-0.67279124,9.560339
07.694,0.05027977,-0.6656084,9.57231
07.725,0.05506832,-0.6751855,9.557945
07.754,0.0670397,-0.6847626,9.565128
07.793,0.05506832,-0.6847626,9.565128
07.824,0.062251143,-0.67279124,9.5794935
07.864,0.05506832,-0.679974,9.581888
07.892,0.04070267,-0.6943397,9.57231
07.923,0.062251143,-0.6751855,9.567522
07.963,0.057462595,-0.67279124,9.562734
07.992,0.062251143,-0.6751855,9.57231
08.024,0.052674048,-0.66800267,9.567522
08.065,0.06464542,-0.6656084,9.569917
08.093,0.06464542,-0.68236834,9.557945
08.126,0.04070267,-0.68715686,9.569917
08.164,0.052674048,-0.6703969,9.565128
08.193,0.06943397,-0.66800267,9.555551
08.224,0.05506832,-0.679974,9.5794935
08.265,0.047885496,-0.66800267,9.562734
08.293,0.05027977,-0.68236834,9.560339
08.325,0.07422252,-0.66800267,9.567522
08.364,0.05027977,-0.6751855,9.569917
08.394,0.05027977,-0.6751855,9.574705
08.424,0.047885496,-0.66321415,9.569917
08.463,0.047885496,-0.66800267,9.577099
08.493,0.05027977,-0.67757976,9.57231
08.533,0.052674048,-0.6751855,9.574705
08.565,0.038308397,-0.67279124,9.577099
08.593,0.031125572,-0.67279124,9.567522
08.633,0.0670397,-0.6847626,9.581888
08.664,0.045491222,-0.66800267,9.553157
08.693,0.05506832,-0.6656084,9.5794935
08.733,0.062251143,-0.6656084,9.557945
08.764,0.043096945,-0.66321415,9.560339
08.804,0.05027977,-0.6895511,9.569917
08.833,0.05027977,-0.6895511,9.565128
08.865,0.062251143,-0.66800267,9.565128
08.905,0.047885496,-0.68236834,9.569917
08.932,0.052674048,-0.6656084,9.557945
08.963,0.04070267,-0.6751855,9.577099
09.003,0.05027977,-0.6751855,9.567522
09.033,0.05985687,-0.6751855,9.577099
09.064,0.045491222,-0.67279124,9.586677
09.105,0.057462595,-0.6703969,9.557945
09.133,0.0670397,-0.66800267,9.562734
09.174,0.047885496,-0.679974,9.569917
09.206,0.052674048,-0.67279124,9.57231
09.234,0.045491222,-0.68236834,9.562734
09.265,0.057462595,-0.6703969,9.567522
09.305,0.043096945,-0.6751855,9.574705
09.334,0.057462595,-0.6847626,9.569917
09.365,0.06464542,-0.66800267,9.567522
09.406,0.047885496,-0.6751855,9.574705
09.434,0.04070267,-0.6656084,9.555551
09.473,0.05985687,-0.6751855,9.567522
09.506,0.05027977,-0.6656084,9.560339
09.534,0.043096945,-0.6895511,9.586677
09.574,0.06464542,-0.6656084,9.557945
09.606,0.045491222,-0.6703969,9.565128
09.634,0.05985687,-0.6703969,9.565128
09.674,0.0670397,-0.6703969,9.562734
09.706,0.05027977,-0.67757976,9.577099
09.735,0.05985687,-0.6703969,9.581888
09.774,0.05506832,-0.6656084,9.560339
09.804,0.043096945,-0.66321415,9.5483675
09.836,0.057462595,-0.65842557,9.560339
09.874,0.05506832,-0.66800267,9.574705
09.906,0.047885496,-0.68236834,9.567522
09.946,0.06943397,-0.6847626,9.567522
09.973,0.047885496,-0.68236834,9.574705
10.005,0.038308397,-0.679974,9.560339
10.045,0.05506832,-0.66800267,9.560339
10.076,0.047885496,-0.679974,9.574705
10.108,0.047885496,-0.68236834,9.574705
10.147,0.043096945,-0.679974,9.569917
10.178,0.052674048,-0.6943397,9.567522
10.206,0.05027977,-0.6751855,9.567522
10.246,0.05506832,-0.68236834,9.560339
10.275,0.043096945,-0.67757976,9.574705
10.307,0.06464542,-0.68236834,9.555551
10.347,0.05027977,-0.6751855,9.562734
10.376,0.038308397,-0.6847626,9.574705
10.407,0.06943397,-0.67757976,9.586677
10.446,0.035914123,-0.6751855,9.574705
10.475,0.045491222,-0.679974,9.567522
10.508,0.045491222,-0.67757976,9.577099
10.546,0.043096945,-0.67279124,9.567522
10.575,0.052674048,-0.66800267,9.569917
10.615,0.043096945,-0.6608198,9.565128
10.646,0.047885496,-0.6703969,9.555551
10.686,0.06464542,-0.67279124,9.5794935
10.715,0.05506832,-0.6943397,9.574705
10.746,0.057462595,-0.68236834,9.569917
10.786,0.028731298,-0.679974,9.577099
10.814,0.057462595,-0.66800267,9.5794935
10.846,0.043096945,-0.67279124,9.574705
10.888,0.06464542,-0.679974,9.567522
10.914,0.04070267,-0.6847626,9.569917
10.945,0.05027977,-0.6751855,9.567522
10.986,0.062251143,-0.679974,9.569917
11.015,0.062251143,-0.68236834,9.550762
11.046,0.05027977,-0.66800267,9.545974
11.087,0.057462595,-0.65363705,9.557945
11.116,0.0670397,-0.67757976,9.567522
11.147,0.043096945,-0.6847626,9.567522
11.188,0.05027977,-0.67279124,9.560339
11.217,0.05506832,-0.6703969,9.553157
11.247,0.071828246,-0.66800267,9.574705
11.287,0.045491222,-0.6703969,9.581888
11.317,0.052674048,-0.6847626,9.581888
11.356,0.06464542,-0.6656084,9.565128
11.389,0.05027977,-0.65842557,9.562734
11.417,0.047885496,-0.67279124,9.567522
11.448,0.05506832,-0.6847626,9.5794935
11.488,0.062251143,-0.66321415,9.562734
11.516,0.043096945,-0.6703969,9.560339
11.556,0.045491222,-0.67757976,9.555551
11.587,0.05027977,-0.6656084,9.57231
11.616,0.05027977,-0.6703969,9.565128
11.657,0.04070267,-0.67279124,9.536397
11.686,0.05985687,-0.6703969,9.57231
11.717,0.05985687,-0.6703969,9.5794935
11.756,0.0670397,-0.67279124,9.586677
11.790,0.05985687,-0.68236834,9.567522
11.823,0.05027977,-0.67757976,9.562734
11.855,0.043096945,-0.6656084,9.5794935
11.886,0.05985687,-0.68715686,9.562734
11.927,0.045491222,-0.66800267,9.584282
11.955,0.05027977,-0.68715686,9.584282
11.986,0.05506832,-0.6703969,9.560339
12.027,0.071828246,-0.6751855,9.577099
12.058,0.05506832,-0.6751855,9.562734
12.089,0.04070267,-0.69673395,9.550762
12.129,0.05027977,-0.67279124,9.57231
12.156,0.047885496,-0.6943397,9.562734
12.192,0.047885496,-0.67757976,9.562734
12.227,0.047885496,-0.67757976,9.557945
12.266,0.05027977,-0.67757976,9.567522
12.294,0.05506832,-0.6703969,9.560339
12.326,0.05027977,-0.67279124,9.57231
12.356,0.052674048,-0.66800267,9.553157
12.389,0.05985687,-0.6656084,9.545974
12.426,0.043096945,-0.67279124,9.57231
12.457,0.043096945,-0.66800267,9.569917
12.496,0.05985687,-0.679974,9.57231
12.527,0.05506832,-0.6751855,9.567522
12.568,0.035914123,-0.67279124,9.560339
12.597,0.052674048,-0.68236834,9.569917
12.628,0.057462595,-0.7015225,9.57231
12.658,0.04070267,-0.67757976,9.565128
12.696,0.05985687,-0.67279124,9.569917
12.727,0.0670397,-0.6895511,9.586677
12.768,0.05506832,-0.6847626,9.5794935
12.797,0.047885496,-0.6895511,9.565128
12.826,0.057462595,-0.68236834,9.562734
12.868,0.06943397,-0.6751855,9.574705
12.896,0.062251143,-0.67279124,9.574705
12.927,0.047885496,-0.68236834,9.574705
12.966,0.052674048,-0.6608198,9.577099
12.995,0.035914123,-0.6703969,9.581888
13.035,0.06464542,-0.67279124,9.58907
13.068,0.057462595,-0.67757976,9.565128
13.096,0.05027977,-0.66800267,9.550762
13.136,0.06943397,-0.68236834,9.581888
13.167,0.052674048,-0.67279124,9.557945
13.196,0.026337024,-0.67279124,9.562734
13.236,0.05506832,-0.66800267,9.565128
13.268,0.05506832,-0.67279124,9.567522
13.296,0.06464542,-0.67757976,9.553157
13.336,0.045491222,-0.66800267,9.569917
13.369,0.057462595,-0.6608198,9.562734
13.397,0.045491222,-0.6847626,9.565128
13.436,0.038308397,-0.6608198,9.562734
13.469,0.05506832,-0.67279124,9.58907
13.508,0.071828246,-0.6847626,9.569917
13.536,0.06464542,-0.66800267,9.577099
13.567,0.05985687,-0.6751855,9.562734
13.608,0.052674048,-0.6751855,9.574705
13.636,0.05985687,-0.6751855,9.57231
13.668,0.05027977,-0.6751855,9.5794935
13.708,0.05027977,-0.679974,9.562734
13.737,0.05506832,-0.6608198,9.562734
13.768,0.062251143,-0.6751855,9.581888
13.809,0.062251143,-0.68715686,9.569917
13.836,0.062251143,-0.6751855,9.565128
13.868,0.052674048,-0.6895511,9.567522
13.901,0.045491222,-0.679974,9.581888
13.935,0.052674048,-0.67757976,9.567522
13.975,0.05506832,-0.66800267,9.560339
14.006,0.06464542,-0.66800267,9.560339
14.036,0.05985687,-0.68715686,9.569917
14.077,0.05506832,-0.65124273,9.577099
14.107,0.05506832,-0.679974,9.553157
14.136,0.05985687,-0.6703969,9.57231
14.176,0.05506832,-0.67279124,9.57231
14.207,0.05985687,-0.66321415,9.562734
14.248,0.071828246,-0.6847626,9.5794935
14.276,0.05985687,-0.7015225,9.57231
14.307,0.057462595,-0.679974,9.567522
14.347,0.05506832,-0.6751855,9.577099
14.376,0.05506832,-0.67757976,9.577099
14.407,0.04070267,-0.67757976,9.569917
14.448,0.05985687,-0.67757976,9.567522
14.474,0.05506832,-0.66800267,9.574705
14.507,0.038308397,-0.6895511,9.567522
14.548,0.06943397,-0.65124273,9.562734
14.576,0.045491222,-0.68715686,9.565128
14.609,0.05985687,-0.6847626,9.57231
14.648,0.045491222,-0.6895511,9.57231
14.676,0.057462595,-0.67279124,9.557945
14.709,0.05506832,-0.68236834,9.577099
14.748,0.057462595,-0.6656084,9.550762
14.775,0.05027977,-0.69673395,9.555551
14.815,0.05506832,-0.6656084,9.557945
14.847,0.062251143,-0.68715686,9.569917
14.888,0.043096945,-0.69673395,9.577099
14.916,0.043096945,-0.6560313,9.574705
14.945,0.0670397,-0.6656084,9.567522
14.986,0.047885496,-0.67757976,9.57231
15.016,0.045491222,-0.66800267,9.562734
15.047,0.06943397,-0.67279124,9.577099
15.088,0.05027977,-0.68236834,9.584282
15.116,0.057462595,-0.6847626,9.565128
15.148,0.06943397,-0.66800267,9.57231
15.187,0.05985687,-0.6703969,9.562734
15.216,0.04070267,-0.679974,9.569917
15.248,0.05985687,-0.66800267,9.565128
15.287,0.057462595,-0.6751855,9.562734
15.319,0.05506832,-0.6656084,9.543579
15.348,0.0670397,-0.6751855,9.562734
15.387,0.06464542,-0.6751855,9.569917
15.416,0.04070267,-0.6751855,9.557945
15.447,0.0670397,-0.66800267,9.569917
15.487,0.05027977,-0.6751855,9.555551
15.517,0.052674048,-0.6847626,9.557945
15.555,0.057462595,-0.6751855,9.550762
15.589,0.062251143,-0.67757976,9.584282
15.616,0.05985687,-0.67279124,9.567522
15.648,0.057462595,-0.6847626,9.567522
15.688,0.0670397,-0.6703969,9.553157
15.716,0.047885496,-0.67757976,9.574705
15.756,0.05027977,-0.68236834,9.562734
15.786,0.043096945,-0.6751855,9.545974
15.829,0.05985687,-0.6703969,9.565128
15.856,0.05985687,-0.6751855,9.574705
15.888,0.057462595,-0.6703969,9.557945
15.926,0.052674048,-0.68236834,9.574705
15.954,0.04070267,-0.6608198,9.562734
15.987,0.05027977,-0.6608198,9.565128
16.018,0.045491222,-0.6751855,9.574705
16.055,0.043096945,-0.6847626,9.562734
16.087,0.047885496,-0.67757976,9.57231
16.127,0.047885496,-0.67279124,9.560339
16.156,0.043096945,-0.6608198,9.567522
16.187,0.05027977,-0.67279124,9.577099
16.227,0.038308397,-0.66321415,9.581888
16.255,0.05506832,-0.68236834,9.584282
16.288,0.057462595,-0.6751855,9.567522
16.326,0.052674048,-0.67757976,9.57231
16.356,0.05985687,-0.67757976,9.584282
16.388,0.045491222,-0.68715686,9.565128
16.428,0.038308397,-0.6656084,9.565128
16.456,0.0670397,-0.67279124,9.565128
16.496,0.057462595,-0.6751855,9.574705
16.528,0.05985687,-0.6847626,9.557945
16.567,0.057462595,-0.66800267,9.560339
16.595,0.076616794,-0.67279124,9.57231
16.628,0.062251143,-0.68715686,9.57231
16.656,0.052674048,-0.6751855,9.565128
16.695,0.062251143,-0.6751855,9.567522
16.727,0.052674048,-0.69194543,9.5794935
16.768,0.045491222,-0.6847626,9.560339
16.796,0.052674048,-0.6703969,9.57231
16.827,0.06464542,-0.6703969,9.569917
16.866,0.06943397,-0.69194543,9.57231
16.895,0.05985687,-0.6751855,9.560339
16.926,0.062251143,-0.67279124,9.567522
16.966,0.057462595,-0.6656084,9.553157
16.995,0.0670397,-0.6751855,9.57231
17.027,0.05027977,-0.6751855,9.567522
17.069,0.047885496,-0.6608198,9.574705
17.097,0.047885496,-0.67279124,9.562734
17.127,0.071828246,-0.6751855,9.557945
17.169,0.062251143,-0.679974,9.574705
17.198,0.043096945,-0.6895511,9.560339
17.228,0.031125572,-0.67279124,9.560339
17.266,0.076616794,-0.6703969,9.560339
17.306,0.062251143,-0.6608198,9.560339
17.335,0.045491222,-0.67757976,9.569917
17.367,0.057462595,-0.68715686,9.565128
17.396,0.043096945,-0.6751855,9.560339
17.436,0.045491222,-0.6703969,9.577099
17.467,0.045491222,-0.67757976,9.574705
17.496,0.06943397,-0.67279124,9.569917
17.535,0.05506832,-0.66321415,9.569917
17.567,0.062251143,-0.66800267,9.565128
17.609,0.062251143,-0.67757976,9.569917
17.636,0.062251143,-0.68236834,9.562734
17.668,0.043096945,-0.69673395,9.577099
17.707,0.0670397,-0.68236834,9.565128
17.737,0.05506832,-0.67279124,9.57231
17.767,0.062251143,-0.6751855,9.581888
17.807,0.052674048,-0.6847626,9.57231
17.836,0.06943397,-0.6656084,9.57231
17.867,0.05985687,-0.6656084,9.569917
17.907,0.062251143,-0.6847626,9.565128
17.936,0.05506832,-0.6703969,9.553157
17.975,0.062251143,-0.66800267,9.581888
18.006,0.05506832,-0.6751855,9.57231
18.035,0.052674048,-0.6656084,9.577099
18.077,0.05506832,-0.66800267,9.560339
18.108,0.047885496,-0.66800267,9.569917
18.137,0.043096945,-0.67279124,9.560339
18.168,0.062251143,-0.6656084,9.574705
18.207,0.06943397,-0.67279124,9.569917
18.236,0.04070267,-0.66321415,9.565128
18.276,0.052674048,-0.6847626,9.581888
18.307,0.0670397,-0.6703969,9.562734
18.336,0.062251143,-0.68236834,9.577099
18.376,0.05985687,-0.65842557,9.553157
18.408,0.0670397,-0.67757976,9.57231
18.447,0.045491222,-0.67757976,9.574705
18.476,0.057462595,-0.65124273,9.565128
18.508,0.062251143,-0.66800267,9.5794935
18.548,0.047885496,-0.6895511,9.577099
18.576,0.052674048,-0.6560313,9.57231
18.607,0.07901107,-0.6703969,9.569917
18.647,0.057462595,-0.6847626,9.5794935
18.677,0.06464542,-0.6751855,9.560339
18.708,0.052674048,-0.6847626,9.560339
18.748,0.062251143,-0.6608198,9.565128
18.777,0.04070267,-0.67279124,9.560339
18.807,0.047885496,-0.67757976,9.57231
18.846,0.05985687,-0.6751855,9.555551
18.875,0.052674048,-0.6656084,9.565128
18.916,0.052674048,-0.67279124,9.565128
18.946,0.047885496,-0.6895511,9.5794935
18.975,0.057462595,-0.66321415,9.584282
19.016,0.06464542,-0.65842557,9.581888
19.048,0.06943397,-0.6703969,9.555551
19.076,0.06464542,-0.65842557,9.569917
19.116,0.057462595,-0.66321415,9.567522
19.147,0.047885496,-0.68715686,9.557945
19.176,0.06464542,-0.66800267,9.557945
19.217,0.05985687,-0.679974,9.557945
19.248,0.052674048,-0.679974,9.569917
19.288,0.047885496,-0.6703969,9.591465
19.317,0.057462595,-0.6751855,9.555551
19.348,0.047885496,-0.65842557,9.567522
19.389,0.047885496,-0.65842557,9.577099
19.417,0.062251143,-0.68236834,9.560339
19.448,0.05506832,-0.67757976,9.584282
19.486,0.052674048,-0.68715686,9.562734
19.515,0.052674048,-0.67279124,9.569917
19.547,0.057462595,-0.67757976,9.57231
19.588,0.05506832,-0.6656084,9.57231
19.616,0.03351985,-0.6751855,9.560339
19.647,0.047885496,-0.67757976,9.57231
19.688,0.045491222,-0.6608198,9.574705
19.716,0.052674048,-0.69194543,9.560339
19.756,0.05985687,-0.66800267,9.5794935
19.787,0.052674048,-0.68236834,9.553157
19.816,0.052674048,-0.6656084,9.57231
19.856,0.047885496,-0.67757976,9.557945
19.887,0.062251143,-0.6751855,9.567522
19.916,0.045491222,-0.6703969,9.569917
19.955,0.038308397,-0.67279124,9.57231
19.988,0.045491222,-0.6656084,9.577099
20.027,0.023942748,-0.6703969,9.584282
20.055,0.047885496,-0.67279124,9.557945
20.087,0.062251143,-0.66800267,9.567522
20.127,0.023942748,-0.6703969,9.567522
20.156,0.05506832,-0.6751855,9.569917
20.188,0.045491222,-0.6703969,9.567522
20.227,0.057462595,-0.68715686,9.574705
20.256,0.05027977,-0.68236834,9.5794935
20.287,0.045491222,-0.6656084,9.577099
20.327,0.052674048,-0.6895511,9.560339
20.356,0.052674048,-0.6703969,9.545974
20.388,0.05027977,-0.67757976,9.569917
20.428,0.04070267,-0.66800267,9.57231
20.455,0.05027977,-0.67279124,9.557945
20.487,0.04070267,-0.6751855,9.560339
20.526,0.05506832,-0.6847626,9.57231
20.557,0.04070267,-0.68236834,9.565128
20.595,0.045491222,-0.6895511,9.574705
20.628,0.05027977,-0.679974,9.586677
20.656,0.07422252,-0.6656084,9.560339
20.696,0.052674048,-0.66800267,9.569917
20.728,0.06464542,-0.679974,9.557945
20.756,0.05027977,-0.67757976,9.567522
20.796,0.057462595,-0.6656084,9.569917
20.826,0.05506832,-0.67757976,9.562734
20.865,0.04070267,-0.66321415,9.562734
20.895,0.045491222,-0.6751855,9.557945
20.926,0.031125572,-0.6656084,9.577099
20.966,0.043096945,-0.68236834,9.553157
20.995,0.05027977,-0.6895511,9.569917
21.027,0.052674048,-0.679974,9.562734
21.067,0.06464542,-0.6656084,9.560339
21.096,0.047885496,-0.66800267,9.574705
21.126,0.03351985,-0.67757976,9.557945
21.167,0.05027977,-0.6656084,9.560339
21.196,0.05027977,-0.6703969,9.5794935
21.228,0.05506832,-0.67279124,9.581888
21.268,0.052674048,-0.6656084,9.574705
21.296,0.057462595,-0.6703969,9.553157
21.327,0.052674048,-0.68236834,9.567522
21.367,0.038308397,-0.68236834,9.574705
21.397,0.05985687,-0.6608198,9.550762
21.435,0.05027977,-0.6608198,9.562734
21.468,0.047885496,-0.6847626,9.5794935
21.496,0.052674048,-0.6847626,9.560339
21.537,0.05506832,-0.68236834,9.569917
21.569,0.047885496,-0.6703969,9.569917
21.597,0.05027977,-0.66800267,9.57231
21.636,0.05985687,-0.6608198,9.562734
21.668,0.057462595,-0.6703969,9.565128
21.697,0.043096945,-0.6703969,9.5794935
21.736,0.05027977,-0.6751855,9.560339
21.767,0.03351985,-0.6656084,9.569917
21.797,0.05027977,-0.68236834,9.581888
21.836,0.05027977,-0.6703969,9.574705
21.869,0.05027977,-0.67757976,9.562734
21.899,0.06464542,-0.67757976,9.541185
21.935,0.047885496,-0.67279124,9.565128
21.967,0.052674048,-0.6751855,9.562734
22.008,0.052674048,-0.68236834,9.562734
22.035,0.045491222,-0.6703969,9.562734
22.066,0.057462595,-0.6895511,9.57231
22.106,0.057462595,-0.679974,9.569917
22.138,0.06464542,-0.6703969,9.567522
22.168,0.06464542,-0.679974,9.567522
22.207,0.05985687,-0.6751855,9.57231
22.235,0.06464542,-0.679974,9.562734
22.275,0.047885496,-0.66321415,9.565128
22.307,0.062251143,-0.6751855,9.574705
22.335,0.0670397,-0.67757976,9.562734
22.375,0.06464542,-0.66321415,9.586677
22.406,0.06464542,-0.6703969,9.565128
22.446,0.052674048,-0.6656084,9.57231
22.476,0.071828246,-0.67279124,9.593859
22.507,0.062251143,-0.6895511,9.5794935
22.537,0.062251143,-0.6656084,9.562734
22.587,0.038308397,-0.6943397,9.555551
22.607,0.045491222,-0.679974,9.562734
22.647,0.05506832,-0.67279124,9.567522
22.676,0.0670397,-0.68236834,9.562734
22.708,0.05027977,-0.6703969,9.577099
22.748,0.047885496,-0.6847626,9.57231
22.776,0.07422252,-0.67279124,9.557945
22.806,0.05985687,-0.679974,9.565128
22.846,0.06943397,-0.6751855,9.557945
22.876,0.045491222,-0.65842557,9.553157
22.909,0.047885496,-0.67757976,9.560339
22.941,0.045491222,-0.6608198,9.560339
22.974,0.05027977,-0.67279124,9.57231
23.014,0.057462595,-0.66800267,9.569917
23.046,0.052674048,-0.67757976,9.553157
23.075,0.05985687,-0.6608198,9.577099
23.108,0.057462595,-0.67279124,9.567522
23.148,0.071828246,-0.6895511,9.557945
23.176,0.05506832,-0.66800267,9.57231
23.216,0.05506832,-0.6751855,9.57231
23.248,0.05506832,-0.66800267,9.591465
23.276,0.052674048,-0.6847626,9.57231
23.317,0.06943397,-0.68236834,9.569917
23.348,0.043096945,-0.6703969,9.567522
23.387,0.035914123,-0.6895511,9.574705
23.416,0.062251143,-0.6703969,9.550762
23.449,0.052674048,-0.67757976,9.577099
23.477,0.06464542,-0.6847626,9.560339
23.517,0.07422252,-0.66800267,9.557945
23.548,0.04070267,-0.6751855,9.57231
23.587,0.043096945,-0.6656084,9.557945
23.617,0.052674048,-0.6751855,9.57231
23.647,0.062251143,-0.6656084,9.584282
23.688,0.06464542,-0.68236834,9.565128
23.717,0.05985687,-0.6488485,9.560339
23.748,0.05985687,-0.679974,9.581888
23.789,0.045491222,-0.6895511,9.562734
23.816,0.021548472,-0.6656084,9.5794935
23.847,0.05985687,-0.6656084,9.57231
23.888,0.045491222,-0.679974,9.586677
23.916,0.04070267,-0.6751855,9.560339
23.955,0.057462595,-0.69912827,9.574705
23.986,0.062251143,-0.6751855,9.560339
24.015,0.047885496,-0.67279124,9.555551
24.048,0.03351985,-0.65363705,9.562734
24.088,0.06464542,-0.6751855,9.57231
24.119,0.05027977,-0.6751855,9.569917
24.156,0.05985687,-0.69194543,9.555551
24.187,0.057462595,-0.66800267,9.555551
24.217,0.05506832,-0.67757976,9.562734
24.256,0.052674048,-0.66321415,9.567522
24.286,0.05027977,-0.6895511,9.555551
24.329,0.038308397,-0.6847626,9.557945
24.356,0.047885496,-0.68715686,9.569917
24.387,0.057462595,-0.67279124,9.567522
24.427,0.05027977,-0.67757976,9.569917
24.456,0.052674048,-0.679974,9.565128
24.485,0.05506832,-0.68236834,9.550762
24.528,0.05506832,-0.6751855,9.574705
24.555,0.062251143,-0.65842557,9.565128
24.587,0.043096945,-0.6656084,9.57231
24.628,0.05506832,-0.6703969,9.58907
24.657,0.052674048,-0.65363705,9.560339
24.688,0.06464542,-0.68236834,9.574705
24.727,0.057462595,-0.66800267,9.565128
24.756,0.057462595,-0.66321415,9.553157
24.796,0.057462595,-0.67757976,9.569917
24.827,0.05506832,-0.6751855,9.577099
24.855,0.047885496,-0.67757976,9.569917
24.896,0.05506832,-0.6895511,9.562734
24.926,0.047885496,-0.67757976,9.57231
24.965,0.038308397,-0.6703969,9.57231
24.995,0.05506832,-0.679974,9.555551
25.026,0.057462595,-0.679974,9.560339
25.056,0.05985687,-0.6703969,9.569917
25.097,0.038308397,-0.6560313,9.57231
25.128,0.045491222,-0.67279124,9.569917
25.167,0.045491222,-0.6703969,9.555551
25.196,0.035914123,-0.6703969,9.555551
25.228,0.052674048,-0.6751855,9.562734
25.267,0.062251143,-0.6703969,9.567522
25.296,0.052674048,-0.68236834,9.557945
25.328,0.047885496,-0.679974,9.553157
25.367,0.0670397,-0.67757976,9.567522
25.396,0.047885496,-0.6703969,9.57231
25.429,0.062251143,-0.67757976,9.57231
25.469,0.06464542,-0.6703969,9.567522
25.496,0.052674048,-0.6751855,9.560339
25.527,0.052674048,-0.6608198,9.57231
25.567,0.045491222,-0.6656084,9.567522
25.595,0.071828246,-0.6751855,9.555551
25.636,0.05027977,-0.68715686,9.574705
25.668,0.05027977,-0.6847626,9.560339
25.696,0.04070267,-0.68715686,9.567522
25.736,0.05027977,-0.67279124,9.560339
25.768,0.05506832,-0.67757976,9.562734
25.797,0.057462595,-0.679974,9.555551
25.836,0.06464542,-0.67757976,9.577099
25.866,0.052674048,-0.6656084,9.567522
25.908,0.03351985,-0.68715686,9.57231
25.935,0.062251143,-0.69194543,9.565128
25.966,0.05506832,-0.6895511,9.565128
26.008,0.062251143,-0.6751855,9.562734
26.036,0.047885496,-0.68715686,9.584282
26.068,0.043096945,-0.67279124,9.555551
26.109,0.05506832,-0.6703969,9.543579
26.136,0.05027977,-0.67279124,9.567522
26.168,0.043096945,-0.6895511,9.577099
26.209,0.05506832,-0.6943397,9.57231
26.237,0.05985687,-0.6656084,9.557945
26.268,0.047885496,-0.66800267,9.574705
26.307,0.05027977,-0.679974,9.5483675
26.337,0.05027977,-0.68715686,9.555551
26.369,0.05985687,-0.6751855,9.562734
26.409,0.047885496,-0.679974,9.581888
26.437,0.045491222,-0.66800267,9.569917
26.469,0.05985687,-0.6751855,9.557945
26.511,0.06464542,-0.6703969,9.553157
26.538,0.05506832,-0.6656084,9.569917
26.569,0.052674048,-0.679974,9.569917
26.609,0.052674048,-0.66321415,9.569917
26.638,0.062251143,-0.6751855,9.565128
26.669,0.06464542,-0.6656084,9.557945
26.709,0.062251143,-0.66800267,9.557945
26.737,0.05506832,-0.6608198,9.565128
26.778,0.038308397,-0.6656084,9.567522
26.808,0.057462595,-0.65842557,9.557945
26.838,0.038308397,-0.6703969,9.58907
26.876,0.031125572,-0.67757976,9.5794935
26.908,0.045491222,-0.679974,9.555551
26.946,0.052674048,-0.6751855,9.565128
26.975,0.05985687,-0.6751855,9.545974
27.007,0.05985687,-0.67757976,9.545974
27.050,0.05506832,-0.6703969,9.567522
27.077,0.057462595,-0.67757976,9.562734
27.109,0.057462595,-0.6847626,9.555551
27.149,0.05506832,-0.66800267,9.555551
27.177,0.052674048,-0.67757976,9.5794935
27.209,0.05027977,-0.679974,9.567522
27.248,0.05027977,-0.679974,9.574705
27.276,0.06464542,-0.679974,9.574705
27.316,0.047885496,-0.6847626,9.567522
27.347,0.047885496,-0.6751855,9.555551
27.376,0.05985687,-0.679974,9.562734
27.408,0.057462595,-0.68715686,9.586677
27.449,0.06464542,-0.66321415,9.584282
27.478,0.0670397,-0.6703969,9.5794935
27.509,0.045491222,-0.6895511,9.557945
27.549,0.052674048,-0.6703969,9.555551
27.579,0.047885496,-0.68236834,9.565128
27.618,0.05506832,-0.6751855,9.567522
27.648,0.05985687,-0.6847626,9.574705
27.678,0.05506832,-0.6751855,9.567522
27.717,0.035914123,-0.6560313,9.586677
27.749,0.057462595,-0.66800267,9.567522
27.789,0.052674048,-0.6751855,9.577099
27.819,0.045491222,-0.68236834,9.555551
27.849,0.045491222,-0.6608198,9.565128
27.890,0.05027977,-0.67279124,9.562734
27.917,0.035914123,-0.66321415,9.553157
27.948,0.05506832,-0.6847626,9.5794935
27.987,0.05506832,-0.6895511,9.57231
28.016,0.05506832,-0.6656084,9.553157
28.049,0.071828246,-0.66800267,9.557945
28.089,0.07422252,-0.67757976,9.57231
28.118,0.05506832,-0.679974,9.57231
28.148,0.05985687,-0.6656084,9.574705
28.190,0.057462595,-0.6703969,9.57231
28.217,0.045491222,-0.67279124,9.567522
28.249,0.071828246,-0.6656084,9.562734
28.288,0.057462595,-0.66321415,9.565128
28.317,0.047885496,-0.68715686,9.562734
28.357,0.062251143,-0.6751855,9.562734
28.391,0.06464542,-0.65842557,9.565128
28.417,0.03351985,-0.65842557,9.565128
28.457,0.04070267,-0.6703969,9.57231
28.490,0.0670397,-0.69912827,9.553157
28.517,0.05985687,-0.6703969,9.565128
28.557,0.05027977,-0.67757976,9.557945
28.589,0.043096945,-0.6847626,9.567522
28.628,0.052674048,-0.68236834,9.557945
28.657,0.06943397,-0.6895511,9.560339
28.688,0.05506832,-0.67279124,9.560339
28.728,0.05506832,-0.67279124,9.565128
28.757,0.0670397,-0.67757976,9.57231
28.787,0.043096945,-0.6703969,9.562734
28.827,0.05506832,-0.67279124,9.569917
28.858,0.05985687,-0.67279124,9.565128
28.890,0.05985687,-0.6608198,9.562734
28.927,0.062251143,-0.67757976,9.574705
28.956,0.05506832,-0.679974,9.569917
28.996,0.05985687,-0.66800267,9.567522
29.029,0.031125572,-0.6895511,9.569917
29.057,0.062251143,-0.6847626,9.586677
29.089,0.05985687,-0.68236834,9.560339
29.129,0.05506832,-0.6703969,9.581888
29.157,0.052674048,-0.68236834,9.567522
29.190,0.043096945,-0.6751855,9.574705
29.229,0.0670397,-0.679974,9.5483675
29.258,0.05985687,-0.67757976,9.569917
29.297,0.043096945,-0.66321415,9.562734
29.332,0.045491222,-0.68236834,9.555551
29.357,0.04070267,-0.67757976,9.57231
29.397,0.038308397,-0.6847626,9.565128
29.428,0.062251143,-0.6751855,9.574705
29.468,0.052674048,-0.6847626,9.555551
29.496,0.047885496,-0.67757976,9.567522
29.527,0.047885496,-0.6751855,9.577099
29.568,0.06464542,-0.6847626,9.574705
29.598,0.0670397,-0.66800267,9.574705
29.627,0.05027977,-0.66321415,9.562734
29.669,0.047885496,-0.6656084,9.557945
29.697,0.05985687,-0.6751855,9.577099
29.728,0.047885496,-0.68236834,9.567522
29.769,0.0670397,-0.6703969,9.560339
29.797,0.038308397,-0.68236834,9.567522
29.837,0.05027977,-0.67279124,9.562734
29.868,0.03351985,-0.69194543,9.581888
29.896,0.05027977,-0.6751855,9.567522
29.928,0.026337024,-0.6847626,9.565128
29.968,0.05985687,-0.68715686,9.565128
29.996,0.062251143,-0.67757976,9.569917
30.036,0.05506832,-0.69194543,9.557945
30.069,0.045491222,-0.67279124,9.562734
30.097,0.047885496,-0.68715686,9.560339
30.137,0.057462595,-0.66800267,9.560339
30.168,0.052674048,-0.67279124,9.569917
30.197,0.045491222,-0.67279124,9.560339
30.238,0.047885496,-0.66800267,9.5794935
30.269,0.05506832,-0.6751855,9.555551
30.298,0.043096945,-0.6847626,9.569917
30.336,0.043096945,-0.66321415,9.562734
30.368,0.043096945,-0.67279124,9.584282
30.407,0.052674048,-0.67279124,9.562734
30.438,0.08140534,-0.67279124,9.569917
30.469,0.057462595,-0.67279124,9.5483675
30.509,0.05027977,-0.6751855,9.555551
30.538,0.05506832,-0.67279124,9.584282
30.573,0.071828246,-0.68236834,9.560339
30.600,0.052674048,-0.6656084,9.555551
30.636,0.045491222,-0.6895511,9.5794935
30.676,0.05985687,-0.6703969,9.562734
30.707,0.05506832,-0.67757976,9.569917
30.735,0.06464542,-0.67279124,9.560339
30.777,0.05027977,-0.679974,9.555551
30.810,0.05506832,-0.69673395,9.567522
30.838,0.06943397,-0.67757976,9.577099
30.870,0.06464542,-0.68236834,9.560339
30.908,0.05985687,-0.69194543,9.577099
30.936,0.04070267,-0.67279124,9.577099
30.976,0.06943397,-0.6703969,9.562734
31.009,0.06464542,-0.679974,9.577099
31.037,0.05985687,-0.6895511,9.574705
31.079,0.057462595,-0.6656084,9.565128
31.109,0.047885496,-0.65842557,9.562734
31.138,0.057462595,-0.6656084,9.5794935
31.178,0.047885496,-0.679974,9.57231
31.208,0.047885496,-0.6703969,9.560339
31.250,0.05027977,-0.68236834,9.569917
31.278,0.043096945,-0.65363705,9.567522
31.308,0.06464542,-0.68236834,9.567522
31.349,0.057462595,-0.67757976,9.567522
31.378,0.057462595,-0.6751855,9.555551
31.409,0.0670397,-0.6656084,9.567522
31.449,0.062251143,-0.68236834,9.57231
31.478,0.05985687,-0.6703969,9.565128
31.509,0.05027977,-0.67279124,9.565128
31.550,0.06943397,-0.6703969,9.555551
31.578,0.057462595,-0.67279124,9.557945
31.609,0.05985687,-0.68715686,9.560339
31.650,0.05506832,-0.67279124,9.565128
31.678,0.052674048,-0.66800267,9.57231
31.710,0.05985687,-0.69194543,9.593859
31.750,0.062251143,-0.68236834,9.555551
31.779,0.052674048,-0.6751855,9.565128
31.819,0.045491222,-0.67757976,9.574705
31.848,0.05027977,-0.6751855,9.562734
31.877,0.06464542,-0.6751855,9.567522
31.916,0.06464542,-0.6703969,9.57231
31.947,0.045491222,-0.66321415,9.57231
31.988,0.05506832,-0.66800267,9.574705
32.015,0.045491222,-0.67279124,9.557945
32.048,0.038308397,-0.6847626,9.57231
32.089,0.05985687,-0.67757976,9.567522
32.116,0.05506832,-0.67279124,9.57231
32.148,0.062251143,-0.6703969,9.562734
32.190,0.043096945,-0.68236834,9.569917
32.218,0.047885496,-0.6703969,9.574705
32.247,0.05506832,-0.6656084,9.562734
32.281,0.047885496,-0.6751855,9.562734
32.315,0.071828246,-0.66800267,9.557945
32.356,0.047885496,-0.6608198,9.553157
32.386,0.05027977,-0.65842557,9.557945
32.416,0.052674048,-0.6751855,9.574705
32.450,0.052674048,-0.68236834,9.567522
32.489,0.057462595,-0.67279124,9.550762
32.517,0.0670397,-0.68236834,9.555551
32.550,0.047885496,-0.679974,9.577099
32.590,0.023942748,-0.68715686,9.577099
32.618,0.05027977,-0.67757976,9.57231
32.659,0.06464542,-0.67757976,9.577099
32.689,0.038308397,-0.6847626,9.5794935
32.717,0.052674048,-0.67757976,9.57231
32.758,0.062251143,-0.6703969,9.557945
32.789,0.05027977,-0.66321415,9.5794935
32.818,0.05027977,-0.6751855,9.577099
32.857,0.05985687,-0.67757976,9.57231
32.889,0.045491222,-0.6656084,9.567522
32.929,0.047885496,-0.6847626,9.574705
32.957,0.057462595,-0.6847626,9.565128
32.989,0.05027977,-0.6751855,9.57231
33.029,0.04070267,-0.67757976,9.567522
33.058,0.057462595,-0.68715686,9.577099
33.088,0.06464542,-0.66800267,9.562734
33.128,0.05985687,-0.679974,9.569917
33.158,0.05985687,-0.6895511,9.562734
33.189,0.05506832,-0.6656084,9.538791
33.229,0.052674048,-0.68236834,9.577099
33.259,0.062251143,-0.68715686,9.567522
33.291,0.062251143,-0.6703969,9.567522
33.329,0.052674048,-0.67757976,9.574705
33.358,0.052674048,-0.6703969,9.567522
33.389,0.05506832,-0.6703969,9.567522
33.431,0.057462595,-0.6608198,9.565128
33.458,0.05506832,-0.6703969,9.567522
33.500,0.031125572,-0.6703969,9.562734
33.529,0.04070267,-0.66321415,9.57231
33.557,0.05506832,-0.68236834,9.562734
33.599,0.047885496,-0.6560313,9.5794935
33.629,0.05985687,-0.66800267,9.562734
33.669,0.047885496,-0.6751855,9.560339
33.697,0.062251143,-0.67757976,9.574705
33.728,0.028731298,-0.67279124,9.574705
33.768,0.05985687,-0.6703969,9.550762
33.798,0.021548472,-0.6751855,9.555551
33.828,0.062251143,-0.66800267,9.567522
33.869,0.07422252,-0.6751855,9.562734
33.898,0.047885496,-0.6703969,9.560339
33.929,0.05985687,-0.67279124,9.57231
33.971,0.043096945,-0.67757976,9.565128
33.996,0.05985687,-0.6703969,9.577099
34.028,0.047885496,-0.6751855,9.567522
34.069,0.05506832,-0.6751855,9.581888
34.098,0.071828246,-0.66321415,9.569917
34.137,0.047885496,-0.679974,9.560339
34.167,0.052674048,-0.6703969,9.565128
34.197,0.047885496,-0.6751855,9.565128
34.230,0.05985687,-0.68715686,9.565128
34.268,0.05027977,-0.67757976,9.581888
34.297,0.045491222,-0.6703969,9.57231
34.338,0.05985687,-0.679974,9.565128
34.368,0.047885496,-0.6560313,9.569917
34.397,0.05506832,-0.67757976,9.574705
34.439,0.06464542,-0.6751855,9.560339
34.470,0.05985687,-0.65842557,9.57231
34.498,0.05506832,-0.67757976,9.565128
34.537,0.05506832,-0.6703969,9.560339
34.568,0.038308397,-0.6703969,9.574705
34.608,0.062251143,-0.67279124,9.567522
34.638,0.062251143,-0.67757976,9.57231
34.669,0.047885496,-0.67757976,9.567522
34.709,0.043096945,-0.6703969,9.567522
34.737,0.062251143,-0.6895511,9.555551
34.769,0.0670397,-0.6464542,9.555551
34.812,0.05027977,-0.6751855,9.574705
34.838,0.05985687,-0.6656084,9.581888
34.868,0.06464542,-0.6751855,9.555551
34.908,0.043096945,-0.679974,9.555551
34.938,0.047885496,-0.6703969,9.569917
34.968,0.05027977,-0.6751855,9.560339
35.008,0.06464542,-0.6847626,9.565128
35.037,0.0670397,-0.6608198,9.557945
35.078,0.052674048,-0.66800267,9.565128
35.110,0.047885496,-0.68236834,9.553157
35.138,0.043096945,-0.6751855,9.562734
35.177,0.05506832,-0.6656084,9.569917
35.207,0.062251143,-0.6703969,9.591465
35.239,0.052674048,-0.67757976,9.577099
35.278,0.05985687,-0.6847626,9.577099
35.310,0.038308397,-0.679974,9.565128
35.348,0.05985687,-0.65842557,9.567522
35.377,0.071828246,-0.6656084,9.555551
35.408,0.06464542,-0.679974,9.555551
35.448,0.047885496,-0.6703969,9.562734
35.477,0.052674048,-0.67757976,9.567522
35.511,0.052674048,-0.6751855,9.5483675
35.548,0.05506832,-0.6751855,9.560339
35.578,0.05985687,-0.68715686,9.565128
35.609,0.04070267,-0.66800267,9.553157
35.646,0.043096945,-0.6895511,9.567522
35.677,0.035914123,-0.68236834,9.553157
35.710,0.047885496,-0.6656084,9.567522
35.747,0.05985687,-0.6608198,9.569917
35.778,0.05985687,-0.6656084,9.567522
35.812,0.038308397,-0.6751855,9.555551
35.849,0.043096945,-0.67757976,9.577099
35.880,0.05506832,-0.6847626,9.567522
35.916,0.05506832,-0.6703969,9.577099
35.947,0.062251143,-0.6847626,9.562734
35.976,0.052674048,-0.67757976,9.57231
36.016,0.062251143,-0.69194543,9.574705
36.048,0.052674048,-0.68236834,9.569917
36.081,0.062251143,-0.66800267,9.574705
36.117,0.038308397,-0.6751855,9.555551
36.148,0.045491222,-0.66800267,9.565128
36.188,0.06464542,-0.66800267,9.58907
36.218,0.071828246,-0.6703969,9.567522
36.248,0.062251143,-0.66321415,9.569917
36.288,0.045491222,-0.6608198,9.569917
36.317,0.052674048,-0.6847626,9.577099
36.349,0.047885496,-0.67757976,9.565128
36.389,0.05506832,-0.6751855,9.557945
36.417,0.052674048,-0.66321415,9.584282
36.449,0.05985687,-0.679974,9.5794935
36.487,0.057462595,-0.67757976,9.581888
36.517,0.05985687,-0.66800267,9.560339
36.548,0.047885496,-0.67279124,9.57231
36.590,0.05985687,-0.65842557,9.545974
36.618,0.057462595,-0.6751855,9.565128
36.648,0.076616794,-0.68715686,9.567522
36.688,0.052674048,-0.66321415,9.577099
36.717,0.052674048,-0.67757976,9.555551
36.749,0.057462595,-0.6703969,9.567522
36.789,0.05985687,-0.6608198,9.565128
36.817,0.057462595,-0.6751855,9.574705
36.850,0.045491222,-0.67279124,9.581888
36.887,0.0670397,-0.6751855,9.562734
36.919,0.04070267,-0.6656084,9.553157
36.957,0.0670397,-0.66800267,9.565128
36.987,0.05506832,-0.6703969,9.574705
37.028,0.03351985,-0.69194543,9.565128
37.058,0.05985687,-0.67757976,9.555551
37.089,0.052674048,-0.6703969,9.567522
37.128,0.043096945,-0.65124273,9.58907
37.158,0.07422252,-0.67279124,9.574705
37.189,0.038308397,-0.68236834,9.555551
37.228,0.06464542,-0.68236834,9.574705
37.262,0.05506832,-0.679974,9.569917
37.291,0.04070267,-0.6847626,9.550762
37.327,0.05506832,-0.67279124,9.562734
37.356,0.045491222,-0.65842557,9.562734
37.396,0.07901107,-0.6656084,9.569917
37.428,0.052674048,-0.6895511,9.562734
37.456,0.057462595,-0.679974,9.577099
37.489,0.05506832,-0.67757976,9.565128
37.528,0.062251143,-0.68236834,9.565128
37.558,0.045491222,-0.67757976,9.562734
37.597,0.047885496,-0.6751855,9.581888
37.628,0.035914123,-0.67757976,9.565128
37.657,0.057462595,-0.6703969,9.565128
37.698,0.062251143,-0.69194543,9.567522
37.728,0.05506832,-0.6847626,9.577099
37.757,0.062251143,-0.68236834,9.5794935
37.797,0.0670397,-0.6751855,9.57231
37.829,0.057462595,-0.679974,9.567522
37.870,0.057462595,-0.68236834,9.565128
37.896,0.05506832,-0.679974,9.569917
37.926,0.052674048,-0.67279124,9.555551
37.966,0.0670397,-0.6751855,9.574705
37.996,0.071828246,-0.67279124,9.567522
38.029,0.052674048,-0.66321415,9.560339
38.069,0.06943397,-0.6751855,9.562734
38.097,0.057462595,-0.6703969,9.562734
38.129,0.057462595,-0.679974,9.562734
38.168,0.057462595,-0.679974,9.581888
38.198,0.0670397,-0.66800267,9.574705
38.228,0.0670397,-0.6656084,9.545974
38.268,0.052674048,-0.68236834,9.567522
38.297,0.045491222,-0.679974,9.560339
38.328,0.05027977,-0.6608198,9.5794935
38.368,0.047885496,-0.67757976,9.567522
38.397,0.05985687,-0.66321415,9.565128
38.438,0.057462595,-0.6751855,9.569917
38.468,0.045491222,-0.68715686,9.565128
38.497,0.031125572,-0.6656084,9.567522
38.537,0.05985687,-0.6656084,9.569917
38.570,0.05506832,-0.67279124,9.5794935
38.597,0.05027977,-0.67757976,9.584282
38.636,0.05985687,-0.66321415,9.577099
38.670,0.06464542,-0.69912827,9.567522
38.709,0.052674048,-0.6656084,9.577099
38.738,0.047885496,-0.679974,9.586677
38.769,0.062251143,-0.67757976,9.58907
38.808,0.038308397,-0.6847626,9.577099
38.836,0.045491222,-0.6895511,9.5483675
38.872,0.05985687,-0.6703969,9.555551
38.907,0.062251143,-0.69194543,9.557945
38.936,0.057462595,-0.6751855,9.555551
38.967,0.057462595,-0.6751855,9.555551
39.008,0.047885496,-0.6703969,9.560339
39.037,0.047885496,-0.66321415,9.553157
39.069,0.052674048,-0.6703969,9.567522
39.110,0.05985687,-0.679974,9.577099
39.137,0.043096945,-0.68236834,9.565128
39.168,0.057462595,-0.67279124,9.553157
39.209,0.06464542,-0.6703969,9.584282
39.238,0.057462595,-0.6751855,9.567522
39.269,0.057462595,-0.67757976,9.560339
39.308,0.047885496,-0.68236834,9.57231
39.340,0.047885496,-0.6943397,9.569917
39.377,0.052674048,-0.6608198,9.581888
39.408,0.05985687,-0.6608198,9.569917
39.437,0.05985687,-0.6703969,9.555551
39.476,0.045491222,-0.67279124,9.543579
39.507,0.047885496,-0.7015225,9.555551
39.548,0.05506832,-0.6751855,9.574705
39.577,0.05506832,-0.6847626,9.5794935
39.609,0.03351985,-0.67757976,9.560339
39.649,0.047885496,-0.68715686,9.553157
39.677,0.052674048,-0.66321415,9.5794935
39.708,0.0670397,-0.6656084,9.560339
39.750,0.05506832,-0.6751855,9.553157
39.778,0.052674048,-0.6656084,9.569917
39.809,0.052674048,-0.68236834,9.57231
39.848,0.052674048,-0.6488485,9.569917
39.878,0.05985687,-0.67757976,9.562734
39.915,0.076616794,-0.67279124,9.557945
39.946,0.06943397,-0.67279124,9.574705
39.976,0.038308397,-0.66321415,9.57231
40.010,0.0670397,-0.679974,9.553157
40.048,0.05985687,-0.68715686,9.536397
40.078,0.035914123,-0.67279124,9.562734
40.110,0.045491222,-0.67279124,9.569917
40.148,0.057462595,-0.67757976,9.565128
40.177,0.05027977,-0.679974,9.567522
40.218,0.05027977,-0.66800267,9.562734
40.249,0.052674048,-0.67279124,9.560339
40.277,0.038308397,-0.67757976,9.560339
40.318,0.043096945,-0.679974,9.557945
40.349,0.047885496,-0.6895511,9.57231
40.389,0.06464542,-0.66321415,9.57231
40.418,0.0670397,-0.6656084,9.5794935
40.449,0.05506832,-0.68715686,9.58907
40.488,0.045491222,-0.6608198,9.577099
40.518,0.062251143,-0.65842557,9.553157
40.550,0.045491222,-0.6751855,9.560339
40.589,0.052674048,-0.679974,9.574705
40.617,0.043096945,-0.679974,9.565128
40.649,0.04070267,-0.67279124,9.562734
40.688,0.06464542,-0.66800267,9.574705
40.716,0.05027977,-0.67279124,9.557945
40.749,0.05985687,-0.679974,9.565128
40.787,0.0670397,-0.67757976,9.574705
40.817,0.062251143,-0.6895511,9.57231
40.848,0.05027977,-0.67757976,9.562734
40.887,0.047885496,-0.6608198,9.569917
40.917,0.045491222,-0.6608198,9.57231
40.949,0.05027977,-0.6751855,9.560339
40.987,0.05506832,-0.67279124,9.553157
41.017,0.071828246,-0.68236834,9.553157
41.058,0.06464542,-0.679974,9.567522
41.089,0.04070267,-0.6751855,9.560339
41.117,0.071828246,-0.6656084,9.553157
41.157,0.035914123,-0.6847626,9.560339
41.187,0.06464542,-0.69194543,9.562734
41.227,0.05985687,-0.6895511,9.567522
41.257,0.0670397,-0.67757976,9.555551
41.290,0.05027977,-0.65842557,9.562734
41.331,0.047885496,-0.66800267,9.562734
41.358,0.05506832,-0.6751855,9.574705
41.388,0.057462595,-0.6751855,9.553157
41.429,0.06464542,-0.6703969,9.562734
41.457,0.057462595,-0.679974,9.562734
41.488,0.052674048,-0.67757976,9.560339
41.528,0.04070267,-0.679974,9.577099
41.558,0.057462595,-0.68715686,9.565128
41.588,0.047885496,-0.6703969,9.565128
41.627,0.05027977,-0.67279124,9.560339
41.656,0.03351985,-0.6751855,9.577099
41.688,0.06464542,-0.66800267,9.574705
41.729,0.062251143,-0.6656084,9.569917
41.758,0.045491222,-0.68236834,9.560339
41.789,0.05027977,-0.6703969,9.567522
41.828,0.05506832,-0.6703969,9.577099
41.861,0.057462595,-0.6703969,9.565128
41.895,0.038308397,-0.66800267,9.560339
41.926,0.05506832,-0.6751855,9.57231
41.957,0.045491222,-0.6703969,9.560339
41.997,0.04070267,-0.6608198,9.555551
42.029,0.047885496,-0.6703969,9.567522
42.068,0.04070267,-0.679974,9.562734
42.098,0.05506832,-0.67279124,9.555551
42.128,0.06464542,-0.6608198,9.565128
42.169,0.052674048,-0.6656084,9.57231
42.199,0.0670397,-0.67757976,9.553157
42.227,0.052674048,-0.68715686,9.553157
42.267,0.052674048,-0.6895511,9.567522
42.300,0.057462595,-0.6847626,9.569917
42.330,0.062251143,-0.66321415,9.565128
42.368,0.05985687,-0.6703969,9.574705
42.397,0.047885496,-0.67757976,9.577099
42.436,0.057462595,-0.679974,9.557945
42.468,0.05506832,-0.67757976,9.565128
42.496,0.052674048,-0.66800267,9.567522
42.535,0.06464542,-0.66800267,9.567522
42.568,0.06464542,-0.66800267,9.555551
42.598,0.05506832,-0.67757976,9.550762
42.629,0.05027977,-0.67279124,9.584282
42.670,0.05027977,-0.6608198,9.584282
42.698,0.052674048,-0.6703969,9.581888
42.738,0.04070267,-0.6751855,9.569917
42.769,0.071828246,-0.67279124,9.565128
42.799,0.05027977,-0.679974,9.5794935
42.837,0.062251143,-0.6703969,9.5794935
42.868,0.057462595,-0.6560313,9.569917
42.908,0.052674048,-0.66800267,9.567522
42.937,0.045491222,-0.69194543,9.57231
42.967,0.05027977,-0.679974,9.555551
43.009,0.045491222,-0.679974,9.569917
43.039,0.05985687,-0.6751855,9.577099
43.070,0.06943397,-0.68715686,9.560339
43.110,0.047885496,-0.679974,9.562734
43.138,0.035914123,-0.66321415,9.569917
43.169,0.06464542,-0.6656084,9.57231
43.209,0.052674048,-0.66321415,9.555551
43.237,0.057462595,-0.6751855,9.5794935
43.268,0.052674048,-0.68236834,9.560339
43.308,0.052674048,-0.6703969,9.541185
43.338,0.05985687,-0.6703969,9.550762
43.368,0.052674048,-0.66321415,9.569917
43.408,0.05027977,-0.6656084,9.565128
43.436,0.047885496,-0.67757976,9.57231
43.478,0.045491222,-0.679974,9.5794935
43.508,0.057462595,-0.67279124,9.581888
43.537,0.047885496,-0.6656084,9.569917
43.577,0.057462595,-0.6895511,9.57231
43.610,0.057462595,-0.67757976,9.560339
43.638,0.043096945,-0.6751855,9.5483675
43.677,0.05985687,-0.6847626,9.565128
43.709,0.057462595,-0.67757976,9.586677
43.749,0.076616794,-0.66800267,9.57231
43.778,0.05027977,-0.67279124,9.562734
43.807,0.04070267,-0.68715686,9.560339
43.839,0.043096945,-0.6751855,9.574705
43.878,0.047885496,-0.69194543,9.574705
43.908,0.05506832,-0.679974,9.567522
43.949,0.047885496,-0.66800267,9.560339
43.978,0.047885496,-0.679974,9.569917
44.009,0.0670397,-0.67279124,9.569917
44.050,0.05506832,-0.6608198,9.58907
44.078,0.05506832,-0.66800267,9.555551
44.110,0.06464542,-0.68236834,9.584282
44.150,0.05027977,-0.67757976,9.567522
44.178,0.057462595,-0.66800267,9.567522
44.209,0.045491222,-0.6895511,9.577099
44.249,0.052674048,-0.6895511,9.562734
44.278,0.05985687,-0.6847626,9.5794935
44.309,0.045491222,-0.679974,9.550762
44.350,0.0670397,-0.679974,9.555551
44.378,0.045491222,-0.679974,9.569917
44.418,0.05506832,-0.6703969,9.584282
44.450,0.071828246,-0.67279124,9.550762
44.477,0.047885496,-0.68715686,9.569917
44.517,0.05506832,-0.66800267,9.577099
44.547,0.045491222,-0.6895511,9.562734
44.589,0.071828246,-0.6608198,9.557945
44.618,0.0670397,-0.68236834,9.577099
44.648,0.038308397,-0.6751855,9.555551
44.691,0.05985687,-0.68715686,9.557945
44.718,0.05985687,-0.6751855,9.557945
44.749,0.05985687,-0.679974,9.565128
44.790,0.045491222,-0.68715686,9.562734
44.817,0.071828246,-0.68236834,9.567522
44.848,0.045491222,-0.6703969,9.562734
44.890,0.04070267,-0.67757976,9.5794935
44.917,0.035914123,-0.6751855,9.557945
44.956,0.04070267,-0.6703969,9.569917
44.987,0.057462595,-0.66321415,9.57231
45.017,0.04070267,-0.6656084,9.567522
45.050,0.052674048,-0.6943397,9.560339
45.089,0.05506832,-0.66321415,9.574705
45.119,0.047885496,-0.6656084,9.560339
45.149,0.045491222,-0.6847626,9.57231
45.190,0.05506832,-0.67757976,9.574705
45.218,0.045491222,-0.68715686,9.584282
45.258,0.057462595,-0.6703969,9.569917
45.289,0.062251143,-0.6488485,9.574705
45.318,0.05506832,-0.66321415,9.57231
45.357,0.05027977,-0.68715686,9.577099
45.389,0.043096945,-0.68236834,9.574705
45.418,0.062251143,-0.679974,9.557945
45.457,0.045491222,-0.6703969,9.577099
45.489,0.062251143,-0.6751855,9.562734
45.528,0.045491222,-0.6560313,9.553157
45.558,0.052674048,-0.66800267,9.565128
45.590,0.052674048,-0.6703969,9.57231
45.629,0.045491222,-0.6751855,9.577099
45.661,0.031125572,-0.6751855,9.57231
45.691,0.057462595,-0.66321415,9.577099
45.729,0.052674048,-0.66321415,9.557945
45.758,0.043096945,-0.6703969,9.555551
45.788,0.05027977,-0.6656084,9.562734
45.828,0.057462595,-0.67757976,9.562734
45.857,0.057462595,-0.67757976,9.57231
45.889,0.05985687,-0.6703969,9.5483675
45.928,0.04070267,-0.6703969,9.567522
45.956,0.043096945,-0.67757976,9.57231
45.997,0.05506832,-0.68236834,9.586677
46.028,0.047885496,-0.6943397,9.567522
46.057,0.045491222,-0.67757976,9.574705
46.093,0.05506832,-0.67757976,9.562734
46.129,0.052674048,-0.68236834,9.555551
46.157,0.062251143,-0.68236834,9.565128
46.198,0.047885496,-0.67757976,9.5794935
46.229,0.071828246,-0.6608198,9.57231
46.258,0.05506832,-0.6703969,9.574705
46.298,0.0670397,-0.6751855,9.557945
46.329,0.05985687,-0.6751855,9.560339
46.359,0.062251143,-0.6703969,9.555551
46.399,0.05985687,-0.67279124,9.574705
46.429,0.06943397,-0.66800267,9.574705
46.469,0.05985687,-0.6847626,9.565128
46.497,0.08140534,-0.67279124,9.577099
46.529,0.057462595,-0.67279124,9.541185
46.569,0.06464542,-0.67757976,9.562734
46.599,0.038308397,-0.6703969,9.553157
46.629,0.047885496,-0.67757976,9.57231
46.670,0.057462595,-0.6608198,9.584282
46.697,0.057462595,-0.68236834,9.553157
46.730,0.05027977,-0.67757976,9.565128
46.769,0.052674048,-0.6895511,9.567522
46.798,0.052674048,-0.68715686,9.574705
46.837,0.043096945,-0.6656084,9.553157
46.869,0.05027977,-0.65363705,9.591465
46.896,0.057462595,-0.679974,9.569917
46.941,0.05506832,-0.6751855,9.574705
46.968,0.05506832,-0.67757976,9.555551
46.997,0.05985687,-0.6560313,9.560339
47.038,0.047885496,-0.6608198,9.557945
47.070,0.062251143,-0.6751855,9.565128
47.099,0.083799616,-0.679974,9.560339
47.138,0.05985687,-0.67757976,9.560339
47.168,0.057462595,-0.67757976,9.567522
47.199,0.057462595,-0.6751855,9.569917
47.238,0.052674048,-0.6703969,9.569917
47.273,0.062251143,-0.68236834,9.560339
47.312,0.057462595,-0.6703969,9.565128
47.337,0.043096945,-0.679974,9.584282
47.367,0.062251143,-0.67757976,9.5794935
47.407,0.045491222,-0.66321415,9.565128
47.437,0.05985687,-0.6895511,9.577099
47.468,0.043096945,-0.67279124,9.562734
47.509,0.05027977,-0.66321415,9.560339
47.538,0.06464542,-0.6895511,9.567522
47.571,0.0670397,-0.68715686,9.557945
47.609,0.045491222,-0.6656084,9.57231
47.637,0.05985687,-0.6751855,9.565128
47.670,0.057462595,-0.66800267,9.560339
47.709,0.06943397,-0.68236834,9.560339
47.738,0.05027977,-0.68715686,9.555551
47.770,0.043096945,-0.66800267,9.567522
47.809,0.047885496,-0.65842557,9.565128
47.838,0.045491222,-0.6656084,9.565128
47.877,0.057462595,-0.67279124,9.577099
47.911,0.057462595,-0.68236834,9.565128
47.938,0.052674048,-0.66800267,9.569917
47.976,0.043096945,-0.68236834,9.5483675
48.008,0.057462595,-0.67279124,9.569917
48.039,0.05027977,-0.65363705,9.569917
48.079,0.06943397,-0.67757976,9.557945
48.110,0.057462595,-0.67757976,9.574705
48.149,0.062251143,-0.66800267,9.5483675
48.178,0.0670397,-0.6751855,9.574705
48.208,0.057462595,-0.65842557,9.565128
48.249,0.052674048,-0.69194543,9.567522
48.278,0.057462595,-0.66321415,9.562734
48.309,0.035914123,-0.6751855,9.567522
48.349,0.047885496,-0.6751855,9.562734
48.378,0.07422252,-0.6608198,9.567522
48.409,0.05985687,-0.6656084,9.5794935
48.449,0.071828246,-0.67757976,9.57231
48.478,0.035914123,-0.6656084,9.541185
48.510,0.071828246,-0.6895511,9.5794935
48.550,0.052674048,-0.67757976,9.57231
48.578,0.05027977,-0.679974,9.567522
48.619,0.071828246,-0.6703969,9.555551
48.650,0.057462595,-0.65842557,9.562734
48.679,0.052674048,-0.68236834,9.567522
48.718,0.05985687,-0.68236834,9.577099
48.750,0.047885496,-0.67279124,9.557945
48.779,0.06464542,-0.68236834,9.557945
48.817,0.04070267,-0.6751855,9.569917
48.848,0.05027977,-0.66800267,9.57231
48.888,0.052674048,-0.6703969,9.569917
48.918,0.052674048,-0.679974,9.565128
48.948,0.0670397,-0.6751855,9.557945
48.988,0.05506832,-0.67279124,9.569917
49.017,0.052674048,-0.679974,9.569917
49.050,0.057462595,-0.67757976,9.57231
49.089,0.038308397,-0.6751855,9.560339
49.117,0.06464542,-0.6751855,9.574705
49.149,0.05506832,-0.6895511,9.586677
49.189,0.043096945,-0.67279124,9.5794935
49.218,0.05027977,-0.679974,9.57231
49.268,0.045491222,-0.6703969,9.574705
49.288,0.0670397,-0.65842557,9.569917
49.317,0.043096945,-0.68236834,9.586677
49.350,0.047885496,-0.67757976,9.586677
49.390,0.05027977,-0.66800267,9.553157
49.417,0.057462595,-0.679974,9.565128
49.456,0.06943397,-0.67757976,9.5794935
49.489,0.052674048,-0.67757976,9.567522
49.517,0.05027977,-0.6703969,9.555551
49.557,0.05506832,-0.6703969,9.581888
49.589,0.05027977,-0.66800267,9.569917
49.618,0.057462595,-0.679974,9.555551
49.658,0.06943397,-0.6847626,9.569917
49.689,0.05027977,-0.67757976,9.577099
49.730,0.05985687,-0.6703969,9.577099
49.758,0.06464542,-0.6895511,9.584282
49.790,0.05985687,-0.67757976,9.555551
49.828,0.047885496,-0.67279124,9.574705
49.858,0.0670397,-0.67757976,9.574705
49.889,0.043096945,-0.69194543,9.574705
49.921,0.071828246,-0.6703969,9.567522
49.957,0.045491222,-0.679974,9.58907
49.988,0.06464542,-0.68236834,9.553157
50.028,0.05985687,-0.6656084,9.586677
50.058,0.03351985,-0.65842557,9.550762
50.090,0.05506832,-0.6751855,9.562734
50.131,0.052674048,-0.66321415,9.567522
50.159,0.05027977,-0.6751855,9.562734
50.190,0.057462595,-0.67279124,9.574705
50.229,0.05506832,-0.6656084,9.586677
50.258,0.047885496,-0.68236834,9.557945
50.298,0.05985687,-0.6703969,9.577099
50.329,0.057462595,-0.68715686,9.57231
50.357,0.052674048,-0.6656084,9.57231
50.398,0.038308397,-0.6751855,9.57231
50.429,0.05506832,-0.67279124,9.562734
50.458,0.06464542,-0.67757976,9.565128
50.498,0.05506832,-0.6895511,9.565128
50.528,0.062251143,-0.6703969,9.5794935
50.559,0.05027977,-0.6751855,9.569917
50.597,0.035914123,-0.67279124,9.569917
50.631,0.05506832,-0.679974,9.565128
50.669,0.045491222,-0.68715686,9.567522
50.697,0.057462595,-0.6751855,9.565128
50.730,0.071828246,-0.66800267,9.569917
50.769,0.04070267,-0.68236834,9.577099
50.798,0.06943397,-0.679974,9.534002
50.828,0.045491222,-0.67757976,9.550762
50.868,0.038308397,-0.68236834,9.557945
50.897,0.05506832,-0.679974,9.553157
50.928,0.05027977,-0.66800267,9.565128
50.968,0.05985687,-0.6847626,9.567522
50.997,0.06464542,-0.6703969,9.553157
51.038,0.05027977,-0.68236834,9.569917
51.068,0.05506832,-0.6751855,9.57231
51.098,0.052674048,-0.679974,9.562734
51.138,0.04070267,-0.6703969,9.577099
51.170,0.057462595,-0.6751855,9.555551
51.197,0.062251143,-0.69194543,9.57231
51.238,0.05506832,-0.66800267,9.574705
51.270,0.06943397,-0.6751855,9.569917
51.298,0.062251143,-0.6703969,9.57231
51.338,0.06943397,-0.679974,9.565128
51.369,0.057462595,-0.679974,9.574705
51.409,0.062251143,-0.679974,9.581888
51.438,0.07901107,-0.6895511,9.567522
51.469,0.035914123,-0.68715686,9.569917
51.510,0.05506832,-0.67757976,9.57231
51.537,0.057462595,-0.67279124,9.567522
51.569,0.0670397,-0.6656084,9.584282
51.610,0.04070267,-0.69673395,9.550762
51.637,0.057462595,-0.68236834,9.58907
51.669,0.0670397,-0.65363705,9.562734
51.710,0.043096945,-0.679974,9.557945
51.738,0.057462595,-0.67757976,9.562734
51.769,0.05506832,-0.6656084,9.557945
51.809,0.06943397,-0.6703969,9.550762
51.838,0.05985687,-0.67279124,9.569917
51.877,0.05985687,-0.6656084,9.562734
51.908,0.05985687,-0.679974,9.562734
51.937,0.07422252,-0.68715686,9.57231
51.976,0.052674048,-0.69194543,9.560339
52.009,0.05027977,-0.67757976,9.577099
52.038,0.076616794,-0.68236834,9.553157
52.078,0.047885496,-0.67279124,9.555551
52.110,0.0670397,-0.679974,9.567522
52.138,0.05027977,-0.66321415,9.57231
52.177,0.047885496,-0.67279124,9.567522
52.209,0.06464542,-0.66800267,9.555551
52.251,0.05506832,-0.66321415,9.553157
52.279,0.052674048,-0.6751855,9.569917
52.313,0.05506832,-0.6847626,9.565128
52.349,0.052674048,-0.679974,9.562734
52.378,0.06464542,-0.6656084,9.569917
52.408,0.047885496,-0.6703969,9.562734
52.447,0.043096945,-0.6703969,9.567522
52.481,0.026337024,-0.66800267,9.57231
52.511,0.035914123,-0.67279124,9.562734
52.548,0.047885496,-0.679974,9.565128
52.578,0.04070267,-0.67757976,9.567522
52.608,0.04070267,-0.6656084,9.565128
52.648,0.052674048,-0.6608198,9.553157
52.677,0.052674048,-0.68715686,9.58907
52.717,0.07422252,-0.68236834,9.567522
52.748,0.05506832,-0.6751855,9.553157
52.777,0.05506832,-0.6703969,9.581888
52.817,0.062251143,-0.6656084,9.57231
52.849,0.06464542,-0.6703969,9.545974
52.877,0.06464542,-0.6847626,9.565128
52.920,0.05506832,-0.67279124,9.577099
52.949,0.05506832,-0.67279124,9.557945
52.988,0.045491222,-0.6895511,9.581888
53.017,0.043096945,-0.67279124,9.57231
53.050,0.05985687,-0.66321415,9.557945
53.079,0.062251143,-0.679974,9.565128
53.118,0.06943397,-0.67279124,9.5794935
53.149,0.047885496,-0.679974,9.557945
53.189,0.057462595,-0.66321415,9.5483675
53.218,0.06464542,-0.679974,9.560339
53.250,0.038308397,-0.6751855,9.562734
53.289,0.052674048,-0.68236834,9.567522
53.318,0.052674048,-0.6656084,9.553157
53.348,0.05027977,-0.6751855,9.591465
53.389,0.05506832,-0.6751855,9.562734
53.418,0.052674048,-0.6751855,9.567522
53.449,0.057462595,-0.67757976,9.5794935
53.489,0.057462595,-0.66800267,9.555551
53.517,0.057462595,-0.67279124,9.5794935
53.550,0.06464542,-0.67279124,9.577099
53.591,0.045491222,-0.67757976,9.555551
53.620,0.047885496,-0.6751855,9.562734
53.660,0.045491222,-0.68236834,9.5794935
53.692,0.04070267,-0.67279124,9.567522
53.720,0.05027977,-0.679974,9.567522
53.758,0.05027977,-0.68715686,9.574705
53.791,0.052674048,-0.66800267,9.5794935
53.828,0.05506832,-0.66800267,9.562734
53.858,0.05027977,-0.6895511,9.584282
53.890,0.05027977,-0.67757976,9.569917
53.928,0.05027977,-0.68236834,9.555551
53.956,0.06464542,-0.67757976,9.565128
53.988,0.047885496,-0.67279124,9.569917
54.030,0.05027977,-0.67279124,9.58907
54.059,0.04070267,-0.6703969,9.567522
54.089,0.062251143,-0.6943397,9.562734
54.120,0.045491222,-0.69673395,9.562734
54.158,0.0670397,-0.6751855,9.562734
54.190,0.062251143,-0.67279124,9.57231
54.230,0.062251143,-0.68236834,9.555551
54.258,0.06943397,-0.6751855,9.562734
54.290,0.0670397,-0.6751855,9.555551
54.330,0.06464542,-0.6703969,9.562734
54.358,0.043096945,-0.67757976,9.577099
54.390,0.07901107,-0.6703969,9.565128
54.430,0.052674048,-0.66800267,9.560339
54.458,0.05506832,-0.679974,9.577099
54.496,0.052674048,-0.66800267,9.565128
54.528,0.03351985,-0.67279124,9.565128
54.557,0.057462595,-0.67279124,9.569917
54.599,0.062251143,-0.6751855,9.562734
54.629,0.045491222,-0.67757976,9.57231
54.658,0.06464542,-0.6751855,9.5794935
54.697,0.057462595,-0.65842557,9.574705
54.729,0.05506832,-0.67279124,9.560339
54.771,0.05027977,-0.6751855,9.57231
54.798,0.06464542,-0.66800267,9.560339
54.828,0.05985687,-0.6751855,9.569917
54.868,0.04070267,-0.67757976,9.584282
54.898,0.062251143,-0.6751855,9.569917
54.929,0.06464542,-0.6895511,9.567522
54.967,0.035914123,-0.66800267,9.5483675
54.997,0.062251143,-0.6751855,9.557945
55.028,0.05506832,-0.6656084,9.562734
55.069,0.047885496,-0.6847626,9.57231
55.098,0.06464542,-0.67279124,9.545974
55.131,0.057462595,-0.66321415,9.57231
55.171,0.052674048,-0.67757976,9.557945
55.199,0.052674048,-0.679974,9.567522
55.231,0.05506832,-0.66800267,9.560339
55.270,0.045491222,-0.69194543,9.574705
55.297,0.062251143,-0.6703969,9.584282
55.339,0.043096945,-0.6943397,9.574705
55.371,0.05506832,-0.67757976,9.581888
55.398,0.057462595,-0.68236834,9.577099
55.438,0.038308397,-0.67279124,9.567522
55.469,0.05985687,-0.67279124,9.5483675
55.500,0.03351985,-0.68236834,9.569917
55.537,0.045491222,-0.6751855,9.574705
55.570,0.06943397,-0.6560313,9.565128
55.612,0.05027977,-0.7015225,9.567522
55.640,0.052674048,-0.6751855,9.555551
55.669,0.043096945,-0.68715686,9.560339
55.709,0.043096945,-0.69194543,9.565128
55.738,0.05985687,-0.679974,9.57231
55.769,0.043096945,-0.6560313,9.560339
55.809,0.071828246,-0.68715686,9.5794935
55.839,0.052674048,-0.6560313,9.555551
55.869,0.047885496,-0.66321415,9.57231
55.910,0.0670397,-0.66800267,9.565128
55.937,0.043096945,-0.6847626,9.569917
55.968,0.08140534,-0.67757976,9.560339
56.010,0.05506832,-0.67757976,9.584282
56.039,0.0670397,-0.679974,9.560339
56.071,0.045491222,-0.679974,9.565128
56.110,0.05506832,-0.6751855,9.560339
56.139,0.043096945,-0.679974,9.584282
56.170,0.05506832,-0.68236834,9.562734
56.212,0.05027977,-0.679974,9.569917
56.239,0.06464542,-0.67757976,9.541185
56.279,0.052674048,-0.6608198,9.565128
56.312,0.057462595,-0.6703969,9.5794935
56.339,0.043096945,-0.68236834,9.562734
56.379,0.043096945,-0.68236834,9.565128
56.411,0.05506832,-0.6751855,9.5483675
56.439,0.05506832,-0.6751855,9.57231
56.479,0.05027977,-0.67757976,9.57231
56.509,0.0670397,-0.6608198,9.550762
56.540,0.05027977,-0.69194543,9.560339
56.579,0.062251143,-0.679974,9.567522
56.610,0.05027977,-0.68236834,9.550762
56.649,0.043096945,-0.67279124,9.574705
56.679,0.052674048,-0.67279124,9.560339
56.710,0.06943397,-0.66800267,9.562734
56.753,0.05027977,-0.6703969,9.567522
56.779,0.05027977,-0.66321415,9.581888
56.810,0.05027977,-0.6751855,9.562734
56.849,0.0670397,-0.6656084,9.555551
56.878,0.04070267,-0.6656084,9.586677
56.909,0.062251143,-0.6847626,9.569917
56.949,0.05027977,-0.67757976,9.565128
56.977,0.05985687,-0.6751855,9.567522
57.018,0.062251143,-0.68236834,9.569917
57.051,0.05985687,-0.679974,9.562734
57.080,0.05506832,-0.6703969,9.569917
57.112,0.047885496,-0.68236834,9.574705
57.150,0.05506832,-0.68236834,9.562734
57.179,0.05027977,-0.66800267,9.560339
57.220,0.05985687,-0.67757976,9.565128
57.250,0.071828246,-0.66800267,9.567522
57.280,0.05985687,-0.68236834,9.57231
57.318,0.052674048,-0.6703969,9.569917
57.350,0.052674048,-0.67757976,9.569917
57.390,0.062251143,-0.68236834,9.560339
57.417,0.06943397,-0.679974,9.555551
57.450,0.043096945,-0.66321415,9.560339
57.488,0.04070267,-0.6751855,9.557945
57.517,0.05506832,-0.6703969,9.567522
57.550,0.043096945,-0.6656084,9.5794935
57.590,0.0670397,-0.68236834,9.567522
57.619,0.052674048,-0.66321415,9.565128
57.651,0.05506832,-0.68236834,9.581888
57.690,0.05506832,-0.6656084,9.586677
57.719,0.062251143,-0.679974,9.555551
57.751,0.06464542,-0.679974,9.562734
57.790,0.05027977,-0.6751855,9.5794935
57.817,0.057462595,-0.6847626,9.553157
57.850,0.057462595,-0.66800267,9.565128
57.890,0.05027977,-0.6847626,9.57231
57.919,0.0670397,-0.6895511,9.557945
57.959,0.05506832,-0.679974,9.5794935
57.990,0.057462595,-0.66800267,9.560339
58.019,0.057462595,-0.67279124,9.557945
58.059,0.0670397,-0.67279124,9.591465
58.090,0.04070267,-0.6847626,9.562734
58.119,0.05985687,-0.68236834,9.555551
58.158,0.045491222,-0.66800267,9.574705
58.191,0.0670397,-0.67279124,9.57231
58.231,0.057462595,-0.6751855,9.569917
58.258,0.07422252,-0.67279124,9.557945
58.290,0.047885496,-0.69194543,9.569917
58.330,0.06943397,-0.6751855,9.553157
58.359,0.05985687,-0.67279124,9.569917
58.390,0.06943397,-0.6847626,9.584282
58.430,0.05506832,-0.66800267,9.569917
58.458,0.07422252,-0.6656084,9.565128
58.489,0.06464542,-0.6751855,9.574705
58.529,0.057462595,-0.68236834,9.577099
58.558,0.05985687,-0.67279124,9.557945
58.591,0.045491222,-0.6847626,9.567522
58.630,0.045491222,-0.67757976,9.57231
58.658,0.052674048,-0.6703969,9.560339
58.699,0.04070267,-0.66321415,9.584282
58.732,0.052674048,-0.679974,9.591465
58.759,0.045491222,-0.67279124,9.553157
58.800,0.043096945,-0.67757976,9.581888
58.830,0.045491222,-0.67279124,9.557945
58.858,0.062251143,-0.6560313,9.565128
58.898,0.052674048,-0.68236834,9.555551
58.926,0.05027977,-0.679974,9.560339
58.969,0.04070267,-0.6656084,9.567522
58.998,0.04070267,-0.6703969,9.565128
59.029,0.05506832,-0.6656084,9.569917
59.069,0.052674048,-0.6751855,9.581888
59.100,0.05506832,-0.67279124,9.567522
59.130,0.06943397,-0.67279124,9.584282
59.160,0.057462595,-0.66321415,9.565128
59.200,0.045491222,-0.6847626,9.57231
59.231,0.045491222,-0.6703969,9.557945
59.271,0.062251143,-0.6847626,9.562734
59.299,0.05506832,-0.6656084,9.577099
59.330,0.047885496,-0.679974,9.567522
59.370,0.052674048,-0.66800267,9.560339
59.399,0.04070267,-0.66800267,9.567522
59.430,0.052674048,-0.6847626,9.557945
59.469,0.05985687,-0.68236834,9.560339
59.498,0.043096945,-0.6703969,9.574705
59.538,0.057462595,-0.6703969,9.577099
59.569,0.035914123,-0.67757976,9.574705
59.598,0.0670397,-0.68236834,9.555551
59.631,0.05985687,-0.69194543,9.560339
59.672,0.045491222,-0.679974,9.555551
59.700,0.05985687,-0.679974,9.574705
59.740,0.076616794,-0.67757976,9.565128
59.772,0.057462595,-0.67279124,9.555551
59.803,0.04070267,-0.67279124,9.557945
59.839,0.05027977,-0.6703969,9.569917
59.870,0.05985687,-0.66321415,9.562734
59.904,0.057462595,-0.6847626,9.5794935
59.933,0.062251143,-0.68715686,9.567522
59.969,0.05027977,-0.6608198,9.57231
