timestamp,x,y,z
00.004,0.0023942748,0.028731298,9.744699
00.022,0.016759925,0.026337024,9.730332
00.055,0.019154198,0.021548472,9.72315
00.096,0.026337024,0.028731298,9.725544
00.123,0.011971374,0.035914123,9.735122
00.155,0.019154198,0.031125572,9.744699
00.195,0.014365649,0.016759925,9.737515
00.222,0.0047885496,0.04070267,9.737515
00.256,0.023942748,0.031125572,9.730332
00.296,0.023942748,0.019154198,9.7135725
00.323,0.011971374,0.023942748,9.727939
00.356,0.031125572,0.028731298,9.73991
00.396,0.016759925,0.026337024,9.720756
00.438,0.0023942748,0.021548472,9.720756
00.463,0.031125572,0.019154198,9.737515
00.495,0.0071828244,0.028731298,9.730332
00.536,0.031125572,0.038308397,9.730332
00.562,0.011971374,0.031125572,9.732727
00.596,0.0071828244,0.026337024,9.732727
00.636,0.021548472,0.021548472,9.727939
00.662,0.019154198,0.028731298,9.732727
00.696,0.026337024,0.028731298,9.732727
00.736,0.021548472,0.045491222,9.73991
00.763,0.019154198,0.04070267,9.727939
00.796,0.021548472,0.028731298,9.718362
00.836,0.0047885496,0.035914123,9.735122
00.863,0.014365649,0.043096945,9.735122
00.896,0.011971374,0.04070267,9.720756
00.936,0.019154198,0.031125572,9.727939
00.962,0.021548472,0.031125572,9.73991
00.995,0.0047885496,0.023942748,9.727939
01.035,0.019154198,0.038308397,9.730332
01.066,0.028731298,0.026337024,9.744699
01.095,0.031125572,0.014365649,9.727939
01.136,0.023942748,0.026337024,9.727939
01.163,0.011971374,0.023942748,9.715967
01.206,0.011971374,0.03351985,9.725544
01.235,0.0,0.03351985,9.744699
01.276,0.019154198,0.011971374,9.727939
01.303,0.019154198,0.035914123,9.711179
01.335,0.016759925,0.023942748,9.730332
01.377,0.014365649,0.03351985,9.744699
01.402,0.019154198,0.045491222,9.747093
01.436,0.016759925,0.023942748,9.718362
01.475,0.023942748,0.011971374,9.718362
01.503,0.023942748,0.026337024,9.730332
01.535,0.011971374,0.019154198,9.737515
01.575,0.019154198,0.026337024,9.73991
01.602,0.028731298,0.031125572,9.73991
01.635,0.023942748,0.035914123,9.742304
01.676,0.014365649,0.019154198,9.735122
01.702,0.014365649,0.028731298,9.70639
01.736,0.014365649,0.031125572,9.727939
01.775,0.011971374,0.016759925,9.747093
01.802,0.021548472,0.019154198,9.730332
01.836,0.023942748,0.038308397,9.744699
01.876,0.011971374,0.028731298,9.744699
01.902,0.023942748,0.023942748,9.72315
01.935,0.009577099,0.035914123,9.732727
01.976,0.026337024,0.035914123,9.725544
02.002,0.014365649,0.026337024,9.744699
02.036,0.016759925,0.028731298,9.725544
02.075,0.011971374,0.03351985,9.730332
02.103,0.028731298,0.031125572,9.735122
02.136,0.028731298,0.021548472,9.730332
02.176,0.014365649,0.023942748,9.737515
02.215,0.019154198,0.019154198,9.735122
02.242,0.023942748,0.038308397,9.7135725
02.275,0.031125572,0.019154198,9.737515
02.315,0.014365649,0.028731298,9.73991
02.342,-0.0071828244,0.04070267,9.725544
02.375,0.019154198,0.038308397,9.730332
02.415,0.019154198,0.026337024,9.715967
02.444,0.0071828244,0.016759925,9.735122
02.475,0.021548472,0.03351985,9.725544
02.515,0.011971374,0.043096945,9.73991
02.542,0.016759925,0.045491222,9.732727
02.577,0.016759925,0.031125572,9.72315
02.617,0.028731298,0.028731298,9.749487
02.642,0.031125572,0.035914123,9.742304
02.676,0.0071828244,0.028731298,9.735122
02.717,0.019154198,0.019154198,9.742304
02.742,0.009577099,0.014365649,9.742304
02.777,0.03351985,0.031125572,9.7135725
02.817,0.019154198,0.043096945,9.715967
02.842,0.019154198,0.021548472,9.742304
02.876,0.016759925,0.031125572,9.72315
02.915,0.028731298,0.019154198,9.720756
02.943,0.028731298,0.026337024,9.730332
02.982,0.021548472,0.028731298,9.730332
03.015,0.026337024,0.031125572,9.732727
03.056,0.0047885496,0.014365649,9.744699
03.082,0.0071828244,0.038308397,9.737515
03.115,0.016759925,0.038308397,9.730332
03.155,0.03351985,0.028731298,9.747093
03.182,0.019154198,0.031125572,9.732727
03.218,0.0071828244,0.023942748,9.730332
03.245,0.019154198,0.016759925,9.732727
03.281,0.014365649,0.05027977,9.727939
03.316,0.026337024,0.026337024,9.732727
03.356,0.0047885496,0.031125572,9.725544
03.382,0.038308397,0.026337024,9.737515
03.415,0.019154198,0.028731298,9.742304
03.456,0.021548472,0.03351985,9.72315
03.482,0.016759925,0.028731298,9.735122
03.516,0.0,0.026337024,9.730332
03.555,0.03351985,0.03351985,9.761458
03.582,0.011971374,0.021548472,9.737515
03.616,0.04070267,0.04070267,9.720756
03.659,0.023942748,0.016759925,9.730332
03.682,0.021548472,0.03351985,9.730332
03.722,0.031125572,0.026337024,9.737515
03.755,0.021548472,0.031125572,9.732727
03.794,0.028731298,0.035914123,9.7135725
03.825,0.023942748,0.035914123,9.715967
03.856,0.011971374,0.026337024,9.72315
03.896,0.028731298,0.028731298,9.72315
03.922,0.03351985,0.016759925,9.73991
03.956,0.023942748,0.021548472,9.725544
03.994,0.019154198,0.028731298,9.718362
04.021,0.026337024,0.031125572,9.744699
04.055,0.014365649,0.028731298,9.730332
04.095,0.0071828244,0.014365649,9.744699
04.122,0.021548472,0.014365649,9.735122
04.155,0.0071828244,0.021548472,9.737515
04.196,0.0047885496,0.035914123,9.718362
04.220,0.031125572,0.014365649,9.747093
04.254,0.028731298,0.026337024,9.737515
04.294,0.0071828244,0.019154198,9.73991
04.322,0.023942748,0.038308397,9.711179
04.355,0.019154198,0.031125572,9.730332
04.396,0.0047885496,0.026337024,9.715967
04.421,0.03351985,0.035914123,9.737515
04.455,0.023942748,0.011971374,9.732727
04.496,0.028731298,0.026337024,9.72315
04.524,0.021548472,0.035914123,9.737515
04.556,0.0071828244,0.026337024,9.73991
04.595,0.0023942748,0.03351985,9.737515
04.634,0.014365649,0.021548472,9.730332
04.662,0.023942748,0.023942748,9.725544
04.694,0.021548472,0.035914123,9.742304
04.736,0.0071828244,0.028731298,9.730332
04.763,0.016759925,0.035914123,9.744699
04.796,0.021548472,0.04070267,9.742304
04.835,0.016759925,0.026337024,9.73991
04.861,0.026337024,0.023942748,9.725544
04.895,0.011971374,0.023942748,9.732727
04.937,0.031125572,0.023942748,9.730332
04.962,0.023942748,0.021548472,9.742304
04.995,0.019154198,0.019154198,9.72315
05.035,0.019154198,0.028731298,9.715967
05.063,0.031125572,0.028731298,9.735122
05.095,0.03351985,0.021548472,9.725544
05.135,0.011971374,0.021548472,9.727939
05.162,0.014365649,0.026337024,9.730332
05.195,0.016759925,0.03351985,9.747093
05.235,0.011971374,0.03351985,9.737515
05.261,0.0071828244,0.0071828244,9.732727
05.296,0.028731298,0.026337024,9.730332
05.334,0.016759925,0.023942748,9.735122
05.374,0.009577099,0.026337024,9.720756
05.401,0.014365649,0.016759925,9.732727
05.434,0.021548472,0.028731298,9.725544
05.475,0.011971374,0.026337024,9.730332
05.501,0.023942748,0.016759925,9.732727
05.535,0.016759925,0.028731298,9.718362
05.575,0.03351985,0.019154198,9.730332
05.601,0.014365649,0.021548472,9.737515
05.635,0.028731298,0.023942748,9.7135725
05.675,0.038308397,0.043096945,9.7135725
05.702,0.0047885496,0.035914123,9.727939
05.735,0.009577099,0.031125572,9.720756
05.776,0.0023942748,0.026337024,9.735122
05.802,0.021548472,0.019154198,9.725544
05.838,0.016759925,0.031125572,9.744699
05.876,0.023942748,0.038308397,9.730332
05.902,0.028731298,0.035914123,9.735122
05.936,0.0071828244,0.031125572,9.735122
05.976,0.011971374,0.028731298,9.73991
06.002,0.028731298,0.031125572,9.744699
06.034,0.03351985,0.021548472,9.732727
06.075,0.031125572,0.016759925,9.742304
06.101,0.0047885496,0.021548472,9.727939
06.135,0.0,0.03351985,9.747093
06.175,0.031125572,0.031125572,9.725544
06.209,0.014365649,0.028731298,9.727939
06.241,0.035914123,0.03351985,9.727939
06.273,0.021548472,0.026337024,9.730332
06.315,0.021548472,0.035914123,9.727939
06.342,0.016759925,0.023942748,9.725544
06.376,0.016759925,0.019154198,9.727939
06.416,0.031125572,0.023942748,9.742304
06.446,0.021548472,0.035914123,9.732727
06.476,0.011971374,0.014365649,9.718362
06.514,0.028731298,0.019154198,9.730332
06.543,0.023942748,0.047885496,9.720756
06.575,0.021548472,0.031125572,9.725544
06.614,0.0071828244,0.026337024,9.727939
06.641,0.019154198,0.03351985,9.727939
06.674,0.009577099,0.028731298,9.73991
06.716,0.023942748,0.026337024,9.742304
06.741,0.026337024,0.009577099,9.72315
06.777,0.014365649,0.045491222,9.73991
06.814,0.023942748,0.028731298,9.718362
06.844,-0.0023942748,0.031125572,9.725544
06.882,0.023942748,0.038308397,9.7135725
06.915,0.028731298,0.026337024,9.732727
06.942,0.031125572,0.023942748,9.72315
06.975,0.031125572,0.04070267,9.70639
07.016,0.014365649,0.031125572,9.735122
07.043,0.023942748,0.035914123,9.735122
07.082,0.019154198,0.03351985,9.737515
07.115,0.016759925,0.03351985,9.75667
07.156,0.0023942748,0.021548472,9.725544
07.182,0.023942748,0.026337024,9.742304
07.214,0.028731298,0.0071828244,9.73991
07.255,0.019154198,0.031125572,9.727939
07.281,0.0,0.03351985,9.718362
07.315,0.009577099,0.038308397,9.72315
07.355,0.028731298,0.028731298,9.708784
07.381,0.023942748,0.021548472,9.711179
07.415,0.023942748,0.028731298,9.7135725
07.456,0.021548472,0.04070267,9.730332
07.481,0.028731298,0.026337024,9.73991
07.514,0.023942748,0.03351985,9.742304
07.556,0.0071828244,0.026337024,9.727939
07.584,0.019154198,0.016759925,9.737515
07.616,0.009577099,0.016759925,9.744699
07.654,-0.0023942748,0.021548472,9.725544
07.681,0.031125572,0.026337024,9.732727
07.715,0.03351985,0.016759925,9.744699
07.763,0.009577099,0.021548472,9.735122
07.782,0.021548472,0.04070267,9.72315
07.816,0.016759925,0.021548472,9.730332
07.854,0.028731298,0.03351985,9.727939
07.882,0.026337024,0.03351985,9.742304
07.921,0.019154198,0.023942748,9.735122
07.955,0.019154198,0.031125572,9.727939
07.996,0.016759925,0.03351985,9.737515
08.021,0.019154198,0.019154198,9.730332
08.054,0.028731298,0.019154198,9.737515
08.095,0.0071828244,0.043096945,9.718362
08.121,0.019154198,0.035914123,9.732727
08.155,0.009577099,0.021548472,9.725544
08.194,0.021548472,0.016759925,9.725544
08.221,0.028731298,0.038308397,9.730332
08.254,0.011971374,0.05985687,9.73991
08.295,0.043096945,0.028731298,9.742304
08.322,0.028731298,0.019154198,9.732727
08.355,0.023942748,0.014365649,9.737515
08.395,0.0047885496,0.04070267,9.718362
08.422,0.038308397,0.045491222,9.727939
08.454,0.04070267,0.045491222,9.735122
08.494,0.028731298,0.031125572,9.749487
08.522,0.011971374,0.014365649,9.727939
08.555,0.011971374,0.023942748,9.737515
08.594,0.011971374,0.021548472,9.715967
08.622,0.009577099,0.038308397,9.75667
08.662,0.023942748,0.031125572,9.747093
08.696,0.0071828244,0.023942748,9.744699
08.722,0.016759925,0.035914123,9.735122
08.762,0.026337024,0.026337024,9.72315
08.794,0.035914123,0.028731298,9.744699
08.834,0.011971374,0.009577099,9.715967
08.861,0.026337024,0.026337024,9.72315
08.896,0.023942748,0.047885496,9.727939
08.936,0.014365649,0.026337024,9.718362
08.962,0.026337024,0.03351985,9.754275
08.995,0.009577099,0.016759925,9.737515
09.034,0.014365649,0.019154198,9.718362
09.061,0.021548472,0.023942748,9.727939
09.094,0.021548472,0.026337024,9.749487
09.135,0.021548472,0.026337024,9.720756
09.163,0.038308397,0.03351985,9.703996
09.197,0.014365649,0.031125572,9.749487
09.234,0.011971374,0.019154198,9.742304
09.260,0.021548472,0.014365649,9.732727
09.295,0.021548472,0.028731298,9.735122
09.334,0.023942748,0.016759925,9.727939
09.362,0.019154198,0.04070267,9.727939
09.395,0.009577099,0.04070267,9.735122
09.437,0.023942748,0.009577099,9.732727
09.462,0.023942748,0.035914123,9.744699
09.495,0.028731298,0.023942748,9.732727
09.534,0.016759925,0.035914123,9.730332
09.575,0.023942748,0.019154198,9.727939
09.601,0.031125572,0.028731298,9.73991
09.634,0.0071828244,0.028731298,9.744699
09.677,0.009577099,0.026337024,9.735122
09.696,0.019154198,0.035914123,9.720756
09.734,0.03351985,0.021548472,9.72315
09.778,0.03351985,0.014365649,9.730332
09.802,0.023942748,0.03351985,9.730332
09.835,0.021548472,0.031125572,9.732727
09.875,0.031125572,0.038308397,9.730332
09.901,0.016759925,0.026337024,9.732727
09.934,0.009577099,0.028731298,9.749487
09.976,0.021548472,0.023942748,9.725544
10.001,0.019154198,0.038308397,9.737515
10.034,0.0023942748,0.035914123,9.7135725
10.076,0.009577099,0.019154198,9.725544
10.101,0.021548472,0.023942748,9.737515
10.136,0.026337024,0.031125572,9.75667
10.175,0.031125572,0.03351985,9.72315
10.201,0.021548472,0.03351985,9.735122
10.242,0.023942748,0.028731298,9.730332
10.273,0.026337024,0.031125572,9.751882
10.301,0.0071828244,0.028731298,9.730332
10.336,0.019154198,0.019154198,9.742304
10.375,0.026337024,0.023942748,9.744699
10.418,0.026337024,0.03351985,9.727939
10.442,0.009577099,0.021548472,9.72315
10.476,0.016759925,0.023942748,9.730332
10.513,0.019154198,0.03351985,9.742304
10.540,0.009577099,0.043096945,9.744699
10.573,0.021548472,0.031125572,9.727939
10.613,0.023942748,0.035914123,9.737515
10.640,0.011971374,0.021548472,9.73991
10.676,0.014365649,0.023942748,9.725544
10.714,0.031125572,0.031125572,9.732727
10.738,0.026337024,0.016759925,9.737515
10.775,0.016759925,0.023942748,9.737515
10.814,0.016759925,0.028731298,9.718362
10.842,0.019154198,0.023942748,9.725544
10.876,0.023942748,0.043096945,9.720756
10.915,0.009577099,0.031125572,9.725544
10.943,0.009577099,0.026337024,9.732727
10.974,0.023942748,0.031125572,9.727939
11.017,0.009577099,0.038308397,9.732727
11.042,0.03351985,0.038308397,9.730332
11.074,0.0047885496,0.035914123,9.737515
11.114,0.021548472,0.021548472,9.73991
11.141,0.0071828244,0.019154198,9.725544
11.182,0.019154198,0.031125572,9.73991
11.214,0.009577099,0.028731298,9.742304
11.254,0.026337024,0.021548472,9.732727
11.280,0.028731298,0.038308397,9.727939
11.314,0.026337024,0.019154198,9.737515
11.354,0.014365649,0.038308397,9.742304
11.382,0.023942748,0.038308397,9.735122
11.414,0.05027977,0.043096945,9.725544
11.454,0.031125572,0.023942748,9.732727
11.483,0.026337024,0.026337024,9.735122
11.514,0.0047885496,0.03351985,9.730332
11.554,0.0,0.028731298,9.747093
11.581,-0.0023942748,0.009577099,9.72315
11.614,0.019154198,0.028731298,9.73991
11.654,0.009577099,0.031125572,9.730332
11.681,0.021548472,0.014365649,9.732727
11.714,0.014365649,0.035914123,9.732727
11.754,0.009577099,0.019154198,9.730332
11.780,0.014365649,0.035914123,9.725544
11.814,0.0023942748,0.021548472,9.759064
11.853,0.009577099,0.023942748,9.737515
11.881,0.019154198,0.031125572,9.715967
11.914,0.0023942748,0.031125572,9.720756
11.954,0.0071828244,0.023942748,9.735122
11.981,0.016759925,0.035914123,9.73991
12.022,0.021548472,0.03351985,9.727939
12.059,0.021548472,0.028731298,9.735122
12.094,0.023942748,0.026337024,9.72315
12.121,0.026337024,0.019154198,9.725544
12.152,0.0023942748,0.043096945,9.727939
12.192,0.009577099,0.026337024,9.735122
12.221,0.0071828244,0.043096945,9.727939
12.254,0.026337024,0.023942748,9.747093
12.293,0.03351985,0.021548472,9.751882
12.321,0.0071828244,0.03351985,9.718362
12.354,0.026337024,0.028731298,9.72315
12.393,0.026337024,0.035914123,9.727939
12.421,0.021548472,0.011971374,9.737515
12.454,0.011971374,0.023942748,9.718362
12.495,0.009577099,0.026337024,9.718362
12.521,0.011971374,0.031125572,9.742304
12.554,0.011971374,0.019154198,9.730332
12.594,0.023942748,0.026337024,9.725544
12.621,-0.0047885496,0.021548472,9.735122
12.654,0.028731298,0.026337024,9.73991
12.694,0.016759925,0.021548472,9.747093
12.720,0.038308397,0.028731298,9.725544
12.755,0.016759925,0.028731298,9.720756
12.794,0.03351985,0.0023942748,9.732727
12.821,0.026337024,0.021548472,9.720756
12.855,0.009577099,0.047885496,9.737515
12.894,0.014365649,0.028731298,9.73991
12.934,0.021548472,0.038308397,9.725544
12.961,0.0071828244,0.016759925,9.708784
12.994,0.019154198,0.028731298,9.727939
13.035,0.016759925,0.035914123,9.730332
13.061,0.0071828244,0.03351985,9.727939
13.093,0.021548472,0.019154198,9.735122
13.135,0.016759925,0.028731298,9.72315
13.160,0.0,0.028731298,9.725544
13.195,0.031125572,0.014365649,9.732727
13.234,0.03351985,0.04070267,9.744699
13.260,0.011971374,0.021548472,9.720756
13.293,0.023942748,0.019154198,9.742304
13.334,0.028731298,0.016759925,9.73991
13.360,0.021548472,0.026337024,9.725544
13.395,0.011971374,0.03351985,9.711179
13.435,0.026337024,0.021548472,9.727939
13.461,0.03351985,0.028731298,9.727939
13.494,0.023942748,0.023942748,9.725544
13.534,0.011971374,0.026337024,9.72315
13.560,0.0071828244,0.031125572,9.749487
13.601,0.0023942748,0.045491222,9.747093
13.633,0.026337024,0.03351985,9.72315
13.674,0.016759925,0.03351985,9.735122
13.700,0.016759925,0.026337024,9.73991
13.734,0.0023942748,0.021548472,9.735122
13.773,0.023942748,0.05027977,9.742304
13.801,0.019154198,0.0023942748,9.732727
13.834,0.019154198,0.026337024,9.732727
13.873,0.021548472,0.016759925,9.725544
13.901,0.023942748,0.023942748,9.725544
13.937,0.0071828244,0.035914123,9.718362
13.977,0.009577099,0.028731298,9.737515
14.001,0.009577099,0.035914123,9.725544
14.034,0.019154198,0.028731298,9.751882
14.074,0.0071828244,0.019154198,9.742304
14.100,0.009577099,0.023942748,9.73991
14.133,0.021548472,0.03351985,9.725544
14.173,0.019154198,0.028731298,9.747093
14.200,0.0,0.03351985,9.720756
14.236,0.023942748,0.026337024,9.744699
14.274,0.028731298,0.011971374,9.727939
14.300,0.014365649,0.016759925,9.735122
14.336,0.016759925,0.016759925,9.72315
14.375,0.016759925,0.016759925,9.725544
14.401,0.023942748,0.028731298,9.727939
14.434,0.031125572,0.028731298,9.720756
14.475,0.043096945,0.016759925,9.725544
14.501,0.021548472,0.011971374,9.732727
14.540,0.021548472,0.011971374,9.718362
14.577,0.011971374,0.035914123,9.744699
14.613,0.014365649,0.031125572,9.727939
14.641,0.026337024,0.021548472,9.720756
14.674,0.031125572,0.026337024,9.735122
14.714,0.014365649,0.026337024,9.730332
14.740,0.011971374,0.03351985,9.727939
14.774,0.021548472,0.016759925,9.727939
14.814,0.009577099,0.047885496,9.744699
14.839,0.019154198,0.038308397,9.747093
14.876,0.009577099,0.03351985,9.751882
14.915,0.019154198,0.021548472,9.725544
14.942,0.021548472,0.023942748,9.720756
14.974,0.026337024,0.028731298,9.72315
15.015,0.03351985,0.028731298,9.720756
15.041,0.019154198,0.026337024,9.720756
15.073,0.011971374,0.03351985,9.730332
15.115,-0.0047885496,0.023942748,9.725544
15.141,0.021548472,0.0071828244,9.751882
15.175,0.021548472,0.03351985,9.735122
15.214,0.023942748,0.019154198,9.732727
15.240,0.0071828244,0.028731298,9.70639
15.281,0.023942748,0.011971374,9.725544
15.313,0.011971374,0.023942748,9.715967
15.341,0.019154198,0.035914123,9.732727
15.381,0.0047885496,0.038308397,9.727939
15.415,0.019154198,0.026337024,9.727939
15.454,0.016759925,0.023942748,9.70639
15.480,0.023942748,0.021548472,9.720756
15.515,0.035914123,0.031125572,9.73991
15.557,0.021548472,0.011971374,9.703996
15.580,0.014365649,0.03351985,9.715967
15.613,0.016759925,0.021548472,9.732727
15.654,0.021548472,0.028731298,9.742304
15.681,0.019154198,0.028731298,9.715967
15.716,0.0047885496,0.031125572,9.732727
15.754,0.023942748,0.021548472,9.744699
15.780,0.021548472,0.023942748,9.73991
15.814,0.03351985,0.028731298,9.711179
15.853,0.0071828244,0.009577099,9.742304
15.882,0.0071828244,0.026337024,9.732727
15.915,0.016759925,0.03351985,9.737515
15.954,0.016759925,0.026337024,9.727939
15.983,0.021548472,0.023942748,9.72315
16.014,0.014365649,0.023942748,9.732727
16.052,-0.0047885496,0.028731298,9.727939
16.080,0.0071828244,0.026337024,9.732727
16.120,0.023942748,0.023942748,9.730332
16.153,0.014365649,0.038308397,9.732727
16.181,0.03351985,0.019154198,9.732727
16.219,0.014365649,0.023942748,9.737515
16.255,0.011971374,0.016759925,9.730332
16.282,0.03351985,0.016759925,9.720756
16.321,0.011971374,0.019154198,9.730332
16.354,0.028731298,0.019154198,9.727939
16.395,0.028731298,0.021548472,9.725544
16.421,0.014365649,0.026337024,9.735122
16.456,0.014365649,0.0023942748,9.737515
16.494,0.019154198,0.026337024,9.725544
16.522,0.0023942748,0.043096945,9.737515
16.555,0.026337024,0.023942748,9.725544
16.594,0.016759925,0.03351985,9.715967
16.621,0.03351985,0.03351985,9.732727
16.656,0.011971374,0.021548472,9.730332
16.695,0.016759925,0.023942748,9.730332
16.724,0.026337024,0.023942748,9.72315
16.754,0.021548472,0.026337024,9.744699
16.795,0.011971374,0.028731298,9.737515
16.820,0.031125572,0.026337024,9.7135725
16.856,0.038308397,0.03351985,9.742304
16.895,0.021548472,0.031125572,9.72315
16.922,0.011971374,0.028731298,9.72315
16.955,0.031125572,0.026337024,9.715967
16.996,0.019154198,0.014365649,9.727939
17.022,0.03351985,0.014365649,9.759064
17.063,0.031125572,0.023942748,9.725544
17.096,0.019154198,0.031125572,9.727939
17.135,0.014365649,0.021548472,9.732727
17.156,0.011971374,0.028731298,9.744699
17.194,0.021548472,0.031125572,9.747093
17.233,0.021548472,0.043096945,9.747093
17.260,0.021548472,0.023942748,9.718362
17.294,0.019154198,0.026337024,9.711179
17.341,0.016759925,0.031125572,9.73991
17.361,0.023942748,0.038308397,9.730332
17.394,0.023942748,0.028731298,9.735122
17.434,0.016759925,0.035914123,9.72315
17.461,0.019154198,0.03351985,9.732727
17.495,0.026337024,0.03351985,9.720756
17.536,0.019154198,0.04070267,9.73991
17.561,0.023942748,0.03351985,9.742304
17.594,-0.0023942748,0.038308397,9.735122
17.634,0.023942748,0.03351985,9.720756
17.662,0.023942748,0.031125572,9.737515
17.694,0.023942748,0.014365649,9.732727
17.735,0.0071828244,0.026337024,9.744699
17.761,0.028731298,0.028731298,9.725544
17.794,0.016759925,0.0071828244,9.718362
17.834,0.016759925,0.03351985,9.751882
17.889,0.014365649,0.045491222,9.744699
17.895,0.011971374,0.019154198,9.720756
17.935,0.021548472,0.011971374,9.725544
17.975,0.0023942748,0.031125572,9.737515
18.001,0.011971374,0.031125572,9.7135725
18.036,0.011971374,0.023942748,9.747093
18.076,0.019154198,0.043096945,9.732727
18.101,0.019154198,0.014365649,9.749487
18.135,0.023942748,0.019154198,9.737515
18.176,0.014365649,0.04070267,9.720756
18.201,0.014365649,0.031125572,9.73991
18.234,0.011971374,0.021548472,9.737515
18.273,0.019154198,0.0071828244,9.749487
18.301,0.026337024,0.031125572,9.742304
18.334,0.019154198,0.026337024,9.735122
18.374,0.028731298,0.019154198,9.727939
18.401,0.026337024,0.031125572,9.737515
18.435,0.0071828244,0.021548472,9.720756
18.478,0.035914123,0.023942748,9.732727
18.502,0.014365649,0.028731298,9.732727
18.535,0.019154198,0.03351985,9.730332
18.574,0.04070267,0.03351985,9.732727
18.601,0.014365649,0.026337024,9.73991
18.635,0.009577099,0.04070267,9.72315
18.675,-0.0071828244,0.035914123,9.730332
18.701,0.016759925,0.035914123,9.730332
18.741,0.0071828244,0.021548472,9.718362
18.774,0.0023942748,0.026337024,9.747093
18.815,0.023942748,0.021548472,9.749487
18.842,0.023942748,0.023942748,9.718362
18.875,0.031125572,0.028731298,9.737515
18.913,0.011971374,0.026337024,9.735122
18.942,0.014365649,0.023942748,9.735122
18.973,0.019154198,0.026337024,9.727939
19.015,0.028731298,0.03351985,9.711179
19.042,0.021548472,0.023942748,9.727939
19.073,0.009577099,0.035914123,9.747093
19.114,0.016759925,0.03351985,9.744699
19.140,0.016759925,0.028731298,9.727939
19.174,0.026337024,0.021548472,9.751882
19.213,0.026337024,0.028731298,9.747093
19.242,0.014365649,0.026337024,9.72315
19.273,0.021548472,0.021548472,9.732727
19.314,0.016759925,0.028731298,9.725544
19.341,0.021548472,0.035914123,9.737515
19.374,0.031125572,0.035914123,9.725544
19.413,0.014365649,0.014365649,9.744699
19.440,0.019154198,0.04070267,9.720756
19.474,0.04070267,0.026337024,9.732727
19.514,0.047885496,0.038308397,9.735122
19.542,0.016759925,0.026337024,9.737515
19.575,0.0023942748,0.04070267,9.718362
19.620,0.031125572,0.023942748,9.732727
19.654,0.0071828244,0.026337024,9.725544
19.676,0.016759925,0.031125572,9.732727
19.713,0.021548472,0.043096945,9.732727
19.754,0.0047885496,0.04070267,9.727939
19.782,0.026337024,0.016759925,9.718362
19.815,0.014365649,0.023942748,9.727939
19.855,0.026337024,0.03351985,9.725544
19.883,0.031125572,0.026337024,9.72315
19.915,0.016759925,0.035914123,9.737515
19.955,0.028731298,0.019154198,9.737515
19.982,0.019154198,0.031125572,9.742304
20.014,0.023942748,0.035914123,9.727939
20.055,0.031125572,0.016759925,9.727939
20.082,0.023942748,0.038308397,9.730332
20.114,0.035914123,0.009577099,9.732727
20.156,0.019154198,0.031125572,9.737515
20.182,0.014365649,0.035914123,9.742304
20.214,0.0047885496,0.04070267,9.725544
20.254,0.014365649,0.021548472,9.737515
20.282,0.016759925,0.023942748,9.735122
20.314,0.023942748,0.019154198,9.744699
20.355,0.023942748,0.035914123,9.744699
20.382,0.028731298,0.031125572,9.735122
20.415,0.019154198,0.031125572,9.727939
20.455,0.021548472,0.031125572,9.735122
20.482,0.031125572,0.028731298,9.727939
20.521,0.016759925,0.038308397,9.742304
20.555,0.0023942748,0.026337024,9.725544
20.584,0.009577099,0.021548472,9.732727
20.621,0.028731298,0.021548472,9.735122
20.656,0.026337024,0.028731298,9.730332
20.697,0.028731298,0.016759925,9.732727
20.721,0.009577099,0.023942748,9.725544
20.755,0.021548472,0.028731298,9.73991
20.794,0.026337024,0.016759925,9.730332
20.822,0.026337024,0.043096945,9.730332
20.854,0.011971374,0.028731298,9.747093
20.895,0.016759925,0.026337024,9.711179
20.921,0.031125572,0.03351985,9.725544
20.956,0.016759925,0.047885496,9.72315
20.996,0.021548472,0.021548472,9.7135725
21.021,0.009577099,0.011971374,9.742304
21.056,0.021548472,0.028731298,9.735122
21.096,0.016759925,0.019154198,9.727939
21.122,0.019154198,0.021548472,9.737515
21.155,0.009577099,0.023942748,9.735122
21.194,0.0071828244,0.023942748,9.73991
21.221,0.014365649,0.026337024,9.73991
21.261,0.016759925,0.03351985,9.744699
21.296,0.023942748,0.026337024,9.730332
21.322,0.011971374,0.023942748,9.727939
21.362,0.021548472,0.045491222,9.72315
21.395,0.0071828244,0.019154198,9.720756
21.434,0.021548472,0.028731298,9.730332
21.461,0.026337024,0.021548472,9.732727
21.495,0.021548472,0.028731298,9.730332
21.535,0.016759925,0.028731298,9.720756
21.560,0.026337024,0.026337024,9.727939
21.596,0.031125572,0.026337024,9.732727
21.636,0.016759925,0.043096945,9.737515
21.663,0.0,0.023942748,9.742304
21.695,0.026337024,0.031125572,9.735122
21.735,0.021548472,0.035914123,9.735122
21.762,0.026337024,0.035914123,9.732727
21.794,0.023942748,0.03351985,9.737515
21.835,0.009577099,0.014365649,9.737515
21.861,0.014365649,0.03351985,9.732727
21.895,0.011971374,0.026337024,9.725544
21.934,0.0023942748,0.028731298,9.742304
21.962,0.028731298,0.023942748,9.720756
21.994,0.016759925,0.016759925,9.732727
22.035,0.023942748,0.021548472,9.732727
22.061,0.023942748,0.023942748,9.742304
22.100,0.016759925,0.026337024,9.759064
22.135,0.0071828244,0.023942748,9.73991
22.162,0.011971374,0.023942748,9.72315
22.201,0.011971374,0.035914123,9.72315
22.235,0.016759925,0.03351985,9.737515
22.274,0.021548472,0.021548472,9.749487
22.302,0.0047885496,0.023942748,9.720756
22.335,0.014365649,0.03351985,9.749487
22.364,0.03351985,0.023942748,9.727939
22.402,0.016759925,0.026337024,9.720756
22.435,0.019154198,0.021548472,9.725544
22.474,0.014365649,0.035914123,9.7135725
22.498,0.014365649,0.03351985,9.701602
22.535,0.0047885496,0.03351985,9.732727
22.575,0.011971374,0.019154198,9.718362
22.601,0.016759925,0.028731298,9.73991
22.635,0.026337024,0.031125572,9.747093
22.675,0.021548472,0.03351985,9.742304
22.703,0.021548472,0.011971374,9.725544
22.735,0.016759925,0.028731298,9.732727
22.774,0.009577099,0.035914123,9.732727
22.801,0.009577099,0.021548472,9.737515
22.835,0.016759925,0.011971374,9.72315
22.874,0.023942748,0.023942748,9.72315
22.901,0.028731298,0.031125572,9.744699
22.936,0.028731298,0.019154198,9.732727
22.976,-0.0023942748,0.016759925,9.720756
23.014,-0.009577099,0.031125572,9.730332
23.042,0.028731298,0.03351985,9.735122
23.074,0.023942748,0.035914123,9.732727
23.115,0.014365649,0.019154198,9.73991
23.141,0.014365649,0.023942748,9.735122
23.175,0.028731298,0.026337024,9.737515
23.216,0.0,0.028731298,9.732727
23.243,0.031125572,0.04070267,9.718362
23.275,0.019154198,0.0023942748,9.732727
23.314,0.011971374,0.019154198,9.735122
23.341,0.038308397,0.035914123,9.732727
23.374,0.021548472,0.03351985,9.727939
23.415,0.026337024,0.016759925,9.727939
23.441,0.043096945,0.019154198,9.718362
23.476,0.019154198,0.026337024,9.749487
23.514,0.014365649,0.011971374,9.727939
23.542,0.009577099,0.03351985,9.732727
23.578,0.0047885496,0.038308397,9.735122
23.614,0.026337024,0.026337024,9.720756
23.641,0.026337024,0.047885496,9.727939
23.676,0.023942748,0.021548472,9.711179
23.714,0.026337024,0.03351985,9.73991
23.742,0.021548472,0.019154198,9.72315
23.781,0.021548472,0.043096945,9.72315
23.815,0.023942748,0.038308397,9.75667
23.842,0.021548472,0.023942748,9.725544
23.882,0.026337024,0.026337024,9.732727
23.915,0.0047885496,0.031125572,9.732727
23.956,-0.0071828244,0.026337024,9.720756
23.980,0.009577099,0.019154198,9.737515
24.016,0.023942748,0.026337024,9.725544
24.054,0.016759925,0.038308397,9.715967
24.085,-0.0071828244,0.019154198,9.749487
24.114,0.0047885496,0.043096945,9.727939
24.154,0.0071828244,0.0071828244,9.720756
24.180,0.014365649,0.038308397,9.735122
24.214,0.011971374,0.014365649,9.754275
24.246,0.016759925,0.026337024,9.735122
24.281,0.023942748,0.019154198,9.715967
24.315,0.028731298,0.026337024,9.73991
24.355,0.019154198,0.028731298,9.749487
24.382,0.0047885496,0.028731298,9.730332
24.415,0.011971374,0.009577099,9.725544
24.454,0.009577099,0.019154198,9.720756
24.481,0.035914123,0.026337024,9.725544
24.515,0.014365649,0.021548472,9.725544
24.558,0.035914123,0.026337024,9.735122
24.582,0.026337024,0.021548472,9.72315
24.615,0.0023942748,0.023942748,9.718362
24.657,0.019154198,0.03351985,9.730332
24.682,0.016759925,0.028731298,9.725544
24.716,0.03351985,0.014365649,9.718362
24.755,0.023942748,0.023942748,9.720756
24.795,0.031125572,0.028731298,9.73991
24.822,0.04070267,0.026337024,9.742304
24.855,0.019154198,0.038308397,9.725544
24.896,0.021548472,0.031125572,9.742304
24.922,0.0023942748,0.052674048,9.727939
24.959,0.031125572,0.026337024,9.732727
24.995,0.023942748,0.021548472,9.73991
25.023,0.016759925,0.045491222,9.732727
25.054,0.014365649,0.035914123,9.735122
25.096,0.023942748,0.031125572,9.730332
25.122,0.021548472,0.035914123,9.744699
25.156,0.011971374,0.03351985,9.72315
25.195,0.023942748,0.045491222,9.732727
25.223,0.031125572,0.031125572,9.732727
25.255,0.021548472,0.019154198,9.730332
25.294,0.011971374,0.023942748,9.725544
25.321,0.019154198,0.04070267,9.727939
25.355,0.026337024,0.011971374,9.735122
25.396,0.009577099,0.031125572,9.737515
25.422,0.026337024,0.038308397,9.735122
25.457,0.019154198,0.038308397,9.742304
25.495,0.019154198,0.023942748,9.718362
25.526,0.019154198,0.028731298,9.730332
25.562,0.021548472,0.026337024,9.737515
25.600,0.023942748,0.026337024,9.725544
25.638,0.016759925,0.026337024,9.732727
25.663,0.011971374,0.038308397,9.732727
25.694,0.016759925,0.038308397,9.730332
25.736,0.011971374,0.026337024,9.737515
25.763,-0.0047885496,0.031125572,9.725544
25.797,0.023942748,0.014365649,9.727939
25.836,0.009577099,0.05027977,9.725544
25.863,0.028731298,0.045491222,9.730332
25.897,0.021548472,0.0071828244,9.727939
25.934,0.0071828244,0.023942748,9.725544
25.962,0.0047885496,0.016759925,9.744699
25.996,0.019154198,0.019154198,9.732727
26.035,0.0071828244,0.026337024,9.718362
26.062,0.023942748,0.026337024,9.730332
26.096,0.009577099,0.014365649,9.735122
26.134,0.023942748,0.031125572,9.735122
26.163,0.0047885496,0.026337024,9.7135725
26.195,0.023942748,0.047885496,9.737515
26.238,0.011971374,0.03351985,9.747093
26.261,0.023942748,0.035914123,9.735122
26.295,0.014365649,0.038308397,9.735122
26.336,0.026337024,0.028731298,9.725544
26.362,0.016759925,0.028731298,9.720756
26.401,0.016759925,0.026337024,9.715967
26.436,0.009577099,0.019154198,9.720756
26.475,0.019154198,0.035914123,9.727939
26.502,0.023942748,0.031125572,9.737515
26.535,0.026337024,0.023942748,9.727939
26.576,0.035914123,0.031125572,9.742304
26.603,0.0,0.028731298,9.744699
26.636,0.031125572,0.023942748,9.720756
26.677,0.026337024,0.028731298,9.73991
26.703,0.016759925,0.028731298,9.735122
26.735,0.009577099,0.026337024,9.725544
26.775,0.021548472,0.016759925,9.732727
26.803,0.026337024,0.031125572,9.744699
26.835,0.014365649,0.03351985,9.732727
26.877,0.038308397,0.028731298,9.747093
26.903,0.016759925,0.019154198,9.7135725
26.935,0.011971374,0.011971374,9.72315
26.975,0.019154198,0.021548472,9.715967
27.002,0.043096945,0.03351985,9.735122
27.034,0.023942748,0.028731298,9.718362
27.076,0.021548472,0.03351985,9.735122
27.102,0.0023942748,0.03351985,9.751882
27.135,0.014365649,0.021548472,9.730332
27.176,0.04070267,0.026337024,9.718362
27.217,0.038308397,0.026337024,9.737515
27.237,0.023942748,0.031125572,9.735122
27.274,0.016759925,0.019154198,9.75667
27.315,0.011971374,0.028731298,9.737515
27.341,0.014365649,0.021548472,9.727939
27.375,0.026337024,0.026337024,9.749487
27.416,0.0,0.031125572,9.737515
27.442,0.026337024,0.019154198,9.708784
27.477,0.021548472,0.028731298,9.735122
27.515,0.0,0.026337024,9.727939
27.542,0.016759925,0.035914123,9.747093
27.575,0.031125572,0.026337024,9.727939
27.616,0.021548472,0.026337024,9.735122
27.645,0.014365649,0.038308397,9.73991
27.674,0.031125572,0.011971374,9.7135725
27.715,0.019154198,0.021548472,9.73991
27.742,0.021548472,0.021548472,9.718362
27.775,0.021548472,0.021548472,9.727939
27.814,0.0023942748,0.028731298,9.730332
27.843,0.009577099,0.023942748,9.730332
27.875,0.014365649,0.014365649,9.747093
27.914,0.009577099,0.03351985,9.730332
27.942,0.028731298,0.014365649,9.72315
27.977,0.028731298,0.021548472,9.725544
28.016,0.019154198,0.021548472,9.72315
28.055,0.011971374,0.035914123,9.732727
28.077,0.021548472,0.031125572,9.747093
28.114,0.023942748,0.023942748,9.720756
28.155,0.021548472,0.028731298,9.744699
28.182,0.028731298,0.043096945,9.720756
28.215,0.009577099,0.023942748,9.715967
28.255,0.019154198,0.03351985,9.730332
28.282,0.016759925,0.023942748,9.742304
28.316,0.03351985,0.016759925,9.730332
28.354,0.043096945,0.023942748,9.735122
28.378,0.021548472,0.019154198,9.73991
28.416,0.026337024,0.031125572,9.732727
28.456,0.021548472,0.021548472,9.732727
28.482,0.0071828244,0.03351985,9.72315
28.515,0.014365649,0.021548472,9.737515
28.555,0.028731298,0.031125572,9.718362
28.581,0.009577099,0.035914123,9.720756
28.616,0.021548472,0.028731298,9.718362
28.654,0.0071828244,0.019154198,9.725544
28.682,0.028731298,0.03351985,9.727939
28.715,0.019154198,0.021548472,9.737515
28.755,0.0047885496,0.031125572,9.720756
28.781,0.023942748,0.023942748,9.727939
28.822,0.021548472,0.031125572,9.735122
28.855,0.023942748,0.021548472,9.725544
28.882,0.011971374,0.043096945,9.7135725
28.922,0.03351985,0.014365649,9.737515
28.955,0.009577099,0.035914123,9.715967
28.995,0.031125572,0.019154198,9.73991
29.022,0.011971374,0.019154198,9.751882
29.055,0.0,0.03351985,9.715967
29.095,0.019154198,0.035914123,9.749487
29.121,0.0047885496,0.03351985,9.720756
29.155,0.0071828244,0.019154198,9.742304
29.195,0.031125572,0.026337024,9.7135725
29.221,0.011971374,0.031125572,9.744699
29.254,0.011971374,0.019154198,9.744699
29.295,0.009577099,0.019154198,9.737515
29.322,0.016759925,0.009577099,9.72315
29.355,0.016759925,0.035914123,9.72315
29.396,0.0071828244,0.028731298,9.720756
29.422,0.011971374,0.026337024,9.727939
29.455,0.011971374,0.014365649,9.727939
29.496,0.026337024,0.04070267,9.725544
29.523,0.021548472,0.028731298,9.785401
29.555,0.031125572,0.038308397,9.725544
29.598,0.016759925,0.011971374,9.703996
29.622,0.0071828244,0.021548472,9.775824
29.655,-0.0071828244,0.019154198,9.730332
29.695,0.014365649,0.028731298,9.703996
29.722,0.021548472,0.011971374,9.72315
29.761,0.05506832,0.035914123,9.80695
29.794,-0.011971374,0.021548472,9.804555
29.835,0.03351985,0.062251143,9.725544
29.863,0.0071828244,0.0071828244,9.70639
29.894,0.0023942748,-0.021548472,9.778218
29.936,0.023942748,0.045491222,9.694419
29.957,0.0047885496,0.0,9.677659
29.996,-0.0023942748,0.011971374,9.72315
30.035,0.009577099,0.04070267,9.732727
30.062,0.028731298,0.0,9.730332
30.094,-0.0071828244,0.011971374,9.73991
30.136,0.06943397,0.023942748,9.701602
30.162,0.0023942748,0.014365649,9.727939
30.195,0.026337024,-0.0023942748,9.718362
30.237,0.021548472,0.028731298,9.821315
30.261,0.011971374,0.019154198,9.715967
30.295,0.038308397,0.014365649,9.735122
30.335,0.011971374,0.035914123,9.72315
30.362,0.05027977,0.009577099,9.70639
30.394,0.0023942748,0.023942748,9.742304
30.435,0.045491222,-0.0023942748,9.708784
30.461,0.0047885496,0.021548472,9.75667
30.495,0.05027977,0.0023942748,9.732727
30.535,-0.009577099,0.038308397,9.711179
30.575,0.05506832,0.014365649,9.72315
30.602,0.011971374,0.047885496,9.744699
30.635,0.038308397,0.031125572,9.699207
30.675,0.023942748,0.05506832,9.72315
30.702,0.014365649,0.011971374,9.7135725
30.733,0.031125572,0.062251143,9.761458
30.775,0.038308397,0.011971374,9.708784
30.801,0.0071828244,-0.0023942748,9.670476
30.834,-0.009577099,0.009577099,9.735122
30.875,0.021548472,0.014365649,9.684841
30.902,-0.019154198,0.062251143,9.699207
30.935,0.0670397,0.011971374,9.711179
30.975,-0.028731298,0.05506832,9.742304
31.002,0.045491222,0.047885496,9.751882
31.036,0.03351985,0.05985687,9.737515
31.076,0.043096945,0.05027977,9.759064
31.102,0.06464542,0.038308397,9.754275
31.135,0.0,0.0670397,9.720756
31.175,0.047885496,0.03351985,9.727939
31.201,-0.0023942748,0.05985687,9.744699
31.234,0.047885496,0.0047885496,9.720756
31.274,0.0,0.071828246,9.751882
31.301,0.031125572,0.016759925,9.72315
31.335,-0.0047885496,0.052674048,9.725544
31.376,0.026337024,0.043096945,9.715967
31.402,0.0023942748,0.043096945,9.747093
31.441,0.03351985,0.026337024,9.730332
31.474,0.0023942748,0.028731298,9.72315
31.514,0.028731298,0.028731298,9.727939
31.542,0.021548472,0.019154198,9.735122
31.575,0.0071828244,0.05027977,9.715967
31.615,0.023942748,0.026337024,9.73991
31.641,0.0,0.052674048,9.744699
31.676,0.05027977,0.0071828244,9.725544
31.714,0.0,0.028731298,9.727939
31.741,0.03351985,0.043096945,9.718362
31.774,0.0071828244,0.043096945,9.742304
31.814,0.045491222,0.028731298,9.727939
31.841,0.009577099,0.035914123,9.737515
31.876,0.038308397,0.021548472,9.747093
31.917,0.009577099,0.03351985,9.751882
31.941,0.014365649,0.045491222,9.725544
31.976,0.021548472,0.016759925,9.711179
32.017,0.0071828244,0.026337024,9.732727
32.041,0.03351985,0.009577099,9.732727
32.074,-0.0023942748,0.028731298,9.735122
32.115,0.038308397,0.026337024,9.730332
32.141,0.0047885496,0.035914123,9.742304
32.176,0.016759925,0.016759925,9.725544
32.217,0.0071828244,0.05027977,9.725544
32.244,0.023942748,0.019154198,9.73991
32.277,0.026337024,0.016759925,9.730332
32.315,0.03351985,0.016759925,9.732727
32.343,0.023942748,0.014365649,9.715967
32.376,0.0047885496,0.028731298,9.732727
32.414,0.023942748,0.021548472,9.725544
32.455,0.019154198,0.023942748,9.737515
32.481,0.019154198,0.014365649,9.7135725
32.514,0.019154198,0.04070267,9.701602
32.554,0.038308397,0.028731298,9.730332
32.583,-0.0047885496,0.016759925,9.754275
32.615,0.019154198,0.021548472,9.718362
32.656,0.0023942748,0.021548472,9.735122
32.683,0.026337024,0.0071828244,9.730332
32.715,0.019154198,0.031125572,9.725544
32.755,0.009577099,0.016759925,9.732727
32.782,0.021548472,0.009577099,9.730332
32.816,0.019154198,0.026337024,9.727939
32.856,-0.0071828244,0.019154198,9.742304
32.882,0.023942748,0.035914123,9.711179
32.914,0.04070267,0.03351985,9.730332
32.955,0.0023942748,0.026337024,9.718362
32.983,0.011971374,0.009577099,9.732727
33.015,0.016759925,0.023942748,9.73991
33.056,0.0023942748,0.03351985,9.727939
33.083,-0.0071828244,0.043096945,9.72315
33.116,0.0023942748,0.035914123,9.744699
33.155,0.028731298,0.026337024,9.735122
33.184,0.021548472,0.026337024,9.737515
33.216,0.035914123,0.0071828244,9.730332
33.256,0.016759925,0.038308397,9.737515
33.297,0.019154198,0.026337024,9.715967
33.322,0.014365649,0.031125572,9.715967
33.356,0.0047885496,0.026337024,9.751882
33.395,0.009577099,0.05027977,9.715967
33.422,0.031125572,0.014365649,9.730332
33.456,0.014365649,0.043096945,9.730332
33.496,0.026337024,0.028731298,9.727939
33.523,0.011971374,0.028731298,9.730332
33.555,0.028731298,0.023942748,9.727939
33.596,0.026337024,0.031125572,9.735122
33.622,0.023942748,0.035914123,9.727939
33.656,0.03351985,0.023942748,9.742304
33.696,0.031125572,0.014365649,9.737515
33.722,0.014365649,0.014365649,9.730332
33.756,0.0071828244,0.021548472,9.735122
33.795,0.028731298,0.028731298,9.735122
33.823,0.0071828244,0.035914123,9.715967
33.863,0.023942748,0.026337024,9.735122
33.895,0.014365649,0.016759925,9.70639
33.922,0.0023942748,0.014365649,9.744699
33.963,0.021548472,0.035914123,9.727939
33.998,0.023942748,0.011971374,9.725544
34.023,0.011971374,0.009577099,9.725544
34.069,0.019154198,0.016759925,9.732727
34.097,0.019154198,0.03351985,9.732727
34.135,0.011971374,0.019154198,9.732727
34.162,0.019154198,0.028731298,9.732727
34.195,0.026337024,0.031125572,9.737515
34.236,0.021548472,0.023942748,9.737515
34.262,0.019154198,0.028731298,9.730332
34.294,0.028731298,0.016759925,9.73991
34.336,0.014365649,0.043096945,9.749487
34.362,0.014365649,0.026337024,9.72315
34.395,0.019154198,0.03351985,9.732727
34.435,0.026337024,0.03351985,9.73991
34.462,-0.0047885496,0.026337024,9.732727
34.495,0.023942748,0.031125572,9.742304
34.534,0.011971374,0.035914123,9.7135725
34.562,0.0047885496,0.023942748,9.732727
34.595,0.026337024,0.03351985,9.720756
34.636,-0.0023942748,0.04070267,9.715967
34.661,0.026337024,0.038308397,9.744699
34.695,0.023942748,0.03351985,9.727939
34.736,0.03351985,0.028731298,9.759064
34.762,-0.035914123,-0.12450229,9.715967
34.796,0.028731298,-0.021548472,9.7135725
34.835,0.014365649,0.057462595,9.763853
34.876,0.031125572,0.011971374,9.648928
34.902,0.03351985,0.021548472,9.651321
34.935,0.031125572,0.03351985,9.735122
34.976,0.026337024,0.019154198,9.670476
35.003,0.016759925,0.019154198,9.711179
35.035,0.0047885496,0.0071828244,9.735122
35.075,0.016759925,0.03351985,9.7135725
35.102,0.019154198,0.026337024,9.744699
35.135,0.0023942748,0.019154198,9.7135725
35.177,0.011971374,0.04070267,9.742304
35.201,0.035914123,0.03351985,9.744699
35.239,0.023942748,0.026337024,9.732727
35.276,0.021548472,0.016759925,9.735122
35.302,0.019154198,0.0,9.751882
35.335,0.045491222,0.014365649,9.720756
35.376,0.009577099,0.016759925,9.7135725
35.403,0.026337024,0.016759925,9.718362
35.436,0.023942748,0.021548472,9.725544
35.474,0.038308397,0.028731298,9.7135725
35.502,0.0071828244,0.03351985,9.730332
35.536,0.023942748,0.021548472,9.737515
35.577,0.021548472,0.03351985,9.725544
35.603,0.019154198,0.026337024,9.72315
35.643,0.014365649,0.028731298,9.737515
35.674,0.023942748,0.016759925,9.742304
35.704,0.031125572,0.016759925,9.727939
35.736,0.014365649,0.014365649,9.742304
35.776,0.021548472,0.035914123,9.72315
35.816,0.028731298,0.03351985,9.727939
35.843,0.031125572,0.021548472,9.742304
35.878,0.035914123,0.047885496,9.73991
35.914,0.014365649,0.031125572,9.72315
35.941,0.014365649,0.026337024,9.703996
35.977,0.014365649,0.035914123,9.732727
36.020,0.035914123,0.04070267,9.742304
36.041,0.021548472,0.014365649,9.725544
36.083,0.03351985,0.043096945,9.730332
36.115,0.009577099,0.026337024,9.747093
36.142,0.016759925,0.03351985,9.742304
36.175,0.026337024,0.043096945,9.682447
36.216,0.021548472,0.023942748,9.725544
36.241,0.0023942748,0.021548472,9.725544
36.275,0.0047885496,0.028731298,9.730332
36.315,0.011971374,0.035914123,9.754275
36.342,0.028731298,0.026337024,9.732727
36.375,0.0,0.019154198,9.7135725
36.416,0.028731298,0.031125572,9.732727
36.442,0.026337024,0.023942748,9.732727
36.476,0.023942748,0.031125572,9.735122
36.514,0.026337024,0.038308397,9.725544
36.554,0.016759925,0.043096945,9.735122
36.582,0.021548472,0.023942748,9.718362
36.617,0.009577099,0.016759925,9.749487
36.657,0.03351985,0.031125572,9.732727
36.681,0.009577099,0.026337024,9.744699
36.716,0.0047885496,0.038308397,9.725544
36.755,0.019154198,0.038308397,9.735122
36.781,0.021548472,0.031125572,9.725544
36.815,0.014365649,0.014365649,9.747093
36.855,0.016759925,0.026337024,9.72315
36.880,0.0023942748,0.019154198,9.727939
36.914,0.019154198,0.035914123,9.73991
36.955,0.021548472,0.028731298,9.720756
36.982,0.028731298,0.038308397,9.744699
37.016,0.016759925,0.028731298,9.72315
37.056,0.009577099,0.035914123,9.72315
37.082,0.031125572,0.03351985,9.730332
37.114,0.014365649,0.019154198,9.737515
37.157,0.021548472,0.023942748,9.744699
37.182,0.019154198,0.026337024,9.727939
37.217,0.009577099,0.047885496,9.727939
37.256,0.0047885496,0.011971374,9.744699
37.294,0.03351985,0.026337024,9.735122
37.321,0.04070267,0.026337024,9.735122
37.355,0.026337024,0.019154198,9.737515
37.393,0.031125572,0.016759925,9.72315
37.416,0.014365649,0.023942748,9.720756
37.455,0.021548472,0.031125572,9.732727
37.484,0.023942748,0.026337024,9.732727
37.521,0.023942748,0.023942748,9.732727
37.555,0.026337024,0.038308397,9.730332
37.595,0.009577099,0.03351985,9.732727
37.621,0.021548472,0.038308397,9.730332
37.654,0.014365649,0.021548472,9.730332
37.696,0.026337024,0.045491222,9.735122
37.724,0.028731298,0.035914123,9.730332
37.756,0.038308397,0.026337024,9.735122
37.794,0.028731298,0.026337024,9.732727
37.821,0.026337024,0.045491222,9.72315
37.855,0.014365649,0.031125572,9.732727
37.893,0.009577099,0.023942748,9.720756
37.922,0.023942748,0.038308397,9.73991
37.955,0.026337024,0.047885496,9.732727
37.995,0.011971374,0.035914123,9.727939
38.021,0.0071828244,0.023942748,9.744699
38.055,0.016759925,0.021548472,9.73991
38.095,0.019154198,0.014365649,9.718362
38.134,0.026337024,0.03351985,9.711179
38.161,0.0,0.031125572,9.742304
38.195,0.04070267,0.023942748,9.715967
38.238,0.021548472,0.019154198,9.72315
38.261,0.026337024,0.031125572,9.749487
38.294,0.021548472,0.023942748,9.735122
38.335,0.009577099,0.023942748,9.747093
38.361,0.019154198,0.021548472,9.730332
38.395,0.014365649,0.035914123,9.730332
38.434,0.0,0.043096945,9.742304
38.461,0.016759925,0.028731298,9.737515
38.494,0.023942748,0.031125572,9.747093
38.535,0.026337024,0.023942748,9.72315
38.561,0.016759925,0.026337024,9.732727
38.596,0.019154198,0.023942748,9.725544
38.635,0.019154198,0.035914123,9.72315
38.661,0.021548472,0.03351985,9.732727
38.696,0.0071828244,0.026337024,9.744699
38.735,0.019154198,0.047885496,9.744699
38.763,0.0,0.014365649,9.72315
38.795,0.014365649,0.019154198,9.732727
38.835,0.009577099,0.028731298,9.751882
38.864,0.021548472,0.021548472,9.730332
38.896,0.0047885496,0.031125572,9.7135725
38.936,0.0071828244,0.031125572,9.727939
38.963,0.011971374,0.03351985,9.742304
39.002,0.026337024,0.021548472,9.720756
39.036,0.009577099,0.023942748,9.7135725
39.075,0.014365649,0.035914123,9.735122
39.108,0.026337024,0.031125572,9.732727
39.135,0.019154198,0.023942748,9.735122
39.174,0.019154198,0.026337024,9.730332
39.201,0.016759925,0.03351985,9.742304
39.233,0.021548472,0.019154198,9.732727
39.274,0.011971374,0.028731298,9.751882
39.301,0.014365649,0.043096945,9.735122
39.333,0.016759925,0.03351985,9.708784
39.373,0.028731298,0.035914123,9.737515
39.402,0.0023942748,0.03351985,9.725544
39.434,0.026337024,0.026337024,9.735122
39.475,0.016759925,0.014365649,9.737515
39.500,0.031125572,0.023942748,9.735122
39.535,0.016759925,0.031125572,9.708784
39.578,0.03351985,0.05027977,9.744699
39.601,0.0071828244,0.035914123,9.727939
39.635,0.028731298,0.026337024,9.73991
39.674,0.011971374,0.038308397,9.735122
39.714,0.021548472,0.035914123,9.744699
39.741,0.026337024,0.031125572,9.73991
39.777,0.0047885496,0.009577099,9.735122
39.817,0.019154198,0.016759925,9.742304
39.836,0.019154198,0.026337024,9.735122
39.876,0.019154198,0.026337024,9.735122
39.916,0.028731298,0.028731298,9.727939
39.937,0.026337024,0.0047885496,9.72315
39.974,0.009577099,0.028731298,9.72315
40.015,0.021548472,0.023942748,9.72315
40.042,0.0023942748,0.028731298,9.747093
40.075,0.019154198,0.035914123,9.718362
40.114,0.019154198,0.038308397,9.725544
40.141,0.028731298,0.016759925,9.737515
40.175,0.021548472,0.03351985,9.735122
40.218,0.011971374,0.05027977,9.735122
40.241,0.0023942748,0.0071828244,9.727939
40.274,0.019154198,0.021548472,9.730332
40.315,0.031125572,0.035914123,9.725544
40.341,0.014365649,0.016759925,9.725544
40.375,0.009577099,0.026337024,9.747093
40.415,0.0071828244,0.026337024,9.720756
40.441,0.026337024,0.035914123,9.720756
40.475,0.028731298,0.03351985,9.718362
40.515,0.014365649,0.014365649,9.720756
40.541,0.019154198,0.026337024,9.718362
40.575,0.0,0.014365649,9.737515
40.618,0.021548472,0.028731298,9.747093
40.654,0.019154198,0.014365649,9.7135725
40.676,0.035914123,0.03351985,9.725544
40.714,0.014365649,0.014365649,9.845258
40.756,0.0047885496,0.014365649,9.775824
40.781,0.019154198,0.035914123,9.759064
40.814,0.0,0.04070267,9.754275
40.856,-0.0023942748,0.019154198,9.732727
40.882,0.014365649,0.026337024,9.727939
40.915,0.023942748,0.019154198,9.73991
40.954,0.026337024,0.019154198,9.725544
40.981,0.0047885496,0.009577099,9.735122
41.014,0.0,0.028731298,9.694419
41.055,0.011971374,0.04070267,9.732727
41.081,0.021548472,0.038308397,9.727939
41.115,0.023942748,0.052674048,9.744699
41.154,0.028731298,0.035914123,9.735122
41.182,0.023942748,0.03351985,9.751882
41.215,0.019154198,0.04070267,9.847652
41.254,0.045491222,0.03351985,9.703996
41.282,0.016759925,0.047885496,9.684841
41.315,0.045491222,0.026337024,9.749487
41.355,0.021548472,0.05027977,9.725544
41.381,0.016759925,0.043096945,9.732727
41.421,0.021548472,0.035914123,9.761458
41.455,0.03351985,0.026337024,9.730332
41.494,0.016759925,0.026337024,9.747093
41.521,0.031125572,0.045491222,9.737515
41.554,0.035914123,0.019154198,9.718362
41.594,0.011971374,0.026337024,9.742304
41.621,0.05506832,0.016759925,9.727939
41.655,0.011971374,0.035914123,9.73991
41.695,0.028731298,0.03351985,9.720756
41.721,0.023942748,0.035914123,9.7135725
41.755,0.026337024,0.031125572,9.73991
41.793,0.023942748,0.03351985,9.735122
41.821,0.028731298,0.026337024,9.735122
41.853,0.038308397,0.026337024,9.742304
41.893,0.03351985,0.05027977,9.727939
41.921,0.03351985,0.03351985,9.718362
41.954,0.03351985,0.021548472,9.725544
41.994,0.026337024,0.028731298,9.730332
42.021,0.016759925,0.043096945,9.730332
42.055,0.023942748,0.028731298,9.72315
42.094,0.016759925,0.023942748,9.718362
42.122,0.026337024,0.026337024,9.735122
42.154,0.009577099,0.045491222,9.73991
42.197,0.023942748,0.031125572,9.730332
42.222,0.019154198,0.016759925,9.730332
42.262,0.026337024,0.026337024,9.735122
42.296,0.016759925,0.021548472,9.737515
42.322,0.011971374,0.03351985,9.720756
42.362,0.035914123,0.026337024,9.708784
42.395,0.011971374,0.031125572,9.744699
42.435,0.031125572,0.021548472,9.730332
42.463,0.026337024,0.031125572,9.730332
42.495,0.03351985,0.038308397,9.720756
42.537,0.011971374,0.026337024,9.749487
42.562,0.038308397,0.021548472,9.735122
42.598,0.0047885496,0.026337024,9.72315
42.635,0.016759925,0.04070267,9.735122
42.662,0.023942748,0.023942748,9.73991
42.695,0.016759925,0.038308397,9.73991
42.737,0.014365649,0.035914123,9.725544
42.765,0.028731298,0.031125572,9.730332
42.795,0.031125572,0.019154198,9.730332
42.836,0.016759925,0.031125572,9.759064
42.862,0.016759925,0.023942748,9.727939
42.895,0.014365649,0.026337024,9.747093
42.936,0.014365649,0.0071828244,9.732727
42.963,0.03351985,0.028731298,9.735122
42.995,0.0047885496,0.026337024,9.732727
43.035,0.014365649,0.028731298,9.727939
43.062,0.023942748,0.028731298,9.735122
43.097,0.026337024,0.023942748,9.727939
43.136,0.026337024,0.043096945,9.718362
43.162,0.023942748,0.011971374,9.742304
43.196,0.0071828244,0.019154198,9.732727
43.234,0.014365649,0.031125572,9.730332
43.275,0.023942748,0.035914123,9.737515
43.302,0.028731298,0.026337024,9.727939
43.335,0.031125572,0.03351985,9.730332
43.377,0.026337024,0.035914123,9.73991
43.402,0.0071828244,0.016759925,9.725544
43.436,0.031125572,0.026337024,9.720756
43.475,0.0,0.028731298,9.735122
43.498,0.016759925,0.028731298,9.72315
43.537,0.019154198,0.035914123,9.720756
43.575,0.016759925,0.019154198,9.727939
43.600,0.04070267,0.026337024,9.742304
43.636,0.019154198,0.035914123,9.727939
43.676,0.021548472,0.026337024,9.730332
43.703,0.014365649,0.03351985,9.751882
43.736,0.045491222,0.011971374,9.735122
43.775,0.03351985,0.028731298,9.730332
43.802,0.04070267,0.021548472,9.718362
43.835,0.016759925,0.031125572,9.73991
43.875,0.021548472,0.021548472,9.715967
43.903,0.011971374,0.03351985,9.708784
43.937,0.021548472,0.016759925,9.727939
43.977,0.0023942748,0.03351985,9.73991
44.002,0.0,0.03351985,9.737515
44.036,0.026337024,0.028731298,9.725544
44.075,0.016759925,0.023942748,9.732727
44.104,0.03351985,0.026337024,9.730332
44.136,0.019154198,0.04070267,9.727939
44.180,0.021548472,0.03351985,9.73991
44.210,0.04070267,0.03351985,9.747093
44.244,0.021548472,0.021548472,9.720756
44.275,0.019154198,0.028731298,9.744699
44.316,0.026337024,0.043096945,9.742304
44.343,0.019154198,0.019154198,9.725544
44.376,0.031125572,0.03351985,9.730332
44.417,0.009577099,0.028731298,9.735122
44.443,0.016759925,0.021548472,9.737515
44.476,0.028731298,0.028731298,9.727939
44.517,0.014365649,0.035914123,9.735122
44.545,0.021548472,0.021548472,9.749487
44.578,0.023942748,0.03351985,9.725544
44.617,0.031125572,0.035914123,9.730332
44.645,0.038308397,0.031125572,9.730332
44.677,0.014365649,0.026337024,9.73991
44.719,-0.0023942748,0.03351985,9.732727
44.745,0.04070267,0.031125572,9.720756
44.778,0.0047885496,0.04070267,9.737515
44.817,0.016759925,0.038308397,9.7135725
44.845,0.026337024,0.026337024,9.70639
44.879,0.028731298,0.04070267,9.73991
44.918,0.021548472,0.031125572,9.732727
44.945,0.016759925,0.023942748,9.73991
44.978,0.028731298,0.026337024,9.742304
45.018,0.031125572,0.019154198,9.725544
45.045,0.021548472,0.019154198,9.749487
45.079,0.014365649,0.03351985,9.751882
45.119,0.0047885496,0.028731298,9.727939
45.145,0.009577099,0.028731298,9.730332
45.179,0.03351985,0.016759925,9.730332
45.218,0.011971374,0.019154198,9.742304
45.246,0.011971374,0.023942748,9.725544
45.284,0.031125572,0.04070267,9.72315
45.319,0.026337024,0.019154198,9.749487
45.359,0.038308397,0.035914123,9.73991
45.384,0.011971374,0.021548472,9.744699
45.419,0.0071828244,0.026337024,9.749487
45.457,0.028731298,0.028731298,9.737515
45.485,0.031125572,0.028731298,9.737515
45.518,0.009577099,0.026337024,9.732727
45.558,0.009577099,0.011971374,9.735122
45.585,0.0071828244,0.019154198,9.749487
45.618,0.019154198,0.019154198,9.735122
45.659,0.0047885496,0.021548472,9.730332
45.685,0.031125572,0.023942748,9.742304
45.718,0.014365649,0.011971374,9.732727
45.758,0.011971374,0.026337024,9.732727
45.785,0.023942748,0.023942748,9.72315
45.818,0.0023942748,0.023942748,9.751882
45.863,0.0071828244,0.026337024,9.75667
45.884,0.011971374,0.04070267,9.735122
45.924,0.019154198,0.03351985,9.711179
45.957,0.016759925,0.028731298,9.725544
45.996,0.019154198,0.026337024,9.711179
46.023,0.021548472,0.031125572,9.737515
46.056,0.028731298,0.038308397,9.737515
46.097,0.016759925,0.03351985,9.727939
46.123,0.019154198,0.035914123,9.725544
46.159,0.016759925,0.057462595,9.749487
46.198,0.011971374,0.03351985,9.732727
46.224,0.011971374,0.035914123,9.715967
46.257,0.019154198,0.023942748,9.720756
46.296,0.009577099,0.014365649,9.742304
46.324,0.031125572,0.021548472,9.7135725
46.357,0.038308397,0.028731298,9.727939
46.397,0.03351985,0.028731298,9.73991
46.424,0.019154198,0.035914123,9.732727
46.458,0.023942748,0.038308397,9.715967
46.498,0.03351985,0.045491222,9.730332
46.526,0.014365649,0.009577099,9.73991
46.559,0.047885496,0.009577099,9.718362
46.598,-0.009577099,0.031125572,9.708784
46.625,0.019154198,0.026337024,9.725544
46.658,0.021548472,0.0023942748,9.747093
46.699,0.031125572,0.026337024,9.77343
46.725,0.0,0.023942748,9.735122
46.758,0.0071828244,0.0023942748,9.730332
46.798,0.009577099,0.031125572,9.715967
46.826,0.023942748,0.021548472,9.735122
46.859,0.014365649,0.009577099,9.72315
46.898,0.03351985,0.04070267,9.720756
46.925,-0.0047885496,0.031125572,9.718362
46.964,0.035914123,0.023942748,9.73991
47.000,0.021548472,0.03351985,9.742304
47.040,0.03351985,0.023942748,9.660899
47.060,0.0071828244,0.0023942748,9.680053
47.100,0.06464542,0.098165266,9.797373
47.137,0.014365649,-0.011971374,9.591465
47.164,-0.026337024,0.03351985,9.730332
47.196,0.011971374,0.011971374,9.727939
47.239,0.026337024,0.038308397,9.629773
47.263,0.019154198,-0.05985687,9.943423
47.298,0.014365649,-0.026337024,9.708784
47.338,0.014365649,0.05506832,9.754275
47.365,-0.035914123,0.026337024,9.771035
47.397,0.019154198,0.014365649,9.687236
47.437,0.0023942748,0.026337024,9.759064
47.465,0.028731298,0.0,9.754275
47.497,0.0071828244,0.009577099,9.761458
47.538,0.026337024,0.023942748,9.696813
47.564,0.023942748,0.014365649,9.754275
47.598,0.019154198,0.03351985,9.732727
47.637,0.011971374,0.021548472,9.732727
47.665,-0.0047885496,0.026337024,9.735122
47.698,0.011971374,0.031125572,9.749487
47.737,-0.0047885496,0.019154198,9.725544
47.765,0.011971374,0.028731298,9.718362
47.803,0.0023942748,0.028731298,9.737515
47.836,0.026337024,0.038308397,9.732727
47.878,0.019154198,0.04070267,9.732727
47.905,0.026337024,0.016759925,9.718362
47.937,0.009577099,0.023942748,9.718362
47.977,0.031125572,0.023942748,9.70639
48.004,0.03351985,0.019154198,9.72315
48.038,0.0023942748,0.04070267,9.732727
48.077,0.0047885496,0.023942748,9.737515
48.105,0.021548472,0.023942748,9.737515
48.139,0.04070267,0.031125572,9.718362
48.178,0.023942748,0.019154198,9.73991
48.203,0.026337024,0.009577099,9.720756
48.237,0.0,0.023942748,9.737515
48.277,0.028731298,0.019154198,9.742304
48.303,0.019154198,0.021548472,9.720756
48.337,0.031125572,0.043096945,9.747093
48.377,-0.0023942748,0.023942748,9.732727
48.404,0.03351985,0.03351985,9.73991
48.443,0.011971374,0.031125572,9.737515
48.479,0.019154198,0.023942748,9.7135725
48.504,0.03351985,0.026337024,9.744699
48.538,0.009577099,0.031125572,9.715967
48.578,0.0071828244,0.031125572,9.730332
48.616,0.03351985,0.026337024,9.718362
48.639,0.019154198,0.031125572,9.732727
48.679,0.035914123,0.03351985,9.711179
48.718,-0.014365649,0.038308397,9.737515
48.744,0.031125572,0.035914123,9.730332
48.779,0.016759925,0.028731298,9.759064
48.817,0.043096945,0.023942748,9.730332
48.844,0.026337024,0.028731298,9.730332
48.878,0.014365649,0.04070267,9.749487
48.918,0.052674048,0.03351985,9.732727
48.944,0.0047885496,0.04070267,9.727939
48.978,0.045491222,0.026337024,9.735122
49.018,0.0071828244,0.04070267,9.715967
49.045,0.04070267,0.045491222,9.725544
49.078,-0.009577099,0.038308397,9.737515
49.119,0.03351985,0.0047885496,9.730332
49.144,0.011971374,0.031125572,9.761458
49.178,0.043096945,0.026337024,9.735122
49.217,-0.019154198,0.026337024,9.747093
49.244,0.031125572,0.03351985,9.73991
49.283,0.0071828244,0.014365649,9.715967
49.317,0.009577099,0.016759925,9.751882
49.344,0.028731298,0.03351985,9.715967
49.384,0.0071828244,0.021548472,9.735122
49.417,0.023942748,0.021548472,9.727939
49.457,0.009577099,0.028731298,9.718362
49.484,0.023942748,-0.0071828244,9.732727
49.518,0.009577099,0.026337024,9.7135725
49.558,0.019154198,0.011971374,9.735122
49.585,0.021548472,0.035914123,9.749487
49.618,0.023942748,0.035914123,9.7135725
49.657,-0.0047885496,0.014365649,9.751882
49.684,0.021548472,0.05027977,9.742304
49.718,0.023942748,0.04070267,9.751882
49.759,0.0023942748,0.03351985,9.744699
49.784,0.03351985,0.031125572,9.742304
49.817,0.0,0.052674048,9.751882
49.857,0.04070267,0.016759925,9.73991
49.884,0.014365649,0.062251143,9.727939
49.918,0.047885496,0.038308397,9.730332
49.957,0.0071828244,0.035914123,9.715967
49.987,0.026337024,0.045491222,9.720756
50.017,0.014365649,0.035914123,9.718362
50.058,0.014365649,0.019154198,9.718362
50.085,0.028731298,0.043096945,9.703996
50.118,0.023942748,0.04070267,9.727939
50.158,0.021548472,0.031125572,9.720756
50.185,0.009577099,0.047885496,9.727939
50.223,0.04070267,0.016759925,9.720756
50.256,0.014365649,0.026337024,9.759064
50.301,0.05027977,0.011971374,9.7135725
50.324,0.0071828244,0.014365649,9.727939
50.356,0.031125572,0.019154198,9.725544
50.396,0.0071828244,0.038308397,9.725544
50.423,0.03351985,0.026337024,9.737515
50.456,0.023942748,0.043096945,9.732727
50.495,0.016759925,0.019154198,9.7135725
50.520,0.0047885496,0.03351985,9.73991
50.556,0.0023942748,0.014365649,9.727939
50.596,0.014365649,0.043096945,9.725544
50.626,0.0071828244,0.05027977,9.749487
50.658,0.03351985,0.016759925,9.72315
50.697,0.0023942748,0.031125572,9.754275
50.724,0.026337024,0.021548472,9.73991
50.758,0.0,0.016759925,9.754275
50.796,0.0071828244,0.028731298,9.730332
50.823,0.019154198,0.016759925,9.735122
50.856,0.021548472,0.03351985,9.73991
50.896,0.021548472,0.019154198,9.720756
50.937,0.0071828244,0.038308397,9.730332
50.957,0.035914123,0.026337024,9.711179
50.996,0.014365649,0.026337024,9.730332
51.035,0.023942748,0.021548472,9.727939
51.063,0.016759925,0.028731298,9.725544
51.096,0.011971374,0.019154198,9.711179
51.136,0.0071828244,0.031125572,9.735122
51.163,0.031125572,0.031125572,9.732727
51.196,0.031125572,0.028731298,9.730332
51.235,0.043096945,0.028731298,9.737515
51.263,0.023942748,0.016759925,9.727939
51.296,0.014365649,0.028731298,9.725544
51.335,0.019154198,0.0047885496,9.742304
51.363,0.023942748,0.023942748,9.72315
51.396,0.014365649,0.019154198,9.732727
51.436,0.011971374,0.035914123,9.737515
51.463,0.023942748,0.026337024,9.732727
51.496,0.019154198,0.023942748,9.715967
51.536,0.023942748,0.03351985,9.72315
51.563,0.021548472,0.016759925,9.737515
51.597,0.014365649,0.04070267,9.730332
51.636,0.014365649,0.031125572,9.742304
51.663,0.021548472,0.035914123,9.732727
51.703,0.021548472,0.028731298,9.732727
51.736,0.028731298,0.031125572,9.737515
51.777,0.011971374,0.019154198,9.727939
51.803,0.011971374,0.045491222,9.732727
51.838,0.014365649,0.021548472,9.725544
51.864,-0.009577099,0.019154198,9.732727
51.899,0.026337024,0.019154198,9.742304
51.937,0.0071828244,0.043096945,9.73991
51.978,0.026337024,0.043096945,9.735122
52.003,0.028731298,0.021548472,9.73991
52.036,0.014365649,0.028731298,9.742304
52.078,0.0047885496,0.019154198,9.737515
52.104,0.021548472,0.011971374,9.732727
52.137,0.028731298,0.023942748,9.720756
52.178,0.043096945,0.021548472,9.737515
52.203,0.014365649,0.021548472,9.720756
52.238,0.0047885496,0.03351985,9.72315
52.277,0.047885496,0.045491222,9.727939
52.303,0.009577099,0.023942748,9.720756
52.335,0.028731298,0.016759925,9.725544
52.377,0.0,0.031125572,9.742304
52.403,0.011971374,0.035914123,9.720756
52.436,0.038308397,0.028731298,9.744699
52.476,0.023942748,0.031125572,9.742304
52.504,0.011971374,0.021548472,9.725544
52.536,0.026337024,0.026337024,9.735122
52.576,0.016759925,0.047885496,9.720756
52.605,0.014365649,0.0023942748,9.732727
52.637,0.021548472,0.014365649,9.72315
52.680,-0.0023942748,0.031125572,9.725544
52.715,0.023942748,0.019154198,9.735122
52.743,0.011971374,0.021548472,9.720756
52.775,0.011971374,0.031125572,9.72315
52.819,0.011971374,0.0,9.737515
52.843,-0.014365649,0.043096945,9.715967
52.877,0.014365649,0.028731298,9.718362
52.917,0.026337024,0.026337024,9.737515
52.944,0.0071828244,0.035914123,9.727939
52.977,0.019154198,0.026337024,9.720756
53.016,0.016759925,0.026337024,9.727939
53.044,0.019154198,0.021548472,9.730332
53.076,0.011971374,0.03351985,9.720756
53.116,0.026337024,0.031125572,9.727939
53.143,0.019154198,0.026337024,9.718362
53.178,0.026337024,0.026337024,9.732727
53.218,0.028731298,0.03351985,9.737515
53.243,0.028731298,0.021548472,9.718362
53.276,0.016759925,0.035914123,9.732727
53.317,0.019154198,0.026337024,9.742304
53.344,0.028731298,0.05027977,9.73991
53.377,0.026337024,0.031125572,9.742304
53.416,0.03351985,0.021548472,9.744699
53.444,0.0071828244,0.026337024,9.727939
53.477,0.014365649,0.038308397,9.737515
53.517,0.009577099,0.043096945,9.727939
53.558,0.0047885496,0.011971374,9.7135725
53.580,0.0071828244,0.03351985,9.72315
53.616,0.019154198,0.016759925,9.720756
53.656,0.0,0.04070267,9.725544
53.683,0.0,0.019154198,9.747093
53.718,0.011971374,0.035914123,9.715967
53.757,0.014365649,0.031125572,9.715967
53.785,0.035914123,0.019154198,9.72315
53.816,-0.0023942748,0.031125572,9.732727
53.855,0.016759925,0.023942748,9.727939
53.882,0.0071828244,0.045491222,9.727939
53.915,0.028731298,0.028731298,9.751882
53.956,0.009577099,0.031125572,9.73991
53.982,0.021548472,0.021548472,9.730332
54.015,0.026337024,0.05027977,9.72315
54.056,0.028731298,0.026337024,9.7135725
54.083,0.016759925,0.038308397,9.718362
54.122,0.031125572,0.023942748,9.747093
54.157,0.009577099,0.03351985,9.730332
54.183,0.028731298,0.038308397,9.720756
54.222,0.028731298,0.038308397,9.742304
54.256,0.026337024,0.038308397,9.737515
54.284,0.045491222,0.035914123,9.715967
54.322,-0.0047885496,0.035914123,9.749487
54.356,0.03351985,0.009577099,9.725544
54.384,-0.0023942748,0.052674048,9.737515
54.422,0.038308397,-0.009577099,9.730332
54.455,0.009577099,0.023942748,9.744699
54.495,0.031125572,0.019154198,9.699207
54.522,0.0071828244,0.038308397,9.730332
54.556,0.035914123,0.019154198,9.73991
54.596,0.0023942748,0.03351985,9.720756
54.622,0.009577099,0.014365649,9.727939
54.655,0.038308397,0.026337024,9.727939
54.696,0.021548472,0.009577099,9.735122
54.722,0.028731298,0.023942748,9.725544
54.755,0.0023942748,0.045491222,9.735122
54.797,0.031125572,0.021548472,9.747093
54.822,-0.014365649,0.023942748,9.73991
54.857,0.05027977,0.019154198,9.73991
54.897,0.0,0.03351985,9.737515
54.927,0.047885496,0.019154198,9.725544
54.957,0.009577099,0.023942748,9.730332
54.997,0.035914123,0.023942748,9.72315
55.023,0.009577099,0.03351985,9.735122
55.056,0.021548472,0.043096945,9.730332
55.095,0.0047885496,0.021548472,9.742304
55.136,0.038308397,0.016759925,9.72315
55.157,0.04070267,0.011971374,9.730332
55.196,0.0071828244,0.016759925,9.75667
55.243,0.016759925,0.019154198,9.72315
55.262,0.0047885496,0.035914123,9.763853
55.295,0.04070267,0.035914123,9.749487
55.339,0.016759925,0.047885496,9.72315
55.363,0.052674048,0.03351985,9.73991
55.396,0.011971374,0.052674048,9.75667
55.437,0.031125572,0.035914123,9.708784
55.463,0.0047885496,0.05985687,9.682447
55.497,0.023942748,0.031125572,9.754275
55.536,0.011971374,0.035914123,9.737515
55.563,0.019154198,0.05027977,9.725544
55.595,0.043096945,0.038308397,9.73991
55.636,0.019154198,0.057462595,9.72315
55.662,0.05985687,0.016759925,9.737515
55.698,-0.011971374,0.045491222,9.742304
55.736,0.05985687,0.026337024,9.7135725
55.763,-0.014365649,0.043096945,9.742304
55.796,0.045491222,0.014365649,9.718362
55.836,-0.031125572,0.05027977,9.73991
55.878,0.047885496,0.016759925,9.735122
55.897,0.019154198,0.04070267,9.727939
55.939,0.031125572,0.03351985,9.730332
55.978,-0.009577099,0.038308397,9.727939
56.003,0.016759925,0.028731298,9.751882
56.036,0.028731298,0.019154198,9.727939
56.064,-0.014365649,0.047885496,9.744699
56.098,0.045491222,0.026337024,9.72315
56.136,0.0071828244,0.03351985,9.72315
56.179,0.038308397,0.045491222,9.727939
56.202,0.0023942748,0.038308397,9.73991
56.237,0.03351985,0.014365649,9.742304
56.276,0.0023942748,0.028731298,9.720756
56.302,0.026337024,0.03351985,9.730332
56.336,0.011971374,0.05027977,9.732727
56.373,0.0023942748,0.038308397,9.735122
56.403,0.031125572,0.014365649,9.725544
56.436,-0.0023942748,0.05027977,9.727939
56.477,0.038308397,0.026337024,9.725544
56.503,-0.0071828244,0.038308397,9.732727
56.536,0.047885496,0.0071828244,9.718362
56.579,0.014365649,0.03351985,9.73991
56.603,0.026337024,0.023942748,9.73991
56.636,0.009577099,0.038308397,9.737515
56.675,0.026337024,0.014365649,9.725544
56.704,0.021548472,0.026337024,9.735122
56.736,0.023942748,0.023942748,9.725544
56.777,0.023942748,0.026337024,9.737515
56.817,0.031125572,0.014365649,9.744699
56.843,0.014365649,0.028731298,9.73991
56.877,0.021548472,0.035914123,9.744699
56.915,0.014365649,0.03351985,9.73991
56.943,0.016759925,0.052674048,9.732727
56.976,0.026337024,0.03351985,9.735122
57.016,0.0071828244,0.04070267,9.730332
57.043,0.035914123,0.023942748,9.720756
57.075,0.011971374,0.047885496,9.747093
57.116,0.035914123,0.023942748,9.7135725
57.143,0.019154198,0.026337024,9.718362
57.176,0.021548472,0.009577099,9.701602
57.218,0.03351985,0.021548472,9.677659
57.242,0.028731298,0.0071828244,9.727939
57.275,0.03351985,0.021548472,9.73991
57.317,0.016759925,0.021548472,9.718362
57.343,0.016759925,0.016759925,9.715967
57.378,0.016759925,0.0047885496,9.715967
57.416,0.026337024,0.023942748,9.75667
57.442,0.023942748,0.038308397,9.711179
57.476,0.019154198,0.019154198,9.725544
57.515,0.019154198,0.035914123,9.727939
57.557,0.021548472,0.028731298,9.720756
57.584,0.011971374,0.016759925,9.725544
57.616,0.028731298,0.023942748,9.742304
57.655,0.03351985,0.05985687,9.749487
57.678,0.019154198,0.047885496,9.744699
57.715,0.0071828244,0.0071828244,9.744699
57.755,0.028731298,0.011971374,9.696813
57.783,0.045491222,-0.0071828244,9.761458
57.816,-0.014365649,0.028731298,9.636956
57.858,0.021548472,0.023942748,9.718362
57.883,-0.011971374,0.04070267,9.761458
57.914,0.05027977,0.0023942748,9.703996
57.956,-0.023942748,0.023942748,9.759064
57.984,0.023942748,0.011971374,9.747093
58.016,0.0,0.026337024,9.701602
58.056,0.0047885496,0.014365649,9.70639
58.083,0.023942748,0.021548472,9.730332
58.116,0.009577099,0.019154198,9.77343
58.156,0.0047885496,0.0023942748,9.732727
58.184,0.014365649,0.009577099,9.6585045
58.218,0.009577099,0.043096945,9.751882
58.257,0.03351985,-0.021548472,9.778218
58.283,0.011971374,0.009577099,9.694419
58.323,-0.0023942748,0.016759925,9.768641
58.356,0.031125572,0.009577099,9.715967
58.385,0.0071828244,0.016759925,9.70639
58.417,0.009577099,0.023942748,9.72315
58.456,0.0047885496,0.011971374,9.73991
58.497,0.019154198,0.023942748,9.732727
58.524,0.0071828244,-0.0047885496,9.732727
58.561,0.014365649,0.016759925,9.725544
58.596,0.0071828244,0.026337024,9.725544
58.624,0.014365649,0.016759925,9.732727
58.656,0.03351985,0.016759925,9.720756
58.695,0.014365649,0.028731298,9.718362
58.723,0.021548472,0.011971374,9.735122
58.756,0.011971374,0.028731298,9.727939
58.796,0.026337024,0.0047885496,9.735122
58.823,-0.0047885496,0.035914123,9.730332
58.855,0.031125572,0.0047885496,9.742304
58.895,0.035914123,0.023942748,9.725544
58.922,0.023942748,0.023942748,9.742304
58.955,0.026337024,0.028731298,9.737515
58.996,0.019154198,0.021548472,9.744699
59.023,0.0071828244,0.011971374,9.711179
59.055,0.0071828244,0.031125572,9.720756
59.096,0.019154198,0.031125572,9.715967
59.122,0.014365649,0.023942748,9.735122
59.156,0.021548472,0.023942748,9.718362
59.195,0.016759925,0.021548472,9.730332
59.223,0.031125572,0.021548472,9.73991
59.263,0.011971374,0.011971374,9.730332
59.296,0.009577099,0.026337024,9.744699
59.335,0.026337024,0.04070267,9.727939
59.358,0.016759925,0.026337024,9.742304
59.396,0.011971374,0.03351985,9.727939
59.436,0.021548472,0.026337024,9.720756
59.463,0.021548472,0.03351985,9.737515
59.495,0.028731298,0.028731298,9.7135725
59.536,0.023942748,0.035914123,9.727939
59.563,0.03351985,0.019154198,9.744699
59.596,0.03351985,0.045491222,9.727939
59.636,0.019154198,0.028731298,9.7135725
59.663,0.0047885496,0.038308397,9.742304
59.696,0.021548472,0.028731298,9.727939
59.736,0.028731298,0.03351985,9.737515
59.763,0.016759925,0.035914123,9.732727
59.795,0.021548472,0.014365649,9.744699
59.836,0.023942748,0.021548472,9.730332
59.863,0.016759925,0.026337024,9.730332
59.896,0.031125572,0.03351985,9.735122
59.937,0.035914123,0.023942748,9.73991
59.965,0.026337024,0.031125572,9.725544
59.998,0.016759925,0.03351985,9.732727
