timestamp,x,y,z,roll,pitch,yaw
00.013,-0.0145282075,-0.004877148,-0.004524679,-5.2299583e-06,1.5579044e-05,4.8519973e-06
00.052,-0.004143499,-0.0036554176,0.0015839735,-0.0,0.0,0.0
00.091,-0.010252152,9.773844e-06,-0.008800736,-0.0,0.0,0.0
00.112,-0.016360804,0.0018423696,-0.0063572745,-0.0,0.0,0.0
00.150,-0.015749939,0.0012315044,-0.016741984,1.902081e-06,2.4330117e-05,2.5862553e-05
00.190,-0.0010891727,-0.00060109136,-0.0033029485,-0.0,-0.0,0.0
00.231,0.00013255776,0.002453235,0.0046383,-0.0,-0.0,0.0
00.251,0.0031868839,0.007951022,0.0021948388,-0.0,-0.0,0.0
00.289,-0.0078086904,-0.00060109136,-0.0033029485,-0.0,-0.0,0.0
00.331,-0.0078086904,0.006118426,-0.0057464093,-0.0,0.0,0.0
00.350,-0.012084748,-0.0018228219,-0.004524679,-1.5942093e-06,1.0568975e-05,3.9571646e-06
00.389,-0.009641286,-0.0036554176,-0.004524679,-0.0,-0.0,0.0
00.429,-0.013917343,-0.0024336872,-0.002081218,-0.0,-0.0,0.0
00.449,-0.01941513,-0.004877148,-0.0039138137,-0.0,-0.0,0.0
00.489,-0.009641286,-0.007320609,-0.0014703526,-5.990927e-06,7.8900775e-06,1.2033072e-06
00.529,0.0068520755,0.0030641,-0.00024862215,0.0,-0.0,0.0
00.549,0.0019651535,0.002453235,-0.0039138137,8.264249e-07,-6.620033e-07,1.3184517e-06
00.591,-0.010863017,-0.004877148,0.0003622431,-0.0,0.0,0.0
00.630,0.011128132,0.006118426,0.00097310834,-0.0,-0.0,0.0
00.652,0.0037977493,9.773844e-06,0.0003622431,-0.0,-0.0,0.0
00.691,-0.008419556,0.0036749654,-0.0039138137,2.4626684e-06,5.6421345e-06,2.6227265e-06
00.731,-0.004754364,-0.0060988786,0.0003622431,-0.0,0.0,0.0
00.752,-0.0029217685,0.0042858305,-0.0014703526,1.5506544e-06,1.0571243e-06,5.3198687e-07
00.791,0.0013542882,0.0055075614,0.0015839735,-0.0,-0.0,0.0
00.831,-0.0029217685,-0.004877148,0.0021948388,-0.0,0.0,0.0
00.851,0.0013542882,-0.0024336872,-0.0039138137,-0.0,-0.0,0.0
00.891,-0.0053652297,9.773844e-06,-0.0026920831,3.9361057e-09,2.1613193e-06,1.0844739e-06
00.931,0.012349863,0.0018423696,0.0021948388,-0.0,-0.0,0.0
00.952,-0.0023109033,-0.0012119566,0.004027434,-3.9030772e-07,7.44222e-07,-1.297027e-06
00.990,0.0019651535,9.773844e-06,-0.0039138137,0.0,-0.0,0.0
01.030,0.00624121,-0.0018228219,-0.0026920831,-0.0,-0.0,0.0
01.071,0.0044086147,-0.0018228219,-0.0033029485,-0.0,-0.0,0.0
01.091,0.0086846715,0.006118426,0.002805704,4.5115694e-06,-6.403867e-06,-2.0688422e-06
01.131,-0.016360804,0.0018423696,0.004027434,0.0,-0.0,-0.0
01.152,-0.010252152,0.0055075614,-0.0033029485,4.471296e-06,8.3232035e-06,2.6814762e-06
01.192,0.002576019,-0.0054880134,-0.0033029485,-0.0,-0.0,0.0
01.231,0.0037977493,0.006118426,0.0003622431,-0.0,-0.0,0.0
01.269,-0.013917343,0.0042858305,-0.0014703526,-0.0,0.0,0.0
01.290,-0.008419556,-0.004266283,-0.0033029485,-2.863054e-06,5.650252e-06,2.2165743e-06
01.329,0.0086846715,-0.0030445524,0.00097310834,-0.0,-0.0,-0.0
01.369,-0.001700038,-0.0018228219,-0.0014703526,-0.0,-0.0,0.0
01.390,0.005630345,0.006118426,0.0034165692,-0.0,-0.0,0.0
01.429,-0.00047830748,0.00062063907,0.0034165692,0.0,-0.0,-0.0
01.465,0.000743423,0.00062063907,-0.0063572745,0.0,-0.0,0.0
01.492,0.0019651535,-0.0054880134,-0.0014703526,-2.2141214e-06,-7.9283564e-07,5.9320826e-07
01.529,0.0031868839,0.0055075614,-0.0008594874,0.0,-0.0,0.0
01.569,-0.00047830748,-0.012207531,0.005249165,-0.0,0.0,0.0
01.589,-0.004754364,-0.00060109136,-0.004524679,-0.0,-0.0,0.0
01.630,0.00624121,0.006118426,-0.0039138137,3.9320444e-06,-4.010942e-06,2.5152415e-06
01.672,0.002576019,-0.0054880134,0.0015839735,-0.0,-0.0,-0.0
01.691,0.011128132,0.0067292913,0.007692626,6.823304e-06,-1.12837e-05,-7.800109e-06
01.733,-0.0023109033,0.0018423696,0.0003622431,0.0,-0.0,-0.0
01.772,0.011738998,0.0042858305,-0.0033029485,0.0,-0.0,0.0
01.793,0.0031868839,-0.0012119566,-0.0033029485,-0.0,-0.0,0.0
01.832,-0.0029217685,-0.00060109136,-0.0008594874,-1.2522358e-07,6.086831e-07,1.7905442e-07
01.872,-0.003532634,-0.0024336872,0.0034165692,-0.0,0.0,0.0
01.900,-0.004754364,0.0018423696,-0.0008594874,6.393122e-07,1.6497906e-06,2.9824633e-07
01.930,-0.001700038,-0.0030445524,-0.0008594874,-0.0,-0.0,0.0
01.971,-0.003532634,-0.0036554176,0.0021948388,-0.0,0.0,0.0
02.010,-0.0010891727,0.0067292913,-0.0008594874,-0.0,0.0,0.0
02.031,-0.010863017,0.0048966957,-0.0033029485,4.0632576e-06,9.014119e-06,2.7407627e-06
02.070,0.005630345,0.0036749654,0.00097310834,-0.0,-0.0,0.0
02.111,0.00624121,0.0067292913,0.00097310834,-0.0,-0.0,0.0
02.131,0.0068520755,0.0048966957,-0.0026920831,0.0,-0.0,0.0
02.170,-0.012695612,-0.0036554176,-0.0014703526,-0.0,-0.0,0.0
02.211,-0.001700038,0.0048966957,-0.005135544,-0.0,0.0,0.0
02.230,0.008073806,0.0067292913,-0.002081218,4.8386337e-06,-5.805385e-06,1.4964929e-06
02.271,-0.007197825,0.0018423696,-0.0039138137,-0.0,0.0,0.0
02.309,0.000743423,-0.004877148,0.0021948388,-0.0,-0.0,-0.0
02.330,0.00013255776,-0.0030445524,0.0034165692,-0.0,-0.0,-0.0
02.372,0.00624121,0.0048966957,-0.0026920831,0.0,-0.0,0.0
02.410,0.0031868839,-0.00060109136,-0.0039138137,-0.0,-0.0,0.0
02.429,0.015404189,-0.0030445524,0.0003622431,-3.2090693e-06,-1.6236561e-05,-3.8184314e-07
02.470,-0.013917343,0.002453235,0.0034165692,0.0,-0.0,-0.0
02.509,-0.00047830748,0.0067292913,-0.008800736,-0.0,0.0,0.0
02.549,-0.0010891727,-0.0036554176,-0.0033029485,-0.0,-0.0,0.0
02.572,-0.004143499,0.00062063907,0.0003622431,1.7515463e-07,1.1693636e-06,-1.0223107e-07
02.610,-0.009030421,9.773844e-06,-0.00024862215,-0.0,0.0,0.0
02.631,-0.012084748,0.00062063907,-0.00024862215,5.04103e-07,9.81564e-06,2.0193683e-07
02.670,0.000743423,0.006118426,-0.0033029485,0.0,-0.0,0.0
02.710,-0.013306477,-0.0024336872,-0.0033029485,-0.0,-0.0,0.0
02.751,0.000743423,0.007951022,-0.0008594874,0.0,-0.0,0.0
02.771,-0.005976095,0.0055075614,-0.00024862215,3.0051672e-06,3.2608202e-06,1.3565426e-07
02.811,-0.0023109033,-0.0030445524,-0.004524679,-0.0,-0.0,0.0
02.850,-0.007197825,-0.0030445524,-0.0026920831,-0.0,-0.0,0.0
02.871,-0.00658696,0.0012315044,-0.0014703526,-0.0,0.0,0.0
02.911,0.00013255776,0.0048966957,-0.002081218,0.0,-0.0,0.0
02.950,-0.013306477,0.00062063907,-0.004524679,-0.0,0.0,0.0
02.970,-0.00047830748,0.0042858305,-0.0063572745,2.2094548e-06,2.4658334e-07,3.2773376e-06
03.010,-0.001700038,-0.00060109136,0.0003622431,-0.0,0.0,0.0
03.051,-0.0023109033,0.0036749654,-0.0033029485,-0.0,0.0,0.0
03.071,-0.004754364,-0.0036554176,-0.0008594874,-0.0,-0.0,0.0
03.111,0.002576019,-0.004877148,-0.0039138137,-0.0,-0.0,0.0
03.150,-0.00658696,0.0048966957,-0.0063572745,-0.0,0.0,0.0
03.171,-0.0010891727,0.0042858305,-0.0014703526,1.3403262e-06,3.40622e-07,4.5982952e-07
03.209,0.0044086147,0.0055075614,0.00586003,-0.0,-0.0,0.0
03.250,-0.001700038,0.0036749654,-0.0026920831,-0.0,0.0,0.0
03.290,0.012960727,0.002453235,-0.004524679,2.2958939e-06,-1.2129335e-05,4.23445e-06
03.310,0.005630345,-0.0012119566,-0.0008594874,-0.0,-0.0,0.0
03.349,-0.0023109033,0.00062063907,-0.002081218,-0.0,0.0,0.0
03.390,-0.009030421,-0.0060988786,0.0021948388,-0.0,0.0,0.0
03.410,-0.00047830748,0.0036749654,0.0003622431,0.0,-0.0,-0.0
03.451,-0.0023109033,-0.0067097438,-0.00024862215,-0.0,-0.0,0.0
03.471,-0.0053652297,-0.0012119566,-0.00024862215,-0.0,-0.0,0.0
03.510,0.0013542882,0.009783618,0.002805704,6.741423e-06,-9.3318187e-07,-1.9332733e-06
03.551,-0.020025995,0.00062063907,-0.002081218,-0.0,0.0,0.0
03.591,0.008073806,0.0018423696,0.00097310834,-0.0,-0.0,0.0
03.612,0.008073806,-0.0030445524,0.0021948388,-0.0,-0.0,-0.0
03.652,0.000743423,0.00062063907,-0.0033029485,0.0,-0.0,0.0
03.690,-0.004143499,-0.0060988786,0.00097310834,-0.0,0.0,0.0
03.713,-0.0029217685,0.0036749654,0.00097310834,1.1824795e-06,9.40126e-07,-3.1311387e-07
03.750,0.005630345,-0.0012119566,0.0021948388,-0.0,-0.0,-0.0
03.790,-0.003532634,0.0018423696,-0.0039138137,-0.0,0.0,0.0
03.810,0.0031868839,9.773844e-06,0.002805704,-0.0,-0.0,0.0
03.851,-0.007197825,-0.0067097438,0.0034165692,-0.0,0.0,0.0
03.892,0.0037977493,0.007951022,-0.0033029485,0.0,-0.0,0.0
03.911,0.005630345,0.0036749654,-0.002081218,1.7358054e-06,-2.6593918e-06,9.830284e-07
03.952,0.0068520755,0.0018423696,0.004027434,-0.0,-0.0,0.0
03.990,-0.008419556,-0.0067097438,0.0021948388,-0.0,0.0,0.0
04.012,0.00013255776,0.0018423696,-0.002081218,0.0,-0.0,0.0
04.051,0.01906938,-0.00060109136,0.0015839735,-0.0,-0.0,-0.0
04.090,-0.0053652297,0.0018423696,-0.0008594874,-0.0,0.0,0.0
04.111,-0.007197825,0.0036749654,-0.0039138137,2.2145516e-06,4.3374557e-06,2.3584832e-06
04.151,-0.00047830748,-0.0030445524,0.0046383,-0.0,0.0,0.0
04.191,0.0019651535,0.0067292913,-0.0008594874,0.0,-0.0,0.0
04.211,-0.012084748,-0.004877148,-0.0026920831,-0.0,-0.0,0.0
04.251,0.00624121,-0.00060109136,0.0015839735,-0.0,-0.0,-0.0
04.291,0.0031868839,0.0036749654,0.00097310834,-0.0,-0.0,0.0
04.330,-0.007197825,-0.0054880134,-0.0039138137,-0.0,-0.0,0.0
04.350,0.0074629406,0.0012315044,0.0015839735,-0.0,-0.0,0.0
04.389,-0.0023109033,0.0012315044,-0.00024862215,-0.0,0.0,0.0
04.412,-0.001700038,0.0012315044,-0.004524679,-0.0,0.0,0.0
04.450,-0.005976095,-0.0012119566,0.00097310834,-0.0,0.0,0.0
04.489,0.012349863,0.0018423696,-0.00024862215,0.0,-0.0,0.0
04.528,-0.003532634,-0.0018228219,-0.0008594874,-0.0,-0.0,0.0
04.549,-0.0029217685,0.00062063907,-0.002081218,-0.0,0.0,0.0
04.591,-0.001700038,-0.0054880134,0.004027434,-0.0,0.0,0.0
04.631,0.0037977493,-0.0024336872,-0.0014703526,-0.0,-0.0,0.0
04.651,0.00013255776,0.009783618,-0.0039138137,6.919071e-06,-9.3736574e-08,2.7678877e-06
04.690,0.00013255776,0.0012315044,-0.0008594874,0.0,-0.0,0.0
04.732,0.0105172675,9.773844e-06,0.007081761,-0.0,-0.0,0.0
04.751,0.0031868839,-0.00060109136,0.004027434,-0.0,-0.0,-0.0
04.792,-0.003532634,-0.004877148,-0.010633332,-0.0,-0.0,0.0
04.830,0.0013542882,9.773844e-06,-0.0014703526,0.0,-0.0,0.0
04.852,-0.00047830748,9.773844e-06,-0.0014703526,1.0141827e-09,4.9631755e-08,1.5257169e-07
04.890,-0.0053652297,-0.00060109136,0.0034165692,-0.0,0.0,0.0
04.930,-0.004143499,-0.00060109136,0.0015839735,-0.0,0.0,0.0
04.952,0.0037977493,0.0055075614,-0.00024862215,0.0,-0.0,0.0
04.992,-0.0078086904,0.0012315044,0.0015839735,0.0,-0.0,-0.0
05.031,0.0044086147,0.0067292913,0.005249165,-0.0,-0.0,0.0
05.051,-0.0010891727,0.0012315044,0.0021948388,2.2663716e-07,2.0044338e-07,-4.039222e-07
05.096,-0.0053652297,0.00062063907,-0.0039138137,-0.0,0.0,0.0
05.131,-0.0023109033,9.773844e-06,0.00097310834,0.0,-0.0,-0.0
05.153,-0.0029217685,0.0048966957,-0.00024862215,-0.0,0.0,0.0
05.192,0.00624121,0.00062063907,0.004027434,-0.0,-0.0,0.0
05.230,-0.005976095,0.0042858305,-0.0026920831,-0.0,0.0,0.0
05.270,0.00013255776,-0.0024336872,0.0021948388,-0.0,-0.0,-0.0
05.290,0.0031868839,9.773844e-06,-0.00024862215,0.0,-0.0,0.0
05.330,-0.004143499,0.0048966957,-0.00024862215,-0.0,0.0,0.0
05.370,-0.00658696,-0.0018228219,0.0021948388,-8.7810224e-07,3.173122e-06,-1.0573134e-06
05.391,0.000743423,-0.0030445524,-0.0008594874,-0.0,-0.0,0.0
05.430,-0.007197825,0.0036749654,-0.0026920831,-0.0,0.0,0.0
05.470,0.000743423,9.773844e-06,-0.00818987,0.0,-0.0,0.0
05.489,0.008073806,-0.0030445524,0.0034165692,-0.0,-0.0,-0.0
05.530,-0.004754364,0.0067292913,0.00097310834,0.0,-0.0,-0.0
05.570,-0.0023109033,9.773844e-06,-0.0039138137,-0.0,0.0,0.0
05.589,-0.0078086904,-0.0054880134,-0.0063572745,-4.223515e-06,6.0094517e-06,4.892485e-06
05.633,0.01784765,0.0036749654,-0.0014703526,0.0,-0.0,0.0
05.670,-0.0029217685,-0.0012119566,-0.00024862215,-0.0,-0.0,0.0
05.691,-0.001700038,0.00062063907,-0.002081218,-0.0,0.0,0.0
05.731,-0.010252152,-0.004266283,-0.0008594874,-0.0,-0.0,0.0
05.770,-0.00658696,0.002453235,-0.0069681397,-0.0,0.0,0.0
05.791,0.00013255776,0.01467054,-0.0057464093,1.551252e-05,-1.4011847e-07,6.0762113e-06
05.831,-0.009030421,0.0110053485,-0.00024862215,-0.0,0.0,0.0
05.870,-0.0010891727,9.773844e-06,-0.002081218,-0.0,0.0,0.0
05.890,-0.012084748,9.773844e-06,-0.004524679,-0.0,0.0,0.0
05.931,0.005630345,0.00062063907,-0.0014703526,0.0,-0.0,0.0
05.971,-0.0078086904,0.0036749654,-0.0039138137,-0.0,0.0,0.0
05.992,-0.004754364,0.0030641,-0.0063572745,1.7497408e-06,2.7149695e-06,3.6303015e-06
06.029,-0.00047830748,-0.00060109136,0.002805704,-0.0,0.0,0.0
06.071,0.00624121,-0.004877148,-0.002081218,-0.0,-0.0,0.0
06.111,0.0013542882,-0.0024336872,-0.0014703526,-5.1437e-07,-2.862346e-07,3.1076513e-07
06.130,-0.004754364,9.773844e-06,-0.0014703526,-0.0,0.0,0.0
06.171,0.0074629406,-0.0036554176,0.0034165692,-0.0,-0.0,-0.0
06.210,0.0013542882,0.0036749654,-0.0063572745,0.0,-0.0,0.0
06.230,0.009295536,0.008561888,-0.008800736,0.0,-0.0,0.0
06.269,0.000743423,-0.0036554176,0.004027434,-0.0,-0.0,-0.0
06.309,0.00501948,0.0048966957,-0.0008594874,2.3215791e-06,-2.3797916e-06,4.074954e-07
06.329,0.0037977493,0.002453235,-0.00024862215,0.0,-0.0,0.0
06.371,0.009295536,0.00062063907,-0.005135544,0.0,-0.0,0.0
06.409,0.0019651535,-0.0012119566,0.0015839735,-0.0,-0.0,-0.0
06.428,-0.003532634,9.773844e-06,0.0015839735,0.0,-0.0,-0.0
06.469,-0.001700038,0.0030641,0.0034165692,0.0,-0.0,-0.0
06.509,-0.010252152,0.00062063907,-0.002081218,4.364765e-07,7.2101134e-06,1.4636732e-06
06.530,-0.007197825,-0.0036554176,-0.0069681397,-0.0,-0.0,0.0
06.570,-0.0023109033,-0.00060109136,0.002805704,-0.0,0.0,0.0
06.611,0.00013255776,0.00062063907,-0.0014703526,0.0,-0.0,0.0
06.630,0.0013542882,0.0018423696,-0.0008594874,0.0,-0.0,0.0
06.671,0.002576019,0.0018423696,-0.0008594874,0.0,-0.0,0.0
06.711,0.00624121,0.00062063907,0.002805704,-0.0,-0.0,0.0
06.730,-0.011473882,-0.004877148,-0.00024862215,-4.081396e-06,9.60181e-06,2.080767e-07
06.771,0.0037977493,-0.00060109136,0.002805704,-0.0,-0.0,-0.0
06.811,-0.004754364,-0.0036554176,0.0003622431,-0.0,0.0,0.0
06.832,-0.0029217685,0.0030641,-0.004524679,-0.0,0.0,0.0
06.870,0.0068520755,-0.0030445524,0.0015839735,-0.0,-0.0,-0.0
06.910,-0.004143499,-0.004877148,0.0003622431,-0.0,0.0,0.0
06.951,-0.003532634,-0.0030445524,-0.0008594874,-0.0,-0.0,0.0
06.971,-0.0053652297,0.0036749654,-0.0057464093,-0.0,0.0,0.0
07.010,0.015404189,0.0030641,0.004027434,-0.0,-0.0,0.0
07.052,0.0031868839,-0.00060109136,0.006470896,-2.919768e-07,-1.5479977e-06,-3.1431755e-06
07.072,0.011738998,0.0055075614,0.0021948388,-0.0,-0.0,0.0
07.114,-0.00047830748,-0.004877148,-0.0026920831,-0.0,-0.0,0.0
07.148,0.0019651535,-0.0012119566,-0.0039138137,-3.695829e-07,-5.992691e-07,1.1935081e-06
07.170,0.0019651535,-0.0024336872,0.0015839735,-0.0,-0.0,-0.0
07.210,-0.004143499,-0.0012119566,-0.002081218,-0.0,-0.0,0.0
07.250,0.0013542882,-0.0012119566,0.00586003,-4.990098e-07,-5.576118e-07,-2.4127996e-06
07.270,-0.005976095,0.0067292913,0.0015839735,0.0,-0.0,-0.0
07.311,0.000743423,-0.0024336872,-0.0008594874,-0.0,-0.0,0.0
07.350,0.00501948,0.0036749654,0.0046383,-0.0,-0.0,0.0
07.370,0.012960727,0.011616214,-0.0014703526,0.0,-0.0,0.0
07.409,-0.013917343,-0.0067097438,-0.002081218,-0.0,-0.0,0.0
07.449,0.00624121,0.00062063907,-0.00024862215,2.6143618e-07,-2.6290277e-06,1.0472915e-07
07.470,0.0037977493,0.002453235,0.00097310834,-0.0,-0.0,0.0
07.509,-0.003532634,0.0012315044,-0.0014703526,-0.0,0.0,0.0
07.550,-0.0023109033,-0.0012119566,0.0015839735,-0.0,0.0,0.0
07.571,-0.007197825,0.0018423696,0.0003622431,0.0,-0.0,-0.0
07.612,0.0105172675,0.0030641,0.00097310834,-0.0,-0.0,0.0
07.650,0.00013255776,-0.0012119566,0.0003622431,-0.0,-0.0,-0.0
07.671,0.0013542882,-0.00060109136,-0.0008594874,-6.9097084e-08,-1.5567912e-07,9.8800406e-08
07.711,-0.0010891727,-0.004877148,0.0034165692,-0.0,0.0,0.0
07.751,0.0037977493,0.002453235,-0.0033029485,0.0,-0.0,0.0
07.772,0.00013255776,0.010394483,-0.0033029485,0.0,-0.0,0.0
07.812,0.014793323,-0.0018228219,0.004027434,-0.0,-0.0,-0.0
07.852,0.005630345,0.0018423696,0.007081761,-0.0,-0.0,0.0
07.872,-0.0053652297,0.0018423696,0.0003622431,7.0280277e-07,2.0466564e-06,-1.381844e-07
07.912,0.0086846715,0.002453235,-0.004524679,0.0,-0.0,0.0
07.951,-0.007197825,0.00062063907,0.0015839735,0.0,-0.0,-0.0
07.989,0.000743423,0.0012315044,-0.0008594874,1.384887e-07,-8.3601556e-08,9.665358e-08
08.009,-0.0029217685,-0.00060109136,0.00097310834,-0.0,0.0,0.0
08.050,-0.0029217685,-0.0012119566,-0.0026920831,-0.0,-0.0,0.0
08.090,-0.015139073,-0.0067097438,-0.0033029485,-0.0,-0.0,0.0
08.116,-0.0029217685,0.0012315044,-0.0014703526,-0.0,0.0,0.0
08.151,0.0105172675,0.007951022,0.00586003,-0.0,-0.0,0.0
08.189,-0.013917343,9.773844e-06,-0.0008594874,9.140701e-09,1.3023243e-05,8.0427077e-07
08.210,-0.013917343,0.00062063907,-0.0057464093,-0.0,0.0,0.0
08.250,-0.0023109033,0.0036749654,0.0003622431,0.0,-0.0,-0.0
08.291,-0.001700038,0.0018423696,-0.00024862215,-0.0,0.0,0.0
08.316,-0.0010891727,-0.0024336872,0.002805704,-0.0,0.0,0.0
08.350,-0.0029217685,0.0030641,-0.005135544,-0.0,0.0,0.0
08.392,-0.005976095,-0.004266283,0.0003622431,-2.104804e-06,2.9483535e-06,-1.7871238e-07
08.430,0.0019651535,-0.0024336872,-0.0026920831,-0.0,-0.0,0.0
08.451,0.0044086147,0.0030641,0.00097310834,-0.0,-0.0,0.0
08.490,-0.0053652297,-0.00060109136,-0.0014703526,-0.0,-0.0,0.0
08.511,0.0019651535,0.00062063907,-0.002081218,0.0,-0.0,0.0
08.553,-0.010863017,-0.0054880134,-0.0033029485,-0.0,-0.0,0.0
08.593,0.002576019,0.0030641,-0.010633332,0.0,-0.0,0.0
08.612,0.015404189,9.773844e-06,0.0003622431,1.0103596e-08,-1.5928601e-05,-3.7457502e-07
08.653,-0.0078086904,0.0048966957,-0.00024862215,-0.0,0.0,0.0
08.694,-0.007197825,9.773844e-06,-0.004524679,-0.0,0.0,0.0
08.731,0.0074629406,-0.0018228219,-0.0063572745,-1.2197921e-06,-4.994081e-06,4.254181e-06
08.752,0.0074629406,0.0055075614,-0.0014703526,0.0,-0.0,0.0
08.792,-0.016971668,-0.0012119566,-0.0039138137,-0.0,-0.0,0.0
08.813,-0.009030421,-0.0018228219,-0.004524679,-1.2555447e-06,6.22003e-06,3.1165414e-06
08.852,-0.013306477,-0.0024336872,-0.002081218,-0.0,-0.0,0.0
08.893,0.000743423,-0.00060109136,-0.0039138137,-0.0,-0.0,0.0
08.932,-0.001700038,0.0030641,-0.0008594874,7.4190365e-07,4.116265e-07,2.0810562e-07
08.951,-0.004143499,0.0067292913,-0.0026920831,-0.0,0.0,0.0
08.991,-0.007197825,-0.0024336872,-0.002081218,-0.0,-0.0,0.0
09.030,-0.0078086904,-0.0054880134,-0.0039138137,-0.0,-0.0,0.0
09.051,0.011128132,0.0048966957,-0.0033029485,0.0,-0.0,0.0
09.090,-0.00658696,0.0030641,-0.0033029485,-0.0,0.0,0.0
09.131,-0.004143499,0.0018423696,-0.0008594874,5.7064085e-07,1.2833747e-06,2.6621046e-07
09.152,-0.0078086904,-0.0012119566,-0.002081218,-0.0,-0.0,0.0
09.193,0.0074629406,0.002453235,-0.004524679,0.0,-0.0,0.0
09.232,-0.0078086904,-0.0030445524,-0.002081218,-0.0,-0.0,0.0
09.250,-0.005976095,0.0018423696,-0.002081218,-0.0,0.0,0.0
09.290,0.0031868839,-0.0036554176,0.0015839735,-0.0,-0.0,-0.0
09.330,-0.012084748,0.00062063907,-0.0069681397,5.81551e-07,1.1324367e-05,6.529695e-06
09.371,0.0068520755,0.00062063907,-0.0014703526,0.0,-0.0,0.0
09.391,0.0013542882,0.0018423696,0.0015839735,-0.0,-0.0,0.0
09.431,-0.0053652297,0.0036749654,-0.0008594874,-0.0,0.0,0.0
09.470,-0.0053652297,-0.0030445524,-0.0033029485,-1.4296983e-06,2.5194659e-06,1.5510388e-06
09.489,0.012960727,-0.0024336872,-0.0039138137,-0.0,-0.0,0.0
09.530,-0.00047830748,-0.0018228219,-0.0014703526,-2.9239587e-07,7.672448e-08,2.3585686e-07
09.571,-0.009641286,-0.0018228219,-0.0039138137,-0.0,-0.0,0.0
09.592,-0.0010891727,0.0036749654,0.005249165,0.0,-0.0,-0.0
09.630,-0.001700038,0.0030641,0.0015839735,0.0,-0.0,-0.0
09.670,0.00501948,-0.0060988786,0.0015839735,-3.2972655e-06,-2.7137028e-06,-8.5635526e-07
09.690,-0.00047830748,-0.007320609,0.0015839735,-0.0,0.0,0.0
09.730,0.00624121,0.010394483,-0.00024862215,0.0,-0.0,0.0
09.771,-0.0145282075,-0.0067097438,-0.002081218,-0.0,-0.0,0.0
09.791,-0.0029217685,-0.0030445524,-0.002081218,-0.0,-0.0,0.0
09.836,-0.003532634,-0.0018228219,-0.0014703526,-0.0,-0.0,0.0
09.870,-0.007197825,0.0012315044,-0.0014703526,6.156181e-07,3.5981366e-06,7.350167e-07
09.890,-0.00658696,0.0073401565,0.00097310834,0.0,-0.0,-0.0
09.932,-0.015749939,0.0012315044,-0.0008594874,-0.0,0.0,0.0
09.968,0.014182458,0.0018423696,0.0015839735,-0.0,-0.0,0.0
09.989,0.005630345,-0.0012119566,0.0003622431,-0.0,-0.0,-0.0
10.029,-0.003532634,-0.0030445524,-0.0008594874,-0.0,-0.0,0.0
10.069,-0.009641286,-0.010985801,0.0015839735,-1.0839022e-05,9.512486e-06,-1.5627598e-06
10.111,-0.0010891727,0.0091727525,-0.008800736,-0.0,0.0,0.0
10.131,0.0037977493,0.0036749654,-0.0008594874,0.0,-0.0,0.0
10.172,0.000743423,-0.0030445524,0.005249165,-0.0,-0.0,-0.0
10.193,0.00501948,0.0048966957,0.00586003,-0.0,-0.0,0.0
10.230,-0.004754364,0.00062063907,-0.0039138137,-0.0,0.0,0.0
10.269,0.011738998,0.0036749654,0.0003622431,3.0349681e-06,-9.694649e-06,-2.9914366e-07
10.309,-0.0053652297,9.773844e-06,0.00097310834,0.0,-0.0,-0.0
10.330,-0.0078086904,0.0012315044,-0.0033029485,-0.0,0.0,0.0
10.372,-0.009030421,-0.0012119566,0.0015839735,-0.0,0.0,0.0
10.409,0.00013255776,0.0030641,-0.0033029485,9.268282e-07,-4.0095575e-08,9.99075e-07
10.430,0.005630345,-0.0054880134,0.002805704,-0.0,-0.0,-0.0
10.468,-0.001700038,-0.0012119566,-0.00024862215,-1.7100801e-07,2.3987667e-07,3.50808e-08
10.509,0.005630345,0.0048966957,0.0015839735,-0.0,-0.0,0.0
10.529,-0.001700038,-0.0024336872,-0.002081218,-0.0,-0.0,0.0
10.570,0.0037977493,0.00062063907,-0.0008594874,0.0,-0.0,0.0
10.609,-0.007197825,9.773844e-06,-0.0008594874,4.753948e-09,3.5015244e-06,4.1811467e-07
10.629,0.0019651535,-0.0036554176,-0.0014703526,-0.0,-0.0,0.0
10.669,-0.0023109033,-0.0036554176,0.002805704,-0.0,0.0,0.0
10.709,0.0013542882,-0.0012119566,-0.0033029485,-0.0,-0.0,0.0
10.731,0.009906402,0.0018423696,0.00097310834,-0.0,-0.0,0.0
10.769,0.00013255776,0.00062063907,-0.00024862215,0.0,-0.0,0.0
10.811,-0.0029217685,0.00062063907,0.004027434,2.0884379e-07,9.831659e-07,-1.3552192e-06
10.831,-0.0078086904,-0.004266283,0.0021948388,-0.0,0.0,0.0
10.870,0.009295536,0.0012315044,-0.0014703526,0.0,-0.0,0.0
10.911,-0.003532634,0.0018423696,-0.0075790053,-0.0,0.0,0.0
10.930,0.009906402,-0.004877148,-0.0026920831,-0.0,-0.0,0.0
10.972,0.00013255776,-0.0030445524,0.00586003,-0.0,-0.0,-0.0
11.010,0.0037977493,0.0036749654,-0.0039138137,1.6218381e-06,-1.6760224e-06,1.7272467e-06
11.051,0.0031868839,-0.0018228219,-0.0008594874,-0.0,-0.0,0.0
11.071,-0.0023109033,0.0012315044,0.0003622431,0.0,-0.0,-0.0
11.111,0.002576019,0.00062063907,0.002805704,-0.0,-0.0,0.0
11.151,-0.003532634,0.00062063907,0.0015839735,1.6330829e-07,9.295381e-07,-4.1678933e-07
11.170,0.0037977493,0.0018423696,-0.0033029485,0.0,-0.0,0.0
11.210,-0.009030421,-0.0030445524,-0.0033029485,-2.060741e-06,6.112324e-06,2.2356385e-06
11.250,0.00501948,0.002453235,0.0003622431,-0.0,-0.0,0.0
11.270,-0.0010891727,0.0048966957,0.0034165692,0.0,-0.0,-0.0
11.310,-0.004143499,9.773844e-06,-0.002081218,-0.0,0.0,0.0
11.351,0.000743423,-0.004877148,-0.00024862215,-1.6167772e-06,-2.4644518e-07,8.241818e-08
11.371,0.00013255776,0.002453235,-0.00024862215,0.0,-0.0,0.0
11.401,-0.0010891727,9.773844e-06,-0.004524679,-0.0,0.0,0.0
11.451,-0.004143499,0.0012315044,0.0021948388,0.0,-0.0,-0.0
11.469,-0.00658696,0.0018423696,-0.0039138137,-0.0,0.0,0.0
11.510,-0.0053652297,-0.0012119566,-0.002081218,-0.0,-0.0,0.0
11.550,0.0031868839,-0.0024336872,-0.0008594874,-6.69775e-07,-8.770624e-07,2.3653924e-07
11.570,0.0031868839,0.0030641,0.004027434,-0.0,-0.0,0.0
11.610,0.0044086147,0.00062063907,0.0003622431,-0.0,-0.0,0.0
11.650,-0.008419556,-0.0030445524,-0.0008594874,-0.0,-0.0,0.0
11.670,-0.004143499,0.0091727525,-0.0033029485,-0.0,0.0,0.0
11.711,0.016015055,0.002453235,0.002805704,-0.0,-0.0,0.0
11.751,-0.00658696,0.0018423696,0.0046383,1.0217786e-06,3.6531121e-06,-2.5723925e-06
11.772,-0.004754364,0.0067292913,-0.0026920831,-0.0,0.0,0.0
11.811,0.000743423,-0.0054880134,-0.0014703526,-0.0,-0.0,0.0
11.851,0.00013255776,9.773844e-06,-0.0039138137,0.0,-0.0,0.0
11.871,0.005630345,0.0030641,0.0015839735,-0.0,-0.0,0.0
11.911,-0.0010891727,0.0036749654,0.0021948388,0.0,-0.0,-0.0
11.951,-0.0053652297,-0.00060109136,0.002805704,-2.4543152e-07,2.1906876e-06,-1.1456021e-06
11.991,-0.0029217685,-0.0024336872,-0.0057464093,-0.0,-0.0,0.0
12.011,0.00501948,0.0042858305,-0.0039138137,0.0,-0.0,0.0
12.050,-0.010863017,0.0012315044,0.00097310834,0.0,-0.0,-0.0
12.090,-0.001700038,0.0036749654,0.0003622431,1.0025971e-06,4.638011e-07,-9.882671e-08
12.111,-0.001700038,-0.0030445524,-0.0026920831,-0.0,-0.0,0.0
12.151,-0.005976095,9.773844e-06,-0.0063572745,5.7164327e-09,3.4992233e-06,3.7224181e-06
12.173,-0.003532634,0.00062063907,-0.0008594874,-0.0,0.0,0.0
12.212,-0.005976095,0.0036749654,-0.002081218,-0.0,0.0,0.0
12.251,0.0044086147,0.002453235,0.00097310834,-0.0,-0.0,0.0
12.293,-0.003532634,-0.0030445524,-0.0026920831,-1.1002046e-06,1.2765805e-06,9.728335e-07
12.310,0.0044086147,-0.0012119566,-0.002081218,-0.0,-0.0,0.0
12.352,-0.00658696,0.0036749654,-0.0026920831,1.9751471e-06,3.5402338e-06,1.4468854e-06
12.396,0.0031868839,0.0018423696,-0.002081218,0.0,-0.0,0.0
12.412,-0.0053652297,-0.008542339,0.0015839735,-0.0,0.0,0.0
12.452,-0.011473882,0.00062063907,-0.011244196,-0.0,0.0,0.0
12.490,0.0068520755,-0.0030445524,0.0015839735,-1.5657802e-06,-3.5239439e-06,-8.1462235e-07
12.510,0.002576019,0.0048966957,0.004027434,-0.0,-0.0,0.0
12.551,0.0013542882,0.0036749654,-0.00024862215,9.678578e-07,-3.5667225e-07,6.5478574e-08
12.594,-0.0023109033,-0.0018228219,-0.0063572745,-0.0,-0.0,0.0
12.612,0.005630345,0.0012315044,-0.0057464093,0.0,-0.0,0.0
12.653,-0.012084748,-0.0036554176,-0.00024862215,-0.0,-0.0,0.0
12.692,-0.0010891727,0.0012315044,-0.0014703526,1.8228458e-07,1.6121697e-07,2.1763837e-07
12.712,-0.003532634,0.0042858305,0.0015839735,0.0,-0.0,-0.0
12.753,-0.0029217685,0.00062063907,-0.004524679,-0.0,0.0,0.0
12.793,-0.0010891727,-0.004877148,0.0021948388,-0.0,0.0,0.0
12.813,0.000743423,0.0012315044,0.0015839735,-0.0,-0.0,0.0
12.852,-0.003532634,0.0073401565,-0.0026920831,-0.0,0.0,0.0
12.892,-0.009641286,-0.0024336872,-0.005135544,-1.8278417e-06,7.241112e-06,3.857072e-06
12.912,0.0044086147,-0.0012119566,-0.0057464093,-0.0,-0.0,0.0
12.953,-0.007197825,-0.00060109136,-0.0033029485,-0.0,-0.0,0.0
12.992,-0.010252152,-0.0036554176,-0.0033029485,-0.0,-0.0,0.0
13.032,-0.008419556,-0.0012119566,-0.0033029485,-7.421762e-07,5.1559177e-06,2.0226423e-06
13.051,0.00013255776,-0.0018228219,-0.0026920831,-0.0,-0.0,0.0
13.091,-0.0023109033,0.0055075614,0.0003622431,2.2116144e-06,9.279653e-07,-1.4546323e-07
13.133,-0.004143499,-0.010374935,-0.00024862215,-0.0,-0.0,0.0
13.152,0.009906402,-0.0024336872,0.0021948388,-0.0,-0.0,-0.0
13.193,-0.009641286,0.0036749654,-0.0063572745,-0.0,0.0,0.0
13.231,0.009295536,0.0055075614,-0.0014703526,4.0302725e-06,-6.802194e-06,1.075974e-06
13.251,0.012349863,0.00062063907,0.00586003,-0.0,-0.0,0.0
13.291,0.0013542882,-0.00060109136,-0.00024862215,-6.060484e-08,-1.3654567e-07,2.5067244e-08
13.330,-0.0023109033,-0.009153205,-0.0039138137,-0.0,-0.0,0.0
13.351,0.005630345,-0.0018228219,-0.005135544,-0.0,-0.0,0.0
13.392,0.0068520755,0.0030641,0.00097310834,-0.0,-0.0,0.0
13.430,-0.0010891727,0.0012315044,0.0034165692,3.1335216e-07,2.7713608e-07,-8.693343e-07
13.470,-0.004754364,-0.00060109136,0.0046383,-0.0,0.0,0.0
13.490,-0.00658696,-0.0012119566,-0.0026920831,-5.870902e-07,3.1908116e-06,1.3040823e-06
13.529,0.011128132,0.00062063907,0.0003622431,-0.0,-0.0,0.0
13.551,0.0105172675,0.0030641,0.00586003,-0.0,-0.0,0.0
13.591,-0.010252152,0.002453235,-0.0033029485,-0.0,0.0,0.0
13.631,0.00013255776,-0.007320609,0.0021948388,-3.755181e-06,-6.799474e-08,-1.1258651e-06
13.672,0.000743423,-0.0012119566,-0.005135544,-0.0,-0.0,0.0
13.692,0.00624121,0.0012315044,-0.00024862215,5.261508e-07,-2.6665086e-06,1.0622259e-07
13.733,0.00013255776,9.773844e-06,0.0021948388,-0.0,-0.0,0.0
13.753,0.0074629406,9.773844e-06,0.0015839735,-0.0,-0.0,0.0
13.792,-0.00658696,-0.0012119566,-0.0008594874,-0.0,-0.0,0.0
13.832,0.00624121,0.0042858305,-0.00024862215,2.1787428e-06,-3.172778e-06,1.2639288e-07
13.872,-0.008419556,-0.0018228219,0.0015839735,-0.0,0.0,0.0
13.891,-0.012695612,-0.0030445524,-0.0014703526,-0.0,-0.0,0.0
13.932,0.00013255776,-0.0024336872,-0.0014703526,-0.0,-0.0,0.0
13.972,0.00624121,-0.0036554176,-0.0033029485,-1.950554e-06,-3.330356e-06,1.7624737e-06
13.991,0.009906402,0.0030641,0.005249165,-0.0,-0.0,0.0
14.032,-0.003532634,0.0030641,0.002805704,1.1213854e-06,1.2928559e-06,-1.0268188e-06
14.072,0.011738998,-0.0012119566,0.0021948388,-0.0,-0.0,-0.0
14.090,0.0019651535,-0.0036554176,-0.00024862215,-0.0,-0.0,0.0
14.132,0.0105172675,0.0036749654,-0.0026920831,0.0,-0.0,0.0
14.172,-0.013306477,9.773844e-06,-0.002081218,8.822671e-09,1.2026914e-05,1.8810862e-06
14.192,0.000743423,0.002453235,0.0021948388,-0.0,-0.0,0.0
14.232,0.002576019,0.0018423696,0.004027434,6.334675e-07,-8.8572165e-07,-1.3847659e-06
14.271,-0.007197825,-0.0060988786,-0.004524679,-0.0,-0.0,0.0
14.293,0.0086846715,0.00062063907,0.0015839735,-0.0,-0.0,0.0
14.332,0.0044086147,0.010394483,0.0003622431,-0.0,-0.0,0.0
14.372,0.00013255776,-0.004266283,0.00097310834,-1.2534058e-06,-3.8944417e-08,-2.8589284e-07
14.395,-0.008419556,-0.004877148,0.0015839735,-0.0,0.0,0.0
14.431,0.00501948,0.00062063907,-0.00024862215,2.1090975e-07,-1.7057529e-06,8.4488605e-08
14.471,-0.009030421,-0.007320609,-0.00024862215,-0.0,-0.0,0.0
14.492,-0.001700038,-0.0024336872,-0.0008594874,-0.0,-0.0,0.0
14.530,0.0086846715,0.0036749654,0.0021948388,-0.0,-0.0,0.0
14.574,-0.0010891727,-0.00060109136,-0.0033029485,-1.4237337e-07,2.5797914e-07,7.823296e-07
14.593,0.000743423,-0.00060109136,0.0003622431,-0.0,-0.0,-0.0
14.633,-0.001700038,0.002453235,0.002805704,6.744056e-07,4.673479e-07,-7.7130096e-07
14.673,0.0068520755,-0.00060109136,0.0015839735,-0.0,-0.0,-0.0
14.694,0.005630345,-0.0030445524,0.0046383,-0.0,-0.0,-0.0
14.732,-0.0010891727,0.002453235,-0.005135544,-0.0,0.0,0.0
14.774,0.0013542882,-0.010374935,0.002805704,-7.5422035e-06,-9.845107e-07,-2.0396487e-06
14.794,0.002576019,-0.0024336872,0.005249165,-0.0,-0.0,-0.0
14.833,0.0031868839,0.012227079,-0.0014703526,1.0438022e-05,-2.7205745e-06,1.2552258e-06
14.873,0.005630345,0.00062063907,-0.0014703526,0.0,-0.0,0.0
14.912,0.008073806,-0.0018228219,0.00586003,-1.2405889e-06,-5.4948764e-06,-3.988228e-06
14.934,-0.004754364,-0.004877148,0.002805704,-0.0,0.0,0.0
14.972,-0.00047830748,0.0012315044,-0.0033029485,2.939979e-07,1.14186825e-07,7.885154e-07
15.012,-0.00658696,0.006118426,-0.002081218,-0.0,0.0,0.0
15.032,-0.009030421,-0.0024336872,-0.0039138137,-0.0,-0.0,0.0
15.072,-0.001700038,-0.008542339,0.0021948388,-0.0,0.0,0.0
15.096,0.00501948,0.0042858305,0.0015839735,-0.0,-0.0,0.0
15.134,0.002576019,0.0110053485,0.00097310834,-0.0,-0.0,0.0
15.177,-0.009641286,-0.004266283,-0.002081218,-3.0767828e-06,6.9531447e-06,1.500953e-06
15.212,0.008073806,0.00062063907,0.002805704,-0.0,-0.0,0.0
15.233,-0.0023109033,9.773844e-06,-0.0014703526,-0.0,0.0,0.0
15.271,-0.00047830748,0.0036749654,-0.0026920831,-0.0,0.0,0.0
15.311,-0.004143499,0.00062063907,-0.00024862215,1.7481048e-07,1.1670667e-06,7.002735e-08
15.352,-0.00047830748,-0.0018228219,-0.0014703526,-0.0,-0.0,0.0
15.373,0.0019651535,-0.004266283,0.0015839735,-1.4192196e-06,-6.537265e-07,-5.269242e-07
15.411,0.00501948,-0.0024336872,-0.0039138137,-0.0,-0.0,0.0
15.450,-0.008419556,9.773844e-06,-0.008800736,7.963968e-09,6.8817835e-06,7.1933437e-06
15.471,-0.013306477,0.006118426,-0.015520253,-0.0,0.0,0.0
15.510,-0.011473882,0.010394483,-0.024072366,1.996455e-05,2.2038761e-05,4.6236444e-05
15.552,-0.012695612,0.04826813,-0.02101804,-0.0,0.0,0.0
15.572,-0.038351953,0.035439957,-0.02895929,0.00014200545,0.00015369151,0.00011603424
15.613,-0.059121374,0.008561888,0.007692626,0.0,-0.0,-0.0
15.652,-0.052401852,0.015892271,0.005249165,5.8670303e-05,0.00019344784,-1.9383666e-05
15.671,-0.05118012,0.01467054,-0.010633332,-0.0,0.0,0.0
15.712,-0.04873666,-0.007320609,-0.023461502,-2.6822985e-05,0.00017852074,8.594163e-05
15.752,-0.028578108,-0.033587813,-0.017963715,-0.0,-0.0,0.0
15.773,-0.024912918,-0.02259224,-0.024072366,-6.2707775e-05,6.9144495e-05,6.681577e-05
15.812,-0.034075897,-0.012818397,-0.026515827,-0.0,-0.0,0.0
15.854,-0.05545618,-0.0390856,-0.029570155,-0.00019414669,0.00027541997,0.00014689284
15.873,-0.030410703,-0.023203107,-0.024072366,-0.0,-0.0,0.0
15.913,-0.037741087,-0.028090026,-0.039343998,-0.00011562512,0.00015532487,0.00016194045
15.954,-0.0322433,0.019557461,-0.071719855,-0.0,0.0,0.0
15.972,-0.035908494,-0.0030445524,-0.07538505,-0.0,-0.0,0.0
16.012,-0.056067042,-0.06413108,-0.056448225,-0.0,-0.0,0.0
16.052,-0.020025995,-0.030533489,-0.044841785,-0.0001185007,7.7706296e-05,0.00017402598
16.072,-0.0078086904,-0.010374935,-0.039343998,-0.0,-0.0,0.0
16.111,0.017236784,0.016503137,-0.027126694,4.0014645e-05,-4.1790747e-05,6.5771834e-05
16.153,0.018458515,-0.0018228219,-0.03384621,-0.0,-0.0,0.0
16.172,0.025788898,-0.007931475,-0.038733132,-0.0,-0.0,0.0
16.212,0.04594745,0.011616214,-0.042398322,0.0,-0.0,0.0
16.254,0.064884275,0.02749871,-0.039954863,0.00014953311,-0.0003527225,0.00021723815
16.294,0.07465812,0.042159475,-0.035678808,0.0,-0.0,0.0
16.312,0.08443196,0.037272554,-0.03384621,0.0002459487,-0.0005569688,0.00022335142
16.353,0.079545036,0.03360736,-0.02101804,0.0,-0.0,0.0
16.374,0.07465812,0.010394483,-0.004524679,0.0,-0.0,0.0
16.412,0.13940984,-0.032366086,0.035792425,-0.0,-0.0,-0.0
16.453,0.10092533,-0.011596666,0.007081761,-7.9268786e-05,-0.00068972586,-4.842438e-05
16.492,0.08931889,-0.012207531,-0.017963715,-0.0,-0.0,0.0
16.512,0.10214706,-0.0018228219,-0.009411601,-1.2527421e-05,-0.0007032872,6.479486e-05
16.553,0.09054061,0.022611788,0.033348966,-0.0,-0.0,0.0
16.591,0.0960384,0.02627698,0.04739887,0.000194334,-0.0007107511,-0.0003506988
16.613,0.11802955,0.022611788,0.04312281,-0.0,-0.0,0.0
16.651,0.22615269,0.0091727525,0.0626705,0.00014280489,-0.003564287,-0.0009874474
16.693,0.23470482,0.021390056,0.109707125,-0.0,-0.0,0.0
16.711,0.24936558,-0.004266283,0.16407412,-9.367754e-05,-0.004995382,-0.0032871314
16.751,0.31778246,-0.12949365,0.23065844,-0.0,-0.0,-0.0
16.791,0.32877806,-0.25044498,0.18117836,-0.00761111,-0.00993459,-0.0055240463
16.811,0.34893662,-0.44042408,0.2844146,-0.0,-0.0,-0.0
16.852,0.3794799,-0.6383444,0.24226488,-0.033586737,-0.019672612,-0.013029716
16.892,0.2646372,-0.29809245,0.13169827,-0.0,-0.0,-0.0
16.912,0.13085772,-0.092841744,0.04434454,-0.0010374872,-0.0014615393,-0.0004961261
16.952,-0.118375294,0.107522056,-0.05217217,-0.0,0.0,0.0
16.993,-0.21122682,0.25779492,-0.07599591,0.005909197,0.004850309,0.001728893
17.013,-0.22283325,0.28528383,-0.07233072,-0.0,0.0,0.0
17.052,-0.18312702,0.07087014,-0.071719855,0.0009929222,0.0025695248,0.0010048578
17.092,-0.093329825,0.07209187,-0.05705909,-0.0,0.0,0.0
17.112,-0.07378214,0.1069112,-0.050950434,-0.0,0.0,0.0
17.153,-0.10737972,0.06292889,-0.0063572745,-0.0,0.0,0.0
17.192,-0.17090972,0.015281404,-0.005135544,0.00017598717,0.0019689228,5.8989375e-05
17.235,-0.14097731,-0.07329405,-0.03384621,-0.0,-0.0,0.0
17.254,-0.093329825,-0.054968096,-0.054615628,-0.00044763827,0.0007596545,0.0004447701
17.291,-0.043238875,-0.0012119566,-0.06622207,-0.0,-0.0,0.0
17.332,-0.079890795,-0.047637716,-0.050950434,-0.00033915153,0.0005685394,0.0003627222
17.352,-0.05789964,-0.06474195,-0.03506794,-0.0,-0.0,0.0
17.392,0.00624121,-0.052524637,-0.01735285,-0.00019622073,-2.3322265e-05,6.4824475e-05
17.432,0.081988506,-0.08734395,-0.013687657,-0.0,-0.0,0.0
17.451,0.13574465,-0.056189828,0.0021948388,-0.0005540587,-0.0013384655,-2.2012393e-05
17.492,0.17422916,-0.0067097438,0.059005305,-0.0,-0.0,-0.0
17.530,0.11925128,-0.03969647,0.056561843,-0.00036744907,-0.0011028824,-0.0005233543
17.551,0.07343639,-0.089787416,0.044955406,-0.0,-0.0,-0.0
17.593,0.033730146,-0.04336166,0.008303491,-0.00016167825,-0.00012576218,-3.0970186e-05
17.634,0.009906402,0.031163903,-0.009411601,0.0,-0.0,0.0
17.652,0.030064955,0.057431106,-0.0063572745,0.00025104257,-0.00013141533,2.7805181e-05
17.693,0.04350399,0.04826813,0.019299066,-0.0,-0.0,0.0
17.733,0.011738998,0.03788342,0.011357818,0.00010488195,-3.2501746e-05,-3.144308e-05
17.753,0.002576019,0.016503137,-0.005135544,0.0,-0.0,0.0
17.794,0.050834373,-0.018316183,-0.016741984,-6.952555e-05,-0.00019297906,6.3549014e-05
17.833,0.031897552,-0.017094454,-0.0014703526,-0.0,-0.0,0.0
17.852,-0.0023109033,0.0042858305,0.00097310834,1.4281452e-06,7.7005006e-07,-3.2426436e-07
17.893,-0.089053765,-0.015261857,0.011357818,-0.0,0.0,0.0
17.935,-0.1305926,-0.047637716,0.028462043,-0.0004534473,0.0012435896,-0.00027073923
17.953,-0.12265136,-0.047637716,0.026018584,-0.0,0.0,0.0
17.994,0.0068520755,-0.05863329,0.013801279,-0.00023854489,-2.7870336e-05,-5.6152545e-05
18.032,0.14246416,-0.07573752,0.037014157,-0.0,-0.0,-0.0
18.053,0.1699531,-0.12766106,0.040679347,-0.0,-0.0,-0.0
18.092,0.1699531,-0.030533489,0.024796853,-0.0,-0.0,-0.0
18.134,0.028232358,0.0012315044,0.0015839735,2.339062e-06,-5.3625077e-05,-3.0085664e-06
18.172,-0.027356379,0.018946595,-0.00024862215,-0.0,0.0,0.0
18.192,-0.064008296,0.055598512,-0.011244196,0.00031909684,0.00036738705,6.447766e-05
18.233,-0.16357933,0.119128495,-0.012465927,-0.0,0.0,0.0
18.271,0.0037977493,-0.03419868,-0.0033029485,-7.93325e-05,-8.81015e-06,7.66168e-06
18.293,0.14796194,-0.092841744,-0.0057464093,-0.0,-0.0,0.0
18.333,0.2084376,0.07025928,-0.013687657,0.0010394034,-0.0030825478,0.00020403361
18.374,-0.09516242,-0.015261857,-0.018574579,-0.0,-0.0,0.0
18.392,-0.09210809,-0.03175522,-0.011855061,-0.00020917907,0.0006066607,7.8146666e-05
18.432,-0.093329825,0.059263702,-0.010022466,-0.0,0.0,0.0
18.472,-0.20572904,0.10874379,-0.014298523,0.0017009568,0.0032188469,0.00022096481
18.494,-0.22466585,0.031163903,-0.015520253,-0.0,0.0,0.0
18.532,-0.0780582,0.06781582,-0.03506794,0.0004968374,0.00057202426,0.00025681328
18.564,-0.03102157,0.05682024,-0.027126694,-0.0,0.0,0.0
18.592,-0.0078086904,-0.00060109136,0.0046383,-3.6716443e-07,4.769868e-06,-2.8332624e-06
18.631,-0.032854166,0.03360736,-0.01735285,-0.0,0.0,0.0
18.673,0.012960727,-0.018927049,-0.0063572745,-3.0235025e-05,-2.0704347e-05,1.0155155e-05
18.694,0.028232358,-0.018316183,-0.013687657,-0.0,-0.0,0.0
18.735,0.016625918,-0.015261857,-0.016741984,-0.0,-0.0,0.0
18.774,-0.026745513,0.059874568,-0.002081218,-0.0,0.0,0.0
18.807,-0.015139073,0.06048543,0.0186882,0.00026421607,6.6119945e-05,-8.1642815e-05
18.832,0.026399763,-0.0036554176,-0.00024862215,-0.0,-0.0,0.0
18.874,0.03067582,-0.03969647,-0.041176595,-0.00017288662,-0.0001336245,0.00017933376
18.893,0.03556274,-0.042139925,-0.04850698,-0.0,-0.0,0.0
18.931,0.07832331,-0.009764071,-0.0039138137,-5.1778054e-05,-0.00041537706,2.0745603e-05
18.973,0.06671687,0.025666114,0.010136087,-0.0,-0.0,0.0
19.013,0.06427341,0.025055248,0.013801279,-0.0,-0.0,0.0
19.032,0.036784474,0.032385632,0.006470896,-0.0,-0.0,0.0
19.072,0.047780048,0.055598512,0.0003622431,0.00027352702,-0.0002350631,-1.7499741e-06
19.112,0.08870801,0.06781582,-0.0033029485,0.0,-0.0,0.0
19.132,0.050223507,0.06292889,-0.013687657,0.00034490318,-0.00027524578,7.506507e-05
19.173,-0.032854166,0.040326882,-0.033235345,-0.0,0.0,0.0
19.212,-0.08722117,0.022000924,-0.0130767925,0.00013418599,0.00053206075,7.973367e-05
19.231,-0.106157996,0.045213804,0.010746952,0.0,-0.0,-0.0
19.272,-0.08172339,0.0110053485,0.026018584,6.389729e-05,0.00047421711,-0.00015099498
19.313,0.0013542882,-0.015261857,-0.041176595,-0.0,-0.0,0.0
19.341,0.081988506,-0.059855018,-0.041176595,-0.0004399281,-0.00060279836,0.0003025738
19.373,0.33122152,-0.017094454,0.011357818,-0.0,-0.0,-0.0
19.433,0.6006131,0.031163903,0.08710511,0.001227437,-0.024492,-0.003536824
19.471,1.0202775,-0.27365786,0.1207027,-0.019876389,-0.07271618,-0.009340193
19.511,1.0367708,-0.014040126,0.015633874,-0.0,-0.0,-0.0
19.532,0.8803894,0.029331306,-0.021628907,0.0017691029,-0.05205171,0.0013251561
19.573,0.5230332,-0.06962886,-0.10348485,-0.0,-0.0,0.0
19.614,0.32328027,0.32193577,-0.1517432,0.010412273,-0.010404121,0.004949857
19.632,0.54807866,0.36225286,-0.20183416,0.0,-0.0,0.0
19.674,0.96407795,0.70983523,-0.2500925,0.059224702,-0.07852352,0.022880213
19.713,0.52975273,0.2932251,-0.112036966,0.0,-0.0,0.0
19.734,0.27074584,0.09347215,-0.024072366,0.0018041618,-0.005221846,0.00046903075
19.773,0.061829947,-0.13560231,0.17201538,-0.0,-0.0,-0.0
19.814,-0.3083544,-0.27549046,0.36871397,-0.010162381,0.0115321195,-0.013647886
19.854,-0.5398723,-0.43553713,0.18056749,-0.0,0.0,0.0
19.873,-0.45679465,-0.029311758,0.23371276,-0.0009473996,0.015756652,-0.008052383
19.914,0.025178032,0.098969944,0.19889344,-0.0,-0.0,0.0
19.952,0.40513623,-0.18996932,0.32961863,-0.0,-0.0,-0.0
19.974,0.4631684,-0.3103098,0.34244677,-0.0,-0.0,-0.0
20.014,0.37398207,-0.1307154,0.4175832,-0.005165131,-0.014402521,-0.016165413
20.053,0.1662879,-0.07512665,0.47683713,-0.0,-0.0,-0.0
20.073,0.09298408,-0.10933511,0.45851117,-0.0035468072,-0.0029714678,-0.014786867
20.113,0.018458515,-0.14354357,0.39559206,-0.0,-0.0,-0.0
20.154,-0.09943847,0.14478484,0.26120168,0.0,-0.0,-0.0
20.173,-0.19473346,0.009783618,0.082218185,0.0,-0.0,-0.0
20.214,-0.2906393,0.040937744,-0.0057464093,0.0008061426,0.005725528,0.000110894376
20.252,-0.16785538,-0.028090026,-0.00818987,-0.0,-0.0,0.0
20.274,-0.07072781,0.0055075614,-0.004524679,2.627011e-05,0.00033740638,2.158049e-05
20.313,-0.00658696,0.018335732,0.002805704,0.0,-0.0,-0.0
20.355,-0.07561473,-0.08367877,-0.015520253,-0.0006393326,0.0005776519,0.00011875802
20.373,-0.106157996,-0.07940271,-0.028348424,-0.0,-0.0,0.0
20.413,-0.11104491,0.013448809,-0.047285248,0.00010942846,0.000904996,0.00038530777
20.454,0.047780048,0.06903754,-0.0026920831,0.0,-0.0,0.0
20.472,0.088097155,0.087363504,0.008914356,0.0007292482,-0.0007354267,-7.414532e-05
20.514,0.1785052,0.052544184,0.019299066,-0.0,-0.0,0.0
20.552,0.21332452,0.12645888,0.023575123,0.0021132748,-0.0035664847,-0.0003903289
20.575,0.18278126,0.14845003,0.015023009,-0.0,-0.0,0.0
20.613,0.070992924,0.015892271,-0.023461502,8.154526e-05,-0.00036417085,0.000120366436
20.653,0.1100883,-0.012207531,-0.03384621,-0.0,-0.0,0.0
20.695,0.10642311,-0.030533489,0.01624474,-0.0,-0.0,-0.0
20.713,0.027010627,-0.06474195,0.038846754,-0.0,-0.0,-0.0
20.754,-0.112266645,-0.12766106,-0.025294097,-0.0014726417,0.0012946763,0.00029269737
20.796,0.044114858,-0.10261559,-0.047285248,-0.0,-0.0,0.0
20.814,0.1259708,-0.11483289,-0.02895929,-0.0013321347,-0.001461833,0.00033503427
20.852,0.10031446,-0.10200472,-0.01735285,-0.0,-0.0,0.0
20.893,-0.06523003,-0.11238944,-0.046674382,-0.0,-0.0,0.0
20.913,-0.12204049,-0.032976948,-0.051561303,-0.0,-0.0,0.0
20.953,-0.27353507,0.17960416,-0.013687657,0.0039464147,0.006012227,0.0002889587
20.994,-0.28391978,0.34331605,0.024185987,0.0,-0.0,-0.0
21.012,-0.2588743,0.48198244,0.055340115,0.01779401,0.009533025,-0.0021267943
21.054,-0.31690648,0.3341531,-0.0075790053,-0.0,0.0,0.0
21.093,-0.04873666,0.22664078,-0.04545265,-0.0,0.0,0.0
21.114,0.08137763,0.2651253,-0.050339572,0.0,-0.0,0.0
21.153,-0.00658696,0.10996552,-0.024683231,0.0008331073,4.998149e-05,0.00018698229
21.194,-0.13731211,0.13989791,-0.050950434,-0.0,0.0,0.0
21.213,-0.16357933,0.09713735,-0.06072428,0.0013008919,0.00219273,0.00081236794
21.252,-0.09577329,-0.0018228219,-0.03140275,-0.0,-0.0,0.0
21.294,-0.067062624,-0.010985801,0.008303491,-0.0,0.0,0.0
21.312,-0.07256041,-0.012818397,0.016855605,-0.0,0.0,0.0
21.354,-0.1043254,-0.032976948,-0.00024862215,-0.00024213581,0.00076601474,1.9182633e-06
21.392,-0.16113587,-0.020759644,-0.019185444,-0.0,-0.0,0.0
21.413,-0.15075116,-0.027479162,-0.0130767925,-0.00028370763,0.0015558286,0.00013518154
21.452,-0.11715357,0.020168327,0.004027434,0.0,-0.0,-0.0
21.492,-0.07866906,0.030553035,0.002805704,0.0001731375,0.00044579015,-1.5937589e-05
21.534,-0.04690407,-0.008542339,-0.0026920831,-0.0,-0.0,0.0
21.553,-0.042017143,-0.04336166,-0.014909388,-0.00018098344,0.00017536074,6.224297e-05
21.594,-0.04384974,-0.038474735,-0.024072366,-0.0,-0.0,0.0
21.633,-0.048125796,-0.0054880134,-0.027126694,-0.0,-0.0,0.0
21.654,-0.029188974,-0.04947031,-0.027126694,-0.0,-0.0,0.0
21.693,0.03067582,-0.14720875,-0.046063516,-0.001553547,-0.0003241269,0.00048589785
21.733,-0.045682333,-0.30053592,-0.046063516,-0.0,-0.0,0.0
21.752,-0.15747067,-0.12399587,-0.0075790053,-0.0016690725,0.0021194406,0.00010378092
21.792,0.028232358,0.052544184,0.009525222,-0.0,-0.0,0.0
21.833,-0.00658696,0.075757064,-0.055226494,-0.0,0.0,0.0
21.852,-0.040184546,0.106300324,-0.10470658,-0.0,0.0,0.0
21.894,-0.064619154,0.038494285,-0.09126754,0.00030533256,0.0005129746,0.0007242864
21.933,-0.053012718,0.0110053485,-0.018574579,-0.0,0.0,0.0
21.956,-0.030410703,-0.12155241,0.0003622431,-0.0010220852,0.0002557129,-2.9152748e-06
21.993,0.047169182,-0.17164336,-0.0075790053,-0.0,-0.0,0.0
22.033,0.19377685,-0.19791056,-0.022850636,-0.0,-0.0,0.0
22.053,0.21454626,-0.16003692,-0.011855061,-0.0,-0.0,0.0
22.094,0.09237321,-0.15270655,0.0021948388,-0.001829081,-0.0011063893,-2.73009e-05
22.134,-0.10676886,-0.1991323,0.023575123,-0.0,0.0,0.0
22.153,-0.14219905,-0.18019548,0.019299066,-0.002785189,0.0021985658,-0.0002952688
22.194,-0.0762256,-0.0934526,-0.0075790053,-0.0,-0.0,0.0
22.233,0.069160335,-0.028700894,0.008303491,-0.0,-0.0,-0.0
22.254,0.10947744,-0.04824858,0.030905506,-0.0,-0.0,-0.0
22.293,0.097871,-0.025035702,0.07733126,-0.00021402257,-0.0008355202,-0.00066031865
22.333,0.13696636,0.05682024,0.030905506,-0.0,-0.0,0.0
22.373,-0.016971668,0.065372355,0.070611745,0.0,-0.0,-0.0
22.393,-0.11043405,-0.07879184,0.09199203,-0.0,0.0,0.0
22.434,-0.21794634,-0.16675644,0.08343992,-0.003206316,0.00419752,-0.001599295
22.495,-0.27536768,0.006118426,0.03151637,0.0,-0.0,-0.0
22.533,-0.15563808,0.08430918,-0.014909388,-0.0,0.0,0.0
22.573,-0.2924719,-0.1374349,-0.0008594874,-0.0,-0.0,0.0
22.594,-0.24238095,-0.123385005,0.007692626,-0.0,0.0,0.0
22.632,-0.0029217685,0.016503137,-0.0014703526,1.8632856e-05,3.2988369e-06,1.6600703e-06
22.675,0.013571593,0.002453235,-0.0069681397,0.0,-0.0,0.0
22.693,-0.0029217685,-0.0018228219,-0.00818987,-1.0868162e-06,1.7420288e-06,4.883006e-06
22.735,-0.04140628,0.01467054,-0.004524679,-0.0,0.0,0.0
22.774,-0.043238875,0.0073401565,0.0021948388,0.0,-0.0,-0.0
22.796,-0.0053652297,0.01467054,-0.0033029485,-0.0,0.0,0.0
22.834,-0.009641286,0.0067292913,-0.005135544,5.7939924e-06,8.301291e-06,4.421749e-06
22.874,-0.07317127,-0.03542041,-0.0026920831,-0.0,-0.0,0.0
22.894,-0.10554713,-0.042750794,0.005249165,-0.00032703407,0.0008074584,-4.0024886e-05
22.934,-0.06767348,-0.029922623,0.00097310834,-0.0,0.0,0.0
22.976,-0.038351953,-0.0054880134,0.008303491,-0.0,0.0,0.0
22.995,-0.05545618,-0.012207531,0.0046383,-0.0,0.0,0.0
23.036,-0.13975559,-0.02381397,0.018077336,-0.00022828166,0.0013404036,-0.0001732252
23.075,-0.18801393,-0.13499144,0.033348966,-0.0,0.0,0.0
23.094,-0.1305926,-0.0934526,0.021131663,-0.0010156145,0.0014195838,-0.00022896833
23.136,-0.0322433,-0.014650992,0.007692626,-0.0,0.0,0.0
23.174,0.05633216,-0.009153205,-0.00024862215,-0.0,-0.0,0.0
23.214,0.08687542,0.020168327,0.026018584,-0.0,-0.0,0.0
23.233,0.067938596,0.021390056,0.026018584,0.00010882744,-0.00034573505,-0.00013238529
23.275,0.016625918,0.062318027,0.052896656,-0.0,-0.0,0.0
23.314,-0.04873666,0.053765915,0.064503096,0.0,-0.0,-0.0
23.333,-0.060953967,0.024444385,0.070611745,0.0,-0.0,-0.0
23.375,-0.04384974,0.058652837,0.040068485,0.0003286025,0.00024561066,-0.00022450517
23.413,-0.18740308,0.072702736,-0.0039138137,-0.0,0.0,0.0
23.432,-0.22405499,0.012837944,-0.0026920831,0.00019328819,0.003374559,4.022011e-05
23.473,-0.07317127,0.025666114,-0.005135544,-0.0,0.0,0.0
23.514,-0.03102157,0.094693884,-0.0063572745,-0.0,0.0,0.0
23.534,-0.07194954,0.17288464,-0.010633332,-0.0,0.0,0.0
23.575,-0.13792299,0.007951022,-0.002081218,7.371071e-05,0.0012788423,1.9250221e-05
23.615,-0.09699502,0.06598322,-0.012465927,-0.0,0.0,0.0
23.636,-0.07378214,0.031774767,-0.0039138137,0.00017149835,0.0003982368,2.1090445e-05
23.676,0.030064955,0.010394483,0.008303491,-0.0,-0.0,0.0
23.714,0.014182458,-0.08551136,0.020520795,-0.0,-0.0,-0.0
23.736,0.005630345,-0.05374637,0.03151637,-0.0,-0.0,-0.0
23.774,-0.028578108,-0.08917655,0.021742526,-0.00057530554,0.00018441069,-0.00014021786
23.814,-0.030410703,-0.123385005,0.028462043,-0.0,0.0,0.0
23.832,-0.023691187,-0.100172125,0.022353392,-0.00070808694,0.00016752501,-0.00015795311
23.875,-0.05118012,-0.036031276,0.007081761,-0.0,0.0,0.0
23.912,-0.12509482,-0.016483588,0.007692626,-0.0,0.0,0.0
23.933,-0.11348838,-0.026868297,-0.005135544,-0.0,-0.0,0.0
23.973,-0.11715357,-0.019537915,-0.013687657,-0.00015681013,0.0009399492,0.00010989384
24.014,-0.15319462,-0.025035702,-0.0014703526,-0.0,-0.0,0.0
24.035,-0.17335317,-0.016483588,0.005249165,-0.00019264864,0.0020266876,-6.117309e-05
24.075,-0.21916807,-0.024424836,0.0119686825,-0.0,0.0,0.0
24.114,-0.012695612,0.072702736,-0.0026920831,-0.0,0.0,0.0
24.135,0.05266697,0.05315505,0.008303491,-0.0,-0.0,0.0
24.176,0.06305168,0.04826813,0.007081761,0.000258227,-0.00033732993,-3.7843707e-05
24.215,0.055110432,0.031163903,-0.0014703526,0.0,-0.0,0.0
24.238,0.052056104,0.039105147,-0.0063572745,0.00017167823,-0.00022852849,2.792861e-05
24.272,0.07893417,0.045213804,0.0003622431,-0.0,-0.0,0.0
24.314,0.064884275,0.017114,0.004027434,7.720404e-05,-0.00029271425,-1.8157734e-05
24.354,0.009295536,0.020168327,-0.00818987,0.0,-0.0,0.0
24.374,-0.016360804,0.007951022,-0.013687657,1.2146792e-05,2.4995097e-05,2.091096e-05
24.414,-0.00047830748,-0.00060109136,-0.00024862215,-0.0,-0.0,0.0
24.453,-0.027967243,-0.034809545,-0.0069681397,-0.0,-0.0,0.0
24.473,-0.036519356,-0.06474195,-0.011855061,-0.0,-0.0,0.0
24.513,-0.04507147,-0.08184617,-0.0075790053,-0.0005148943,0.0002835286,4.7751895e-05
24.553,-0.04262801,-0.09956127,-0.0039138137,-0.0,-0.0,0.0
24.574,-0.035297625,-0.066574536,-0.0069681397,-0.0003380963,0.00017925,3.5417408e-05
24.614,-0.030410703,-0.09467434,0.0003622431,-0.0,0.0,0.0
24.658,-0.039573684,-0.089787416,-0.0008594874,-0.0,-0.0,0.0
24.673,-0.039573684,-0.073904924,0.010136087,-0.0,0.0,0.0
24.715,0.050834373,0.075146206,0.0186882,0.00046711008,-0.00031602682,-0.00011609692
24.740,0.039227933,0.0048966957,-0.0057464093,0.0,-0.0,0.0
24.774,0.005630345,-0.05191377,-0.00818987,-0.00018414488,-1.997427e-05,2.9048739e-05
24.813,0.012349863,-0.03175522,0.0003622431,-0.0,-0.0,-0.0
24.855,0.055110432,-0.033587813,-0.002081218,-0.0,-0.0,0.0
24.894,0.028232358,-0.09956127,0.010746952,-0.0,-0.0,-0.0
24.914,-0.004754364,-0.14171097,0.002805704,-0.0013486816,4.526591e-05,-2.6671738e-05
24.954,-0.062786564,-0.17591941,0.0015839735,-0.0,0.0,0.0
24.993,-0.104936264,-0.11055684,0.0034165692,-0.0,0.0,0.0
25.014,-0.09149723,0.025666114,0.0003622431,0.0,-0.0,-0.0
25.055,-0.054845314,0.21625607,0.0021948388,0.0,-0.0,-0.0
25.081,-0.089053765,0.22053212,-0.014298523,-0.0,0.0,0.0
25.114,-0.16968797,0.22114299,-0.02101804,0.004147649,0.0031838634,0.0003876599
25.154,-0.123873085,0.23580375,-0.0375114,-0.0,0.0,0.0
25.176,-0.06584089,0.22236471,-0.026515827,0.0034828724,0.0010320425,0.0004135428
25.218,0.020901976,0.10080253,0.004027434,-0.0,-0.0,0.0
25.254,0.036784474,0.05315505,-0.0026920831,0.0,-0.0,0.0
25.294,-0.035908494,0.032996498,-0.0057464093,-0.0,0.0,0.0
25.314,-0.05667791,0.023833519,-0.004524679,9.860526e-05,0.00023449691,1.870859e-05
25.358,-0.07866906,0.040937744,-0.004524679,-0.0,0.0,0.0
25.393,-0.058510505,0.053765915,-0.005135544,-0.0,0.0,0.0
25.417,-0.011473882,0.043992072,-0.00024862215,-0.0,0.0,0.0
25.453,0.03861707,0.012227079,-0.0063572745,3.364519e-05,-0.00010625918,1.7494585e-05
25.494,0.0086846715,0.029331306,-0.0033029485,0.0,-0.0,0.0
25.513,-0.012084748,0.020779192,0.0034165692,3.385687e-05,1.9690327e-05,-5.56716e-06
25.554,-0.059732236,0.031163903,-0.002081218,-0.0,0.0,0.0
25.593,-0.05545618,-0.020148778,-0.008800736,-0.0,-0.0,0.0
25.616,-0.018804263,0.0091727525,-0.0057464093,-0.0,0.0,0.0
25.653,0.017236784,0.080033116,-0.043009188,0.00049670454,-0.00010690622,0.00026694417
25.693,-0.2008421,-0.014040126,-0.15846272,-0.0,-0.0,0.0
25.733,-0.6828148,0.1649434,-0.15907359,-0.0,0.0,0.0
25.754,-0.6895343,0.10263513,-0.25497943,-0.0,0.0,0.0
25.796,-0.41769928,0.029331306,-0.43213034,-0.0,0.0,0.0
25.816,-0.07072781,0.17777155,-0.74367166,-0.0,0.0,0.0
25.860,0.44484246,0.9279141,-0.760165,0.08095416,-0.03555499,0.06679688
25.896,0.8199137,0.56811446,-0.61538994,0.0,-0.0,0.0
25.916,0.6500932,0.21442348,-0.524371,0.012981413,-0.037419166,0.03058692
25.957,0.24570039,-0.2534993,-0.34172228,-0.0,-0.0,0.0
25.996,0.06549514,-0.24555805,-0.32522893,-0.0,-0.0,0.0
26.036,-0.08477771,-0.06474195,0.069390014,-0.0,0.0,0.0
26.054,-0.13914472,-0.15515,0.2770842,-0.0035991978,0.0032488818,-0.0064406744
26.095,-0.098827615,-0.17653029,0.32473168,-0.0,0.0,0.0
26.135,0.08015591,-0.27549046,0.33022946,-0.0,-0.0,-0.0
26.156,0.17117482,-0.31275323,0.28136027,-0.0,-0.0,-0.0
26.195,0.30067825,-0.24372546,-0.0130767925,-0.0,-0.0,0.0
26.234,0.18217039,0.15211523,0.012579548,-0.0,-0.0,0.0
26.254,0.025178032,0.2315277,0.040068485,0.003671477,-0.00040044298,-0.0006346781
26.293,-0.19900951,0.2174778,-0.054004766,-0.0,0.0,0.0
26.333,-0.28147632,-0.041529063,-0.124254264,-0.0,-0.0,0.0
26.354,-0.2344397,-0.23211902,-0.0973762,-0.0,-0.0,0.0
26.393,0.023956303,-0.4489762,0.09504636,-0.013845742,-0.00071840244,-0.0029358808
26.434,0.15345973,-0.44775444,0.2911341,-0.0,-0.0,-0.0
26.453,0.050834373,-0.36162242,0.32900774,-0.0119357,-0.0016117959,-0.0108608985
26.494,-0.13120347,-0.21073873,0.26242343,-0.0,0.0,0.0
26.534,-0.17213143,-0.20463008,0.05839444,-0.0,0.0,0.0
26.555,-0.14891857,-0.23700593,-0.035678808,-0.0,-0.0,0.0
26.595,-0.08111252,-0.24250372,-0.16029532,-0.004913858,0.0016347124,0.0032503319
26.634,-0.123873085,0.0030641,-0.16396052,-0.0,0.0,0.0
26.656,-0.17701836,0.042159475,-0.10043052,0.0005863016,0.0024694197,0.001400057
26.696,-0.16663365,-0.086733095,0.010746952,-0.0,0.0,0.0
26.736,-0.08233425,-0.054968096,0.118259236,-0.0,0.0,0.0
26.775,-0.021247726,0.009783618,0.1750697,0.0,-0.0,-0.0
26.795,0.025788898,0.016503137,0.18117836,0.00020314085,-0.0003182238,-0.0022340352
26.835,0.12902513,-0.0971178,0.15674375,-0.0,-0.0,-0.0
26.876,0.18827905,0.0073401565,0.11948097,-0.0,-0.0,0.0
26.895,0.12474907,0.12706974,0.13597433,-0.0,-0.0,0.0
26.935,-0.07072781,0.19059972,0.15185682,0.0,-0.0,-0.0
26.974,-0.09210809,0.14050877,0.15552202,0.0,-0.0,-0.0
26.996,-0.020025995,0.13501099,0.13963953,0.0017693711,0.00026079398,-0.0018300138
27.036,0.06121908,0.01467054,0.057783578,-0.0,-0.0,0.0
27.074,-0.013917343,-0.18141721,-0.03140275,-0.0,-0.0,0.0
27.096,-0.056067042,-0.23456249,-0.04789611,-0.0,-0.0,0.0
27.134,-0.16174674,-0.059855018,-0.012465927,-0.0,-0.0,0.0
27.175,-0.14342077,0.106300324,0.004027434,0.0,-0.0,-0.0
27.195,-0.06584089,0.15455869,-0.0026920831,0.001742698,0.0007424075,2.970737e-05
27.237,0.09481667,0.22725165,-0.065611206,0.0,-0.0,0.0
27.273,0.055110432,0.20709309,-0.08699149,0.0,-0.0,0.0
27.293,0.01784765,0.11851763,-0.019185444,0.0,-0.0,0.0
27.333,0.08565369,0.020168327,0.029683774,0.00012564403,-0.0005338241,-0.00018496222
27.373,-0.14586425,0.36652893,-0.09004582,-0.0,0.0,0.0
27.394,-0.40792543,0.4777064,-0.20916453,0.02113923,0.018218504,0.009099806
27.434,-0.7243536,0.21075828,-0.3502744,-0.0,0.0,0.0
27.473,-0.62600434,-0.13193712,-0.6807525,-0.0,-0.0,0.0
27.512,-0.48733792,-0.17042163,-0.7845996,-0.0,-0.0,0.0
27.533,-0.42319706,-0.06840713,-0.683196,-0.0041253828,0.022828756,0.037021823
27.573,-0.16846624,0.27123395,-0.40708488,-0.0,0.0,0.0
27.613,-0.005976095,0.96395516,-0.27574885,-0.0,0.0,0.0
27.633,-0.09149723,1.0855173,-0.11020437,-0.0,0.0,0.0
27.674,-0.18373789,0.92180544,0.12558961,0.0,-0.0,-0.0
27.717,-0.14342077,0.06476149,0.11948097,0.0,-0.0,-0.0
27.734,0.03434101,-0.39338744,-0.08576976,-0.010665727,-0.0009435538,0.002320662
27.774,0.18217039,-0.4098808,-0.112036966,-0.0,-0.0,0.0
27.806,0.1137535,-0.35307035,-0.030181019,-0.008816379,-0.002844117,0.00074119394
27.834,-0.16846624,-0.33596614,-0.0375114,-0.0,-0.0,0.0
27.874,-0.15991414,-0.28404257,-0.071719855,-0.0,-0.0,0.0
27.915,0.13269033,-0.03175522,0.11642665,-0.0,-0.0,-0.0
27.935,0.22737443,0.09530475,0.19400653,0.0019965926,-0.0047907755,-0.0040794583
27.975,0.103979655,0.044602934,0.025407718,-0.0,-0.0,0.0
28.014,-0.16174674,0.014059674,-0.19939068,-0.0,0.0,0.0
28.035,-0.246657,0.110576384,-0.28185752,-0.0,0.0,0.0
28.074,-0.33584332,0.28345123,-0.19450377,-0.0,0.0,0.0
28.114,-0.28025457,0.23458204,-0.03140275,-0.0,0.0,0.0
28.134,-0.20878336,0.11973936,-0.064389475,0.0020000765,0.0034917677,0.0010730505
28.174,-0.015139073,-0.2290647,-0.15907359,-0.0,-0.0,0.0
28.214,0.1241382,-0.24006027,-0.14258023,-0.0,-0.0,0.0
28.235,0.16384444,-0.16981076,-0.14624542,-0.0,-0.0,0.0
28.274,0.16323358,-0.16492385,-0.0063572745,-0.0,-0.0,0.0
28.313,0.16689877,-0.1728651,0.16529585,-0.0,-0.0,-0.0
28.355,0.14063156,-0.20585181,0.22149546,-0.0,-0.0,-0.0
28.373,0.10459051,-0.0952852,0.21599768,-0.0,-0.0,-0.0
28.413,-0.010252152,-0.09833953,0.25326046,-0.0,0.0,0.0
28.452,-0.08416685,-0.04824858,-0.012465927,-0.0,-0.0,0.0
28.473,-0.11104491,0.031163903,-0.1340281,0.00036874288,0.0013179515,0.0015901336
28.512,-0.17885095,0.13623273,-0.23237741,-0.0,0.0,0.0
28.553,-0.09149723,0.23213856,-0.20000155,-0.0,0.0,0.0
28.574,0.042893123,0.24313414,-0.014298523,0.0,-0.0,0.0
28.614,0.41613176,0.53512776,0.34489024,-0.0,-0.0,0.0
28.654,0.39352977,0.26451445,0.38398564,-0.0,-0.0,0.0
28.680,0.21515712,0.02627698,0.38520733,0.00074288057,-0.006385637,-0.0114224935
28.715,-0.12509482,-0.5265561,0.18240009,-0.0,0.0,0.0
28.754,-0.21977893,-0.91750985,0.007692626,-0.0,0.0,0.0
28.775,-0.19900951,-1.0103613,-0.038733132,-0.0,-0.0,0.0
28.814,-0.15136203,-0.67743975,-0.010022466,-0.0,-0.0,0.0
28.856,0.008073806,-0.0067097438,0.15979807,-0.0,-0.0,-0.0
28.875,0.15712492,0.4001265,0.19889344,0.012701147,-0.005033813,-0.0062894
28.916,0.47355312,0.7587044,0.19278479,-0.0,-0.0,0.0
28.955,0.5175354,0.38302228,0.023575123,-0.0,-0.0,0.0
28.975,0.34160623,0.13440013,-0.109593496,0.0,-0.0,0.0
29.015,-0.18801393,0.0055075614,-0.2995726,-0.0,0.0,0.0
29.055,-0.33462158,0.075757064,-0.15846272,-0.0,0.0,0.0
29.074,-0.2521548,0.04582467,-0.014909388,0.000788881,0.0043440396,0.0002551349
29.115,-0.010252152,-0.048859447,0.20561296,-0.0,0.0,0.0
29.156,0.14735107,-0.21134959,0.28685802,-0.0,-0.0,-0.0
29.175,0.1803378,-0.26327312,0.3088492,-0.0,-0.0,-0.0
29.217,0.08748629,-0.20096488,0.19889344,-0.0,-0.0,-0.0
29.254,-0.13547952,-0.07451578,0.00586003,-0.0,0.0,0.0
29.293,-0.11471011,-0.025035702,-0.14074764,-0.0,-0.0,0.0
29.314,-0.06156483,-0.0012119566,-0.21649492,-0.0,-0.0,0.0
29.354,-0.0884429,-0.012207531,-0.28430095,-0.0,-0.0,0.0
29.394,-0.15136203,0.016503137,-0.14502369,-0.0,0.0,0.0
29.412,-0.120818764,0.0610963,-0.012465927,0.0005573831,0.0011023878,0.0001134325
29.453,0.081988506,0.02749871,0.22210632,-0.0,-0.0,0.0
29.493,0.23959173,0.0091727525,0.28074938,-0.0,-0.0,0.0
29.514,0.21088107,-0.036642138,0.28013852,-0.0,-0.0,-0.0
29.554,0.09237321,-0.1746977,0.14391558,-0.0,-0.0,-0.0
29.594,-0.026134647,-0.21257134,-0.05217217,-0.0,-0.0,0.0
29.613,-0.0621757,-0.17530856,-0.12486514,-0.002636461,0.00093227235,0.0018784497
29.655,-0.0145282075,0.072702736,-0.083326295,-0.0,0.0,0.0
29.694,0.07710158,0.20220618,0.0046383,-0.0,-0.0,0.0
29.714,0.102757916,0.18021503,0.024796853,-0.0,-0.0,0.0
29.754,0.07832331,0.1557804,0.04373368,-0.0,-0.0,0.0
29.793,-0.049958393,0.024444385,0.08282905,0.0,-0.0,-0.0
29.813,-0.10371453,-0.084289625,0.070611745,-0.00085462263,0.0010523435,-0.0007158068
29.852,-0.104936264,-0.13438058,0.040068485,-0.0,0.0,0.0
29.893,0.030064955,-0.025035702,0.023575123,-0.0,-0.0,-0.0
29.934,0.101536185,0.055598512,-0.036900535,0.00045345773,-0.0008278264,0.00030106326
29.954,0.06549514,0.017724866,-0.05217217,0.0,-0.0,0.0
29.993,-0.03102157,-0.11055684,-0.0014703526,-0.0,-0.0,0.0
30.033,-0.035908494,-0.20463008,0.08160732,-0.0,0.0,0.0
30.054,-0.009030421,-0.19363451,0.10726366,-0.0,0.0,0.0
30.094,0.10031446,-0.07451578,0.07305521,-0.0,-0.0,-0.0
30.117,0.102757916,-0.030533489,0.03945762,-0.0,-0.0,-0.0
30.154,0.020901976,0.016503137,-0.015520253,0.0,-0.0,0.0
30.192,-0.042017143,0.076978795,-0.049728706,-0.0,0.0,0.0
30.235,-0.060953967,0.054987643,-0.08638062,-0.0,0.0,0.0
30.253,-0.038351953,0.032996498,-0.051561303,-0.0,0.0,0.0
30.293,0.05144524,0.017114,0.0327381,-0.0,-0.0,0.0
30.333,0.11253176,-0.012207531,0.035792425,-9.738307e-05,-0.0008965065,-0.00028519548
30.353,0.13513377,-0.055578966,0.015633874,-0.0,-0.0,-0.0
30.393,0.14735107,-0.070850596,-0.0069681397,-0.0,-0.0,0.0
30.432,-0.021247726,-0.04702685,0.0015839735,-0.0,0.0,0.0
30.453,-0.096384145,-0.0018228219,0.03945762,-0.0,0.0,0.0
30.492,-0.11165579,0.047657266,0.069390014,0.0,-0.0,-0.0
30.533,-0.012084748,-0.018316183,0.033348966,-0.0,0.0,0.0
30.553,0.0044086147,-0.025646565,0.026018584,-6.3335065e-05,-1.088513e-05,-6.425377e-05
30.594,-0.004754364,-0.028090026,0.033959832,-0.0,0.0,0.0
30.635,-0.0322433,-0.03419868,0.028462043,-0.0,0.0,0.0
30.654,-0.040184546,-0.02137051,0.007081761,-0.0,0.0,0.0
30.695,-0.013306477,0.052544184,-0.0069681397,-0.0,0.0,0.0
30.734,0.076490715,0.039716017,0.02907291,-0.0,-0.0,0.0
30.756,0.07710158,0.0018423696,0.056561843,1.1735139e-05,-0.00049486675,-0.0003630306
30.797,0.04106053,-0.026868297,0.034570698,-0.0,-0.0,-0.0
30.835,0.034951877,0.025666114,-0.043009188,0.0,-0.0,0.0
30.855,0.0013542882,0.012227079,-0.043620057,0.0,-0.0,0.0
30.895,-0.07256041,-0.010374935,-0.030181019,-0.0,-0.0,0.0
30.935,-0.05118012,0.019557461,-0.06377861,-0.0,0.0,0.0
30.956,-0.030410703,0.02627698,-0.07905024,0.00015633732,0.00018101733,0.00047043065
30.994,0.042893123,0.0055075614,-0.016741984,0.0,-0.0,0.0
31.034,0.10520138,-0.02259224,0.00097310834,-0.0,-0.0,-0.0
31.074,0.028843224,-0.032366086,-0.0375114,-0.00012451295,-0.00011097656,0.00014430945
31.094,-0.04507147,-0.059855018,-0.036289673,-0.0,-0.0,0.0
31.134,-0.17457491,-0.11666549,0.021742526,-0.0,0.0,0.0
31.174,-0.11043405,-0.032366086,0.011357818,-0.0,0.0,0.0
31.193,-0.02063686,-0.0060988786,-0.011855061,-0.0,-0.0,0.0
31.233,0.12352733,0.09286129,-0.03140275,0.0,-0.0,0.0
31.275,0.076490715,0.039716017,0.033959832,0.00024685112,-0.00047554352,-0.00021105834
31.293,0.030064955,-0.011596666,0.05839444,-0.0,-0.0,-0.0
31.333,-0.021858592,-0.06229848,0.019299066,-0.0,0.0,0.0
31.375,-0.10982319,-0.0934526,0.013801279,-0.0,0.0,0.0
31.393,-0.13120347,-0.061076753,0.041290216,-0.0,0.0,0.0
31.433,-0.23871575,-0.15026307,0.076109536,-0.0,0.0,0.0
31.473,-0.1623576,-0.076959245,-0.01735285,-0.0,-0.0,0.0
31.493,-0.09943847,-0.071461454,-0.010022466,-0.0005892389,0.00081985304,8.287751e-05
31.533,0.10947744,0.0018423696,0.052896656,-0.0,-0.0,0.0
31.575,0.20904848,0.07025928,0.08038559,-0.0,-0.0,0.0
31.594,0.14307503,0.05010072,0.08588338,-0.0,-0.0,0.0
31.633,-0.020025995,0.054987643,0.030905506,0.0,-0.0,-0.0
31.675,-0.13303608,0.017114,-0.009411601,-0.0,0.0,0.0
31.714,-0.10554713,-0.009153205,-0.08210457,-0.0,-0.0,0.0
31.735,-0.026134647,-0.032366086,-0.09432187,-0.0,-0.0,0.0
31.774,0.09664927,0.0073401565,-0.09432187,0.0,-0.0,0.0
31.815,0.030064955,0.02627698,-0.0692764,0.00014103223,-0.0001613023,0.00037174847
31.835,-0.0023109033,0.04154861,-0.046674382,-0.0,0.0,0.0
31.875,-0.01941513,0.02627698,-0.03506794,-0.0,0.0,0.0
31.914,-0.035297625,0.028109575,-0.044841785,-0.0,0.0,0.0
31.934,-0.025523784,0.053765915,-0.043009188,-0.0,0.0,0.0
31.975,0.07587984,0.080033116,-0.016131118,0.0,-0.0,0.0
32.015,0.09359494,0.002453235,-0.025904963,1.604472e-05,-0.0006101653,0.0001688852
32.035,0.044114858,-0.026868297,-0.014298523,-0.0,-0.0,0.0
32.074,-0.054845314,-0.011596666,0.01624474,-0.0,0.0,0.0
32.114,-0.13975559,-0.10383732,0.007081761,-0.0,0.0,0.0
32.134,-0.19167912,-0.10933511,-0.014909388,-0.0,-0.0,0.0
32.175,-0.21183768,-0.19791056,-0.008800736,-0.0,-0.0,0.0
32.215,-0.021858592,-0.16003692,0.12436789,-0.0021890637,0.00030088957,-0.0017010352
32.234,0.08870801,-0.116054624,0.11459405,-0.0,-0.0,-0.0
32.277,0.1699531,0.08553091,0.06511396,-0.0,-0.0,0.0
32.313,0.12169474,0.10263513,0.05839444,-0.0,-0.0,0.0
32.334,0.050223507,0.022000924,0.046788003,-0.0,-0.0,0.0
32.373,-0.14769684,-0.14232183,0.07305521,-0.0,0.0,0.0
32.414,-0.2503222,-0.22601037,0.032127235,-0.0,0.0,0.0
32.454,-0.24054836,-0.27182525,0.026629448,-0.0,0.0,0.0
32.473,-0.22283325,-0.25105584,0.051674925,-0.0,0.0,0.0
32.514,-0.08355598,0.0012315044,0.098100685,0.0,-0.0,-0.0
32.554,0.16567703,0.13684358,0.0015839735,0.0019733324,-0.00238917,-2.0484309e-05
32.575,0.20049635,0.1508935,-0.01979631,0.0,-0.0,0.0
32.615,0.14735107,0.14783916,-0.011244196,0.0,-0.0,0.0
32.636,0.067938596,0.039105147,0.012579548,0.00020833581,-0.0003619764,-6.698475e-05
32.675,-0.07317127,-0.07634838,0.025407718,-0.0,0.0,0.0
32.714,-0.14891857,-0.09833953,0.03518156,-0.0,0.0,0.0
32.736,-0.13792299,-0.0952852,0.04190108,-0.0,0.0,0.0
32.775,-0.06889522,-0.034809545,0.08527251,-0.0,0.0,0.0
32.816,0.014793323,0.012837944,0.08649424,-0.0,-0.0,0.0
32.854,0.027010627,0.12462628,-0.016741984,0.0,-0.0,0.0
32.875,-0.030410703,0.30177718,-0.058891684,-0.0,0.0,0.0
32.914,-0.04262801,0.4770955,-0.077217646,-0.0,0.0,0.0
32.954,-0.012695612,0.35553336,-0.13647157,0.009089912,0.00034046633,0.0034878657
32.974,-0.027356379,0.27489913,-0.14074764,-0.0,0.0,0.0
33.014,-0.09210809,0.2296951,-0.083326295,-0.0,0.0,0.0
33.054,-0.082945116,-0.071461454,0.022964256,-0.0,0.0,0.0
33.074,-0.037741087,-0.1728651,0.027240314,-0.0,0.0,0.0
33.116,-0.03346503,-0.22845383,0.010136087,-0.0,0.0,0.0
33.155,-0.027356379,-0.17530856,0.06511396,-0.002223347,0.00034788696,-0.0008254734
33.174,0.03434101,-0.0830679,0.05228579,-0.0,-0.0,-0.0
33.214,0.16934222,0.17777155,-0.0008594874,0.0,-0.0,0.0
33.256,0.20538329,0.33659652,-0.042398322,0.0,-0.0,0.0
33.274,0.13818811,0.3341531,-0.07355245,0.0,-0.0,0.0
33.313,-0.14525338,0.17899328,-0.09859792,-0.0,0.0,0.0
33.358,-0.24177007,-0.007320609,-0.046674382,-0.00012256028,0.003996676,0.0007718243
33.396,-0.16663365,-0.14415441,0.033348966,-0.0,0.0,0.0
33.413,-0.12998174,-0.17225422,0.056561843,-0.0,0.0,0.0
33.453,-0.067062624,-0.27671218,0.09871155,-0.0,0.0,0.0
33.493,0.022123707,-0.19363451,0.054118384,-0.0026284305,-0.00029933293,-0.00073497597
33.512,0.09054061,0.07820053,-0.023461502,0.0,-0.0,0.0
33.554,0.07038206,0.1472283,-0.119367346,0.0,-0.0,0.0
33.594,-0.015749939,0.24007982,-0.1694583,-0.0,0.0,0.0
33.614,-0.071338676,0.21320175,-0.14563455,-0.0,0.0,0.0
33.654,-0.17885095,-0.012818397,0.008914356,-0.0,0.0,0.0
33.694,-0.14525338,-0.17408682,0.12620048,-0.0030285595,0.0025325892,-0.0021936682
33.716,-0.10554713,-0.10689165,0.14452644,-0.0,0.0,0.0
33.755,-0.06950608,-0.024424836,0.13780694,-0.0,0.0,0.0
33.795,-0.029188974,0.12706974,0.13230914,0.0,-0.0,-0.0
33.815,0.016625918,0.15394782,0.14635904,-0.0,-0.0,0.0
33.855,0.103979655,0.08492004,0.087715976,-0.0,-0.0,0.0
33.894,0.067938596,0.0067292913,-0.046674382,3.7395952e-05,-0.00037704982,0.00025904676
33.915,0.014793323,0.014059674,-0.06255688,0.0,-0.0,0.0
33.955,-0.045682333,0.08614178,-0.046674382,-0.0,0.0,0.0
34.023,-0.022469455,0.14478484,-0.061946012,-0.0,0.0,0.0
34.055,0.05266697,0.087363504,0.03518156,-0.0,-0.0,0.0
34.095,0.019680247,0.100191675,0.09015943,0.00091578584,-0.00018027608,-0.0008240721
34.114,-0.008419556,0.08369831,0.10420933,0.0,-0.0,-0.0
34.155,-0.00047830748,0.06353976,0.07305521,0.0,-0.0,-0.0
34.195,0.05755389,0.1734955,-0.036900535,0.0,-0.0,0.0
34.233,0.064884275,0.113630705,-0.07294159,0.001142599,-0.0006518798,0.00073367375
34.253,0.12352733,0.056209378,-0.096765324,0.0,-0.0,0.0
34.293,0.25119817,-0.036642138,-0.0973762,-0.0006644841,-0.0045838095,0.0017751508
34.333,0.12169474,-0.0390856,0.04312281,-0.0,-0.0,-0.0
34.353,0.050223507,0.06598322,0.049231466,-0.0,-0.0,0.0
34.393,-0.08355598,0.06781582,-0.016741984,-0.0,0.0,0.0
34.433,-0.11409924,0.07881139,-0.106539175,0.0009240345,0.0013395607,0.001249645
34.453,-0.106157996,0.087363504,-0.16701484,-0.0,0.0,0.0
34.493,-0.098827615,0.082476586,-0.25620118,-0.0,0.0,0.0
34.533,-0.062786564,0.06903754,-0.2769706,-0.0,0.0,0.0
34.554,-0.018804263,0.07392447,-0.26841846,-0.0,0.0,0.0
34.595,0.06121908,-0.051302906,-0.17434521,-0.0,-0.0,0.0
34.635,0.023956303,-0.011596666,-0.036900535,-3.540387e-05,-7.314756e-05,0.000112666785
34.654,0.012960727,0.025666114,-0.016131118,0.0,-0.0,0.0
34.695,0.08870801,0.06353976,-0.0075790053,0.0,-0.0,0.0
34.735,0.15956838,0.067204945,0.0186882,-0.0,-0.0,0.0
34.756,0.17300741,0.06048543,-0.0008594874,0.0,-0.0,0.0
34.795,0.14674021,-0.004266283,-0.024683231,-0.0,-0.0,0.0
34.836,0.1259708,-0.10139386,-0.019185444,-0.0011078798,-0.001376714,0.00020889429
34.855,0.1699531,-0.060465883,-0.089434944,-0.0,-0.0,0.0
34.895,0.184003,0.10446773,-0.32461807,0.0,-0.0,0.0
34.933,-0.003532634,0.039716017,-0.25070336,-0.0,0.0,0.0
34.974,-0.07317127,-0.07757011,-0.19450377,-0.001156236,0.0010875086,0.0028958914
34.994,-0.07500387,-0.13376972,-0.15052147,-0.0,-0.0,0.0
35.034,-0.024302052,-0.16614556,0.037625022,-0.0019185315,0.00028104844,-0.0004342115
35.055,0.012349863,-0.16797817,0.15002424,-0.0,-0.0,-0.0
35.095,0.16384444,-0.12216327,0.23554537,-0.0,-0.0,-0.0
35.133,0.23775914,-0.05008118,0.20988902,-0.0,-0.0,-0.0
35.174,0.14612935,0.0073401565,0.14452644,9.929097e-05,-0.0020168473,-0.0019945258
35.194,0.095427535,0.03666169,0.076109536,-0.0,-0.0,0.0
35.232,0.00501948,0.15211523,-0.08271543,0.0017682944,-5.7498863e-05,0.0009615783
35.256,0.0105172675,0.13989791,-0.106539175,0.0,-0.0,0.0
35.294,0.082599364,-0.20035402,0.040068485,-0.0,-0.0,-0.0
35.334,0.082599364,-0.18752587,0.13414174,-0.0,-0.0,-0.0
35.375,0.03434101,-0.2235669,0.19583912,-0.004489908,-0.00068063696,-0.0039334064
35.400,0.049612645,-0.06840713,0.25020614,-0.0,-0.0,-0.0
35.434,0.031897552,-0.09467434,0.12375702,-0.0,-0.0,-0.0
35.473,-0.056067042,0.012227079,-0.06316774,-0.0,0.0,0.0
35.494,-0.08966464,0.04948986,-0.11325869,-0.0,0.0,0.0
35.534,-0.11165579,0.03788342,-0.06255688,-0.0,0.0,0.0
35.575,-0.04262801,-0.032366086,0.1048202,-0.00025549636,0.00033679287,-0.0008278542
35.596,-0.00658696,-0.06596367,0.118259236,-0.0,0.0,0.0
35.634,0.0031868839,-0.04824858,-0.0014703526,-0.0,-0.0,0.0
35.674,-0.005976095,-0.0067097438,0.021742526,-0.0,0.0,0.0
35.694,0.019680247,0.015281404,0.0119686825,-0.0,-0.0,0.0
35.734,0.07038206,0.07453533,-0.07660678,0.0,-0.0,0.0
35.774,0.011738998,0.039716017,-0.109593496,0.00031229627,-9.216019e-05,0.00086166395
35.795,-0.008419556,0.03666169,-0.090656675,-0.0,0.0,0.0
35.833,-0.00047830748,-0.007320609,0.013801279,-0.0,0.0,0.0
35.878,0.047169182,-0.08917655,0.057783578,-0.0,-0.0,-0.0
35.915,0.047169182,-0.10139386,0.052896656,-0.00084183936,-0.00039140505,-0.0004393032
35.935,0.025178032,-0.073904924,0.057172712,-0.0,-0.0,-0.0
35.974,-0.025523784,-0.00060109136,0.040679347,-1.9319612e-06,8.226482e-05,-0.00013111193
36.014,-0.020025995,-0.007320609,0.00097310834,-0.0,0.0,0.0
36.034,0.0019651535,-0.020759644,-0.0008594874,-0.0,-0.0,0.0
36.074,0.024567168,-0.11544376,0.061448768,-0.0,-0.0,-0.0
36.115,0.036784474,-0.04336166,0.05228579,-0.00022481056,-0.00019065845,-0.0002710684
36.134,0.034951877,0.0018423696,-0.004524679,0.0,-0.0,0.0
36.174,-0.013306477,0.023222653,-0.049117845,8.716954e-05,4.995843e-05,0.00018437838
36.214,-0.05789964,0.012837944,-0.040565725,-0.0,0.0,0.0
36.234,-0.06645175,-0.0030445524,-0.022850636,-0.0,-0.0,0.0
36.276,-0.07256041,-0.054968096,0.055340115,-0.0,0.0,0.0
36.313,0.0031868839,-0.14048922,0.18789788,-0.0022121286,-4.6906207e-05,-0.002958578
36.334,0.052056104,-0.16736731,0.21111074,-0.0,-0.0,-0.0
36.374,0.064884275,-0.21562566,0.16163066,-0.0040125027,-0.0012008297,-0.0030087854
36.415,-0.011473882,-0.12582847,0.057783578,-0.0,0.0,0.0
36.433,-0.0762256,-0.04824858,-0.0057464093,-0.0,-0.0,0.0
36.473,-0.1324252,0.04826813,-0.08882408,-0.0,0.0,0.0
36.515,-0.037741087,-0.026257431,-0.005135544,-8.152021e-05,0.00011717098,1.5948675e-05
36.535,0.014182458,-0.11666549,0.06572482,-0.0,-0.0,-0.0
36.573,0.056943025,-0.10078299,0.09993328,-0.0,-0.0,-0.0
36.613,0.028843224,-0.04824858,0.008303491,-0.0,-0.0,-0.0
36.653,-0.04751493,-0.0060988786,-0.029570155,-2.3051363e-05,0.00017950838,0.000111717025
36.673,-0.08050165,-0.004266283,0.004027434,-0.0,0.0,0.0
36.716,-0.08111252,-0.04336166,0.08282905,-0.00035994194,0.0006738664,-0.0006878793
36.735,-0.042017143,-0.06290935,0.13963953,-0.0,0.0,0.0
36.775,-0.056067042,-0.1252176,0.22943671,-0.0,0.0,0.0
36.815,-0.20023125,-0.16858904,0.26731035,-0.0,0.0,0.0
36.836,-0.26376122,-0.13499144,0.25570393,-0.0,0.0,0.0
36.875,-0.17701836,0.07820053,0.13536346,0.0,-0.0,-0.0
36.914,0.041671395,0.069648415,-0.024683231,0.00039652703,-0.00023720854,0.00014056935
36.954,0.111310035,0.12890235,-0.14868887,0.0,-0.0,0.0
36.974,0.037395336,0.15761301,-0.13952589,0.0,-0.0,0.0
37.014,-0.062786564,0.07453533,-0.08393716,-0.0,0.0,0.0
37.054,-0.04751493,0.024444385,0.0021948388,8.772946e-05,0.00017052663,-7.884567e-06
37.075,-0.013306477,-0.04336166,0.034570698,-0.0,0.0,0.0
37.114,0.0105172675,-0.12827192,0.11764837,-0.0015010731,-0.00012203573,-0.0013767681
37.154,0.03067582,-0.08551136,0.16590673,-0.0,-0.0,-0.0
37.174,0.05755389,-0.038474735,0.13292,-0.0,-0.0,-0.0
37.214,0.09909273,0.007951022,0.040068485,-0.0,-0.0,0.0
37.258,0.053888697,0.017114,-0.039954863,7.953767e-05,-0.00025036823,0.00018564674
37.275,0.027621495,0.024444385,-0.090656675,0.0,-0.0,0.0
37.316,0.05633216,0.017724866,-0.16518223,0.00020930293,-0.00066294253,0.0019446054
37.357,0.07282552,-0.009153205,-0.07294159,-0.0,-0.0,0.0
37.375,0.083821096,-0.007320609,-0.0026920831,-0.0,-0.0,0.0
37.415,0.052056104,-0.07023973,0.033959832,-0.0,-0.0,-0.0
37.455,-0.058510505,-0.07512665,-0.046674382,-0.0005347186,0.0004163095,0.0003322762
37.474,-0.12509482,-0.010985801,-0.06377861,-0.0,-0.0,0.0
37.514,-0.15747067,-0.018316183,-0.014909388,-0.00019585491,0.001682664,0.00015948163
37.557,0.033119284,-0.069018,0.02785118,-0.0,-0.0,-0.0
37.577,0.079545036,-0.041529063,-0.0075790053,-0.0,-0.0,0.0
37.618,0.082599364,-0.041529063,-0.10043052,-0.0,-0.0,0.0
37.658,-0.00047830748,0.06842668,-0.07599591,0.00046959313,3.404953e-06,0.0005215387
37.679,0.04350399,0.14783916,-0.071109,0.0,-0.0,0.0
37.718,0.20965934,0.4227285,0.04739887,-0.0,-0.0,0.0
37.759,0.26219377,0.35247904,0.13536346,-0.0,-0.0,0.0
37.777,0.2420352,0.2138126,0.14452644,-0.0,-0.0,0.0
37.817,0.063662544,0.010394483,0.1506351,-0.0,-0.0,0.0
37.857,-0.19900951,-0.12827192,0.10787453,-0.002236335,0.003476767,-0.0018795806
37.877,-0.2717025,-0.13865663,0.093824625,-0.0,0.0,0.0
37.917,-0.23382883,-0.5277778,0.12803309,-0.0,0.0,0.0
37.956,-0.20023125,-0.49906713,0.21355422,-0.0,0.0,0.0
37.996,-0.20023125,-0.15515,0.27769506,-0.0038954974,0.0050638733,-0.0069941687
38.018,-0.17335317,-0.053135503,0.31801218,-0.0,0.0,0.0
38.057,-0.123873085,0.08980697,0.36810312,0.0024185544,0.0033016265,-0.009850488
38.098,-0.12937088,0.06659409,0.29846448,0.0,-0.0,-0.0
38.121,-0.18434873,0.13928705,0.2331019,0.0,-0.0,-0.0
38.156,-0.2289419,0.075757064,0.16712844,0.0,-0.0,-0.0
38.197,-0.1305926,0.17654984,0.25509304,0.003996194,0.0029381625,-0.005767633
38.216,-0.08477771,0.20709309,0.31801218,0.0,-0.0,-0.0
38.248,-0.031632435,0.21869954,0.34366852,0.0,-0.0,-0.0
38.295,0.12535994,0.13256754,0.23188017,-0.0,-0.0,0.0
38.316,0.13452291,0.08064399,0.14635904,-0.0,-0.0,0.0
38.359,0.03556274,0.043381207,-0.023461502,0.0,-0.0,0.0
38.400,-0.06584089,0.017114,-0.0026920831,7.819014e-05,0.00030082028,1.2288072e-05
38.415,-0.08111252,-0.0024336872,0.024185987,-0.0,0.0,0.0
38.454,-0.044460606,-0.04030733,0.04739887,-0.00020682851,0.00022819593,-0.00024322626
38.494,0.009295536,-0.029922623,0.049842328,-0.0,-0.0,-0.0
38.535,-0.001700038,-0.042750794,0.03151637,-0.00015245417,6.071109e-06,-0.00011239072
38.555,-0.004143499,-0.047637716,0.025407718,-0.0,0.0,0.0
38.597,-0.0010891727,0.0055075614,0.01624474,6.3526263e-06,1.2562303e-06,-1.8737253e-05
38.616,0.014793323,0.0091727525,-0.0026920831,0.0,-0.0,0.0
38.656,-0.00658696,0.0091727525,-0.029570155,1.9484363e-05,1.3992664e-05,6.281292e-05
38.697,-0.012084748,-0.014040126,-0.019185444,-0.0,-0.0,0.0
38.717,-0.0053652297,0.015892271,-0.008800736,-0.0,0.0,0.0
38.759,-0.015749939,0.029331306,0.009525222,0.0,-0.0,-0.0
38.796,-0.03713022,-0.016483588,0.022353392,-5.1288476e-05,0.00011554106,-6.955479e-05
38.836,-0.0181934,-0.050692044,0.021131663,-0.0,0.0,0.0
38.856,-0.037741087,-0.07940271,0.0327381,-0.0,0.0,0.0
38.897,-0.016360804,-0.010374935,-0.013687657,-0.0,-0.0,0.0
38.936,-0.071338676,-0.045194257,-0.041176595,-0.00028501108,0.00044975794,0.00025968516
38.957,-0.064008296,-0.04336166,-0.051561303,-0.0,-0.0,0.0
39.001,0.023345439,0.01467054,-0.010633332,2.9094786e-05,-4.6297868e-05,2.1088468e-05
39.035,0.08748629,0.031163903,0.010746952,-0.0,-0.0,0.0
39.056,0.10459051,0.065372355,0.023575123,-0.0,-0.0,0.0
39.096,0.12352733,0.10080253,0.053507518,-0.0,-0.0,0.0
39.138,0.09909273,0.075146206,0.049231466,0.00067431165,-0.0008895995,-0.0004415989
39.156,0.059997354,0.04826813,0.04434454,-0.0,-0.0,0.0
39.196,0.0086846715,-0.008542339,0.016855605,-1.1922246e-05,-1.21206085e-05,-2.3524572e-05
39.236,-0.039573684,-0.020148778,0.016855605,-0.0,0.0,0.0
39.255,-0.029188974,-0.02259224,0.018077336,-0.0,0.0,0.0
39.295,0.033119284,-0.008542339,0.010136087,-0.0,-0.0,-0.0
39.337,0.06977119,0.034829095,-0.019185444,0.00018772269,-0.00037600577,0.00010343074
39.357,0.088097155,0.035439957,-0.04423092,0.0,-0.0,0.0
39.396,0.03434101,0.034218226,-0.071109,0.00019766796,-0.0001982958,0.00041070936
39.435,0.0086846715,0.043992072,-0.049728706,0.0,-0.0,0.0
39.478,0.025178032,-0.019537915,0.010746952,-4.4098782e-05,-5.68276e-05,-2.4257686e-05
39.494,0.017236784,-0.010985801,0.041290216,-0.0,-0.0,-0.0
39.535,0.04228226,-0.029922623,0.06205963,-0.00016236355,-0.00022934646,-0.00033668114
39.575,0.03067582,-0.02381397,0.049842328,-0.0,-0.0,-0.0
39.596,0.00013255776,-0.016483588,0.016855605,-2.6079875e-05,-2.0938143e-07,-2.6668471e-05
39.637,-0.0603431,0.014059674,-0.02895929,-0.0,0.0,0.0
39.677,-0.013917343,0.018946595,-0.036289673,5.4975448e-05,4.038702e-05,0.00010530108
39.697,0.011128132,0.021390056,-0.030181019,0.0,-0.0,0.0
39.738,0.062440813,0.029331306,-0.022850636,0.00014306483,-0.00030451387,0.00011146361
39.777,0.041671395,0.024444385,0.012579548,-0.0,-0.0,0.0
39.797,0.031286687,0.035439957,0.037625022,-0.0,-0.0,0.0
39.838,-0.003532634,0.0055075614,0.02785118,0.0,-0.0,-0.0
39.876,-0.04873666,-0.004266283,0.008303491,-1.4204974e-05,0.00016229894,-2.7650436e-05
39.897,-0.046293203,9.773844e-06,0.00097310834,0.0,-0.0,-0.0
39.937,0.0013542882,0.0042858305,-0.0075790053,2.5343606e-06,-8.0083146e-07,4.481727e-06
39.978,0.025178032,0.0067292913,-0.028348424,0.0,-0.0,0.0
39.997,0.011738998,0.007951022,-0.020407176,0.0,-0.0,0.0
40.036,-0.028578108,0.007951022,0.015023009,0.0,-0.0,-0.0
40.077,-0.04384974,-0.023203107,0.01624474,-8.128137e-05,0.00015361789,-5.690276e-05
40.097,-0.00658696,0.02627698,0.0186882,0.0,-0.0,-0.0
40.137,0.059386484,0.036050823,-0.00818987,0.00016924531,-0.00027878553,3.8470793e-05
40.176,0.031897552,0.038494285,0.00097310834,-0.0,-0.0,0.0
40.197,0.022123707,0.015281404,-0.0014703526,0.0,-0.0,0.0
40.236,0.0013542882,0.010394483,0.002805704,-0.0,-0.0,0.0
40.275,0.0074629406,0.009783618,0.0119686825,1.1270431e-05,-8.597202e-06,-1.3787582e-05
40.316,-0.012084748,0.006118426,0.026629448,0.0,-0.0,-0.0
40.338,-0.016360804,0.0073401565,0.019299066,1.2977279e-05,2.8924316e-05,-3.411933e-05
40.375,-0.044460606,-0.004877148,0.01624474,-0.0,0.0,0.0
40.414,-0.0621757,-0.04702685,0.004027434,-0.00024635048,0.0003257149,-2.1057915e-05
40.434,-0.049347527,-0.07329405,0.0003622431,-0.0,0.0,0.0
40.475,-0.015139073,-0.042750794,0.006470896,-0.00013143058,4.654417e-05,-1.9890764e-05
40.515,-0.010252152,-0.0018228219,-0.02223977,-0.0,-0.0,0.0
40.536,-0.03346503,0.023833519,-0.035678808,8.702436e-05,0.00012220917,0.00013028218
40.575,-0.06584089,0.020779192,-0.016741984,-0.0,0.0,0.0
40.617,-0.022469455,-0.04336166,0.029683774,-0.00016630132,8.618722e-05,-0.00011383987
40.636,0.015404189,-0.028700894,0.037014157,-0.0,-0.0,-0.0
40.676,0.067938596,0.0042858305,0.055340115,2.516735e-05,-0.00039998753,-0.0003258058
40.716,0.014182458,0.015281404,0.0626705,-0.0,-0.0,0.0
40.736,-0.008419556,-0.012818397,0.05106406,-4.5862216e-05,3.0129848e-05,-0.00018270948
40.776,-0.027356379,0.020168327,0.0119686825,0.0,-0.0,-0.0
40.815,-0.017582534,0.043381207,-0.02895929,0.00016024038,6.495589e-05,0.000106966196
40.836,-0.01941513,0.012837944,-0.030791884,-0.0,0.0,0.0
40.876,0.0031868839,9.773844e-06,-0.033235345,2.2165286e-08,-7.140577e-06,7.446759e-05
40.916,0.03617361,0.016503137,-0.02223977,0.0,-0.0,0.0
40.936,0.06305168,0.032996498,-0.008800736,0.0,-0.0,0.0
40.976,0.04900178,9.773844e-06,-0.010633332,0.0,-0.0,0.0
41.016,0.06977119,0.06353976,-0.02101804,0.00041228064,-0.00045265153,0.00013645961
41.037,0.09726013,0.062318027,-0.0063572745,0.0,-0.0,0.0
41.077,0.07404725,0.002453235,0.015023009,1.2431235e-05,-0.00037565082,-7.621115e-05
41.115,0.025178032,-0.029922623,-0.008800736,-0.0,-0.0,0.0
41.136,0.023345439,-0.03175522,-0.035678808,-0.0,-0.0,0.0
41.176,0.103979655,0.05315505,-0.08515889,0.0,-0.0,0.0
41.217,0.16934222,0.11973936,-0.112036966,0.0018964934,-0.002677085,0.0017748146
41.240,0.18705733,0.13928705,-0.11997821,0.0,-0.0,0.0
41.276,0.21821146,0.1490609,-0.20122328,0.003333316,-0.0048562004,0.0044931383
41.316,0.27318934,0.26879048,-0.27513796,0.0,-0.0,0.0
41.359,0.24264605,0.37385932,-0.3948676,0.015013333,-0.009575948,0.015848678
41.378,0.09115148,0.40990037,-0.43396294,0.0,-0.0,0.0
41.416,-0.28269807,0.36469632,-0.5891227,0.01809994,0.014462245,0.029450137
41.455,-0.450686,0.17777155,-0.6300507,-0.0,0.0,0.0
41.474,-0.40242764,0.29627943,-0.6434897,0.015809072,0.022279155,0.03500395
41.515,-0.26986986,0.63347703,-0.59400964,-0.0,0.0,0.0
41.557,-0.097605884,0.7116678,-0.3209529,0.03752383,0.0054694624,0.016842466
41.577,0.0013542882,0.6163728,-0.21771665,0.0,-0.0,0.0
41.616,0.14612935,0.30299893,-0.16151704,0.0075945756,-0.0036437225,0.0040582856
41.656,0.22248751,-0.059855018,-0.106539175,-0.0,-0.0,0.0
41.677,0.27807623,-0.04030733,-0.0814937,-0.00078696647,-0.0054599126,0.0015977661
41.717,0.25486335,-0.12827192,0.020520795,-0.0,-0.0,-0.0
41.756,0.08748629,-0.16614556,0.07549866,-0.0022570638,-0.0011870096,-0.0010267019
41.777,0.0031868839,-0.10261559,0.10054415,-0.0,-0.0,-0.0
41.817,-0.058510505,-0.036642138,0.12803309,-0.00035732522,0.0005713737,-0.001249693
41.856,-0.045682333,-0.09833953,0.16712844,-0.0,0.0,0.0
41.876,-0.010863017,-0.13865663,0.17995661,-0.0,0.0,0.0
41.916,0.097871,-0.0971178,0.13841778,-0.0,-0.0,-0.0
41.956,0.10214706,-0.042750794,0.04434454,-0.00034235526,-0.00081760256,-0.00035510765
41.977,0.052056104,-0.018927049,-0.016741984,-0.0,-0.0,0.0
42.017,-0.025523784,0.07209187,-0.051561303,0.00044620453,0.0001580567,0.00031911567
42.058,0.0044086147,0.020779192,0.036403295,-0.0,-0.0,0.0
42.077,0.06610601,0.009783618,0.06511396,-0.0,-0.0,0.0
42.117,0.14368589,-0.019537915,0.10909626,-0.0,-0.0,-0.0
42.157,0.12352733,-0.070850596,0.10604193,-0.0008451042,-0.0014712755,-0.0012640954
42.197,0.031286687,-0.21134959,0.046788003,-0.0,-0.0,-0.0
42.216,0.023956303,-0.31275323,0.022353392,-0.006599828,-0.0005039647,-0.00047336554
42.255,0.10642311,-0.7159243,-0.021628907,-0.0,-0.0,0.0
42.297,0.21637887,-0.7794543,0.07305521,-0.042504147,-0.011704097,-0.0042308597
42.315,0.08992975,-0.12827192,0.0926029,-0.0,-0.0,-0.0
42.356,-0.4085363,0.2791752,0.09321376,0.00945444,0.013787583,-0.0032145537
42.398,0.061829947,-0.43736976,-0.04545265,-0.0,-0.0,0.0
42.415,0.4350686,-0.6762181,-0.08515889,-0.03663965,-0.023683576,0.0041868775
42.454,0.37092775,-0.57603616,0.028462043,-0.0,-0.0,-0.0
42.494,0.1137535,-0.056800693,0.034570698,-0.000502403,-0.0010057666,-0.00030593737
42.516,0.24264605,0.032996498,0.016855605,-0.0,-0.0,0.0
42.555,0.46805534,-0.037863873,0.17751317,-0.0013226946,-0.01576252,-0.0059900787
42.597,0.28051972,-0.04336166,0.15185682,-0.0,-0.0,-0.0
42.616,0.14918368,-0.009153205,0.08038559,-0.00010502175,-0.0016989731,-0.0009155838
42.656,0.015404189,0.13317838,-0.019185444,0.0,-0.0,0.0
42.697,0.08137763,0.13806532,0.09748981,0.0017373906,-0.0010254786,-0.0012263487
42.717,0.11497523,0.1594456,0.1048202,-0.0,-0.0,0.0
42.757,0.10886657,-0.071461454,0.109707125,-0.00081736053,-0.0012434915,-0.0012541171
42.797,0.1577358,-0.17958461,0.016855605,-0.0,-0.0,-0.0
42.817,0.15712492,-0.17347595,-0.016131118,-0.0,-0.0,0.0
42.855,0.05144524,-0.05435723,-0.014909388,-0.0,-0.0,0.0
42.898,-0.034075897,0.1557804,-0.021628907,0.0016822636,0.0003681893,0.00023326563
42.936,0.12841426,0.23519288,0.010746952,-0.0,-0.0,0.0
42.956,0.17606175,0.13928705,0.01746647,0.002104376,-0.0026606887,-0.0002611308
42.996,0.08748629,0.10263513,-0.0130767925,0.0,-0.0,0.0
43.034,0.027621495,0.008561888,-0.047285248,3.1856103e-05,-0.00010273898,0.00017588532
43.054,0.11925128,-0.12277414,-0.06988726,-0.0,-0.0,0.0
43.096,0.38192335,-0.76601523,-0.1731235,-0.044779345,-0.022599313,0.0096404115
43.137,0.78265095,-1.2278293,-0.0814937,-0.0,-0.0,0.0
43.157,0.94025415,-1.0732806,-0.030791884,-0.10310672,-0.09019279,-0.0016874124
43.196,-0.31751737,1.1307213,0.19156307,0.0,-0.0,-0.0
43.236,-0.3053001,0.6298118,0.3894834,0.034020558,0.016049236,-0.021207796
43.256,0.09359494,0.076978795,0.22088459,-0.0,-0.0,0.0
43.295,0.08626456,-0.38972226,0.07794213,-0.010638014,-0.002342796,-0.0021395208
43.336,0.122916475,-0.6004708,0.15918721,-0.0,-0.0,-0.0
43.355,0.056943025,-0.87658185,0.11642665,-0.05213165,-0.0032037855,-0.007007661
43.397,-0.07317127,-1.4013151,-0.059502553,-0.0,-0.0,0.0
43.435,-0.43358177,-2.16734,-0.35332873,-0.3322552,0.05629135,0.06359559
43.455,-0.8795134,-2.399469,-0.2219927,-0.0,-0.0,0.0
43.496,-1.9943424,-0.80633235,-0.17434521,-0.12546799,0.29043907,0.04381266
43.536,-1.3321645,-0.51983654,-0.827971,-0.0,-0.0,0.0
43.556,-0.68342566,-0.21440393,-1.231142,-0.0243559,0.06406535,0.11868854
43.597,0.3281672,-0.38055927,-0.04423092,-0.0,-0.0,0.0
43.636,0.42162958,-0.50639755,0.04373368,-0.02245929,-0.01865917,-0.0021475959
43.656,0.1626227,-0.4960128,-0.2378752,-0.0,-0.0,0.0
43.696,0.069160335,0.97433984,-0.27513796,0.066396825,-0.0040849214,0.0188805
43.737,0.11497523,1.6976043,-0.67708737,0.0,-0.0,0.0
43.776,0.11497523,1.4911318,-0.70640886,0.0,-0.0,0.0
43.797,0.19499856,1.241288,-0.71496093,0.0,-0.0,0.0
43.837,0.33733016,0.9321901,-0.59645313,0.072996564,-0.024491914,0.047241967
43.858,0.24814385,0.71044606,-0.4541215,0.0,-0.0,0.0
43.897,-0.025523784,0.25535145,-0.14807802,0.0050761285,0.0005149335,0.002942778
43.937,-0.079890795,0.24130155,0.00586003,0.0,-0.0,-0.0
43.977,-0.04873666,0.1435631,0.087715976,0.0016877756,0.0005719939,-0.0010315208
43.997,0.04472572,0.10446773,0.05228579,-0.0,-0.0,0.0
44.048,0.12047301,0.123404555,-0.021628907,0.0,-0.0,0.0
44.077,-0.018804263,0.31888145,-0.27452713,-0.0,0.0,0.0
44.097,-0.11471011,0.28406212,-0.2763597,0.007852062,0.0032057762,0.007638479
44.136,-0.08172339,0.13195667,-0.09248927,-0.0,0.0,0.0
44.177,0.13696636,0.021390056,0.01746647,0.00020045854,-0.0012842799,-0.00016364545
44.195,0.20110722,-0.027479162,0.054118384,-0.0,-0.0,-0.0
44.236,0.045336585,-0.09100915,0.090770304,-0.00083260745,-0.00041433546,-0.00083042326
44.275,-0.09577329,-0.036031276,0.08527251,-0.0,0.0,0.0
44.295,-0.11348838,0.030553035,0.0767204,0.0002881602,0.001068824,-0.0007227706
44.336,-0.04384974,0.072702736,0.10848539,0.0,-0.0,-0.0
44.378,0.019680247,-0.07207233,0.21844113,-0.0011170903,-0.00030300504,-0.003384357
44.401,0.09359494,-0.042750794,0.30579486,-0.0,-0.0,-0.0
44.435,0.05755389,-0.02259224,0.31740132,-0.00049453316,-0.0012471804,-0.006887693
44.475,-0.123873085,-0.04702685,0.16712844,-0.0,0.0,0.0
44.514,-0.18434873,-0.047637716,0.033348966,-0.0,0.0,0.0
44.535,-0.048125796,0.007951022,-0.0973762,-0.0,0.0,0.0
44.576,0.09115148,0.0055075614,-0.24825992,0.000101329424,-0.0016178007,0.0044069216
44.597,0.08748629,0.020168327,-0.26169893,0.0,-0.0,0.0
44.637,0.082599364,0.069648415,-0.15357581,0.00087864517,-0.0010399829,0.0019356626
44.676,-0.009030421,-0.007931475,0.049231466,-0.0,0.0,0.0
44.716,-0.17213143,-0.016483588,0.20927815,-0.0,0.0,0.0
44.735,-0.16663365,0.02749871,0.23432364,0.0,-0.0,-0.0
44.776,-0.08111252,-0.038474735,0.093824625,-0.00033499472,0.00070698274,-0.0008175056
44.817,-0.043238875,0.030553035,-0.009411601,-0.0,0.0,0.0
44.836,0.0105172675,0.05682024,-0.008800736,0.00022288492,-4.125139e-05,3.452654e-05
44.877,0.020901976,0.014059674,0.033348966,-0.0,-0.0,0.0
44.916,-0.017582534,0.015281404,0.11520491,0.000120597564,0.00013863032,-0.0009087059
44.936,-0.079890795,0.0055075614,0.13658519,0.0,-0.0,-0.0
44.976,-0.17090972,-0.028090026,0.10787453,-0.00038291162,0.0023405675,-0.0014766895
45.016,-0.14647509,-0.08734395,0.0034165692,-0.0,0.0,0.0
45.036,-0.09943847,-0.051302906,-0.026515827,-0.00039597726,0.0007673148,0.00020477152
45.077,-0.005976095,0.026887843,-0.054004766,-0.0,0.0,0.0
45.118,0.02945409,0.06476149,-0.030181019,0.00033588288,-0.00015273075,0.00015655273
45.137,0.011128132,0.06659409,-0.010022466,0.0,-0.0,0.0
45.176,-0.057288777,-0.013429261,0.018077336,-5.5466637e-05,0.00023665858,-7.4669835e-05
45.216,-0.070116945,-0.032366086,0.02907291,-0.0,0.0,0.0
45.236,-0.035297625,-0.017094454,0.030905506,-5.7276236e-05,0.00011828294,-0.00010355888
45.275,0.047780048,-0.04824858,0.005249165,-0.0,-0.0,-0.0
45.315,0.047169182,-0.1411001,-0.01735285,-0.0014182517,-0.000474253,0.00017408899
45.336,-0.004754364,-0.14598702,-0.0026920831,-0.0,-0.0,0.0
45.376,0.01784765,-0.04580512,0.01624474,-0.00015915082,-6.2006846e-05,-5.644699e-05
45.415,0.011738998,-0.029311758,0.05106406,-0.0,-0.0,-0.0
45.454,-0.0078086904,0.0067292913,0.049842328,0.0,-0.0,-0.0
45.475,-0.048125796,0.025055248,0.050453193,0.0,-0.0,-0.0
45.514,-0.048125796,0.04643553,0.022353392,0.00021974507,0.00022771972,-0.000105801315
45.555,0.0380062,0.047046397,0.029683774,-0.0,-0.0,0.0
45.574,0.052056104,0.02627698,0.022353392,0.00011011478,-0.00021816866,-9.36695e-05
45.614,0.0044086147,-0.0024336872,0.019299066,-0.0,-0.0,-0.0
45.655,-0.013306477,0.04948986,0.076109536,0.0,-0.0,-0.0
45.675,-0.013306477,0.028109575,0.070611745,0.0,-0.0,-0.0
45.716,-0.01941513,0.0055075614,0.0186882,1.016666e-05,3.5836925e-05,-3.449549e-05
45.758,0.025178032,0.026887843,-0.043009188,0.0,-0.0,0.0
45.775,0.05266697,0.012837944,-0.04789611,6.2350795e-05,-0.00025566158,0.00023251693
45.817,0.06121908,-0.004266283,-0.011244196,-0.0,-0.0,0.0
45.856,0.031897552,0.0012315044,0.018077336,3.030044e-06,-7.852737e-05,-4.450375e-05
45.876,-0.010863017,0.0067292913,0.007081761,0.0,-0.0,-0.0
45.916,-0.067062624,0.029331306,-0.011855061,0.00014594628,0.000333716,5.896786e-05
45.958,-0.0145282075,0.024444385,-0.033235345,-0.0,0.0,0.0
45.976,0.009906402,0.018946595,-0.039343998,5.693608e-05,-2.9765268e-05,0.000118229145
46.017,0.04594745,0.019557461,-0.015520253,0.0,-0.0,0.0
46.056,0.021512842,0.023833519,-0.0008594874,5.1371127e-05,-4.6369016e-05,1.8537415e-06
46.077,-0.0010891727,0.0055075614,0.0015839735,0.0,-0.0,-0.0
46.116,-0.05789964,0.0030641,0.005249165,1.1973511e-05,0.00022620911,-2.0509418e-05
46.156,-0.03346503,0.026887843,-0.02101804,-0.0,0.0,0.0
46.176,-0.024302052,0.04643553,-0.034457076,0.00019545073,0.00010230728,0.00014502801
46.216,0.00501948,0.052544184,-0.025904963,0.0,-0.0,0.0
46.256,0.012960727,0.015281404,-0.015520253,2.5992247e-05,-2.2044402e-05,2.6398498e-05
46.295,0.018458515,0.018335732,0.007692626,-0.0,-0.0,0.0
46.316,0.017236784,0.02627698,0.0186882,6.447439e-05,-4.2295072e-05,-4.5853543e-05
46.357,0.008073806,0.0018423696,0.0327381,-0.0,-0.0,0.0
46.397,0.00624121,-0.018927049,0.08466165,-0.0,-0.0,-0.0
46.421,0.0044086147,0.0110053485,0.12620048,-0.0,-0.0,0.0
46.456,0.014793323,0.04277034,0.19767173,0.00058176235,-0.00020209534,-0.0026899274
46.495,0.018458515,0.10935465,0.2068347,-0.0,-0.0,0.0
46.515,0.0037977493,0.1313458,0.1628524,0.0018443378,-5.5438166e-05,-0.0022867764
46.556,-0.007197825,0.1154633,-0.014298523,-0.0,0.0,0.0
46.594,0.07771244,0.110576384,-0.12181081,0.0,-0.0,0.0
46.616,0.06977119,0.09713735,-0.15296493,0.0,-0.0,0.0
46.658,0.045336585,0.047657266,-0.11997821,0.00043782394,-0.0004160448,0.0011017452
46.695,0.050834373,0.018946595,0.026629448,-0.0,-0.0,0.0
46.716,0.047169182,-0.042139925,0.07549866,-0.0002786086,-0.00031170296,-0.0004990643
46.756,0.014793323,-0.13010453,0.14574817,-0.0,-0.0,-0.0
46.797,0.0044086147,-0.015261857,0.15307856,-0.0,-0.0,-0.0
46.817,-0.01941513,0.0036749654,0.120091826,0.0,-0.0,-0.0
46.858,-0.046293203,-0.010985801,0.015633874,-3.6918223e-05,0.00015558838,-5.2541207e-05
46.896,0.02945409,0.035439957,-0.09126754,0.0,-0.0,0.0
46.917,0.026399763,0.051322453,-0.119367346,0.00045677627,-0.00023465451,0.001062148
46.956,0.014182458,0.107522056,-0.09187841,0.0,-0.0,0.0
46.996,0.050834373,0.052544184,0.0003622431,0.00025779984,-0.00024941133,-1.7451414e-06
47.018,0.050223507,-0.027479162,0.034570698,-0.0,-0.0,-0.0
47.057,-0.049958393,-0.07207233,0.09993328,-0.0006428532,0.0004460311,-0.0008914929
47.098,-0.08111252,0.014059674,0.08893771,0.0,-0.0,-0.0
47.138,-0.044460606,0.025666114,0.007692626,0.0,-0.0,-0.0
47.158,-0.016971668,0.014059674,-0.03140275,-0.0,0.0,0.0
47.197,0.03556274,0.029331306,-0.07416332,0.00017192922,-0.00020836332,0.00043462124
47.218,0.027621495,0.015892271,-0.05828082,0.0,-0.0,0.0
47.256,0.002576019,0.018946595,0.0015839735,2.4395214e-05,-3.3168496e-06,-2.0394489e-06
47.296,0.014793323,-0.012207531,0.021131663,-0.0,-0.0,-0.0
47.336,0.0044086147,-0.00060109136,0.007692626,-0.0,-0.0,-0.0
47.357,0.0037977493,0.0067292913,-0.0075790053,0.0,-0.0,0.0
47.396,0.0037977493,-0.00060109136,-0.011244196,-4.793472e-07,-3.028647e-06,8.967067e-06
47.436,-0.017582534,-0.029311758,0.010746952,-0.0,0.0,0.0
47.456,-0.009641286,-0.018927049,0.022964256,-3.973264e-05,2.0240694e-05,-4.820794e-05
47.496,0.0019651535,0.0036749654,0.013190414,-0.0,-0.0,0.0
47.536,0.03434101,0.034218226,0.004027434,-0.0,-0.0,0.0
47.557,0.022734571,0.031774767,-0.009411601,0.0,-0.0,0.0
47.600,0.016015055,0.0110053485,-0.01735285,1.9241492e-05,-2.7999433e-05,3.033891e-05
47.638,-0.016360804,0.013448809,-0.016131118,-0.0,0.0,0.0
47.659,-0.02063686,0.021390056,-0.0033029485,4.2927695e-05,4.1416384e-05,6.6278185e-06
47.698,0.011738998,0.016503137,0.0003622431,-0.0,-0.0,0.0
47.739,0.030064955,-0.028090026,-0.016741984,-0.0,-0.0,0.0
47.759,0.0044086147,-0.025035702,-0.011244196,-0.0,-0.0,0.0
47.798,-0.0322433,-0.015261857,0.009525222,-3.7815444e-05,7.989407e-05,-2.3600433e-05
47.837,-0.026134647,-0.004266283,0.021742526,-0.0,0.0,0.0
47.857,-0.016971668,0.029942172,0.01624474,7.647535e-05,4.334527e-05,-4.1491883e-05
47.895,-0.012084748,0.05010072,-0.022850636,-0.0,0.0,0.0
47.937,0.00501948,0.04948986,-0.032013614,0.00019646676,-1.9913914e-05,0.00012709004
47.958,-0.0029217685,0.03788342,-0.016741984,-0.0,0.0,0.0
47.998,-0.012084748,0.0110053485,0.021742526,2.0089925e-05,2.2059456e-05,-3.968967e-05
48.036,-0.009030421,0.00062063907,0.008914356,0.0,-0.0,-0.0
48.077,-0.004143499,-0.0030445524,0.0021948388,-0.0,0.0,0.0
48.097,0.0086846715,-0.007320609,0.0003622431,-0.0,-0.0,-0.0
48.137,0.01906938,0.0030641,0.00586003,4.1501753e-06,-2.5829208e-05,-7.937269e-06
48.178,-0.016360804,-0.004266283,0.019299066,-0.0,0.0,0.0
48.195,-0.04384974,-0.015261857,0.019299066,-5.149317e-05,0.00014796357,-6.51169e-05
48.236,-0.04140628,0.0036749654,0.0003622431,0.0,-0.0,-0.0
48.275,0.0105172675,0.023222653,-0.03812227,0.0,-0.0,0.0
48.295,0.04472572,0.03666169,-0.036900535,0.0,-0.0,0.0
48.336,0.052056104,9.773844e-06,-0.011244196,3.8669896e-08,-0.00018604774,4.0186595e-05
48.375,-0.02063686,0.0018423696,0.008914356,0.0,-0.0,-0.0
48.397,-0.053623583,0.0036749654,0.009525222,1.3465755e-05,0.00019643651,-3.4894616e-05
48.434,-0.011473882,0.029331306,-0.0026920831,-0.0,0.0,0.0
48.476,0.025178032,0.01467054,-0.010633332,0.0,-0.0,0.0
48.495,0.014182458,-0.02381397,-0.0063572745,-0.0,-0.0,0.0
48.536,-0.03713022,-0.026257431,-0.00024862215,-8.0135425e-05,0.00011331816,7.6331344e-07
48.575,-0.032854166,-0.0018228219,0.002805704,-0.0,0.0,0.0
48.596,-0.00047830748,0.029942172,0.011357818,6.435559e-05,1.0272547e-06,-2.441172e-05
48.636,0.017236784,0.006118426,-0.012465927,0.0,-0.0,0.0
48.676,-0.00047830748,0.022611788,-0.013687657,-0.0,0.0,0.0
48.696,-0.015139073,0.036050823,-0.014298523,-0.0,0.0,0.0
48.736,-0.016360804,0.011616214,-0.0014703526,1.5683761e-05,2.208977e-05,1.9850424e-06
48.777,0.0074629406,0.0067292913,0.019299066,-0.0,-0.0,0.0
48.797,0.016015055,0.0042858305,0.013801279,6.2040745e-06,-2.318397e-05,-1.9979101e-05
48.837,0.0019651535,0.0073401565,0.005249165,-0.0,-0.0,0.0
48.876,-0.036519356,0.0018423696,0.013190414,0.0,-0.0,-0.0
48.916,-0.039573684,0.010394483,0.0015839735,0.0,-0.0,-0.0
48.936,-0.007197825,0.010394483,0.0021948388,8.95142e-06,6.19854e-06,-1.8901565e-06
48.976,0.0019651535,0.01467054,0.0046383,-0.0,-0.0,0.0
49.018,-0.05118012,0.04948986,0.010136087,0.0,-0.0,-0.0
49.037,-0.028578108,0.039716017,0.028462043,0.0,-0.0,-0.0
49.077,0.027010627,0.0030641,0.033959832,8.940869e-06,-7.885036e-05,-9.913582e-05
49.117,-0.01941513,0.012837944,0.03151637,0.0,-0.0,-0.0
49.137,-0.04262801,-0.009764071,0.021742526,-3.199682e-05,0.00013971468,-7.1259026e-05
49.177,-0.021247726,-0.004877148,-0.0075790053,-0.0,-0.0,0.0
49.216,-0.0023109033,0.0910287,-0.024683231,-0.0,0.0,0.0
49.236,0.018458515,0.07025928,-0.025294097,0.0,-0.0,0.0
49.275,0.000743423,0.07331361,-0.0033029485,0.0003610854,-3.6585823e-06,1.6268397e-05
49.316,-0.053012718,0.018335732,0.024185987,0.0,-0.0,-0.0
49.337,-0.053623583,0.0042858305,0.04312281,1.9854493e-05,0.00024810436,-0.00019952368
49.375,0.03617361,0.0073401565,0.051674925,-0.0,-0.0,0.0
49.416,0.08443196,0.0042858305,0.028462043,-0.0,-0.0,0.0
49.438,0.056943025,0.0055075614,0.014412143,-0.0,-0.0,0.0
49.474,-0.027967243,0.040326882,-0.021628907,0.00014513561,0.00010066189,7.783678e-05
49.516,-0.012695612,0.10568946,-0.01979631,-0.0,0.0,0.0
49.536,0.023345439,0.088585235,-0.02101804,0.0005587627,-0.00014721471,0.00013261277
49.576,0.06854947,-0.004266283,0.007081761,-0.0,-0.0,-0.0
49.616,-0.021247726,-0.04580512,0.050453193,-0.0,0.0,0.0
49.656,-0.070116945,0.02627698,0.035792425,0.0,-0.0,-0.0
49.675,-0.0322433,0.04154861,0.008914356,0.00014873433,0.00011541968,-3.19195e-05
49.715,0.025178032,0.04277034,-0.0130767925,0.0,-0.0,0.0
49.756,0.01784765,0.0091727525,0.0021948388,-0.0,-0.0,0.0
49.775,0.014793323,-0.0030445524,0.0046383,-0.0,-0.0,-0.0
49.817,0.016015055,-0.056800693,0.019909931,-0.0,-0.0,-0.0
49.857,0.008073806,-0.070850596,0.029683774,-0.0,-0.0,-0.0
49.876,-0.00658696,-0.041529063,0.03151637,-0.00014644906,2.3236755e-05,-0.00011113935
49.915,0.005630345,-0.017094454,0.010136087,-0.0,-0.0,-0.0
49.956,0.03067582,-0.03419868,0.030905506,-0.0,-0.0,-0.0
49.979,0.022123707,-0.028700894,0.05228579,-0.0,-0.0,-0.0
50.017,-0.011473882,-0.032366086,0.06205963,-0.000154048,5.463612e-05,-0.00029538712
50.057,-0.018804263,0.008561888,0.022353392,0.0,-0.0,-0.0
50.076,0.016625918,0.043992072,0.010136087,0.00014202867,-5.3679538e-05,-3.2720807e-05
50.116,0.12352733,0.12035023,0.054118384,-0.0,-0.0,0.0
50.157,0.1259708,0.103246,0.045566272,-0.0,-0.0,0.0
50.177,0.058164757,0.087363504,0.053507518,-0.0,-0.0,0.0
50.217,-0.023080323,0.06048543,0.10726366,0.00050863257,0.00019382375,-0.0009018932
50.255,0.011128132,0.02872044,0.09932241,-0.0,-0.0,0.0
50.278,0.05144524,0.034829095,0.059616175,0.00020120031,-0.0002972985,-0.00034444776
50.315,0.053277835,9.773844e-06,0.033348966,-0.0,-0.0,0.0
50.357,-0.035297625,0.0012315044,0.022353392,0.0,-0.0,-0.0
50.376,-0.07561473,0.024444385,0.044955406,0.0,-0.0,-0.0
50.416,-0.0078086904,-0.013429261,0.059005305,-5.4984925e-05,3.1980886e-05,-0.00024160813
50.456,-0.025523784,-0.03175522,0.020520795,-0.0,0.0,0.0
50.496,-0.11043405,0.015892271,0.07794213,0.0,-0.0,-0.0
50.516,-0.08416685,0.0073401565,0.07122261,0.0,-0.0,-0.0
50.556,-0.026745513,0.012837944,0.0015839735,0.0,-0.0,-0.0
50.597,-0.016360804,0.010394483,0.0021948388,0.0,-0.0,-0.0
50.617,-0.00658696,-0.0036554176,0.00586003,-2.3412665e-06,4.2189154e-06,-3.7533116e-06
50.657,-0.005976095,-0.045194257,-0.004524679,-0.0,-0.0,0.0
50.698,-0.08538858,-0.08001357,-0.01979631,-0.0,-0.0,0.0
50.717,-0.089053765,-0.100172125,-0.0033029485,-0.0,-0.0,0.0
50.758,-0.123873085,-0.015261857,-0.014298523,-0.0,-0.0,0.0
50.798,-0.12692742,0.10446773,0.03029464,0.0,-0.0,-0.0
50.819,-0.07256041,0.11301985,0.04373368,0.001071445,0.0006875696,-0.00041491492
50.857,0.028843224,0.057431106,0.038235888,-0.0,-0.0,0.0
50.902,-0.026134647,-0.06840713,0.056561843,-0.0,0.0,0.0
50.916,-0.06523003,-0.11483289,0.059005305,-0.0,0.0,0.0
50.959,-0.08172339,-0.14965221,0.07549866,-0.0,0.0,0.0
50.997,0.09237321,-0.05863329,0.04190108,-0.0,-0.0,-0.0
51.017,0.1504054,-0.0036554176,-0.027126694,-3.728677e-05,-0.0015430361,0.000278268
51.058,0.07160379,0.11790677,-0.23665348,0.0,-0.0,0.0
51.098,-0.0078086904,0.24191241,-0.37287644,-0.0,0.0,0.0
51.118,-0.010252152,0.23580375,-0.36982208,-0.0,0.0,0.0
51.158,0.062440813,0.13623273,-0.17129089,0.0020819253,-0.00095093343,0.0026171126
51.198,0.020901976,-0.031144354,0.028462043,-0.0,-0.0,-0.0
51.216,0.07160379,0.0012315044,0.12436789,1.144743e-05,-0.00068961235,-0.0011977646
51.255,-0.059121374,-0.016483588,0.25142786,-0.0,0.0,0.0
51.297,-0.16419019,0.017724866,0.27464074,0.0,-0.0,-0.0
51.317,-0.22588758,-0.04580512,0.2331019,-0.0,0.0,0.0
51.357,-0.22527672,-0.15576087,0.12131356,-0.0031254434,0.0045320895,-0.002431445
51.397,-0.07927992,-0.05374637,-0.060113415,-0.0,-0.0,0.0
51.436,0.10092533,0.05315505,-0.17678869,0.0,-0.0,0.0
51.457,0.11986215,0.06903754,-0.19694723,0.0,-0.0,0.0
51.496,0.09237321,0.07148101,-0.10531744,0.0,-0.0,0.0
51.537,-0.023691187,0.014059674,0.02907291,0.0,-0.0,-0.0
51.557,-0.0621757,-0.02259224,0.05595098,-0.00013130096,0.0003615342,-0.0003252963
51.597,-0.09577329,-0.037253007,0.037014157,-0.0,0.0,0.0
51.637,-0.05789964,0.007951022,-0.0063572745,-0.0,0.0,0.0
51.658,-0.03468676,0.022611788,-0.0039138137,-0.0,0.0,0.0
51.698,-0.02979984,-0.0030445524,0.008303491,-0.0,0.0,0.0
51.738,-0.058510505,0.051322453,0.056561843,0.0,-0.0,-0.0
51.758,-0.042017143,0.020168327,0.04190108,8.484153e-05,0.0001767124,-0.00017623925
51.799,-0.040184546,0.0012315044,-0.004524679,-0.0,0.0,0.0
51.838,-0.010863017,0.03666169,-0.024072366,-0.0,0.0,0.0
51.858,-0.007197825,0.028109575,-0.029570155,-0.0,0.0,0.0
51.900,0.0044086147,0.017114,0.0119686825,-0.0,-0.0,0.0
51.948,0.0013542882,-0.0036554176,0.021131663,-0.0,-0.0,-0.0
51.958,0.019680247,-0.026868297,-0.00024862215,-6.005374e-05,-4.3987646e-05,5.543784e-07
51.998,0.0105172675,-0.0067097438,-0.016131118,-0.0,-0.0,0.0
52.038,-0.013306477,-0.0054880134,-0.011855061,-0.0,-0.0,0.0
52.058,-0.026134647,0.010394483,-0.004524679,-0.0,0.0,0.0
52.099,-0.04140628,0.0091727525,0.006470896,0.0,-0.0,-0.0
52.138,0.000743423,0.006118426,0.011357818,-0.0,-0.0,0.0
52.159,0.0019651535,0.0012315044,0.015023009,1.2562658e-06,-2.0047e-06,-1.5325257e-05
52.197,-0.015749939,-0.007320609,0.013190414,-0.0,0.0,0.0
52.238,-0.046293203,0.030553035,-0.009411601,-0.0,0.0,0.0
52.258,-0.03896282,0.0610963,-0.018574579,-0.0,0.0,0.0
52.298,0.0086846715,0.023222653,-0.025904963,5.588305e-05,-2.0896829e-05,6.2337625e-05
52.337,0.026399763,0.0018423696,0.0021948388,-0.0,-0.0,0.0
52.381,-0.004143499,-0.004877148,0.01746647,-0.0,0.0,0.0
52.398,-0.021247726,-0.0060988786,0.015633874,-0.0,0.0,0.0
52.437,-0.027356379,-0.012818397,0.016855605,-0.0,0.0,0.0
52.476,0.02029111,0.0048966957,-0.0039138137,0.0,-0.0,0.0
52.496,0.036784474,-0.00060109136,-0.021628907,-1.718236e-06,-0.00010534915,6.194414e-05
52.537,0.053277835,0.022000924,-0.021628907,0.0,-0.0,0.0
52.577,0.028232358,0.022000924,-0.021628907,0.0,-0.0,0.0
52.596,0.01906938,0.03788342,-0.029570155,0.0,-0.0,0.0
52.637,0.014793323,0.04948986,-0.03812227,0.0,-0.0,0.0
52.678,0.033730146,0.023222653,-0.030181019,0.0,-0.0,0.0
52.698,0.01784765,0.03666169,-0.030181019,0.00012481463,-6.0754344e-05,0.00010275242
52.737,-0.004143499,0.044602934,-0.027737558,-0.0,0.0,0.0
52.778,0.00013255776,0.07881139,-0.02223977,0.0,-0.0,0.0
52.798,-0.023691187,0.0910287,-0.0008594874,-0.0,0.0,0.0
52.840,-0.013306477,-0.053135503,0.035792425,-0.0,0.0,0.0
52.879,-0.05179099,-0.018316183,0.0034165692,-0.0,0.0,0.0
52.898,-0.026745513,-0.010374935,0.0034165692,-2.0114514e-05,5.1853647e-05,-6.6234434e-06
52.938,-0.0029217685,-0.007320609,0.007692626,-0.0,0.0,0.0
52.978,0.022123707,-0.018927049,0.0003622431,-0.0,-0.0,-0.0
52.997,0.015404189,-0.011596666,-0.0033029485,-0.0,-0.0,0.0
53.040,-0.0078086904,0.014059674,-0.0033029485,-0.0,0.0,0.0
53.078,0.03861707,0.011616214,-0.004524679,0.0,-0.0,0.0
53.100,0.07282552,0.009783618,0.0021948388,4.82638e-05,-0.000359272,-1.0819178e-05
53.138,0.058164757,0.034218226,-0.010633332,0.0,-0.0,0.0
53.177,-0.023691187,0.03360736,-0.043620057,-0.0,0.0,0.0
53.218,-0.05667791,0.018946595,-0.019185444,-0.0,0.0,0.0
53.239,-0.028578108,0.0018423696,0.009525222,3.7319903e-06,5.788046e-05,-1.9291958e-05
53.277,0.009295536,0.0018423696,0.011357818,-0.0,-0.0,0.0
53.317,0.000743423,-0.0036554176,0.007692626,-0.0,-0.0,-0.0
53.337,-0.021247726,0.0091727525,0.007692626,0.0,-0.0,-0.0
53.378,-0.023080323,0.021390056,-0.027126694,-0.0,0.0,0.0
53.417,0.0105172675,0.036050823,-0.01735285,0.0,-0.0,0.0
53.437,0.041671395,-0.009764071,-0.0039138137,-2.8161256e-05,-0.00012019051,1.128669e-05
53.476,0.060608216,-0.013429261,-0.010633332,-0.0,-0.0,0.0
53.517,0.04839091,0.028109575,-0.038733132,0.0,-0.0,0.0
53.537,0.030064955,0.02872044,-0.026515827,0.0,-0.0,0.0
53.578,-0.016360804,0.025055248,0.019909931,0.0,-0.0,-0.0
53.618,0.016625918,-0.04947031,0.07427694,-0.0,-0.0,-0.0
53.639,0.019680247,-0.06290935,0.09015943,-0.0004715559,-0.00014734428,-0.0006757804
53.677,-0.004143499,-0.052524637,0.0186882,-0.0,0.0,0.0
53.718,-0.024302052,0.0091727525,-0.028348424,-0.0,0.0,0.0
53.738,0.005630345,0.009783618,-0.013687657,0.0,-0.0,0.0
53.779,0.047780048,-0.04824858,0.032127235,-0.0,-0.0,-0.0
53.819,-0.024302052,-0.09467434,0.060227036,-0.0,0.0,0.0
53.838,-0.040184546,-0.108724244,0.030905506,-0.0008752373,0.00032361192,-0.00024866118
53.882,0.00501948,-0.08612222,0.010746952,-0.0,-0.0,-0.0
53.917,-0.021858592,-0.027479162,-0.022850636,-0.0,-0.0,0.0
53.940,-0.009641286,-0.0030445524,-0.03384621,-0.0,-0.0,0.0
53.978,-0.009641286,-0.042750794,-0.019185444,-0.0,-0.0,0.0
54.019,-0.0322433,-0.026257431,0.026629448,-0.0,0.0,0.0
54.039,-0.013306477,-0.0067097438,0.03518156,-1.720271e-05,3.411951e-05,-9.020768e-05
54.080,0.020901976,0.015892271,-0.02223977,0.0,-0.0,0.0
54.120,-0.03896282,0.02749871,-0.025294097,-0.0,0.0,0.0
54.159,0.005630345,-0.009153205,0.022353392,-1.5235281e-05,-9.371178e-06,-3.7206308e-05
54.178,0.054499567,-0.009764071,0.02907291,-0.0,-0.0,-0.0
54.219,0.07282552,0.0036749654,-0.00818987,0.0,-0.0,0.0
54.240,0.06121908,0.0018423696,-0.023461502,8.122979e-06,-0.00026945127,0.00010326532
54.277,0.0105172675,0.015892271,-0.04178746,0.0,-0.0,0.0
54.317,0.034951877,0.0012315044,-0.029570155,0.0,-0.0,0.0
54.358,0.020901976,0.0073401565,-0.04545265,0.0,-0.0,0.0
54.379,0.009295536,-0.008542339,-0.035678808,-2.169503e-05,-2.3610075e-05,9.06179e-05
54.418,0.03556274,0.006118426,0.009525222,-0.0,-0.0,0.0
54.457,0.002576019,-0.007931475,-0.014298523,-0.0,-0.0,0.0
54.477,0.016625918,-0.028090026,-0.0075790053,-0.0,-0.0,0.0
54.516,0.06854947,-0.009764071,0.019299066,-0.0,-0.0,-0.0
54.556,-0.027967243,0.022000924,0.0186882,0.0,-0.0,-0.0
54.578,-0.05423445,-0.023203107,0.048620597,-0.00011899871,0.000278241,-0.0002494102
54.618,-0.062786564,-0.066574536,0.05472925,-0.0,0.0,0.0
54.659,-0.0053652297,0.017114,0.016855605,0.0,-0.0,-0.0
54.678,-0.0181934,0.0110053485,-0.009411601,-0.0,0.0,0.0
54.718,-0.037741087,0.016503137,-0.06622207,-0.0,0.0,0.0
54.758,0.028232358,-0.0036554176,-0.054615628,-0.0,-0.0,0.0
54.778,0.10092533,-0.0012119566,-0.023461502,-8.370695e-06,-0.0007018355,0.00016314839
54.818,0.102757916,-0.0030445524,-0.00818987,-0.0,-0.0,0.0
54.860,-0.059732236,0.02749871,-0.027737558,-0.0,0.0,0.0
54.879,-0.049958393,0.022611788,-0.005135544,-0.0,0.0,0.0
54.917,-0.0029217685,-0.037253007,0.03029464,-0.0,0.0,0.0
54.959,-0.04873666,0.032996498,0.02907291,0.0,-0.0,-0.0
54.998,-0.040795416,0.018946595,0.020520795,0.0,-0.0,-0.0
55.018,-0.0866103,0.023833519,0.005249165,0.0,-0.0,-0.0
55.059,-0.05179099,0.018335732,0.0186882,0.0,-0.0,-0.0
55.099,0.03556274,-0.016483588,0.059616175,-7.894855e-05,-0.00017026492,-0.00028545197
55.118,-0.0322433,-0.008542339,0.040068485,-0.0,0.0,0.0
55.159,0.0037977493,0.023833519,0.052896656,-0.0,-0.0,0.0
55.198,0.067938596,0.006118426,-0.013687657,0.0,-0.0,0.0
55.218,0.037395336,0.022000924,-0.04850698,0.0,-0.0,0.0
55.258,0.005630345,0.042159475,0.009525222,-0.0,-0.0,0.0
55.297,0.014793323,0.019557461,0.023575123,-0.0,-0.0,0.0
55.317,-0.0145282075,0.056209378,0.015023009,0.0002262122,5.8460846e-05,-6.046559e-05
55.358,-0.05423445,0.062318027,0.045566272,0.0,-0.0,-0.0
55.398,-0.021247726,-0.04702685,0.07122261,-0.0,0.0,0.0
55.417,-0.004754364,-0.050692044,0.08405078,-0.0,0.0,0.0
55.459,0.014182458,-0.054968096,0.09626809,-0.0,-0.0,-0.0
55.497,0.02945409,-0.019537915,0.08038559,-0.0,-0.0,-0.0
55.518,0.055110432,-0.011596666,0.06633569,-6.7782465e-05,-0.0003218109,-0.0003873862
55.559,0.09726013,0.08492004,0.069390014,-0.0,-0.0,0.0
55.598,0.16140099,-0.036642138,0.11948097,-0.0,-0.0,-0.0
55.619,0.15529233,-0.15698259,0.10176588,-0.0,-0.0,-0.0
55.658,-0.059732236,-0.10322645,0.0926029,-0.0,0.0,0.0
55.699,-0.16663365,-0.18569326,0.20622383,-0.0,0.0,0.0
55.740,-0.044460606,-0.073904924,0.13047655,-0.0,0.0,0.0
55.759,0.04472572,-0.0390856,0.11276145,-0.0,-0.0,-0.0
55.799,0.08076677,-0.015872722,0.14880249,-0.0,-0.0,-0.0
55.838,-0.029188974,-0.004877148,0.13841778,-4.6145014e-05,0.00027729207,-0.0013148035
55.858,-0.08233425,0.006118426,0.08466165,0.0,-0.0,-0.0
55.898,-0.07500387,0.06842668,0.030905506,0.0,-0.0,-0.0
55.938,0.016015055,0.07148101,0.08038559,-0.0,-0.0,0.0
55.960,0.022123707,0.059874568,0.08588338,-0.0,-0.0,0.0
55.999,0.027621495,0.018946595,0.051674925,-0.0,-0.0,0.0
56.038,-0.030410703,0.015892271,0.0119686825,3.8758524e-05,7.416386e-05,-2.9190187e-05
56.059,-0.024302052,0.018946595,0.009525222,0.0,-0.0,-0.0
56.098,0.033730146,0.031774767,0.025407718,-0.0,-0.0,0.0
56.137,0.039227933,0.032385632,0.02907291,-0.0,-0.0,0.0
56.158,0.023345439,0.04582467,0.026018584,-0.0,-0.0,0.0
56.197,-0.016360804,0.05193332,0.015023009,0.0,-0.0,-0.0
56.240,0.012960727,0.09041783,-0.008800736,0.0005568139,-7.979975e-05,5.421897e-05
56.258,0.019680247,0.058041975,-0.00818987,0.0,-0.0,0.0
56.297,0.03556274,-0.011596666,-0.034457076,-0.0,-0.0,0.0
56.337,0.037395336,0.009783618,-0.07416332,0.0,-0.0,0.0
56.358,-0.009641286,0.023222653,-0.046063516,-0.0,0.0,0.0
56.396,-0.028578108,0.034218226,0.025407718,0.0,-0.0,-0.0
56.436,0.024567168,-0.0030445524,-0.011855061,-0.0,-0.0,0.0
56.476,-0.0053652297,0.07636793,-0.032013614,-0.0,0.0,0.0
56.497,-0.004754364,0.08430918,-0.022850636,-0.0,0.0,0.0
56.537,-0.0029217685,0.016503137,0.0034165692,0.0,-0.0,-0.0
56.579,-0.00658696,0.01467054,-0.019185444,2.4646224e-05,1.1066443e-05,3.2231277e-05
56.598,0.000743423,0.029331306,-0.050950434,0.0,-0.0,0.0
56.640,-0.0023109033,0.07209187,-0.06500033,-0.0,0.0,0.0
56.679,0.019680247,0.045213804,-0.060113415,0.0,-0.0,0.0
56.700,0.03861707,0.00062063907,-0.07599591,0.0,-0.0,0.0
56.738,0.067938596,-0.010374935,-0.080271974,-0.0,-0.0,0.0
56.760,0.069160335,-0.0054880134,-0.071719855,-0.0,-0.0,0.0
56.799,0.055110432,-0.02137051,-0.025294097,-0.0,-0.0,0.0
56.839,0.079545036,-0.009153205,0.06205963,-0.0,-0.0,-0.0
56.878,0.032508414,-0.007320609,0.13841778,-0.0,-0.0,-0.0
56.898,0.028232358,-0.06413108,0.18178922,-0.0,-0.0,-0.0
56.940,-0.01941513,-0.106280774,0.19706085,-0.0,0.0,0.0
56.977,-0.052401852,0.053765915,0.19706085,0.000761894,0.00074049545,-0.0027889614
56.999,-0.08477771,0.047046397,0.1292548,0.0,-0.0,-0.0
57.037,-0.13120347,-0.034809545,-0.07599591,-0.0,-0.0,0.0
57.078,-0.058510505,0.043381207,-0.1358607,-0.0,0.0,0.0
57.098,-0.010252152,0.023222653,-0.12242167,-0.0,0.0,0.0
57.138,0.0105172675,0.017724866,-0.047285248,0.0,-0.0,0.0
57.178,-0.13486867,0.031774767,-0.0014703526,0.00029546744,0.0012541556,1.3487634e-05
57.198,-0.15075116,0.034218226,0.007081761,0.0,-0.0,-0.0
57.238,-0.01941513,0.039716017,0.03518156,0.0,-0.0,-0.0
57.277,0.10031446,0.021390056,0.049231466,-0.0,-0.0,0.0
57.317,0.056943025,-0.014650992,0.04434454,-7.243923e-05,-0.00028141687,-0.00021917056
57.337,0.027621495,-0.0012119566,0.030905506,-0.0,-0.0,-0.0
57.377,-0.048125796,0.034829095,0.009525222,0.0,-0.0,-0.0
57.417,-0.062786564,0.0055075614,-0.02895929,-0.0,0.0,0.0
57.436,-0.007197825,-0.012818397,-0.005135544,-0.0,-0.0,0.0
57.480,0.09298408,-0.037253007,0.010746952,-0.0,-0.0,-0.0
57.516,0.000743423,-0.037863873,-0.020407176,-0.00010931242,-2.149472e-06,5.8915124e-05
57.537,-0.05789964,0.0012315044,-0.010633332,-0.0,0.0,0.0
57.577,-0.04262801,0.022611788,0.0021948388,0.0,-0.0,-0.0
57.619,0.069160335,-0.004877148,0.021131663,-0.0,-0.0,-0.0
57.639,0.09359494,-0.017705318,0.019909931,-0.0,-0.0,-0.0
57.678,0.041671395,0.0036749654,0.027240314,-0.0,-0.0,0.0
57.719,-0.08355598,0.05315505,-0.02101804,0.00036108485,0.0005676894,0.0001426901
57.738,-0.1043254,0.058041975,-0.043009188,-0.0,0.0,0.0
57.778,-0.026134647,0.047657266,-0.014909388,-0.0,0.0,0.0
57.818,0.045336585,-0.011596666,0.018077336,-0.0,-0.0,-0.0
57.839,0.022734571,-0.02381397,0.022353392,-0.0,-0.0,-0.0
57.878,-0.007197825,-0.058022425,0.03945762,-0.0,0.0,0.0
57.918,-0.02063686,-0.021981375,0.008914356,-4.637936e-05,4.354334e-05,-1.8807903e-05
57.940,-0.0145282075,0.012227079,0.002805704,0.0,-0.0,-0.0
57.978,0.037395336,0.021390056,-0.0063572745,0.0,-0.0,0.0
58.020,0.04350399,0.019557461,-0.026515827,0.0,-0.0,0.0
58.038,0.005630345,0.023833519,-0.020407176,0.0,-0.0,0.0
58.079,-0.053623583,0.015892271,0.011357818,0.0,-0.0,-0.0
58.119,-0.009030421,0.00062063907,0.0034165692,4.0297613e-07,5.8632872e-06,-2.218317e-06
58.138,0.025178032,-0.010985801,-0.010022466,-0.0,-0.0,0.0
58.178,0.023956303,-0.004266283,0.004027434,-0.0,-0.0,-0.0
58.217,-0.001700038,-0.028700894,0.020520795,-0.0,0.0,0.0
58.257,-0.077447325,0.0030641,0.04190108,1.8174305e-05,0.0004579325,-0.00024775916
58.278,-0.048125796,0.032996498,0.048620597,0.0,-0.0,-0.0
58.323,0.009295536,0.029331306,0.030905506,-0.0,-0.0,0.0
58.341,0.031897552,0.0030641,0.004027434,6.640762e-06,-6.913409e-05,-8.728744e-06
58.377,0.037395336,0.01467054,-0.027737558,0.0,-0.0,0.0
58.417,-0.03102157,-0.014650992,-0.01979631,-0.0,-0.0,0.0
58.456,0.0044086147,0.013448809,0.007081761,1.4283358e-05,-4.682245e-06,-7.521186e-06
58.476,0.024567168,0.03666169,-0.004524679,0.0,-0.0,0.0
58.516,0.030064955,0.025055248,-0.021628907,0.0,-0.0,0.0
58.557,0.03067582,-0.015872722,-0.019185444,-0.0,-0.0,0.0
58.577,-0.00047830748,0.016503137,-0.009411601,-0.0,0.0,0.0
58.617,-0.052401852,0.07758966,-0.017963715,-0.0,0.0,0.0
58.657,-0.027967243,-0.007931475,0.016855605,-1.7884928e-05,6.3068765e-05,-3.8010206e-05
58.677,-0.009030421,-0.038474735,0.05839444,-0.0,0.0,0.0
58.717,0.09115148,-0.04580512,0.07122261,-0.0,-0.0,-0.0
58.756,0.016625918,-0.029922623,0.020520795,-0.0,-0.0,-0.0
58.777,-0.032854166,0.006118426,0.013190414,0.0,-0.0,-0.0
58.818,-0.0181934,0.021390056,0.010746952,0.0,-0.0,-0.0
58.859,0.10214706,0.029942172,0.0046383,0.00021407823,-0.0007303679,-3.308625e-05
58.878,0.079545036,0.0036749654,-0.0063572745,0.0,-0.0,0.0
58.919,-0.070116945,-0.03969647,0.057172712,-0.0,0.0,0.0
58.959,-0.05179099,-0.06352021,0.15002424,-0.0,0.0,0.0
58.980,0.012960727,-0.038474735,0.15185682,-0.0,-0.0,-0.0
59.019,-0.00658696,-0.07757011,0.087715976,-0.0,0.0,0.0
59.059,-0.08477771,-0.16675644,0.073666066,-0.0022492995,0.0011449325,-0.0009926108
59.079,-0.053623583,-0.14048922,0.0626705,-0.0,0.0,0.0
59.120,0.07343639,-0.12277414,0.024796853,-0.0,-0.0,-0.0
59.160,0.063662544,-0.030533489,-0.039954863,-0.0,-0.0,0.0
59.180,0.014793323,0.0030641,-0.071719855,0.0,-0.0,0.0
59.220,-0.024302052,0.07392447,-0.10165225,-0.0,0.0,0.0
59.257,0.09970359,0.021390056,-0.07905024,0.00018550277,-0.00086322706,0.0006845422
59.297,0.06121908,0.057431106,-0.08454803,0.0,-0.0,0.0
59.317,-0.021247726,0.07758966,-0.12975205,-0.0,0.0,0.0
59.358,-0.09699502,0.11851763,-0.15663013,-0.0,0.0,0.0
59.401,-0.026134647,0.10874379,-0.046674382,0.0008843462,0.0002127145,0.00037949727
59.417,0.03617361,0.103246,0.024185987,-0.0,-0.0,0.0
59.457,0.012960727,-0.0067097438,0.15918721,-0.0,-0.0,-0.0
59.496,-0.057288777,0.014059674,0.20378037,0.0,-0.0,-0.0
59.517,-0.11287751,0.025666114,0.17568058,0.0,-0.0,-0.0
59.556,-0.14158818,0.023833519,0.061448768,0.0,-0.0,-0.0
59.599,-0.039573684,0.025055248,-0.060113415,0.00012810454,0.00020240444,0.00030741448
59.618,0.020901976,0.05193332,-0.112647824,0.0,-0.0,0.0
59.657,0.037395336,0.051322453,-0.15052147,0.0,-0.0,0.0
59.698,0.09481667,0.00062063907,-0.08454803,0.0,-0.0,0.0
59.720,0.08992975,-0.032366086,-0.01735285,-0.0,-0.0,0.0
59.760,0.016625918,-0.07023973,0.07916386,-0.0,-0.0,-0.0
59.800,-0.02979984,-0.06962886,0.005249165,-0.0003547462,0.0001518303,-2.6716754e-05
59.820,-0.0322433,-0.08001357,-0.004524679,-0.0,-0.0,0.0
59.860,-0.011473882,-0.09100915,0.011357818,-0.0,0.0,0.0
59.898,0.014793323,-0.0830679,0.06572482,-0.0,-0.0,-0.0
59.919,0.011128132,-0.07268319,0.07977473,-0.0,-0.0,-0.0
59.958,-0.004143499,-0.042750794,0.050453193,-0.0,0.0,0.0
