timestamp,x,y,z,roll,pitch,yaw
00.011,0.01622336,0.018201342,0.011993118,3.3189554e-05,-2.9583422e-05,-2.1868782e-05
00.052,0.01866682,0.045690276,0.013825713,-0.0,-0.0,0.0
00.092,0.012558168,0.038359895,0.0040518693,0.00010442848,-3.4188175e-05,-1.1028779e-05
00.112,0.0040060543,0.046912007,0.0003866777,-0.0,-0.0,0.0
00.152,-0.00698952,0.035916433,-0.003889379,8.869045e-05,1.7260054e-05,9.603504e-06
00.192,-0.014930768,0.039581623,-0.013663223,-0.0,0.0,0.0
00.212,-0.014319903,-0.0013463469,-0.017939279,-2.0777875e-06,2.209631e-05,2.7681242e-05
00.251,-0.005156924,-0.006233269,-0.00511111,-0.0,-0.0,0.0
00.289,-0.017374229,0.019423071,-0.011830627,3.7304148e-05,3.336988e-05,2.272163e-05
00.331,-0.013098172,0.0047623054,-0.013052357,-0.0,0.0,0.0
00.352,-0.016763365,-0.04716124,-0.017939279,-0.00016828012,5.9808757e-05,6.401501e-05
00.390,-0.0057677897,-0.026391823,-0.008165436,-0.0,-0.0,0.0
00.430,-0.002102598,-0.054491624,-0.009387166,-0.0,-0.0,0.0
00.450,-0.00027000243,-0.012952787,-0.008165436,-0.0,-0.0,0.0
00.489,0.0003408628,0.040803358,-0.009998032,0.000115039365,-9.593934e-07,2.8188104e-05
00.531,-0.005156924,-0.0001246165,-0.009998032,-0.0,-0.0,0.0
00.550,0.0003408628,0.033472974,-0.008165436,7.740007e-05,-7.8745154e-07,1.8881092e-05
00.592,0.0052277846,-0.03677653,0.0046627345,-0.0,-0.0,-0.0
00.631,0.011336437,0.015757881,0.0193235,-0.0,-0.0,0.0
00.651,0.010114707,0.049966335,0.013825713,-0.0,-0.0,0.0
00.692,-0.00027000243,-0.023337496,0.011993118,-4.1096086e-05,4.7589393e-07,-2.1119235e-05
00.732,0.000951728,-0.04044172,0.0046627345,-0.0,-0.0,-0.0
00.752,0.0070603807,-0.031278744,0.0077170604,-6.923036e-05,-1.5626372e-05,-1.7080953e-05
00.792,0.015001629,-0.016007112,0.012603983,-0.0,-0.0,-0.0
00.832,0.01622336,-0.019061439,0.013825713,-3.6579142e-05,-3.1131996e-05,-2.6531985e-05
00.852,0.021110281,-0.0025680775,0.0064953305,-0.0,-0.0,-0.0
00.892,0.013169033,0.051188063,0.0040518693,0.00018209773,-4.6849258e-05,-1.4409985e-05
00.931,0.021110281,0.007205766,0.008938791,-0.0,-0.0,0.0
00.951,0.0064495155,0.031029511,0.0046627345,6.670574e-05,-1.3865206e-05,-1.0023269e-05
00.991,0.019277684,-0.026391823,0.01688004,-0.0,-0.0,-0.0
01.031,0.015612493,-0.0044006733,0.01688004,-6.91401e-06,-2.4527943e-05,-2.65195e-05
01.052,0.018055953,-0.00867673,0.011993118,-0.0,-0.0,-0.0
01.091,-0.002102598,-0.02394836,0.0077170604,-4.057837e-05,3.5629328e-06,-1.3075808e-05
01.132,0.0046169194,-0.0050115385,0.011993118,-0.0,-0.0,-0.0
01.152,0.009503841,-0.019061439,0.005884465,-2.8266662e-05,-1.4093318e-05,-8.726393e-06
01.193,0.013169033,0.019423071,0.0077170604,-0.0,-0.0,0.0
01.230,0.014390763,-0.0056224037,-0.0020567833,-5.8809355e-06,-1.5052534e-05,2.151321e-06
01.269,0.016834226,0.024309995,0.0003866777,-0.0,-0.0,0.0
01.290,0.0040060543,0.022477398,-0.0020567833,3.457939e-05,-6.1628857e-06,3.1642758e-06
01.334,-0.00088086765,0.021255666,-0.008165436,-0.0,0.0,0.0
01.372,-0.001491733,0.005373171,-0.0075545707,-0.0,0.0,0.0
01.391,-0.0057677897,0.010870959,-0.011830627,-0.0,0.0,0.0
01.431,0.0040060543,-0.022115765,-0.0020567833,-3.349693e-05,-6.067695e-06,3.1151399e-06
01.471,0.0064495155,0.020033937,-0.0032785137,0.0,-0.0,0.0
01.491,0.008892976,-0.0117310565,-0.0032785137,-1.1873005e-05,-9.000614e-06,3.3181352e-06
01.530,0.0076712454,-0.009287595,-0.0075545707,-0.0,-0.0,0.0
01.570,0.008282111,-0.0050115385,-0.011830627,-0.0,-0.0,0.0
01.591,0.013779899,0.010260093,-0.013052357,0.0,-0.0,0.0
01.632,0.008282111,0.007205766,-0.017328415,9.919706e-06,-1.1401165e-05,2.3854622e-05
01.672,0.01866682,0.010870959,-0.008165436,0.0,-0.0,0.0
01.692,0.012558168,-0.0068441345,-0.00633284,-7.1841005e-06,-1.3182068e-05,6.6474017e-06
01.732,0.0070603807,0.033472974,-0.011219762,0.0,-0.0,0.0
01.770,0.011947303,0.03225124,-0.0087763015,0.0,-0.0,0.0
01.792,0.014390763,0.014536149,-0.008165436,0.0,-0.0,0.0
01.832,0.008892976,-0.014785382,-0.00633284,-1.8236413e-05,-1.0968767e-05,7.810895e-06
01.874,0.015612493,0.0346947,-0.0032785137,0.0,-0.0,0.0
01.914,0.008282111,0.022477398,-0.008165436,0.0,-0.0,0.0
01.933,-0.00088086765,0.01697961,-0.008165436,-0.0,0.0,0.0
01.972,-0.0033243287,0.030418646,-0.015495819,-0.0,0.0,0.0
01.993,-0.011265578,-0.0098984605,-0.016717548,-0.0,-0.0,0.0
02.032,-0.002102598,-0.027002687,-0.015495819,-5.6545312e-05,4.402049e-06,3.2449294e-05
02.072,0.0027843236,0.007205766,-0.010608897,0.0,-0.0,0.0
02.093,-0.0033243287,0.008427497,-0.009387166,7.378163e-06,2.910441e-06,8.218343e-06
02.133,0.003395189,0.033472974,-0.0087763015,0.0,-0.0,0.0
02.173,0.0076712454,-0.014174516,-0.013663223,-2.009886e-05,-1.087775e-05,1.937386e-05
02.213,0.0058386503,-0.06976325,-0.013663223,-0.0,-0.0,0.0
02.231,0.0076712454,-0.0654872,-0.013052357,-0.00029539023,-3.4611163e-05,5.8869788e-05
02.271,0.011336437,-0.020894036,-0.006943705,-0.0,-0.0,0.0
02.315,0.0058386503,0.0023188447,-0.00633284,0.0,-0.0,0.0
02.332,0.008892976,0.009649227,-0.006943705,0.0,-0.0,0.0
02.370,0.018055953,0.023699127,-0.00511111,4.8076934e-05,-3.6628586e-05,1.0369427e-05
02.412,0.011947303,-0.01661798,-0.013663223,-0.0,-0.0,0.0
02.432,0.0076712454,-0.073428445,-0.010608897,-0.00036753688,-3.840732e-05,5.309459e-05
02.470,0.011336437,-0.086256616,-0.0014459181,-0.0,-0.0,0.0
02.510,0.014390763,0.025531722,-0.0026676485,0.0,-0.0,0.0
02.530,0.013169033,0.023699127,-0.0014459181,0.0,-0.0,0.0
02.573,0.0027843236,0.014536149,-0.008165436,1.6489394e-05,-3.1583786e-06,9.262657e-06
02.613,0.0040060543,0.0023188447,-0.0075545707,0.0,-0.0,0.0
02.633,0.003395189,0.015757881,-0.011219762,2.0768972e-05,-4.474717e-06,1.478773e-05
02.673,0.0040060543,-0.0074549993,-0.013052357,-0.0,-0.0,0.0
02.712,0.0027843236,0.0023188447,-0.009387166,0.0,-0.0,0.0
02.733,0.010114707,0.02736432,-0.012441492,0.0,-0.0,0.0
02.773,0.0046169194,0.040803358,-0.016717548,0.00012140475,-1.37339475e-05,4.9741448e-05
02.813,0.0076712454,-0.00073548174,-0.015495819,-0.0,-0.0,0.0
02.833,0.0064495155,-0.014785382,-0.011219762,-1.949635e-05,-8.504655e-06,1.47946075e-05
02.873,0.0027843236,-0.011120191,-0.010608897,-0.0,-0.0,0.0
02.913,0.012558168,0.0365273,-0.0057219747,0.0,-0.0,0.0
02.933,0.014390763,0.035305567,-0.00511111,0.0,-0.0,0.0
02.972,0.011336437,-0.0050115385,-0.009998032,-5.355655e-06,-1.2115026e-05,1.0684642e-05
03.013,0.01866682,-0.001957212,-0.0026676485,-0.0,-0.0,0.0
03.053,0.01866682,-0.019061439,-0.0032785137,-0.0,-0.0,0.0
03.073,0.018055953,-0.027613552,0.0003866777,-0.0,-0.0,-0.0
03.113,0.01744509,0.0133144185,-0.0020567833,1.9694608e-05,-2.580459e-05,3.0426293e-06
03.153,0.0064495155,0.003540575,-0.011219762,0.0,-0.0,0.0
03.173,0.0070603807,0.015757881,-0.011219762,2.1776295e-05,-9.756751e-06,1.5504982e-05
03.213,0.0052277846,-0.0098984605,-0.011219762,-0.0,-0.0,0.0
03.253,0.0027843236,0.037749026,-0.009387166,0.0,-0.0,0.0
03.271,-0.001491733,0.06951402,-0.011830627,-0.0,0.0,0.0
03.310,-0.00027000243,0.04263595,-0.015495819,0.00012980148,8.250611e-07,4.717564e-05
03.351,-0.001491733,0.023699127,-0.022215337,-0.0,0.0,0.0
03.372,-0.00088086765,-0.027002687,-0.022215337,-6.3383835e-05,2.0660202e-06,5.2146435e-05
03.414,-0.003935194,-0.010509326,-0.025269663,-0.0,-0.0,0.0
03.450,-0.00088086765,-0.0050115385,-0.016717548,-0.0,-0.0,0.0
03.471,-0.001491733,-0.02394836,-0.018550145,-0.0,-0.0,0.0
03.510,-0.00027000243,0.007205766,-0.015495819,8.264902e-06,3.0976216e-07,1.7773467e-05
03.552,0.0058386503,-0.001957212,-0.009998032,-0.0,-0.0,0.0
03.572,0.008892976,-0.017839707,-0.006943705,-2.5270694e-05,-1.2597428e-05,9.835913e-06
03.612,0.01622336,0.005984036,-0.00633284,0.0,-0.0,0.0
03.652,0.01622336,-0.0117310565,-0.0057219747,-0.0,-0.0,0.0
03.673,0.01988855,-0.013563652,-0.00633284,-0.0,-0.0,0.0
03.713,0.01622336,-0.001957212,-0.0057219747,-2.274045e-06,-1.885012e-05,6.648408e-06
03.753,0.015001629,-0.015396248,-0.00511111,-0.0,-0.0,0.0
03.773,0.010725572,-0.029446147,-0.006943705,-6.3429994e-05,-2.3104509e-05,1.4956754e-05
03.814,0.0070603807,0.010870959,-0.0057219747,0.0,-0.0,0.0
03.853,0.008892976,0.023699127,-0.009387166,0.0,-0.0,0.0
03.894,0.015612493,0.031029511,-0.0020567833,0.0,-0.0,0.0
03.913,0.013779899,0.014536149,-0.0020567833,1.9641737e-05,-1.8619818e-05,2.7793747e-06
03.953,0.009503841,0.037749026,-0.008165436,0.0,-0.0,0.0
03.992,-0.00027000243,0.018812206,-0.0057219747,-0.0,0.0,0.0
04.013,-0.0057677897,0.018201342,-0.0045002443,-0.0,0.0,0.0
04.052,-0.010654712,0.0346947,-0.0008350528,8.452607e-05,2.5957977e-05,2.0333277e-06
04.092,-0.011265578,0.049966335,0.0022192732,0.0,-0.0,-0.0
04.113,-0.016763365,0.026753454,0.0028301387,5.691058e-05,3.5659185e-05,-6.0213406e-06
04.152,-0.016152497,0.019423071,0.0052735996,0.0,-0.0,-0.0
04.193,-0.017374229,-0.0025680775,0.011993118,-0.0,0.0,0.0
04.212,-0.022872018,0.010260093,0.013214848,0.0,-0.0,-0.0
04.252,-0.01859596,0.03225124,0.013825713,8.595285e-05,4.955803e-05,-3.684868e-05
04.291,-0.021650286,-0.0025680775,0.0071061957,-0.0,0.0,0.0
04.313,-0.01859596,-0.0031789427,0.009549656,-4.510795e-06,2.6388012e-05,-1.3551064e-05
04.352,-0.016763365,-0.0031789427,0.0040518693,-0.0,0.0,0.0
04.391,-0.023482881,-0.030667879,0.0022192732,-0.0,0.0,0.0
04.412,-0.026537208,-0.039219994,0.0009975429,-0.0,0.0,0.0
04.450,-0.013709038,-0.026391823,0.0022192732,-5.2819574e-05,2.7436889e-05,-4.4408484e-06
04.491,-0.006378655,-0.03188961,0.0064953305,-0.0,0.0,0.0
04.531,-0.007600385,-0.02272663,0.0064953305,-0.0,0.0,0.0
04.551,-0.014319903,-0.025170092,0.0022192732,-0.0,0.0,0.0
04.592,-0.025315477,-0.018450573,-0.0032785137,-0.0,-0.0,0.0
04.632,-0.02226115,-0.041663453,-0.010608897,-0.0,-0.0,0.0
04.652,-0.013709038,-0.06426547,-0.012441492,-0.0002884346,6.152013e-05,5.5848122e-05
04.692,-0.010043846,-0.030667879,-0.0026676485,-0.0,-0.0,0.0
04.733,-0.016763365,0.012092688,-0.0032785137,-0.0,0.0,0.0
04.753,-0.008822116,0.018201342,-0.0026676485,-0.0,0.0,0.0
04.793,-0.0057677897,0.025531722,0.0046627345,0.0,-0.0,-0.0
04.833,-0.013098172,-0.0044006733,-0.0045002443,-0.0,-0.0,0.0
04.853,-0.011265578,-0.0056224037,0.0003866777,-4.7528583e-06,9.523278e-06,-3.268527e-07
04.892,-0.00027000243,-0.0068441345,0.0016084082,-0.0,0.0,0.0
04.931,-0.005156924,0.006594901,0.0009975429,0.0,-0.0,-0.0
04.952,-0.0057677897,0.0029297096,-0.0008350528,-0.0,0.0,0.0
04.993,-0.016763365,-0.013563652,-0.0045002443,-0.0,-0.0,0.0
05.031,-0.014319903,0.0029297096,-0.0032785137,-0.0,0.0,0.0
05.051,-0.011265578,-0.018450573,-0.0020567833,-2.6888205e-05,1.6417383e-05,2.9975888e-06
05.093,-0.003935194,0.023088263,0.0003866777,0.0,-0.0,-0.0
05.133,-0.0027134633,0.018201342,-0.00022418753,-0.0,0.0,0.0
05.153,-0.006378655,0.0047623054,-0.0026676485,-0.0,0.0,0.0
05.193,-0.00088086765,-0.014785382,0.0016084082,-1.4782908e-05,8.807322e-07,-1.6081326e-06
05.232,-0.003935194,-0.014785382,0.003441004,-0.0,0.0,0.0
05.271,-0.007600385,-0.010509326,-0.0045002443,-0.0,-0.0,0.0
05.291,-0.007600385,-0.029446147,-0.003889379,-0.0,-0.0,0.0
05.333,-0.0057677897,-0.023337496,-0.0026676485,-0.0,-0.0,0.0
05.373,0.0003408628,-0.01661798,-0.0032785137,-0.0,-0.0,0.0
05.391,0.0076712454,-0.0117310565,-0.00633284,-1.2108668e-05,-7.918232e-06,6.536654e-06
05.430,0.008282111,-0.02272663,-0.012441492,-0.0,-0.0,0.0
05.470,0.012558168,-0.020894036,-0.0026676485,-0.0,-0.0,0.0
05.491,0.010725572,-0.05998941,-0.0026676485,-0.0,-0.0,0.0
05.531,0.015001629,-0.0068441345,-0.0045002443,-0.0,-0.0,0.0
05.571,0.015001629,0.020644803,0.0009975429,-0.0,-0.0,0.0
05.592,0.018055953,-0.020283168,0.0046627345,-3.750467e-05,-3.338614e-05,-8.622239e-06
05.632,0.013169033,0.003540575,-0.0020567833,0.0,-0.0,0.0
05.673,0.01866682,0.024309995,-0.0008350528,0.0,-0.0,0.0
05.693,0.021721145,-0.031278744,-0.0020567833,-0.0,-0.0,0.0
05.733,0.011336437,-0.026391823,-0.0008350528,-0.0,-0.0,0.0
05.773,0.011336437,0.021866532,-0.00633284,0.0,-0.0,0.0
05.793,0.009503841,0.032862104,-0.010608897,7.898673e-05,-2.2842163e-05,2.5500152e-05
05.832,0.0021734587,0.018812206,-0.012441492,0.0,-0.0,0.0
05.873,0.0064495155,-0.00867673,-0.0087763015,-0.0,-0.0,0.0
05.892,0.0064495155,0.003540575,-0.00633284,0.0,-0.0,0.0
05.931,0.0076712454,-0.013563652,-0.0020567833,-0.0,-0.0,0.0
05.972,0.013779899,-0.03799826,0.0022192732,-0.0,-0.0,-0.0
05.992,0.016834226,-0.025170092,0.0028301387,-5.1371306e-05,-3.4357872e-05,-5.777089e-06
06.033,0.021721145,0.04141422,0.010771387,-0.0,-0.0,0.0
06.072,0.0278298,0.024309995,0.013214848,-0.0,-0.0,0.0
06.093,0.024775473,0.018201342,0.016269175,-0.0,-0.0,0.0
06.132,0.025997205,0.006594901,0.01688004,1.4024428e-05,-5.5288685e-05,-3.5898505e-05
06.173,0.01866682,-0.00073548174,0.010160522,-0.0,-0.0,-0.0
06.193,0.013779899,-0.02272663,0.0052735996,-4.132587e-05,-2.5056956e-05,-9.5899495e-06
06.232,0.014390763,0.0133144185,0.009549656,-0.0,-0.0,0.0
06.271,0.0046169194,0.033472974,0.0009975429,-0.0,-0.0,0.0
06.310,-0.0027134633,0.030418646,-0.0057219747,-0.0,0.0,0.0
06.332,-0.00027000243,0.056685854,-0.008165436,0.00021786756,1.0411517e-06,3.1383093e-05
06.371,-0.003935194,0.0029297096,-0.009998032,-0.0,0.0,0.0
06.411,-0.0045460593,-0.017228844,-0.011219762,-0.0,-0.0,0.0
06.431,0.0021734587,-0.039830856,-0.00633284,-0.0,-0.0,0.0
06.471,0.0064495155,0.026753454,-0.0026676485,0.0,-0.0,0.0
06.511,0.0070603807,0.054853257,0.0003866777,-0.0,-0.0,0.0
06.531,0.0058386503,0.051798932,-0.0008350528,0.00018122492,-2.0426967e-05,2.9233852e-06
06.572,0.0021734587,0.010260093,-0.0026676485,0.0,-0.0,0.0
06.612,0.011336437,-0.022115765,0.0046627345,-0.0,-0.0,-0.0
06.633,0.013169033,0.01697961,0.0028301387,-0.0,-0.0,0.0
06.672,0.022942876,-0.0001246165,0.010771387,-0.0,-0.0,-0.0
06.713,0.008282111,0.003540575,-0.0032785137,0.0,-0.0,0.0
06.733,0.003395189,0.034083836,-0.0008350528,7.836995e-05,-7.80658e-06,1.9203667e-06
06.773,0.000951728,0.030418646,-0.00633284,0.0,-0.0,0.0
06.814,-0.007600385,0.00048624873,-0.013052357,-0.0,0.0,0.0
06.833,-0.013709038,-0.0117310565,-0.013052357,-0.0,-0.0,0.0
06.872,-0.002102598,0.010260093,-0.0075545707,-0.0,0.0,0.0
06.913,-0.0057677897,0.006594901,-0.0087763015,-0.0,0.0,0.0
06.933,-0.0057677897,-0.013563652,-0.0075545707,-1.5075762e-05,6.4107226e-06,8.396806e-06
06.971,0.010114707,-0.0068441345,-0.0032785137,-0.0,-0.0,0.0
07.032,-0.00027000243,-0.0068441345,-0.0057219747,-0.0,-0.0,0.0
07.071,0.000951728,0.025531722,-0.0045002443,4.4450437e-05,-1.6567731e-06,7.8349085e-06
07.111,-0.0057677897,0.005984036,0.0040518693,0.0,-0.0,-0.0
07.151,-0.002102598,-0.01661798,0.0052735996,-0.0,0.0,0.0
07.171,0.0003408628,-0.018450573,-0.00022418753,-0.0,-0.0,0.0
07.211,-0.00088086765,-0.012341922,0.0022192732,-0.0,0.0,0.0
07.250,-0.0045460593,0.013925284,0.0003866777,0.0,-0.0,-0.0
07.270,-0.001491733,-0.025780957,0.003441004,-4.5073895e-05,2.6081934e-06,-6.015989e-06
07.312,0.0058386503,-0.0098984605,0.008327926,-0.0,-0.0,-0.0
07.351,0.0052277846,0.020644803,0.011382252,-0.0,-0.0,0.0
07.372,-0.00821125,0.060351044,0.0077170604,0.0,-0.0,-0.0
07.410,0.0021734587,0.07440094,-0.0087763015,0.0,-0.0,0.0
07.450,-0.010654712,-0.04105259,-0.009998032,-0.0,-0.0,0.0
07.472,-0.013709038,-0.063043736,-0.0075545707,-0.00027482334,5.975637e-05,3.294035e-05
07.511,-0.007600385,-0.061822005,0.0003866777,-0.0,0.0,0.0
07.551,-0.0045460593,0.023699127,0.0064953305,0.0,-0.0,-0.0
07.571,0.009503841,0.040803358,0.010160522,-0.0,-0.0,0.0
07.612,0.0040060543,0.003540575,0.0003866777,-0.0,-0.0,0.0
07.652,-0.006378655,0.010870959,-0.0020567833,-0.0,0.0,0.0
07.673,-0.001491733,-0.0098984605,-0.0045002443,-7.290606e-06,1.0987078e-06,3.3146105e-06
07.713,-0.001491733,0.007816631,0.003441004,0.0,-0.0,-0.0
07.753,-0.009432982,0.012092688,-0.003889379,-0.0,0.0,0.0
07.772,-0.00821125,-0.030057015,-0.0087763015,-0.0,-0.0,0.0
07.812,-0.011876442,-0.028835284,-0.012441492,-0.0,-0.0,0.0
07.853,-0.025315477,-0.025170092,-0.016106684,-0.0,-0.0,0.0
07.872,-0.02103942,-0.0044006733,-0.017328415,-8.154441e-06,3.8982897e-05,3.2107222e-05
07.913,-0.017985094,0.020644803,-0.011830627,-0.0,0.0,0.0
07.951,-0.00698952,0.023088263,-0.0014459181,-0.0,0.0,0.0
07.973,-0.001491733,0.031640377,-0.00022418753,-0.0,0.0,0.0
08.013,-0.010043846,0.031029511,-0.0032785137,-0.0,0.0,0.0
08.052,0.003395189,0.009038363,-0.0026676485,0.0,-0.0,0.0
08.093,0.011336437,-0.001957212,0.0071061957,-0.0,-0.0,-0.0
08.112,-0.00027000243,-0.009287595,0.0077170604,-0.0,0.0,0.0
08.152,0.0015625934,-0.014174516,0.008327926,-0.0,-0.0,-0.0
08.192,0.0040060543,0.010260093,0.0077170604,-0.0,-0.0,0.0
08.213,0.013169033,0.016368745,0.010771387,2.5933947e-05,-2.0864825e-05,-1.7065575e-05
08.252,0.0027843236,-0.012341922,0.0052735996,-0.0,-0.0,-0.0
08.291,-0.0033243287,-0.001957212,0.0046627345,-0.0,0.0,0.0
08.310,-0.001491733,0.006594901,0.0071061957,0.0,-0.0,-0.0
08.353,0.0003408628,0.039581623,0.0040518693,-0.0,-0.0,0.0
08.391,-0.011876442,-0.0031789427,-0.0008350528,-0.0,-0.0,0.0
08.410,-0.017374229,-0.05510249,-0.00633284,-0.00021493036,6.776623e-05,2.4708785e-05
08.450,-0.013098172,-0.06670893,-0.00633284,-0.0,-0.0,0.0
08.490,-0.0045460593,0.010870959,-0.0014459181,-0.0,0.0,0.0
08.530,0.0015625934,0.014536149,0.010160522,1.736773e-05,-1.8670868e-06,-1.2139742e-05
08.552,0.008282111,0.051188063,0.014436578,-0.0,-0.0,0.0
08.592,0.008282111,-0.0098984605,0.011382252,-0.0,-0.0,-0.0
08.613,0.008282111,-0.036165666,0.005884465,-9.117319e-05,-2.0878386e-05,-1.4835589e-05
08.652,0.0278298,-0.025170092,0.017490905,-0.0,-0.0,-0.0
08.693,0.024775473,0.040803358,0.026653882,-0.0,-0.0,0.0
08.713,0.021721145,0.064627096,0.022377826,-0.0,-0.0,0.0
08.753,0.010114707,0.047522873,0.013825713,-0.0,-0.0,0.0
08.793,0.0003408628,-0.013563652,0.0028301387,-0.0,-0.0,-0.0
08.813,-0.002102598,-0.018450573,-0.0014459181,-2.3062898e-05,2.6281903e-06,1.8074029e-06
08.853,-0.010043846,0.014536149,-0.0075545707,-0.0,0.0,0.0
08.893,-0.017374229,-0.00073548174,-0.0087763015,-0.0,-0.0,0.0
08.933,0.0027843236,0.039581623,-0.006943705,0.0001070012,-7.5258667e-06,1.8771341e-05
08.953,-0.00027000243,0.024309995,-0.009387166,-0.0,0.0,0.0
08.993,-0.02103942,0.01697961,-0.015495819,-0.0,0.0,0.0
09.032,-0.03264586,-0.030667879,-0.013052357,-0.0,-0.0,0.0
09.053,-0.027758937,-0.008065864,-0.0087763015,-0.0,-0.0,0.0
09.093,-0.010654712,-0.042885184,0.0016084082,-0.0,0.0,0.0
09.132,0.011947303,0.030418646,0.0077170604,-0.0,-0.0,0.0
09.153,0.0058386503,0.035305567,0.0009975429,8.4819054e-05,-1.4027036e-05,-2.3959294e-06
09.192,-0.010043846,-0.008065864,-0.0057219747,-0.0,-0.0,0.0
09.231,-0.022872018,-0.039830856,-0.00633284,-0.0,-0.0,0.0
09.251,-0.0057677897,-0.07648277,-0.00511111,-0.0,-0.0,0.0
09.291,0.0046169194,-0.011120191,0.0077170604,-0.0,-0.0,-0.0
09.331,0.01744509,0.05974018,0.008938791,-0.0,-0.0,0.0
09.352,0.0021734587,0.065848835,0.010771387,0.0002950112,-9.744499e-06,-4.8255795e-05
09.392,0.0052277846,0.020033937,-0.003889379,0.0,-0.0,0.0
09.431,0.0052277846,-0.04471778,-0.0087763015,-0.0,-0.0,0.0
09.470,0.023553742,-0.028835284,0.008327926,-7.382942e-05,-6.030533e-05,-2.1324733e-05
09.490,0.025386337,0.0627945,0.016269175,-0.0,-0.0,0.0
09.532,0.04615576,0.16053294,0.022377826,-0.0,-0.0,0.0
09.571,0.01988855,0.029196914,0.0052735996,-0.0,-0.0,0.0
09.591,-0.00698952,-0.04716124,-0.0075545707,-0.0,-0.0,0.0
09.632,-0.017374229,-0.08503489,-0.039319564,-0.0,-0.0,0.0
09.653,-0.016763365,-0.11496729,-0.03993043,-0.0,-0.0,0.0
09.693,-0.011265578,0.04019249,-0.018550145,-0.0,0.0,0.0
09.733,-0.006378655,0.12937881,-0.022826202,-0.0,0.0,0.0
09.773,-0.017985094,0.06157277,-0.023437068,-0.0,0.0,0.0
09.796,-0.03142413,-0.04716124,-0.027102258,-0.0,-0.0,0.0
09.832,-0.005156924,-0.10702603,-0.013052357,-0.0,-0.0,0.0
09.873,0.01622336,-0.06121114,-0.0020567833,-0.0002602614,-6.898073e-05,8.736194e-06
09.893,0.021721145,-0.019672304,0.0016084082,-0.0,-0.0,-0.0
09.932,0.015612493,0.05302066,-0.0032785137,0.0,-0.0,0.0
09.972,-0.006378655,0.07012489,-0.014884953,-0.0,0.0,0.0
09.992,-0.01859596,0.060351044,-0.02160447,-0.0,0.0,0.0
10.034,-0.025315477,-0.039830856,-0.025880527,-0.0,-0.0,0.0
10.073,-0.0027134633,-0.060600277,-0.016106684,-0.0,-0.0,0.0
10.092,-0.006378655,-0.014174516,-0.022826202,-2.6269494e-05,1.1820832e-05,4.2303334e-05
10.133,0.0040060543,0.009038363,-0.016106684,0.0,-0.0,0.0
10.173,-0.008822116,0.009038363,-0.015495819,-0.0,0.0,0.0
10.193,-0.006378655,-0.018450573,-0.015495819,-0.0,-0.0,0.0
10.232,0.0003408628,0.018201342,0.0016084082,-0.0,-0.0,0.0
10.271,0.0070603807,0.058518447,-0.003889379,0.0,-0.0,0.0
10.311,0.0021734587,0.007816631,-0.003889379,0.0,-0.0,0.0
10.334,0.0003408628,0.005984036,-0.0087763015,0.0,-0.0,0.0
10.373,0.0046169194,0.018812206,-0.006943705,0.0,-0.0,0.0
10.411,0.015001629,0.023699127,-0.003889379,4.5035264e-05,-2.8507246e-05,7.391581e-06
10.432,0.010725572,0.027975185,-0.0020567833,0.0,-0.0,0.0
10.470,0.008282111,-0.022115765,-0.00022418753,-0.0,-0.0,0.0
10.510,0.003395189,-0.027613552,-0.0014459181,-0.0,-0.0,0.0
10.531,0.0015625934,-0.012952787,-0.0057219747,-0.0,-0.0,0.0
10.571,0.015612493,0.0023188447,-0.0008350528,0.0,-0.0,0.0
10.612,0.024164608,0.060961906,0.0022192732,0.0002684313,-0.00010640464,-9.757782e-06
10.632,0.010114707,0.038359895,0.0046627345,-0.0,-0.0,0.0
10.672,-0.0027134633,0.00048624873,-0.009387166,-0.0,0.0,0.0
10.713,-0.010654712,0.0017079792,-0.014274088,-0.0,0.0,0.0
10.733,-0.003935194,-0.066098064,-0.009998032,-0.0,-0.0,0.0
10.773,-0.016152497,0.027975185,-0.016106684,-0.0,0.0,0.0
10.813,-0.02103942,0.02614259,-0.016106684,6.5302076e-05,5.2556938e-05,4.0232128e-05
10.833,-0.01981769,-0.0074549993,-0.024047932,-0.0,-0.0,0.0
10.872,-0.02103942,0.016368745,-0.015495819,-0.0,0.0,0.0
10.913,-0.005156924,0.04507941,-0.0087763015,-0.0,0.0,0.0
10.932,-0.010654712,0.0133144185,-0.006943705,-0.0,0.0,0.0
10.973,0.0046169194,-0.012952787,0.005884465,-0.0,-0.0,-0.0
11.012,0.0070603807,0.06218364,0.0040518693,0.00026170997,-2.971702e-05,-1.7049078e-05
11.032,0.0076712454,0.058518447,0.005884465,-0.0,-0.0,0.0
11.073,-0.00698952,0.0151470145,-0.0075545707,-0.0,0.0,0.0
11.113,-0.008822116,-0.06487633,-0.00511111,-0.0,-0.0,0.0
11.133,-0.00698952,-0.036165666,-0.00022418753,-0.0,-0.0,0.0
11.173,0.0046169194,0.005373171,0.010771387,-0.0,-0.0,0.0
11.213,0.008282111,0.025531722,0.003441004,-0.0,-0.0,0.0
11.232,-0.001491733,0.008427497,0.0052735996,5.6854606e-06,1.0063607e-06,-3.557742e-06
11.271,-0.006378655,-0.0044006733,-0.0045002443,-0.0,-0.0,0.0
11.312,-0.015541634,0.006594901,-0.015495819,-0.0,0.0,0.0
11.351,-0.019206826,-0.034943935,-0.018550145,-0.00010313255,5.668281e-05,5.4750475e-05
11.371,-0.014930768,0.0029297096,-0.011830627,-0.0,0.0,0.0
11.412,-0.007600385,0.07379008,-0.003889379,-0.0,0.0,0.0
11.451,0.000951728,0.02858605,-0.003889379,0.0,-0.0,0.0
11.470,-0.00821125,-0.014174516,0.0022192732,-0.0,0.0,0.0
11.511,-0.010043846,-0.039219994,0.0003866777,-0.0,0.0,0.0
11.550,0.000951728,0.0133144185,0.008938791,1.4354244e-05,-1.0261252e-06,-9.636887e-06
11.573,0.0040060543,0.009038363,0.0077170604,-0.0,-0.0,0.0
11.610,-0.001491733,0.018812206,-0.0008350528,-0.0,0.0,0.0
11.650,-0.003935194,0.020033937,0.0009975429,0.0,-0.0,-0.0
11.671,-0.00698952,-0.03188961,0.0016084082,-0.0,0.0,0.0
11.712,0.0027843236,0.040803358,-0.0020567833,0.0,-0.0,0.0
11.750,0.013169033,0.007816631,0.005884465,8.605861e-06,-1.4498793e-05,-6.478581e-06
11.770,0.021721145,0.005984036,0.010160522,-0.0,-0.0,0.0
11.812,0.019277684,0.0365273,0.014436578,-0.0,-0.0,0.0
11.851,0.018055953,0.010870959,0.025432155,-0.0,-0.0,0.0
11.871,0.008892976,-0.0068441345,0.011993118,-0.0,-0.0,-0.0
11.911,0.0046169194,-0.050215565,0.009549656,-0.0,-0.0,-0.0
11.951,0.01622336,-0.029446147,0.010160522,-6.94036e-05,-3.823684e-05,-2.3949184e-05
11.972,0.0052277846,0.054853257,0.008938791,-0.0,-0.0,0.0
12.012,0.0076712454,0.04935547,0.008938791,-0.0,-0.0,0.0
12.052,0.0064495155,0.049966335,0.016269175,-0.0,-0.0,0.0
12.072,0.0058386503,0.018201342,0.013214848,-0.0,-0.0,0.0
12.113,0.0046169194,0.005373171,0.012603983,-0.0,-0.0,0.0
12.152,-0.013098172,-0.03799826,-0.0008350528,-0.0,-0.0,0.0
12.192,-0.007600385,-0.025170092,0.0028301387,-0.0,0.0,0.0
12.213,0.0003408628,0.0023188447,0.011382252,-0.0,-0.0,0.0
12.251,-0.0027134633,0.10005728,0.0077170604,0.0,-0.0,-0.0
12.291,-0.005156924,0.043857682,0.0009975429,0.00013000592,1.5286309e-05,-2.9579774e-06
12.310,-0.009432982,-0.027002687,0.0016084082,-0.0,0.0,0.0
12.353,-0.010043846,-0.04655038,0.005884465,-0.0,0.0,0.0
12.391,0.015612493,-0.001957212,0.011993118,-0.0,-0.0,-0.0
12.413,0.012558168,-0.009287595,0.01688004,-0.0,-0.0,-0.0
12.452,0.0021734587,0.020033937,0.015047443,-0.0,-0.0,0.0
12.490,0.0058386503,0.03897076,0.0077170604,0.000105014435,-1.5734515e-05,-2.0794354e-05
12.510,-0.0027134633,-0.016007112,0.0040518693,-0.0,0.0,0.0
12.550,-0.00821125,0.009649227,0.0071061957,0.0,-0.0,-0.0
12.592,0.010114707,0.0047623054,0.012603983,-0.0,-0.0,0.0
12.612,0.0070603807,0.0133144185,0.008938791,-0.0,-0.0,0.0
12.653,0.010725572,0.043857682,0.009549656,-0.0,-0.0,0.0
12.692,0.0064495155,0.012092688,0.0028301387,1.1356696e-05,-6.057e-06,-2.6578566e-06
12.713,0.0015625934,-0.02394836,0.0016084082,-0.0,-0.0,-0.0
12.752,-0.006378655,0.007816631,0.0064953305,0.0,-0.0,-0.0
12.793,0.011336437,-0.0215049,0.0193235,-0.0,-0.0,-0.0
12.812,0.021721145,0.039581623,0.01810177,-0.0,-0.0,0.0
12.853,0.026608068,0.009038363,0.017490905,-0.0,-0.0,0.0
12.893,0.029662395,-0.00073548174,0.01565831,-1.657099e-06,-6.678424e-05,-3.5254416e-05
12.912,0.010114707,0.013925284,0.010771387,-0.0,-0.0,0.0
12.953,-0.00027000243,-0.006233269,0.0071061957,-0.0,0.0,0.0
12.993,0.0003408628,-0.014785382,0.0040518693,-0.0,-0.0,-0.0
13.013,-0.012487307,-0.03311134,-0.00022418753,-0.0,-0.0,0.0
13.052,0.009503841,0.019423071,0.0028301387,-0.0,-0.0,0.0
13.093,0.0046169194,-0.020283168,0.0028301387,-0.0,-0.0,-0.0
13.133,-0.006378655,0.006594901,-0.0008350528,-0.0,0.0,0.0
13.152,0.003395189,0.0151470145,0.0003866777,-0.0,-0.0,0.0
13.193,-0.00698952,0.038359895,0.0003866777,0.0,-0.0,-0.0
13.233,-0.022872018,-0.0001246165,-0.012441492,-2.1818003e-07,3.996486e-05,2.173934e-05
13.252,-0.014319903,0.0023188447,-0.012441492,-0.0,0.0,0.0
13.292,-0.019206826,-0.05998941,-0.011830627,-0.0,-0.0,0.0
13.332,-0.009432982,-0.077704504,-0.0032785137,-0.0,-0.0,0.0
13.351,-0.00698952,0.005373171,-0.0057219747,-0.0,0.0,0.0
13.391,0.0046169194,0.05302066,-0.0008350528,0.0,-0.0,0.0
13.431,0.010725572,0.032862104,-0.00022418753,7.6235985e-05,-2.4881967e-05,5.210355e-07
13.451,0.012558168,-0.00073548174,-0.0075545707,-0.0,-0.0,0.0
13.491,0.008282111,-0.03311134,0.0022192732,-0.0,-0.0,-0.0
13.531,-0.003935194,0.032862104,-0.00022418753,-0.0,0.0,0.0
13.551,-0.0057677897,-0.020283168,0.0022192732,-0.0,0.0,0.0
13.591,0.000951728,0.0023188447,-0.0045002443,0.0,-0.0,0.0
13.632,0.0076712454,0.018201342,-0.003889379,2.4589672e-05,-1.0363632e-05,5.2545993e-06
13.652,0.0021734587,0.025531722,-0.009998032,0.0,-0.0,0.0
13.693,0.0046169194,-0.04227432,-0.006943705,-0.0,-0.0,0.0
13.733,0.0040060543,0.023699127,-0.003889379,0.0,-0.0,0.0
13.752,0.0015625934,0.00048624873,0.0003866777,-0.0,-0.0,0.0
13.793,0.0052277846,-0.027613552,0.008938791,-0.0,-0.0,-0.0
13.833,0.015001629,0.029196914,0.013825713,6.9788715e-05,-3.5859506e-05,-3.3046315e-05
13.853,0.0278298,0.026753454,0.016269175,-0.0,-0.0,0.0
13.892,0.011336437,-0.0037898081,-0.006943705,-0.0,-0.0,0.0
13.932,0.0015625934,-0.022115765,-0.014884953,-0.0,-0.0,0.0
13.973,-0.0057677897,-0.0001246165,-0.011219762,-1.05530006e-07,4.8833103e-06,9.499235e-06
13.993,-0.008822116,-0.014785382,-0.006943705,-0.0,-0.0,0.0
14.034,0.0046169194,-0.0117310565,0.0052735996,-1.075824e-05,-4.2340243e-06,-4.8362963e-06
14.074,0.0027843236,0.013925284,-0.014274088,0.0,-0.0,0.0
14.091,-0.0057677897,0.0365273,-0.016717548,-0.0,0.0,0.0
14.132,-0.029591534,-0.010509326,-0.026491392,-0.0,-0.0,0.0
14.173,-0.00698952,-0.03311134,-0.017939279,-8.510951e-05,1.7963837e-05,4.6111727e-05
14.193,-0.008822116,-0.020283168,-0.014884953,-0.0,-0.0,0.0
14.231,-0.017374229,0.04935547,-0.011830627,-0.0,0.0,0.0
14.271,0.0003408628,0.019423071,-0.00022418753,0.0,-0.0,0.0
14.291,-0.012487307,0.019423071,-0.00633284,-0.0,0.0,0.0
14.333,-0.014319903,-0.019672304,-0.010608897,-0.0,-0.0,0.0
14.372,0.0003408628,-0.05571335,-0.003889379,-0.00020881477,-1.279083e-06,1.4577339e-05
14.391,0.0027843236,-0.027613552,-0.00022418753,-0.0,-0.0,0.0
14.430,0.012558168,0.0627945,0.009549656,-0.0,-0.0,0.0
14.471,0.0027843236,0.022477398,0.003441004,-0.0,-0.0,0.0
14.511,0.009503841,0.018201342,0.0052735996,2.5894637e-05,-1.3521023e-05,-7.50247e-06
14.530,0.0070603807,-0.024559228,0.0016084082,-0.0,-0.0,-0.0
14.571,0.0058386503,0.017590474,0.0040518693,2.2395838e-05,-7.433716e-06,-5.1586794e-06
14.612,0.019277684,0.006594901,0.010771387,-0.0,-0.0,0.0
14.632,0.003395189,0.046912007,0.005884465,-0.0,-0.0,0.0
14.673,-0.008822116,0.026753454,-0.0020567833,-0.0,0.0,0.0
14.693,-0.007600385,-0.014174516,-0.00511111,-0.0,-0.0,0.0
14.736,-0.016152497,-0.0117310565,-0.00633284,-0.0,-0.0,0.0
14.771,-0.010654712,0.021866532,-0.011830627,3.969205e-05,1.9340925e-05,2.1474641e-05
14.811,-0.01981769,0.043246813,-0.009387166,-0.0,0.0,0.0
14.831,-0.017985094,0.058518447,-0.009998032,-0.0,0.0,0.0
14.871,-0.019206826,0.017590474,-0.017939279,-0.0,0.0,0.0
14.913,-0.015541634,-0.020894036,-0.016717548,-4.3390526e-05,3.2274053e-05,3.4717486e-05
14.933,-0.017374229,-0.008065864,-0.02038274,-0.0,-0.0,0.0
14.972,-0.00027000243,0.02736432,-0.00633284,5.1582014e-05,5.0926513e-07,1.19374545e-05
15.012,0.0052277846,0.023088263,-0.003889379,0.0,-0.0,0.0
15.032,0.010725572,0.020644803,-0.0008350528,0.0,-0.0,0.0
15.071,-0.003935194,0.013925284,-0.009387166,-0.0,0.0,0.0
15.112,-0.0027134633,0.02858605,0.0009975429,5.5118533e-05,5.231943e-06,-1.923568e-06
15.131,-0.00821125,0.02736432,-0.011830627,-0.0,0.0,0.0
15.172,0.0070603807,0.009038363,-0.003889379,0.0,-0.0,0.0
15.212,0.016834226,0.053631525,0.0016084082,-0.0,-0.0,0.0
15.232,0.013169033,0.049966335,0.0009975429,-0.0,-0.0,0.0
15.271,0.018055953,0.03897076,0.013825713,-0.0,-0.0,0.0
15.311,0.008282111,0.043857682,0.010160522,0.00013472537,-2.5443796e-05,-3.1210242e-05
15.334,0.0070603807,0.038359895,0.01688004,-0.0,-0.0,0.0
15.375,0.0021734587,-0.026391823,0.0077170604,-0.0,-0.0,-0.0
15.410,-0.008822116,-0.017839707,-0.0014459181,-0.0,-0.0,0.0
15.451,-0.0045460593,-0.02272663,-0.0026676485,-3.5581743e-05,7.117419e-06,4.176704e-06
15.471,-0.00027000243,-0.022115765,0.0064953305,-0.0,0.0,0.0
15.510,0.008282111,0.033472974,0.0040518693,7.7991645e-05,-1.9297613e-05,-9.4400675e-06
15.550,-0.0057677897,0.033472974,-0.0008350528,-0.0,0.0,0.0
15.571,-0.008822116,-0.013563652,-0.003889379,-0.0,-0.0,0.0
15.612,-0.010043846,-0.031278744,-0.0026676485,-0.0,-0.0,0.0
15.654,-0.012487307,-0.030057015,0.0003866777,-6.565641e-05,2.7277249e-05,-8.437617e-07
15.673,-0.00821125,-0.048993837,-0.0008350528,-0.0,-0.0,0.0
15.713,0.0021734587,-0.001957212,0.008327926,-1.1593446e-06,-1.2874308e-06,-4.9329915e-06
15.753,0.011947303,0.05546412,0.016269175,-0.0,-0.0,0.0
15.772,0.015612493,0.04446855,0.015047443,-0.0,-0.0,0.0
15.813,0.011947303,0.00415144,0.011382252,-0.0,-0.0,0.0
15.852,0.003395189,-0.033722207,0.005884465,-7.78486e-05,-7.83735e-06,-1.3584738e-05
15.873,-0.0027134633,-0.06426547,0.008327926,-0.0,0.0,0.0
15.913,0.000951728,-0.04044172,0.0071061957,-0.000111470115,-2.6221696e-06,-1.9587053e-05
15.953,-0.013098172,0.024920858,-0.0087763015,-0.0,0.0,0.0
15.973,-0.011265578,0.037749026,-0.0032785137,-0.0,0.0,0.0
16.013,-0.012487307,-0.0050115385,-0.0032785137,-0.0,-0.0,0.0
16.052,-0.015541634,0.012703553,-0.009387166,1.8891233e-05,2.3112023e-05,1.3959393e-05
16.073,-0.012487307,0.010870959,-0.0026676485,-0.0,0.0,0.0
16.125,-0.015541634,-0.016007112,-0.0026676485,-2.4137395e-05,2.3435397e-05,4.022867e-06
16.152,-0.024704613,-0.008065864,-0.014884953,-0.0,-0.0,0.0
16.173,-0.029591534,0.006594901,-0.009387166,-0.0,0.0,0.0
16.212,-0.03264586,0.014536149,-0.015495819,-0.0,0.0,0.0
16.251,-0.020428557,0.024309995,-0.006943705,5.3027336e-05,4.4561453e-05,1.5145203e-05
16.291,-0.005156924,0.04813374,-0.00022418753,-0.0,0.0,0.0
16.312,-0.010043846,0.016368745,-0.0014459181,-0.0,0.0,0.0
16.352,-0.017985094,-0.019061439,0.0064953305,-0.0,0.0,0.0
16.374,-0.01859596,-0.05204816,-0.0014459181,-0.0,-0.0,0.0
16.413,-0.014319903,0.009038363,0.0022192732,0.0,-0.0,-0.0
16.451,-0.002102598,-0.001957212,0.014436578,-1.9333486e-06,2.0769917e-06,-1.4260666e-05
16.492,0.0064495155,0.048744604,0.014436578,-0.0,-0.0,0.0
16.512,0.0046169194,0.003540575,0.0193235,-0.0,-0.0,0.0
16.551,-0.0033243287,-0.034943935,0.0071061957,-0.0,0.0,0.0
16.592,-0.002102598,-0.0098984605,0.0028301387,-6.9799426e-06,1.4826634e-06,-1.9956797e-06
16.613,0.0052277846,-0.025170092,0.0028301387,-0.0,-0.0,-0.0
16.653,0.0052277846,0.033472974,0.005884465,7.724226e-05,-1.2064176e-05,-1.3578543e-05
16.694,0.0040060543,0.020033937,0.0016084082,-0.0,-0.0,0.0
16.714,0.0064495155,0.043857682,0.0009975429,-0.0,-0.0,0.0
16.754,0.0040060543,0.032862104,0.0009975429,-0.0,-0.0,0.0
16.793,-0.00698952,-0.011120191,-0.006943705,-1.1087174e-05,6.9687135e-06,6.9231114e-06
16.814,-0.00821125,-0.025780957,-0.009387166,-0.0,-0.0,0.0
16.855,-0.0033243287,-0.0074549993,-0.003889379,-4.523619e-06,2.017163e-06,2.3600396e-06
16.894,0.000951728,0.008427497,-0.0014459181,0.0,-0.0,0.0
16.914,-0.00088086765,0.045690276,-0.0032785137,-0.0,0.0,0.0
16.953,-0.005156924,0.018812206,-0.003889379,-0.0,0.0,0.0
16.994,0.0015625934,-0.0050115385,-0.003889379,-2.1972821e-06,-6.851128e-07,1.7052772e-06
17.013,0.0046169194,0.005984036,0.0016084082,-0.0,-0.0,0.0
17.053,0.011947303,-0.0074549993,0.0016084082,-7.091206e-06,-1.1364274e-05,-1.5299586e-06
17.094,-0.00027000243,0.005373171,-0.00022418753,-0.0,0.0,0.0
17.113,0.0003408628,-0.025170092,0.003441004,-0.0,-0.0,-0.0
17.154,0.0040060543,-0.0025680775,-0.0045002443,-0.0,-0.0,0.0
17.194,-0.00027000243,0.001097114,-0.0026676485,2.1329852e-07,5.249335e-08,5.186385e-07
17.214,0.0070603807,-0.020894036,0.0016084082,-0.0,-0.0,-0.0
17.252,0.0070603807,0.017590474,-0.00022418753,2.2376931e-05,-8.981541e-06,2.8529055e-07
17.291,0.015001629,0.024309995,0.013214848,-0.0,-0.0,0.0
17.334,0.0027843236,0.014536149,0.003441004,1.4822931e-05,-2.8392822e-06,-3.508871e-06
17.351,0.0046169194,-0.0098984605,0.003441004,-0.0,-0.0,-0.0
17.392,-0.010043846,-0.024559228,-0.009387166,-4.6387453e-05,1.8970331e-05,1.773085e-05
17.432,-0.010043846,-0.044106916,-0.011830627,-0.0,-0.0,0.0
17.452,-0.0057677897,-0.060600277,-0.009998032,-0.0,-0.0,0.0
17.492,0.000951728,0.009649227,-0.0020567833,0.0,-0.0,0.0
17.531,-0.006378655,0.04019249,-0.00511111,0.0001106289,1.7557899e-05,1.4067256e-05
17.552,-0.0057677897,0.022477398,-0.0075545707,-0.0,0.0,0.0
17.594,-0.008822116,-0.016007112,-0.0045002443,-2.0220174e-05,1.1144017e-05,5.68481e-06
17.633,0.0058386503,0.005373171,0.0064953305,-0.0,-0.0,0.0
17.653,0.0064495155,-0.011120191,0.0016084082,-0.0,-0.0,-0.0
17.695,0.010114707,-0.032500472,0.0046627345,-0.0,-0.0,-0.0
17.734,0.021110281,-0.006233269,0.017490905,-1.1761192e-05,-3.9829338e-05,-3.3000953e-05
17.757,0.01866682,0.047522873,0.009549656,-0.0,-0.0,0.0
17.794,-0.00027000243,0.032862104,-0.0057219747,7.35648e-05,6.048962e-07,1.2809139e-05
17.834,-0.007600385,-0.014785382,-0.00633284,-0.0,-0.0,0.0
17.854,-0.012487307,-0.03799826,-0.011830627,-0.0,-0.0,0.0
17.893,-0.014319903,-0.013563652,-0.013052357,-0.0,-0.0,0.0
17.935,-0.007600385,0.02736432,-0.014274088,5.8370326e-05,1.62132e-05,3.044745e-05
17.953,-0.00821125,-0.001957212,-0.011219762,-0.0,-0.0,0.0
17.993,-0.0027134633,0.04141422,-0.0075545707,0.00011724283,7.683018e-06,2.1386402e-05
18.034,-0.003935194,0.0047623054,-0.00022418753,-0.0,0.0,0.0
18.053,0.000951728,-0.030057015,0.0046627345,-0.0,-0.0,-0.0
18.094,0.0052277846,-0.025780957,0.0040518693,-0.0,-0.0,-0.0
18.132,0.0040060543,0.060351044,0.0071061957,0.00024664906,-1.6375965e-05,-2.9040364e-05
18.174,-0.003935194,0.029807782,0.0040518693,0.0,-0.0,-0.0
18.193,-0.016763365,0.04507941,-0.0008350528,0.00014552103,5.411411e-05,2.6917012e-06
18.233,-0.01859596,0.033472974,-0.00022418753,-0.0,0.0,0.0
18.272,0.0015625934,-0.037387397,0.010771387,-9.770007e-05,-4.081963e-06,-2.8147777e-05
18.293,0.0027843236,-0.011120191,0.014436578,-0.0,-0.0,-0.0
18.334,0.0076712454,-0.00867673,0.01565831,-1.1340717e-05,-1.0026314e-05,-2.0465697e-05
18.373,0.0040060543,-0.015396248,0.0077170604,-0.0,-0.0,-0.0
18.391,0.010114707,0.05302066,0.009549656,-0.0,-0.0,0.0
18.432,-0.0027134633,-0.018450573,0.005884465,-0.0,0.0,0.0
18.472,-0.011876442,-0.014785382,0.0028301387,-1.902563e-05,1.5282501e-05,-3.6416443e-06
18.491,-0.005156924,0.008427497,0.0046627345,0.0,-0.0,-0.0
18.532,-0.010043846,-0.022115765,-0.00511111,-3.68393e-05,1.6730333e-05,8.5141155e-06
18.571,-0.003935194,-0.04227432,0.0028301387,-0.0,0.0,0.0
18.592,-0.0027134633,0.01697961,-0.0008350528,-0.0,0.0,0.0
18.634,-0.0027134633,0.0346947,0.0009975429,0.0,-0.0,-0.0
18.673,-0.00698952,0.0133144185,0.0022192732,1.3581803e-05,7.129866e-06,-2.2638885e-06
18.694,0.000951728,0.020033937,0.003441004,-0.0,-0.0,0.0
18.733,-0.002102598,0.020644803,-0.0026676485,2.8986855e-05,2.9522607e-06,3.745537e-06
18.774,-0.009432982,-0.054491624,-0.012441492,-0.0,-0.0,0.0
18.794,-0.016152497,-0.053269893,-0.013663223,-0.0,-0.0,0.0
18.834,-0.0057677897,-0.027002687,-0.0026676485,-0.0,-0.0,0.0
18.874,-0.006378655,0.020644803,0.0003866777,2.9941233e-05,9.250978e-06,-5.609386e-07
18.894,-0.005156924,0.04019249,-0.0014459181,-0.0,0.0,0.0
18.933,-0.010043846,-0.014174516,-0.0014459181,-1.6582266e-05,1.1749922e-05,1.6916251e-06
18.973,-0.005156924,-0.05082643,-0.0032785137,-0.0,-0.0,0.0
18.996,-0.003935194,-0.0215049,-0.00022418753,-0.0,-0.0,0.0
19.034,0.0070603807,0.0047623054,0.0009975429,-0.0,-0.0,0.0
19.073,0.003395189,-0.0031789427,0.0040518693,-1.3159637e-06,-1.4054792e-06,-1.6773221e-06
19.114,0.011336437,0.003540575,0.009549656,-0.0,-0.0,0.0
19.134,0.010725572,-0.0031789427,0.011382252,-3.4047503e-06,-1.14871755e-05,-1.2190528e-05
19.172,0.020499416,0.0133144185,0.012603983,-0.0,-0.0,0.0
19.213,0.014390763,-0.014174516,0.008938791,-2.1011743e-05,-2.1332015e-05,-1.3250645e-05
19.233,0.003395189,-0.039219994,0.0064953305,-0.0,-0.0,-0.0
19.271,-0.001491733,-0.029446147,0.0040518693,-5.8810638e-05,2.979568e-06,-8.0924165e-06
19.312,0.003395189,-0.012952787,0.010771387,-0.0,-0.0,-0.0
19.333,0.0076712454,-0.008065864,0.011382252,-0.0,-0.0,-0.0
19.372,-0.00088086765,-0.006233269,0.008327926,-0.0,0.0,0.0
19.411,-0.005156924,0.003540575,0.0022192732,1.5770671e-06,2.2970298e-06,-9.885249e-07
19.437,-0.008822116,0.014536149,-0.003889379,-0.0,0.0,0.0
19.472,-0.012487307,-0.02272663,-0.0075545707,-4.1193645e-05,2.263377e-05,1.3693615e-05
19.511,-0.011876442,-0.053880755,-0.0020567833,-0.0,-0.0,0.0
19.532,-0.013709038,-0.019061439,-0.0032785137,-0.0,-0.0,0.0
19.572,-0.012487307,0.054853257,0.0003866777,0.0,-0.0,-0.0
19.611,-0.010043846,0.0346947,-0.009998032,8.725923e-05,2.5262058e-05,2.514463e-05
19.650,-0.008822116,-0.07281758,-0.009998032,-0.0,-0.0,0.0
19.673,-0.002102598,-0.04655038,-0.0008350528,-0.00014559213,6.575948e-06,2.6122107e-06
19.712,0.003395189,-0.06121114,0.0028301387,-0.0,-0.0,-0.0
19.734,0.010114707,-0.020894036,0.012603983,-0.0,-0.0,-0.0
19.773,0.024164608,0.07501181,0.027264748,-0.0,-0.0,0.0
19.813,0.015001629,0.06829229,0.01810177,0.00033100744,-7.272696e-05,-8.7726694e-05
19.854,0.0040060543,-0.0044006733,0.0071061957,-0.0,-0.0,-0.0
19.873,-0.001491733,-0.010509326,0.0009975429,-7.5191806e-06,1.0673033e-06,-7.1371494e-07
19.913,-0.011876442,-0.028835284,-0.011219762,-0.0,-0.0,0.0
19.954,-0.007600385,0.037749026,-0.008165436,9.971719e-05,2.0078169e-05,2.1568723e-05
19.974,-0.008822116,0.018201342,-0.0075545707,-0.0,0.0,0.0
20.013,-0.0027134633,0.051798932,-0.0026676485,0.00018054654,9.458689e-06,9.297307e-06
20.053,-0.014930768,0.03897076,-0.0057219747,-0.0,0.0,0.0
20.073,-0.013709038,0.019423071,-0.011219762,3.426554e-05,2.4185538e-05,1.9793257e-05
20.113,-0.010654712,0.0151470145,-0.0026676485,-0.0,0.0,0.0
20.153,-0.001491733,0.018812206,0.005884465,2.4955702e-05,1.97879e-06,-7.806175e-06
20.172,-0.002102598,-0.020283168,0.0077170604,-0.0,0.0,0.0
20.213,0.0040060543,0.03225124,0.008327926,7.261173e-05,-9.020082e-06,-1.874952e-05
20.252,-0.003935194,0.029807782,0.003441004,0.0,-0.0,-0.0
20.273,-0.0057677897,0.037138164,0.0003866777,9.367392e-05,1.4548101e-05,-9.76002e-07
20.312,-0.015541634,0.0017079792,-0.011830627,-0.0,0.0,0.0
20.352,-0.016763365,-0.0056224037,-0.010608897,-7.780238e-06,2.3196448e-05,1.4680276e-05
20.373,-0.020428557,-0.053880755,-0.008165436,-0.0,-0.0,0.0
20.412,-0.008822116,-0.0068441345,0.0003866777,-5.1314823e-06,6.614503e-06,-2.8989993e-07
20.452,-0.006378655,0.012703553,-0.0087763015,-0.0,0.0,0.0
20.492,-0.015541634,0.0151470145,-0.009998032,2.4288269e-05,2.492144e-05,1.6031694e-05
20.512,-0.014930768,-0.027002687,-0.0045002443,-0.0,-0.0,0.0
20.552,-0.011876442,-0.0098984605,-0.003889379,-1.0590081e-05,1.2706212e-05,4.1611925e-06
20.573,-0.007600385,-0.0001246165,-0.00022418753,-0.0,-0.0,0.0
20.613,0.0046169194,-0.012952787,0.003441004,-1.2321595e-05,-4.3919135e-06,-3.2733483e-06
20.654,0.0027843236,0.00048624873,-0.0020567833,0.0,-0.0,0.0
20.674,0.000951728,0.03225124,-0.010608897,0.0,-0.0,0.0
20.713,-0.007600385,-0.009287595,-0.010608897,-0.0,-0.0,0.0
20.754,-0.011876442,-0.0098984605,-0.009998032,-1.2230496e-05,1.4674297e-05,1.2353525e-05
20.794,-0.001491733,0.035916433,0.0003866777,0.0,-0.0,-0.0
20.813,-0.015541634,0.07684441,-0.010608897,0.0004079862,8.252638e-05,5.6308774e-05
20.854,-0.025926342,-0.012341922,-0.015495819,-0.0,-0.0,0.0
20.894,-0.01981769,-0.07098498,-0.014274088,-0.00035760994,9.982421e-05,7.19275e-05
20.914,-0.020428557,-0.03311134,-0.011830627,-0.0,-0.0,0.0
20.953,-0.006378655,-0.009287595,-0.00633284,-8.055808e-06,5.53264e-06,5.492946e-06
20.994,-0.001491733,-0.0117310565,-0.0057219747,-0.0,-0.0,0.0
21.013,0.0021734587,-0.0056224037,0.0009975429,-2.3053321e-06,-8.911742e-07,-4.0901955e-07
21.054,0.0064495155,0.021866532,0.0003866777,-0.0,-0.0,0.0
21.093,-0.010654712,0.0047623054,-0.011219762,5.173836e-06,1.1575619e-05,1.21894445e-05
21.114,-0.013098172,-0.01661798,-0.0057219747,-0.0,-0.0,0.0
21.154,-0.011876442,-0.052659027,-0.0045002443,-0.0001914269,4.3171778e-05,1.636346e-05
21.193,-0.005156924,0.02614259,-0.0020567833,-0.0,0.0,0.0
21.213,0.013779899,0.00415144,0.0009975429,4.0191085e-06,-1.3340673e-05,-9.657199e-07
21.252,0.010114707,0.023699127,0.0016084082,-0.0,-0.0,0.0
21.292,0.0003408628,0.019423071,-0.0008350528,2.5344476e-05,-4.4476596e-07,1.0896365e-06
21.312,0.0052277846,-0.02394836,0.0052735996,-0.0,-0.0,-0.0
21.355,0.015612493,0.031029511,0.010160522,7.536278e-05,-3.7919937e-05,-2.4676043e-05
21.393,0.01744509,0.037749026,0.01688004,-0.0,-0.0,0.0
21.432,0.015001629,0.020033937,0.008327926,3.546287e-05,-2.6555388e-05,-1.4741202e-05
21.452,0.0040060543,0.03897076,-0.0020567833,0.0,-0.0,0.0
21.491,-0.0033243287,0.012092688,-0.00633284,1.1401551e-05,3.1343686e-06,5.9708836e-06
21.532,-0.013098172,0.009038363,-0.008165436,-0.0,0.0,0.0
21.553,-0.013098172,0.046301145,-0.012441492,0.00015442933,4.3690117e-05,4.149328e-05
21.593,-0.010654712,0.020033937,-0.012441492,-0.0,0.0,0.0
21.633,-0.0057677897,-0.0068441345,-0.011219762,-6.592136e-06,5.555361e-06,1.0806624e-05
21.653,-0.00698952,0.014536149,-0.012441492,-0.0,0.0,0.0
21.694,0.0021734587,-0.00073548174,-0.006943705,-3.6094815e-07,-1.0666618e-06,3.4077393e-06
21.733,-0.0057677897,-0.0037898081,-0.0075545707,-0.0,-0.0,0.0
21.755,-0.006378655,0.0047623054,-0.0075545707,3.5073397e-06,4.6977743e-06,5.563798e-06
21.794,-0.0027134633,-0.00867673,0.003441004,-0.0,0.0,0.0
21.833,-0.005156924,0.001097114,-0.00022418753,3.8853204e-07,1.826274e-06,7.939346e-08
21.853,-0.007600385,-0.015396248,-0.0057219747,-0.0,-0.0,0.0
21.894,-0.012487307,-0.017839707,-0.015495819,-3.1997384e-05,2.2396633e-05,2.7793463e-05
21.933,-0.014319903,-0.07220672,-0.013052357,-0.0,-0.0,0.0
21.953,-0.015541634,-0.04593951,-0.010608897,-0.00015305061,5.1774998e-05,3.5348014e-05
21.993,0.000951728,0.0047623054,-0.00022418753,0.0,-0.0,0.0
22.033,0.0046169194,-0.0068441345,0.0046627345,-4.3548857e-06,-2.9377113e-06,-2.9668759e-06
22.056,0.0052277846,-0.016007112,0.012603983,-0.0,-0.0,-0.0
22.092,0.021721145,-0.04471778,0.014436578,-0.00015535457,-7.545688e-05,-5.015954e-05
22.135,0.025997205,-0.04471778,0.01688004,-0.0,-0.0,-0.0
22.152,0.03271672,0.0029297096,0.0193235,7.4906916e-06,-8.36735e-05,-4.941972e-05
22.191,0.03149499,-0.06426547,0.027875613,-0.0,-0.0,-0.0
22.232,0.024775473,0.051798932,0.0193235,0.00021059357,-0.00010073725,-7.8552424e-05
22.253,0.025386337,-0.017228844,0.027264748,-0.0,-0.0,-0.0
22.291,0.029662395,0.030418646,0.02970821,0.000105825355,-0.000103205064,-0.00010335353
22.333,0.01988855,0.058518447,0.01565831,-0.0,-0.0,0.0
22.374,0.024775473,0.023699127,0.012603983,5.809475e-05,-6.0735125e-05,-3.089545e-05
22.393,0.0046169194,0.0133144185,0.0046627345,-0.0,-0.0,0.0
22.434,0.000951728,0.009038363,-0.003889379,5.9961517e-06,-6.3137924e-07,2.5802594e-06
22.474,0.000951728,-0.04593951,-0.0014459181,-0.0,-0.0,0.0
22.495,-0.003935194,-0.022115765,-0.006943705,-3.489548e-05,6.2089707e-06,1.0956261e-05
22.533,0.0070603807,0.043246813,-0.0057219747,0.0,-0.0,0.0
22.574,-0.00698952,0.060961906,-0.014884953,0.0002583129,2.962483e-05,6.306817e-05
22.593,-0.016152497,0.051188063,-0.016717548,-0.0,0.0,0.0
22.634,-0.011876442,0.051188063,-0.017328415,0.00019007036,4.4105782e-05,6.433977e-05
22.674,-0.010043846,0.06218364,-0.020993607,-0.0,0.0,0.0
22.694,-0.00698952,0.0151470145,-0.006943705,1.8367407e-05,8.475649e-06,8.419937e-06
22.735,0.0027843236,0.007205766,0.0028301387,-0.0,-0.0,0.0
22.774,0.0076712454,-0.02272663,0.0071061957,-3.8154805e-05,-1.2878685e-05,-1.19305205e-05
22.795,0.015612493,-0.0056224037,0.009549656,-0.0,-0.0,-0.0
22.835,0.010725572,0.018812206,0.0077170604,2.9022602e-05,-1.6547145e-05,-1.1905325e-05
22.874,0.008282111,0.02614259,0.005884465,-0.0,-0.0,0.0
22.894,0.003395189,0.0346947,-0.0032785137,8.152441e-05,-7.977582e-06,7.704061e-06
22.935,-0.013709038,-0.023337496,-0.008165436,-0.0,-0.0,0.0
22.975,-0.003935194,-0.017839707,-0.013052357,-2.6879976e-05,5.929076e-06,1.9666675e-05
22.994,-0.015541634,-0.067319795,0.005884465,-0.0,0.0,0.0
23.035,-0.00698952,0.067681424,-0.012441492,0.0003141674,3.2453514e-05,5.7746685e-05
23.075,-0.027148074,0.04446855,-0.0368761,-0.0,0.0,0.0
23.095,-0.009432982,-0.13695844,-0.030156584,-0.0012918622,8.879209e-05,0.000284507
23.133,-0.020428557,-0.024559228,-0.022826202,-0.0,-0.0,0.0
23.175,0.003395189,0.05974018,0.005884465,0.00024104695,-1.37021925e-05,-2.374172e-05
23.194,0.022332013,0.07501181,0.01565831,-0.0,-0.0,0.0
23.233,0.03027326,0.04263595,0.0009975429,0.00014964287,-0.000106252926,-3.493212e-06
23.272,0.038825374,-0.029446147,0.008938791,-0.0,-0.0,-0.0
23.312,0.029662395,-0.028224418,0.0046627345,-0.0,-0.0,-0.0
23.333,0.033327587,-0.017228844,0.021156095,-0.0,-0.0,-0.0
23.373,0.0003408628,0.020644803,0.0077170604,3.053891e-05,-5.043971e-07,-1.1415488e-05
23.412,-0.0045460593,0.0029297096,0.0003866777,0.0,-0.0,-0.0
23.432,-0.0045460593,0.032862104,0.0028301387,7.342795e-05,1.0157599e-05,-6.324107e-06
23.472,0.010725572,0.10983113,0.0016084082,-0.0,-0.0,0.0
23.512,0.003395189,0.07134662,-0.015495819,0.0,-0.0,0.0
23.534,-0.003935194,0.05546412,-0.024658797,-0.0,0.0,0.0
23.574,-0.012487307,-0.12229767,-0.041763023,-0.0010655854,0.0001086066,0.00036393438
23.614,-0.025926342,-0.09847392,-0.039319564,-0.0,-0.0,0.0
23.635,-0.020428557,-0.032500472,-0.031378314,-0.00010814141,6.796569e-05,0.00010440781
23.673,-0.005156924,0.007205766,-0.013663223,-0.0,0.0,0.0
23.714,-0.00088086765,0.07134662,-0.0014459181,0.00034170176,4.2199404e-06,6.9242437e-06
23.734,0.0040060543,0.039581623,0.008327926,-0.0,-0.0,0.0
23.774,-0.0033243287,-0.0117310565,-0.0026676485,-9.826077e-06,2.784487e-06,2.2344682e-06
23.814,0.0052277846,-0.014785382,-0.0014459181,-0.0,-0.0,0.0
23.834,-0.007600385,-0.03311134,-0.009387166,-7.831791e-05,1.79762e-05,2.2204016e-05
23.874,0.035771046,-0.09419786,0.030319074,-0.0,-0.0,-0.0
23.915,0.0559296,-0.056324217,0.0333734,-0.00032549925,-0.0003231564,-0.00019289996
23.935,0.07914248,0.0151470145,0.05658628,-0.0,-0.0,0.0
23.974,0.06814691,0.05302066,0.05169936,0.00035800284,-0.0004603031,-0.00034907716
24.014,0.077309884,0.032862104,0.05292109,-0.0,-0.0,0.0
24.035,0.07792074,0.030418646,0.057197146,0.00020675329,-0.0005299257,-0.0003889038
24.074,0.06448171,0.119604975,0.05902974,-0.0,-0.0,0.0
24.115,0.038825374,0.100668155,0.008938791,0.0007313956,-0.00028210957,-6.484165e-05
24.154,-0.010654712,-0.019061439,-0.03321091,-0.0,-0.0,0.0
24.174,-0.06257826,-0.03433307,-0.058867253,-0.00021324315,0.000388506,0.00036554495
24.214,-0.06746518,-0.17238861,-0.055812925,-0.0,-0.0,0.0
24.253,-0.0845694,0.0133144185,-0.067419365,-0.0,0.0,0.0
24.273,-0.0845694,0.027975185,-0.06925196,-0.0,0.0,0.0
24.312,-0.086402,0.029196914,-0.08452359,0.00024338358,0.0007210797,0.0007052315
24.356,-0.09312152,-0.036165666,-0.08452359,-0.0,-0.0,0.0
24.373,-0.09617584,-0.0355548,-0.08024754,-0.00031096782,0.00084026274,0.00070132304
24.412,-0.05952393,0.027975185,-0.055812925,-0.0,0.0,0.0
24.453,-0.021650286,-0.01661798,-0.02160447,-0.0,-0.0,0.0
24.473,-0.015541634,-0.15284093,-0.022215337,-0.0,-0.0,0.0
24.514,0.022332013,-0.19560151,0.022377826,-0.0026008736,-0.00029655185,-0.00029793417
24.554,0.078531615,0.048744604,0.060862336,-0.0,-0.0,0.0
24.573,0.08525113,0.078677,0.07002532,0.0007151951,-0.0007754507,-0.00063649134
24.613,0.08952719,0.1086094,0.0755231,-0.0,-0.0,0.0
24.653,0.035771046,-0.027002687,0.0333734,-0.00010126815,-0.00013413467,-0.00012515664
24.674,0.025386337,-0.030057015,0.015047443,-0.0,-0.0,-0.0
24.715,0.013169033,-0.1302389,0.003441004,-0.0011444988,-0.00011570785,-3.0304642e-05
24.754,0.013169033,-0.030667879,0.0016084082,-0.0,-0.0,-0.0
24.775,0.012558168,0.08906171,0.0022192732,0.0005377322,-7.582674e-05,-1.3379041e-05
24.814,0.0046169194,0.13976352,-0.010608897,0.0,-0.0,0.0
24.854,-0.01859596,0.10127901,-0.02038274,0.00071343646,0.00013104785,0.00014353663
24.875,-0.038143646,0.001097114,-0.033821777,-0.0,0.0,0.0
24.914,-0.03386759,-0.062432874,-0.03076745,-0.0003243234,0.00017590025,0.00015985093
24.954,-0.028369805,-0.053269893,-0.03076745,-0.0,-0.0,0.0
24.975,-0.02226115,-0.014785382,-0.025880527,-3.691443e-05,5.557516e-05,6.461338e-05
25.015,0.0003408628,0.021866532,-0.009998032,0.0,-0.0,0.0
25.055,-0.0033243287,0.06645969,-0.014884953,0.00030411594,1.522233e-05,6.811054e-05
25.095,-0.017374229,0.05546412,-0.017939279,-0.0,0.0,0.0
25.114,-0.021650286,-0.0044006733,-0.013052357,-7.578602e-06,3.7282807e-05,2.2476965e-05
25.154,-0.00698952,-0.017839707,-0.0087763015,-0.0,-0.0,0.0
25.194,0.0003408628,-0.0068441345,-0.00633284,-0.0,-0.0,0.0
25.214,0.0052277846,0.0151470145,-0.00022418753,0.0,-0.0,0.0
25.252,0.010114707,0.032862104,-0.0032785137,7.61712e-05,-2.3444605e-05,7.6001643e-06
25.292,0.009503841,0.02614259,0.010771387,-0.0,-0.0,0.0
25.313,0.003395189,0.011481823,0.0071061957,1.0728318e-05,-3.1724153e-06,-6.6398347e-06
25.354,0.000951728,0.010870959,0.0009975429,-0.0,-0.0,0.0
25.392,0.0021734587,-0.0025680775,0.003441004,-0.0,-0.0,-0.0
25.412,-0.0057677897,-0.014174516,0.003441004,-0.0,0.0,0.0
25.453,0.0076712454,0.009649227,0.011993118,1.1136841e-05,-8.854041e-06,-1.3842114e-05
25.493,0.0046169194,0.04935547,0.011993118,-0.0,-0.0,0.0
25.512,-0.011876442,0.007816631,0.011382252,9.553888e-06,1.45157765e-05,-1.3911895e-05
25.553,-0.030813266,-0.014785382,-0.0014459181,-0.0,-0.0,0.0
25.594,-0.026537208,-0.014785382,0.011993118,-3.24053e-05,5.8163714e-05,-2.6285137e-05
25.615,-0.02226115,-0.0044006733,0.016269175,-0.0,0.0,0.0
25.654,-0.027148074,-0.019061439,0.012603983,-4.5391662e-05,6.465072e-05,-3.0013474e-05
25.694,-0.021650286,0.0017079792,0.010160522,0.0,-0.0,-0.0
25.714,-0.025315477,-0.04227432,0.01565831,-0.00014667706,8.784124e-05,-5.4323285e-05
25.754,-0.035700187,-0.014785382,0.008327926,-0.0,0.0,0.0
25.795,-0.017985094,-0.033722207,0.0193235,-9.691573e-05,5.1691608e-05,-5.553297e-05
25.834,-0.02103942,-0.047772106,0.013214848,-0.0,0.0,0.0
25.855,-0.011876442,-0.047772106,0.014436578,-0.00016446135,4.089045e-05,-4.9696646e-05
25.894,-0.00698952,-0.028224418,0.021156095,-0.0,0.0,0.0
25.934,-0.0033243287,-0.0037898081,0.029097343,-0.0,0.0,0.0
25.954,-0.001491733,-0.0044006733,0.029097343,-0.0,0.0,0.0
25.994,0.0027843236,0.00415144,0.024821287,7.053903e-06,-4.731188e-06,-4.2175572e-05
26.033,0.0027843236,-0.018450573,0.025432155,-0.0,-0.0,-0.0
26.055,0.0064495155,0.0023188447,0.021766962,3.551042e-06,-9.877203e-06,-3.333511e-05
26.096,-0.007600385,-0.023337496,0.008938791,-0.0,0.0,0.0
26.135,-0.0045460593,-0.042885184,0.0077170604,-0.0,0.0,0.0
26.155,-0.00088086765,-0.0044006733,0.0077170604,-0.0,0.0,0.0
26.195,-0.009432982,0.046912007,-0.0008350528,0.00015066766,3.0296193e-05,2.6796642e-06
26.233,-0.015541634,0.007816631,-0.0045002443,-0.0,0.0,0.0
26.253,-0.022872018,0.012092688,-0.00633284,2.1615437e-05,4.088383e-05,1.1319503e-05
26.292,-0.0302024,0.018812206,-0.009387166,-0.0,0.0,0.0
26.334,-0.019206826,-0.0031789427,-0.00511111,-0.0,-0.0,0.0
26.353,-0.010043846,0.016368745,-0.0045002443,-0.0,0.0,0.0
26.392,-0.00088086765,0.023088263,0.0022192732,3.5964356e-05,1.3720564e-06,-3.4569641e-06
26.433,-0.008822116,0.0017079792,-0.0020567833,-0.0,0.0,0.0
26.454,-0.0057677897,-0.020283168,0.0028301387,-2.8960952e-05,8.235496e-06,-4.0408454e-06
26.492,-0.016763365,0.011481823,-0.003889379,-0.0,0.0,0.0
26.532,-0.014930768,-0.032500472,-0.011830627,-0.0,-0.0,0.0
26.574,0.000951728,-0.020283168,-0.009387166,-0.0,-0.0,0.0
26.594,0.0046169194,0.02614259,-0.0087763015,4.905346e-05,-8.662683e-06,1.6467873e-05
26.634,-0.008822116,0.08112046,-0.012441492,-0.0,0.0,0.0
26.674,-0.00698952,0.003540575,-0.014274088,-0.0,0.0,0.0
26.694,-0.002102598,-0.031278744,-0.013052357,-0.0,-0.0,0.0
26.734,0.0058386503,-0.0117310565,-0.00511111,-1.1072955e-05,-5.511141e-06,4.824357e-06
26.774,0.014390763,0.03225124,-0.0020567833,0.0,-0.0,0.0
26.795,0.008282111,0.0346947,-0.00633284,8.434899e-05,-2.01346e-05,1.5397081e-05
26.834,0.000951728,0.04935547,-0.00511111,0.0,-0.0,0.0
26.874,-0.010654712,0.023088263,-0.013052357,-0.0,0.0,0.0
26.895,-0.016152497,-0.0013463469,-0.014274088,-0.0,-0.0,0.0
26.934,-0.00698952,-0.020894036,-0.017328415,-3.9303333e-05,1.3147129e-05,3.25962e-05
26.975,-0.0033243287,-0.0068441345,-0.016106684,-0.0,-0.0,0.0
26.995,-0.005156924,0.02614259,-0.014884953,5.3547526e-05,1.0563709e-05,3.0488467e-05
27.035,-0.0027134633,0.035305567,-0.008165436,-0.0,0.0,0.0
27.074,-0.0057677897,0.025531722,-0.013052357,-0.0,0.0,0.0
27.094,-0.011876442,0.037749026,-0.014274088,-0.0,0.0,0.0
27.135,-0.0045460593,-0.014785382,-0.012441492,-1.9696872e-05,6.0560155e-06,1.6574393e-05
27.173,-0.002102598,-0.014785382,-0.018550145,-0.0,-0.0,0.0
27.194,-0.00088086765,-0.0068441345,-0.014274088,-7.282048e-06,9.371726e-07,1.5187386e-05
27.234,0.0021734587,0.0017079792,0.0016084082,-0.0,-0.0,0.0
27.273,-0.00698952,-0.012952787,-0.009998032,-0.0,-0.0,0.0
27.312,-0.00821125,-0.037387397,-0.0014459181,-0.0,-0.0,0.0
27.335,-0.00027000243,-0.016007112,0.0009975429,-1.7230941e-05,2.9065484e-07,-1.0738079e-06
27.373,-0.0033243287,0.035305567,-0.013052357,-0.0,0.0,0.0
27.413,0.0040060543,-0.0037898081,-0.00511111,-0.0,-0.0,0.0
27.432,0.0058386503,-0.0013463469,-0.0020567833,-0.0,-0.0,0.0
27.472,-0.006378655,0.025531722,-0.00633284,-0.0,0.0,0.0
27.512,-0.0045460593,0.003540575,-0.010608897,-0.0,0.0,0.0
27.533,-0.0027134633,-0.010509326,-0.00633284,-8.862677e-06,2.28828e-06,5.3405874e-06
27.574,-0.011876442,-0.050215565,-0.023437068,-0.0,-0.0,0.0
27.614,0.0015625934,-0.03677653,-0.013052357,-0.0,-0.0,0.0
27.635,0.000951728,0.013925284,-0.015495819,0.0,-0.0,0.0
27.674,-0.006378655,-0.0025680775,-0.016106684,-3.0182853e-06,7.496687e-06,1.89299e-05
27.715,-0.005156924,0.00415144,-0.003889379,-0.0,0.0,0.0
27.735,-0.00821125,0.02736432,-0.00633284,5.3738484e-05,1.612575e-05,1.2436121e-05
27.775,-0.00698952,0.003540575,-0.00511111,-0.0,0.0,0.0
27.814,-0.009432982,-0.014785382,-0.013663223,-0.0,-0.0,0.0
27.835,-0.013709038,-0.043496046,-0.018550145,-0.0,-0.0,0.0
27.875,0.0021734587,-0.037387397,-0.009387166,-9.687097e-05,-5.6326267e-06,2.4321947e-05
27.914,0.0040060543,0.020644803,-0.0057219747,0.0,-0.0,0.0
27.935,0.0064495155,0.008427497,-0.00633284,6.9892844e-06,-5.3488307e-06,5.2521036e-06
27.974,0.000951728,0.012092688,-0.0045002443,0.0,-0.0,0.0
28.014,-0.006378655,-0.027613552,-0.020993607,-0.0,-0.0,0.0
28.034,-0.017374229,0.032862104,-0.016717548,-0.0,0.0,0.0
28.075,-0.025926342,-0.028835284,-0.017328415,-8.219061e-05,7.389543e-05,4.939396e-05
28.115,-0.027148074,-0.028224418,-0.01916101,-0.0,-0.0,0.0
28.135,-0.01981769,-0.0025680775,-0.011219762,-3.9499073e-06,3.047912e-05,1.7255798e-05
28.197,-0.022872018,0.035916433,-0.013052357,-0.0,0.0,0.0
28.214,-0.024093745,0.009038363,-0.014274088,-0.0,0.0,0.0
28.234,-0.021650286,-0.0025680775,-0.016106684,-0.0,-0.0,0.0
28.274,-0.014319903,0.027975185,-0.011830627,6.304253e-05,3.227119e-05,2.6659673e-05
28.313,-0.025315477,0.051798932,-0.013663223,-0.0,0.0,0.0
28.353,-0.03631105,0.01697961,-0.028323987,-0.0,0.0,0.0
28.373,-0.029591534,-0.0050115385,-0.023437068,-0.0,-0.0,0.0
28.413,-0.03264586,-0.0037898081,-0.025269663,-0.0,-0.0,0.0
28.454,-0.038143646,0.03225124,-0.026491392,-0.0,0.0,0.0
28.472,-0.026537208,0.010260093,-0.019771876,2.3854569e-05,6.170284e-05,4.597133e-05
28.513,-0.026537208,-0.045328643,-0.017328415,-0.0,-0.0,0.0
28.554,-0.024704613,0.029196914,-0.024658797,-0.0,0.0,0.0
28.574,-0.002102598,0.02614259,-0.0032785137,-0.0,0.0,0.0
28.615,0.01622336,0.057296716,0.02848648,0.0002538187,-7.188515e-05,-0.00012618538
28.655,0.021721145,0.07501181,0.009549656,-0.0,-0.0,0.0
28.675,0.03393845,0.0047623054,0.027875613,1.4114261e-05,-0.000100615136,-8.263985e-05
28.715,0.035771046,0.08173133,0.0333734,-0.0,-0.0,0.0
28.755,-0.009432982,-0.028835284,-0.0045002443,-0.0,-0.0,0.0
28.775,0.0052277846,-0.05510249,0.0003866777,-0.0,-0.0,-0.0
28.813,-0.027148074,-0.010509326,-0.022215337,-2.5828362e-05,6.671536e-05,5.459478e-05
28.855,-0.016763365,0.040803358,-0.01916101,-0.0,0.0,0.0
28.874,-0.025315477,-0.001957212,-0.027102258,-4.8800734e-06,6.3093365e-05,6.754687e-05
28.914,-0.04913922,-0.03188961,-0.044206485,-0.0,-0.0,0.0
28.955,-0.038143646,-0.023337496,-0.03198918,-0.0,-0.0,0.0
28.974,-0.025926342,-0.060600277,-0.024047932,-0.0,-0.0,0.0
29.014,-0.0033243287,-0.020894036,0.003441004,-3.0055375e-05,4.7820126e-06,-4.9497e-06
29.053,0.01866682,0.035916433,0.017490905,-0.0,-0.0,0.0
29.074,0.016834226,-0.0074549993,0.024821287,-1.5462108e-05,-3.4912755e-05,-5.147809e-05
29.114,0.009503841,-0.006233269,0.018712634,-0.0,-0.0,-0.0
29.155,0.018055953,-0.010509326,0.01565831,-0.0,-0.0,-0.0
29.194,0.013779899,-0.03860913,0.0040518693,-0.0,-0.0,-0.0
29.215,0.0021734587,-0.029446147,0.0077170604,-6.0306666e-05,-4.4508347e-06,-1.5804915e-05
29.252,0.0058386503,0.026753454,0.0040518693,-0.0,-0.0,0.0
29.292,-0.011265578,0.04935547,-0.0075545707,-0.0,0.0,0.0
29.313,-0.019206826,0.06645969,-0.014884953,-0.0,0.0,0.0
29.353,-0.0302024,0.0029297096,-0.030156584,-0.0,0.0,0.0
29.394,-0.03692192,0.032862104,-0.042984758,-0.0,0.0,0.0
29.413,-0.043641433,-0.03677653,-0.044206485,-0.0001781875,0.00021140299,0.0002141783
29.453,-0.028980669,-0.015396248,-0.03198918,-0.0,-0.0,0.0
29.494,-0.013709038,0.017590474,-0.018550145,-0.0,0.0,0.0
29.512,-0.016152497,0.00415144,-0.011830627,-0.0,0.0,0.0
29.554,-0.005156924,0.011481823,-0.0014459181,-0.0,0.0,0.0
29.593,0.010725572,-0.009287595,0.0077170604,-0.0,-0.0,-0.0
29.614,0.021110281,0.01697961,0.01810177,3.712635e-05,-4.6160032e-05,-3.9580096e-05
29.654,0.030884124,0.039581623,0.020545231,-0.0,-0.0,0.0
29.693,0.03454932,0.05974018,0.024821287,-0.0,-0.0,0.0
29.715,0.025997205,0.06218364,0.020545231,-0.0,-0.0,0.0
29.755,0.009503841,0.013925284,0.0077170604,1.7327215e-05,-1.182574e-05,-9.602258e-06
29.794,-0.0027134633,-0.0050115385,-0.0008350528,-0.0,-0.0,0.0
29.815,0.000951728,-0.0013463469,-0.0008350528,-1.6698593e-07,-1.1804178e-07,1.0357067e-07
29.855,0.003395189,0.027975185,0.0046627345,-0.0,-0.0,0.0
29.895,0.0015625934,-0.017839707,-0.0045002443,-0.0,-0.0,0.0
29.914,0.0021734587,-0.013563652,-0.0057219747,-0.0,-0.0,0.0
29.954,-0.010654712,-0.07159585,-0.008165436,-0.00034999155,5.207771e-05,3.9925184e-05
29.995,-0.0057677897,0.005984036,-0.0026676485,-0.0,0.0,0.0
30.034,0.0003408628,0.021866532,-0.0020567833,0.0,-0.0,0.0
30.055,-0.002102598,0.01697961,0.0028301387,0.0,-0.0,-0.0
30.094,-0.005156924,-0.0074549993,-0.00022418753,-0.0,-0.0,0.0
30.135,0.0058386503,0.0023188447,0.0046627345,-0.0,-0.0,0.0
30.153,0.0040060543,-0.012952787,-0.0014459181,-1.1852194e-05,-3.6656702e-06,1.3230377e-06
30.196,0.0015625934,0.0017079792,-0.0075545707,0.0,-0.0,0.0
30.233,-0.007600385,-0.024559228,-0.00633284,-0.0,-0.0,0.0
30.253,-0.010043846,-0.0050115385,-0.0087763015,-0.0,-0.0,0.0
30.293,-0.008822116,-0.006233269,-0.0075545707,-0.0,-0.0,0.0
30.333,-0.013098172,-0.017839707,-0.014884953,-0.0,-0.0,0.0
30.353,-0.012487307,-0.017228844,-0.014274088,-2.9625258e-05,2.147156e-05,2.454461e-05
30.394,-0.011265578,0.00415144,-0.008165436,-0.0,0.0,0.0
30.433,-0.0057677897,0.009038363,-0.008165436,-0.0,0.0,0.0
30.452,-0.0057677897,0.015757881,-0.009387166,-0.0,0.0,0.0
30.492,0.0040060543,0.024920858,-0.003889379,0.0,-0.0,0.0
30.532,-0.00027000243,0.042025086,-0.0057219747,-0.0,0.0,0.0
30.553,-0.00698952,0.0017079792,-0.015495819,1.9581994e-06,8.013798e-06,1.7766606e-05
30.593,-0.003935194,0.012092688,-0.011219762,-0.0,0.0,0.0
30.635,-0.011265578,0.001097114,-0.013663223,-0.0,0.0,0.0
30.655,-0.016152497,-0.0044006733,-0.015495819,-0.0,-0.0,0.0
30.694,0.0015625934,-0.015396248,-0.0026676485,-1.6225324e-05,-1.6467608e-06,2.8112863e-06
30.734,-0.00027000243,-0.0056224037,-0.0045002443,-0.0,-0.0,0.0
30.755,0.0027843236,-0.019061439,-0.00633284,-2.5939373e-05,-3.7891045e-06,8.6178725e-06
30.795,0.013169033,-0.0037898081,0.009549656,-0.0,-0.0,-0.0
30.834,0.022332013,-0.017839707,0.012603983,-0.0,-0.0,-0.0
30.855,0.01744509,0.011481823,0.011382252,-0.0,-0.0,0.0
30.894,0.018055953,-0.0098984605,0.012603983,-1.6037495e-05,-2.9253564e-05,-2.042084e-05
30.935,0.021110281,0.019423071,0.008327926,-0.0,-0.0,0.0
30.975,0.023553742,0.024309995,0.0077170604,-0.0,-0.0,0.0
30.994,0.025997205,0.007205766,0.0028301387,-0.0,-0.0,0.0
31.035,0.014390763,-0.017839707,-0.0026676485,-0.0,-0.0,0.0
31.074,0.010114707,-0.020894036,-0.0087763015,-0.0,-0.0,0.0
31.094,0.0027843236,-0.03311134,-0.0075545707,-7.571931e-05,-6.3678754e-06,1.7275632e-05
31.134,0.009503841,0.007205766,-0.013663223,0.0,-0.0,0.0
31.174,0.0046169194,0.007816631,-0.014274088,0.0,-0.0,0.0
31.194,0.0003408628,0.010260093,-0.017939279,0.0,-0.0,0.0
31.239,0.0021734587,-0.0013463469,-0.011830627,-0.0,-0.0,0.0
31.273,0.0015625934,0.009649227,-0.011830627,0.0,-0.0,0.0
31.293,0.0070603807,0.020644803,-0.013052357,3.52249e-05,-1.2046235e-05,2.2270526e-05
31.332,0.010114707,0.034083836,-0.0087763015,0.0,-0.0,0.0
31.373,0.01622336,-0.020894036,-0.012441492,-0.0,-0.0,0.0
31.393,0.009503841,-0.008065864,-0.009998032,-0.0,-0.0,0.0
31.432,0.010725572,-0.025170092,-0.010608897,-0.0,-0.0,0.0
31.473,0.016834226,-0.0031789427,-0.0014459181,-0.0,-0.0,0.0
31.512,0.01744509,0.009649227,0.0009975429,-0.0,-0.0,0.0
31.532,0.013779899,0.010260093,-0.0014459181,0.0,-0.0,0.0
31.574,0.01622336,-0.0031789427,-0.0045002443,-0.0,-0.0,0.0
31.613,0.010114707,-0.0031789427,-0.0020567833,-0.0,-0.0,0.0
31.634,0.010725572,-0.03311134,-0.0008350528,-7.736147e-05,-2.505935e-05,1.950052e-06
31.674,0.011947303,0.017590474,-0.0032785137,0.0,-0.0,0.0
31.714,-0.0027134633,0.0133144185,-0.014274088,-0.0,0.0,0.0
31.734,-0.0045460593,-0.03311134,-0.013663223,-0.0,-0.0,0.0
31.774,0.003395189,-0.036165666,-0.009387166,-0.0,-0.0,0.0
31.814,0.010725572,0.031029511,-0.0057219747,0.0,-0.0,0.0
31.835,0.009503841,0.029807782,-0.0032785137,6.292659e-05,-2.0063122e-05,6.921826e-06
31.874,0.0076712454,0.026753454,-0.0008350528,0.0,-0.0,0.0
31.914,-0.0045460593,0.029807782,-0.00511111,-0.0,0.0,0.0
31.933,-0.001491733,0.012092688,-0.00511111,-0.0,0.0,0.0
31.974,0.0052277846,0.012703553,-0.0032785137,0.0,-0.0,0.0
32.015,0.0027843236,0.02736432,-0.009998032,0.0,-0.0,0.0
32.034,0.0003408628,-0.010509326,-0.006943705,-8.886867e-06,-2.882656e-07,5.8717164e-06
32.073,-0.005156924,-0.07220672,-0.010608897,-0.0,-0.0,0.0
32.113,-0.001491733,-0.028224418,-0.006943705,-0.0,-0.0,0.0
32.133,0.0046169194,0.011481823,0.003441004,-0.0,-0.0,0.0
32.175,0.0003408628,0.026753454,-0.0008350528,0.0,-0.0,0.0
32.214,-0.011265578,0.0346947,-0.006943705,-0.0,0.0,0.0
32.233,-0.017374229,0.034083836,-0.003889379,8.7956236e-05,4.483623e-05,1.0034928e-05
32.273,-0.010654712,0.0023188447,-0.0026676485,-0.0,0.0,0.0
32.314,-0.001491733,0.0151470145,-0.009387166,-0.0,0.0,0.0
32.334,0.0003408628,-0.0044006733,-0.0045002443,-0.0,-0.0,0.0
32.373,0.0021734587,0.001097114,0.0046627345,-0.0,-0.0,0.0
32.412,0.0058386503,-0.0001246165,0.0040518693,-0.0,-0.0,-0.0
32.452,-0.003935194,-0.027613552,0.003441004,-0.0,0.0,0.0
32.472,-0.006378655,-0.028224418,0.0052735996,-0.0,0.0,0.0
32.513,-0.002102598,-0.0074549993,0.005884465,-0.0,0.0,0.0
32.554,-0.00027000243,-0.0013463469,0.0077170604,-7.082021e-07,1.420275e-07,-4.059311e-06
32.574,-0.002102598,-0.0044006733,0.0077170604,-0.0,0.0,0.0
32.614,-0.001491733,0.001097114,-0.0026676485,-0.0,0.0,0.0
32.655,0.0003408628,-0.032500472,-0.0014459181,-0.0,-0.0,0.0
32.673,0.0015625934,-0.04044172,-0.0057219747,-0.0,-0.0,0.0
32.714,0.0040060543,-0.0074549993,0.0003866777,-0.0,-0.0,-0.0
32.754,0.011947303,0.0346947,0.01565831,-0.0,-0.0,0.0
32.775,0.0064495155,0.06340537,0.010771387,0.0002750303,-2.7982227e-05,-4.6718767e-05
32.815,0.003395189,0.0133144185,0.013214848,-0.0,-0.0,0.0
32.854,0.0064495155,-0.058156814,0.010771387,-0.0,-0.0,-0.0
32.874,0.0070603807,-0.07159585,0.008327926,-0.0,-0.0,-0.0
32.915,0.01988855,-0.014174516,0.01565831,-0.0,-0.0,-0.0
32.954,0.012558168,0.021866532,0.012603983,-0.0,-0.0,0.0
32.974,0.012558168,0.024309995,0.0071061957,4.6119614e-05,-2.3825074e-05,-1.348099e-05
33.014,0.011947303,0.034083836,0.013825713,-0.0,-0.0,0.0
33.055,0.0003408628,0.0029297096,0.0064953305,-0.0,-0.0,0.0
33.074,0.0046169194,-0.023337496,0.0040518693,-0.0,-0.0,-0.0
33.114,-0.0033243287,0.005373171,-0.0008350528,-0.0,0.0,0.0
33.154,0.003395189,-0.016007112,0.0046627345,-0.0,-0.0,-0.0
33.175,0.009503841,0.009649227,-0.00022418753,8.771377e-06,-8.639216e-06,2.0382964e-07
33.214,0.008892976,0.007205766,0.0028301387,-0.0,-0.0,0.0
33.253,0.009503841,-0.018450573,0.0052735996,-0.0,-0.0,-0.0
33.274,0.003395189,0.0017079792,0.0052735996,-0.0,-0.0,0.0
33.313,-0.0033243287,0.003540575,0.0046627345,0.0,-0.0,-0.0
33.356,-0.006378655,0.0047623054,0.0052735996,0.0,-0.0,-0.0
33.394,-0.0057677897,0.053631525,-0.0026676485,-0.0,0.0,0.0
33.413,-0.006378655,0.046912007,-0.0020567833,-0.0,0.0,0.0
33.452,0.0052277846,-0.01661798,0.0028301387,-0.0,-0.0,-0.0
33.493,0.0003408628,-0.001957212,-0.0020567833,-3.7559582e-07,-6.5412834e-08,3.9470387e-07
33.512,0.0021734587,0.0017079792,0.0003866777,-0.0,-0.0,0.0
33.554,0.0040060543,0.017590474,-0.0026676485,0.0,-0.0,0.0
33.594,-0.00821125,0.086618245,-0.01916101,-0.0,0.0,0.0
33.614,-0.012487307,0.035916433,-0.015495819,-0.0,0.0,0.0
33.654,-0.04913922,-0.006233269,-0.0368761,-0.0,-0.0,0.0
33.695,-0.057691332,-0.0917544,-0.025269663,-0.0,-0.0,0.0
33.715,-0.034478456,-0.10274997,-0.017328415,-0.0007568315,0.00025390618,0.00012773027
33.754,-0.0045460593,0.0047623054,-0.006943705,-0.0,0.0,0.0
33.793,0.023553742,0.00048624873,0.0028301387,-0.0,-0.0,0.0
33.814,0.03454932,-0.09603046,0.014436578,-0.0,-0.0,-0.0
33.854,0.037603643,-0.03799826,0.018712634,-0.0,-0.0,-0.0
33.894,0.03821451,0.12571362,0.027264748,-0.0,-0.0,0.0
33.914,0.033327587,0.13915266,0.02848648,0.001362366,-0.00032649253,-0.00027868213
33.954,0.024775473,0.08539651,0.03215167,-0.0,-0.0,0.0
33.995,0.032105856,0.054853257,0.036427725,-0.0,-0.0,0.0
34.015,0.036992777,0.010870959,0.022377826,-0.0,-0.0,0.0
34.054,0.021721145,-0.105193436,0.017490905,-0.0,-0.0,-0.0
34.094,0.015001629,-0.014785382,0.024210423,-0.0,-0.0,-0.0
34.114,0.01622336,0.00415144,0.017490905,6.7458677e-06,-2.636365e-05,-2.842327e-05
34.154,-0.014930768,0.14037439,-0.015495819,-0.0,0.0,0.0
34.194,-0.060134795,-0.0031789427,-0.046039082,-0.0,-0.0,0.0
34.233,-0.05341528,-0.09908479,-0.040541295,-0.0007956274,0.00042874485,0.00032567905
34.255,-0.04852836,-0.048993837,-0.036265235,-0.0,-0.0,0.0
34.293,-0.00027000243,-0.0025680775,-0.00633284,-0.0,-0.0,0.0
34.335,0.029662395,0.020644803,0.017490905,-0.0,-0.0,0.0
34.355,0.024775473,0.014536149,0.01565831,-0.0,-0.0,0.0
34.392,0.01622336,-0.026391823,0.010160522,-0.0,-0.0,-0.0
34.432,0.025386337,0.015757881,0.019934366,3.798233e-05,-6.119375e-05,-4.80499e-05
34.452,0.025386337,-0.0050115385,0.021156095,-0.0,-0.0,-0.0
34.493,0.03149499,-0.00867673,0.022988692,-0.0,-0.0,-0.0
34.534,0.02905153,-0.027002687,0.01688004,-0.0,-0.0,-0.0
34.553,0.025386337,-0.027613552,0.021766962,-0.0,-0.0,-0.0
34.594,0.014390763,-0.0098984605,0.010771387,-0.0,-0.0,-0.0
34.624,0.0052277846,-0.02394836,0.005884465,-0.0,-0.0,-0.0
34.652,-0.0045460593,-0.030667879,0.0028301387,-0.0,0.0,0.0
34.694,-0.010654712,-0.030057015,-0.008165436,-0.0,-0.0,0.0
34.734,-0.011265578,-0.03677653,-0.011219762,-0.0,-0.0,0.0
34.752,-0.011876442,-0.042885184,-0.0075545707,-0.0,-0.0,0.0
34.795,-0.0057677897,-0.0001246165,-0.0014459181,-0.0,-0.0,0.0
34.834,0.0003408628,0.035305567,0.0040518693,-0.0,-0.0,0.0
34.855,-0.00027000243,0.068903156,0.0028301387,0.000318879,1.2474642e-06,-1.3097883e-05
34.894,0.0003408628,0.027975185,0.0016084082,-0.0,-0.0,0.0
34.935,0.0052277846,0.007205766,0.0003866777,-0.0,-0.0,0.0
34.954,0.000951728,0.0151470145,-0.0008350528,0.0,-0.0,0.0
34.994,0.0076712454,0.005984036,0.003441004,-0.0,-0.0,0.0
35.034,0.011947303,0.027975185,0.003441004,-0.0,-0.0,0.0
35.075,0.0027843236,0.007816631,0.003441004,-0.0,-0.0,0.0
35.096,0.0015625934,-0.017228844,-0.0032785137,-0.0,-0.0,0.0
35.134,-0.00698952,-0.04593951,-0.0057219747,-0.0,-0.0,0.0
35.174,-0.013098172,-0.03799826,-0.0075545707,-0.000104286424,3.5946796e-05,2.0735359e-05
35.194,0.0015625934,-0.0031789427,-0.00511111,-0.0,-0.0,0.0
35.232,0.0052277846,0.0023188447,0.0046627345,-0.0,-0.0,0.0
35.272,0.0064495155,0.011481823,0.0028301387,-0.0,-0.0,0.0
35.292,0.010114707,-0.0001246165,0.0077170604,-0.0,-0.0,-0.0
35.335,0.01622336,-0.025170092,0.009549656,-0.0,-0.0,-0.0
35.375,0.014390763,-0.031278744,0.008938791,-7.466847e-05,-3.4352594e-05,-2.1339818e-05
35.393,0.008892976,-0.006233269,0.008327926,-0.0,-0.0,-0.0
35.433,0.0058386503,0.009038363,0.0040518693,-0.0,-0.0,0.0
35.472,0.000951728,-0.03433307,0.003441004,-0.0,-0.0,-0.0
35.492,0.011336437,-0.027002687,-0.0008350528,-0.0,-0.0,0.0
35.534,0.003395189,-0.011120191,-0.0020567833,-0.0,-0.0,0.0
35.573,0.0052277846,-0.033722207,-0.0057219747,-7.8304896e-05,-1.2139748e-05,1.3286291e-05
35.594,0.009503841,-0.009287595,0.0003866777,-0.0,-0.0,-0.0
35.634,0.008892976,0.0047623054,-0.0032785137,0.0,-0.0,0.0
35.675,0.013169033,-0.019672304,-0.015495819,-0.0,-0.0,0.0
35.694,0.0064495155,-0.017839707,-0.006943705,-0.0,-0.0,0.0
35.734,0.008282111,0.007816631,-0.003889379,0.0,-0.0,0.0
35.774,0.0021734587,0.032862104,0.0003866777,-0.0,-0.0,0.0
35.795,0.0076712454,-0.0056224037,0.005884465,-4.219958e-06,-5.757713e-06,-4.41665e-06
35.833,0.01622336,0.007205766,0.0071061957,-0.0,-0.0,0.0
35.874,0.0070603807,-0.026391823,0.003441004,-0.0,-0.0,-0.0
35.913,0.0064495155,-0.0215049,-0.0020567833,-3.2536558e-05,-9.758066e-06,3.111722e-06
35.935,0.018055953,0.005373171,-0.0008350528,0.0,-0.0,0.0
35.975,0.010114707,0.011481823,0.0003866777,-0.0,-0.0,0.0
36.014,0.0040060543,-0.0056224037,0.0009975429,-0.0,-0.0,-0.0
36.034,0.0064495155,-0.014174516,0.0052735996,-0.0,-0.0,-0.0
36.074,0.010114707,0.009649227,0.009549656,-0.0,-0.0,0.0
36.115,0.009503841,-0.0050115385,0.0022192732,-3.6897707e-06,-6.9972375e-06,-1.6339616e-06
36.134,0.015612493,-0.03311134,0.0009975429,-0.0,-0.0,-0.0
36.175,0.0064495155,-0.03311134,-0.006943705,-0.0,-0.0,0.0
36.214,0.0046169194,-0.017228844,0.003441004,-0.0,-0.0,-0.0
36.235,0.0058386503,-0.010509326,0.005884465,-0.0,-0.0,-0.0
36.272,0.0070603807,0.043246813,0.005884465,-0.0,-0.0,0.0
36.312,0.0040060543,0.051798932,0.0022192732,0.00018076372,-1.3980708e-05,-7.74338e-06
36.334,0.008892976,0.017590474,0.0040518693,-0.0,-0.0,0.0
36.372,0.0076712454,0.030418646,-0.003889379,0.0,-0.0,0.0
36.412,0.016834226,-0.010509326,0.0052735996,-0.0,-0.0,-0.0
36.432,0.011947303,0.042025086,0.003441004,-0.0,-0.0,0.0
36.473,0.01744509,0.035305567,0.011993118,-0.0,-0.0,0.0
36.512,0.013169033,0.0133144185,0.0028301387,1.6922753e-05,-1.6738028e-05,-3.596998e-06
36.533,0.0003408628,0.020033937,0.0016084082,-0.0,-0.0,0.0
36.573,-0.0057677897,0.00415144,0.0022192732,0.0,-0.0,-0.0
36.615,-0.00088086765,0.040803358,-0.0057219747,-0.0,0.0,0.0
36.671,0.011947303,0.02858605,0.0009975429,5.9466387e-05,-2.4853558e-05,-2.0744094e-06
36.715,0.009503841,0.031640377,0.0052735996,-0.0,-0.0,0.0
36.755,0.022942876,0.045690276,0.011382252,-0.0,-0.0,0.0
36.775,0.016834226,0.035305567,0.009549656,-0.0,-0.0,0.0
36.815,0.009503841,0.007816631,0.0071061957,-0.0,-0.0,0.0
36.855,0.026608068,0.0133144185,0.015047443,2.9790563e-05,-5.9537164e-05,-3.366839e-05
36.876,0.027218932,0.05974018,0.01565831,-0.0,-0.0,0.0
36.915,0.013779899,0.023699127,0.0040518693,-0.0,-0.0,0.0
36.936,0.008892976,0.025531722,0.0022192732,4.647963e-05,-1.6189464e-05,-4.0397376e-06
36.975,0.0021734587,0.01697961,-0.00511111,0.0,-0.0,0.0
37.016,-0.010043846,0.009649227,-0.009387166,-0.0,0.0,0.0
37.056,-0.011265578,0.0151470145,-0.017328415,2.6047059e-05,1.9373078e-05,2.979831e-05
37.076,-0.003935194,0.001097114,-0.00633284,-0.0,0.0,0.0
37.115,0.0070603807,0.029196914,-0.00022418753,0.0,-0.0,0.0
37.155,0.0046169194,0.06829229,-0.0008350528,0.0,-0.0,0.0
37.175,0.0015625934,0.046912007,0.0003866777,-0.0,-0.0,0.0
37.216,-0.013098172,-0.008065864,-0.010608897,-0.0,-0.0,0.0
37.252,-0.016152497,-0.05998941,-0.018550145,-0.0002610212,7.027017e-05,8.0722224e-05
37.272,-0.010654712,-0.10152824,-0.023437068,-0.0,-0.0,0.0
37.313,0.000951728,-0.017228844,-0.009998032,-0.0,-0.0,0.0
37.356,-0.00698952,0.0365273,0.0016084082,0.0,-0.0,-0.0
37.373,0.0064495155,0.064627096,0.008938791,-0.0,-0.0,0.0
37.413,0.003395189,0.043857682,0.011993118,-0.0,-0.0,0.0
37.454,0.000951728,0.005373171,0.01688004,6.396857e-06,-1.1331156e-06,-2.0096022e-05
37.492,0.03149499,-0.05510249,0.036427725,-0.0,-0.0,-0.0
37.512,0.035771046,-0.07648277,0.033984266,-0.0,-0.0,-0.0
37.555,0.03393845,-0.07587191,0.039482053,-0.0,-0.0,-0.0
37.594,0.036992777,0.046301145,0.036427725,0.00021613699,-0.00017271498,-0.00017004006
37.615,0.024164608,0.060961906,0.032762535,-0.0,-0.0,0.0
37.654,0.0052277846,0.07012489,0.010160522,0.0003343583,-2.4934434e-05,-4.8441703e-05
37.694,-0.02103942,0.00415144,-0.0057219747,-0.0,0.0,0.0
37.714,-0.022872018,-0.0031789427,-0.006943705,-0.0,-0.0,0.0
37.754,-0.028369805,-0.08381315,-0.009998032,-0.0,-0.0,0.0
37.794,-0.030813266,0.006594901,-0.011219762,1.4802832e-05,6.9167334e-05,2.518471e-05
37.814,-0.030813266,-0.0215049,-0.014274088,-0.0,-0.0,0.0
37.854,-0.023482881,0.020033937,-0.018550145,-0.0,0.0,0.0
37.894,-0.020428557,-0.012952787,-0.012441492,-0.0,-0.0,0.0
37.913,-0.016152497,-0.0037898081,-0.013052357,-0.0,-0.0,0.0
37.955,-0.00821125,-0.042885184,0.0009975429,-0.0,0.0,0.0
37.995,0.0003408628,0.003540575,0.010160522,2.5578368e-06,-2.462608e-07,-7.3403226e-06
38.015,-0.025315477,0.15625688,-0.011830627,-0.0,0.0,0.0
38.054,0.01622336,0.11288545,-0.040541295,0.0,-0.0,0.0
38.094,-0.043641433,-0.0636546,-0.041763023,-0.0,-0.0,0.0
38.114,-0.08212595,-0.042885184,-0.040541295,-0.0,-0.0,0.0
38.155,-0.042419706,0.14648305,-0.013663223,-0.0,0.0,0.0
38.194,-0.002102598,0.20390438,0.013825713,0.0027966583,2.8573026e-05,-0.00018966697
38.215,-0.010043846,0.0927269,0.013825713,0.0,-0.0,-0.0
38.253,0.03638191,0.045690276,0.04009292,-0.0,-0.0,0.0
38.292,0.08097508,0.056685854,0.08468608,-0.0,-0.0,0.0
38.314,0.041268833,-0.15894958,0.06452753,-0.0,-0.0,-0.0
38.354,0.047988355,-0.21514918,0.04620157,-0.0,-0.0,-0.0
38.395,0.071201235,0.08845084,0.07491224,0.00080723694,-0.0006502652,-0.0006836043
38.433,0.039436236,0.3101949,0.04375811,-0.0,-0.0,0.0
38.453,0.027218932,0.25338447,0.01688004,-0.0,-0.0,0.0
38.494,-0.03631105,0.068903156,-0.027713124,-0.0,0.0,0.0
38.533,-0.051582683,-0.10580431,-0.038097832,-0.0008785239,0.00042813394,0.0003165011
38.554,-0.047917493,-0.16322564,-0.040541295,-0.0,-0.0,0.0
38.594,-0.030813266,-0.13818017,-0.028323987,-0.0013388688,0.00029836595,0.00027463093
38.635,0.013779899,0.033472974,0.0064953305,-0.0,-0.0,0.0
38.654,0.025386337,0.07562267,0.01688004,-0.0,-0.0,0.0
38.694,0.0070603807,0.09333777,0.008938791,-0.0,-0.0,0.0
38.734,-0.00088086765,0.035305567,-0.0045002443,8.435261e-05,2.1050362e-06,1.0751966e-05
38.754,0.003395189,-0.016007112,-0.0008350528,-0.0,-0.0,0.0
38.794,0.0015625934,-0.06426547,-0.0008350528,-0.0,-0.0,0.0
38.834,0.013169033,-0.033722207,0.005884465,-0.0,-0.0,-0.0
38.855,0.025386337,0.019423071,0.012603983,-0.0,-0.0,0.0
38.895,0.0278298,0.04446855,0.01565831,-0.0,-0.0,0.0
38.935,0.015001629,0.029807782,0.0077170604,6.8513444e-05,-3.4482135e-05,-1.773663e-05
38.954,0.0027843236,0.00048624873,-0.0032785137,0.0,-0.0,0.0
38.995,0.000951728,-0.04716124,-0.00633284,-0.0,-0.0,0.0
39.035,0.0070603807,-0.02394836,-0.010608897,-0.0,-0.0,0.0
39.055,0.0064495155,-0.03311134,-0.0075545707,-0.0,-0.0,0.0
39.094,0.0058386503,0.007816631,-0.008165436,0.0,-0.0,0.0
39.134,0.010725572,0.026753454,-0.00022418753,5.175079e-05,-2.0747097e-05,4.3419604e-07
39.155,0.0052277846,-0.0050115385,0.0022192732,-0.0,-0.0,-0.0
39.195,0.013169033,-0.0001246165,0.0046627345,-0.0,-0.0,-0.0
39.222,0.010114707,0.017590474,0.0028301387,2.4185101e-05,-1.390675e-05,-3.890987e-06
39.273,0.0058386503,-0.015396248,0.0016084082,-1.7094213e-05,-6.4825444e-06,-1.7858453e-06
39.292,0.013169033,-0.006233269,0.0028301387,-0.0,-0.0,-0.0
39.332,0.015612493,0.026753454,0.0009975429,5.564243e-05,-3.247129e-05,-2.0738098e-06
39.373,0.01866682,0.07134662,-0.0008350528,0.0,-0.0,0.0
39.393,0.0052277846,0.026753454,-0.008165436,0.0,-0.0,0.0
39.432,0.0076712454,-0.0044006733,-0.010608897,-0.0,-0.0,0.0
39.474,0.0046169194,-0.016007112,-0.0087763015,-2.0227453e-05,-5.834311e-06,1.1090169e-05
39.492,0.0052277846,-0.047772106,-0.0087763015,-0.0,-0.0,0.0
39.534,0.0015625934,-0.012952787,-0.0026676485,-1.15754365e-05,-1.3964473e-06,2.3839732e-06
39.574,0.008892976,0.018812206,-0.0020567833,0.0,-0.0,0.0
39.594,0.0064495155,0.02614259,-0.003889379,0.0,-0.0,0.0
39.635,0.020499416,-0.006233269,0.008938791,-0.0,-0.0,-0.0
39.675,0.019277684,-0.04655038,0.0064953305,-0.00015870029,-6.571974e-05,-2.21491e-05
39.694,0.01744509,0.00415144,0.0052735996,-0.0,-0.0,0.0
39.735,0.019277684,-0.0074549993,0.0077170604,-0.0,-0.0,-0.0
39.774,0.01622336,0.012092688,0.011993118,-0.0,-0.0,0.0
39.795,0.016834226,-0.0001246165,0.011382252,-0.0,-0.0,-0.0
39.835,0.010725572,0.035916433,0.010771387,-0.0,-0.0,0.0
39.875,0.0003408628,0.015757881,0.008938791,1.9161618e-05,-4.145941e-07,-1.0869587e-05
39.895,-0.0033243287,-0.0031789427,0.0022192732,-0.0,0.0,0.0
39.935,-0.013098172,-0.05998941,0.005884465,-0.0,0.0,0.0
39.974,-0.006378655,-0.027002687,0.010771387,-0.0,0.0,0.0
39.994,-0.003935194,-0.017839707,0.013214848,-0.0,0.0,0.0
40.034,-0.0027134633,0.020033937,0.013825713,0.0,-0.0,-0.0
40.073,-0.0057677897,0.043857682,0.01688004,0.0001393526,1.8322668e-05,-5.3635416e-05
40.115,-0.006378655,0.011481823,0.011993118,0.0,-0.0,-0.0
40.135,-0.014319903,0.009649227,0.005884465,0.0,-0.0,-0.0
40.172,-0.00821125,-0.022115765,0.0064953305,-0.0,0.0,0.0
40.213,-0.003935194,-0.026391823,0.015047443,-5.4256416e-05,8.090846e-06,-3.0934443e-05
40.233,-0.0057677897,0.00415144,0.009549656,0.0,-0.0,-0.0
40.277,-0.016763365,0.003540575,0.003441004,4.152242e-06,1.9659195e-05,-4.0354716e-06
40.312,-0.030813266,0.018812206,-0.011830627,-0.0,0.0,0.0
40.332,-0.050360955,0.056685854,-0.010608897,-0.0,0.0,0.0
40.372,-0.038143646,-0.05082643,-0.020993607,-0.0,-0.0,0.0
40.412,-0.0033243287,-0.06487633,0.0052735996,-0.00028375702,1.4543277e-05,-2.3063696e-05
40.432,-0.003935194,0.005373171,0.0052735996,0.0,-0.0,-0.0
40.473,0.0021734587,0.020033937,0.01688004,3.534191e-05,-3.8347353e-06,-2.9778093e-05
40.513,0.0015625934,-0.00867673,0.0193235,-0.0,-0.0,-0.0
40.534,0.010114707,-0.020283168,0.024210423,-0.0,-0.0,-0.0
40.574,0.03393845,-0.04593951,0.037649456,-0.0,-0.0,-0.0
40.614,0.039436236,0.056685854,0.041925516,0.00030729113,-0.00021383366,-0.00022726119
40.635,0.033327587,-0.02272663,0.043147244,-0.0,-0.0,-0.0
40.675,0.009503841,0.04019249,0.024210423,0.00012912732,-3.053851e-05,-7.778013e-05
40.714,-0.017985094,0.0365273,-0.0008350528,-0.0,0.0,0.0
40.734,-0.03508932,-0.014785382,-0.011830627,-0.0,-0.0,0.0
40.773,-0.041808836,-0.025170092,-0.015495819,-0.0,-0.0,0.0
40.814,-0.038143646,-0.0044006733,-0.024658797,-1.3480882e-05,0.0001168093,7.5515054e-05
40.835,-0.039976243,0.007205766,-0.028323987,-0.0,0.0,0.0
40.874,-0.035700187,0.02614259,-0.023437068,-0.0,0.0,0.0
40.914,-0.033256724,0.006594901,-0.017939279,-0.0,0.0,0.0
40.954,-0.03631105,-0.0025680775,-0.02160447,-7.2983635e-06,0.00010314942,6.1372695e-05
40.974,-0.03142413,0.005984036,-0.016717548,-0.0,0.0,0.0
41.014,-0.01859596,0.007205766,-0.006943705,1.0211661e-05,2.6353677e-05,9.840271e-06
41.055,-0.013098172,-0.019672304,-0.0020567833,-0.0,-0.0,0.0
41.073,-0.009432982,-0.0001246165,-0.0020567833,-0.0,-0.0,0.0
41.114,0.008282111,-0.00073548174,0.015047443,-0.0,-0.0,-0.0
41.155,0.013169033,0.043857682,0.016269175,0.00014302932,-4.2951182e-05,-5.3054624e-05
41.175,0.010725572,0.04019249,0.022988692,-0.0,-0.0,0.0
41.214,0.0040060543,0.006594901,0.013214848,6.7725946e-06,-4.1140565e-06,-1.3570952e-05
41.254,0.0015625934,-0.03311134,-0.00022418753,-0.0,-0.0,0.0
41.275,-0.001491733,-0.030057015,-0.0026676485,-0.0,-0.0,0.0
41.315,0.0027843236,-0.018450573,-0.008165436,-0.0,-0.0,0.0
41.340,-0.010043846,-0.0037898081,-0.014884953,-0.0,-0.0,0.0
41.373,-0.0027134633,0.06157277,-0.008165436,-0.0,0.0,0.0
41.414,-0.0045460593,0.0133144185,-0.011219762,1.6078857e-05,5.4900675e-06,1.3549278e-05
41.452,-0.00698952,-0.036165666,-0.017328415,-0.0,-0.0,0.0
41.492,0.0058386503,-0.051437296,-0.00022418753,-0.00017869782,-2.0284071e-05,7.7703555e-07
41.513,0.022332013,-0.025780957,0.012603983,-0.0,-0.0,-0.0
41.554,0.010114707,-0.0056224037,0.017490905,-7.913415e-06,-1.4235824e-05,-2.4617591e-05
41.574,0.028440664,0.07501181,0.01688004,-0.0,-0.0,0.0
41.614,0.013779899,-0.033722207,0.0077170604,-8.4270745e-05,-3.443459e-05,-1.9286068e-05
41.653,0.0076712454,-0.05754595,0.0071061957,-0.0,-0.0,-0.0
41.674,0.008892976,-0.01661798,0.0046627345,-0.0,-0.0,-0.0
41.713,0.015612493,0.07745527,0.009549656,-0.0,-0.0,0.0
41.755,-0.001491733,0.08417479,0.0003866777,0.00047557,8.427461e-06,-2.1866524e-06
41.794,-0.00698952,0.032862104,-0.0057219747,-0.0,0.0,0.0
41.814,-0.011265578,-0.0001246165,-0.0032785137,-0.0,-0.0,0.0
41.855,-0.014930768,-0.023337496,-0.0075545707,-0.0,-0.0,0.0
41.894,-0.014930768,0.01697961,-0.014884953,3.084565e-05,2.7124406e-05,2.7040343e-05
41.914,-0.014319903,-0.013563652,-0.014274088,-0.0,-0.0,0.0
41.954,-0.019206826,0.021866532,-0.018550145,5.064486e-05,4.4486667e-05,4.296349e-05
41.995,-0.008822116,0.037749026,-0.0087763015,-0.0,0.0,0.0
42.014,-0.017374229,0.050577197,-0.011219762,-0.0,0.0,0.0
42.054,-0.015541634,0.0151470145,-0.015495819,-0.0,0.0,0.0
42.095,-0.010043846,-0.020283168,-0.017939279,-3.931236e-05,1.9465895e-05,3.4769568e-05
42.114,-0.003935194,0.006594901,-0.011219762,-0.0,0.0,0.0
42.154,0.000951728,0.007816631,-0.014884953,8.8334e-06,-1.0754512e-06,1.682114e-05
42.195,0.003395189,-0.0044006733,-0.0020567833,-0.0,-0.0,0.0
42.214,0.0027843236,0.018812206,0.003441004,-0.0,-0.0,0.0
42.253,0.0076712454,0.04019249,0.0071061957,-0.0,-0.0,0.0
42.292,0.010114707,0.0023188447,0.0046627345,1.7703452e-06,-7.722237e-06,-3.559832e-06
42.312,-0.00088086765,-0.0031789427,-0.006943705,-0.0,-0.0,0.0
42.353,0.0052277846,-0.032500472,0.0022192732,-7.195992e-05,-1.1574758e-05,-4.9141504e-06
42.393,0.003395189,0.001097114,0.0064953305,-0.0,-0.0,0.0
42.413,-0.00088086765,-0.0037898081,-0.0008350528,-0.0,-0.0,0.0
42.454,-0.006378655,-0.022115765,-0.0057219747,-0.0,-0.0,0.0
42.492,-0.0057677897,-0.07281758,-0.0032785137,-0.0003573107,2.8299244e-05,1.6092481e-05
42.533,0.0021734587,-0.0654872,-0.003889379,-0.0,-0.0,0.0
42.553,0.013169033,-0.07648277,0.008938791,-0.00040097086,-6.903069e-05,-4.6876423e-05
42.593,0.024164608,-0.05754595,0.0193235,-0.0,-0.0,-0.0
42.633,0.021721145,-0.030057015,0.018712634,-8.378719e-05,-6.054672e-05,-5.216505e-05
42.652,0.01866682,0.029807782,0.027875613,-0.0,-0.0,0.0
42.692,0.0052277846,-0.11435641,0.011993118,-0.00088332663,-4.0340125e-05,-9.265642e-05
42.733,0.0015625934,-0.1375693,0.0028301387,-0.0,-0.0,-0.0
42.753,0.01866682,-0.060600277,0.011993118,-0.0,-0.0,-0.0
42.793,0.04432316,-0.034943935,0.027875613,-0.0,-0.0,-0.0
42.833,0.012558168,0.08234219,0.005884465,0.00046141897,-7.037968e-05,-3.2958476e-05
42.854,0.04676662,0.10494421,0.038871188,-0.0,-0.0,0.0
42.893,0.0040060543,0.021866532,-0.0014459181,3.2690758e-05,-5.989068e-06,2.1617645e-06
42.932,0.024164608,-0.21392746,0.021766962,-0.0,-0.0,-0.0
42.953,0.01866682,0.118383236,-0.008165436,0.0,-0.0,0.0
42.994,0.010725572,0.07012489,0.011382252,-0.0,-0.0,0.0
43.034,0.0021734587,0.07379008,-0.0057219747,0.00036665975,-1.0794606e-05,2.8434215e-05
43.054,-0.01859596,0.10311161,-0.011830627,-0.0,0.0,0.0
43.095,-0.027758937,0.12327016,-0.025269663,0.0010659494,0.00024016116,0.0002183908
43.134,-0.030813266,-0.001957212,-0.027713124,-0.0,-0.0,0.0
43.154,-0.025315477,-0.04655038,-0.03076745,-0.0,-0.0,0.0
43.196,-0.001491733,-0.05082643,-0.011219762,-0.0,-0.0,0.0
43.234,0.011336437,0.02736432,-0.003889379,5.4860084e-05,-2.272708e-05,7.798051e-06
43.255,0.0058386503,0.04813374,-0.0032785137,0.0,-0.0,0.0
43.293,0.0058386503,0.034083836,0.0009975429,7.9129306e-05,-1.3555152e-05,-2.3153675e-06
43.334,-0.007600385,0.03225124,-0.014274088,-0.0,0.0,0.0
43.372,-0.014930768,-0.02394836,-0.022215337,-5.772352e-05,3.5985973e-05,5.3546497e-05
43.393,-0.016152497,-0.030667879,-0.019771876,-0.0,-0.0,0.0
43.435,-0.007600385,-0.028224418,-0.014884953,-6.213003e-05,1.6729533e-05,3.2766424e-05
43.473,0.0076712454,0.0365273,-0.00633284,0.0,-0.0,0.0
43.494,0.0058386503,0.067681424,-0.003889379,0.00030905678,-2.6658532e-05,1.7764356e-05
43.534,0.013779899,0.0133144185,0.0003866777,-0.0,-0.0,0.0
43.574,0.01622336,-0.011120191,0.0052735996,-1.5196513e-05,-2.2170176e-05,-7.20687e-06
43.595,0.014390763,-0.0001246165,0.014436578,-0.0,-0.0,-0.0
43.634,0.026608068,0.03897076,0.018712634,0.00013275622,-9.064818e-05,-6.374107e-05
43.674,0.030884124,0.037749026,0.021156095,-0.0,-0.0,0.0
43.694,0.0278298,0.031029511,0.018712634,9.513827e-05,-8.533269e-05,-5.737143e-05
43.734,0.015001629,0.00048624873,0.0016084082,-0.0,-0.0,0.0
43.775,0.0076712454,-0.052659027,-0.0032785137,-0.00018841132,-2.7448456e-05,1.1727779e-05
43.795,0.008892976,-0.017839707,-0.0026676485,-0.0,-0.0,0.0
43.834,0.0058386503,0.005373171,-0.00022418753,2.8623251e-06,-3.1102886e-06,1.1943067e-07
43.874,-0.0027134633,0.030418646,-0.0057219747,-0.0,0.0,0.0
43.894,-0.005156924,0.043246813,-0.00633284,-0.0,0.0,0.0
43.934,-0.012487307,0.0133144185,-0.009998032,-0.0,0.0,0.0
43.974,-0.02226115,0.005984036,-0.016106684,1.12922535e-05,4.2010743e-05,3.0395811e-05
43.994,-0.020428557,0.006594901,-0.016106684,-0.0,0.0,0.0
44.035,-0.016763365,-0.023337496,-0.016106684,-5.1590425e-05,3.7056103e-05,3.5606317e-05
44.074,-0.020428557,-0.02394836,-0.0045002443,-0.0,-0.0,0.0
44.095,-0.014930768,0.043246813,-0.0032785137,-0.0,0.0,0.0
44.134,-0.0045460593,0.07501181,0.0028301387,0.0,-0.0,-0.0
44.174,-0.013709038,0.027975185,-0.0008350528,5.8508223e-05,2.8671597e-05,1.745619e-06
44.194,-0.015541634,-0.0013463469,-0.003889379,-0.0,-0.0,0.0
44.234,-0.013709038,0.009038363,-0.0014459181,9.998391e-06,1.51651975e-05,1.5994252e-06
44.273,-0.011876442,-0.034943935,-0.0026676485,-0.0,-0.0,0.0
44.314,-0.009432982,0.005984036,-0.003889379,4.7501617e-06,7.48798e-06,3.087401e-06
44.332,-0.003935194,-0.028835284,-0.0020567833,-0.0,-0.0,0.0
44.372,-0.013098172,0.008427497,-0.0087763015,1.0110761e-05,1.5714511e-05,1.0529241e-05
44.412,-0.011265578,-0.01661798,-0.0032785137,-0.0,-0.0,0.0
44.432,-0.01981769,-0.019672304,-0.013052357,-4.0693623e-05,4.0993258e-05,2.7000238e-05
44.472,-0.016763365,-0.032500472,-0.0075545707,-0.0,-0.0,0.0
44.512,-0.0057677897,-0.0215049,0.0009975429,-3.2164313e-05,8.626756e-06,-1.4918603e-06
44.534,-0.00027000243,-0.04227432,0.0040518693,-0.0,0.0,0.0
44.574,0.0003408628,-0.044106916,0.0071061957,-0.00013224217,-1.0205722e-06,-2.1305992e-05
44.614,0.022942876,0.005984036,0.012603983,-0.0,-0.0,0.0
44.634,0.0052277846,-0.028835284,0.009549656,-5.9643917e-05,-1.0812726e-05,-1.9753132e-05
44.673,0.0046169194,-0.06487633,0.003441004,-0.0,-0.0,-0.0
44.713,0.01988855,-0.006233269,0.008938791,-9.486751e-06,-3.0268746e-05,-1.3604282e-05
44.734,0.014390763,0.00048624873,0.010160522,-0.0,-0.0,0.0
44.774,0.01866682,0.031640377,0.01565831,8.479328e-05,-5.002775e-05,-4.196122e-05
44.814,0.015612493,0.030418646,0.016269175,-0.0,-0.0,0.0
44.834,0.015001629,0.071957484,0.010771387,-0.0,-0.0,0.0
44.875,0.0058386503,0.001097114,0.009549656,-0.0,-0.0,0.0
44.914,0.0076712454,-0.013563652,-0.0045002443,-1.4763655e-05,-8.349984e-06,4.8983347e-06
44.935,0.008282111,0.013925284,0.0003866777,-0.0,-0.0,0.0
44.975,-0.00698952,-0.020283168,-0.0045002443,-2.9837907e-05,1.0281945e-05,6.6203083e-06
45.013,-0.010654712,0.046912007,0.0052735996,0.0,-0.0,-0.0
45.034,-0.008822116,-0.0098984605,0.015047443,-0.0,0.0,0.0
45.073,-0.005156924,0.021255666,0.010771387,0.0,-0.0,-0.0
45.115,0.011947303,-0.061822005,-0.0014459181,-0.00026130094,-5.049808e-05,6.1048186e-06
45.154,0.015001629,-0.08992181,-0.0020567833,-0.0,-0.0,0.0
45.174,0.026608068,-0.047772106,0.013214848,-0.00018035663,-0.00010044899,-4.9899096e-05
45.213,0.025386337,0.029807782,0.019934366,-0.0,-0.0,0.0
45.254,0.038825374,0.06829229,0.031540807,0.00038794274,-0.0002205983,-0.00017913777
45.272,0.039436236,0.099446416,0.024210423,-0.0,-0.0,0.0
45.312,0.024775473,-0.032500472,0.018712634,-9.803533e-05,-7.4729054e-05,-5.644776e-05
45.353,-0.011876442,0.012092688,-0.018550145,-0.0,0.0,0.0
45.373,0.009503841,-0.077704504,-0.0014459181,-0.00040828966,-4.993845e-05,7.5872244e-06
45.414,-0.01859596,-0.044106916,-0.006943705,-0.0,-0.0,0.0
45.454,-0.025926342,-0.014785382,-0.014274088,-3.282755e-05,5.7561374e-05,3.16924e-05
45.473,-0.021650286,0.0133144185,-0.009998032,-0.0,0.0,0.0
45.514,-0.008822116,-0.0117310565,0.0064953305,-1.2636293e-05,9.502953e-06,-6.9965067e-06
45.555,-0.00027000243,-0.01661798,0.0028301387,-0.0,0.0,0.0
45.574,-0.001491733,-0.028224418,0.0028301387,-5.3802403e-05,2.8437407e-06,-5.3948365e-06
45.614,0.0064495155,-0.04044172,0.003441004,-0.0,-0.0,-0.0
45.654,0.0058386503,-0.00867673,0.0022192732,-6.225303e-06,-4.1890553e-06,-1.5922766e-06
45.674,0.0064495155,0.03225124,0.0071061957,-0.0,-0.0,0.0
45.713,0.011947303,0.042025086,0.013825713,0.00012923924,-3.6744368e-05,-4.2515934e-05
45.754,0.03454932,0.0023188447,0.024821287,-0.0,-0.0,0.0
45.774,0.03821451,-0.027002687,0.02848648,-0.0,-0.0,-0.0
45.813,0.03454932,-0.03188961,0.01565831,-0.0,-0.0,-0.0
45.854,0.025997205,0.00048624873,0.014436578,9.697367e-07,-5.1886786e-05,-2.8813358e-05
45.874,0.022942876,-0.067319795,0.01688004,-0.0,-0.0,-0.0
45.913,-0.0027134633,-0.017228844,0.0040518693,-2.0702686e-05,3.260629e-06,-4.8688134e-06
45.954,-0.016152497,-0.0074549993,-0.0020567833,-0.0,-0.0,0.0
45.995,-0.009432982,0.018201342,0.0022192732,2.5187068e-05,1.3053337e-05,-3.0711985e-06
46.015,-0.009432982,-0.0074549993,-0.0032785137,-0.0,-0.0,0.0
46.055,-0.022872018,-0.024559228,-0.022215337,-6.633423e-05,6.177337e-05,6.000377e-05
46.094,-0.010654712,-0.03188961,-0.010608897,-0.0,-0.0,0.0
46.114,-0.013098172,-0.050215565,-0.010608897,-0.0001785012,4.655646e-05,3.77154e-05
46.155,-0.013709038,-0.02272663,-0.0087763015,-0.0,-0.0,0.0
46.195,-0.00088086765,-0.019061439,-0.0087763015,-2.6867216e-05,1.2414218e-06,1.2370265e-05
46.214,0.0040060543,-0.0031789427,-0.0008350528,-0.0,-0.0,0.0
46.253,-0.007600385,-0.05876768,-0.0045002443,-0.00023437274,3.0309133e-05,1.795106e-05
46.292,0.0058386503,-0.011120191,0.008327926,-0.0,-0.0,-0.0
46.312,0.0027843236,-0.04838297,0.009549656,-0.00016038159,-9.2270275e-06,-3.1656247e-05
46.352,0.0058386503,-0.013563652,0.0064953305,-0.0,-0.0,-0.0
46.393,0.0052277846,-0.03677653,0.0046627345,-9.239749e-05,-1.3133752e-05,-1.1715267e-05
46.414,0.018055953,-0.009287595,0.013825713,-0.0,-0.0,-0.0
46.454,0.021721145,-0.014174516,0.018712634,-3.0423917e-05,-4.661981e-05,-4.016392e-05
46.493,0.014390763,-0.0074549993,0.0077170604,-0.0,-0.0,-0.0
46.514,0.008892976,0.0029297096,0.010771387,2.8059733e-06,-8.517529e-06,-1.0316607e-05
46.555,0.0027843236,-0.01661798,0.0064953305,-0.0,-0.0,-0.0
46.595,0.003395189,-0.045328643,0.0028301387,-0.00013854147,-1.0376378e-05,-8.650689e-06
46.615,0.015001629,-0.025780957,0.010160522,-0.0,-0.0,-0.0
46.654,0.0070603807,0.040803358,0.0046627345,0.00011410709,-1.9745208e-05,-1.3038282e-05
46.694,0.0058386503,-0.00073548174,0.0052735996,-0.0,-0.0,-0.0
46.714,0.0003408628,-0.030057015,-0.00022418753,-6.063331e-05,-6.8762824e-07,4.522274e-07
46.754,-0.005156924,-0.033722207,-0.0020567833,-0.0,-0.0,0.0
46.795,-0.005156924,0.011481823,-0.0026676485,9.913916e-06,4.452731e-06,2.3033454e-06
46.834,0.0015625934,0.02736432,-0.003889379,0.0,-0.0,0.0
46.854,0.0003408628,0.021866532,-0.003889379,3.2595242e-05,-5.0801106e-07,5.7976927e-06
46.894,-0.003935194,-0.010509326,-0.0026676485,-0.0,-0.0,0.0
46.935,0.0052277846,-0.0068441345,0.0040518693,-4.3715745e-06,-3.3391495e-06,-2.5880672e-06
46.955,0.0052277846,0.007205766,0.0022192732,-0.0,-0.0,0.0
46.994,0.0046169194,-0.0001246165,0.0071061957,-7.088255e-08,-2.6259322e-06,-4.0417403e-06
47.034,0.015612493,0.010260093,0.009549656,-0.0,-0.0,0.0
47.054,0.009503841,0.011481823,0.009549656,1.3639682e-05,-1.1290094e-05,-1.1344365e-05
47.095,0.01622336,0.0023188447,0.009549656,-0.0,-0.0,0.0
47.135,0.012558168,-0.0037898081,0.008938791,-4.0371997e-06,-1.3377711e-05,-9.522176e-06
47.159,0.015612493,0.007816631,0.014436578,-0.0,-0.0,0.0
47.194,0.01622336,0.023088263,0.013214848,4.827845e-05,-3.3924665e-05,-2.7632206e-05
47.234,0.010725572,0.0023188447,0.013825713,-0.0,-0.0,0.0
47.253,0.015612493,0.0133144185,0.010160522,2.0458381e-05,-2.3989885e-05,-1.561213e-05
47.292,0.0015625934,0.04813374,0.0009975429,-0.0,-0.0,0.0
47.333,0.0052277846,-0.017228844,0.0022192732,-2.0974521e-05,-6.3643124e-06,-2.7018252e-06
47.352,0.0064495155,-0.0074549993,0.008327926,-0.0,-0.0,-0.0
47.394,0.022332013,0.029196914,0.01565831,7.828435e-05,-5.988041e-05,-4.1982243e-05
47.433,0.020499416,0.049966335,0.016269175,-0.0,-0.0,0.0
47.453,0.016834226,0.014536149,0.011382252,2.4372623e-05,-2.822633e-05,-1.908438e-05
47.496,0.013169033,-0.0001246165,0.0071061957,-0.0,-0.0,-0.0
47.536,0.01744509,-0.0013463469,0.009549656,-1.8011656e-06,-2.3336392e-05,-1.2774654e-05
47.555,0.01622336,-0.014174516,0.01565831,-0.0,-0.0,-0.0
47.594,0.01744509,0.037749026,0.01810177,0.00011489362,-5.310003e-05,-5.5092532e-05
47.635,0.010114707,0.0151470145,0.0064953305,-0.0,-0.0,0.0
47.675,0.0015625934,0.01697961,-0.0020567833,0.0,-0.0,0.0
47.696,0.008282111,0.01697961,0.003441004,-0.0,-0.0,0.0
47.734,0.012558168,-0.013563652,0.0077170604,-1.823295e-05,-1.6881151e-05,-1.03737675e-05
47.775,0.013169033,0.0029297096,0.0077170604,-0.0,-0.0,0.0
47.794,0.012558168,0.035305567,0.0016084082,8.8865876e-05,-3.1609736e-05,-4.047042e-06
47.835,0.010114707,-0.0031789427,0.0052735996,-0.0,-0.0,-0.0
47.875,0.013779899,-0.020894036,0.008327926,-3.6986778e-05,-2.4392888e-05,-1.4742535e-05
47.894,0.014390763,-0.013563652,0.008938791,-0.0,-0.0,-0.0
47.934,0.025386337,-0.006233269,0.013825713,-1.2370642e-05,-5.0379127e-05,-2.74375e-05
47.974,0.019277684,0.018201342,0.013214848,-0.0,-0.0,0.0
47.995,0.023553742,-0.001957212,0.014436578,-3.638247e-06,-4.3776763e-05,-2.6831796e-05
48.036,0.018055953,-0.053880755,0.016269175,-0.0,-0.0,-0.0
48.075,0.014390763,0.007816631,0.0077170604,9.496528e-06,-1.748372e-05,-9.375556e-06
48.094,0.015001629,0.010260093,0.010771387,-0.0,-0.0,0.0
48.134,0.0064495155,-0.028224418,0.008938791,-5.7392383e-05,-1.311409e-05,-1.8176746e-05
48.174,0.0058386503,0.02736432,-0.0014459181,0.0,-0.0,0.0
48.194,0.000951728,0.020033937,-0.0008350528,2.698845e-05,-1.2820924e-06,1.1249475e-06
48.234,-0.00027000243,0.04446855,-0.0026676485,-0.0,0.0,0.0
48.272,-0.0045460593,-0.019061439,-0.0045002443,-2.5719626e-05,6.1339215e-06,6.07226e-06
48.313,0.0070603807,0.023699127,-0.00633284,0.0,-0.0,0.0
48.332,0.003395189,0.035305567,-0.0020567833,8.417708e-05,-8.09475e-06,4.904212e-06
48.373,-0.001491733,-0.014174516,0.0016084082,-0.0,0.0,0.0
48.394,0.0040060543,-0.0013463469,-0.00022418753,-3.8238548e-07,-1.1377878e-06,6.3672864e-08
48.434,0.008282111,-0.0098984605,0.0022192732,-0.0,-0.0,-0.0
48.474,0.014390763,0.0023188447,0.012603983,2.9985429e-06,-1.8609939e-05,-1.6299251e-05
48.515,0.0015625934,-0.04044172,0.0040518693,-0.0,-0.0,-0.0
48.535,0.0021734587,-0.012952787,0.0009975429,-1.1449458e-05,-1.9211973e-06,-8.8177677e-07
48.574,0.0064495155,0.0017079792,0.0028301387,-0.0,-0.0,0.0
48.614,0.0021734587,-0.036165666,0.0046627345,-0.0,-0.0,-0.0
48.634,0.0021734587,0.0029297096,0.0040518693,-0.0,-0.0,0.0
48.674,-0.00027000243,0.031640377,-0.0008350528,6.7209374e-05,5.735893e-07,1.7737705e-06
48.715,-0.005156924,0.020033937,-0.00022418753,-0.0,0.0,0.0
48.734,-0.008822116,-0.025780957,-0.0020567833,-4.7277797e-05,1.6178128e-05,3.7721632e-06
48.774,-0.003935194,-0.0025680775,-0.006943705,-0.0,-0.0,0.0
48.814,0.0015625934,0.043857682,-0.0045002443,0.0,-0.0,0.0
48.834,-0.010043846,-0.017839707,-0.0020567833,-0.0,-0.0,0.0
48.872,-0.021650286,-0.023337496,-0.011219762,-5.286274e-05,4.9039718e-05,2.5415351e-05
48.914,-0.021650286,0.04813374,-0.014884953,-0.0,0.0,0.0
48.934,-0.01859596,0.0151470145,-0.011830627,2.7184193e-05,3.33747e-05,2.123213e-05
48.974,-0.028980669,-0.011120191,-0.012441492,-0.0,-0.0,0.0
49.015,-0.020428557,-0.0068441345,-0.016106684,-1.2355613e-05,3.687759e-05,2.907612e-05
49.034,-0.017985094,-0.030667879,-0.016106684,-0.0,-0.0,0.0
49.073,-0.011876442,-0.012341922,-0.009387166,-1.6177362e-05,1.5567033e-05,1.2304424e-05
49.115,-0.020428557,-0.018450573,-0.013052357,-0.0,-0.0,0.0
49.135,-0.011876442,-0.014785382,-0.012441492,-2.2505381e-05,1.8077224e-05,1.8937719e-05
49.173,-0.013098172,0.009038363,-0.008165436,-0.0,0.0,0.0
49.214,-0.011265578,0.00048624873,-0.0057219747,4.1259642e-07,9.559715e-06,4.855536e-06
49.253,-0.006378655,0.0133144185,-0.0014459181,-0.0,0.0,0.0
49.272,-0.007600385,-0.0056224037,-0.00633284,-4.293468e-06,5.803896e-06,4.835979e-06
49.314,-0.010654712,0.010260093,-0.0045002443,-0.0,0.0,0.0
49.352,-0.00698952,-0.036165666,-0.003889379,-0.0,-0.0,0.0
49.373,-0.00027000243,0.007205766,-0.0014459181,-0.0,0.0,0.0
49.413,-0.006378655,-0.014174516,-0.006943705,-1.6193933e-05,7.2873327e-06,7.933007e-06
49.454,-0.0045460593,-0.006233269,-0.0057219747,-0.0,-0.0,0.0
49.476,-0.005156924,-0.041663453,-0.0057219747,-0.000118464646,1.4662069e-05,1.6270547e-05
49.515,-0.005156924,-0.0068441345,-0.003889379,-0.0,-0.0,0.0
49.554,-0.00088086765,-0.012341922,-0.0008350528,-0.0,-0.0,0.0
49.575,-0.006378655,-0.02394836,-0.003889379,-0.0,-0.0,0.0
49.616,-0.0045460593,-0.011120191,-0.00511111,-9.742926e-06,3.982992e-06,4.478101e-06
49.655,-0.0027134633,-0.0098984605,-0.0008350528,-0.0,-0.0,0.0
49.675,0.0064495155,0.013925284,0.0064953305,1.557293e-05,-7.212694e-06,-7.2638177e-06
49.716,0.0015625934,-0.008065864,0.0040518693,-0.0,-0.0,-0.0
49.755,0.0003408628,-0.026391823,0.0016084082,-0.0,-0.0,-0.0
49.774,-0.0027134633,-0.019672304,-0.00022418753,-0.0,-0.0,0.0
49.814,0.003395189,0.007816631,0.0046627345,5.095794e-06,-2.2133902e-06,-3.0397116e-06
49.856,0.003395189,0.021866532,-0.0020567833,0.0,-0.0,0.0
49.876,-0.0033243287,0.003540575,-0.006943705,2.0133568e-06,1.8903952e-06,3.9485603e-06
49.915,0.0003408628,-0.0056224037,-0.0020567833,-0.0,-0.0,0.0
49.953,0.008892976,-0.00073548174,0.0046627345,-4.969451e-07,-6.008627e-06,-3.1504248e-06
49.975,0.010114707,-0.0025680775,0.0046627345,-0.0,-0.0,-0.0
50.015,0.0064495155,0.024920858,0.0040518693,4.3581014e-05,-1.1278928e-05,-7.085575e-06
50.055,0.0046169194,-0.01661798,0.0052735996,-0.0,-0.0,-0.0
50.075,0.0027843236,0.005984036,0.0064953305,3.7187062e-06,-1.7302931e-06,-4.0364444e-06
50.114,0.0070603807,0.019423071,0.0071061957,-0.0,-0.0,0.0
50.154,0.009503841,-0.012341922,0.0077170604,-1.4398279e-05,-1.1087227e-05,-9.002892e-06
50.194,0.0046169194,-0.009287595,0.0028301387,-0.0,-0.0,-0.0
50.214,0.010114707,0.00415144,0.0022192732,3.1081697e-06,-7.5728663e-06,-1.6615542e-06
50.253,0.0070603807,-0.027613552,0.0071061957,-0.0,-0.0,-0.0
50.293,-0.00027000243,-0.00867673,0.0009975429,-0.0,0.0,0.0
50.315,0.0058386503,0.007205766,0.0040518693,-0.0,-0.0,0.0
50.353,0.0058386503,0.0047623054,0.0022192732,2.5102688e-06,-3.0776268e-06,-1.1698027e-06
50.394,0.0052277846,0.005373171,0.008938791,-0.0,-0.0,0.0
50.414,0.0076712454,0.0029297096,0.010160522,2.5684708e-06,-6.7254555e-06,-8.907805e-06
50.455,0.0058386503,0.0017079792,0.0064953305,-0.0,-0.0,0.0
50.493,0.0070603807,0.005984036,0.0071061957,-0.0,-0.0,0.0
50.514,0.0046169194,0.023088263,0.0052735996,-0.0,-0.0,0.0
50.555,0.0076712454,0.035916433,0.0028301387,8.8784655e-05,-1.896348e-05,-6.9952052e-06
50.594,0.011947303,-0.0013463469,0.0046627345,-0.0,-0.0,-0.0
50.613,0.010725572,0.016368745,0.0077170604,2.3108052e-05,-1.5141662e-05,-1.0894177e-05
50.653,0.012558168,-0.0117310565,0.008327926,-0.0,-0.0,-0.0
50.694,0.009503841,-0.02394836,0.009549656,-0.0,-0.0,-0.0
50.714,0.008892976,-0.0013463469,0.008327926,-0.0,-0.0,-0.0
50.755,0.010725572,0.0017079792,0.008938791,1.6122286e-06,-1.0124563e-05,-8.437892e-06
50.794,0.011947303,-0.017839707,0.0052735996,-0.0,-0.0,-0.0
50.814,0.013169033,-0.017228844,0.0052735996,-2.5803654e-05,-1.9723111e-05,-7.898505e-06
50.854,0.015001629,-0.029446147,0.010771387,-0.0,-0.0,-0.0
50.894,0.01866682,0.008427497,0.011993118,1.3422765e-05,-2.9732044e-05,-1.9102055e-05
50.915,0.01744509,0.02858605,0.015047443,-0.0,-0.0,0.0
50.953,0.016834226,0.0346947,0.011382252,9.361594e-05,-4.5425193e-05,-3.071058e-05
50.995,0.015001629,0.014536149,0.009549656,-0.0,-0.0,0.0
51.034,0.011947303,-0.009287595,0.0028301387,-0.0,-0.0,-0.0
51.054,0.009503841,0.011481823,0.0022192732,-0.0,-0.0,0.0
51.094,0.012558168,0.011481823,0.0040518693,1.3477831e-05,-1.4741358e-05,-4.7561625e-06
51.133,0.0070603807,0.024309995,-0.0008350528,0.0,-0.0,0.0
51.154,-0.00088086765,0.022477398,-0.0045002443,3.4604014e-05,1.356218e-06,6.928115e-06
51.194,-0.01981769,-0.025170092,-0.017328415,-0.0,-0.0,0.0
51.233,-0.009432982,-0.0025680775,-0.0057219747,-0.0,-0.0,0.0
51.254,-0.008822116,-0.029446147,-0.006943705,-0.0,-0.0,0.0
51.293,-0.019206826,-0.023337496,-0.016717548,-5.4095864e-05,4.4519293e-05,3.875154e-05
51.334,-0.024093745,-0.06976325,-0.025880527,-0.0,-0.0,0.0
51.353,-0.019206826,-0.1216868,-0.022215337,-0.0010222582,0.00016125359,0.00018670477
51.393,-0.013709038,-0.08503489,-0.019771876,-0.0,-0.0,0.0
51.433,-0.009432982,-0.010509326,-0.0020567833,-0.0,-0.0,0.0
51.454,0.000951728,0.020644803,0.0071061957,-0.0,-0.0,0.0
51.494,0.013169033,0.008427497,0.011993118,1.1144126e-05,-1.7414415e-05,-1.5859236e-05
51.534,0.021110281,0.021866532,0.017490905,-0.0,-0.0,0.0
51.555,0.03393845,0.015757881,0.018712634,4.4239256e-05,-9.52866e-05,-5.25354e-05
51.593,0.048599217,0.073179215,0.027264748,-0.0,-0.0,0.0
51.635,0.048599217,0.09150517,0.022377826,-0.0,-0.0,0.0
51.655,0.04982095,0.10127901,0.024210423,-0.0,-0.0,0.0
51.694,0.03454932,0.003540575,0.019934366,9.512259e-06,-9.2846174e-05,-5.3570067e-05
51.734,0.03271672,0.043246813,0.016269175,-0.0,-0.0,0.0
51.754,0.029662395,0.03897076,0.011993118,0.00013186643,-0.00010037368,-4.057545e-05
51.794,0.037603643,0.011481823,0.021156095,-0.0,-0.0,0.0
51.834,0.023553742,-0.01661798,0.014436578,-0.0,-0.0,-0.0
51.873,-0.0027134633,-0.053269893,0.0052735996,-0.0,0.0,0.0
51.894,0.0070603807,-0.062432874,0.0071061957,-0.00026492655,-2.9955849e-05,-3.015822e-05
51.934,0.021110281,-0.04227432,0.021156095,-0.0,-0.0,-0.0
51.974,0.015612493,-0.04655038,0.013825713,-0.0,-0.0,-0.0
51.993,0.01622336,-0.056935087,0.011993118,-0.0,-0.0,-0.0
52.035,0.0046169194,-0.042885184,-0.0014459181,-0.00012420524,-1.337191e-05,4.186878e-06
52.075,-0.017985094,0.00048624873,-0.014884953,-0.0,0.0,0.0
52.095,-0.024704613,-0.01661798,-0.016717548,-3.8081176e-05,5.6609882e-05,3.830933e-05
52.135,-0.04486317,0.0017079792,-0.03443264,-0.0,0.0,0.0
52.174,-0.04303057,0.040803358,-0.040541295,-0.0,0.0,0.0
52.194,-0.03508932,0.054853257,-0.03748697,-0.0,0.0,0.0
52.234,-0.010654712,0.035305567,-0.023437068,0.00010352739,3.124696e-05,6.872419e-05
52.271,-0.013098172,-0.014174516,-0.019771876,-0.0,-0.0,0.0
52.293,0.003395189,-0.006233269,-0.006943705,-4.153601e-06,-2.2624306e-06,4.6270084e-06
52.332,0.011336437,0.014536149,-0.0008350528,0.0,-0.0,0.0
52.374,0.0076712454,-0.001957212,0.0016084082,-0.0,-0.0,-0.0
52.395,0.003395189,-0.023337496,0.003441004,-0.0,-0.0,-0.0
52.434,0.0015625934,-0.067319795,-0.0008350528,-0.0003042386,-7.0624083e-06,3.772783e-06
52.475,0.0015625934,-0.03677653,-0.0014459181,-0.0,-0.0,0.0
52.495,0.0076712454,-0.011120191,0.0003866777,-1.0085775e-05,-6.957652e-06,-3.5074348e-07
52.534,0.01622336,-0.012341922,0.0064953305,-0.0,-0.0,-0.0
52.573,0.013169033,-0.032500472,0.0064953305,-0.0,-0.0,-0.0
52.594,0.0064495155,-0.030057015,0.0003866777,-0.0,-0.0,-0.0
52.632,0.0027843236,0.001097114,-0.006943705,5.56701e-07,-1.4128229e-06,3.5233813e-06
52.673,0.000951728,-0.023337496,0.0028301387,-0.0,-0.0,-0.0
52.713,0.003395189,-0.0031789427,0.0040518693,-0.0,-0.0,-0.0
52.733,0.0015625934,0.011481823,0.0040518693,-0.0,-0.0,0.0
52.774,0.0027843236,0.009649227,-0.0032785137,0.0,-0.0,0.0
52.814,0.008892976,0.00048624873,0.0003866777,-0.0,-0.0,0.0
52.834,0.0076712454,-0.0074549993,0.0009975429,-5.3748745e-06,-5.530779e-06,-7.192189e-07
52.874,0.008892976,-0.011120191,-0.0014459181,-0.0,-0.0,0.0
52.915,0.008282111,-0.010509326,0.0022192732,-0.0,-0.0,-0.0
52.934,0.0052277846,-0.018450573,0.0071061957,-0.0,-0.0,-0.0
52.975,0.0052277846,0.009649227,0.005884465,8.063575e-06,-4.3687314e-06,-4.917463e-06
53.014,0.009503841,0.048744604,0.0022192732,-0.0,-0.0,0.0
53.034,0.012558168,0.022477398,0.0022192732,3.898252e-05,-2.1779715e-05,-3.8484623e-06
53.073,0.0058386503,-0.015396248,0.005884465,-0.0,-0.0,-0.0
53.114,-0.0027134633,-0.017228844,-0.0020567833,-0.0,-0.0,0.0
53.134,0.0021734587,-0.0050115385,-0.003889379,-0.0,-0.0,0.0
53.174,0.0015625934,0.0047623054,-0.0014459181,1.6671581e-06,-5.470225e-07,5.061784e-07
53.214,-0.0033243287,-0.001957212,0.0003866777,-0.0,0.0,0.0
53.232,-0.00027000243,0.018812206,-0.0026676485,2.3989778e-05,3.4435442e-07,3.4018453e-06
53.275,0.0076712454,0.058518447,-0.0014459181,0.0,-0.0,0.0
53.313,0.000951728,-0.019061439,-0.0057219747,-0.0,-0.0,0.0
53.352,0.0027843236,-0.044106916,-0.0014459181,-0.0,-0.0,0.0
53.373,-0.0033243287,-0.0215049,0.0009975429,-3.1436804e-05,4.8596726e-06,-1.4581756e-06
53.412,0.009503841,-0.0031789427,0.003441004,-0.0,-0.0,-0.0
53.434,0.0046169194,0.012092688,0.0040518693,1.1007076e-05,-4.202462e-06,-3.6880951e-06
53.474,-0.0033243287,0.006594901,-0.0032785137,-0.0,0.0,0.0
53.514,0.0052277846,-0.00867673,-0.0020567833,-0.0,-0.0,0.0
53.559,0.008892976,-0.039830856,0.0009975429,-0.0,-0.0,-0.0
53.573,0.003395189,-0.026391823,-0.0014459181,-4.7197926e-05,-6.0718617e-06,2.5856707e-06
53.613,0.0021734587,0.030418646,-0.0020567833,0.0,-0.0,0.0
53.653,0.0021734587,0.01697961,0.0052735996,-0.0,-0.0,0.0
53.674,0.0021734587,0.015757881,0.003441004,-0.0,-0.0,0.0
53.714,-0.00088086765,0.014536149,-0.003889379,-0.0,0.0,0.0
53.755,-0.0027134633,0.019423071,-0.0014459181,-0.0,0.0,0.0
53.774,0.0003408628,-0.012341922,-0.0020567833,-1.0367045e-05,-2.8632905e-07,1.7276684e-06
53.814,0.0015625934,-0.014785382,-0.0008350528,-0.0,-0.0,0.0
53.855,0.0003408628,-0.011120191,-0.0014459181,-0.0,-0.0,0.0
53.874,0.0058386503,-0.025170092,0.0003866777,-0.0,-0.0,-0.0
53.914,0.003395189,-0.033722207,-0.0008350528,-7.6724355e-05,-7.724766e-06,1.8996059e-06
53.953,0.009503841,0.016368745,0.0016084082,-0.0,-0.0,0.0
53.974,0.015612493,0.014536149,0.0022192732,2.0921621e-05,-2.2470856e-05,-3.1939312e-06
54.014,0.016834226,-0.014785382,-0.0045002443,-0.0,-0.0,0.0
54.054,0.014390763,-0.017228844,-0.016717548,-0.0,-0.0,0.0
54.077,0.01744509,-0.044106916,-0.024658797,-0.0,-0.0,0.0
54.114,0.010725572,-0.042885184,-0.03076745,-0.00015500298,-3.8775357e-05,0.000111203524
54.154,0.01866682,0.019423071,-0.020993607,0.0,-0.0,0.0
54.174,0.029662395,0.07379008,-0.013663223,0.000399598,-0.00016061464,7.4021926e-05
54.214,0.039436236,0.064627096,-0.006943705,0.0,-0.0,0.0
54.253,0.03027326,-0.011120191,-0.018550145,-0.0,-0.0,0.0
54.293,0.016834226,-0.03311134,-0.024047932,-0.0,-0.0,0.0
54.312,0.003395189,-0.05876768,-0.024658797,-0.00025170099,-1.4554873e-05,0.000105611696
54.353,0.0076712454,-0.0098984605,-0.01916101,-0.0,-0.0,0.0
54.393,0.010725572,0.08112046,-0.017328415,0.0,-0.0,0.0
54.412,0.0058386503,0.08845084,-0.010608897,0.0,-0.0,0.0
54.469,0.0040060543,0.009038363,-0.013052357,9.931687e-06,-4.401915e-06,1.4342389e-05
54.493,0.021110281,-0.001957212,-0.006943705,-0.0,-0.0,0.0
54.512,0.022332013,0.017590474,-0.0075545707,3.4723485e-05,-4.408258e-05,1.4913301e-05
54.553,0.009503841,-0.01661798,-0.008165436,-0.0,-0.0,0.0
54.593,-0.0033243287,0.020033937,-0.018550145,-0.0,0.0,0.0
54.614,-0.013098172,0.025531722,-0.020993607,-0.0,0.0,0.0
54.655,-0.017374229,-0.04838297,-0.019771876,-0.0,-0.0,0.0
54.695,-0.007600385,0.008427497,-0.017328415,-0.0,0.0,0.0
54.713,-0.002102598,0.022477398,-0.013663223,3.9804778e-05,3.7239352e-06,2.4195884e-05
54.755,-0.002102598,-0.024559228,-0.014884953,-0.0,-0.0,0.0
54.795,0.0058386503,0.010870959,-0.009387166,0.0,-0.0,0.0
54.814,0.0046169194,-0.024559228,-0.0087763015,-0.0,-0.0,0.0
54.855,-0.0027134633,-0.056324217,-0.014274088,-0.0,-0.0,0.0
54.894,-0.001491733,-0.0025680775,-0.011830627,-0.0,-0.0,0.0
54.914,-0.0045460593,-0.001957212,-0.015495819,-2.1366616e-06,4.9627547e-06,1.6916245e-05
54.954,-0.0033243287,-0.03677653,-0.018550145,-0.0,-0.0,0.0
54.994,-0.0027134633,0.04019249,-0.014274088,-0.0,0.0,0.0
55.015,-0.011265578,0.030418646,-0.013663223,-0.0,0.0,0.0
55.055,-0.019206826,0.01697961,-0.024658797,4.053065e-05,4.584977e-05,5.8862042e-05
55.095,-0.013709038,-0.0025680775,-0.024658797,-0.0,-0.0,0.0
55.115,-0.016763365,-0.020894036,-0.025880527,-5.222875e-05,4.190055e-05,6.4692875e-05
55.153,-0.011876442,-0.020894036,-0.024047932,-0.0,-0.0,0.0
55.195,0.000951728,-0.011120191,-0.015495819,-0.0,-0.0,0.0
55.234,-0.00027000243,-0.020894036,-0.016717548,-0.0,-0.0,0.0
55.252,-0.011876442,-0.010509326,-0.023437068,-1.995838e-05,2.2553671e-05,4.4508703e-05
55.291,0.0021734587,-0.0013463469,-0.0075545707,-0.0,-0.0,0.0
55.334,0.0027843236,-0.024559228,-0.012441492,-0.0,-0.0,0.0
55.352,-0.0045460593,0.005984036,-0.017939279,-0.0,0.0,0.0
55.392,0.010725572,-0.00073548174,-0.0032785137,-0.0,-0.0,0.0
55.433,0.013779899,0.010870959,-0.008165436,0.0,-0.0,0.0
55.452,0.010725572,0.05424239,-0.00633284,0.00020258904,-4.0056275e-05,2.3656426e-05
55.493,0.013779899,0.027975185,0.0016084082,-0.0,-0.0,0.0
55.533,0.0064495155,0.010870959,-0.0087763015,0.0,-0.0,0.0
55.553,0.015001629,0.045690276,-0.0045002443,0.0,-0.0,0.0
55.592,0.019277684,-0.026391823,0.0046627345,-0.0,-0.0,-0.0
55.634,0.012558168,0.0029297096,0.0040518693,-0.0,-0.0,0.0
55.655,0.020499416,0.018812206,0.009549656,3.7136713e-05,-4.046816e-05,-1.8851184e-05
55.695,0.024775473,0.023699127,0.012603983,-0.0,-0.0,0.0
55.734,0.009503841,0.0346947,0.0064953305,-0.0,-0.0,0.0
55.754,0.015612493,0.005984036,0.0052735996,-0.0,-0.0,0.0
55.794,0.014390763,-0.014174516,0.0022192732,-0.0,-0.0,-0.0
55.834,0.0070603807,-0.0056224037,0.010160522,-0.0,-0.0,-0.0
55.854,0.023553742,-0.023337496,0.010771387,-5.460169e-05,-5.510624e-05,-2.5202513e-05
55.894,0.01622336,0.050577197,0.0046627345,-0.0,-0.0,0.0
55.934,0.011947303,-0.0068441345,0.0009975429,-0.0,-0.0,-0.0
55.954,0.0021734587,-0.009287595,-0.0075545707,-0.0,-0.0,0.0
55.993,0.000951728,-0.0098984605,-0.0045002443,-7.2505622e-06,-6.971471e-07,3.2963997e-06
56.034,0.0015625934,0.011481823,-0.0057219747,0.0,-0.0,0.0
56.074,0.009503841,0.042025086,0.0071061957,-0.0,-0.0,0.0
56.095,0.015612493,0.00048624873,0.010771387,-0.0,-0.0,0.0
56.135,0.01622336,0.045690276,0.010771387,-0.0,-0.0,0.0
56.175,0.019277684,0.0017079792,0.0028301387,-0.0,-0.0,0.0
56.194,0.020499416,-0.0117310565,0.0071061957,-1.941758e-05,-3.3930755e-05,-1.1762585e-05
56.234,0.000951728,0.021866532,0.0003866777,-0.0,-0.0,0.0
56.272,0.011336437,0.020644803,-0.0026676485,0.0,-0.0,0.0
56.293,0.009503841,0.00048624873,-0.0008350528,0.0,-0.0,0.0
56.334,-0.0027134633,-0.0013463469,0.0003866777,-0.0,0.0,0.0
56.372,-0.006378655,0.08783998,-0.009998032,-0.0,0.0,0.0
56.393,-0.00821125,0.046912007,-0.009387166,0.00015281832,2.6750988e-05,3.0577223e-05
56.432,-0.006378655,0.005984036,-0.010608897,-0.0,0.0,0.0
56.472,-0.003935194,0.043246813,-0.0057219747,-0.0,0.0,0.0
56.493,-0.009432982,0.0017079792,-0.009998032,-0.0,0.0,0.0
56.532,-0.019206826,0.06401624,-0.013663223,-0.0,0.0,0.0
56.574,-0.007600385,0.006594901,-0.006943705,-0.0,0.0,0.0
56.593,-0.00698952,-0.0074549993,-0.017328415,-1.0064705e-05,9.436059e-06,2.3394212e-05
56.633,-0.021650286,-0.009287595,-0.016717548,-0.0,-0.0,0.0
56.675,-0.016152497,0.067681424,-0.024047932,-0.0,0.0,0.0
56.694,-0.0302024,0.0365273,-0.028934855,-0.0,0.0,0.0
56.734,-0.03508932,0.001097114,-0.039319564,-0.0,0.0,0.0
56.774,-0.022872018,0.027975185,-0.023437068,-0.0,0.0,0.0
56.814,-0.013709038,0.04446855,-0.011219762,-0.0,0.0,0.0
56.834,-0.012487307,0.06829229,-0.006943705,-0.0,0.0,0.0
56.874,-0.013098172,0.001097114,-0.006943705,-0.0,0.0,0.0
56.914,0.011336437,-0.0636546,-0.0045002443,-0.0,-0.0,0.0
56.934,0.014390763,-0.09419786,0.008327926,-0.0006046762,-9.236083e-05,-5.3486438e-05
56.973,0.02905153,-0.056324217,0.014436578,-0.0,-0.0,-0.0
57.014,0.01744509,0.037138164,0.016269175,-0.0,-0.0,0.0
57.034,0.009503841,-0.020283168,0.008938791,-0.0,-0.0,-0.0
57.075,-0.010043846,0.06401624,-0.0057219747,-0.0,0.0,0.0
57.114,-0.025926342,0.043246813,-0.015495819,-0.0,0.0,0.0
57.135,-0.039976243,0.02858605,-0.027713124,0.000108227716,0.00015136813,0.00010492229
57.175,-0.0442523,-0.058156814,-0.04481735,-0.0,-0.0,0.0
57.215,-0.07051951,-0.07098498,-0.06558677,-0.0,-0.0,0.0
57.233,-0.0583022,-0.11679988,-0.049704272,-0.0,-0.0,0.0
57.273,-0.016763365,-0.06487633,-0.03443264,-0.0,-0.0,0.0
57.313,-0.020428557,0.08295306,-0.017939279,-0.0,0.0,0.0
57.333,-0.017374229,0.09639209,-0.012441492,0.0006386672,0.000115143994,8.2397724e-05
57.372,0.024164608,0.020644803,0.01810177,-0.0,-0.0,0.0
57.412,0.013169033,-0.001957212,0.003441004,-0.0,-0.0,-0.0
57.432,0.03821451,0.08295306,0.02970821,-0.0,-0.0,0.0
57.473,0.044934023,0.02736432,0.035205998,-0.0,-0.0,0.0
57.512,0.0278298,-0.045328643,0.01688004,-0.0,-0.0,-0.0
57.539,0.027218932,-0.009287595,0.013214848,-1.9727991e-05,-5.78137e-05,-2.8069378e-05
57.573,-0.016763365,0.08356392,-0.014884953,-0.0,0.0,0.0
57.616,-0.041197974,0.099446416,-0.030156584,-0.0,0.0,0.0
57.654,-0.04303057,0.009649227,-0.049704272,4.3006494e-05,0.00019188636,0.00022163677
57.675,-0.04486317,-0.014174516,-0.04237389,-0.0,-0.0,0.0
57.715,-0.027758937,-0.041663453,-0.032600045,-0.0,-0.0,0.0
57.755,-0.014319903,-0.008065864,-0.02160447,-0.0,-0.0,0.0
57.774,-0.009432982,-0.02272663,-0.013663223,-0.0,-0.0,0.0
57.814,-0.001491733,-0.00073548174,-0.0075545707,-0.0,-0.0,0.0
57.854,0.0046169194,-0.034943935,0.0003866777,-8.266225e-05,-1.0921597e-05,-9.1516364e-07
57.874,0.008282111,0.0047623054,0.003441004,-0.0,-0.0,0.0
57.913,-0.007600385,-0.009287595,0.005884465,-0.0,0.0,0.0
57.953,0.0070603807,0.00415144,0.0077170604,-0.0,-0.0,0.0
57.974,0.0058386503,-0.02394836,0.0071061957,-0.0,-0.0,-0.0
58.014,0.01988855,-0.03677653,0.013825713,-0.0,-0.0,-0.0
58.054,0.01622336,0.009649227,0.022988692,-0.0,-0.0,0.0
58.075,0.012558168,-0.0031789427,0.021156095,-5.2926002e-06,-2.0906462e-05,-3.5220244e-05
58.115,-0.0027134633,0.051188063,0.019934366,0.0,-0.0,-0.0
58.154,-0.012487307,0.038359895,0.024210423,0.0,-0.0,-0.0
58.175,-0.023482881,0.031029511,0.020545231,0.0,-0.0,-0.0
58.215,-0.026537208,-0.014174516,0.01810177,-0.0,0.0,0.0
58.253,-0.028369805,-0.0098984605,0.023599558,-0.0,0.0,0.0
58.273,-0.028369805,-0.04105259,0.024821287,-0.00015354097,0.00010611655,-9.2829025e-05
58.313,-0.0302024,-0.017228844,0.021766962,-0.0,0.0,0.0
58.353,-0.028369805,-0.04105259,0.0193235,-0.0,0.0,0.0
58.374,-0.025315477,-0.03677653,0.02848648,-0.0,0.0,0.0
58.414,-0.029591534,-0.04716124,0.023599558,-0.0,0.0,0.0
58.451,-0.029591534,-0.011120191,0.021766962,-0.0,0.0,0.0
58.493,-0.028980669,-0.053269893,0.01688004,-0.0,0.0,0.0
58.512,-0.028369805,-0.018450573,0.016269175,-0.0,0.0,0.0
58.553,-0.03142413,-0.028835284,0.009549656,-0.0,0.0,0.0
58.593,-0.03631105,-0.025170092,0.0064953305,-7.542996e-05,0.00010881956,-1.9461439e-05
58.614,-0.03142413,-0.06854153,0.0052735996,-0.0,0.0,0.0
58.655,-0.023482881,0.005373171,0.011993118,0.0,-0.0,-0.0
58.694,-0.028980669,-0.024559228,0.0064953305,-0.0,0.0,0.0
58.715,-0.030813266,-0.0037898081,0.003441004,-0.0,0.0,0.0
58.754,-0.019206826,0.006594901,0.008938791,0.0,-0.0,-0.0
58.794,-0.028369805,0.026753454,0.0071061957,7.116464e-05,7.546274e-05,-1.8905097e-05
58.814,-0.020428557,0.021255666,0.0046627345,0.0,-0.0,-0.0
58.854,-0.014319903,0.04507941,0.0064953305,0.0,-0.0,-0.0
58.894,-0.019206826,-0.013563652,0.0052735996,-0.0,0.0,0.0
58.915,-0.022872018,-0.011120191,0.0003866777,-0.0,0.0,0.0
58.954,-0.020428557,-0.0013463469,0.0040518693,-0.0,0.0,0.0
58.994,-0.024704613,0.025531722,-0.0020567833,-0.0,0.0,0.0
59.014,-0.0302024,0.038359895,-0.008165436,0.00012742807,0.000100332414,2.7118731e-05
59.053,-0.025926342,0.016368745,-0.011830627,-0.0,0.0,0.0
59.094,-0.0302024,-0.066098064,-0.010608897,-0.0,-0.0,0.0
59.114,-0.025926342,-0.0215049,-0.011219762,-0.0,-0.0,0.0
59.155,-0.022872018,0.024920858,-0.008165436,-0.0,0.0,0.0
59.195,-0.03631105,0.023699127,-0.015495819,-0.0,0.0,0.0
59.214,-0.030813266,0.016368745,-0.013052357,4.092024e-05,7.7033146e-05,3.262903e-05
59.252,-0.027758937,0.04263595,-0.0075545707,-0.0,0.0,0.0
59.292,-0.021650286,0.026753454,-0.00022418753,-0.0,0.0,0.0
59.315,-0.021650286,0.039581623,-0.00022418753,-0.0,0.0,0.0
59.352,-0.01981769,0.009649227,-0.0020567833,-0.0,0.0,0.0
59.392,-0.003935194,-0.0031789427,0.0071061957,-0.0,0.0,0.0
59.432,-0.00027000243,0.031640377,0.011382252,0.0,-0.0,-0.0
59.454,0.0070603807,0.014536149,0.0046627345,-0.0,-0.0,0.0
59.492,-0.002102598,-0.061822005,0.0003866777,-0.0,0.0,0.0
59.531,0.0040060543,-0.029446147,0.0003866777,-5.8729423e-05,-7.989927e-06,-7.7145125e-07
59.553,-0.0045460593,-0.036165666,0.0022192732,-0.0,0.0,0.0
59.593,-0.016152497,-0.03188961,-0.003889379,-0.0,-0.0,0.0
59.633,-0.012487307,-0.063043736,-0.010608897,-0.0,-0.0,0.0
59.652,-0.011265578,-0.04716124,-0.00633284,-0.0,-0.0,0.0
59.694,-0.00027000243,0.016368745,0.0009975429,0.0,-0.0,-0.0
59.732,0.0058386503,0.030418646,0.003441004,6.361783e-05,-1.2211244e-05,-7.1961645e-06
59.753,0.0058386503,0.008427497,0.0028301387,-0.0,-0.0,0.0
59.793,0.0040060543,-0.0044006733,0.0016084082,-0.0,-0.0,-0.0
59.833,0.008282111,0.020033937,0.0003866777,-0.0,-0.0,0.0
59.854,0.015612493,0.02736432,-0.0020567833,0.0,-0.0,0.0
59.894,0.0064495155,0.007816631,-0.0026676485,0.0,-0.0,0.0
59.936,-0.00088086765,0.043246813,-0.0032785137,-0.0,0.0,0.0
59.953,-0.005156924,0.047522873,-0.0032785137,0.00015280773,1.658268e-05,1.0540658e-05
59.995,-0.007600385,0.024309995,-0.009387166,-0.0,0.0,0.0
