timestamp,x,y,z
00.000,-0.65625,-0.515625,-0.546875
00.031,-0.640625,-0.515625,-0.546875
00.062,-0.640625,-0.515625,-0.546875
00.093,-0.640625,-0.515625,-0.546875
00.125,-0.640625,-0.515625,-0.546875
00.156,-0.640625,-0.515625,-0.5625
00.187,-0.640625,-0.5,-0.546875
00.218,-0.65625,-0.515625,-0.546875
00.250,-0.65625,-0.515625,-0.546875
00.281,-0.65625,-0.515625,-0.546875
00.312,-0.65625,-0.515625,-0.546875
00.343,-0.65625,-0.515625,-0.546875
00.375,-0.65625,-0.515625,-0.546875
00.406,-0.65625,-0.515625,-0.546875
00.437,-0.65625,-0.515625,-0.546875
00.468,-0.65625,-0.515625,-0.546875
00.500,-0.65625,-0.515625,-0.546875
00.531,-0.65625,-0.515625,-0.546875
00.562,-0.65625,-0.515625,-0.546875
00.593,-0.65625,-0.515625,-0.546875
00.625,-0.65625,-0.515625,-0.53125
00.656,-0.65625,-0.515625,-0.546875
00.687,-0.65625,-0.515625,-0.546875
00.718,-0.65625,-0.515625,-0.546875
00.750,-0.65625,-0.515625,-0.546875
00.781,-0.65625,-0.515625,-0.546875
00.812,-0.65625,-0.515625,-0.546875
00.843,-0.65625,-0.515625,-0.546875
00.875,-0.65625,-0.515625,-0.53125
00.906,-0.65625,-0.515625,-0.546875
00.937,-0.65625,-0.515625,-0.53125
00.968,-0.65625,-0.515625,-0.53125
01.000,-0.65625,-0.515625,-0.546875
01.031,-0.65625,-0.515625,-0.546875
01.062,-0.65625,-0.515625,-0.53125
01.093,-0.65625,-0.515625,-0.546875
01.125,-0.65625,-0.515625,-0.546875
01.156,-0.65625,-0.515625,-0.546875
01.187,-0.65625,-0.515625,-0.53125
01.218,-0.65625,-0.515625,-0.546875
01.250,-0.65625,-0.515625,-0.546875
01.281,-0.65625,-0.515625,-0.546875
01.312,-0.65625,-0.515625,-0.546875
01.343,-0.65625,-0.515625,-0.546875
01.375,-0.65625,-0.515625,-0.546875
01.406,-0.65625,-0.515625,-0.546875
01.437,-0.65625,-0.515625,-0.546875
01.468,-0.65625,-0.515625,-0.546875
01.500,-0.65625,-0.515625,-0.546875
01.531,-0.65625,-0.515625,-0.546875
01.562,-0.65625,-0.515625,-0.546875
01.593,-0.65625,-0.515625,-0.546875
01.625,-0.65625,-0.515625,-0.546875
01.656,-0.65625,-0.515625,-0.546875
01.687,-0.65625,-0.515625,-0.546875
01.718,-0.65625,-0.515625,-0.546875
01.750,-0.640625,-0.515625,-0.546875
01.781,-0.65625,-0.515625,-0.546875
01.812,-0.65625,-0.515625,-0.546875
01.843,-0.65625,-0.515625,-0.546875
01.875,-0.640625,-0.515625,-0.546875
01.906,-0.65625,-0.515625,-0.546875
01.937,-0.640625,-0.515625,-0.546875
01.968,-0.640625,-0.515625,-0.546875
02.000,-0.65625,-0.515625,-0.546875
02.031,-0.640625,-0.515625,-0.546875
02.062,-0.640625,-0.515625,-0.546875
02.093,-0.640625,-0.515625,-0.546875
02.125,-0.640625,-0.515625,-0.546875
02.156,-0.640625,-0.515625,-0.5625
02.187,-0.65625,-0.515625,-0.546875
02.218,-0.65625,-0.515625,-0.546875
02.250,-0.640625,-0.515625,-0.546875
02.281,-0.640625,-0.515625,-0.546875
02.312,-0.640625,-0.515625,-0.546875
02.343,-0.640625,-0.515625,-0.546875
02.375,-0.640625,-0.515625,-0.5625
02.406,-0.640625,-0.515625,-0.546875
02.437,-0.640625,-0.515625,-0.546875
02.468,-0.640625,-0.515625,-0.5625
02.500,-0.65625,-0.515625,-0.546875
02.531,-0.640625,-0.515625,-0.546875
02.562,-0.640625,-0.515625,-0.5625
02.593,-0.640625,-0.515625,-0.5625
02.625,-0.640625,-0.515625,-0.5625
02.656,-0.640625,-0.515625,-0.546875
02.687,-0.640625,-0.515625,-0.5625
02.718,-0.640625,-0.515625,-0.546875
02.750,-0.640625,-0.515625,-0.5625
02.781,-0.640625,-0.515625,-0.5625
02.812,-0.640625,-0.515625,-0.5625
02.843,-0.640625,-0.515625,-0.5625
02.875,-0.640625,-0.515625,-0.546875
02.906,-0.65625,-0.515625,-0.546875
02.937,-0.640625,-0.515625,-0.546875
02.968,-0.640625,-0.515625,-0.5625
03.000,-0.640625,-0.515625,-0.546875
03.031,-0.65625,-0.515625,-0.546875
03.062,-0.640625,-0.515625,-0.546875
03.093,-0.640625,-0.515625,-0.546875
03.125,-0.65625,-0.515625,-0.546875
03.156,-0.640625,-0.515625,-0.546875
03.187,-0.640625,-0.515625,-0.546875
03.218,-0.65625,-0.515625,-0.546875
03.250,-0.65625,-0.515625,-0.546875
03.281,-0.65625,-0.515625,-0.546875
03.312,-0.65625,-0.515625,-0.546875
03.343,-0.65625,-0.515625,-0.546875
03.375,-0.65625,-0.515625,-0.546875
03.406,-0.65625,-0.515625,-0.546875
03.437,-0.65625,-0.515625,-0.546875
03.468,-0.65625,-0.515625,-0.53125
03.500,-0.65625,-0.515625,-0.546875
03.531,-0.65625,-0.515625,-0.53125
03.562,-0.65625,-0.515625,-0.546875
03.593,-0.65625,-0.515625,-0.53125
03.625,-0.65625,-0.515625,-0.546875
03.656,-0.65625,-0.515625,-0.53125
03.687,-0.65625,-0.515625,-0.53125
03.718,-0.65625,-0.515625,-0.53125
03.750,-0.65625,-0.515625,-0.53125
03.781,-0.65625,-0.515625,-0.53125
03.812,-0.65625,-0.515625,-0.53125
03.843,-0.65625,-0.515625,-0.53125
03.875,-0.65625,-0.515625,-0.53125
03.906,-0.65625,-0.515625,-0.53125
03.937,-0.65625,-0.515625,-0.53125
03.968,-0.65625,-0.515625,-0.546875
04.000,-0.65625,-0.515625,-0.53125
04.031,-0.65625,-0.515625,-0.546875
04.062,-0.65625,-0.515625,-0.53125
04.093,-0.65625,-0.515625,-0.546875
04.125,-0.65625,-0.515625,-0.546875
04.156,-0.65625,-0.515625,-0.546875
04.187,-0.65625,-0.515625,-0.546875
04.218,-0.65625,-0.515625,-0.546875
04.250,-0.65625,-0.515625,-0.546875
04.281,-0.65625,-0.515625,-0.546875
04.312,-0.65625,-0.515625,-0.546875
04.343,-0.65625,-0.515625,-0.546875
04.375,-0.65625,-0.515625,-0.546875
04.406,-0.65625,-0.515625,-0.546875
04.437,-0.65625,-0.515625,-0.546875
04.468,-0.65625,-0.515625,-0.546875
04.500,-0.65625,-0.515625,-0.546875
04.531,-0.65625,-0.515625,-0.546875
04.562,-0.65625,-0.515625,-0.546875
04.593,-0.65625,-0.515625,-0.546875
04.625,-0.640625,-0.515625,-0.546875
04.656,-0.65625,-0.515625,-0.546875
04.687,-0.65625,-0.515625,-0.546875
04.718,-0.65625,-0.515625,-0.546875
04.750,-0.640625,-0.515625,-0.546875
04.781,-0.65625,-0.515625,-0.546875
04.812,-0.640625,-0.515625,-0.546875
04.843,-0.65625,-0.515625,-0.546875
04.875,-0.65625,-0.515625,-0.546875
04.906,-0.640625,-0.515625,-0.546875
04.937,-0.640625,-0.515625,-0.546875
04.968,-0.640625,-0.515625,-0.546875
05.000,-0.65625,-0.515625,-0.546875
05.031,-0.65625,-0.515625,-0.546875
05.062,-0.640625,-0.515625,-0.546875
05.093,-0.640625,-0.515625,-0.546875
05.125,-0.65625,-0.515625,-0.546875
05.156,-0.640625,-0.515625,-0.546875
05.187,-0.640625,-0.515625,-0.5625
05.218,-0.65625,-0.515625,-0.546875
05.250,-0.65625,-0.515625,-0.546875
05.281,-0.640625,-0.515625,-0.5625
05.312,-0.65625,-0.515625,-0.546875
05.343,-0.640625,-0.515625,-0.546875
05.375,-0.65625,-0.515625,-0.546875
05.406,-0.640625,-0.515625,-0.546875
05.437,-0.640625,-0.515625,-0.546875
05.468,-0.640625,-0.515625,-0.546875
05.500,-0.65625,-0.515625,-0.546875
05.531,-0.640625,-0.515625,-0.546875
05.562,-0.640625,-0.515625,-0.546875
05.593,-0.640625,-0.515625,-0.5625
05.625,-0.640625,-0.515625,-0.546875
05.656,-0.640625,-0.515625,-0.546875
05.687,-0.65625,-0.515625,-0.546875
05.718,-0.640625,-0.515625,-0.546875
05.750,-0.640625,-0.515625,-0.546875
05.781,-0.65625,-0.515625,-0.546875
05.812,-0.65625,-0.515625,-0.546875
05.843,-0.640625,-0.515625,-0.546875
05.875,-0.65625,-0.515625,-0.546875
05.906,-0.65625,-0.515625,-0.546875
05.937,-0.65625,-0.515625,-0.546875
05.968,-0.640625,-0.515625,-0.546875
06.000,-0.65625,-0.515625,-0.546875
06.031,-0.65625,-0.515625,-0.546875
06.062,-0.65625,-0.515625,-0.546875
06.093,-0.640625,-0.515625,-0.546875
06.125,-0.65625,-0.515625,-0.546875
06.156,-0.65625,-0.515625,-0.546875
06.187,-0.65625,-0.515625,-0.546875
06.218,-0.65625,-0.515625,-0.546875
06.250,-0.65625,-0.515625,-0.546875
06.281,-0.65625,-0.515625,-0.546875
06.312,-0.65625,-0.515625,-0.546875
06.343,-0.65625,-0.515625,-0.546875
06.375,-0.65625,-0.515625,-0.53125
06.406,-0.65625,-0.515625,-0.53125
06.437,-0.65625,-0.515625,-0.53125
06.468,-0.65625,-0.515625,-0.546875
06.500,-0.65625,-0.515625,-0.53125
06.531,-0.65625,-0.515625,-0.53125
06.562,-0.65625,-0.515625,-0.53125
06.593,-0.65625,-0.515625,-0.53125
06.625,-0.65625,-0.515625,-0.53125
06.656,-0.65625,-0.515625,-0.53125
06.687,-0.65625,-0.515625,-0.53125
06.718,-0.65625,-0.515625,-0.53125
06.750,-0.65625,-0.515625,-0.53125
06.781,-0.65625,-0.515625,-0.546875
06.812,-0.65625,-0.515625,-0.546875
06.843,-0.65625,-0.515625,-0.53125
06.875,-0.65625,-0.515625,-0.53125
06.906,-0.65625,-0.515625,-0.53125
06.937,-0.65625,-0.515625,-0.53125
06.968,-0.65625,-0.515625,-0.546875
07.000,-0.65625,-0.515625,-0.53125
07.031,-0.65625,-0.515625,-0.53125
07.062,-0.65625,-0.515625,-0.546875
07.093,-0.65625,-0.515625,-0.546875
07.125,-0.65625,-0.515625,-0.546875
07.156,-0.65625,-0.515625,-0.546875
07.187,-0.65625,-0.515625,-0.546875
07.218,-0.65625,-0.515625,-0.546875
07.250,-0.65625,-0.515625,-0.546875
07.281,-0.65625,-0.515625,-0.546875
07.312,-0.65625,-0.515625,-0.546875
07.343,-0.65625,-0.515625,-0.546875
07.375,-0.65625,-0.515625,-0.53125
07.406,-0.65625,-0.515625,-0.546875
07.437,-0.65625,-0.515625,-0.546875
07.468,-0.65625,-0.515625,-0.53125
07.500,-0.65625,-0.515625,-0.53125
07.531,-0.640625,-0.515625,-0.53125
07.562,-0.65625,-0.515625,-0.546875
07.593,-0.65625,-0.515625,-0.546875
07.625,-0.65625,-0.515625,-0.546875
07.656,-0.640625,-0.515625,-0.546875
07.687,-0.65625,-0.515625,-0.5625
07.718,-0.65625,-0.515625,-0.5625
07.750,-0.640625,-0.515625,-0.546875
07.781,-0.65625,-0.515625,-0.546875
07.812,-0.65625,-0.515625,-0.53125
07.843,-0.65625,-0.515625,-0.546875
07.875,-0.65625,-0.515625,-0.546875
07.906,-0.65625,-0.5,-0.546875
07.937,-0.65625,-0.515625,-0.546875
07.968,-0.65625,-0.515625,-0.5625
08.000,-0.65625,-0.5,-0.546875
08.031,-0.65625,-0.515625,-0.546875
08.062,-0.65625,-0.515625,-0.546875
08.093,-0.65625,-0.5,-0.546875
08.125,-0.65625,-0.5,-0.546875
08.156,-0.65625,-0.515625,-0.546875
08.187,-0.65625,-0.5,-0.546875
08.218,-0.65625,-0.515625,-0.5625
08.250,-0.65625,-0.515625,-0.546875
08.281,-0.65625,-0.515625,-0.546875
08.312,-0.65625,-0.515625,-0.53125
08.343,-0.65625,-0.5,-0.53125
08.375,-0.65625,-0.515625,-0.53125
08.406,-0.65625,-0.515625,-0.546875
08.437,-0.65625,-0.515625,-0.546875
08.468,-0.65625,-0.515625,-0.546875
08.500,-0.65625,-0.515625,-0.546875
08.531,-0.640625,-0.515625,-0.546875
08.562,-0.65625,-0.515625,-0.546875
08.593,-0.65625,-0.515625,-0.546875
08.625,-0.65625,-0.515625,-0.546875
08.656,-0.65625,-0.515625,-0.546875
08.687,-0.65625,-0.5,-0.53125
08.718,-0.65625,-0.515625,-0.546875
08.750,-0.65625,-0.515625,-0.546875
08.781,-0.65625,-0.515625,-0.546875
08.812,-0.65625,-0.515625,-0.546875
08.843,-0.65625,-0.515625,-0.546875
08.875,-0.65625,-0.515625,-0.546875
08.906,-0.640625,-0.515625,-0.546875
08.937,-0.65625,-0.515625,-0.546875
08.968,-0.65625,-0.515625,-0.546875
09.000,-0.65625,-0.5,-0.546875
09.031,-0.65625,-0.515625,-0.546875
09.062,-0.65625,-0.515625,-0.546875
09.093,-0.65625,-0.515625,-0.546875
09.125,-0.65625,-0.515625,-0.546875
09.156,-0.65625,-0.515625,-0.546875
09.187,-0.65625,-0.515625,-0.546875
09.218,-0.640625,-0.515625,-0.546875
09.250,-0.65625,-0.515625,-0.546875
09.281,-0.65625,-0.515625,-0.546875
09.312,-0.65625,-0.515625,-0.546875
09.343,-0.65625,-0.515625,-0.546875
09.375,-0.65625,-0.515625,-0.546875
09.406,-0.640625,-0.515625,-0.546875
09.437,-0.65625,-0.515625,-0.546875
09.468,-0.65625,-0.515625,-0.546875
09.500,-0.65625,-0.515625,-0.546875
09.531,-0.65625,-0.515625,-0.546875
09.562,-0.640625,-0.515625,-0.546875
09.593,-0.65625,-0.515625,-0.546875
09.625,-0.65625,-0.515625,-0.546875
09.656,-0.65625,-0.515625,-0.546875
09.687,-0.65625,-0.515625,-0.546875
09.718,-0.65625,-0.515625,-0.546875
09.750,-0.65625,-0.515625,-0.546875
09.781,-0.65625,-0.515625,-0.546875
09.812,-0.65625,-0.515625,-0.546875
09.843,-0.65625,-0.515625,-0.546875
09.875,-0.65625,-0.515625,-0.546875
09.906,-0.65625,-0.515625,-0.546875
09.937,-0.65625,-0.515625,-0.546875
09.968,-0.65625,-0.515625,-0.546875
10.000,-0.65625,-0.515625,-0.546875
10.031,-0.65625,-0.515625,-0.546875
10.062,-0.65625,-0.515625,-0.546875
10.093,-0.65625,-0.515625,-0.546875
10.125,-0.65625,-0.515625,-0.546875
10.156,-0.65625,-0.515625,-0.53125
10.187,-0.65625,-0.515625,-0.546875
10.218,-0.65625,-0.515625,-0.53125
10.250,-0.65625,-0.515625,-0.546875
10.281,-0.65625,-0.515625,-0.546875
10.312,-0.640625,-0.515625,-0.546875
10.343,-0.65625,-0.515625,-0.53125
10.375,-0.65625,-0.515625,-0.53125
10.406,-0.65625,-0.515625,-0.546875
10.437,-0.65625,-0.515625,-0.53125
10.468,-0.65625,-0.515625,-0.53125
10.500,-0.65625,-0.515625,-0.546875
10.531,-0.65625,-0.515625,-0.53125
10.562,-0.65625,-0.515625,-0.546875
10.593,-0.65625,-0.515625,-0.53125
10.625,-0.65625,-0.515625,-0.53125
10.656,-0.65625,-0.515625,-0.546875
10.687,-0.65625,-0.515625,-0.53125
10.718,-0.65625,-0.515625,-0.546875
10.750,-0.65625,-0.515625,-0.546875
10.781,-0.65625,-0.515625,-0.546875
10.812,-0.65625,-0.515625,-0.53125
10.843,-0.65625,-0.515625,-0.546875
10.875,-0.65625,-0.515625,-0.546875
10.906,-0.65625,-0.515625,-0.546875
10.937,-0.65625,-0.515625,-0.546875
10.968,-0.65625,-0.515625,-0.546875
11.000,-0.65625,-0.515625,-0.546875
11.031,-0.65625,-0.515625,-0.546875
11.062,-0.65625,-0.515625,-0.546875
11.093,-0.65625,-0.515625,-0.53125
11.125,-0.65625,-0.5,-0.546875
11.156,-0.65625,-0.515625,-0.546875
11.187,-0.65625,-0.515625,-0.546875
11.218,-0.65625,-0.59375,-0.4375
11.250,-0.640625,-0.453125,-0.640625
11.281,-0.65625,-0.515625,-0.546875
11.312,-0.65625,-0.5,-0.546875
11.343,-0.65625,-0.5,-0.53125
11.375,-0.65625,-0.515625,-0.5625
11.406,-0.65625,-0.5,-0.546875
11.437,-0.65625,-0.515625,-0.546875
11.468,-0.65625,-0.5,-0.546875
11.500,-0.65625,-0.5,-0.546875
11.531,-0.65625,-0.5,-0.546875
11.562,-0.65625,-0.5,-0.546875
11.593,-0.65625,-0.5,-0.546875
11.625,-0.65625,-0.5,-0.546875
11.656,-0.65625,-0.5,-0.546875
11.687,-0.65625,-0.5,-0.546875
11.718,-0.65625,-0.5,-0.546875
11.750,-0.65625,-0.5,-0.5625
11.781,-0.65625,-0.5,-0.5625
11.812,-0.65625,-0.5,-0.546875
11.843,-0.65625,-0.5,-0.546875
11.875,-0.65625,-0.5,-0.546875
11.906,-0.65625,-0.5,-0.546875
11.937,-0.65625,-0.5,-0.5625
11.968,-0.65625,-0.5,-0.546875
12.000,-0.65625,-0.5,-0.546875
12.031,-0.65625,-0.5,-0.546875
12.062,-0.65625,-0.5,-0.546875
12.093,-0.65625,-0.5,-0.546875
12.125,-0.65625,-0.5,-0.546875
12.156,-0.65625,-0.5,-0.5625
12.187,-0.65625,-0.5,-0.5625
12.218,-0.65625,-0.5,-0.5625
12.250,-0.65625,-0.5,-0.5625
12.281,-0.65625,-0.5,-0.546875
12.312,-0.65625,-0.5,-0.5625
12.343,-0.65625,-0.5,-0.5625
12.375,-0.65625,-0.5,-0.546875
12.406,-0.65625,-0.5,-0.5625
12.437,-0.65625,-0.5,-0.546875
12.468,-0.65625,-0.5,-0.546875
12.500,-0.65625,-0.5,-0.5625
12.531,-0.65625,-0.5,-0.5625
12.562,-0.65625,-0.5,-0.5625
12.593,-0.65625,-0.5,-0.5625
12.625,-0.65625,-0.5,-0.5625
12.656,-0.65625,-0.5,-0.546875
12.687,-0.65625,-0.5,-0.5625
12.718,-0.65625,-0.5,-0.5625
12.750,-0.65625,-0.5,-0.5625
12.781,-0.65625,-0.5,-0.5625
12.812,-0.65625,-0.5,-0.5625
12.843,-0.65625,-0.5,-0.546875
12.875,-0.65625,-0.5,-0.5625
12.906,-0.65625,-0.5,-0.5625
12.937,-0.65625,-0.5,-0.5625
12.968,-0.65625,-0.5,-0.5625
13.000,-0.65625,-0.5,-0.546875
13.031,-0.65625,-0.5,-0.5625
13.062,-0.65625,-0.5,-0.5625
13.093,-0.65625,-0.5,-0.5625
13.125,-0.65625,-0.5,-0.5625
13.156,-0.65625,-0.5,-0.5625
13.187,-0.65625,-0.5,-0.5625
13.218,-0.65625,-0.5,-0.5625
13.250,-0.65625,-0.5,-0.5625
13.281,-0.65625,-0.5,-0.546875
13.312,-0.65625,-0.5,-0.5625
13.343,-0.65625,-0.5,-0.5625
13.375,-0.65625,-0.5,-0.546875
13.406,-0.65625,-0.5,-0.5625
13.437,-0.65625,-0.5,-0.5625
13.468,-0.65625,-0.5,-0.546875
13.500,-0.65625,-0.5,-0.5625
13.531,-0.65625,-0.5,-0.5625
13.562,-0.65625,-0.5,-0.5625
13.593,-0.65625,-0.5,-0.5625
13.625,-0.65625,-0.5,-0.546875
13.656,-0.65625,-0.5,-0.5625
13.687,-0.65625,-0.5,-0.546875
13.718,-0.65625,-0.5,-0.5625
13.750,-0.65625,-0.5,-0.5625
13.781,-0.65625,-0.5,-0.546875
13.812,-0.65625,-0.5,-0.5625
13.843,-0.65625,-0.5,-0.546875
13.875,-0.65625,-0.5,-0.546875
13.906,-0.65625,-0.5,-0.546875
13.937,-0.65625,-0.5,-0.546875
13.968,-0.65625,-0.5,-0.546875
14.000,-0.65625,-0.5,-0.546875
14.031,-0.65625,-0.5,-0.546875
14.062,-0.65625,-0.5,-0.546875
14.093,-0.65625,-0.5,-0.546875
14.125,-0.65625,-0.5,-0.546875
14.156,-0.65625,-0.5,-0.546875
14.187,-0.65625,-0.5,-0.546875
14.218,-0.65625,-0.5,-0.546875
14.250,-0.65625,-0.5,-0.546875
14.281,-0.65625,-0.5,-0.546875
14.312,-0.65625,-0.5,-0.546875
14.343,-0.65625,-0.5,-0.546875
14.375,-0.65625,-0.5,-0.546875
14.406,-0.65625,-0.5,-0.546875
14.437,-0.65625,-0.5,-0.546875
14.468,-0.65625,-0.5,-0.546875
14.500,-0.65625,-0.5,-0.546875
14.531,-0.65625,-0.5,-0.546875
14.562,-0.65625,-0.5,-0.546875
14.593,-0.65625,-0.5,-0.546875
14.625,-0.65625,-0.5,-0.546875
14.656,-0.65625,-0.5,-0.546875
14.687,-0.65625,-0.5,-0.546875
14.718,-0.65625,-0.5,-0.546875
14.750,-0.65625,-0.5,-0.546875
14.781,-0.65625,-0.5,-0.546875
14.812,-0.65625,-0.5,-0.546875
14.843,-0.65625,-0.5,-0.546875
14.875,-0.65625,-0.5,-0.546875
14.906,-0.65625,-0.5,-0.546875
14.937,-0.65625,-0.5,-0.5625
14.968,-0.65625,-0.5,-0.546875
15.000,-0.65625,-0.5,-0.546875
15.031,-0.65625,-0.5,-0.546875
15.062,-0.65625,-0.5,-0.546875
15.093,-0.65625,-0.5,-0.5625
15.125,-0.65625,-0.5,-0.5625
15.156,-0.65625,-0.5,-0.546875
15.187,-0.65625,-0.5,-0.5625
15.218,-0.65625,-0.5,-0.5625
15.250,-0.65625,-0.5,-0.546875
15.281,-0.65625,-0.5,-0.546875
15.312,-0.65625,-0.5,-0.546875
15.343,-0.65625,-0.5,-0.5625
15.375,-0.65625,-0.5,-0.5625
15.406,-0.65625,-0.5,-0.5625
15.437,-0.65625,-0.5,-0.5625
15.468,-0.65625,-0.5,-0.5625
15.500,-0.65625,-0.5,-0.5625
15.531,-0.65625,-0.5,-0.546875
15.562,-0.65625,-0.5,-0.5625
15.593,-0.65625,-0.5,-0.5625
15.625,-0.65625,-0.5,-0.5625
15.656,-0.65625,-0.5,-0.546875
15.687,-0.65625,-0.5,-0.5625
15.718,-0.65625,-0.5,-0.5625
15.750,-0.65625,-0.5,-0.5625
15.781,-0.65625,-0.5,-0.5625
15.812,-0.65625,-0.5,-0.5625
15.843,-0.65625,-0.5,-0.5625
15.875,-0.65625,-0.5,-0.5625
15.906,-0.65625,-0.5,-0.5625
15.937,-0.65625,-0.5,-0.5625
15.968,-0.65625,-0.5,-0.546875
16.000,-0.65625,-0.5,-0.5625
16.031,-0.65625,-0.5,-0.5625
16.062,-0.65625,-0.5,-0.5625
16.093,-0.640625,-0.5,-0.5625
16.125,-0.65625,-0.5,-0.5625
16.156,-0.65625,-0.5,-0.5625
16.187,-0.65625,-0.5,-0.5625
16.218,-0.65625,-0.5,-0.5625
16.250,-0.65625,-0.5,-0.5625
16.281,-0.65625,-0.5,-0.5625
16.312,-0.65625,-0.5,-0.5625
16.343,-0.65625,-0.5,-0.5625
16.375,-0.65625,-0.5,-0.5625
16.406,-0.65625,-0.5,-0.5625
16.437,-0.65625,-0.5,-0.5625
16.468,-0.65625,-0.5,-0.546875
16.500,-0.65625,-0.5,-0.5625
16.531,-0.640625,-0.5,-0.5625
16.562,-0.65625,-0.5,-0.5625
16.593,-0.65625,-0.5,-0.5625
16.625,-0.65625,-0.5,-0.5625
16.656,-0.65625,-0.5,-0.5625
16.687,-0.65625,-0.5,-0.546875
16.718,-0.65625,-0.5,-0.5625
16.750,-0.65625,-0.5,-0.5625
16.781,-0.65625,-0.5,-0.546875
16.812,-0.65625,-0.5,-0.5625
16.843,-0.65625,-0.5,-0.546875
16.875,-0.65625,-0.5,-0.5625
16.906,-0.65625,-0.5,-0.5625
16.937,-0.65625,-0.5,-0.546875
16.968,-0.65625,-0.5,-0.546875
17.000,-0.65625,-0.5,-0.546875
17.031,-0.65625,-0.5,-0.546875
17.062,-0.65625,-0.5,-0.546875
17.093,-0.65625,-0.5,-0.546875
17.125,-0.65625,-0.5,-0.546875
17.156,-0.65625,-0.5,-0.546875
17.187,-0.65625,-0.5,-0.546875
17.218,-0.65625,-0.5,-0.546875
17.250,-0.65625,-0.5,-0.546875
17.281,-0.65625,-0.5,-0.546875
17.312,-0.65625,-0.5,-0.546875
17.343,-0.65625,-0.5,-0.546875
17.375,-0.65625,-0.5,-0.546875
17.406,-0.65625,-0.5,-0.546875
17.437,-0.65625,-0.5,-0.546875
17.468,-0.65625,-0.5,-0.546875
17.500,-0.65625,-0.5,-0.546875
17.531,-0.65625,-0.5,-0.546875
17.562,-0.65625,-0.5,-0.546875
17.593,-0.65625,-0.5,-0.546875
17.625,-0.65625,-0.5,-0.546875
17.656,-0.65625,-0.5,-0.546875
17.687,-0.65625,-0.5,-0.546875
17.718,-0.65625,-0.5,-0.546875
17.750,-0.65625,-0.5,-0.546875
17.781,-0.65625,-0.5,-0.546875
17.812,-0.65625,-0.5,-0.546875
17.843,-0.65625,-0.5,-0.546875
17.875,-0.65625,-0.5,-0.546875
17.906,-0.65625,-0.5,-0.546875
17.937,-0.65625,-0.5,-0.546875
17.968,-0.65625,-0.5,-0.546875
18.000,-0.65625,-0.5,-0.546875
18.031,-0.65625,-0.5,-0.546875
18.062,-0.65625,-0.5,-0.546875
18.093,-0.65625,-0.5,-0.546875
18.125,-0.65625,-0.5,-0.546875
18.156,-0.65625,-0.5,-0.546875
18.187,-0.65625,-0.5,-0.546875
18.218,-0.65625,-0.5,-0.546875
18.250,-0.65625,-0.5,-0.546875
18.281,-0.65625,-0.5,-0.546875
18.312,-0.65625,-0.5,-0.546875
18.343,-0.65625,-0.5,-0.5625
18.375,-0.65625,-0.5,-0.5625
18.406,-0.65625,-0.5,-0.5625
18.437,-0.65625,-0.5,-0.5625
18.468,-0.65625,-0.5,-0.5625
18.500,-0.65625,-0.5,-0.5625
18.531,-0.65625,-0.5,-0.578125
18.562,-0.640625,-0.484375,-0.578125
18.593,-0.640625,-0.484375,-0.5625
18.625,-0.65625,-0.5,-0.5625
18.656,-0.671875,-0.5,-0.546875
18.687,-0.671875,-0.5,-0.515625
18.718,-0.65625,-0.46875,-0.546875
18.750,-0.640625,-0.5,-0.609375
18.781,-0.65625,-0.484375,-0.59375
18.812,-0.671875,-0.484375,-0.546875
18.843,-0.6875,-0.484375,-0.546875
18.875,-0.6875,-0.46875,-0.5
18.906,-0.703125,-0.484375,-0.578125
18.937,-0.6875,-0.5,-0.578125
18.968,-0.6875,-0.484375,-0.546875
19.000,-0.703125,-0.484375,-0.546875
19.031,-0.703125,-0.5,-0.53125
19.062,-0.703125,-0.5,-0.484375
19.093,-0.703125,-0.5,-0.484375
19.125,-0.71875,-0.515625,-0.453125
19.156,-0.71875,-0.53125,-0.4375
19.187,-0.71875,-0.546875,-0.4375
19.218,-0.734375,-0.546875,-0.4375
19.250,-0.734375,-0.5625,-0.421875
19.281,-0.71875,-0.578125,-0.421875
19.312,-0.71875,-0.578125,-0.40625
19.343,-0.703125,-0.5625,-0.40625
19.375,-0.6875,-0.578125,-0.390625
19.406,-0.671875,-0.578125,-0.390625
19.437,-0.703125,-0.59375,-0.40625
19.468,-0.71875,-0.59375,-0.375
19.500,-0.6875,-0.609375,-0.34375
19.531,-0.703125,-0.609375,-0.34375
19.562,-0.71875,-0.609375,-0.34375
19.593,-0.703125,-0.609375,-0.328125
19.625,-0.703125,-0.609375,-0.359375
19.656,-0.6875,-0.609375,-0.359375
19.687,-0.6875,-0.625,-0.34375
19.718,-0.65625,-0.640625,-0.34375
19.750,-0.65625,-0.640625,-0.34375
19.781,-0.640625,-0.65625,-0.34375
19.812,-0.65625,-0.640625,-0.34375
19.843,-0.65625,-0.65625,-0.34375
19.875,-0.640625,-0.65625,-0.328125
19.906,-0.640625,-0.65625,-0.328125
19.937,-0.65625,-0.640625,-0.328125
19.968,-0.671875,-0.65625,-0.328125
20.000,-0.671875,-0.640625,-0.328125
20.031,-0.6875,-0.65625,-0.359375
20.062,-0.6875,-0.65625,-0.359375
20.093,-0.6875,-0.640625,-0.375
20.125,-0.671875,-0.65625,-0.375
20.156,-0.671875,-0.640625,-0.375
20.187,-0.671875,-0.65625,-0.359375
20.218,-0.671875,-0.65625,-0.359375
20.250,-0.6875,-0.640625,-0.359375
20.281,-0.6875,-0.65625,-0.34375
20.312,-0.703125,-0.640625,-0.34375
20.343,-0.703125,-0.671875,-0.34375
20.375,-0.6875,-0.65625,-0.34375
20.406,-0.703125,-0.671875,-0.359375
20.437,-0.671875,-0.6875,-0.359375
20.468,-0.65625,-0.6875,-0.34375
20.500,-0.640625,-0.6875,-0.3125
20.531,-0.625,-0.703125,-0.28125
20.562,-0.609375,-0.71875,-0.28125
20.593,-0.625,-0.734375,-0.3125
20.625,-0.59375,-0.75,-0.3125
20.656,-0.609375,-0.75,-0.3125
20.687,-0.546875,-0.78125,-0.296875
20.718,-0.53125,-0.78125,-0.28125
20.750,-0.546875,-0.796875,-0.3125
20.781,-0.46875,-0.828125,-0.296875
20.812,-0.421875,-0.8125,-0.28125
20.843,-0.453125,-0.84375,-0.140625
20.875,-0.46875,-0.859375,-0.09375
20.906,-0.453125,-0.84375,-0.09375
20.937,-0.390625,-0.875,-0.109375
20.968,-0.21875,-0.9375,-0.03125
21.000,-0.25,-0.78125,-0.21875
21.031,0.03125,-1.03125,-0.25
21.062,0.1875,-0.890625,-0.125
21.093,-0.421875,-0.953125,-0.5
21.125,-0.4375,-0.890625,-0.53125
21.156,-0.46875,-0.90625,-0.34375
21.187,-0.59375,-0.84375,-0.421875
21.218,0.109375,-0.9375,-0.3125
21.250,-0.140625,-0.9375,-0.3125
21.281,-0.15625,-0.9375,-0.390625
21.312,-0.109375,-0.921875,-0.359375
21.343,-0.09375,-0.953125,-0.296875
21.375,-0.015625,-0.921875,-0.1875
21.406,0.015625,-0.890625,-0.125
21.437,0.140625,-0.921875,-0.109375
21.468,0.078125,-0.953125,-0.1875
21.500,-0.03125,-0.953125,-0.265625
21.531,-0.015625,-0.953125,-0.25
21.562,0.046875,-0.9375,-0.265625
21.593,0.015625,-0.953125,-0.296875
21.625,-0.09375,-0.953125,-0.3125
21.656,0.046875,-0.9375,-0.1875
21.687,0.0625,-0.9375,-0.171875
21.718,-0.046875,-0.953125,-0.296875
21.750,0.015625,-0.953125,-0.3125
21.781,0.0625,-0.953125,-0.328125
21.812,0.078125,-0.9375,-0.296875
21.843,-0.015625,-0.953125,-0.328125
21.875,0.0625,-0.921875,-0.28125
21.906,0.0625,-0.9375,-0.296875
21.937,0.078125,-0.953125,-0.328125
21.968,0.046875,-0.9375,-0.328125
22.000,0.03125,-0.9375,-0.3125
22.031,0.015625,-0.9375,-0.25
22.062,0.046875,-0.9375,-0.25
22.093,0.015625,-0.9375,-0.265625
22.125,0.046875,-0.9375,-0.25
22.156,0.0625,-0.9375,-0.265625
22.187,0.015625,-0.921875,-0.34375
22.218,0.046875,-0.90625,-0.296875
22.250,0.0625,-0.9375,-0.28125
22.281,0.015625,-0.921875,-0.28125
22.312,-0.015625,-0.9375,-0.296875
22.343,0.046875,-0.9375,-0.296875
22.375,0.0625,-0.96875,-0.328125
22.406,-0.015625,-0.9375,-0.328125
22.437,0.0,-0.9375,-0.265625
22.468,0.03125,-0.953125,-0.25
22.500,0.046875,-0.953125,-0.265625
22.531,0.046875,-0.9375,-0.234375
22.562,0.0625,-0.953125,-0.234375
22.593,0.078125,-0.9375,-0.21875
22.625,0.015625,-0.953125,-0.25
22.656,0.015625,-0.9375,-0.265625
22.687,-0.015625,-0.953125,-0.28125
22.718,0.0,-0.953125,-0.265625
22.750,-0.015625,-0.9375,-0.28125
22.781,-0.015625,-0.9375,-0.328125
22.812,0.0,-0.953125,-0.34375
22.843,0.046875,-0.96875,-0.28125
22.875,0.109375,-0.953125,-0.21875
22.906,0.0625,-0.9375,-0.265625
22.937,0.0625,-0.953125,-0.25
22.968,0.046875,-0.953125,-0.25
23.000,0.03125,-0.9375,-0.234375
23.031,0.046875,-0.953125,-0.25
23.062,0.03125,-0.96875,-0.234375
23.093,0.03125,-0.9375,-0.265625
23.125,-0.015625,-0.953125,-0.3125
23.156,0.046875,-0.953125,-0.25
23.187,0.046875,-0.953125,-0.234375
23.218,0.078125,-0.96875,-0.265625
23.250,0.03125,-0.953125,-0.265625
23.281,0.0625,-0.953125,-0.25
23.312,0.078125,-0.953125,-0.25
23.343,0.0,-0.96875,-0.25
23.375,0.03125,-0.9375,-0.25
23.406,0.046875,-0.96875,-0.234375
23.437,0.0625,-0.953125,-0.25
23.468,0.0625,-0.9375,-0.265625
23.500,0.046875,-0.9375,-0.28125
23.531,0.046875,-0.9375,-0.296875
23.562,0.0625,-0.953125,-0.28125
23.593,0.03125,-0.953125,-0.28125
23.625,0.03125,-0.9375,-0.28125
23.656,0.0,-0.953125,-0.28125
23.687,0.015625,-0.9375,-0.234375
23.718,0.046875,-0.9375,-0.21875
23.750,0.015625,-0.984375,-0.296875
23.781,0.03125,-0.953125,-0.328125
23.812,0.09375,-0.953125,-0.296875
23.843,0.046875,-0.953125,-0.296875
23.875,0.046875,-0.953125,-0.265625
23.906,0.015625,-0.9375,-0.25
23.937,-0.015625,-0.953125,-0.234375
23.968,0.03125,-0.96875,-0.234375
24.000,0.03125,-0.953125,-0.25
24.031,0.015625,-0.953125,-0.265625
24.062,0.03125,-0.9375,-0.234375
24.093,0.03125,-0.953125,-0.25
24.125,0.015625,-0.9375,-0.265625
24.156,0.03125,-0.9375,-0.265625
24.187,0.0625,-0.953125,-0.265625
24.218,0.078125,-0.953125,-0.25
24.250,0.078125,-0.953125,-0.265625
24.281,0.078125,-0.953125,-0.25
24.312,0.046875,-0.96875,-0.265625
24.343,0.03125,-0.953125,-0.25
24.375,0.015625,-0.953125,-0.265625
24.406,0.015625,-0.9375,-0.265625
24.437,0.03125,-0.953125,-0.265625
24.468,0.03125,-0.953125,-0.265625
24.500,0.03125,-0.953125,-0.265625
24.531,0.0625,-0.953125,-0.265625
24.562,0.0625,-0.953125,-0.25
24.593,0.03125,-0.953125,-0.25
24.625,0.03125,-0.953125,-0.25
24.656,0.03125,-0.953125,-0.25
24.687,0.046875,-0.953125,-0.265625
24.718,0.046875,-0.953125,-0.265625
24.750,0.046875,-0.953125,-0.28125
24.781,0.0625,-0.953125,-0.265625
24.812,0.0625,-0.953125,-0.265625
24.843,0.046875,-0.953125,-0.25
24.875,0.015625,-0.9375,-0.25
24.906,0.015625,-0.9375,-0.265625
24.937,0.046875,-0.953125,-0.265625
24.968,0.046875,-0.953125,-0.28125
25.000,0.078125,-0.953125,-0.265625
25.031,0.03125,-0.953125,-0.28125
25.062,0.046875,-0.953125,-0.265625
25.093,0.046875,-0.953125,-0.234375
25.125,0.046875,-0.953125,-0.234375
25.156,0.046875,-0.953125,-0.234375
25.187,0.046875,-0.953125,-0.25
25.218,0.0625,-0.9375,-0.25
25.250,0.046875,-0.96875,-0.265625
25.281,0.0625,-0.953125,-0.25
25.312,0.0625,-0.9375,-0.25
25.343,0.046875,-0.953125,-0.25
25.375,0.046875,-0.953125,-0.25
25.406,0.046875,-0.953125,-0.25
25.437,0.078125,-0.953125,-0.265625
25.468,0.0625,-0.953125,-0.265625
25.500,0.0625,-0.953125,-0.265625
25.531,0.0625,-0.953125,-0.25
25.562,0.0625,-0.953125,-0.25
25.593,0.03125,-0.953125,-0.25
25.625,0.03125,-0.953125,-0.25
25.656,0.046875,-0.953125,-0.25
25.687,0.078125,-0.953125,-0.25
25.718,0.078125,-0.953125,-0.25
25.750,0.0625,-0.953125,-0.25
25.781,0.03125,-0.953125,-0.265625
25.812,0.046875,-0.953125,-0.25
25.843,0.0625,-0.953125,-0.25
25.875,0.0625,-0.953125,-0.25
25.906,0.046875,-0.953125,-0.265625
25.937,0.0625,-0.953125,-0.265625
25.968,0.0625,-0.953125,-0.25
26.000,0.0625,-0.953125,-0.25
26.031,0.0625,-0.953125,-0.25
26.062,0.046875,-0.953125,-0.265625
26.093,0.0625,-0.953125,-0.265625
26.125,0.0625,-0.953125,-0.265625
26.156,0.0625,-0.953125,-0.265625
26.187,0.0625,-0.953125,-0.265625
26.218,0.0625,-0.953125,-0.25
26.250,0.0625,-0.953125,-0.25
26.281,0.0625,-0.953125,-0.25
26.312,0.0625,-0.953125,-0.25
26.343,0.046875,-0.953125,-0.25
26.375,0.046875,-0.953125,-0.25
26.406,0.046875,-0.9375,-0.25
26.437,0.046875,-0.953125,-0.25
26.468,0.046875,-0.953125,-0.25
26.500,0.046875,-0.953125,-0.265625
26.531,0.046875,-0.953125,-0.28125
26.562,0.078125,-0.953125,-0.25
26.593,0.0625,-0.953125,-0.25
26.625,0.0625,-0.953125,-0.25
26.656,0.03125,-0.953125,-0.25
26.687,0.046875,-0.953125,-0.25
26.718,0.0625,-0.953125,-0.265625
26.750,0.0625,-0.953125,-0.25
26.781,0.0625,-0.953125,-0.25
26.812,0.03125,-0.953125,-0.265625
26.843,0.03125,-0.953125,-0.265625
26.875,0.046875,-0.953125,-0.25
26.906,0.0625,-0.953125,-0.25
26.937,0.0625,-0.953125,-0.25
26.968,0.03125,-0.953125,-0.25
27.000,0.03125,-0.953125,-0.25
27.031,0.046875,-0.953125,-0.265625
27.062,0.046875,-0.953125,-0.25
27.093,0.0625,-0.953125,-0.25
27.125,0.046875,-0.953125,-0.265625
27.156,0.03125,-0.953125,-0.265625
27.187,0.046875,-0.953125,-0.25
27.218,0.046875,-0.953125,-0.265625
27.250,0.046875,-0.953125,-0.265625
27.281,0.0625,-0.953125,-0.25
27.312,0.046875,-0.953125,-0.25
27.343,0.046875,-0.953125,-0.265625
27.375,0.046875,-0.953125,-0.25
27.406,0.0625,-0.953125,-0.25
27.437,0.046875,-0.953125,-0.25
27.468,0.046875,-0.953125,-0.25
27.500,0.0625,-0.953125,-0.25
27.531,0.046875,-0.953125,-0.25
27.562,0.0625,-0.953125,-0.234375
27.593,0.046875,-0.953125,-0.25
27.625,0.0625,-0.953125,-0.25
27.656,0.046875,-0.953125,-0.25
27.687,0.0625,-0.953125,-0.25
27.718,0.0625,-0.953125,-0.25
27.750,0.046875,-0.953125,-0.25
27.781,0.046875,-0.953125,-0.25
27.812,0.046875,-0.953125,-0.25
27.843,0.0625,-0.953125,-0.25
27.875,0.046875,-0.953125,-0.25
27.906,0.046875,-0.953125,-0.25
27.937,0.0625,-0.953125,-0.25
27.968,0.0625,-0.953125,-0.25
28.000,0.0625,-0.953125,-0.25
28.031,0.046875,-0.953125,-0.265625
28.062,0.046875,-0.953125,-0.265625
28.093,0.046875,-0.953125,-0.25
28.125,0.046875,-0.953125,-0.25
28.156,0.046875,-0.953125,-0.25
28.187,0.046875,-0.953125,-0.25
28.218,0.046875,-0.953125,-0.25
28.250,0.0625,-0.953125,-0.25
28.281,0.046875,-0.953125,-0.25
28.312,0.046875,-0.953125,-0.25
28.343,0.0625,-0.953125,-0.25
28.375,0.0625,-0.953125,-0.25
28.406,0.0625,-0.953125,-0.234375
28.437,0.0625,-0.953125,-0.25
28.468,0.0625,-0.953125,-0.25
28.500,0.0625,-0.953125,-0.25
28.531,0.0625,-0.953125,-0.25
28.562,0.0625,-0.953125,-0.25
28.593,0.0625,-0.953125,-0.25
28.625,0.0625,-0.953125,-0.265625
28.656,0.0625,-0.953125,-0.25
28.687,0.0625,-0.953125,-0.25
28.718,0.0625,-0.953125,-0.25
28.750,0.0625,-0.953125,-0.265625
28.781,0.0625,-0.953125,-0.25
28.812,0.0625,-0.953125,-0.25
28.843,0.0625,-0.953125,-0.25
28.875,0.0625,-0.953125,-0.25
28.906,0.0625,-0.953125,-0.25
28.937,0.0625,-0.953125,-0.234375
28.968,0.0625,-0.953125,-0.234375
29.000,0.078125,-0.953125,-0.25
29.031,0.0625,-0.953125,-0.25
29.062,0.0625,-0.953125,-0.25
29.093,0.0625,-0.953125,-0.25
29.125,0.0625,-0.953125,-0.234375
29.156,0.0625,-0.953125,-0.25
29.187,0.0625,-0.953125,-0.25
29.218,0.046875,-0.953125,-0.25
29.250,0.0625,-0.953125,-0.25
29.281,0.046875,-0.953125,-0.25
29.312,0.0625,-0.953125,-0.25
29.343,0.0625,-0.953125,-0.25
29.375,0.0625,-0.953125,-0.25
29.406,0.046875,-0.953125,-0.25
29.437,0.0625,-0.953125,-0.25
29.468,0.0625,-0.953125,-0.25
29.500,0.0625,-0.953125,-0.234375
29.531,0.046875,-0.953125,-0.25
29.562,0.046875,-0.953125,-0.25
29.593,0.046875,-0.953125,-0.25
29.625,0.078125,-0.953125,-0.25
29.656,0.0625,-0.953125,-0.234375
29.687,0.0625,-0.953125,-0.25
29.718,0.046875,-0.953125,-0.234375
29.750,0.03125,-0.953125,-0.234375
29.781,0.046875,-0.953125,-0.25
29.812,0.0625,-0.953125,-0.25
29.843,0.0625,-0.953125,-0.25
29.875,0.0625,-0.953125,-0.25
29.906,0.0625,-0.953125,-0.25
29.937,0.0625,-0.953125,-0.234375
29.968,0.046875,-0.953125,-0.25
30.000,0.0625,-0.953125,-0.25
30.031,0.046875,-0.953125,-0.234375
30.062,0.046875,-0.953125,-0.234375
30.093,0.046875,-0.953125,-0.25
30.125,0.0625,-0.953125,-0.25
30.156,0.046875,-0.953125,-0.25
30.187,0.046875,-0.953125,-0.234375
30.218,0.0625,-0.953125,-0.25
30.250,0.0625,-0.953125,-0.234375
30.281,0.0625,-0.953125,-0.25
30.312,0.046875,-0.953125,-0.25
30.343,0.0625,-0.953125,-0.25
30.375,0.046875,-0.953125,-0.234375
30.406,0.046875,-0.953125,-0.234375
30.437,0.0625,-0.953125,-0.234375
30.468,0.046875,-0.953125,-0.25
30.500,0.0625,-0.953125,-0.25
30.531,0.03125,-0.953125,-0.25
30.562,0.078125,-0.953125,-0.234375
30.593,0.0625,-0.953125,-0.25
30.625,0.046875,-0.953125,-0.234375
30.656,0.03125,-0.953125,-0.25
30.687,0.0625,-0.953125,-0.25
30.718,0.0625,-0.953125,-0.25
30.750,0.046875,-0.953125,-0.25
30.781,0.0625,-0.953125,-0.25
30.812,0.0625,-0.953125,-0.234375
30.843,0.0625,-0.953125,-0.234375
30.875,0.046875,-0.953125,-0.234375
30.906,0.0625,-0.953125,-0.25
30.937,0.0625,-0.953125,-0.25
30.968,0.046875,-0.953125,-0.234375
31.000,0.046875,-0.953125,-0.234375
31.031,0.0625,-0.953125,-0.25
31.062,0.046875,-0.953125,-0.25
31.093,0.0625,-0.953125,-0.234375
31.125,0.0625,-0.953125,-0.25
31.156,0.046875,-0.953125,-0.25
31.187,0.046875,-0.953125,-0.25
31.218,0.0625,-0.953125,-0.25
31.250,0.0625,-0.953125,-0.25
31.281,0.046875,-0.953125,-0.234375
31.312,0.0625,-0.953125,-0.234375
31.343,0.046875,-0.953125,-0.25
31.375,0.046875,-0.953125,-0.25
31.406,0.0625,-0.953125,-0.25
31.437,0.046875,-0.953125,-0.25
31.468,0.0625,-0.953125,-0.234375
31.500,0.0625,-0.953125,-0.25
31.531,0.0625,-0.953125,-0.25
31.562,0.0625,-0.953125,-0.25
31.593,0.046875,-0.953125,-0.234375
31.625,0.0625,-0.953125,-0.234375
31.656,0.0625,-0.953125,-0.265625
31.687,0.046875,-0.953125,-0.25
31.718,0.0625,-0.953125,-0.234375
31.750,0.0625,-0.953125,-0.234375
31.781,0.046875,-0.953125,-0.25
31.812,0.046875,-0.953125,-0.25
31.843,0.0625,-0.953125,-0.25
31.875,0.0625,-0.953125,-0.25
31.906,0.046875,-0.953125,-0.234375
31.937,0.0625,-0.953125,-0.234375
31.968,0.03125,-0.953125,-0.25
32.000,0.078125,-0.953125,-0.25
32.031,0.0625,-0.953125,-0.25
32.062,0.046875,-0.953125,-0.25
32.093,0.046875,-0.953125,-0.25
32.125,0.0625,-0.953125,-0.25
32.156,0.0625,-0.953125,-0.25
32.187,0.046875,-0.953125,-0.25
32.218,0.0625,-0.953125,-0.25
32.250,0.0625,-0.953125,-0.25
32.281,0.0625,-0.953125,-0.25
32.312,0.0625,-0.953125,-0.234375
32.343,0.0625,-0.953125,-0.25
32.375,0.046875,-0.953125,-0.265625
32.406,0.0625,-0.953125,-0.25
32.437,0.0625,-0.953125,-0.25
32.468,0.046875,-0.953125,-0.25
32.500,0.0625,-0.953125,-0.234375
32.531,0.046875,-0.953125,-0.25
32.562,0.0625,-0.953125,-0.25
32.593,0.046875,-0.953125,-0.25
32.625,0.0625,-0.953125,-0.234375
32.656,0.0625,-0.953125,-0.25
32.687,0.0625,-0.953125,-0.25
32.718,0.0625,-0.953125,-0.25
32.750,0.0625,-0.953125,-0.25
32.781,0.0625,-0.953125,-0.25
32.812,0.046875,-0.953125,-0.25
32.843,0.046875,-0.953125,-0.25
32.875,0.0625,-0.953125,-0.234375
32.906,0.0625,-0.953125,-0.25
32.937,0.046875,-0.953125,-0.25
32.968,0.0625,-0.953125,-0.25
33.000,0.0625,-0.953125,-0.25
33.031,0.046875,-0.953125,-0.25
33.062,0.0625,-0.953125,-0.25
33.093,0.046875,-0.953125,-0.25
33.125,0.0625,-0.953125,-0.25
33.156,0.046875,-0.953125,-0.25
33.187,0.0625,-0.953125,-0.25
33.218,0.0625,-0.953125,-0.25
33.250,0.046875,-0.953125,-0.25
33.281,0.0625,-0.953125,-0.25
33.312,0.0625,-0.953125,-0.25
33.343,0.046875,-0.953125,-0.25
33.375,0.0625,-0.953125,-0.25
33.406,0.0625,-0.953125,-0.25
33.437,0.046875,-0.953125,-0.234375
33.468,0.046875,-0.953125,-0.25
33.500,0.0625,-0.953125,-0.25
33.531,0.109375,-0.96875,-0.265625
33.562,0.03125,-0.953125,-0.25
33.593,0.03125,-0.9375,-0.234375
33.625,0.046875,-0.953125,-0.25
33.656,0.0625,-0.953125,-0.25
33.687,0.0625,-0.953125,-0.25
33.718,0.046875,-0.953125,-0.25
33.750,0.0625,-0.953125,-0.234375
33.781,0.046875,-0.953125,-0.25
33.812,0.046875,-0.953125,-0.25
33.843,0.046875,-0.953125,-0.234375
33.875,0.046875,-0.953125,-0.25
33.906,0.0625,-0.953125,-0.234375
33.937,0.0625,-0.953125,-0.234375
33.968,0.03125,-0.953125,-0.25
34.000,0.0625,-0.953125,-0.25
34.031,0.0625,-0.953125,-0.25
34.062,0.046875,-0.953125,-0.234375
34.093,0.046875,-0.953125,-0.25
34.125,0.046875,-0.953125,-0.234375
34.156,0.046875,-0.953125,-0.25
34.187,0.0625,-0.953125,-0.25
34.218,0.046875,-0.953125,-0.25
34.250,0.046875,-0.953125,-0.25
34.281,0.046875,-0.953125,-0.25
34.312,0.046875,-0.953125,-0.25
34.343,0.046875,-0.953125,-0.25
34.375,0.046875,-0.953125,-0.234375
34.406,0.046875,-0.953125,-0.25
34.437,0.046875,-0.953125,-0.25
34.468,0.046875,-0.953125,-0.25
34.500,0.046875,-0.953125,-0.25
34.531,0.046875,-0.953125,-0.25
34.562,0.046875,-0.953125,-0.25
34.593,0.046875,-0.953125,-0.234375
34.625,0.046875,-0.953125,-0.25
34.656,0.046875,-0.953125,-0.25
34.687,0.046875,-0.953125,-0.25
34.718,0.046875,-0.953125,-0.25
34.750,0.046875,-0.953125,-0.25
34.781,0.0625,-0.953125,-0.25
34.812,0.046875,-0.953125,-0.25
34.843,0.046875,-0.953125,-0.25
34.875,0.046875,-0.953125,-0.25
34.906,0.046875,-0.953125,-0.25
34.937,0.0625,-0.953125,-0.25
34.968,0.046875,-0.953125,-0.25
35.000,0.0625,-0.953125,-0.234375
35.031,0.046875,-0.953125,-0.25
35.062,0.03125,-0.953125,-0.25
35.093,0.03125,-0.953125,-0.265625
35.125,0.0625,-0.953125,-0.25
35.156,0.0625,-0.953125,-0.25
35.187,0.046875,-0.953125,-0.25
35.218,0.046875,-0.953125,-0.234375
35.250,0.046875,-0.953125,-0.234375
35.281,0.046875,-0.953125,-0.25
35.312,0.046875,-0.953125,-0.25
35.343,0.046875,-0.953125,-0.25
35.375,0.0625,-0.953125,-0.25
35.406,0.046875,-0.953125,-0.25
35.437,0.046875,-0.953125,-0.25
35.468,0.046875,-0.953125,-0.25
35.500,0.046875,-0.953125,-0.25
35.531,0.046875,-0.953125,-0.25
35.562,0.0625,-0.953125,-0.25
35.593,0.046875,-0.953125,-0.25
35.625,0.046875,-0.953125,-0.25
35.656,0.046875,-0.953125,-0.25
35.687,0.0625,-0.953125,-0.25
35.718,0.0625,-0.953125,-0.25
35.750,0.046875,-0.953125,-0.25
35.781,0.0625,-0.953125,-0.25
35.812,0.0625,-0.953125,-0.25
35.843,0.0625,-0.953125,-0.25
35.875,0.046875,-0.953125,-0.25
35.906,0.046875,-0.953125,-0.25
35.937,0.0625,-0.953125,-0.25
35.968,0.0625,-0.953125,-0.25
36.000,0.046875,-0.953125,-0.25
36.031,0.046875,-0.953125,-0.25
36.062,0.0625,-0.953125,-0.25
36.093,0.046875,-0.953125,-0.25
36.125,0.046875,-0.953125,-0.25
36.156,0.0625,-0.953125,-0.25
36.187,0.0625,-0.953125,-0.25
36.218,0.046875,-0.953125,-0.25
36.250,0.046875,-0.953125,-0.25
36.281,0.046875,-0.953125,-0.25
36.312,0.0625,-0.953125,-0.25
36.343,0.046875,-0.953125,-0.25
36.375,0.046875,-0.953125,-0.25
36.406,0.0625,-0.953125,-0.25
36.437,0.0625,-0.953125,-0.25
36.468,0.046875,-0.953125,-0.25
36.500,0.0625,-0.953125,-0.265625
36.531,0.0625,-0.953125,-0.25
36.562,0.046875,-0.953125,-0.234375
36.593,0.03125,-0.953125,-0.265625
36.625,0.046875,-0.953125,-0.25
36.656,0.046875,-0.953125,-0.25
36.687,0.0625,-0.953125,-0.25
36.718,0.046875,-0.953125,-0.25
36.750,0.015625,-0.953125,-0.25
36.781,0.046875,-0.953125,-0.25
36.812,0.046875,-0.953125,-0.25
36.843,0.0625,-0.953125,-0.25
36.875,0.046875,-0.953125,-0.25
36.906,0.046875,-0.953125,-0.25
36.937,0.046875,-0.953125,-0.25
36.968,0.046875,-0.953125,-0.25
37.000,0.046875,-0.953125,-0.25
37.031,0.046875,-0.953125,-0.25
37.062,0.046875,-0.953125,-0.25
37.093,0.0625,-0.953125,-0.265625
37.125,0.0625,-0.953125,-0.25
37.156,0.046875,-0.953125,-0.234375
37.187,0.03125,-0.953125,-0.25
37.218,0.046875,-0.953125,-0.265625
37.250,0.046875,-0.953125,-0.25
37.281,0.0625,-0.953125,-0.25
37.312,0.03125,-0.953125,-0.234375
37.343,0.0625,-0.953125,-0.25
37.375,0.03125,-0.953125,-0.25
37.406,0.046875,-0.953125,-0.25
37.437,0.0625,-0.953125,-0.25
37.468,0.046875,-0.953125,-0.25
37.500,0.046875,-0.953125,-0.25
37.531,0.046875,-0.953125,-0.25
37.562,0.046875,-0.953125,-0.25
37.593,0.046875,-0.953125,-0.25
37.625,0.046875,-0.953125,-0.25
37.656,0.046875,-0.953125,-0.25
37.687,0.046875,-0.953125,-0.25
37.718,0.046875,-0.953125,-0.25
37.750,0.046875,-0.953125,-0.25
37.781,0.046875,-0.953125,-0.25
37.812,0.046875,-0.953125,-0.25
37.843,0.046875,-0.953125,-0.25
37.875,0.046875,-0.953125,-0.25
37.906,0.046875,-0.953125,-0.25
37.937,0.046875,-0.953125,-0.25
37.968,0.046875,-0.953125,-0.25
38.000,0.046875,-0.953125,-0.25
38.031,0.046875,-0.953125,-0.25
38.062,0.046875,-0.953125,-0.25
38.093,0.046875,-0.953125,-0.25
38.125,0.046875,-0.953125,-0.25
38.156,0.046875,-0.953125,-0.25
38.187,0.046875,-0.953125,-0.25
38.218,0.046875,-0.953125,-0.25
38.250,0.046875,-0.953125,-0.25
38.281,0.046875,-0.953125,-0.25
38.312,0.046875,-0.953125,-0.25
38.343,0.046875,-0.953125,-0.25
38.375,0.046875,-0.953125,-0.25
38.406,0.046875,-0.953125,-0.25
38.437,0.046875,-0.953125,-0.25
38.468,0.046875,-0.953125,-0.25
38.500,0.0625,-0.953125,-0.265625
38.531,0.046875,-0.953125,-0.25
38.562,0.046875,-0.953125,-0.25
38.593,0.03125,-0.953125,-0.234375
38.625,0.03125,-0.953125,-0.25
38.656,0.046875,-0.953125,-0.265625
38.687,0.0625,-0.953125,-0.234375
38.718,0.046875,-0.953125,-0.234375
38.750,0.046875,-0.953125,-0.25
38.781,0.03125,-0.953125,-0.25
38.812,0.0625,-0.953125,-0.234375
38.843,0.046875,-0.953125,-0.25
38.875,0.046875,-0.953125,-0.25
38.906,0.046875,-0.953125,-0.25
38.937,0.046875,-0.953125,-0.25
38.968,0.046875,-0.953125,-0.25
39.000,0.046875,-0.953125,-0.25
39.031,0.046875,-0.953125,-0.25
39.062,0.046875,-0.953125,-0.25
39.093,0.046875,-0.953125,-0.265625
39.125,0.0625,-0.953125,-0.25
39.156,0.046875,-0.953125,-0.234375
39.187,0.03125,-0.953125,-0.25
39.218,0.046875,-0.953125,-0.25
39.250,0.046875,-0.953125,-0.25
39.281,0.046875,-0.953125,-0.25
39.312,0.046875,-0.953125,-0.234375
39.343,0.0625,-0.953125,-0.25
39.375,0.03125,-0.953125,-0.25
39.406,0.0625,-0.953125,-0.25
39.437,0.0625,-0.953125,-0.25
39.468,0.0625,-0.953125,-0.25
39.500,0.046875,-0.953125,-0.25
39.531,0.046875,-0.953125,-0.25
39.562,0.0625,-0.953125,-0.25
39.593,0.046875,-0.953125,-0.25
39.625,0.046875,-0.953125,-0.25
39.656,0.0625,-0.953125,-0.25
39.687,0.046875,-0.953125,-0.25
39.718,0.0625,-0.953125,-0.25
39.750,0.046875,-0.953125,-0.25
39.781,0.046875,-0.953125,-0.25
39.812,0.046875,-0.953125,-0.25
39.843,0.046875,-0.953125,-0.25
39.875,0.0625,-0.953125,-0.25
39.906,0.046875,-0.953125,-0.25
39.937,0.046875,-0.953125,-0.25
39.968,0.046875,-0.953125,-0.25
40.000,0.046875,-0.953125,-0.25
40.031,0.046875,-0.953125,-0.25
40.062,0.046875,-0.953125,-0.25
40.093,0.0625,-0.953125,-0.265625
40.125,0.0625,-0.953125,-0.25
40.156,0.0625,-0.953125,-0.25
40.187,0.03125,-0.953125,-0.25
40.218,0.046875,-0.953125,-0.25
40.250,0.046875,-0.953125,-0.25
40.281,0.046875,-0.953125,-0.25
40.312,0.046875,-0.953125,-0.234375
40.343,0.046875,-0.953125,-0.25
40.375,0.0625,-0.953125,-0.25
40.406,0.046875,-0.953125,-0.25
40.437,0.046875,-0.953125,-0.25
40.468,0.046875,-0.953125,-0.25
40.500,0.046875,-0.953125,-0.265625
40.531,0.046875,-0.953125,-0.25
40.562,0.046875,-0.953125,-0.25
40.593,0.046875,-0.953125,-0.25
40.625,0.046875,-0.953125,-0.25
40.656,0.0625,-0.953125,-0.25
40.687,0.046875,-0.953125,-0.25
40.718,0.046875,-0.953125,-0.25
40.750,0.046875,-0.953125,-0.25
40.781,0.046875,-0.953125,-0.25
40.812,0.046875,-0.953125,-0.25
40.843,0.046875,-0.953125,-0.25
40.875,0.046875,-0.953125,-0.25
40.906,0.046875,-0.953125,-0.25
40.937,0.046875,-0.953125,-0.25
40.968,0.046875,-0.953125,-0.25
41.000,0.046875,-0.953125,-0.25
41.031,0.046875,-0.953125,-0.25
41.062,0.046875,-0.953125,-0.25
41.093,0.046875,-0.953125,-0.25
41.125,0.046875,-0.953125,-0.25
41.156,0.046875,-0.953125,-0.25
41.187,0.046875,-0.953125,-0.25
41.218,0.046875,-0.953125,-0.25
41.250,0.046875,-0.953125,-0.265625
41.281,0.046875,-0.953125,-0.265625
41.312,0.046875,-0.953125,-0.234375
41.343,0.078125,-0.953125,-0.234375
41.375,0.046875,-0.953125,-0.234375
41.406,0.03125,-0.9375,-0.25
41.437,0.046875,-0.953125,-0.25
41.468,0.046875,-0.953125,-0.25
41.500,0.046875,-0.953125,-0.25
41.531,0.0625,-0.953125,-0.25
41.562,0.046875,-0.953125,-0.25
41.593,0.046875,-0.953125,-0.25
41.625,0.046875,-0.953125,-0.25
41.656,0.046875,-0.953125,-0.25
41.687,0.046875,-0.953125,-0.25
41.718,0.046875,-0.953125,-0.25
41.750,0.046875,-0.953125,-0.25
41.781,0.046875,-0.953125,-0.25
41.812,0.046875,-0.953125,-0.25
41.843,0.046875,-0.953125,-0.25
41.875,0.046875,-0.953125,-0.25
41.906,0.046875,-0.953125,-0.25
41.937,0.046875,-0.953125,-0.25
41.968,0.046875,-0.953125,-0.25
42.000,0.046875,-0.953125,-0.25
42.031,0.046875,-0.953125,-0.25
42.062,0.046875,-0.953125,-0.25
42.093,0.0625,-0.953125,-0.25
42.125,0.046875,-0.9375,-0.234375
42.156,0.03125,-0.953125,-0.25
42.187,0.046875,-0.953125,-0.265625
42.218,0.046875,-0.953125,-0.25
42.250,0.046875,-0.953125,-0.25
42.281,0.03125,-0.953125,-0.234375
42.312,0.046875,-0.953125,-0.25
42.343,0.015625,-0.953125,-0.25
42.375,0.046875,-0.953125,-0.25
42.406,0.046875,-0.953125,-0.25
42.437,0.046875,-0.953125,-0.25
42.468,0.046875,-0.953125,-0.25
42.500,0.046875,-0.953125,-0.25
42.531,0.046875,-0.953125,-0.25
42.562,0.046875,-0.953125,-0.25
42.593,0.046875,-0.953125,-0.25
42.625,0.046875,-0.953125,-0.25
42.656,0.046875,-0.953125,-0.25
42.687,0.046875,-0.953125,-0.25
42.718,0.046875,-0.953125,-0.25
42.750,0.046875,-0.953125,-0.25
42.781,0.046875,-0.953125,-0.25
42.812,0.046875,-0.953125,-0.25
42.843,0.046875,-0.953125,-0.25
42.875,0.046875,-0.953125,-0.25
42.906,0.046875,-0.953125,-0.25
42.937,0.046875,-0.953125,-0.25
42.968,0.046875,-0.953125,-0.25
43.000,0.046875,-0.953125,-0.25
43.031,0.046875,-0.953125,-0.25
43.062,0.046875,-0.953125,-0.25
43.093,0.046875,-0.953125,-0.25
43.125,0.0625,-0.953125,-0.265625
43.156,0.046875,-0.953125,-0.25
43.187,0.0625,-0.953125,-0.25
43.218,0.046875,-0.953125,-0.234375
43.250,0.03125,-0.953125,-0.25
43.281,0.046875,-0.953125,-0.25
43.312,0.046875,-0.953125,-0.25
43.343,0.0625,-0.953125,-0.25
43.375,0.046875,-0.953125,-0.25
43.406,0.03125,-0.953125,-0.25
43.437,0.046875,-0.953125,-0.25
43.468,0.0625,-0.953125,-0.25
43.500,0.046875,-0.953125,-0.25
43.531,0.046875,-0.953125,-0.25
43.562,0.046875,-0.953125,-0.25
43.593,0.046875,-0.953125,-0.25
43.625,0.046875,-0.953125,-0.25
43.656,0.046875,-0.953125,-0.25
43.687,0.0625,-0.953125,-0.25
43.718,0.046875,-0.953125,-0.25
43.750,0.046875,-0.953125,-0.25
43.781,0.046875,-0.953125,-0.25
43.812,0.046875,-0.953125,-0.25
43.843,0.046875,-0.953125,-0.25
43.875,0.046875,-0.953125,-0.25
43.906,0.046875,-0.953125,-0.25
43.937,0.046875,-0.953125,-0.25
43.968,0.046875,-0.953125,-0.25
44.000,0.046875,-0.953125,-0.25
44.031,0.046875,-0.953125,-0.25
44.062,0.046875,-0.953125,-0.25
44.093,0.046875,-0.953125,-0.25
44.125,0.046875,-0.953125,-0.25
44.156,0.046875,-0.953125,-0.25
44.187,0.0625,-0.953125,-0.25
44.218,0.046875,-0.953125,-0.25
44.250,0.046875,-0.953125,-0.25
44.281,0.046875,-0.953125,-0.25
44.312,0.046875,-0.953125,-0.25
44.343,0.046875,-0.953125,-0.25
44.375,0.046875,-0.953125,-0.25
44.406,0.046875,-0.953125,-0.25
44.437,0.046875,-0.953125,-0.25
44.468,0.0625,-0.953125,-0.25
44.500,0.046875,-0.953125,-0.25
44.531,0.046875,-0.953125,-0.25
44.562,0.046875,-0.953125,-0.25
44.593,0.0625,-0.953125,-0.25
44.625,0.046875,-0.953125,-0.25
44.656,0.046875,-0.953125,-0.25
44.687,0.046875,-0.953125,-0.25
44.718,0.046875,-0.953125,-0.25
44.750,0.046875,-0.953125,-0.25
44.781,0.046875,-0.953125,-0.25
44.812,0.046875,-0.953125,-0.25
44.843,0.046875,-0.953125,-0.25
44.875,0.046875,-0.953125,-0.25
44.906,0.046875,-0.953125,-0.25
44.937,0.046875,-0.953125,-0.25
44.968,0.046875,-0.953125,-0.25
45.000,0.046875,-0.953125,-0.25
45.031,0.046875,-0.953125,-0.25
45.062,0.046875,-0.953125,-0.25
45.093,0.046875,-0.953125,-0.25
45.125,0.046875,-0.953125,-0.25
45.156,0.046875,-0.953125,-0.25
45.187,0.046875,-0.953125,-0.25
45.218,0.046875,-0.953125,-0.25
45.250,0.046875,-0.953125,-0.25
45.281,0.046875,-0.953125,-0.25
45.312,0.046875,-0.953125,-0.25
45.343,0.046875,-0.953125,-0.25
45.375,0.046875,-0.953125,-0.25
45.406,0.046875,-0.953125,-0.25
45.437,0.046875,-0.953125,-0.25
45.468,0.046875,-0.953125,-0.25
45.500,0.046875,-0.953125,-0.25
45.531,0.046875,-0.953125,-0.25
45.562,0.046875,-0.953125,-0.25
45.593,0.046875,-0.953125,-0.25
45.625,0.046875,-0.953125,-0.25
45.656,0.046875,-0.953125,-0.25
45.687,0.046875,-0.953125,-0.25
45.718,0.046875,-0.953125,-0.25
45.750,0.046875,-0.953125,-0.25
45.781,0.046875,-0.953125,-0.25
45.812,0.046875,-0.953125,-0.25
45.843,0.046875,-0.953125,-0.25
45.875,0.046875,-0.953125,-0.25
45.906,0.046875,-0.953125,-0.25
45.937,0.046875,-0.953125,-0.25
45.968,0.046875,-0.953125,-0.25
46.000,0.046875,-0.953125,-0.25
46.031,0.046875,-0.953125,-0.25
46.062,0.046875,-0.953125,-0.25
46.093,0.046875,-0.953125,-0.25
46.125,0.046875,-0.953125,-0.25
46.156,0.046875,-0.953125,-0.25
46.187,0.046875,-0.953125,-0.25
46.218,0.046875,-0.953125,-0.25
46.250,0.046875,-0.953125,-0.25
46.281,0.046875,-0.953125,-0.25
46.312,0.046875,-0.953125,-0.25
46.343,0.046875,-0.953125,-0.25
46.375,0.046875,-0.953125,-0.25
46.406,0.046875,-0.953125,-0.25
46.437,0.046875,-0.953125,-0.25
46.468,0.046875,-0.953125,-0.25
46.500,0.046875,-0.953125,-0.25
46.531,0.046875,-0.953125,-0.25
46.562,0.046875,-0.953125,-0.25
46.593,0.046875,-0.953125,-0.25
46.625,0.046875,-0.953125,-0.25
46.656,0.046875,-0.953125,-0.25
46.687,0.046875,-0.953125,-0.25
46.718,0.0625,-0.953125,-0.25
46.750,0.046875,-0.953125,-0.25
46.781,0.046875,-0.953125,-0.25
46.812,0.046875,-0.953125,-0.25
46.843,0.046875,-0.953125,-0.25
46.875,0.046875,-0.953125,-0.25
46.906,0.046875,-0.953125,-0.25
46.937,0.046875,-0.953125,-0.265625
46.968,0.046875,-0.953125,-0.25
47.000,0.046875,-0.953125,-0.25
47.031,0.046875,-0.953125,-0.25
47.062,0.046875,-0.953125,-0.25
47.093,0.046875,-0.953125,-0.25
47.125,0.046875,-0.953125,-0.25
47.156,0.046875,-0.953125,-0.25
47.187,0.046875,-0.953125,-0.25
47.218,0.046875,-0.953125,-0.25
47.250,0.046875,-0.953125,-0.25
47.281,0.046875,-0.953125,-0.25
47.312,0.0625,-0.953125,-0.25
47.343,0.046875,-0.953125,-0.25
47.375,0.046875,-0.953125,-0.25
47.406,0.046875,-0.953125,-0.25
47.437,0.046875,-0.953125,-0.25
47.468,0.046875,-0.953125,-0.25
47.500,0.046875,-0.953125,-0.25
47.531,0.046875,-0.953125,-0.25
47.562,0.046875,-0.953125,-0.25
47.593,0.046875,-0.953125,-0.25
47.625,0.046875,-0.953125,-0.25
47.656,0.046875,-0.953125,-0.25
47.687,0.046875,-0.953125,-0.25
47.718,0.046875,-0.953125,-0.265625
47.750,0.046875,-0.953125,-0.25
47.781,0.046875,-0.953125,-0.25
47.812,0.046875,-0.953125,-0.25
47.843,0.046875,-0.953125,-0.25
47.875,0.046875,-0.953125,-0.25
47.906,0.046875,-0.953125,-0.25
47.937,0.046875,-0.953125,-0.25
47.968,0.046875,-0.953125,-0.25
48.000,0.046875,-0.953125,-0.25
48.031,0.046875,-0.953125,-0.25
48.062,0.046875,-0.953125,-0.25
48.093,0.046875,-0.953125,-0.25
48.125,0.046875,-0.953125,-0.25
48.156,0.046875,-0.953125,-0.25
48.187,0.046875,-0.953125,-0.25
48.218,0.046875,-0.953125,-0.25
48.250,0.046875,-0.953125,-0.25
48.281,0.046875,-0.953125,-0.25
48.312,0.046875,-0.953125,-0.25
48.343,0.046875,-0.953125,-0.25
48.375,0.046875,-0.953125,-0.25
48.406,0.046875,-0.953125,-0.25
48.437,0.046875,-0.953125,-0.25
48.468,0.046875,-0.953125,-0.25
48.500,0.046875,-0.953125,-0.25
48.531,0.046875,-0.953125,-0.25
48.562,0.046875,-0.953125,-0.25
48.593,0.046875,-0.953125,-0.25
48.625,0.046875,-0.953125,-0.25
48.656,0.046875,-0.953125,-0.25
48.687,0.046875,-0.953125,-0.25
48.718,0.046875,-0.953125,-0.25
48.750,0.046875,-0.953125,-0.25
48.781,0.046875,-0.953125,-0.25
48.812,0.046875,-0.953125,-0.25
48.843,0.046875,-0.953125,-0.25
48.875,0.046875,-0.953125,-0.25
48.906,0.046875,-0.953125,-0.25
48.937,0.046875,-0.953125,-0.25
48.968,0.046875,-0.953125,-0.25
49.000,0.046875,-0.953125,-0.25
49.031,0.046875,-0.953125,-0.25
49.062,0.046875,-0.953125,-0.25
49.093,0.0625,-0.953125,-0.25
49.125,0.046875,-0.953125,-0.25
49.156,0.046875,-0.953125,-0.25
49.187,0.046875,-0.953125,-0.25
49.218,0.046875,-0.953125,-0.25
49.250,0.046875,-0.953125,-0.25
49.281,0.046875,-0.953125,-0.25
49.312,0.046875,-0.953125,-0.25
49.343,0.046875,-0.953125,-0.25
49.375,0.046875,-0.953125,-0.25
49.406,0.046875,-0.953125,-0.25
49.437,0.03125,-0.953125,-0.25
49.468,0.046875,-0.953125,-0.234375
49.500,0.03125,-0.953125,-0.25
49.531,0.03125,-0.9375,-0.25
49.562,0.046875,-0.953125,-0.25
49.593,0.0625,-0.953125,-0.265625
49.625,0.0625,-0.953125,-0.265625
49.656,0.0625,-0.953125,-0.25
49.687,0.0625,-0.953125,-0.25
49.718,0.0625,-0.953125,-0.25
49.750,0.046875,-0.953125,-0.265625
49.781,0.046875,-0.953125,-0.28125
49.812,0.046875,-0.953125,-0.265625
49.843,0.0625,-0.953125,-0.265625
49.875,0.0625,-0.953125,-0.25
49.906,0.0625,-0.953125,-0.25
49.937,0.0625,-0.953125,-0.25
49.968,0.0625,-0.953125,-0.25
50.000,0.0625,-0.953125,-0.25
50.031,0.046875,-0.953125,-0.25
50.062,0.046875,-0.953125,-0.265625
50.093,0.046875,-0.953125,-0.265625
50.125,0.046875,-0.953125,-0.25
50.156,0.046875,-0.953125,-0.25
50.187,0.046875,-0.953125,-0.25
50.218,0.046875,-0.953125,-0.25
50.250,0.046875,-0.953125,-0.25
50.281,0.0625,-0.953125,-0.265625
50.312,0.046875,-0.953125,-0.265625
50.343,0.0625,-0.953125,-0.265625
50.375,0.0625,-0.953125,-0.265625
50.406,0.046875,-0.953125,-0.25
50.437,0.046875,-0.953125,-0.265625
50.468,0.046875,-0.953125,-0.25
50.500,0.046875,-0.953125,-0.25
50.531,0.046875,-0.953125,-0.25
50.562,0.046875,-0.953125,-0.25
50.593,0.046875,-0.953125,-0.25
50.625,0.046875,-0.953125,-0.265625
50.656,0.046875,-0.953125,-0.265625
50.687,0.046875,-0.953125,-0.25
50.718,0.046875,-0.953125,-0.25
50.750,0.046875,-0.953125,-0.265625
50.781,0.046875,-0.953125,-0.25
50.812,0.046875,-0.953125,-0.25
50.843,0.046875,-0.953125,-0.25
50.875,0.046875,-0.953125,-0.265625
50.906,0.046875,-0.953125,-0.265625
50.937,0.046875,-0.953125,-0.25
50.968,0.046875,-0.953125,-0.265625
51.000,0.046875,-0.953125,-0.265625
51.031,0.0625,-0.953125,-0.25
51.062,0.0625,-0.953125,-0.265625
51.093,0.046875,-0.953125,-0.25
51.125,0.0625,-0.953125,-0.25
51.156,0.046875,-0.953125,-0.25
51.187,0.046875,-0.953125,-0.265625
51.218,0.046875,-0.953125,-0.265625
51.250,0.0625,-0.953125,-0.25
51.281,0.046875,-0.953125,-0.25
51.312,0.046875,-0.953125,-0.25
51.343,0.0625,-0.953125,-0.25
51.375,0.046875,-0.953125,-0.25
51.406,0.0625,-0.953125,-0.25
51.437,0.046875,-0.953125,-0.265625
51.468,0.046875,-0.953125,-0.25
51.500,0.046875,-0.953125,-0.25
51.531,0.046875,-0.953125,-0.25
51.562,0.046875,-0.953125,-0.25
51.593,0.046875,-0.953125,-0.265625
51.625,0.046875,-0.953125,-0.265625
51.656,0.046875,-0.953125,-0.265625
51.687,0.046875,-0.953125,-0.265625
51.718,0.046875,-0.953125,-0.25
51.750,0.046875,-0.953125,-0.25
51.781,0.046875,-0.953125,-0.25
51.812,0.046875,-0.953125,-0.25
51.843,0.046875,-0.953125,-0.25
51.875,0.046875,-0.953125,-0.25
51.906,0.046875,-0.953125,-0.265625
51.937,0.046875,-0.953125,-0.265625
51.968,0.046875,-0.953125,-0.25
52.000,0.046875,-0.953125,-0.265625
52.031,0.046875,-0.953125,-0.25
52.062,0.046875,-0.953125,-0.25
52.093,0.046875,-0.953125,-0.25
52.125,0.0625,-0.953125,-0.25
52.156,0.046875,-0.953125,-0.25
52.187,0.046875,-0.953125,-0.25
52.218,0.046875,-0.953125,-0.25
52.250,0.046875,-0.953125,-0.25
52.281,0.046875,-0.953125,-0.25
52.312,0.046875,-0.953125,-0.25
52.343,0.046875,-0.953125,-0.25
52.375,0.046875,-0.953125,-0.25
52.406,0.046875,-0.953125,-0.25
52.437,0.046875,-0.953125,-0.25
52.468,0.046875,-0.953125,-0.25
52.500,0.046875,-0.953125,-0.25
52.531,0.046875,-0.953125,-0.25
52.562,0.046875,-0.953125,-0.25
52.593,0.046875,-0.953125,-0.25
52.625,0.046875,-0.953125,-0.25
52.656,0.046875,-0.953125,-0.25
52.687,0.046875,-0.953125,-0.25
52.718,0.046875,-0.953125,-0.25
52.750,0.046875,-0.953125,-0.25
52.781,0.046875,-0.953125,-0.25
52.812,0.046875,-0.953125,-0.25
52.843,0.046875,-0.953125,-0.25
52.875,0.046875,-0.953125,-0.25
52.906,0.046875,-0.953125,-0.265625
52.937,0.046875,-0.953125,-0.25
52.968,0.046875,-0.953125,-0.25
53.000,0.046875,-0.953125,-0.25
53.031,0.046875,-0.953125,-0.25
53.062,0.046875,-0.953125,-0.25
53.093,0.046875,-0.953125,-0.25
53.125,0.046875,-0.953125,-0.25
53.156,0.046875,-0.953125,-0.25
53.187,0.046875,-0.953125,-0.25
53.218,0.046875,-0.953125,-0.25
53.250,0.046875,-0.953125,-0.25
53.281,0.046875,-0.953125,-0.25
53.312,0.046875,-0.953125,-0.25
53.343,0.046875,-0.953125,-0.25
53.375,0.046875,-0.953125,-0.25
53.406,0.046875,-0.953125,-0.25
53.437,0.046875,-0.953125,-0.25
53.468,0.046875,-0.953125,-0.25
53.500,0.046875,-0.953125,-0.25
53.531,0.046875,-0.953125,-0.25
53.562,0.046875,-0.953125,-0.25
53.593,0.046875,-0.953125,-0.25
53.625,0.046875,-0.953125,-0.25
53.656,0.046875,-0.953125,-0.25
53.687,0.046875,-0.953125,-0.25
53.718,0.046875,-0.953125,-0.25
53.750,0.046875,-0.953125,-0.25
53.781,0.046875,-0.953125,-0.25
53.812,0.046875,-0.953125,-0.265625
53.843,0.046875,-0.953125,-0.265625
53.875,0.046875,-0.953125,-0.25
53.906,0.046875,-0.953125,-0.25
53.937,0.046875,-0.953125,-0.25
53.968,0.046875,-0.953125,-0.25
54.000,0.046875,-0.953125,-0.25
54.031,0.046875,-0.953125,-0.25
54.062,0.046875,-0.953125,-0.25
54.093,0.046875,-0.953125,-0.25
54.125,0.046875,-0.953125,-0.25
54.156,0.046875,-0.953125,-0.25
54.187,0.046875,-0.953125,-0.25
54.218,0.046875,-0.953125,-0.25
54.250,0.046875,-0.953125,-0.25
54.281,0.046875,-0.953125,-0.25
54.312,0.046875,-0.953125,-0.25
54.343,0.046875,-0.953125,-0.25
54.375,0.046875,-0.953125,-0.265625
54.406,0.046875,-0.953125,-0.25
54.437,0.046875,-0.953125,-0.265625
54.468,0.046875,-0.953125,-0.25
54.500,0.046875,-0.953125,-0.25
54.531,0.046875,-0.953125,-0.25
54.562,0.046875,-0.953125,-0.265625
54.593,0.046875,-0.953125,-0.25
54.625,0.046875,-0.953125,-0.265625
54.656,0.046875,-0.953125,-0.265625
54.687,0.046875,-0.953125,-0.25
54.718,0.0625,-0.953125,-0.25
54.750,0.046875,-0.953125,-0.25
54.781,0.046875,-0.953125,-0.25
54.812,0.046875,-0.953125,-0.265625
54.843,0.046875,-0.953125,-0.25
54.875,0.046875,-0.953125,-0.265625
54.906,0.046875,-0.953125,-0.25
54.937,0.046875,-0.953125,-0.25
54.968,0.046875,-0.953125,-0.265625
55.000,0.046875,-0.953125,-0.265625
55.031,0.046875,-0.953125,-0.265625
55.062,0.046875,-0.953125,-0.25
55.093,0.0625,-0.953125,-0.25
55.125,0.046875,-0.953125,-0.265625
55.156,0.046875,-0.953125,-0.25
55.187,0.046875,-0.953125,-0.265625
55.218,0.046875,-0.953125,-0.25
55.250,0.046875,-0.953125,-0.265625
55.281,0.046875,-0.953125,-0.25
55.312,0.0625,-0.953125,-0.25
55.343,0.046875,-0.953125,-0.25
55.375,0.046875,-0.953125,-0.265625
55.406,0.046875,-0.953125,-0.25
55.437,0.0625,-0.953125,-0.25
55.468,0.046875,-0.953125,-0.265625
55.500,0.046875,-0.953125,-0.265625
55.531,0.0625,-0.953125,-0.265625
55.562,0.046875,-0.953125,-0.265625
55.593,0.046875,-0.953125,-0.25
55.625,0.0625,-0.953125,-0.25
55.656,0.0625,-0.953125,-0.25
55.687,0.046875,-0.953125,-0.25
55.718,0.046875,-0.953125,-0.25
55.750,0.0625,-0.953125,-0.25
55.781,0.046875,-0.953125,-0.25
55.812,0.046875,-0.953125,-0.25
55.843,0.046875,-0.953125,-0.25
55.875,0.046875,-0.953125,-0.25
55.906,0.0625,-0.953125,-0.265625
55.937,0.03125,-0.953125,-0.25
55.968,0.046875,-0.9375,-0.25
56.000,0.0625,-0.9375,-0.25
56.031,0.046875,-0.953125,-0.265625
56.062,0.046875,-0.953125,-0.265625
56.093,0.046875,-0.953125,-0.25
56.125,0.046875,-0.9375,-0.25
56.156,0.046875,-0.953125,-0.25
56.187,0.046875,-0.953125,-0.25
56.218,0.046875,-0.953125,-0.265625
56.250,0.046875,-0.953125,-0.25
56.281,0.046875,-0.953125,-0.265625
56.312,0.046875,-0.953125,-0.265625
56.343,0.0625,-0.953125,-0.25
56.375,0.046875,-0.953125,-0.25
56.406,0.0625,-0.953125,-0.25
56.437,0.046875,-0.953125,-0.265625
56.468,0.046875,-0.953125,-0.265625
56.500,0.046875,-0.953125,-0.265625
56.531,0.046875,-0.953125,-0.25
56.562,0.046875,-0.953125,-0.25
56.593,0.0625,-0.953125,-0.25
56.625,0.046875,-0.953125,-0.25
56.656,0.046875,-0.953125,-0.265625
56.687,0.046875,-0.953125,-0.265625
56.718,0.046875,-0.953125,-0.265625
56.750,0.046875,-0.953125,-0.265625
56.781,0.046875,-0.953125,-0.25
56.812,0.046875,-0.953125,-0.25
56.843,0.046875,-0.953125,-0.25
56.875,0.046875,-0.953125,-0.265625
56.906,0.046875,-0.953125,-0.25
56.937,0.046875,-0.953125,-0.25
56.968,0.046875,-0.953125,-0.25
57.000,0.046875,-0.953125,-0.265625
57.031,0.046875,-0.953125,-0.265625
57.062,0.046875,-0.953125,-0.265625
57.093,0.046875,-0.953125,-0.25
57.125,0.03125,-0.953125,-0.25
57.156,0.046875,-0.953125,-0.25
57.187,0.046875,-0.953125,-0.265625
57.218,0.046875,-0.953125,-0.265625
57.250,0.03125,-0.953125,-0.25
57.281,0.03125,-0.953125,-0.265625
57.312,0.046875,-0.953125,-0.265625
57.343,0.046875,-0.953125,-0.265625
57.375,0.046875,-0.953125,-0.265625
57.406,0.03125,-0.953125,-0.265625
57.437,0.046875,-0.9375,-0.25
57.468,0.046875,-0.953125,-0.25
57.500,0.046875,-0.953125,-0.25
57.531,0.03125,-0.953125,-0.25
57.562,0.046875,-0.953125,-0.25
57.593,0.03125,-0.953125,-0.25
57.625,0.046875,-0.953125,-0.25
57.656,0.046875,-0.953125,-0.25
57.687,0.046875,-0.953125,-0.265625
57.718,0.046875,-0.953125,-0.25
57.750,0.046875,-0.953125,-0.25
57.781,0.046875,-0.953125,-0.265625
57.812,0.03125,-0.953125,-0.25
57.843,0.046875,-0.953125,-0.25
57.875,0.046875,-0.953125,-0.265625
57.906,0.046875,-0.953125,-0.265625
57.937,0.046875,-0.953125,-0.265625
57.968,0.046875,-0.953125,-0.265625
58.000,0.046875,-0.953125,-0.265625
58.031,0.046875,-0.953125,-0.265625
58.062,0.046875,-0.953125,-0.265625
58.093,0.046875,-0.953125,-0.25
58.125,0.046875,-0.953125,-0.265625
58.156,0.046875,-0.953125,-0.265625
58.187,0.046875,-0.953125,-0.265625
58.218,0.046875,-0.953125,-0.265625
58.250,0.046875,-0.953125,-0.265625
58.281,0.046875,-0.9375,-0.265625
58.312,0.0625,-0.953125,-0.265625
58.343,0.0625,-0.9375,-0.265625
58.375,0.03125,-0.9375,-0.25
58.406,0.03125,-0.9375,-0.234375
58.437,0.015625,-0.953125,-0.21875
58.468,0.0625,-0.96875,-0.25
58.500,0.0625,-0.96875,-0.265625
58.531,-0.015625,-0.9375,-0.34375
58.562,0.0,-0.9375,-0.328125
58.593,0.078125,-0.953125,-0.265625
58.625,0.046875,-0.953125,-0.265625
58.656,0.03125,-0.9375,-0.25
58.687,0.046875,-0.921875,-0.25
58.718,0.03125,-0.96875,-0.28125
58.750,0.09375,-0.96875,-0.296875
58.781,0.0625,-0.9375,-0.296875
58.812,0.078125,-0.953125,-0.296875
58.843,0.046875,-0.9375,-0.28125
58.875,0.0625,-0.953125,-0.28125
58.906,0.046875,-0.9375,-0.28125
58.937,0.078125,-0.9375,-0.28125
58.968,0.0625,-0.9375,-0.265625
59.000,0.0625,-0.9375,-0.296875
59.031,0.078125,-0.9375,-0.296875
59.062,0.09375,-0.9375,-0.296875
59.093,0.078125,-0.9375,-0.296875
59.125,0.109375,-0.953125,-0.28125
59.156,0.078125,-0.953125,-0.28125
59.187,0.109375,-0.9375,-0.234375
59.218,0.09375,-0.953125,-0.25
59.250,0.078125,-0.9375,-0.296875
59.281,0.109375,-0.9375,-0.296875
59.312,0.125,-0.9375,-0.296875
59.343,0.140625,-0.9375,-0.296875
59.375,0.109375,-0.921875,-0.28125
59.406,0.125,-0.9375,-0.296875
59.437,0.078125,-0.953125,-0.3125
59.468,0.109375,-0.953125,-0.265625
59.500,0.09375,-0.953125,-0.25
59.531,0.09375,-0.953125,-0.234375
59.562,0.125,-0.96875,-0.203125
59.593,0.125,-0.984375,-0.21875
59.625,0.109375,-0.96875,-0.203125
59.656,0.09375,-0.9375,-0.1875
59.687,0.0625,-0.953125,-0.203125
59.718,0.0625,-0.953125,-0.203125
59.750,0.109375,-0.953125,-0.1875
59.781,0.109375,-0.953125,-0.1875
59.812,0.109375,-0.96875,-0.1875
59.843,0.0625,-0.953125,-0.234375
59.875,0.078125,-0.9375,-0.234375
59.906,0.078125,-0.96875,-0.21875
59.937,0.078125,-0.984375,-0.203125
59.968,0.09375,-0.953125,-0.1875
