timestamp,x,y,z
00.000,-1.125,-0.15625,-0.125
00.031,-1.171875,-0.078125,-0.0625
00.062,-1.078125,-0.015625,0.140625
00.093,-1.078125,-0.09375,0.203125
00.125,-1.0625,-0.09375,0.1875
00.156,-0.96875,-0.171875,0.234375
00.187,-0.984375,-0.25,0.265625
00.218,-0.890625,-0.28125,0.28125
00.250,-0.890625,-0.3125,0.28125
00.281,-1.0,-0.375,0.296875
00.312,-0.84375,-0.359375,0.375
00.343,-0.875,-0.390625,0.390625
00.375,-0.875,-0.40625,0.421875
00.406,-0.828125,-0.390625,0.453125
00.437,-0.765625,-0.390625,0.453125
00.468,-0.71875,-0.421875,0.421875
00.500,-0.609375,-0.390625,0.484375
00.531,-0.625,-0.3125,0.625
00.562,-0.609375,-0.28125,0.609375
00.593,-0.640625,-0.28125,0.59375
00.625,-0.640625,-0.296875,0.65625
00.656,-0.65625,-0.265625,0.65625
00.687,-0.671875,-0.28125,0.625
00.718,-0.671875,-0.296875,0.671875
00.750,-0.625,-0.296875,0.703125
00.781,-0.65625,-0.28125,0.75
00.812,-0.625,-0.25,0.78125
00.843,-0.6875,-0.21875,0.765625
00.875,-0.625,-0.21875,0.8125
00.906,-0.609375,-0.21875,0.828125
00.937,-0.578125,-0.1875,0.828125
00.968,-0.734375,-0.1875,0.734375
01.000,-0.765625,-0.25,0.75
01.031,-0.609375,-0.34375,0.9375
01.062,-0.578125,-0.390625,0.90625
01.093,-0.4375,-0.359375,0.84375
01.125,-0.28125,-0.34375,0.828125
01.156,-0.28125,-0.328125,0.8125
01.187,-0.296875,-0.3125,0.796875
01.218,-0.359375,-0.328125,0.75
01.250,-0.578125,-0.390625,0.609375
01.281,-0.453125,-0.46875,0.484375
01.312,-0.5,-0.5625,0.359375
01.343,-0.53125,-0.5,0.171875
01.375,-1.15625,-0.203125,-0.09375
01.406,-1.09375,-0.140625,-0.109375
01.437,-1.265625,0.109375,-0.34375
01.468,-1.1875,0.125,-0.359375
01.500,-0.890625,0.203125,-0.375
01.531,-1.0,0.25,-0.671875
01.562,-1.0,0.203125,-0.671875
01.593,-0.921875,0.21875,-0.59375
01.625,-0.9375,0.140625,-0.53125
01.656,-0.828125,0.078125,-0.46875
01.687,-0.859375,0.0625,-0.4375
01.718,-0.875,0.09375,-0.453125
01.750,-0.875,0.109375,-0.5
01.781,-0.921875,0.125,-0.546875
01.812,-0.890625,0.125,-0.546875
01.843,-0.84375,0.09375,-0.4375
01.875,-0.890625,0.09375,-0.46875
01.906,-0.84375,0.078125,-0.484375
01.937,-0.875,0.09375,-0.546875
01.968,-0.875,0.078125,-0.53125
02.000,-0.84375,0.078125,-0.453125
02.031,-0.890625,0.078125,-0.46875
02.062,-0.875,0.078125,-0.46875
02.093,-0.921875,0.078125,-0.46875
02.125,-0.921875,0.078125,-0.453125
02.156,-0.859375,0.046875,-0.4375
02.187,-0.8125,0.015625,-0.390625
02.218,-0.9375,0.046875,-0.4375
02.250,-0.9375,0.046875,-0.484375
02.281,-0.921875,0.03125,-0.453125
02.312,-0.875,0.0625,-0.4375
02.343,-0.9375,0.078125,-0.484375
02.375,-0.890625,0.0625,-0.453125
02.406,-0.859375,0.078125,-0.4375
02.437,-0.890625,0.0625,-0.484375
02.468,-0.875,0.03125,-0.4375
02.500,-0.90625,0.046875,-0.4375
02.531,-0.921875,0.046875,-0.421875
02.562,-0.90625,0.046875,-0.421875
02.593,-0.890625,0.0625,-0.40625
02.625,-0.921875,0.0625,-0.40625
02.656,-0.921875,0.078125,-0.421875
02.687,-0.921875,0.078125,-0.453125
02.718,-0.890625,0.078125,-0.4375
02.750,-0.90625,0.078125,-0.453125
02.781,-0.921875,0.125,-0.46875
02.812,-0.921875,0.09375,-0.453125
02.843,-0.890625,0.078125,-0.421875
02.875,-0.890625,0.0625,-0.390625
02.906,-0.9375,0.015625,-0.40625
02.937,-0.953125,0.0,-0.40625
02.968,-0.90625,-0.015625,-0.390625
03.000,-0.90625,-0.046875,-0.390625
03.031,-0.875,-0.046875,-0.40625
03.062,-0.890625,-0.03125,-0.421875
03.093,-0.875,-0.03125,-0.4375
03.125,-0.890625,-0.046875,-0.4375
03.156,-0.90625,-0.015625,-0.453125
03.187,-0.9375,0.015625,-0.46875
03.218,-0.9375,0.0,-0.453125
03.250,-0.921875,0.0,-0.4375
03.281,-0.984375,0.0,-0.421875
03.312,-0.96875,-0.03125,-0.40625
03.343,-0.96875,-0.03125,-0.40625
03.375,-0.984375,-0.03125,-0.421875
03.406,-0.984375,-0.046875,-0.421875
03.437,-0.96875,-0.0625,-0.40625
03.468,-0.96875,-0.078125,-0.359375
03.500,-0.984375,-0.09375,-0.34375
03.531,-0.96875,-0.09375,-0.359375
03.562,-0.9375,-0.140625,-0.40625
03.593,-0.953125,-0.140625,-0.421875
03.625,-0.90625,-0.171875,-0.375
03.656,-0.890625,-0.1875,-0.375
03.687,-0.859375,-0.1875,-0.359375
03.718,-0.859375,-0.1875,-0.375
03.750,-0.84375,-0.21875,-0.34375
03.781,-0.84375,-0.203125,-0.34375
03.812,-0.859375,-0.203125,-0.359375
03.843,-0.875,-0.234375,-0.359375
03.875,-0.859375,-0.265625,-0.40625
03.906,-0.796875,-0.28125,-0.421875
03.937,-0.84375,-0.28125,-0.390625
03.968,-0.84375,-0.28125,-0.359375
04.000,-0.859375,-0.28125,-0.390625
04.031,-0.796875,-0.265625,-0.421875
04.062,-0.84375,-0.28125,-0.421875
04.093,-0.859375,-0.265625,-0.421875
04.125,-0.875,-0.265625,-0.421875
04.156,-0.859375,-0.265625,-0.390625
04.187,-0.859375,-0.265625,-0.40625
04.218,-0.875,-0.265625,-0.421875
04.250,-0.890625,-0.28125,-0.4375
04.281,-0.90625,-0.296875,-0.40625
04.312,-0.90625,-0.296875,-0.375
04.343,-0.890625,-0.296875,-0.34375
04.375,-0.890625,-0.296875,-0.375
04.406,-0.921875,-0.28125,-0.34375
04.437,-0.90625,-0.234375,-0.359375
04.468,-0.90625,-0.25,-0.375
04.500,-0.90625,-0.234375,-0.390625
04.531,-0.890625,-0.234375,-0.390625
04.562,-0.890625,-0.234375,-0.40625
04.593,-0.875,-0.25,-0.390625
04.625,-0.875,-0.265625,-0.390625
04.656,-0.859375,-0.28125,-0.40625
04.687,-0.875,-0.28125,-0.390625
04.718,-0.890625,-0.28125,-0.390625
04.750,-0.84375,-0.28125,-0.328125
04.781,-0.875,-0.28125,-0.3125
04.812,-0.953125,-0.3125,-0.453125
04.843,-0.9375,-0.3125,-0.40625
04.875,-0.953125,-0.3125,-0.40625
04.906,-0.921875,-0.359375,-0.375
04.937,-0.953125,-0.359375,-0.375
04.968,-0.921875,-0.375,-0.359375
05.000,-0.890625,-0.359375,-0.375
05.031,-0.84375,-0.328125,-0.390625
05.062,-0.796875,-0.203125,-0.390625
05.093,-0.703125,-0.171875,-0.328125
05.125,-0.609375,-0.203125,-0.453125
05.156,-0.609375,-0.21875,-0.546875
05.187,-0.625,-0.21875,-0.546875
05.218,-0.703125,-0.203125,-0.46875
05.250,-0.828125,-0.21875,-0.390625
05.281,-0.90625,-0.203125,-0.34375
05.312,-1.015625,-0.25,-0.234375
05.343,-0.984375,-0.265625,-0.1875
05.375,-0.96875,-0.296875,-0.21875
05.406,-0.96875,-0.328125,-0.171875
05.437,-0.984375,-0.3125,-0.140625
05.468,-0.96875,-0.34375,-0.140625
05.500,-0.953125,-0.359375,-0.09375
05.531,-1.015625,-0.328125,-0.015625
05.562,-0.953125,-0.296875,0.15625
05.593,-0.96875,-0.25,0.203125
05.625,-1.015625,-0.21875,0.078125
05.656,-1.03125,-0.109375,0.09375
05.687,-1.0,-0.078125,0.109375
05.718,-1.0625,-0.09375,0.078125
05.750,-1.0625,-0.046875,0.0625
05.781,-0.984375,-0.03125,0.015625
05.812,-1.015625,-0.078125,-0.015625
05.843,-1.046875,-0.0625,-0.015625
05.875,-1.046875,-0.015625,0.015625
05.906,-1.03125,-0.03125,0.015625
05.937,-1.0625,-0.015625,-0.046875
05.968,-1.078125,0.015625,-0.109375
06.000,-1.0625,0.015625,-0.125
06.031,-1.015625,0.015625,-0.09375
06.062,-0.96875,0.015625,-0.078125
06.093,-0.96875,0.0,-0.078125
06.125,-1.0,0.0,-0.09375
06.156,-1.015625,0.0,-0.09375
06.187,-1.0625,0.03125,-0.109375
06.218,-1.078125,0.046875,-0.09375
06.250,-1.078125,0.046875,-0.09375
06.281,-1.046875,0.0625,-0.0625
06.312,-1.046875,0.0625,-0.046875
06.343,-1.046875,0.078125,-0.03125
06.375,-1.03125,0.09375,0.0
06.406,-1.03125,0.09375,0.015625
06.437,-0.96875,0.09375,0.03125
06.468,-0.9375,0.078125,0.03125
06.500,-0.890625,0.03125,0.03125
06.531,-0.9375,-0.015625,-0.015625
06.562,-0.96875,-0.015625,-0.03125
06.593,-1.03125,-0.046875,-0.046875
06.625,-1.109375,-0.03125,-0.03125
06.656,-1.125,-0.03125,0.0
06.687,-1.25,-0.0625,0.046875
06.718,-1.296875,-0.0625,0.078125
06.750,-1.234375,-0.15625,0.125
06.781,-1.125,-0.21875,0.15625
06.812,-1.109375,-0.21875,0.15625
06.843,-1.078125,-0.25,0.15625
06.875,-1.0,-0.28125,0.171875
06.906,-0.875,-0.328125,0.203125
06.937,-0.921875,-0.34375,0.203125
06.968,-0.859375,-0.296875,0.25
07.000,-0.65625,-0.328125,0.375
07.031,-0.6875,-0.28125,0.375
07.062,-0.75,-0.21875,0.375
07.093,-0.546875,-0.234375,0.515625
07.125,-0.59375,-0.265625,0.578125
07.156,-0.6875,-0.203125,0.59375
07.187,-0.609375,-0.28125,0.65625
07.218,-0.59375,-0.296875,0.6875
07.250,-0.640625,-0.359375,0.71875
07.281,-0.5625,-0.375,0.71875
07.312,-0.515625,-0.390625,0.71875
07.343,-0.46875,-0.328125,0.765625
07.375,-0.375,-0.34375,0.84375
07.406,-0.4375,-0.3125,0.78125
07.437,-0.453125,-0.296875,0.8125
07.468,-0.484375,-0.234375,0.890625
07.500,-0.46875,-0.234375,0.859375
07.531,-0.484375,-0.21875,0.828125
07.562,-0.484375,-0.234375,0.8125
07.593,-0.359375,-0.203125,0.890625
07.625,-0.390625,-0.1875,0.875
07.656,-0.390625,-0.09375,1.046875
07.687,-0.4375,-0.125,0.921875
07.718,-0.359375,-0.140625,0.921875
07.750,-0.28125,-0.234375,0.90625
07.781,-0.28125,-0.21875,0.921875
07.812,-0.296875,-0.21875,0.9375
07.843,-0.3125,-0.203125,0.9375
07.875,-0.34375,-0.203125,0.875
07.906,-0.140625,-0.21875,0.921875
07.937,-0.1875,-0.203125,0.90625
07.968,-0.140625,-0.1875,1.0
08.000,-0.21875,-0.21875,0.953125
08.031,-0.375,-0.21875,0.90625
08.062,-0.3125,-0.203125,0.984375
08.093,-0.25,-0.203125,1.046875
08.125,-0.296875,-0.21875,0.96875
08.156,-0.28125,-0.21875,0.890625
08.187,-0.640625,-0.125,1.578125
08.218,-0.234375,-0.3125,0.96875
08.250,-0.171875,-0.25,0.875
08.281,-0.421875,-0.265625,0.796875
08.312,-0.40625,-0.296875,0.9375
08.343,-0.375,-0.328125,1.015625
08.375,-0.3125,-0.328125,1.0
08.406,-0.375,-0.3125,0.921875
08.437,-0.359375,-0.34375,0.859375
08.468,-0.4375,-0.34375,0.671875
08.500,-0.46875,-0.375,0.5625
08.531,-0.609375,-0.34375,0.390625
08.562,-0.703125,-0.25,0.5
08.593,-0.703125,-0.171875,0.5
08.625,-1.0,-0.234375,0.171875
08.656,-1.0,-0.234375,0.109375
08.687,-0.9375,-0.21875,0.203125
08.718,-0.90625,-0.3125,0.125
08.750,-0.875,-0.3125,0.15625
08.781,-1.015625,-0.234375,0.15625
08.812,-1.0,-0.1875,0.125
08.843,-1.015625,-0.203125,0.171875
08.875,-0.953125,-0.171875,0.1875
08.906,-0.9375,-0.234375,0.15625
08.937,-0.984375,-0.1875,0.140625
08.968,-0.9375,-0.296875,0.109375
09.000,-1.03125,-0.328125,0.078125
09.031,-1.09375,-0.3125,0.125
09.062,-0.96875,-0.328125,0.140625
09.093,-1.03125,-0.390625,0.078125
09.125,-1.0,-0.390625,0.0625
09.156,-1.0,-0.421875,0.03125
09.187,-1.09375,-0.359375,0.140625
09.218,-1.03125,-0.34375,0.1875
09.250,-0.796875,-0.4375,0.3125
09.281,-0.796875,-0.46875,0.359375
09.312,-0.78125,-0.5,0.375
09.343,-0.890625,-0.390625,0.359375
09.375,-0.6875,-0.390625,0.484375
09.406,-0.609375,-0.359375,0.484375
09.437,-0.78125,-0.140625,0.625
09.468,-0.890625,-0.015625,0.546875
09.500,-1.171875,0.15625,0.359375
09.531,-1.03125,0.296875,0.28125
09.562,-0.921875,0.25,0.421875
09.593,-0.765625,-0.015625,0.421875
09.625,-0.734375,-0.078125,0.359375
09.656,-0.8125,-0.1875,0.265625
09.687,-0.890625,-0.25,0.171875
09.718,-0.828125,-0.28125,0.171875
09.750,-0.8125,-0.3125,0.203125
09.781,-0.875,-0.34375,0.234375
09.812,-0.84375,-0.328125,0.34375
09.843,-0.984375,-0.421875,0.3125
09.875,-1.015625,-0.453125,0.296875
09.906,-1.046875,-0.421875,0.296875
09.937,-1.03125,-0.390625,0.28125
09.968,-0.984375,-0.4375,0.265625
10.000,-0.984375,-0.359375,0.265625
10.031,-0.9375,-0.34375,0.265625
10.062,-0.921875,-0.40625,0.203125
10.093,-0.9375,-0.3125,0.203125
10.125,-0.90625,-0.296875,0.25
10.156,-0.828125,-0.359375,0.28125
10.187,-0.796875,-0.40625,0.28125
10.218,-0.859375,-0.359375,0.34375
10.250,-0.796875,-0.4375,0.375
10.281,-0.8125,-0.40625,0.375
10.312,-0.828125,-0.34375,0.390625
10.343,-0.84375,-0.390625,0.390625
10.375,-0.796875,-0.421875,0.34375
10.406,-0.90625,-0.390625,0.140625
10.437,-0.984375,-0.375,0.0625
10.468,-1.015625,-0.453125,-0.046875
10.500,-0.96875,-0.421875,-0.09375
10.531,-0.90625,-0.421875,-0.078125
10.562,-0.953125,-0.390625,-0.03125
10.593,-0.984375,-0.359375,-0.03125
10.625,-1.03125,-0.296875,0.015625
10.656,-1.078125,-0.25,0.078125
10.687,-1.03125,-0.234375,0.125
10.718,-1.0,-0.234375,0.1875
10.750,-1.015625,-0.25,0.1875
10.781,-0.953125,-0.3125,0.25
10.812,-0.84375,-0.40625,0.28125
10.843,-0.84375,-0.453125,0.3125
10.875,-0.703125,-0.625,0.296875
10.906,-0.65625,-0.671875,0.296875
10.937,-0.71875,-0.625,0.359375
10.968,-0.78125,-0.53125,0.40625
11.000,-0.765625,-0.578125,0.4375
11.031,-0.875,-0.5,0.421875
11.062,-0.828125,-0.453125,0.4375
11.093,-0.796875,-0.421875,0.4375
11.125,-0.6875,-0.375,0.453125
11.156,-0.71875,-0.34375,0.46875
11.187,-0.671875,-0.328125,0.5
11.218,-0.640625,-0.375,0.515625
11.250,-0.640625,-0.375,0.546875
11.281,-0.671875,-0.375,0.5625
11.312,-0.6875,-0.375,0.5625
11.343,-0.71875,-0.40625,0.578125
11.375,-0.6875,-0.421875,0.59375
11.406,-0.6875,-0.421875,0.59375
11.437,-0.71875,-0.453125,0.578125
11.468,-0.75,-0.453125,0.5625
11.500,-0.75,-0.453125,0.546875
11.531,-0.71875,-0.484375,0.578125
11.562,-0.6875,-0.484375,0.578125
11.593,-0.671875,-0.5,0.5625
11.625,-0.671875,-0.484375,0.578125
11.656,-0.65625,-0.484375,0.59375
11.687,-0.640625,-0.5,0.625
11.718,-0.640625,-0.5,0.625
11.750,-0.71875,-0.5,0.609375
11.781,-0.734375,-0.53125,0.609375
11.812,-0.765625,-0.546875,0.59375
11.843,-0.703125,-0.59375,0.546875
11.875,-0.578125,-0.625,0.5625
11.906,-0.5,-0.53125,0.59375
11.937,-0.546875,-0.453125,0.6875
11.968,-0.46875,-0.375,0.765625
12.000,-0.265625,-0.375,0.859375
12.031,-0.265625,-0.359375,0.90625
12.062,-0.265625,-0.3125,0.90625
12.093,-0.171875,-0.296875,0.890625
12.125,-0.234375,-0.25,0.890625
12.156,-0.171875,-0.171875,0.953125
12.187,-0.21875,-0.171875,0.953125
12.218,-0.21875,-0.203125,0.921875
12.250,-0.125,-0.25,0.921875
12.281,-0.109375,-0.25,0.9375
12.312,-0.171875,-0.25,0.921875
12.343,-0.140625,-0.3125,0.921875
12.375,-0.171875,-0.3125,0.890625
12.406,-0.203125,-0.234375,0.90625
12.437,-0.09375,-0.265625,0.953125
12.468,-0.078125,-0.234375,1.015625
12.500,-0.078125,-0.15625,0.96875
12.531,-0.078125,-0.234375,0.90625
12.562,-0.078125,-0.171875,0.921875
12.593,-0.09375,-0.234375,0.90625
12.625,-0.09375,-0.234375,0.890625
12.656,-0.15625,-0.234375,0.90625
12.687,-0.1875,-0.25,0.90625
12.718,-0.203125,-0.3125,0.921875
12.750,-0.203125,-0.28125,0.9375
12.781,-0.21875,-0.296875,0.921875
12.812,-0.203125,-0.296875,0.90625
12.843,-0.1875,-0.3125,0.90625
12.875,-0.1875,-0.328125,0.890625
12.906,-0.1875,-0.3125,0.953125
12.937,-0.1875,-0.3125,0.953125
12.968,-0.140625,-0.328125,0.9375
13.000,-0.171875,-0.265625,0.9375
13.031,-0.15625,-0.25,0.9375
13.062,-0.15625,-0.265625,0.953125
13.093,-0.140625,-0.265625,0.953125
13.125,-0.15625,-0.234375,0.9375
13.156,-0.140625,-0.28125,0.921875
13.187,-0.09375,-0.265625,0.984375
13.218,-0.15625,-0.25,0.9375
13.250,-0.140625,-0.25,0.890625
13.281,-0.1875,-0.25,0.953125
13.312,-0.1875,-0.3125,0.90625
13.343,-0.125,-0.3125,0.921875
13.375,-0.15625,-0.265625,0.984375
13.406,-0.15625,-0.28125,0.953125
13.437,-0.203125,-0.234375,0.921875
13.468,-0.15625,-0.21875,1.0
13.500,-0.328125,-0.1875,0.953125
13.531,-0.21875,-0.3125,0.921875
13.562,-0.171875,-0.25,0.9375
13.593,-0.171875,-0.25,0.953125
13.625,-0.140625,-0.265625,0.9375
13.656,-0.125,-0.25,0.921875
13.687,-0.171875,-0.203125,0.90625
13.718,-0.1875,-0.203125,0.984375
13.750,-0.1875,-0.203125,0.953125
13.781,-0.203125,-0.25,0.953125
13.812,-0.25,-0.25,0.90625
13.843,-0.234375,-0.25,0.921875
13.875,-0.28125,-0.171875,0.953125
13.906,-0.359375,-0.171875,0.859375
13.937,-0.1875,-0.203125,0.859375
13.968,-0.15625,-0.171875,0.90625
14.000,-0.140625,-0.140625,0.9375
14.031,-0.171875,-0.125,0.9375
14.062,-0.1875,-0.140625,0.9375
14.093,-0.21875,-0.171875,0.953125
14.125,-0.25,-0.1875,0.96875
14.156,-0.234375,-0.1875,1.015625
14.187,-0.328125,-0.171875,0.90625
14.218,-0.296875,-0.15625,0.984375
14.250,-0.21875,-0.1875,1.046875
14.281,-0.28125,-0.234375,0.9375
14.312,-0.328125,-0.203125,0.890625
14.343,-0.296875,-0.21875,0.9375
14.375,-0.09375,-0.21875,1.0
14.406,-0.1875,-0.234375,0.9375
14.437,-0.21875,-0.203125,0.9375
14.468,-0.21875,-0.203125,0.953125
14.500,-0.1875,-0.21875,0.90625
14.531,-0.15625,-0.15625,0.9375
14.562,-0.1875,-0.15625,0.921875
14.593,-0.09375,-0.09375,1.015625
14.625,-0.015625,-0.109375,1.0625
14.656,-0.078125,-0.109375,1.03125
14.687,-0.109375,-0.109375,0.921875
14.718,-0.09375,-0.109375,0.921875
14.750,-0.09375,-0.03125,0.953125
14.781,-0.109375,-0.03125,0.890625
14.812,-0.03125,0.0,0.921875
14.843,-0.03125,0.046875,0.90625
14.875,0.09375,0.109375,1.0
14.906,0.046875,0.140625,0.984375
14.937,0.171875,0.1875,0.96875
14.968,0.015625,0.171875,0.96875
15.000,0.171875,0.140625,0.984375
15.031,0.21875,0.15625,0.90625
15.062,0.203125,0.140625,0.921875
15.093,0.203125,0.171875,1.0
15.125,0.171875,0.171875,1.0
15.156,0.15625,0.15625,0.984375
15.187,0.171875,0.203125,1.046875
15.218,0.125,0.28125,1.125
15.250,0.140625,0.359375,1.265625
15.281,0.15625,0.328125,1.203125
15.312,-0.03125,0.171875,0.859375
15.343,-0.3125,-0.03125,0.796875
15.375,-0.25,-0.140625,0.796875
15.406,0.015625,-0.28125,0.8125
15.437,0.0625,-0.234375,0.828125
15.468,0.0625,-0.1875,0.8125
15.500,0.046875,-0.03125,0.890625
15.531,0.015625,0.03125,0.859375
15.562,0.1875,0.125,0.984375
15.593,0.1875,0.140625,1.015625
15.625,0.03125,0.1875,0.953125
15.656,0.15625,0.203125,1.015625
15.687,0.171875,0.203125,0.984375
15.718,0.234375,0.1875,1.0
15.750,0.171875,0.15625,1.0625
15.781,0.078125,0.125,1.015625
15.812,0.0625,0.203125,1.015625
15.843,0.0625,0.203125,0.890625
15.875,0.234375,0.171875,1.015625
15.906,0.265625,0.109375,0.96875
15.937,0.171875,0.046875,0.9375
15.968,0.015625,0.078125,1.0
16.000,0.0625,0.046875,1.0
16.031,0.03125,0.078125,1.0
16.062,-0.109375,0.09375,0.953125
16.093,-0.203125,0.078125,0.890625
16.125,-0.140625,0.09375,0.90625
16.156,-0.109375,0.09375,0.90625
16.187,-0.109375,0.109375,0.875
16.218,-0.078125,0.109375,0.90625
16.250,0.0625,0.09375,0.9375
16.281,0.15625,0.140625,1.015625
16.312,0.34375,0.125,1.015625
16.343,0.296875,0.09375,0.921875
16.375,0.515625,0.09375,0.921875
16.406,0.484375,0.140625,0.953125
16.437,0.46875,0.1875,0.953125
16.468,0.328125,0.15625,0.8125
16.500,0.3125,0.15625,0.8125
16.531,0.40625,0.1875,0.9375
16.562,0.375,0.203125,0.984375
16.593,0.25,0.171875,0.984375
16.625,0.15625,0.125,0.921875
16.656,0.078125,0.15625,1.0
16.687,0.109375,0.0625,0.9375
16.718,0.0,0.125,0.90625
16.750,0.015625,0.109375,0.9375
16.781,0.03125,0.140625,0.953125
16.812,0.0625,0.171875,0.96875
16.843,0.078125,0.171875,0.953125
16.875,0.09375,0.171875,0.953125
16.906,0.0625,0.1875,0.921875
16.937,0.0625,0.25,0.9375
16.968,0.109375,0.203125,0.984375
17.000,0.140625,0.15625,0.984375
17.031,0.234375,0.1875,1.015625
17.062,0.203125,0.203125,0.953125
17.093,0.09375,0.1875,0.9375
17.125,0.09375,0.1875,0.96875
17.156,0.15625,0.1875,1.0
17.187,0.09375,0.171875,0.96875
17.218,0.03125,0.1875,0.953125
17.250,0.0625,0.1875,0.9375
17.281,0.140625,0.234375,0.96875
17.312,0.109375,0.265625,0.984375
17.343,0.015625,0.234375,0.96875
17.375,0.046875,0.21875,0.90625
17.406,0.046875,0.265625,1.0
17.437,-0.015625,0.21875,0.96875
17.468,0.03125,0.21875,0.859375
17.500,0.03125,0.328125,1.078125
17.531,0.0,0.234375,0.96875
17.562,-0.015625,0.25,0.984375
17.593,0.046875,0.25,0.984375
17.625,-0.078125,0.234375,0.84375
17.656,-0.09375,0.234375,1.0
17.687,0.09375,0.296875,1.0
17.718,-0.015625,0.546875,1.84375
17.750,0.125,0.15625,1.140625
17.781,-0.34375,0.296875,0.9375
17.812,-0.234375,0.0,0.609375
17.843,-0.359375,0.09375,0.59375
17.875,-0.15625,0.1875,0.765625
17.906,0.078125,0.296875,0.953125
17.937,-0.03125,0.34375,0.953125
17.968,-0.109375,0.203125,0.953125
18.000,-0.15625,0.125,0.953125
18.031,-0.125,0.0625,0.9375
18.062,-0.03125,0.0625,0.984375
18.093,-0.140625,0.0625,0.921875
18.125,-0.109375,0.03125,0.984375
18.156,-0.234375,0.046875,1.046875
18.187,-0.21875,0.015625,0.96875
18.218,-0.21875,-0.015625,1.0
18.250,-0.203125,-0.03125,1.015625
18.281,-0.296875,-0.03125,0.921875
18.312,-0.21875,-0.0625,0.90625
18.343,-0.28125,-0.046875,0.890625
18.375,-0.34375,-0.03125,0.859375
18.406,-0.328125,-0.078125,0.859375
18.437,-0.328125,-0.0625,0.890625
18.468,-0.375,-0.109375,0.90625
18.500,-0.328125,-0.140625,0.875
18.531,-0.546875,-0.125,0.796875
18.562,-0.640625,-0.171875,0.734375
18.593,-0.65625,-0.1875,0.75
18.625,-0.65625,-0.203125,0.640625
18.656,-0.6875,-0.21875,0.671875
18.687,-0.78125,-0.21875,0.578125
18.718,-0.84375,-0.21875,0.5625
18.750,-0.78125,-0.25,0.546875
18.781,-0.984375,-0.234375,0.40625
18.812,-0.796875,-0.234375,0.453125
18.843,-0.90625,-0.234375,0.34375
18.875,-0.953125,-0.265625,0.25
18.906,-0.953125,-0.25,0.21875
18.937,-1.0625,-0.234375,0.125
18.968,-0.953125,-0.265625,0.125
19.000,-1.03125,-0.265625,0.046875
19.031,-0.953125,-0.25,0.03125
19.062,-0.953125,-0.25,0.03125
19.093,-0.953125,-0.203125,0.0
19.125,-1.046875,-0.21875,0.0
19.156,-1.015625,-0.234375,0.015625
19.187,-0.96875,-0.28125,-0.03125
19.218,-0.9375,-0.265625,-0.0625
19.250,-0.984375,-0.25,-0.109375
19.281,-1.0,-0.234375,-0.15625
19.312,-1.0,-0.234375,-0.203125
19.343,-1.015625,-0.1875,-0.21875
19.375,-0.984375,-0.203125,-0.28125
19.406,-0.96875,-0.203125,-0.328125
19.437,-0.953125,-0.203125,-0.421875
19.468,-0.921875,-0.21875,-0.4375
19.500,-0.875,-0.21875,-0.484375
19.531,-0.875,-0.265625,-0.453125
19.562,-0.875,-0.265625,-0.46875
19.593,-0.78125,-0.296875,-0.46875
19.625,-0.75,-0.296875,-0.53125
19.656,-0.71875,-0.328125,-0.53125
19.687,-0.6875,-0.34375,-0.578125
19.718,-0.65625,-0.328125,-0.59375
19.750,-0.65625,-0.359375,-0.625
19.781,-0.609375,-0.34375,-0.65625
19.812,-0.578125,-0.359375,-0.671875
19.843,-0.578125,-0.390625,-0.703125
19.875,-0.5625,-0.390625,-0.703125
19.906,-0.546875,-0.40625,-0.71875
19.937,-0.515625,-0.40625,-0.71875
19.968,-0.515625,-0.390625,-0.71875
20.000,-0.515625,-0.4375,-0.71875
20.031,-0.53125,-0.40625,-0.734375
20.062,-0.546875,-0.40625,-0.734375
20.093,-0.546875,-0.421875,-0.75
20.125,-0.53125,-0.421875,-0.75
20.156,-0.515625,-0.421875,-0.765625
20.187,-0.5,-0.4375,-0.734375
20.218,-0.484375,-0.4375,-0.75
20.250,-0.4375,-0.4375,-0.734375
20.281,-0.4375,-0.421875,-0.75
20.312,-0.46875,-0.390625,-0.75
20.343,-0.46875,-0.40625,-0.765625
20.375,-0.4375,-0.390625,-0.78125
20.406,-0.484375,-0.375,-0.78125
20.437,-0.5,-0.390625,-0.71875
20.468,-0.5,-0.40625,-0.6875
20.500,-0.5625,-0.421875,-0.625
20.531,-0.609375,-0.40625,-0.6875
20.562,-0.53125,-0.421875,-0.65625
20.593,-0.53125,-0.453125,-0.6875
20.625,-0.515625,-0.421875,-0.71875
20.656,-0.546875,-0.390625,-0.71875
20.687,-0.546875,-0.375,-0.703125
20.718,-0.546875,-0.359375,-0.65625
20.750,-0.65625,-0.3125,-0.640625
20.781,-0.671875,-0.296875,-0.625
20.812,-0.703125,-0.28125,-0.65625
20.843,-0.71875,-0.296875,-0.609375
20.875,-0.71875,-0.34375,-0.59375
20.906,-0.765625,-0.375,-0.578125
20.937,-0.828125,-0.375,-0.59375
20.968,-0.796875,-0.390625,-0.625
21.000,-0.75,-0.375,-0.625
21.031,-0.734375,-0.375,-0.609375
21.062,-0.75,-0.34375,-0.59375
21.093,-0.734375,-0.34375,-0.59375
21.125,-0.71875,-0.3125,-0.59375
21.156,-0.75,-0.28125,-0.625
21.187,-0.75,-0.28125,-0.65625
21.218,-0.765625,-0.234375,-0.5625
21.250,-0.828125,-0.21875,-0.546875
21.281,-0.765625,-0.171875,-0.546875
21.312,-0.796875,-0.140625,-0.578125
21.343,-0.828125,-0.125,-0.578125
21.375,-0.828125,-0.109375,-0.5625
21.406,-0.8125,-0.109375,-0.546875
21.437,-0.8125,-0.109375,-0.53125
21.468,-0.8125,-0.109375,-0.53125
21.500,-0.828125,-0.109375,-0.53125
21.531,-0.828125,-0.09375,-0.53125
21.562,-0.84375,-0.0625,-0.453125
21.593,-0.84375,-0.0625,-0.421875
21.625,-0.875,-0.046875,-0.40625
21.656,-0.875,-0.046875,-0.390625
21.687,-0.890625,-0.046875,-0.375
21.718,-0.9375,-0.015625,-0.421875
21.750,-0.953125,-0.015625,-0.453125
21.781,-0.953125,-0.015625,-0.453125
21.812,-0.96875,0.0,-0.453125
21.843,-0.953125,0.015625,-0.453125
21.875,-0.9375,0.03125,-0.453125
21.906,-0.9375,0.03125,-0.453125
21.937,-0.921875,0.046875,-0.4375
21.968,-0.9375,0.078125,-0.46875
22.000,-0.921875,0.09375,-0.46875
22.031,-0.9375,0.125,-0.484375
22.062,-0.921875,0.140625,-0.46875
22.093,-0.921875,0.15625,-0.46875
22.125,-0.90625,0.15625,-0.46875
22.156,-0.90625,0.171875,-0.453125
22.187,-0.890625,0.171875,-0.4375
22.218,-0.890625,0.1875,-0.4375
22.250,-0.90625,0.203125,-0.40625
22.281,-0.90625,0.1875,-0.40625
22.312,-0.90625,0.1875,-0.375
22.343,-0.90625,0.15625,-0.328125
22.375,-0.921875,0.140625,-0.328125
22.406,-0.96875,0.15625,-0.34375
22.437,-1.03125,0.15625,-0.28125
22.468,-1.078125,0.171875,-0.28125
22.500,-1.296875,0.1875,-0.265625
22.531,-1.296875,0.0625,-0.046875
22.562,-1.3125,-0.078125,0.015625
22.593,-1.125,-0.34375,-0.125
22.625,-1.125,-0.375,-0.1875
22.656,-0.84375,-0.390625,-0.28125
22.687,-0.59375,-0.375,-0.265625
22.718,-0.578125,-0.328125,-0.265625
22.750,-0.78125,-0.234375,-0.171875
22.781,-0.75,-0.203125,-0.1875
22.812,-0.890625,-0.25,-0.234375
22.843,-0.921875,-0.28125,-0.25
22.875,-0.921875,-0.328125,-0.265625
22.906,-0.890625,-0.421875,-0.359375
22.937,-0.859375,-0.5,-0.3125
22.968,-0.828125,-0.53125,-0.28125
23.000,-0.765625,-0.5625,-0.265625
23.031,-0.734375,-0.5625,-0.265625
23.062,-0.71875,-0.515625,-0.296875
23.093,-0.75,-0.515625,-0.234375
23.125,-0.765625,-0.515625,-0.328125
23.156,-0.6875,-0.53125,-0.296875
23.187,-0.6875,-0.5625,-0.25
23.218,-0.765625,-0.546875,-0.265625
23.250,-0.765625,-0.578125,-0.265625
23.281,-0.796875,-0.59375,-0.3125
23.312,-0.71875,-0.5625,-0.296875
23.343,-0.84375,-0.53125,-0.234375
23.375,-0.875,-0.53125,-0.203125
23.406,-0.875,-0.546875,-0.03125
23.437,-0.890625,-0.53125,0.0
23.468,-0.8125,-0.515625,0.0
23.500,-0.921875,-0.484375,0.109375
23.531,-0.90625,-0.5,0.09375
23.562,-0.953125,-0.4375,0.0
23.593,-0.8125,-0.46875,0.046875
23.625,-0.75,-0.4375,0.078125
23.656,-0.875,-0.359375,0.1875
23.687,-0.765625,-0.390625,0.28125
23.718,-1.046875,-0.34375,0.125
23.750,-0.984375,-0.453125,-0.015625
23.781,-0.9375,-0.421875,0.015625
23.812,-0.90625,-0.375,-0.03125
23.843,-0.96875,-0.375,-0.09375
23.875,-1.015625,-0.359375,-0.125
23.906,-0.984375,-0.3125,-0.078125
23.937,-1.078125,-0.234375,-0.203125
23.968,-0.75,-0.375,-0.125
24.000,-1.0625,-0.203125,0.015625
24.031,-0.984375,-0.171875,0.0
24.062,-0.953125,-0.1875,-0.234375
24.093,-0.984375,-0.1875,-0.3125
24.125,-0.96875,-0.171875,-0.359375
24.156,-0.796875,-0.125,-0.21875
24.187,-0.96875,-0.171875,-0.203125
24.218,-0.796875,-0.109375,0.03125
24.250,-0.796875,-0.125,0.078125
24.281,-0.9375,-0.078125,0.0
24.312,-1.0625,-0.0625,-0.125
24.343,-1.078125,-0.0625,-0.125
24.375,-1.125,-0.046875,-0.125
24.406,-1.125,-0.03125,-0.125
24.437,-1.125,-0.015625,-0.109375
24.468,-1.09375,0.0,-0.078125
24.500,-1.0625,0.0,-0.078125
24.531,-1.046875,0.0,-0.078125
24.562,-1.03125,0.015625,-0.078125
24.593,-1.0,0.046875,-0.09375
24.625,-1.0,0.0625,-0.09375
24.656,-1.0,0.078125,-0.09375
24.687,-0.984375,0.125,-0.0625
24.718,-1.015625,0.203125,-0.046875
24.750,-1.015625,0.21875,-0.046875
24.781,-1.015625,0.265625,0.0
24.812,-0.984375,0.296875,0.015625
24.843,-0.953125,0.296875,0.046875
24.875,-0.953125,0.28125,0.015625
24.906,-0.96875,0.28125,0.015625
24.937,-1.0,0.28125,0.015625
24.968,-0.984375,0.265625,0.015625
25.000,-0.96875,0.25,0.015625
25.031,-1.0,0.234375,0.0
25.062,-1.03125,0.234375,0.0
25.093,-1.09375,0.296875,0.015625
25.125,-1.09375,0.3125,0.03125
25.156,-1.046875,0.3125,0.046875
25.187,-0.96875,0.34375,0.09375
25.218,-0.96875,0.328125,0.109375
25.250,-1.0,0.3125,0.140625
25.281,-1.046875,0.3125,0.1875
25.312,-1.140625,0.296875,0.203125
25.343,-1.15625,0.25,0.25
25.375,-1.125,0.203125,0.28125
25.406,-1.03125,0.15625,0.4375
25.437,-0.96875,0.0625,0.515625
25.468,-1.0,0.03125,0.515625
25.500,-0.953125,-0.125,0.53125
25.531,-0.578125,-0.390625,0.65625
25.562,-0.578125,-0.421875,0.578125
25.593,-0.484375,-0.40625,0.484375
25.625,-0.421875,-0.5,0.453125
25.656,-0.5625,-0.390625,0.484375
25.687,-0.578125,-0.3125,0.515625
25.718,-0.625,-0.25,0.515625
25.750,-0.578125,-0.3125,0.59375
25.781,-0.59375,-0.234375,0.75
25.812,-0.40625,-0.1875,0.78125
25.843,-0.3125,-0.171875,0.859375
25.875,-0.34375,-0.140625,0.890625
25.906,-0.21875,-0.203125,1.0
25.937,-0.171875,-0.234375,0.984375
25.968,-0.40625,-0.265625,0.9375
26.000,-0.234375,-0.296875,1.046875
26.031,-0.1875,-0.296875,1.0
26.062,-0.203125,-0.296875,0.828125
26.093,-0.1875,-0.265625,0.953125
26.125,-0.265625,-0.265625,0.921875
26.156,-0.1875,-0.25,1.03125
26.187,-0.25,-0.265625,0.984375
26.218,-0.21875,-0.28125,0.875
26.250,-0.28125,-0.28125,0.984375
26.281,-0.34375,-0.296875,1.0
26.312,-0.3125,-0.296875,0.90625
26.343,-0.34375,-0.296875,0.921875
26.375,-0.546875,-0.328125,0.859375
26.406,-0.546875,-0.28125,0.796875
26.437,-0.4375,-0.28125,0.75
26.468,-0.625,-0.25,0.796875
26.500,-0.765625,-0.296875,0.734375
26.531,-0.5625,-0.421875,0.84375
26.562,-0.4375,-0.34375,0.75
26.593,-0.609375,-0.375,0.65625
26.625,-0.484375,-0.375,0.625
26.656,-0.5,-0.25,0.828125
26.687,-0.546875,-0.265625,0.78125
26.718,-0.4375,-0.296875,0.859375
26.750,-0.546875,-0.3125,0.765625
26.781,-0.5,-0.328125,0.734375
26.812,-0.578125,-0.265625,0.59375
26.843,-0.46875,-0.296875,0.546875
26.875,-0.34375,-0.203125,0.8125
26.906,-0.28125,-0.1875,0.890625
26.937,-0.203125,-0.234375,0.96875
26.968,-0.1875,-0.203125,1.0
27.000,-0.1875,-0.1875,0.953125
27.031,-0.171875,-0.15625,1.015625
27.062,-0.140625,-0.21875,0.984375
27.093,-0.09375,-0.1875,1.09375
27.125,0.3125,-0.625,1.46875
27.156,-0.171875,-0.390625,0.84375
27.187,-0.03125,-0.375,1.03125
27.218,-0.609375,-0.28125,0.5625
27.250,-0.21875,-0.359375,0.671875
27.281,-0.046875,-0.328125,0.84375
27.312,-0.0625,-0.34375,0.9375
27.343,-0.453125,-0.390625,0.9375
27.375,-0.234375,-0.4375,0.890625
27.406,-0.109375,-0.421875,0.765625
27.437,-0.328125,-0.40625,0.578125
27.468,-0.390625,-0.359375,0.578125
27.500,-0.734375,-0.21875,0.484375
27.531,-0.859375,-0.203125,0.296875
27.562,-0.953125,-0.25,0.21875
27.593,-0.921875,-0.296875,0.078125
27.625,-1.015625,-0.34375,-0.171875
27.656,-0.953125,-0.375,-0.21875
27.687,-0.796875,-0.40625,-0.21875
27.718,-0.734375,-0.375,-0.25
27.750,-0.703125,-0.421875,-0.375
27.781,-0.65625,-0.4375,-0.421875
27.812,-0.609375,-0.4375,-0.453125
27.843,-0.625,-0.46875,-0.53125
27.875,-0.609375,-0.453125,-0.5625
27.906,-0.59375,-0.421875,-0.625
27.937,-0.625,-0.421875,-0.671875
27.968,-0.609375,-0.40625,-0.6875
28.000,-0.625,-0.375,-0.71875
28.031,-0.65625,-0.390625,-0.75
28.062,-0.625,-0.375,-0.796875
28.093,-0.5625,-0.34375,-0.90625
28.125,-0.515625,-0.328125,-0.921875
28.156,-0.53125,-0.28125,-0.953125
28.187,-0.53125,-0.265625,-0.875
28.218,-0.53125,-0.265625,-0.859375
28.250,-0.5,-0.203125,-0.875
28.281,-0.5,-0.203125,-0.90625
28.312,-0.46875,-0.203125,-0.875
28.343,-0.484375,-0.125,-0.890625
28.375,-0.5625,-0.109375,-0.859375
28.406,-0.640625,-0.140625,-0.796875
28.437,-0.65625,-0.140625,-0.765625
28.468,-0.6875,-0.15625,-0.609375
28.500,-0.71875,-0.171875,-0.546875
28.531,-0.796875,-0.15625,-0.515625
28.562,-0.90625,-0.140625,-0.515625
28.593,-0.859375,-0.109375,-0.546875
28.625,-0.9375,-0.078125,-0.484375
28.656,-0.984375,-0.109375,-0.390625
28.687,-0.96875,-0.140625,-0.375
28.718,-0.875,-0.109375,-0.421875
28.750,-0.921875,-0.125,-0.34375
28.781,-0.953125,-0.125,-0.34375
28.812,-0.890625,-0.078125,-0.375
28.843,-0.9375,-0.09375,-0.328125
28.875,-0.96875,-0.109375,-0.28125
28.906,-0.9375,-0.109375,-0.28125
28.937,-1.015625,-0.125,-0.265625
28.968,-1.015625,-0.140625,-0.21875
29.000,-0.921875,-0.140625,-0.171875
29.031,-0.96875,-0.125,-0.1875
29.062,-0.984375,-0.140625,-0.15625
29.093,-1.0,-0.109375,-0.15625
29.125,-0.96875,-0.109375,-0.125
29.156,-1.015625,-0.078125,-0.140625
29.187,-1.046875,-0.0625,-0.109375
29.218,-0.984375,-0.0625,-0.046875
29.250,-0.96875,-0.078125,-0.03125
29.281,-0.953125,-0.0625,-0.046875
29.312,-0.96875,-0.0625,-0.046875
29.343,-1.0,-0.046875,-0.046875
29.375,-0.984375,-0.015625,0.015625
29.406,-1.0,-0.015625,0.0625
29.437,-1.0625,0.015625,0.046875
29.468,-1.0625,0.046875,0.078125
29.500,-1.0625,0.046875,0.109375
29.531,-1.09375,0.0625,0.09375
29.562,-1.109375,0.0625,0.109375
29.593,-1.125,0.078125,0.09375
29.625,-1.171875,0.109375,0.109375
29.656,-1.171875,0.109375,0.109375
29.687,-1.15625,0.078125,0.140625
29.718,-1.125,0.03125,0.203125
29.750,-1.109375,0.0,0.25
29.781,-1.125,-0.15625,0.328125
29.812,-1.140625,-0.203125,0.359375
29.843,-1.125,-0.359375,0.390625
29.875,-1.078125,-0.53125,0.453125
29.906,-1.140625,-0.53125,0.5
29.937,-1.109375,-0.390625,0.609375
29.968,-0.921875,-0.375,0.625
30.000,-0.3125,-0.453125,0.640625
30.031,-0.140625,-0.46875,0.765625
30.062,-0.15625,-0.34375,0.859375
30.093,-0.171875,-0.203125,0.984375
30.125,-0.109375,-0.015625,0.875
30.156,-0.078125,0.078125,0.84375
30.187,-0.0625,0.328125,0.8125
30.218,0.0,0.375,0.828125
30.250,0.046875,0.328125,0.84375
30.281,0.125,0.265625,0.84375
30.312,0.125,0.265625,0.875
30.343,0.078125,0.21875,0.953125
30.375,0.0625,0.21875,0.921875
30.406,0.15625,0.078125,0.890625
30.437,0.125,0.015625,0.90625
30.468,0.09375,0.046875,0.953125
30.500,0.3125,-0.078125,0.9375
30.531,0.4375,-0.1875,0.859375
30.562,0.390625,-0.1875,0.78125
30.593,0.4375,0.0,0.6875
30.625,0.40625,0.0,0.65625
30.656,0.484375,0.109375,0.59375
30.687,0.515625,0.09375,0.53125
30.718,0.328125,0.109375,0.546875
30.750,0.234375,0.109375,0.59375
30.781,0.203125,0.03125,0.703125
30.812,0.09375,0.140625,1.0
30.843,0.328125,0.1875,1.296875
30.875,0.328125,0.125,1.296875
30.906,0.234375,0.1875,1.21875
30.937,0.109375,0.1875,1.125
30.968,-0.203125,0.359375,1.109375
31.000,-0.328125,0.34375,1.078125
31.031,-0.421875,0.265625,1.078125
31.062,-0.515625,0.34375,1.046875
31.093,-0.53125,0.28125,1.0625
31.125,-0.5,0.28125,1.0625
31.156,-0.609375,-0.0625,0.890625
31.187,-0.53125,-0.203125,0.90625
31.218,-0.171875,-0.15625,0.9375
31.250,-0.34375,-0.625,0.390625
31.281,-0.625,-0.578125,0.265625
31.312,-0.296875,-0.109375,0.703125
31.343,-0.15625,-0.109375,0.734375
31.375,-0.03125,-0.125,0.625
31.406,-0.296875,0.09375,0.96875
31.437,-0.328125,0.0625,0.9375
31.468,-0.578125,0.109375,0.84375
31.500,-0.6875,0.203125,0.703125
31.531,-0.765625,0.328125,0.671875
31.562,-1.796875,0.46875,0.296875
31.593,-1.71875,0.5,0.515625
31.625,-0.953125,0.4375,0.484375
31.656,-0.984375,0.5,0.125
31.687,-0.75,0.5,0.25
31.718,-0.53125,0.5625,0.390625
31.750,-0.703125,0.578125,0.25
31.781,-0.84375,0.59375,0.1875
31.812,-0.765625,0.59375,0.1875
31.843,-0.71875,0.5625,0.109375
31.875,-0.796875,0.609375,-0.125
31.906,-0.75,0.625,-0.171875
31.937,-0.796875,0.96875,-0.328125
31.968,-0.453125,0.640625,-0.125
32.000,-0.5625,0.734375,-0.25
32.031,-1.0625,0.703125,-0.328125
32.062,-0.65625,0.6875,-0.34375
32.093,-0.59375,0.71875,-0.34375
32.125,-0.765625,0.78125,-0.46875
32.156,-0.671875,0.734375,-0.28125
32.187,-0.65625,0.703125,-0.234375
32.218,-0.640625,0.75,-0.265625
32.250,-0.6875,0.734375,-0.25
32.281,-0.609375,0.734375,-0.234375
32.312,-0.53125,0.765625,-0.234375
32.343,-0.609375,0.8125,-0.28125
32.375,-0.625,0.859375,-0.34375
32.406,-0.625,0.890625,-0.375
32.437,-0.5,0.796875,-0.234375
32.468,-0.625,0.8125,-0.296875
32.500,-0.5625,0.796875,-0.265625
32.531,-0.546875,0.78125,-0.203125
32.562,-0.578125,0.8125,-0.21875
32.593,-0.609375,0.84375,-0.296875
32.625,-0.5625,0.828125,-0.234375
32.656,-0.546875,0.8125,-0.21875
32.687,-0.546875,0.84375,-0.21875
32.718,-0.5,0.8125,-0.15625
32.750,-0.515625,0.75,-0.15625
32.781,-0.578125,0.875,-0.28125
32.812,-0.609375,0.859375,-0.234375
32.843,-0.609375,0.9375,-0.265625
32.875,-0.484375,0.921875,-0.21875
32.906,-0.53125,0.9375,-0.265625
32.937,-0.546875,1.0,-0.296875
32.968,-0.578125,1.0,-0.296875
33.000,-0.53125,1.0,-0.296875
33.031,-0.421875,1.0,-0.265625
33.062,-0.5,1.015625,-0.296875
33.093,-0.421875,1.015625,-0.265625
33.125,-0.484375,1.046875,-0.328125
33.156,-0.484375,1.09375,-0.390625
33.187,-0.5,1.09375,-0.421875
33.218,-0.484375,1.09375,-0.4375
33.250,-0.53125,1.03125,-0.46875
33.281,-0.53125,1.015625,-0.46875
33.312,-0.5,0.875,-0.4375
33.343,-0.484375,0.75,-0.46875
33.375,-0.5,0.71875,-0.5
33.406,-0.546875,0.671875,-0.546875
33.437,-0.5,0.609375,-0.53125
33.468,-0.53125,0.625,-0.5625
33.500,-0.546875,0.640625,-0.640625
33.531,-0.65625,0.609375,-0.71875
33.562,-0.515625,0.5625,-0.734375
33.593,-0.671875,0.484375,-0.828125
33.625,-0.640625,0.46875,-0.796875
33.656,-0.46875,0.359375,-0.671875
33.687,-0.5,0.34375,-0.703125
33.718,-0.515625,0.265625,-0.6875
33.750,-0.546875,0.234375,-0.6875
33.781,-0.546875,0.203125,-0.703125
33.812,-0.53125,0.15625,-0.734375
33.843,-0.453125,0.09375,-0.703125
33.875,-0.390625,0.0625,-0.6875
33.906,-0.40625,-0.015625,-0.734375
33.937,-0.421875,-0.015625,-0.75
33.968,-0.484375,-0.015625,-0.75
34.000,-0.515625,-0.078125,-0.65625
34.031,-0.625,-0.046875,-0.65625
34.062,-0.65625,-0.046875,-0.625
34.093,-0.75,-0.0625,-0.65625
34.125,-0.9375,-0.015625,-0.578125
34.156,-0.953125,0.046875,-0.453125
34.187,-0.90625,0.0625,-0.40625
34.218,-0.90625,0.078125,-0.34375
34.250,-0.90625,0.015625,-0.296875
34.281,-0.8125,0.03125,-0.078125
34.312,-1.015625,0.046875,-0.21875
34.343,-1.0625,0.078125,-0.21875
34.375,-1.0,0.015625,-0.125
34.406,-1.015625,-0.0625,-0.109375
34.437,-1.0,-0.140625,-0.0625
34.468,-0.78125,-0.234375,0.078125
34.500,-0.75,-0.265625,0.125
34.531,-1.015625,-0.328125,0.015625
34.562,-0.921875,-0.328125,0.125
34.593,-0.9375,-0.390625,0.109375
34.625,-1.03125,-0.375,-0.015625
34.656,-1.046875,-0.390625,0.0
34.687,-1.015625,-0.53125,0.0
34.718,-1.09375,-0.421875,-0.046875
34.750,-0.96875,-0.359375,-0.03125
34.781,-0.9375,-0.375,0.015625
34.812,-0.921875,-0.34375,0.0
34.843,-0.921875,-0.34375,0.03125
34.875,-0.9375,-0.21875,0.015625
34.906,-0.953125,-0.203125,0.015625
34.937,-0.984375,-0.203125,-0.015625
34.968,-0.921875,-0.21875,0.0
35.000,-0.890625,-0.234375,0.03125
35.031,-1.015625,-0.203125,0.0
35.062,-1.0,-0.171875,0.046875
35.093,-1.0,-0.109375,0.0625
35.125,-1.046875,-0.078125,0.046875
35.156,-1.0,-0.0625,0.078125
35.187,-0.8125,-0.15625,0.171875
35.218,-0.875,-0.21875,0.203125
35.250,-1.0625,-0.15625,0.28125
35.281,-1.1875,-0.015625,0.234375
35.312,-1.15625,0.0,0.21875
35.343,-0.984375,0.015625,0.21875
35.375,-0.875,-0.078125,0.25
35.406,-0.859375,-0.109375,0.25
35.437,-0.859375,-0.15625,0.21875
35.468,-0.9375,-0.15625,0.171875
35.500,-0.859375,-0.203125,0.21875
35.531,-0.8125,-0.3125,0.28125
35.562,-0.828125,-0.34375,0.296875
35.593,-0.84375,-0.390625,0.3125
35.625,-0.859375,-0.390625,0.328125
35.656,-0.84375,-0.375,0.34375
35.687,-1.171875,-0.46875,0.328125
35.718,-1.1875,-0.234375,0.375
35.750,-1.109375,-0.296875,0.28125
35.781,-1.125,-0.1875,0.25
35.812,-1.09375,-0.1875,0.234375
35.843,-1.046875,0.03125,0.296875
35.875,-1.015625,0.09375,0.25
35.906,-0.9375,0.109375,0.21875
35.937,-0.859375,0.09375,0.1875
35.968,-0.8125,0.078125,0.203125
36.000,-0.78125,0.078125,0.265625
36.031,-0.8125,0.0625,0.25
36.062,-0.796875,0.046875,0.28125
36.093,-0.921875,0.015625,0.296875
36.125,-0.921875,0.015625,0.296875
36.156,-0.953125,-0.0625,0.296875
36.187,-1.078125,-0.0625,0.296875
36.218,-1.125,-0.03125,0.328125
36.250,-1.234375,0.140625,0.328125
36.281,-1.265625,0.09375,0.203125
36.312,-1.03125,0.09375,0.359375
36.343,-0.859375,0.046875,0.515625
36.375,-0.953125,0.015625,0.515625
36.406,-1.09375,0.03125,0.515625
36.437,-1.171875,0.0625,0.453125
36.468,-1.03125,-0.015625,0.40625
36.500,-0.84375,-0.109375,0.4375
36.531,-0.78125,-0.171875,0.421875
36.562,-0.84375,-0.1875,0.421875
36.593,-0.84375,-0.203125,0.40625
36.625,-0.828125,-0.21875,0.375
36.656,-0.78125,-0.265625,0.453125
36.687,-0.875,-0.3125,0.421875
36.718,-1.0,-0.203125,0.5
36.750,-0.96875,-0.171875,0.4375
36.781,-0.921875,-0.234375,0.390625
36.812,-0.875,-0.25,0.421875
36.843,-0.828125,-0.265625,0.453125
36.875,-0.6875,-0.234375,0.53125
36.906,-0.671875,-0.234375,0.515625
36.937,-0.671875,-0.21875,0.5
36.968,-0.75,-0.203125,0.421875
37.000,-0.703125,-0.1875,0.390625
37.031,-0.703125,-0.125,0.375
37.062,-0.78125,-0.046875,0.3125
37.093,-0.8125,-0.015625,0.25
37.125,-1.0,0.09375,0.21875
37.156,-0.90625,0.234375,0.28125
37.187,-0.953125,0.328125,0.25
37.218,-0.953125,0.421875,0.140625
37.250,-0.953125,0.328125,0.078125
37.281,-1.078125,0.375,0.046875
37.312,-1.0625,0.328125,0.125
37.343,-0.984375,0.375,0.125
37.375,-0.84375,0.375,0.09375
37.406,-0.8125,0.390625,0.078125
37.437,-0.90625,0.5625,-0.015625
37.468,-0.71875,0.609375,-0.03125
37.500,-0.71875,0.5625,-0.078125
37.531,-0.890625,0.390625,-0.203125
37.562,-0.90625,0.453125,-0.1875
37.593,-0.96875,0.640625,-0.203125
37.625,-0.96875,0.6875,-0.15625
37.656,-1.015625,0.703125,-0.03125
37.687,-1.65625,0.578125,-0.15625
37.718,-0.8125,0.5625,0.3125
37.750,-1.078125,0.59375,0.234375
37.781,-0.859375,0.53125,0.40625
37.812,-1.015625,0.546875,0.28125
37.843,-0.578125,0.4375,0.359375
37.875,-0.8125,0.484375,0.359375
37.906,-0.921875,0.609375,0.25
37.937,-0.890625,0.75,0.1875
37.968,-0.90625,0.71875,0.1875
38.000,-0.859375,0.765625,0.109375
38.031,-0.828125,0.71875,0.0
38.062,-0.8125,0.6875,-0.015625
38.093,-0.671875,0.546875,-0.015625
38.125,-0.671875,0.328125,0.0625
38.156,-0.65625,0.28125,0.078125
38.187,-0.578125,0.375,0.234375
38.218,-0.578125,0.40625,0.25
38.250,-0.640625,0.5,0.25
38.281,-0.421875,0.53125,0.34375
38.312,-0.5,0.578125,0.25
38.343,-0.953125,0.78125,0.140625
38.375,-1.046875,0.859375,0.21875
38.406,-0.71875,0.875,0.359375
38.437,-0.9375,1.140625,0.078125
38.468,-1.0,1.09375,-0.09375
38.500,-0.828125,0.90625,-0.359375
38.531,-0.90625,0.84375,-0.515625
38.562,-0.796875,0.796875,-0.546875
38.593,-0.765625,0.765625,-0.46875
38.625,-0.71875,0.78125,-0.40625
38.656,-0.59375,0.828125,-0.328125
38.687,-0.625,0.90625,-0.328125
38.718,-0.640625,0.984375,-0.34375
38.750,-0.6875,1.046875,-0.4375
38.781,-0.546875,1.046875,-0.3125
38.812,-0.359375,1.078125,-0.0625
38.843,-0.234375,1.046875,0.0625
38.875,-0.21875,1.015625,0.125
38.906,-0.25,0.953125,0.109375
38.937,-0.359375,0.96875,0.078125
38.968,-0.46875,1.0,0.046875
39.000,-0.578125,1.015625,-0.015625
39.031,-0.6875,1.015625,-0.046875
39.062,-0.84375,1.0,-0.140625
39.093,-1.109375,1.03125,-0.265625
39.125,-1.140625,0.953125,-0.3125
39.156,-0.984375,0.859375,-0.1875
39.187,-0.9375,0.828125,-0.140625
39.218,-0.90625,0.5625,-0.015625
39.250,-0.921875,0.359375,0.0625
39.281,-0.90625,0.3125,0.078125
39.312,-0.765625,0.25,0.109375
39.343,-0.828125,0.234375,0.09375
39.375,-0.96875,0.1875,0.109375
39.406,-1.09375,0.078125,0.109375
39.437,-1.046875,0.0,0.171875
39.468,-1.046875,-0.140625,0.234375
39.500,-1.03125,-0.234375,0.265625
39.531,-0.90625,-0.453125,0.34375
39.562,-0.71875,-0.78125,0.21875
39.593,-0.6875,-0.953125,0.15625
39.625,-0.59375,-0.890625,0.171875
39.656,-0.5625,-0.84375,0.078125
39.687,-0.765625,-0.671875,0.03125
39.718,-0.625,-0.484375,-0.15625
39.750,-0.40625,-0.390625,-0.109375
39.781,-0.578125,-0.0625,-0.171875
39.812,-0.859375,-0.015625,-0.265625
39.843,-0.703125,-0.0625,-0.359375
39.875,-0.828125,0.078125,-0.59375
39.906,-0.546875,0.0,-0.265625
39.937,-0.78125,-0.390625,-0.328125
39.968,-0.5625,-0.484375,-0.203125
40.000,-0.828125,-0.4375,-0.390625
40.031,-0.640625,-0.3125,-0.484375
40.062,-0.671875,-0.265625,-0.796875
40.093,-0.609375,-0.296875,-0.734375
40.125,-0.703125,-0.34375,-0.796875
40.156,-0.703125,-0.421875,-0.765625
40.187,-0.71875,-0.265625,-0.65625
40.218,-0.734375,-0.40625,-0.609375
40.250,-0.796875,-0.328125,-0.578125
40.281,-0.6875,-0.484375,-0.546875
40.312,-0.640625,-0.453125,-0.46875
40.343,-0.546875,-0.640625,-0.390625
40.375,-0.546875,-0.65625,-0.546875
40.406,-0.5625,-0.6875,-0.71875
40.437,-0.453125,-0.8125,-0.25
40.468,-0.53125,-0.921875,-0.5625
40.500,-0.484375,-0.953125,-0.40625
40.531,-0.359375,-0.78125,-0.3125
40.562,-0.296875,-0.796875,-0.453125
40.593,-0.359375,-0.875,-0.53125
40.625,-0.3125,-0.828125,-0.40625
40.656,-0.3125,-0.828125,-0.4375
40.687,-0.296875,-0.84375,-0.453125
40.718,-0.28125,-0.828125,-0.46875
40.750,-0.328125,-0.828125,-0.484375
40.781,-0.328125,-0.8125,-0.5
40.812,-0.28125,-0.8125,-0.5
40.843,-0.265625,-0.78125,-0.421875
40.875,-0.265625,-0.796875,-0.46875
40.906,-0.28125,-0.859375,-0.5
40.937,-0.1875,-0.84375,-0.578125
40.968,-0.203125,-0.828125,-0.578125
41.000,-0.25,-0.828125,-0.46875
41.031,-0.25,-0.84375,-0.4375
41.062,-0.265625,-0.84375,-0.4375
41.093,-0.25,-0.84375,-0.453125
41.125,-0.265625,-0.828125,-0.46875
41.156,-0.234375,-0.828125,-0.484375
41.187,-0.25,-0.828125,-0.484375
41.218,-0.25,-0.84375,-0.453125
41.250,-0.28125,-0.859375,-0.40625
41.281,-0.265625,-0.859375,-0.421875
41.312,-0.265625,-0.875,-0.421875
41.343,-0.265625,-0.859375,-0.390625
41.375,-0.265625,-0.859375,-0.40625
41.406,-0.25,-0.859375,-0.40625
41.437,-0.234375,-0.859375,-0.40625
41.468,-0.21875,-0.859375,-0.390625
41.500,-0.21875,-0.890625,-0.421875
41.531,-0.21875,-0.875,-0.4375
41.562,-0.203125,-0.890625,-0.4375
41.593,-0.21875,-0.890625,-0.40625
41.625,-0.21875,-0.890625,-0.359375
41.656,-0.25,-0.859375,-0.375
41.687,-0.25,-0.875,-0.390625
41.718,-0.234375,-0.90625,-0.390625
41.750,-0.234375,-0.890625,-0.328125
41.781,-0.21875,-0.921875,-0.359375
41.812,-0.203125,-0.90625,-0.390625
41.843,-0.171875,-0.921875,-0.375
41.875,-0.265625,-0.9375,-0.296875
41.906,-0.25,-0.953125,-0.265625
41.937,-0.25,-0.96875,-0.296875
41.968,-0.359375,-1.0,-0.140625
42.000,-0.4375,-0.96875,-0.109375
42.031,-0.390625,-1.03125,-0.125
42.062,-0.4375,-0.9375,-0.140625
42.093,-0.4375,-0.90625,-0.09375
42.125,-0.5,-0.828125,0.0
42.156,-0.53125,-0.796875,-0.140625
42.187,-0.53125,-0.78125,-0.171875
42.218,-0.53125,-0.703125,-0.15625
42.250,-0.640625,-0.71875,-0.234375
42.281,-0.65625,-0.71875,-0.171875
42.312,-0.53125,-0.671875,-0.125
42.343,-0.59375,-0.703125,-0.1875
42.375,-0.59375,-0.734375,-0.1875
42.406,-0.625,-0.71875,-0.265625
42.437,-0.625,-0.703125,-0.265625
42.468,-0.625,-0.671875,-0.296875
42.500,-0.703125,-0.671875,-0.296875
42.531,-0.703125,-0.625,-0.328125
42.562,-0.75,-0.578125,-0.390625
42.593,-0.71875,-0.5625,-0.375
42.625,-0.6875,-0.59375,-0.359375
42.656,-0.671875,-0.640625,-0.296875
42.687,-0.625,-0.671875,-0.265625
42.718,-0.625,-0.6875,-0.421875
42.750,-0.671875,-0.640625,-0.4375
42.781,-0.546875,-0.734375,-0.296875
42.812,-0.484375,-0.734375,-0.265625
42.843,-0.53125,-0.671875,-0.453125
42.875,-0.484375,-0.53125,-0.6875
42.906,-0.25,-0.6875,-0.5
42.937,-0.359375,-0.9375,-0.703125
42.968,-0.546875,-1.015625,-0.4375
43.000,-0.703125,-1.046875,-0.21875
43.031,-0.875,-1.109375,0.078125
43.062,-0.828125,-1.109375,0.109375
43.093,-0.59375,-1.03125,0.34375
43.125,-0.609375,-0.859375,0.46875
43.156,-0.515625,-0.8125,0.515625
43.187,-0.234375,-0.734375,0.625
43.218,-0.1875,-0.703125,0.671875
43.250,-0.109375,-0.609375,0.59375
43.281,-0.125,-0.484375,0.703125
43.312,-0.171875,-0.4375,0.71875
43.343,-0.3125,-0.421875,0.609375
43.375,-0.25,-0.453125,0.78125
43.406,-0.046875,-0.53125,0.890625
43.437,-0.078125,-0.578125,0.859375
43.468,-0.15625,-0.609375,0.71875
43.500,0.015625,-0.671875,0.6875
43.531,0.0,-0.484375,0.796875
43.562,0.03125,-0.421875,0.875
43.593,0.09375,-0.359375,0.890625
43.625,0.03125,-0.234375,0.859375
43.656,-0.078125,-0.21875,0.84375
43.687,0.171875,-0.203125,0.96875
43.718,0.203125,-0.140625,0.984375
43.750,0.234375,-0.25,0.890625
43.781,0.0625,-0.171875,0.796875
43.812,0.078125,-0.1875,0.828125
43.843,0.1875,-0.140625,0.875
43.875,0.25,-0.140625,1.0
43.906,0.046875,-0.125,0.921875
43.937,0.15625,-0.265625,0.9375
43.968,0.15625,-0.34375,0.984375
44.000,-0.015625,-0.296875,0.921875
44.031,0.046875,-0.234375,0.953125
44.062,0.46875,-0.375,1.109375
44.093,-0.03125,-0.1875,0.875
44.125,-0.046875,-0.125,0.921875
44.156,-0.109375,0.0,0.953125
44.187,-0.203125,0.078125,0.859375
44.218,-0.0625,0.140625,0.90625
44.250,0.15625,0.078125,0.859375
44.281,0.125,-0.109375,0.734375
44.312,0.125,-0.265625,0.578125
44.343,0.21875,-0.421875,0.546875
44.375,0.375,-0.578125,0.546875
44.406,0.40625,-0.640625,0.46875
44.437,0.328125,-0.765625,0.375
44.468,0.140625,-0.6875,0.4375
44.500,0.296875,-0.703125,0.546875
44.531,0.078125,-0.8125,0.421875
44.562,-0.375,-0.546875,0.546875
44.593,-0.578125,-0.453125,0.59375
44.625,-0.515625,-0.59375,0.703125
44.656,-0.953125,-0.5,0.71875
44.687,-1.09375,-0.390625,0.890625
44.718,-0.703125,-0.359375,0.953125
44.750,-1.1875,-0.265625,0.640625
44.781,-1.109375,-0.1875,0.765625
44.812,-0.859375,-0.09375,0.9375
44.843,-0.734375,-0.109375,0.984375
44.875,-0.65625,-0.125,0.921875
44.906,-0.734375,0.125,0.953125
44.937,-0.65625,0.125,0.9375
44.968,-0.65625,0.171875,0.859375
45.000,-0.734375,0.171875,0.796875
45.031,-0.71875,0.234375,0.859375
45.062,-0.65625,0.328125,0.859375
45.093,-0.65625,0.265625,0.8125
45.125,-0.625,0.234375,0.796875
45.156,-0.625,0.25,0.765625
45.187,-0.65625,0.234375,0.6875
45.218,-0.546875,0.28125,0.703125
45.250,-0.625,0.234375,0.6875
45.281,-0.65625,0.234375,0.75
45.312,-0.59375,0.21875,0.78125
45.343,-0.625,0.234375,0.75
45.375,-0.734375,0.296875,0.734375
45.406,-0.65625,0.3125,0.765625
45.437,-0.65625,0.34375,0.90625
45.468,-0.703125,0.296875,0.8125
45.500,-0.703125,0.28125,0.78125
45.531,-0.65625,0.328125,0.671875
45.562,-0.640625,0.265625,0.625
45.593,-0.71875,0.3125,0.671875
45.625,-0.734375,0.34375,0.578125
45.656,-0.6875,0.3125,0.578125
45.687,-0.609375,0.34375,0.625
45.718,-0.78125,0.453125,0.671875
45.750,-0.703125,0.421875,0.671875
45.781,-0.703125,0.4375,0.671875
45.812,-0.65625,0.453125,0.703125
45.843,-0.609375,0.4375,0.703125
45.875,-0.59375,0.421875,0.671875
45.906,-0.59375,0.4375,0.703125
45.937,-0.484375,0.453125,0.765625
45.968,-0.515625,0.46875,0.703125
46.000,-0.703125,0.625,0.671875
46.031,-0.71875,0.65625,0.65625
46.062,-0.671875,0.609375,0.65625
46.093,-0.78125,0.546875,0.5625
46.125,-0.78125,0.546875,0.671875
46.156,-0.65625,0.375,0.625
46.187,-0.671875,0.296875,0.546875
46.218,-0.6875,0.3125,0.546875
46.250,-0.65625,0.25,0.65625
46.281,-0.625,0.15625,0.6875
46.312,-0.578125,0.140625,0.71875
46.343,-0.515625,0.109375,0.703125
46.375,-0.546875,0.109375,0.6875
46.406,-0.515625,0.0625,0.703125
46.437,-0.546875,0.109375,0.609375
46.468,-0.625,0.171875,0.625
46.500,-0.734375,0.265625,0.828125
46.531,-0.671875,0.265625,0.84375
46.562,-0.625,0.328125,0.8125
46.593,-0.578125,0.34375,0.78125
46.625,-0.5625,0.328125,0.734375
46.656,-0.59375,0.359375,0.65625
46.687,-0.578125,0.421875,0.640625
46.718,-0.546875,0.421875,0.65625
46.750,-0.5,0.421875,0.59375
46.781,-0.484375,0.4375,0.53125
46.812,-0.375,0.46875,0.4375
46.843,-0.3125,0.53125,0.328125
46.875,-0.4375,0.640625,0.296875
46.906,-0.796875,1.046875,0.296875
46.937,-0.75,1.046875,0.359375
46.968,-0.84375,0.96875,0.265625
47.000,-0.671875,1.15625,0.3125
47.031,-0.671875,1.078125,0.234375
47.062,-1.28125,0.890625,-0.046875
47.093,-0.703125,0.71875,0.15625
47.125,-0.765625,0.78125,0.03125
47.156,-0.703125,0.609375,-0.15625
47.187,-0.671875,0.609375,-0.171875
47.218,-0.84375,0.578125,-0.34375
47.250,-0.859375,0.53125,-0.421875
47.281,-0.8125,0.515625,-0.390625
47.312,-0.796875,0.40625,-0.3125
47.343,-0.875,0.390625,-0.28125
47.375,-0.921875,0.375,-0.21875
47.406,-0.96875,0.375,-0.234375
47.437,-1.0,0.359375,-0.25
47.468,-1.109375,0.375,-0.3125
47.500,-1.125,0.375,-0.28125
47.531,-1.03125,0.390625,-0.140625
47.562,-0.90625,0.34375,-0.015625
47.593,-0.890625,0.3125,-0.015625
47.625,-0.90625,0.25,-0.046875
47.656,-0.984375,0.15625,-0.09375
47.687,-0.984375,0.140625,-0.09375
47.718,-0.859375,0.140625,-0.046875
47.750,-0.859375,0.140625,-0.0625
47.781,-0.859375,0.203125,-0.046875
47.812,-0.890625,0.265625,-0.0625
47.843,-0.90625,0.3125,-0.09375
47.875,-0.859375,0.34375,-0.078125
47.906,-0.890625,0.328125,-0.109375
47.937,-0.921875,0.328125,-0.15625
47.968,-0.921875,0.296875,-0.25
48.000,-0.984375,0.296875,-0.28125
48.031,-0.84375,0.296875,-0.296875
48.062,-0.890625,0.328125,-0.3125
48.093,-0.828125,0.515625,-0.1875
48.125,-0.8125,0.59375,-0.25
48.156,-0.90625,0.578125,-0.265625
48.187,-0.984375,0.65625,-0.421875
48.218,-0.9375,0.46875,-0.46875
48.250,-0.9375,0.421875,-0.53125
48.281,-0.875,0.28125,-0.46875
48.312,-0.71875,0.15625,-0.375
48.343,-0.46875,0.140625,-0.421875
48.375,-0.734375,0.125,-0.6875
48.406,-0.546875,0.109375,-0.71875
48.437,-0.421875,0.21875,-0.6875
48.468,-0.53125,0.1875,-0.828125
48.500,-0.59375,0.375,-0.953125
48.531,-0.703125,0.3125,-1.0
48.562,-0.765625,0.265625,-1.046875
48.593,-0.828125,0.1875,-0.953125
48.625,-0.875,-0.03125,-0.640625
48.656,-0.84375,-0.140625,-0.484375
48.687,-0.96875,-0.171875,-0.421875
48.718,-0.984375,-0.140625,-0.4375
48.750,-0.765625,-0.203125,-0.25
48.781,-0.90625,-0.21875,-0.234375
48.812,-0.875,-0.25,-0.21875
48.843,-0.640625,-0.140625,-0.09375
48.875,-0.640625,0.0,0.03125
48.906,-1.0,-0.09375,-0.171875
48.937,-0.984375,-0.0625,-0.09375
48.968,-0.90625,-0.046875,-0.0625
49.000,-1.09375,-0.140625,-0.171875
49.031,-1.09375,-0.140625,-0.171875
49.062,-0.734375,-0.203125,0.15625
49.093,-0.9375,-0.21875,0.296875
49.125,-0.9375,-0.234375,0.4375
49.156,-1.03125,-0.28125,0.5625
49.187,-0.671875,-0.28125,0.84375
49.218,-0.609375,-0.21875,0.796875
49.250,-0.140625,-0.078125,1.09375
49.281,-0.203125,0.0,1.140625
49.312,-0.21875,0.078125,1.0
49.343,-0.328125,0.109375,1.09375
49.375,-0.515625,0.125,0.984375
49.406,-0.40625,0.046875,0.96875
49.437,-0.359375,0.015625,1.015625
49.468,-0.34375,0.0,0.96875
49.500,-0.28125,0.09375,1.0625
49.531,-0.359375,0.078125,1.109375
49.562,-0.421875,0.03125,1.0
49.593,-0.375,0.015625,0.921875
49.625,-0.46875,-0.046875,0.84375
49.656,-0.546875,-0.09375,0.46875
49.687,-0.640625,-0.15625,0.265625
49.718,-0.859375,-0.25,-0.078125
49.750,-1.1875,-0.203125,-0.234375
49.781,-1.109375,-0.140625,-0.171875
49.812,-0.8125,-0.171875,-0.125
49.843,-1.0,-0.09375,-0.171875
49.875,-1.171875,0.015625,-0.203125
49.906,-0.96875,-0.078125,-0.125
49.937,-1.015625,-0.078125,-0.125
49.968,-0.984375,-0.046875,-0.0625
50.000,-1.0,-0.046875,-0.046875
50.031,-1.03125,-0.0625,-0.0625
50.062,-1.015625,-0.046875,-0.078125
50.093,-1.015625,-0.0625,-0.0625
50.125,-1.03125,-0.0625,-0.0625
50.156,-1.015625,-0.03125,-0.0625
50.187,-0.96875,-0.046875,-0.046875
50.218,-1.015625,-0.0625,-0.0625
50.250,-1.0625,-0.046875,-0.078125
50.281,-0.984375,-0.078125,-0.0625
50.312,-1.03125,-0.03125,-0.078125
50.343,-1.015625,-0.03125,-0.09375
50.375,-1.015625,-0.015625,-0.0625
50.406,-1.03125,0.015625,-0.046875
50.437,-1.0,0.03125,-0.0625
50.468,-1.0625,0.0,-0.0625
50.500,-1.078125,-0.015625,-0.046875
50.531,-0.96875,-0.046875,0.0625
50.562,-0.984375,-0.078125,0.078125
50.593,-1.015625,-0.078125,0.078125
50.625,-0.96875,-0.109375,0.078125
50.656,-0.90625,-0.15625,0.0625
50.687,-1.0,-0.15625,0.046875
50.718,-0.96875,-0.109375,0.03125
50.750,-0.984375,-0.109375,0.03125
50.781,-1.078125,-0.03125,0.015625
50.812,-1.046875,-0.03125,0.03125
50.843,-1.015625,-0.078125,0.03125
50.875,-0.984375,-0.078125,0.015625
50.906,-0.984375,-0.09375,0.0
50.937,-0.984375,-0.09375,0.0625
50.968,-1.015625,-0.125,0.09375
51.000,-1.046875,-0.140625,0.0625
51.031,-1.0625,-0.125,0.09375
51.062,-1.09375,-0.125,0.09375
51.093,-1.03125,-0.125,0.109375
51.125,-0.921875,-0.1875,0.21875
51.156,-0.984375,-0.171875,0.1875
51.187,-1.03125,-0.078125,0.140625
51.218,-1.0625,-0.0625,0.15625
51.250,-0.984375,-0.09375,0.09375
51.281,-0.875,-0.03125,0.09375
51.312,-0.828125,0.015625,0.140625
51.343,-1.078125,0.09375,0.03125
51.375,-1.046875,0.140625,0.03125
51.406,-1.046875,0.03125,-0.25
51.437,-1.046875,0.03125,-0.21875
51.468,-1.03125,-0.015625,-0.171875
51.500,-0.890625,-0.03125,-0.03125
51.531,-1.0,-0.015625,-0.078125
51.562,-1.078125,-0.03125,-0.09375
51.593,-0.984375,-0.078125,-0.109375
51.625,-0.953125,-0.03125,-0.0625
51.656,-1.03125,-0.0625,-0.078125
51.687,-1.015625,-0.015625,-0.03125
51.718,-1.0,-0.03125,0.0
51.750,-1.0,-0.015625,0.0
51.781,-1.0,-0.03125,0.0
51.812,-1.015625,-0.046875,0.015625
51.843,-1.015625,-0.015625,0.03125
51.875,-1.015625,-0.0625,0.0
51.906,-1.015625,0.0,0.015625
51.937,-1.03125,-0.046875,-0.03125
51.968,-1.0,-0.046875,0.015625
52.000,-1.0,-0.03125,0.078125
52.031,-1.015625,-0.03125,0.0625
52.062,-1.015625,-0.09375,0.015625
52.093,-1.046875,-0.03125,0.09375
52.125,-1.046875,-0.03125,0.109375
52.156,-1.0,-0.046875,0.125
52.187,-0.984375,-0.046875,0.109375
52.218,-0.984375,-0.046875,0.0625
52.250,-1.0,-0.015625,0.078125
52.281,-0.953125,0.0,0.109375
52.312,-0.9375,-0.03125,0.15625
52.343,-0.9375,-0.015625,0.203125
52.375,-1.015625,-0.03125,0.1875
52.406,-1.03125,-0.03125,0.21875
52.437,-0.984375,-0.03125,0.234375
52.468,-1.0,-0.0625,0.21875
52.500,-1.0,-0.046875,0.203125
52.531,-0.984375,-0.015625,0.21875
52.562,-0.9375,-0.046875,0.21875
52.593,-0.953125,-0.03125,0.234375
52.625,-0.984375,-0.015625,0.21875
52.656,-0.96875,-0.046875,0.21875
52.687,-0.984375,-0.03125,0.21875
52.718,-0.984375,-0.015625,0.21875
52.750,-0.984375,-0.046875,0.21875
52.781,-0.953125,-0.03125,0.25
52.812,-0.984375,-0.0625,0.21875
52.843,-1.0,-0.046875,0.203125
52.875,-1.015625,-0.046875,0.203125
52.906,-1.0,-0.03125,0.25
52.937,-0.96875,-0.046875,0.21875
52.968,-0.984375,-0.015625,0.234375
53.000,-0.953125,-0.015625,0.234375
53.031,-1.0,-0.046875,0.1875
53.062,-1.015625,-0.03125,0.203125
53.093,-1.0,-0.015625,0.234375
53.125,-0.96875,-0.03125,0.21875
53.156,-0.984375,-0.015625,0.21875
53.187,-0.984375,0.015625,0.25
53.218,-0.9375,0.015625,0.265625
53.250,-0.953125,0.046875,0.265625
53.281,-1.015625,0.03125,0.25
53.312,-0.96875,0.03125,0.25
53.343,-0.984375,0.078125,0.25
53.375,-0.921875,0.1875,0.234375
53.406,-0.921875,0.28125,0.265625
53.437,-1.0,0.265625,0.21875
53.468,-1.03125,0.28125,0.203125
53.500,-1.125,0.1875,0.1875
53.531,-1.015625,0.109375,0.15625
53.562,-0.890625,0.1875,0.140625
53.593,-1.296875,-0.046875,-0.140625
53.625,-1.1875,0.09375,0.0
53.656,-1.015625,0.125,0.15625
53.687,-1.046875,-0.15625,-0.046875
53.718,-1.09375,-0.09375,-0.078125
53.750,-1.078125,-0.015625,-0.03125
53.781,-1.109375,-0.125,-0.046875
53.812,-1.0,-0.046875,-0.046875
53.843,-1.046875,-0.125,-0.109375
53.875,-1.078125,-0.140625,-0.125
53.906,-0.953125,0.015625,-0.125
53.937,-0.9375,-0.046875,-0.1875
53.968,-1.0,-0.046875,-0.234375
54.000,-1.015625,-0.078125,-0.234375
54.031,-0.984375,-0.0625,-0.21875
54.062,-0.953125,-0.0625,-0.25
54.093,-0.875,-0.0625,-0.234375
54.125,-0.890625,-0.03125,-0.25
54.156,-0.921875,-0.0625,-0.234375
54.187,-0.828125,-0.046875,-0.234375
54.218,-0.8125,-0.03125,-0.1875
54.250,-0.953125,-0.046875,-0.25
54.281,-1.0,-0.03125,-0.234375
54.312,-0.96875,-0.03125,-0.1875
54.343,-1.015625,-0.09375,-0.171875
54.375,-0.9375,-0.109375,-0.15625
54.406,-0.9375,-0.109375,-0.15625
54.437,-0.953125,-0.0625,-0.109375
54.468,-0.921875,-0.046875,-0.09375
54.500,-0.9375,-0.03125,-0.109375
54.531,-0.96875,-0.015625,-0.125
54.562,-0.984375,0.015625,-0.1875
54.593,-0.96875,0.0,-0.1875
54.625,-0.953125,-0.015625,-0.1875
54.656,-1.03125,-0.046875,-0.265625
54.687,-1.078125,-0.078125,-0.296875
54.718,-0.984375,-0.09375,-0.234375
54.750,-1.046875,-0.0625,-0.15625
54.781,-1.046875,-0.015625,-0.09375
54.812,-0.984375,-0.03125,-0.078125
54.843,-1.0,-0.03125,-0.109375
54.875,-0.9375,-0.046875,-0.125
54.906,-1.0,-0.046875,-0.3125
54.937,-0.96875,-0.0625,-0.359375
54.968,-1.09375,0.0,-0.28125
55.000,-0.921875,-0.046875,-0.09375
55.031,-0.90625,-0.09375,-0.03125
55.062,-0.921875,-0.25,0.03125
55.093,-0.8125,-0.359375,0.03125
55.125,-0.765625,-0.5,-0.125
55.156,-0.71875,-0.328125,-0.125
55.187,-0.796875,-0.203125,-0.234375
55.218,-0.84375,0.15625,-0.234375
55.250,-0.8125,0.296875,-0.1875
55.281,-1.28125,0.546875,-0.546875
55.312,-1.0625,0.46875,-0.390625
55.343,-0.984375,0.515625,-0.25
55.375,-1.03125,0.46875,-0.140625
55.406,-1.078125,0.5,-0.1875
55.437,-1.078125,0.5,-0.140625
55.468,-0.9375,0.5,-0.015625
55.500,-0.953125,0.46875,-0.046875
55.531,-1.015625,0.515625,-0.109375
55.562,-0.9375,0.484375,-0.0625
55.593,-0.953125,0.46875,-0.078125
55.625,-0.84375,0.46875,0.0
55.656,-0.828125,0.515625,0.0
55.687,-1.0,0.46875,-0.0625
55.718,-0.9375,0.359375,0.0
55.750,-0.890625,0.34375,0.03125
55.781,-0.90625,0.375,0.015625
55.812,-0.984375,0.375,-0.03125
55.843,-0.984375,0.40625,0.0
55.875,-1.046875,0.53125,-0.109375
55.906,-1.109375,0.515625,-0.1875
55.937,-1.09375,0.65625,-0.265625
55.968,-0.96875,0.609375,-0.375
56.000,-0.890625,0.5,-0.390625
56.031,-0.84375,0.3125,-0.421875
56.062,-0.84375,0.265625,-0.375
56.093,-0.875,0.125,-0.28125
56.125,-0.875,0.0,-0.296875
56.156,-0.84375,0.0,-0.28125
56.187,-0.9375,-0.046875,-0.203125
56.218,-0.921875,-0.078125,-0.171875
56.250,-0.84375,-0.140625,-0.078125
56.281,-1.0625,-0.09375,-0.078125
56.312,-1.171875,-0.09375,0.015625
56.343,-0.8125,-0.234375,0.046875
56.375,-0.953125,-0.234375,0.109375
56.406,-0.921875,-0.203125,0.0625
56.437,-0.828125,-0.109375,-0.046875
56.468,-0.9375,0.015625,-0.171875
56.500,-1.09375,0.296875,-0.390625
56.531,-1.015625,0.46875,-0.28125
56.562,-1.078125,0.515625,-0.234375
56.593,-1.40625,0.625,-0.25
56.625,-1.296875,0.671875,-0.3125
56.656,-0.890625,0.40625,-0.03125
56.687,-0.6875,0.21875,0.515625
56.718,-0.703125,0.09375,0.75
56.750,-0.453125,0.0625,0.90625
56.781,-0.3125,0.03125,0.984375
56.812,-0.3125,0.09375,0.875
56.843,-0.5625,0.390625,0.671875
56.875,-0.609375,0.578125,0.609375
56.906,-0.375,0.75,0.671875
56.937,-0.5,0.71875,0.703125
56.968,-0.375,0.71875,0.796875
57.000,-0.09375,0.546875,0.984375
57.031,-0.265625,0.484375,0.90625
57.062,-0.28125,0.484375,0.875
57.093,-0.375,0.515625,0.828125
57.125,-0.5,0.515625,0.703125
57.156,-0.640625,0.53125,0.59375
57.187,-0.703125,0.5625,0.578125
57.218,-0.75,0.53125,0.484375
57.250,-0.8125,0.46875,0.4375
57.281,-0.71875,0.453125,0.46875
57.312,-0.59375,0.515625,0.546875
57.343,-0.71875,0.546875,0.453125
57.375,-0.734375,0.5625,0.453125
57.406,-0.875,0.65625,0.421875
57.437,-0.890625,0.703125,0.375
57.468,-0.90625,0.734375,0.234375
57.500,-1.015625,0.71875,0.0625
57.531,-1.0,0.640625,0.09375
57.562,-0.828125,0.484375,0.125
57.593,-0.90625,0.34375,0.03125
57.625,-0.921875,0.203125,-0.15625
57.656,-1.0,0.09375,-0.15625
57.687,-1.078125,-0.03125,-0.171875
57.718,-0.9375,-0.1875,-0.21875
57.750,-1.015625,-0.109375,-0.1875
57.781,-1.0,-0.15625,-0.15625
57.812,-0.890625,-0.140625,-0.234375
57.843,-1.03125,-0.046875,-0.25
57.875,-1.140625,0.015625,-0.15625
57.906,-0.953125,0.046875,-0.25
57.937,-1.015625,0.09375,-0.203125
57.968,-0.84375,0.046875,-0.15625
58.000,-0.796875,0.171875,-0.265625
58.031,-0.890625,0.265625,-0.421875
58.062,-0.890625,0.328125,-0.46875
58.093,-0.859375,0.34375,-0.40625
58.125,-0.765625,0.5,-0.3125
58.156,-1.015625,0.515625,-0.453125
58.187,-0.890625,0.46875,-0.421875
58.218,-0.703125,0.640625,-0.109375
58.250,-0.9375,0.59375,-0.1875
58.281,-0.875,0.609375,-0.1875
58.312,-0.90625,0.578125,-0.15625
58.343,-1.0625,0.515625,-0.203125
58.375,-0.875,0.40625,-0.25
58.406,-0.84375,0.390625,-0.25
58.437,-1.109375,0.4375,-0.28125
58.468,-0.96875,0.390625,-0.28125
58.500,-1.03125,0.34375,-0.21875
58.531,-0.828125,0.328125,-0.203125
58.562,-0.96875,0.375,-0.265625
58.593,-0.953125,0.390625,-0.09375
58.625,-1.0625,0.34375,-0.1875
58.656,-0.984375,0.296875,-0.09375
58.687,-0.828125,0.21875,0.0
58.718,-0.953125,0.25,-0.046875
58.750,-0.9375,0.296875,0.0625
58.781,-0.84375,0.203125,0.328125
58.812,-0.921875,0.09375,0.109375
58.843,-1.171875,0.203125,-0.265625
58.875,-1.0,0.234375,-0.0625
58.906,-0.90625,0.21875,0.015625
58.937,-0.90625,0.296875,-0.046875
58.968,-1.015625,0.328125,-0.171875
59.000,-0.859375,0.3125,-0.25
59.031,-1.0,0.375,-0.390625
59.062,-0.984375,0.421875,-0.390625
59.093,-0.984375,0.453125,-0.53125
59.125,-1.140625,0.5,-0.65625
59.156,-1.0625,0.375,-0.953125
59.187,-1.0625,0.0,-0.859375
59.218,-0.9375,-0.0625,-0.703125
59.250,-0.84375,-0.171875,-0.25
59.281,-0.6875,-0.21875,0.0
59.312,-0.515625,-0.171875,0.09375
59.343,-0.390625,-0.015625,0.28125
59.375,-0.40625,0.046875,0.390625
59.406,-0.921875,0.203125,0.421875
59.437,-0.640625,0.015625,0.703125
59.468,-1.03125,-0.046875,0.421875
59.500,-0.796875,-0.21875,0.40625
59.531,-0.71875,-0.140625,0.359375
59.562,-0.78125,0.0625,0.28125
59.593,-1.59375,0.359375,-0.203125
59.625,-1.578125,0.734375,0.015625
59.656,-1.015625,0.453125,0.171875
59.687,-1.140625,0.59375,-0.0625
59.718,-1.140625,0.5625,-0.140625
59.750,-0.96875,0.625,-0.078125
59.781,-0.984375,0.625,-0.046875
59.812,-0.84375,0.59375,-0.046875
59.843,-0.8125,0.53125,-0.171875
59.875,-0.84375,0.484375,-0.328125
59.906,-0.9375,0.375,-0.546875
59.937,-1.046875,0.34375,-0.578125
59.968,-0.984375,0.21875,-0.625
