timestamp,value
00.000,-14.59
00.015,3.21
00.031,19.73
00.046,25.32
00.062,16.71
00.078,-1.06
00.093,-17.62
00.109,-23.35
00.125,-14.87
00.140,2.69
00.156,19.03
00.171,24.57
00.187,16.01
00.203,-1.69
00.218,-18.23
00.234,-24.04
00.250,-15.7
00.265,1.73
00.281,18.04
00.296,23.64
00.312,15.23
00.328,-2.27
00.343,-18.55
00.359,-24.06
00.375,-15.41
00.390,2.27
00.406,18.67
00.421,24.18
00.437,15.52
00.453,-2.27
00.468,-18.78
00.484,-24.33
00.500,-15.51
00.515,2.5
00.531,19.28
00.546,25.09
00.562,16.56
00.578,-1.3
00.593,-18.05
00.609,-23.97
00.625,-15.6
00.640,1.96
00.656,18.39
00.671,24.0
00.687,15.47
00.703,-2.24
00.718,-18.78
00.734,-24.54
00.750,-16.12
00.765,1.36
00.781,17.63
00.796,23.1
00.812,14.49
00.828,-3.22
00.843,-19.71
00.859,-25.42
00.875,-16.95
00.890,0.61
00.906,17.02
00.921,22.67
00.937,14.32
00.953,-3.06
00.968,-19.12
00.984,-24.29
01.000,-15.22
01.015,2.89
01.031,19.64
01.046,25.33
01.062,16.65
01.078,-1.33
01.093,-18.16
01.109,-24.11
01.125,-15.7
01.140,1.96
01.156,18.59
01.171,24.53
01.187,16.46
01.203,-0.75
01.218,-16.87
01.234,-22.48
01.250,-14.25
01.265,2.75
01.281,18.44
01.296,23.43
01.312,14.57
01.328,-3.2
01.343,-19.67
01.359,-25.42
01.375,-17.09
01.390,0.32
01.406,16.73
01.421,22.65
01.437,14.77
01.453,-2.14
01.468,-17.96
01.484,-23.26
01.500,-14.59
01.515,3.07
01.531,19.62
01.546,25.49
01.562,17.32
01.578,-0.11
01.593,-16.63
01.609,-22.69
01.625,-14.78
01.640,2.24
01.656,18.36
01.671,24.12
01.687,16.16
01.703,-0.76
01.718,-16.62
01.734,-22.08
01.750,-13.79
01.765,3.28
01.781,19.1
01.796,24.31
01.812,15.67
01.828,-1.96
01.843,-18.47
01.859,-24.41
01.875,-16.37
01.890,0.78
01.906,17.07
01.921,23.06
01.937,15.35
01.953,-1.44
01.968,-17.41
01.984,-23.25
02.000,-15.47
02.015,1.17
02.031,16.91
02.046,22.46
02.062,14.47
02.078,-2.45
02.093,-18.48
02.109,-24.35
02.125,-16.6
02.140,0.09
02.156,16.05
02.171,22.01
02.187,14.62
02.203,-1.67
02.218,-17.21
02.234,-22.9
02.250,-15.31
02.265,0.97
02.281,16.4
02.296,21.92
02.312,14.23
02.328,-2.18
02.343,-17.72
02.359,-23.29
02.375,-15.51
02.390,1.03
02.406,16.75
02.421,22.47
02.437,14.86
02.453,-1.62
02.468,-17.28
02.484,-22.91
02.500,-15.0
02.515,1.83
02.531,17.9
02.546,23.88
02.562,16.32
02.578,-0.35
02.593,-16.35
02.609,-22.38
02.625,-14.85
02.640,1.63
02.656,17.38
02.671,23.04
02.687,15.14
02.703,-1.84
02.718,-18.11
02.734,-24.34
02.750,-16.91
02.765,-0.37
02.781,15.61
02.796,21.74
02.812,14.53
02.828,-1.68
02.843,-17.24
02.859,-22.95
02.875,-15.31
02.890,1.15
02.906,16.84
02.921,22.5
02.937,14.72
02.953,-2.06
02.968,-18.06
02.984,-23.93
03.000,-16.03
03.015,1.1
03.031,17.71
03.046,24.3
03.062,17.14
03.078,0.47
03.093,-16.0
03.109,-22.82
03.125,-16.07
03.140,-0.03
03.156,15.79
03.171,22.03
03.187,14.95
03.203,-1.29
03.218,-17.12
03.234,-23.19
03.250,-15.68
03.265,1.12
03.281,17.61
03.296,24.33
03.312,17.47
03.328,1.12
03.343,-15.1
03.359,-21.71
03.375,-14.77
03.390,1.46
03.406,17.4
03.421,23.56
03.437,16.16
03.453,-0.62
03.468,-17.03
03.484,-23.55
03.500,-16.27
03.515,0.51
03.531,17.1
03.546,23.92
03.562,17.13
03.578,0.81
03.593,-15.41
03.609,-22.03
03.625,-15.07
03.640,1.33
03.656,17.61
03.671,24.27
03.687,17.35
03.703,0.82
03.718,-15.7
03.734,-22.63
03.750,-15.86
03.765,0.55
03.781,16.97
03.796,23.72
03.812,16.7
03.828,-0.13
03.843,-17.04
03.859,-24.25
03.875,-17.52
03.890,-0.91
03.906,15.85
03.921,22.94
03.937,16.19
03.953,-0.47
03.968,-17.27
03.984,-24.39
04.000,-17.54
04.015,-0.75
04.031,16.22
04.046,23.49
04.062,16.8
04.078,0.01
04.093,-17.1
04.109,-24.61
04.125,-18.07
04.140,-1.4
04.156,15.7
04.171,23.26
04.187,16.91
04.203,0.38
04.218,-16.57
04.234,-23.98
04.250,-17.31
04.265,-0.43
04.281,16.89
04.296,24.6
04.312,18.17
04.328,1.33
04.343,-16.07
04.359,-23.89
04.375,-17.42
04.390,-0.44
04.406,17.22
04.421,25.33
04.437,19.21
04.453,2.5
04.468,-14.97
04.484,-22.96
04.500,-16.66
04.515,0.26
04.531,17.97
04.546,26.22
04.562,20.22
04.578,3.44
04.593,-14.35
04.609,-22.96
04.625,-17.49
04.640,-1.48
04.656,15.41
04.671,23.0
04.687,16.52
04.703,-0.52
04.718,-18.36
04.734,-26.74
04.750,-20.72
04.765,-3.81
04.781,14.24
04.796,23.09
04.812,17.76
04.828,1.51
04.843,-16.03
04.859,-24.63
04.875,-19.19
04.890,-3.03
04.906,14.33
04.921,22.68
04.937,17.1
04.953,0.87
04.968,-16.45
04.984,-24.65
05.000,-18.71
05.015,-2.0
05.031,15.81
05.046,24.42
05.062,18.83
05.078,2.3
05.093,-15.51
05.109,-24.24
05.125,-18.7
05.140,-2.18
05.156,15.68
05.171,24.47
05.187,19.05
05.203,2.55
05.218,-15.35
05.234,-24.21
05.250,-18.73
05.265,-2.06
05.281,16.15
05.296,25.42
05.312,20.42
05.328,4.15
05.343,-13.85
05.359,-23.09
05.375,-18.16
05.390,-2.07
05.406,15.66
05.421,24.57
05.437,19.36
05.453,3.03
05.468,-14.85
05.484,-23.81
05.500,-18.43
05.515,-1.8
05.531,16.43
05.546,25.7
05.562,20.57
05.578,3.99
05.593,-14.43
05.609,-24.08
05.625,-19.39
05.640,-3.24
05.656,14.8
05.671,24.19
05.687,19.39
05.703,3.2
05.718,-14.91
05.734,-24.46
05.750,-19.86
05.765,-3.92
05.781,13.92
05.796,23.22
05.812,18.56
05.828,2.71
05.843,-14.9
05.859,-23.87
05.875,-18.75
05.890,-2.45
05.906,15.53
05.921,24.7
05.937,19.67
05.953,3.29
05.968,-14.89
05.984,-24.35
06.000,-19.52
06.015,-3.27
06.031,14.9
06.046,24.45
06.062,19.85
06.078,3.84
06.093,-14.12
06.109,-23.57
06.125,-18.9
06.140,-2.92
06.156,15.01
06.171,24.45
06.187,19.92
06.203,4.15
06.218,-13.52
06.234,-22.74
06.250,-17.99
06.265,-2.01
06.281,15.9
06.296,25.42
06.312,21.05
06.328,5.42
06.343,-12.3
06.359,-21.86
06.375,-17.69
06.390,-2.34
06.406,15.1
06.421,24.44
06.437,20.18
06.453,4.8
06.468,-12.74
06.484,-22.29
06.500,-18.3
06.515,-3.25
06.531,13.92
06.546,23.09
06.562,18.8
06.578,3.49
06.593,-13.94
06.609,-23.45
06.625,-19.53
06.640,-4.6
06.656,12.5
06.671,21.79
06.687,17.87
06.703,3.09
06.718,-13.86
06.734,-23.14
06.750,-19.32
06.765,-4.7
06.781,12.18
06.796,21.62
06.812,18.37
06.828,4.57
06.843,-11.49
06.859,-20.43
06.875,-17.05
06.890,-3.52
06.906,12.07
06.921,20.5
06.937,16.76
06.953,2.97
06.968,-12.88
06.984,-21.7
07.000,-18.45
07.015,-5.12
07.031,10.45
07.046,19.27
07.062,16.34
07.078,3.49
07.093,-11.67
07.109,-20.33
07.125,-17.45
07.140,-4.78
07.156,10.21
07.171,18.77
07.187,15.89
07.203,3.22
07.218,-11.9
07.234,-20.8
07.250,-18.45
07.265,-6.39
07.281,8.13
07.296,16.55
07.312,13.93
07.328,1.86
07.343,-12.48
07.359,-20.63
07.375,-17.72
07.390,-5.39
07.406,9.14
07.421,17.38
07.437,14.49
07.453,2.14
07.468,-12.46
07.484,-20.84
07.500,-18.1
07.515,-5.85
07.531,8.69
07.546,17.03
07.562,14.28
07.578,2.09
07.593,-12.26
07.609,-20.2
07.625,-16.8
07.640,-3.79
07.656,11.36
07.671,19.94
07.687,16.97
07.703,4.25
07.718,-10.66
07.734,-18.93
07.750,-15.56
07.765,-2.37
07.781,13.01
07.796,21.68
07.812,18.6
07.828,5.61
07.843,-9.65
07.859,-18.27
07.875,-15.16
07.890,-2.17
07.906,13.01
07.921,21.4
07.937,17.91
07.953,4.41
07.968,-11.31
07.984,-20.16
08.000,-16.91
08.015,-3.42
08.031,12.39
08.046,21.28
08.062,17.94
08.078,4.2
08.093,-11.97
08.109,-21.26
08.125,-18.24
08.140,-4.74
08.156,11.3
08.171,20.55
08.187,17.68
08.203,4.51
08.218,-11.06
08.234,-19.79
08.250,-16.46
08.265,-2.98
08.281,12.69
08.296,21.32
08.312,17.74
08.328,3.88
08.343,-12.32
08.359,-21.68
08.375,-18.89
08.390,-5.81
08.406,9.76
08.421,18.71
08.437,15.83
08.453,2.9
08.468,-12.33
08.484,-20.8
08.500,-17.31
08.515,-3.71
08.531,12.17
08.546,21.12
08.562,17.88
08.578,4.24
08.593,-11.92
08.609,-21.3
08.625,-18.46
08.640,-5.11
08.656,10.89
08.671,20.2
08.687,17.37
08.703,4.08
08.718,-11.79
08.734,-20.88
08.750,-17.73
08.765,-4.07
08.781,12.1
08.796,21.37
08.812,18.25
08.828,4.51
08.843,-11.79
08.859,-21.1
08.875,-17.81
08.890,-3.73
08.906,12.98
08.921,22.62
08.937,19.54
08.953,5.51
08.968,-11.29
08.984,-21.11
09.000,-18.24
09.015,-4.44
09.031,12.06
09.046,21.5
09.062,18.25
09.078,4.15
09.093,-12.53
09.109,-22.01
09.125,-18.61
09.140,-4.23
09.156,12.76
09.171,22.52
09.187,19.41
09.203,5.3
09.218,-11.49
09.234,-21.15
09.250,-17.98
09.265,-3.84
09.281,12.94
09.296,22.57
09.312,19.4
09.328,5.28
09.343,-11.52
09.359,-21.23
09.375,-18.15
09.390,-4.14
09.406,12.51
09.421,21.98
09.437,18.65
09.453,4.34
09.468,-12.63
09.484,-22.46
09.500,-19.41
09.515,-5.34
09.531,11.47
09.546,21.2
09.562,18.19
09.578,4.25
09.593,-12.36
09.609,-21.92
09.625,-18.75
09.640,-4.69
09.656,12.05
09.671,21.77
09.687,18.89
09.703,5.23
09.718,-11.08
09.734,-20.43
09.750,-17.26
09.765,-3.39
09.781,13.05
09.796,22.51
09.812,19.46
09.828,5.7
09.843,-10.71
09.859,-20.26
09.875,-17.39
09.890,-3.89
09.906,12.22
09.921,21.43
09.937,18.26
09.953,4.51
09.968,-11.82
09.984,-21.26
10.000,-18.26
10.015,-4.6
10.031,11.67
10.046,21.06
10.062,18.04
10.078,4.33
10.093,-12.1
10.109,-21.8
10.125,-19.21
10.140,-6.02
10.156,9.88
10.171,19.12
10.187,16.3
10.203,3.15
10.218,-12.49
10.234,-21.35
10.250,-18.12
10.265,-4.61
10.281,11.27
10.296,20.31
10.312,17.27
10.328,4.03
10.343,-11.53
10.359,-20.23
10.375,-16.84
10.390,-3.27
10.406,12.56
10.421,21.38
10.437,17.94
10.453,4.13
10.468,-12.11
10.484,-21.47
10.500,-18.55
10.515,-5.1
10.531,10.99
10.546,20.39
10.562,17.71
10.578,4.66
10.593,-10.95
10.609,-19.86
10.625,-16.68
10.640,-3.21
10.656,12.65
10.671,21.59
10.687,18.28
10.703,4.55
10.718,-11.68
10.734,-21.06
10.750,-18.21
10.765,-4.94
10.781,10.85
10.796,19.87
10.812,16.83
10.828,3.52
10.843,-12.16
10.859,-21.0
10.875,-17.69
10.890,-4.08
10.906,11.91
10.921,21.06
10.937,18.06
10.953,4.77
10.968,-10.93
10.984,-19.81
11.000,-16.55
11.015,-3.05
11.031,12.78
11.046,21.64
11.062,18.3
11.078,4.64
11.093,-11.38
11.109,-20.51
11.125,-17.46
11.140,-4.16
11.156,11.41
11.171,20.01
11.187,16.44
11.203,2.7
11.218,-13.18
11.234,-21.96
11.250,-18.39
11.265,-4.49
11.281,11.65
11.296,20.7
11.312,17.41
11.328,3.72
11.343,-12.35
11.359,-21.48
11.375,-18.38
11.390,-4.98
11.406,10.72
11.421,19.45
11.437,15.99
11.453,2.31
11.468,-13.56
11.484,-22.3
11.500,-18.64
11.515,-4.62
11.531,11.65
11.546,20.76
11.562,17.42
11.578,3.61
11.593,-12.5
11.609,-21.46
11.625,-17.88
11.640,-3.76
11.656,12.7
11.671,21.99
11.687,18.74
11.703,4.94
11.718,-11.23
11.734,-20.29
11.750,-16.88
11.765,-3.07
11.781,12.94
11.796,21.71
11.812,18.04
11.828,4.05
11.843,-12.03
11.859,-20.8
11.875,-17.09
11.890,-3.13
11.906,12.82
11.921,21.38
11.937,17.5
11.953,3.41
11.968,-12.63
11.984,-21.32
12.000,-17.62
12.015,-3.8
12.031,11.91
12.046,20.25
12.062,16.3
12.078,2.39
12.093,-13.24
12.109,-21.37
12.125,-17.09
12.140,-2.82
12.156,13.15
12.171,21.54
12.187,17.47
12.203,3.35
12.218,-12.51
12.234,-20.9
12.250,-16.88
12.265,-2.87
12.281,12.89
12.296,21.22
12.312,17.31
12.328,3.51
12.343,-12.0
12.359,-20.11
12.375,-15.99
12.390,-2.08
12.406,13.48
12.421,21.61
12.437,17.53
12.453,3.62
12.468,-11.96
12.484,-20.16
12.500,-16.21
12.515,-2.54
12.531,12.7
12.546,20.47
12.562,16.1
12.578,2.1
12.593,-13.32
12.609,-21.13
12.625,-16.63
12.640,-2.44
12.656,13.17
12.671,21.09
12.687,16.72
12.703,2.63
12.718,-12.89
12.734,-20.79
12.750,-16.43
12.765,-2.47
12.781,12.84
12.796,20.49
12.812,15.97
12.828,1.99
12.843,-13.17
12.859,-20.55
12.875,-15.72
12.890,-1.58
12.906,13.53
12.921,20.65
12.937,15.49
12.953,1.02
12.968,-14.26
12.984,-21.36
13.000,-15.96
13.015,-1.16
13.031,14.48
13.046,21.91
13.062,16.87
13.078,2.45
13.093,-12.81
13.109,-19.93
13.125,-14.68
13.140,-0.27
13.156,14.79
13.171,21.55
13.187,15.99
13.203,1.32
13.218,-13.86
13.234,-20.72
13.250,-15.24
13.265,-0.74
13.281,14.2
13.296,20.81
13.312,15.18
13.328,0.63
13.343,-14.3
13.359,-20.89
13.375,-15.22
13.390,-0.68
13.406,14.26
13.421,20.88
13.437,15.35
13.453,0.99
13.468,-13.72
13.484,-20.16
13.500,-14.49
13.515,-0.12
13.531,14.53
13.546,20.86
13.562,15.17
13.578,0.85
13.593,-13.64
13.609,-19.81
13.625,-14.03
13.640,0.08
13.656,14.06
13.671,19.45
13.687,12.84
13.703,-2.03
13.718,-16.5
13.734,-22.1
13.750,-15.39
13.765,-0.22
13.781,14.74
13.796,20.94
13.812,14.93
13.828,0.41
13.843,-14.03
13.859,-19.96
13.875,-13.94
13.890,0.29
13.906,14.29
13.921,19.79
13.937,13.56
13.953,-0.68
13.968,-14.49
13.984,-19.74
14.000,-13.26
14.015,1.05
14.031,14.79
14.046,19.9
14.062,13.36
14.078,-0.95
14.093,-14.56
14.109,-19.47
14.125,-12.66
14.140,1.8
14.156,15.43
14.171,20.18
14.187,13.12
14.203,-1.71
14.218,-15.7
14.234,-20.75
14.250,-13.86
14.265,0.81
14.281,14.66
14.296,19.55
14.312,12.59
14.328,-2.05
14.343,-15.69
14.359,-20.19
14.375,-12.7
14.390,2.35
14.406,16.14
14.421,20.49
14.437,12.74
14.453,-2.61
14.468,-16.53
14.484,-20.78
14.500,-12.66
14.515,3.1
14.531,17.36
14.546,21.81
14.562,13.83
14.578,-1.86
14.593,-16.04
14.609,-20.4
14.625,-12.3
14.640,3.35
14.656,17.33
14.671,21.33
14.687,12.93
14.703,-2.96
14.718,-17.0
14.734,-20.94
14.750,-12.38
14.765,3.58
14.781,17.59
14.796,21.45
14.812,12.93
14.828,-2.85
14.843,-16.52
14.859,-19.93
14.875,-10.9
14.890,5.19
14.906,18.9
14.921,22.01
14.937,12.5
14.953,-4.24
14.968,-18.57
14.984,-22.23
15.000,-13.09
15.015,3.32
15.031,17.34
15.046,20.66
15.062,11.25
15.078,-5.41
15.093,-19.65
15.109,-23.22
15.125,-14.06
15.140,2.31
15.156,16.3
15.171,19.81
15.187,10.97
15.203,-4.8
15.218,-18.13
15.234,-21.17
15.250,-12.14
15.265,3.46
15.281,16.43
15.296,19.21
15.312,10.28
15.328,-4.87
15.343,-17.22
15.359,-19.41
15.375,-10.09
15.390,5.1
15.406,17.14
15.421,18.81
15.437,8.97
15.453,-6.68
15.468,-19.1
15.484,-21.09
15.500,-11.49
15.515,3.95
15.531,16.19
15.546,18.07
15.562,8.55
15.578,-6.63
15.593,-18.51
15.609,-20.03
15.625,-10.18
15.640,5.18
15.656,17.04
15.671,18.39
15.687,8.39
15.703,-7.06
15.718,-18.98
15.734,-20.42
15.750,-10.56
15.765,4.67
15.781,16.3
15.796,17.47
15.812,7.54
15.828,-7.52
15.843,-18.81
15.859,-19.62
15.875,-9.39
15.890,5.79
15.906,16.99
15.921,17.56
15.937,7.13
15.953,-8.13
15.968,-19.28
15.984,-19.73
16.000,-9.15
16.015,6.14
16.031,17.11
16.046,17.17
16.062,6.17
16.078,-9.42
16.093,-20.4
16.109,-20.16
16.125,-8.61
16.140,7.58
16.156,19.05
16.171,19.11
16.187,7.79
16.203,-8.09
16.218,-19.06
16.234,-18.48
16.250,-6.56
16.265,9.62
16.281,20.47
16.296,19.41
16.312,6.93
16.328,-9.64
16.343,-20.49
16.359,-19.09
16.375,-6.11
16.390,10.78
16.406,21.62
16.421,19.9
16.437,6.51
16.453,-10.65
16.468,-21.47
16.484,-19.44
16.500,-5.7
16.515,11.61
16.531,22.27
16.546,19.86
16.562,5.69
16.578,-11.89
16.593,-22.56
16.609,-19.96
16.625,-5.65
16.640,11.88
16.656,22.27
16.671,19.42
16.687,5.12
16.703,-11.87
16.718,-21.17
16.734,-16.84
16.750,-1.08
16.765,17.05
16.781,27.03
16.796,23.02
16.812,7.4
16.828,-10.58
16.843,-20.31
16.859,-16.03
16.875,-0.36
16.890,17.3
16.906,26.35
16.921,21.23
16.937,4.76
16.953,-13.44
16.968,-22.75
16.984,-17.63
17.000,-1.15
17.015,16.97
17.031,26.11
17.046,20.94
17.062,4.55
17.078,-13.35
17.093,-22.27
17.109,-17.03
17.125,-1.03
17.140,16.02
17.156,23.8
17.171,17.52
17.187,0.72
17.203,-16.74
17.218,-24.61
17.234,-18.15
17.250,-1.16
17.265,16.55
17.281,24.79
17.296,18.96
17.312,2.72
17.328,-14.21
17.343,-21.89
17.359,-15.85
17.375,0.09
17.390,16.38
17.406,23.33
17.421,16.8
17.437,0.68
17.453,-15.39
17.468,-21.84
17.484,-14.61
17.500,2.08
17.515,18.53
17.531,25.14
17.546,18.01
17.562,1.32
17.578,-15.14
17.593,-21.76
17.609,-14.6
17.625,2.0
17.640,18.34
17.656,24.87
17.671,17.85
17.687,1.56
17.703,-14.27
17.718,-20.21
17.734,-12.61
17.750,3.89
17.765,19.45
17.781,24.6
17.796,15.92
17.812,-1.84
17.828,-18.49
17.843,-24.37
17.859,-15.92
17.875,1.88
17.890,18.66
17.906,24.62
17.921,16.25
17.937,-1.54
17.953,-18.31
17.968,-24.27
17.984,-15.9
18.000,1.62
18.015,17.77
18.031,22.78
18.046,13.43
18.062,-5.01
18.078,-21.8
18.093,-27.06
18.109,-17.5
18.125,1.29
18.140,18.39
18.156,23.8
18.171,14.36
18.187,-4.32
18.203,-21.15
18.218,-26.07
18.234,-15.91
18.250,3.41
18.265,20.59
18.281,25.47
18.296,15.06
18.312,-4.62
18.328,-22.09
18.343,-27.12
18.359,-16.72
18.375,2.84
18.390,19.95
18.406,24.42
18.421,13.52
18.437,-6.35
18.453,-23.47
18.468,-27.64
18.484,-16.22
18.500,4.13
18.515,21.52
18.531,25.77
18.546,14.41
18.562,-5.86
18.578,-23.12
18.593,-27.17
18.609,-15.54
18.625,4.9
18.640,22.17
18.656,26.15
18.671,14.52
18.687,-5.84
18.703,-23.0
18.718,-26.89
18.734,-15.26
18.750,4.81
18.765,21.29
18.781,24.24
18.796,11.67
18.812,-9.26
18.828,-26.45
18.843,-29.91
18.859,-17.66
18.875,2.96
18.890,19.78
18.906,22.91
18.921,10.51
18.937,-10.06
18.953,-26.69
18.968,-29.56
18.984,-16.9
19.000,3.81
19.015,20.48
19.031,23.49
19.046,11.34
19.062,-8.45
19.078,-23.95
19.093,-25.75
19.109,-12.6
19.125,7.74
19.140,23.26
19.156,24.77
19.171,11.27
19.187,-9.34
19.203,-25.1
19.218,-26.85
19.234,-13.67
19.250,6.48
19.265,21.64
19.281,22.81
19.296,9.27
19.312,-10.98
19.328,-26.02
19.343,-26.96
19.359,-13.12
19.375,7.4
19.390,22.69
19.406,23.94
19.421,10.65
19.437,-9.07
19.453,-23.42
19.468,-23.78
19.484,-9.84
19.500,10.18
19.515,24.48
19.531,24.67
19.546,10.7
19.562,-9.07
19.578,-22.94
19.593,-22.66
19.609,-8.37
19.625,11.41
19.640,24.93
19.656,24.08
19.671,9.19
19.687,-11.13
19.703,-25.15
19.718,-24.78
19.734,-10.4
19.750,9.34
19.765,22.76
19.781,21.93
19.796,7.39
19.812,-12.17
19.828,-25.18
19.843,-23.88
19.859,-9.01
19.875,10.62
19.890,23.49
19.906,22.06
19.921,7.32
19.937,-11.85
19.953,-24.01
19.968,-21.86
19.984,-6.63
20.000,12.62
20.015,24.54
20.031,22.13
20.046,6.88
20.062,-12.06
20.078,-23.47
20.093,-20.53
20.109,-5.04
20.125,13.75
20.140,24.73
20.156,21.4
20.171,5.76
20.187,-12.82
20.203,-23.31
20.218,-19.31
20.234,-3.09
20.250,15.91
20.265,26.62
20.281,22.85
20.296,6.89
20.312,-11.76
20.328,-22.08
20.343,-17.9
20.359,-1.73
20.375,16.92
20.390,27.1
20.406,22.93
20.421,7.01
20.437,-11.04
20.453,-20.42
20.468,-15.38
20.484,1.13
20.500,19.36
20.515,28.5
20.531,23.05
20.546,6.05
20.562,-12.6
20.578,-22.14
20.593,-17.03
20.609,-0.48
20.625,17.65
20.640,26.66
20.656,21.25
20.671,4.65
20.687,-13.28
20.703,-21.99
20.718,-16.31
20.734,0.26
20.750,17.84
20.765,25.93
20.781,19.61
20.796,2.43
20.812,-15.62
20.828,-24.12
20.843,-18.16
20.859,-1.47
20.875,16.06
20.890,24.13
20.906,18.07
20.921,1.59
20.937,-15.45
20.953,-22.94
20.968,-16.33
20.984,0.41
21.000,17.46
21.015,24.83
21.031,18.24
21.046,1.67
21.062,-15.05
21.078,-22.09
21.093,-15.3
21.109,1.08
21.125,17.25
21.140,23.51
21.156,16.01
21.171,-0.94
21.187,-17.38
21.203,-23.62
21.218,-15.82
21.234,1.41
21.250,18.03
21.265,24.29
21.281,16.49
21.296,-0.85
21.312,-17.57
21.328,-23.91
21.343,-16.1
21.359,1.12
21.375,17.61
21.390,23.63
21.406,15.59
21.421,-1.82
21.437,-18.31
21.453,-24.11
21.468,-15.55
21.484,2.45
21.500,19.57
21.515,25.96
21.531,18.01
21.546,0.47
21.562,-16.32
21.578,-22.61
21.593,-14.77
21.609,2.22
21.625,18.1
21.640,23.21
21.656,14.25
21.671,-3.72
21.687,-20.22
21.703,-25.6
21.718,-16.54
21.734,1.57
21.750,18.11
21.765,23.32
21.781,14.05
21.796,-4.32
21.812,-20.98
21.828,-26.01
21.843,-16.15
21.859,2.94
21.875,20.28
21.890,25.82
21.906,16.37
21.921,-2.46
21.937,-19.51
21.953,-24.68
21.968,-14.72
21.984,4.45
22.000,21.52
22.015,26.29
22.031,15.71
22.046,-4.24
22.062,-22.09
22.078,-27.55
22.093,-17.52
22.109,1.84
22.125,19.0
22.140,23.75
22.156,13.26
22.171,-6.24
22.187,-23.16
22.203,-27.36
22.218,-16.08
22.234,4.13
22.250,21.54
22.265,25.99
22.281,14.89
22.296,-5.2
22.312,-22.5
22.328,-26.86
22.343,-15.71
22.359,4.26
22.375,21.21
22.390,25.11
22.406,13.61
22.421,-6.52
22.437,-23.46
22.453,-27.22
22.468,-15.54
22.484,4.59
22.500,21.24
22.515,24.54
22.531,12.43
22.546,-8.04
22.562,-24.97
22.578,-28.55
22.593,-16.82
22.609,2.96
22.625,18.83
22.640,21.11
22.656,8.2
22.671,-12.44
22.687,-28.76
22.703,-31.11
22.718,-17.94
22.734,3.12
22.750,19.92
22.765,22.9
22.781,10.67
22.796,-9.21
22.812,-24.79
22.828,-26.7
22.843,-13.73
22.859,6.43
22.875,21.91
22.890,23.65
22.906,10.74
22.921,-8.99
22.937,-23.74
22.953,-24.63
22.968,-10.95
22.984,9.24
23.000,24.02
23.015,24.61
23.031,10.52
23.046,-10.06
23.062,-25.23
23.078,-26.27
23.093,-12.78
23.109,7.0
23.125,21.24
23.140,21.45
23.156,7.52
23.171,-12.2
23.187,-26.01
23.203,-25.61
23.218,-11.11
23.234,8.99
23.250,22.94
23.265,22.6
23.281,8.24
23.296,-11.59
23.312,-25.21
23.328,-24.64
23.343,-10.29
23.359,9.24
23.375,22.39
23.390,21.44
23.406,7.07
23.421,-12.0
23.437,-24.36
23.453,-22.52
23.468,-7.49
23.484,11.87
23.500,24.2
23.515,22.35
23.531,7.62
23.546,-10.93
23.562,-22.03
23.578,-18.74
23.593,-2.78
23.609,16.6
23.625,28.15
23.640,25.22
23.656,9.75
23.671,-8.82
23.687,-19.36
23.703,-15.46
23.718,0.51
23.734,18.96
23.750,28.8
23.765,24.06
23.781,7.44
23.796,-11.18
23.812,-20.72
23.828,-15.38
23.843,1.71
23.859,20.48
23.875,29.86
23.890,24.29
23.906,7.01
23.921,-11.79
23.937,-21.15
23.953,-15.62
23.968,1.33
23.984,19.64
24.000,28.55
24.015,22.91
24.031,6.12
24.046,-11.91
24.062,-20.77
24.078,-15.46
24.093,0.41
24.109,17.19
24.125,24.81
24.140,18.73
24.156,2.57
24.171,-14.04
24.187,-21.31
24.203,-14.88
24.218,1.24
24.234,17.41
24.250,23.86
24.265,16.56
24.281,-0.41
24.296,-17.14
24.312,-23.82
24.328,-16.39
24.343,0.77
24.359,17.65
24.375,24.37
24.390,17.02
24.406,-0.01
24.421,-16.59
24.437,-22.82
24.453,-14.82
24.468,2.67
24.484,19.37
24.500,25.39
24.515,17.09
24.531,-0.7
24.546,-17.48
24.562,-23.31
24.578,-14.62
24.593,3.37
24.609,19.96
24.625,25.18
24.640,15.75
24.656,-2.93
24.671,-19.92
24.687,-25.23
24.703,-15.65
24.718,3.01
24.734,19.61
24.750,24.18
24.765,13.81
24.781,-5.51
24.796,-22.44
24.812,-26.94
24.828,-16.19
24.843,3.49
24.859,20.51
24.875,24.78
24.890,13.63
24.906,-6.52
24.921,-23.95
24.937,-28.42
24.953,-17.17
24.968,3.16
24.984,20.66
25.000,25.02
25.015,13.62
25.031,-6.92
25.046,-24.62
25.062,-29.15
25.078,-17.91
25.093,2.27
25.109,19.33
25.125,23.1
25.140,11.3
25.156,-9.08
25.171,-26.01
25.187,-29.45
25.203,-17.34
25.218,2.95
25.234,19.26
25.250,21.71
25.265,8.64
25.281,-12.45
25.296,-29.34
25.312,-32.21
25.328,-19.47
25.343,1.15
25.359,17.44
25.375,19.82
25.390,7.01
25.406,-13.18
25.421,-28.64
25.437,-30.01
25.453,-16.3
25.468,4.47
25.484,20.16
25.500,21.68
25.515,8.36
25.531,-11.69
25.546,-26.45
25.562,-27.11
25.578,-13.25
25.593,6.83
25.609,21.24
25.625,21.47
25.640,7.49
25.656,-12.23
25.671,-25.9
25.687,-25.26
25.703,-10.58
25.718,9.55
25.734,23.41
25.750,23.09
25.765,9.14
25.781,-9.72
25.796,-21.95
25.812,-19.94
25.828,-4.67
25.843,14.91
25.859,27.25
25.875,25.04
25.890,9.55
25.906,-10.03
25.921,-22.19
25.937,-19.78
25.953,-4.38
25.968,14.74
25.984,26.22
26.000,23.35
26.015,8.06
26.031,-10.2
26.046,-20.26
26.062,-15.79
26.078,0.73
26.093,19.58
26.109,29.64
26.125,24.96
26.140,8.34
26.156,-10.27
26.171,-19.81
26.187,-14.48
26.203,2.57
26.218,21.35
26.234,30.89
26.250,25.65
26.265,8.8
26.281,-9.7
26.296,-19.13
26.312,-14.13
26.328,1.88
26.343,19.09
26.359,27.11
26.375,21.08
26.390,4.56
26.406,-12.61
26.421,-20.28
26.437,-13.85
26.453,2.76
26.468,19.7
26.484,26.93
26.500,20.14
26.515,3.28
26.531,-13.75
26.546,-21.03
26.562,-14.32
26.578,2.16
26.593,18.52
26.609,24.94
26.625,17.44
26.640,0.29
26.656,-16.49
26.671,-23.11
26.687,-15.62
26.703,1.38
26.718,17.78
26.734,23.8
26.750,15.76
26.765,-1.68
26.781,-18.19
26.796,-23.96
26.812,-15.37
26.828,2.5
26.843,19.14
26.859,24.65
26.875,15.71
26.890,-2.48
26.906,-19.15
26.921,-24.39
26.937,-14.92
26.953,3.59
26.968,20.16
26.984,24.83
27.000,14.59
27.015,-4.76
27.031,-21.98
27.046,-27.03
27.062,-16.9
27.078,2.26
27.093,19.06
27.109,23.46
27.125,12.69
27.140,-7.02
27.156,-24.12
27.171,-28.52
27.187,-17.52
27.203,2.34
27.218,19.35
27.234,23.43
27.250,12.1
27.265,-7.97
27.281,-24.96
27.296,-28.75
27.312,-16.97
27.328,3.41
27.343,20.35
27.359,23.75
27.375,11.48
27.390,-9.36
27.406,-26.69
27.421,-30.43
27.437,-18.5
27.453,1.78
27.468,18.26
27.484,21.07
27.500,8.46
27.515,-12.18
27.531,-28.75
27.546,-31.55
27.562,-18.98
27.578,1.36
27.593,17.37
27.609,19.62
27.625,6.9
27.640,-13.04
27.656,-28.18
27.671,-29.27
27.687,-15.37
27.703,5.47
27.718,21.15
27.734,22.6
27.750,9.14
27.765,-11.05
27.781,-25.92
27.796,-26.55
27.812,-12.44
27.828,8.1
27.843,23.05
27.859,23.73
27.875,9.95
27.890,-9.94
27.906,-24.08
27.921,-24.08
27.937,-9.97
27.953,9.8
27.968,23.47
27.984,22.97
28.000,8.63
28.015,-10.99
28.031,-24.32
28.046,-23.5
28.062,-9.13
28.078,10.14
28.093,22.89
28.109,21.61
28.125,7.25
28.140,-11.37
28.156,-22.92
28.171,-20.14
28.187,-4.37
28.203,15.34
28.218,27.59
28.234,25.36
28.250,10.15
28.265,-8.85
28.281,-20.34
28.296,-17.51
28.312,-2.16
28.328,16.41
28.343,27.07
28.359,23.39
28.375,7.54
28.390,-11.01
28.406,-21.18
28.421,-16.78
28.437,-0.35
28.453,18.45
28.468,28.63
28.484,24.27
28.500,8.11
28.515,-10.1
28.531,-19.49
28.546,-14.43
28.562,1.94
28.578,19.73
28.593,28.17
28.609,21.97
28.625,4.52
28.640,-14.05
28.656,-22.97
28.671,-16.98
28.687,0.27
28.703,18.64
28.718,27.45
28.734,21.66
28.750,4.86
28.765,-12.91
28.781,-21.23
28.796,-15.28
28.812,1.05
28.828,17.82
28.843,24.85
28.859,17.73
28.875,0.49
28.890,-16.79
28.906,-24.02
28.921,-16.86
28.937,0.41
28.953,17.72
28.968,25.04
28.984,18.22
29.000,1.43
29.015,-15.3
29.031,-22.06
29.046,-14.77
29.062,2.18
29.078,18.79
29.093,25.29
29.109,17.83
29.125,0.8
29.140,-15.73
29.156,-22.04
29.171,-14.3
29.187,2.78
29.203,19.09
29.218,24.85
29.234,16.44
29.250,-1.46
29.265,-18.54
29.281,-24.97
29.296,-17.05
29.312,0.29
29.328,16.72
29.343,22.47
29.359,14.09
29.375,-3.46
29.390,-19.69
29.406,-24.84
29.421,-15.54
29.437,2.81
29.453,19.48
29.468,24.58
29.484,14.94
29.500,-3.98
29.515,-21.2
29.531,-26.68
29.546,-17.11
29.562,1.81
29.578,19.01
29.593,24.4
29.609,14.84
29.625,-3.97
29.640,-20.81
29.656,-25.59
29.671,-15.2
29.687,4.37
29.703,21.76
29.718,26.8
29.734,16.52
29.750,-3.07
29.765,-20.56
29.781,-25.79
29.796,-15.74
29.812,3.41
29.828,20.21
29.843,24.58
29.859,13.75
29.875,-6.02
29.890,-23.19
29.906,-27.65
29.921,-16.65
29.937,3.31
29.953,20.52
29.968,24.84
29.984,13.69
30.000,-6.42
30.015,-23.71
30.031,-27.99
30.046,-16.64
30.062,3.61
30.078,20.86
30.093,24.98
30.109,13.56
30.125,-6.61
30.140,-23.62
30.156,-27.35
30.171,-15.48
30.187,4.95
30.203,21.89
30.218,25.35
30.234,13.21
30.250,-7.42
30.265,-24.51
30.281,-28.08
30.296,-16.08
30.312,4.21
30.328,20.69
30.343,23.52
30.359,10.88
30.375,-9.89
30.390,-26.71
30.406,-29.76
30.421,-17.25
30.437,3.34
30.453,19.89
30.468,22.7
30.484,10.16
30.500,-10.22
30.515,-26.44
30.531,-28.9
30.546,-16.11
30.562,4.34
30.578,20.46
30.593,22.88
30.609,10.4
30.625,-9.34
30.640,-24.49
30.656,-25.9
30.671,-12.53
30.687,7.77
30.703,23.12
30.718,24.53
30.734,11.21
30.750,-8.89
30.765,-23.88
30.781,-24.83
30.796,-11.06
30.812,9.38
30.828,24.52
30.843,25.5
30.859,11.81
30.875,-8.43
30.890,-23.31
30.906,-24.06
30.921,-10.25
30.937,9.87
30.953,24.36
30.968,24.66
30.984,10.54
31.000,-9.67
31.015,-24.16
31.031,-24.47
31.046,-10.52
31.062,9.3
31.078,23.24
31.093,23.05
31.109,8.85
31.125,-10.97
31.140,-24.76
31.156,-24.42
31.171,-10.19
31.187,9.46
31.203,22.99
31.218,22.47
31.234,8.32
31.250,-11.0
31.265,-24.08
31.281,-23.11
31.296,-8.67
31.312,10.7
31.328,23.58
31.343,22.36
31.359,7.74
31.375,-11.62
31.390,-24.33
31.406,-22.82
31.421,-7.92
31.437,11.64
31.453,24.42
31.468,23.01
31.484,8.35
31.500,-10.8
31.515,-23.09
31.531,-21.21
31.546,-6.29
31.562,12.77
31.578,24.69
31.593,22.4
31.609,7.22
31.625,-11.84
31.640,-23.58
31.656,-21.04
31.671,-5.76
31.687,13.14
31.703,24.47
31.718,21.46
31.734,5.82
31.750,-13.24
31.765,-24.54
31.781,-21.34
31.796,-5.53
31.812,13.56
31.828,24.7
31.843,21.36
31.859,5.55
31.875,-13.25
31.890,-23.85
31.906,-19.79
31.921,-3.33
31.937,15.95
31.953,26.84
31.968,23.06
31.984,6.93
32.000,-11.95
32.015,-22.53
32.031,-18.64
32.046,-2.77
32.062,15.54
32.078,25.44
32.093,21.1
32.109,5.18
32.125,-12.76
32.140,-21.99
32.156,-16.79
32.171,-0.1
32.187,18.39
32.203,27.91
32.218,22.91
32.234,6.32
32.250,-12.11
32.265,-21.64
32.281,-16.73
32.296,-0.51
32.312,17.23
32.328,25.79
32.343,19.82
32.359,2.53
32.375,-16.14
32.390,-25.46
32.406,-20.01
32.421,-3.14
32.437,15.21
32.453,24.32
32.468,18.89
32.484,2.18
32.500,-15.93
32.515,-24.88
32.531,-19.42
32.546,-2.93
32.562,14.83
32.578,23.43
32.593,17.88
32.609,1.58
32.625,-15.7
32.640,-23.63
32.656,-17.25
32.671,-0.17
32.687,17.8
32.703,26.29
32.718,20.44
32.734,3.73
32.750,-13.99
32.765,-22.43
32.781,-16.67
32.796,-0.38
32.812,16.67
32.828,24.21
32.843,17.59
32.859,0.52
32.875,-17.07
32.890,-24.95
32.906,-18.49
32.921,-1.63
32.937,15.68
32.953,23.28
32.968,16.76
32.984,0.06
33.000,-16.86
33.015,-23.96
33.031,-16.91
33.046,0.08
33.062,17.09
33.078,24.13
33.093,17.08
33.109,0.1
33.125,-16.83
33.140,-23.83
33.156,-16.76
33.171,0.06
33.187,16.68
33.203,23.3
33.218,15.95
33.234,-1.11
33.250,-17.92
33.265,-24.69
33.281,-17.38
33.296,-0.4
33.312,16.4
33.328,23.27
33.343,16.34
33.359,-0.17
33.375,-16.38
33.390,-22.63
33.406,-15.02
33.421,2.04
33.437,18.69
33.453,25.26
33.468,17.96
33.484,1.06
33.500,-15.56
33.515,-22.28
33.531,-15.19
33.546,1.29
33.562,17.46
33.578,23.79
33.593,16.6
33.609,0.19
33.625,-15.68
33.640,-21.64
33.656,-14.11
33.671,2.29
33.687,17.74
33.703,22.86
33.718,14.24
33.734,-3.45
33.750,-20.15
33.765,-26.33
33.781,-18.35
33.796,-0.98
33.812,15.8
33.828,22.4
33.843,15.22
33.859,-1.22
33.875,-16.99
33.890,-22.63
33.906,-14.56
33.921,2.44
33.937,18.41
33.953,23.86
33.968,15.36
33.984,-2.33
34.000,-19.04
34.015,-25.12
34.031,-16.92
34.046,0.69
34.062,17.53
34.078,23.82
34.093,15.97
34.109,-1.35
34.125,-17.94
34.140,-24.08
34.156,-16.1
34.171,1.12
34.187,17.43
34.203,23.13
34.218,14.75
34.234,-2.84
34.250,-19.35
34.265,-25.08
34.281,-16.51
34.296,1.32
34.312,18.07
34.328,24.04
34.343,15.83
34.359,-1.63
34.375,-17.93
34.390,-23.39
34.406,-14.59
34.421,3.28
34.437,19.79
34.453,25.19
34.468,16.18
34.484,-2.12
34.500,-19.15
34.515,-25.11
34.531,-16.56
34.546,1.29
34.562,17.96
34.578,23.65
34.593,15.02
34.609,-2.88
34.625,-19.56
34.640,-25.33
34.656,-16.76
34.671,0.93
34.687,17.33
34.703,22.75
34.718,13.9
34.734,-4.12
34.750,-20.82
34.765,-26.47
34.781,-17.64
34.796,0.51
34.812,17.52
34.828,23.64
34.843,15.51
34.859,-1.84
34.875,-17.95
34.890,-23.14
34.906,-14.06
34.921,4.0
34.937,20.52
34.953,25.73
34.968,16.41
34.984,-2.2
35.000,-19.41
35.015,-25.37
35.031,-16.65
35.046,1.43
35.062,18.29
35.078,24.08
35.093,15.48
35.109,-2.35
35.125,-18.81
35.140,-24.15
35.156,-15.02
35.171,3.2
35.187,19.89
35.203,25.22
35.218,15.94
35.234,-2.64
35.250,-19.79
35.265,-25.64
35.281,-16.77
35.296,1.44
35.312,18.37
35.328,24.17
35.343,15.53
35.359,-2.36
35.375,-18.83
35.390,-24.15
35.406,-14.97
35.421,3.25
35.437,19.88
35.453,25.06
35.468,15.6
35.484,-3.19
35.500,-20.52
35.515,-26.45
35.531,-17.53
35.546,0.9
35.562,18.19
35.578,24.39
35.593,16.11
35.609,-1.58
35.625,-18.12
35.640,-23.73
35.656,-15.02
35.671,2.78
35.687,19.19
35.703,24.48
35.718,15.37
35.734,-3.01
35.750,-20.12
35.765,-26.18
35.781,-17.68
35.796,0.24
35.812,17.2
35.828,23.41
35.843,15.43
35.859,-1.86
35.875,-18.11
35.890,-23.64
35.906,-14.96
35.921,2.9
35.937,19.64
35.953,25.57
35.968,17.25
35.984,-0.42
36.000,-17.17
36.015,-23.36
36.031,-15.46
36.046,1.59
36.062,17.71
36.078,23.37
36.093,15.22
36.109,-1.9
36.125,-17.87
36.140,-23.24
36.156,-14.63
36.171,2.92
36.187,19.24
36.203,24.76
36.218,16.14
36.234,-1.77
36.250,-18.7
36.265,-24.98
36.281,-16.99
36.296,0.4
36.312,17.09
36.328,23.39
36.343,15.73
36.359,-1.27
36.375,-17.55
36.390,-23.53
36.406,-15.58
36.421,1.56
36.437,17.91
36.453,23.94
36.468,16.12
36.484,-0.99
36.500,-17.4
36.515,-23.62
36.531,-16.03
36.546,0.72
36.562,16.78
36.578,22.67
36.593,14.9
36.609,-2.02
36.625,-18.14
36.640,-24.0
36.656,-15.98
36.671,1.23
36.687,17.69
36.703,23.81
36.718,15.94
36.734,-1.39
36.750,-18.16
36.765,-24.71
36.781,-17.21
36.796,-0.22
36.812,16.35
36.828,22.85
36.843,15.56
36.859,-1.1
36.875,-17.2
36.890,-23.14
36.906,-15.18
36.921,2.11
36.937,18.79
36.953,25.24
36.968,17.7
36.984,0.56
37.000,-16.23
37.015,-23.02
37.031,-15.84
37.046,0.9
37.062,17.42
37.078,24.02
37.093,16.77
37.109,-0.13
37.125,-16.83
37.140,-23.6
37.156,-16.37
37.171,0.58
37.187,17.37
37.203,24.17
37.218,16.93
37.234,-0.22
37.250,-17.32
37.265,-24.45
37.281,-17.34
37.296,-0.17
37.312,17.21
37.328,24.81
37.343,18.36
37.359,1.72
37.375,-15.32
37.390,-22.9
37.406,-16.61
37.421,-0.35
37.437,16.23
37.453,23.26
37.468,16.42
37.484,-0.54
37.500,-17.86
37.515,-25.6
37.531,-19.18
37.546,-2.42
37.562,14.96
37.578,22.89
37.593,16.83
37.609,0.45
37.625,-16.47
37.640,-23.83
37.656,-17.0
37.671,0.17
37.687,17.8
37.703,25.69
37.718,19.18
37.734,1.99
37.750,-15.95
37.765,-24.32
37.781,-18.28
37.796,-1.53
37.812,16.08
37.828,24.23
37.843,18.13
37.859,1.27
37.875,-16.49
37.890,-24.84
37.906,-18.78
37.921,-1.86
37.937,16.09
37.953,24.71
37.968,18.97
37.984,2.25
38.000,-15.66
38.015,-24.29
38.031,-18.47
38.046,-1.59
38.062,16.55
38.078,25.4
38.093,19.8
38.109,2.99
38.125,-15.19
38.140,-24.17
38.156,-18.6
38.171,-1.76
38.187,16.53
38.203,25.66
38.218,20.32
38.234,3.64
38.250,-14.63
38.265,-23.89
38.281,-18.72
38.296,-2.25
38.312,15.78
38.328,24.8
38.343,19.45
38.359,2.76
38.375,-15.53
38.390,-24.79
38.406,-19.49
38.421,-2.69
38.437,15.87
38.453,25.45
38.468,20.53
38.484,4.0
38.500,-14.43
38.515,-24.05
38.531,-19.15
38.546,-2.65
38.562,15.78
38.578,25.39
38.593,20.56
38.609,4.11
38.625,-14.35
38.640,-24.12
38.656,-19.47
38.671,-3.17
38.687,15.21
38.703,25.0
38.718,20.53
38.734,4.44
38.750,-13.82
38.765,-23.62
38.781,-19.12
38.796,-2.92
38.812,15.62
38.828,25.81
38.843,21.82
38.859,6.03
38.875,-12.3
38.890,-22.5
38.906,-18.53
38.921,-2.63
38.937,15.96
38.953,26.52
38.968,22.92
38.984,7.23
39.000,-11.42
39.015,-22.3
39.031,-19.08
39.046,-3.69
39.062,14.8
39.078,25.58
39.093,22.29
39.109,6.71
39.125,-12.21
39.140,-23.7
39.156,-21.23
39.171,-6.47
39.187,11.69
39.203,22.47
39.218,19.39
39.234,4.07
39.250,-14.64
39.265,-25.95
39.281,-23.17
39.296,-7.85
39.312,11.19
39.328,23.0
39.343,20.81
39.359,5.97
39.375,-12.85
39.390,-24.72
39.406,-22.7
39.421,-7.95
39.437,10.91
39.453,22.88
39.468,20.95
39.484,6.14
39.500,-13.06
39.515,-25.66
39.531,-24.42
39.546,-10.16
39.562,8.69
39.578,21.16
39.593,20.05
39.609,6.12
39.625,-12.25
39.640,-24.1
39.656,-22.16
39.671,-7.16
39.687,12.43
39.703,25.46
39.718,24.5
39.734,10.17
39.750,-9.15
39.765,-22.24
39.781,-21.41
39.796,-7.04
39.812,12.54
39.828,26.0
39.843,25.53
39.859,11.38
39.875,-8.24
39.890,-22.04
39.906,-22.06
39.921,-8.42
39.937,10.7
39.953,23.97
39.968,23.47
39.984,9.33
40.000,-10.26
40.015,-23.96
40.031,-23.72
40.046,-9.59
40.062,10.2
40.078,24.18
40.093,24.22
40.109,10.23
40.125,-9.72
40.140,-24.22
40.156,-24.96
40.171,-11.59
40.187,7.98
40.203,22.35
40.218,23.18
40.234,10.0
40.250,-9.47
40.265,-23.9
40.281,-24.82
40.296,-11.6
40.312,8.06
40.328,22.75
40.343,23.94
40.359,10.93
40.375,-8.64
40.390,-23.35
40.406,-24.51
40.421,-11.28
40.437,8.67
40.453,23.77
40.468,25.24
40.484,12.16
40.500,-7.89
40.515,-23.39
40.531,-25.41
40.546,-12.89
40.562,6.65
40.578,21.61
40.593,23.09
40.609,10.03
40.625,-10.04
40.640,-25.56
40.656,-27.48
40.671,-14.62
40.687,5.48
40.703,21.11
40.718,23.13
40.734,10.34
40.750,-9.81
40.765,-25.65
40.781,-27.97
40.796,-15.37
40.812,4.72
40.828,20.63
40.843,23.14
40.859,10.89
40.875,-8.78
40.890,-24.29
40.906,-26.41
40.921,-13.71
40.937,6.4
40.953,22.2
40.968,24.4
40.984,11.61
41.000,-8.78
41.015,-24.93
41.031,-27.37
41.046,-14.41
41.062,6.57
41.078,23.64
41.093,27.15
41.109,15.28
41.125,-4.88
41.140,-21.56
41.156,-25.15
41.171,-13.68
41.187,5.87
41.203,21.89
41.218,24.91
41.234,13.1
41.250,-6.58
41.265,-22.61
41.281,-25.57
41.296,-13.58
41.312,6.33
41.328,22.54
41.343,25.54
41.359,13.44
41.375,-6.83
41.390,-23.62
41.406,-27.27
41.421,-15.64
41.437,4.4
41.453,21.16
41.468,24.88
41.484,13.36
41.500,-6.67
41.515,-23.54
41.531,-27.38
41.546,-15.79
41.562,4.54
41.578,21.94
41.593,26.44
41.609,15.59
41.625,-4.12
41.640,-21.11
41.656,-25.43
41.671,-14.48
41.687,5.26
41.703,22.26
41.718,26.61
41.734,15.78
41.750,-3.8
41.765,-20.6
41.781,-24.68
41.796,-13.43
41.812,6.63
41.828,23.84
41.843,28.1
41.859,16.77
41.875,-3.72
41.890,-21.67
41.906,-26.84
41.921,-16.36
41.937,3.39
41.953,20.72
41.968,25.39
41.984,14.55
42.000,-5.54
42.015,-23.23
42.031,-28.26
42.046,-17.64
42.062,2.37
42.078,20.17
42.093,25.53
42.109,15.5
42.125,-3.79
42.140,-20.83
42.156,-25.45
42.171,-14.7
42.187,5.15
42.203,22.54
42.218,27.24
42.234,16.34
42.250,-3.97
42.265,-22.06
42.281,-27.58
42.296,-17.4
42.312,2.34
42.328,20.14
42.343,25.7
42.359,15.92
42.375,-3.27
42.390,-20.49
42.406,-25.54
42.421,-15.32
42.437,4.15
42.453,21.49
42.468,26.55
42.484,16.31
42.500,-3.27
42.515,-20.8
42.531,-26.1
42.546,-16.03
42.562,3.39
42.578,20.82
42.593,26.06
42.609,16.07
42.625,-3.28
42.640,-20.69
42.656,-26.02
42.671,-16.12
42.687,3.09
42.703,20.46
42.718,25.91
42.734,16.33
42.750,-2.61
42.765,-19.86
42.781,-25.51
42.796,-16.34
42.812,1.98
42.828,18.66
42.843,23.91
42.859,14.7
42.875,-3.5
42.890,-19.91
42.906,-24.83
42.921,-15.12
42.937,3.66
42.953,20.79
42.968,26.5
42.984,17.61
43.000,-0.59
43.015,-17.5
43.031,-23.39
43.046,-14.91
43.062,2.64
43.078,18.85
43.093,24.06
43.109,15.06
43.125,-3.04
43.140,-19.77
43.156,-25.45
43.171,-16.69
43.187,1.38
43.203,18.41
43.218,24.68
43.234,16.72
43.250,-0.64
43.265,-17.22
43.281,-23.4
43.296,-15.64
43.312,1.27
43.328,17.35
43.343,23.15
43.359,15.25
43.375,-1.67
43.390,-17.63
43.406,-23.22
43.421,-15.0
43.437,2.23
43.453,18.49
43.468,24.33
43.484,16.28
43.500,-1.0
43.515,-17.5
43.531,-23.69
43.546,-15.88
43.562,1.31
43.578,17.99
43.593,24.57
43.609,17.34
43.625,0.59
43.640,-15.88
43.656,-22.59
43.671,-15.66
43.687,0.57
43.703,16.52
43.718,22.75
43.734,15.51
43.750,-1.06
43.765,-17.28
43.781,-23.72
43.796,-16.46
43.812,0.25
43.828,16.77
43.843,23.56
43.859,16.71
43.875,0.31
43.890,-15.96
43.906,-22.52
43.921,-15.35
43.937,1.4
43.953,18.05
43.968,24.92
43.984,17.97
44.000,1.18
44.015,-15.73
44.031,-23.03
44.046,-16.45
44.062,0.03
44.078,16.8
44.093,24.09
44.109,17.65
44.125,1.23
44.140,-15.57
44.156,-23.04
44.171,-16.8
44.187,-0.7
44.203,15.73
44.218,22.73
44.234,16.06
44.250,-0.55
44.265,-17.48
44.281,-24.91
44.296,-18.43
44.312,-1.87
44.328,15.13
44.343,22.68
44.359,16.39
44.375,-0.04
44.390,-16.89
44.406,-24.21
44.421,-17.43
44.437,-0.34
44.453,17.26
44.468,25.26
44.484,19.05
44.500,2.26
44.515,-15.27
44.531,-23.38
44.546,-17.21
44.562,-0.45
44.578,17.14
44.593,25.28
44.609,19.19
44.625,2.35
44.640,-15.44
44.656,-23.87
44.671,-17.93
44.687,-1.11
44.703,16.89
44.718,25.68
44.734,20.22
44.750,3.66
44.765,-14.38
44.781,-23.56
44.796,-18.6
44.812,-2.58
44.828,14.99
44.843,23.82
44.859,18.66
44.875,2.51
44.890,-15.16
44.906,-23.94
44.921,-18.47
44.937,-1.74
44.953,16.66
44.968,26.2
44.984,21.43
45.000,5.21
45.015,-12.88
45.031,-22.21
45.046,-17.14
45.062,-0.49
45.078,18.14
45.093,28.06
45.109,23.54
45.125,7.21
45.140,-11.45
45.156,-21.76
45.171,-17.83
45.187,-2.22
45.203,15.73
45.218,25.37
45.234,20.91
45.250,4.8
45.265,-13.64
45.281,-23.77
45.296,-19.65
45.312,-3.69
45.328,14.73
45.343,24.84
45.359,20.57
45.375,4.16
45.390,-15.08
45.406,-26.22
45.421,-22.89
45.437,-7.08
45.453,12.0
45.468,23.39
45.484,20.58
45.500,5.35
45.515,-13.29
45.531,-24.4
45.546,-21.34
45.562,-5.81
45.578,13.17
45.593,24.55
45.609,21.65
45.625,6.05
45.640,-13.29
45.656,-25.26
45.671,-22.96
45.687,-7.78
45.703,11.36
45.718,23.29
45.734,21.04
45.750,5.87
45.765,-13.4
45.781,-25.61
45.796,-23.6
45.812,-8.51
45.828,10.88
45.843,23.35
45.859,21.73
45.875,7.05
45.890,-11.99
45.906,-24.19
45.921,-22.26
45.937,-7.18
45.953,12.34
45.968,25.03
45.984,23.57
46.000,8.83
46.015,-10.6
46.031,-23.5
46.046,-22.41
46.062,-8.05
46.078,11.06
46.093,23.72
46.109,22.54
46.125,8.16
46.140,-11.01
46.156,-23.8
46.171,-22.69
46.187,-8.22
46.203,11.17
46.218,24.24
46.234,23.33
46.250,8.88
46.265,-10.79
46.281,-24.35
46.296,-23.94
46.312,-9.79
46.328,9.8
46.343,23.45
46.359,23.19
46.375,9.14
46.390,-10.56
46.406,-24.54
46.421,-24.71
46.437,-11.0
46.453,8.46
46.468,22.28
46.484,22.32
46.500,8.52
46.515,-11.04
46.531,-24.92
46.546,-24.85
46.562,-10.66
46.578,9.52
46.593,24.07
46.609,24.58
46.625,10.79
46.640,-9.27
46.656,-24.02
46.671,-24.91
46.687,-11.48
46.703,8.32
46.718,22.89
46.734,23.74
46.750,10.37
46.765,-9.33
46.781,-23.88
46.796,-24.69
46.812,-11.17
46.828,8.8
46.843,23.66
46.859,24.82
46.875,11.68
46.890,-7.99
46.906,-22.69
46.921,-23.78
46.937,-10.57
46.953,9.13
46.968,23.77
46.984,24.74
47.000,11.4
47.015,-8.46
47.031,-23.31
47.046,-24.43
47.062,-11.02
47.078,9.15
47.093,24.41
47.109,25.92
47.125,12.77
47.140,-7.44
47.156,-23.1
47.171,-25.21
47.187,-12.58
47.203,7.24
47.218,22.6
47.234,24.42
47.250,11.5
47.265,-8.73
47.281,-24.61
47.296,-26.94
47.312,-14.34
47.328,5.76
47.343,21.59
47.359,23.88
47.375,11.2
47.390,-9.08
47.406,-25.23
47.421,-27.87
47.437,-15.41
47.453,4.85
47.468,21.12
47.484,23.95
47.500,11.73
47.515,-8.34
47.531,-24.56
47.546,-27.44
47.562,-15.21
47.578,4.96
47.593,21.34
47.609,24.42
47.625,12.43
47.640,-7.58
47.656,-23.96
47.671,-27.18
47.687,-15.34
47.703,4.52
47.718,20.77
47.734,23.87
47.750,11.97
47.765,-7.98
47.781,-24.33
47.796,-27.47
47.812,-15.38
47.828,5.0
47.843,21.96
47.859,25.79
47.875,14.39
47.890,-5.43
47.906,-22.03
47.921,-25.67
47.937,-14.09
47.953,5.89
47.968,22.62
47.984,26.33
48.000,14.83
48.015,-5.13
48.031,-21.91
48.046,-25.72
48.062,-14.28
48.078,5.62
48.093,22.28
48.109,25.87
48.125,14.14
48.140,-6.16
48.156,-23.3
48.171,-27.34
48.187,-15.82
48.203,4.57
48.218,22.1
48.234,26.7
48.250,15.84
48.265,-4.0
48.281,-21.23
48.296,-25.81
48.312,-15.07
48.328,4.52
48.343,21.46
48.359,25.76
48.375,14.84
48.390,-4.94
48.406,-22.03
48.421,-26.41
48.437,-15.4
48.453,4.6
48.468,22.0
48.484,26.68
48.500,15.9
48.515,-4.07
48.531,-21.67
48.546,-26.73
48.562,-16.31
48.578,3.34
48.593,20.76
48.609,25.78
48.625,15.51
48.640,-3.97
48.656,-21.24
48.671,-26.19
48.687,-15.86
48.703,3.62
48.718,20.88
48.734,25.8
48.750,15.42
48.765,-4.31
48.781,-22.02
48.796,-27.55
48.812,-17.71
48.828,1.62
48.843,19.28
48.859,25.14
48.875,16.03
48.890,-2.44
48.906,-19.24
48.921,-24.38
48.937,-14.66
48.953,4.28
48.968,21.51
48.984,27.04
49.000,17.7
49.015,-1.06
49.031,-18.38
49.046,-24.3
49.062,-15.47
49.078,2.66
49.093,19.4
49.109,24.85
49.125,15.75
49.140,-2.62
49.156,-19.53
49.171,-25.13
49.187,-16.0
49.203,2.55
49.218,19.91
49.234,26.15
49.250,17.83
49.265,-0.01
49.281,-16.92
49.296,-23.14
49.312,-15.15
49.328,2.01
49.343,18.12
49.359,23.6
49.375,15.1
49.390,-2.48
49.406,-18.96
49.421,-24.82
49.437,-16.66
49.453,0.63
49.468,17.02
49.484,23.07
49.500,15.39
49.515,-1.36
49.531,-17.25
49.546,-22.93
49.562,-14.94
49.578,2.03
49.593,18.16
49.609,24.1
49.625,16.37
49.640,-0.56
49.656,-16.87
49.671,-23.2
49.687,-15.86
49.703,0.71
49.718,16.87
49.734,23.22
49.750,16.12
49.765,-0.21
49.781,-16.15
49.796,-22.32
49.812,-14.95
49.828,1.63
49.843,17.81
49.859,24.16
49.875,16.88
49.890,0.13
49.906,-16.42
49.921,-23.22
49.937,-16.24
49.953,0.36
49.968,16.96
49.984,23.92
50.000,17.23
50.015,0.81
50.031,-15.67
50.046,-22.58
50.062,-15.71
50.078,0.94
50.093,17.73
50.109,24.88
50.125,18.13
50.140,1.29
50.156,-15.94
50.171,-23.67
50.187,-17.39
50.203,-0.88
50.218,16.22
50.234,23.93
50.250,17.69
50.265,1.08
50.281,-16.23
50.296,-24.18
50.312,-18.0
50.328,-1.27
50.343,16.37
50.359,24.78
50.375,19.17
50.390,2.91
50.406,-14.41
50.421,-22.63
50.437,-16.79
50.453,-0.28
50.468,17.32
50.484,25.81
50.500,20.21
50.515,3.78
50.531,-13.88
50.546,-22.51
50.562,-16.93
50.578,-0.42
50.593,17.42
50.609,26.19
50.625,20.7
50.640,4.04
50.656,-14.19
50.671,-23.51
50.687,-18.48
50.703,-2.09
50.718,16.13
50.734,25.67
50.750,21.04
50.765,4.97
50.781,-13.16
50.796,-22.89
50.812,-18.55
50.828,-2.8
50.843,15.05
50.859,24.5
50.875,19.9
50.890,3.8
50.906,-14.46
50.921,-24.23
50.937,-19.61
50.953,-3.11
50.968,15.85
50.984,26.4
51.000,22.49
51.015,6.4
51.031,-12.5
51.046,-23.31
51.062,-19.77
51.078,-4.06
51.093,14.55
51.109,25.18
51.125,21.63
51.140,5.95
51.156,-12.71
51.171,-23.6
51.187,-20.43
51.203,-5.22
51.218,12.95
51.234,23.32
51.250,19.66
51.265,3.94
51.281,-14.78
51.296,-25.66
51.312,-22.27
51.328,-6.47
51.343,12.6
51.359,23.95
51.375,20.96
51.390,5.28
51.406,-14.06
51.421,-25.94
51.437,-23.47
51.453,-8.07
51.468,11.28
51.484,23.43
51.500,21.42
51.515,6.6
51.531,-12.19
51.546,-23.83
51.562,-21.28
51.578,-5.86
51.593,13.48
51.609,25.47
51.625,23.0
51.640,7.31
51.656,-12.67
51.671,-25.59
51.687,-24.12
51.703,-9.3
51.718,10.02
51.734,22.46
51.750,20.66
51.765,5.59
51.781,-13.99
51.796,-26.67
51.812,-24.94
51.828,-9.64
51.843,10.48
51.859,23.96
51.875,23.18
51.890,8.83
51.906,-10.5
51.921,-23.44
51.937,-22.31
51.953,-7.71
51.968,11.8
51.984,24.83
52.000,23.74
52.015,9.1
52.031,-10.6
52.046,-23.99
52.062,-23.32
52.078,-9.0
52.093,10.52
52.109,23.87
52.125,23.31
52.140,9.2
52.156,-10.16
52.171,-23.5
52.187,-23.01
52.203,-8.95
52.218,10.39
52.234,23.65
52.250,22.97
52.265,8.53
52.281,-11.43
52.296,-25.48
52.312,-25.51
52.328,-11.48
52.343,8.45
52.359,22.81
52.375,23.4
52.390,10.1
52.406,-9.1
52.421,-22.86
52.437,-22.97
52.453,-9.27
52.468,10.19
52.484,23.97
52.500,23.92
52.515,9.9
52.531,-10.03
52.546,-24.38
52.562,-24.85
52.578,-11.15
52.593,8.66
52.609,23.04
52.625,23.62
52.640,10.02
52.656,-9.82
52.671,-24.42
52.687,-25.24
52.703,-11.71
52.718,8.3
52.734,23.27
52.750,24.59
52.765,11.61
52.781,-7.96
52.796,-22.63
52.812,-23.71
52.828,-10.38
52.843,9.66
52.859,24.82
52.875,26.33
52.890,13.31
52.906,-6.62
52.921,-21.92
52.937,-23.71
52.953,-11.01
52.968,8.58
52.984,23.48
53.000,24.87
53.015,11.82
53.031,-8.1
53.046,-23.37
53.062,-25.12
53.078,-12.34
53.093,7.38
53.109,22.44
53.125,23.94
53.140,10.88
53.156,-9.18
53.171,-24.67
53.187,-26.55
53.203,-13.68
53.218,6.43
53.234,22.07
53.250,24.17
53.265,11.51
53.281,-8.49
53.296,-24.17
53.312,-26.33
53.328,-13.59
53.343,6.63
53.359,22.61
53.375,25.09
53.390,12.67
53.406,-7.31
53.421,-23.22
53.437,-25.74
53.453,-13.33
53.468,6.68
53.484,22.61
53.500,25.14
53.515,12.76
53.531,-7.29
53.546,-23.41
53.562,-26.27
53.578,-14.25
53.593,5.45
53.609,21.24
53.625,23.86
53.640,11.77
53.656,-7.87
53.671,-23.54
53.687,-25.96
53.703,-13.52
53.718,6.56
53.734,22.62
53.750,25.26
53.765,12.87
53.781,-7.42
53.796,-23.93
53.812,-27.12
53.828,-15.07
53.843,5.13
53.859,21.8
53.875,25.31
53.890,13.72
53.906,-6.06
53.921,-22.42
53.937,-25.71
53.953,-13.87
53.968,6.18
53.984,22.79
54.000,26.24
54.015,14.48
54.031,-5.71
54.046,-22.7
54.062,-26.74
54.078,-15.57
54.093,4.08
54.109,20.64
54.125,24.4
54.140,13.17
54.156,-6.38
54.171,-22.74
54.187,-26.17
54.203,-14.41
54.218,5.85
54.234,23.0
54.250,27.22
54.265,16.14
54.281,-3.69
54.296,-20.79
54.312,-25.31
54.328,-14.74
54.343,4.44
54.359,20.83
54.375,24.66
54.390,13.54
54.406,-6.08
54.421,-22.81
54.437,-26.89
54.453,-15.83
54.468,3.85
54.484,20.71
54.500,24.93
54.515,14.09
54.531,-5.41
54.546,-22.1
54.562,-26.14
54.578,-14.98
54.593,4.88
54.609,21.96
54.625,26.37
54.640,15.59
54.656,-3.99
54.671,-20.89
54.687,-25.22
54.703,-14.33
54.718,5.32
54.734,22.27
54.750,26.58
54.765,15.71
54.781,-4.0
54.796,-21.07
54.812,-25.57
54.828,-14.83
54.843,4.76
54.859,21.73
54.875,26.14
54.890,15.35
54.906,-4.39
54.921,-21.65
54.937,-26.48
54.953,-16.06
54.968,3.35
54.984,20.44
55.000,25.23
55.015,14.97
55.031,-4.26
55.046,-21.17
55.062,-25.78
55.078,-15.22
55.093,4.38
55.109,21.72
55.125,26.78
55.140,16.66
55.156,-2.7
55.171,-20.07
55.187,-25.42
55.203,-15.66
55.218,3.31
55.234,20.39
55.250,25.56
55.265,15.76
55.281,-3.33
55.296,-20.66
55.312,-26.2
55.328,-16.75
55.343,2.05
55.359,19.23
55.375,24.8
55.390,15.55
55.406,-3.01
55.421,-19.93
55.437,-25.26
55.453,-15.7
55.468,3.11
55.484,20.26
55.500,25.73
55.515,16.29
55.531,-2.55
55.546,-19.86
55.562,-25.65
55.578,-16.58
55.593,1.8
55.609,18.66
55.625,24.09
55.640,14.88
55.656,-3.54
55.671,-20.36
55.687,-25.74
55.703,-16.4
55.718,2.12
55.734,19.11
55.750,24.72
55.765,15.77
55.781,-2.42
55.796,-19.13
55.812,-24.57
55.828,-15.41
55.843,2.97
55.859,19.96
55.875,25.76
55.890,17.05
55.906,-1.03
55.921,-17.93
55.937,-23.86
55.953,-15.37
55.968,2.35
55.984,18.86
56.000,24.37
56.015,15.52
56.031,-2.66
56.046,-19.69
56.062,-25.8
56.078,-17.43
56.093,0.35
56.109,17.25
56.125,23.56
56.140,15.82
56.156,-1.11
56.171,-17.06
56.187,-22.49
56.203,-14.0
56.218,3.46
56.234,19.81
56.250,25.59
56.265,17.44
56.281,0.14
56.296,-16.26
56.312,-22.33
56.328,-14.55
56.343,2.31
56.359,18.38
56.375,24.22
56.390,16.32
56.406,-0.8
56.421,-17.29
56.437,-23.71
56.453,-16.36
56.468,0.26
56.484,16.47
56.500,22.82
56.515,15.67
56.531,-0.71
56.546,-16.63
56.562,-22.68
56.578,-15.13
56.593,1.58
56.609,17.75
56.625,23.9
56.640,16.36
56.656,-0.56
56.671,-17.02
56.687,-23.45
56.703,-15.99
56.718,0.96
56.734,17.58
56.750,24.24
56.765,17.02
56.781,0.1
56.796,-16.69
56.812,-23.65
56.828,-16.7
56.843,-0.07
56.859,16.51
56.875,23.29
56.890,16.25
56.906,-0.52
56.921,-17.23
56.937,-24.07
56.953,-16.87
56.968,0.2
56.984,17.3
57.000,24.48
57.015,17.54
57.031,0.49
57.046,-16.78
57.062,-24.25
57.078,-17.5
57.093,-0.59
57.109,16.65
57.125,24.16
57.140,17.53
57.156,0.55
57.171,-16.96
57.187,-24.97
57.203,-18.86
57.218,-2.42
57.234,14.69
57.250,22.52
57.265,16.53
57.281,0.3
57.296,-16.57
57.312,-24.14
57.328,-17.77
57.343,-1.12
57.359,16.2
57.375,24.19
57.390,18.24
57.406,1.9
57.421,-15.19
57.437,-22.99
57.453,-16.73
57.468,-0.06
57.484,17.32
57.500,25.27
57.515,19.05
57.531,2.17
57.546,-15.61
57.562,-24.08
57.578,-18.27
57.593,-1.69
57.609,16.0
57.625,24.55
57.640,19.06
57.656,2.84
57.671,-14.49
57.687,-22.71
57.703,-16.81
57.718,-0.21
57.734,17.45
57.750,25.87
57.765,20.07
57.781,3.36
57.796,-14.55
57.812,-23.35
57.828,-17.92
57.843,-1.65
57.859,15.74
57.875,23.9
57.890,17.83
57.906,0.89
57.921,-17.14
57.937,-25.82
57.953,-20.02
57.968,-3.09
57.984,15.19
58.000,24.38
58.015,19.35
58.031,3.26
58.046,-14.2
58.062,-22.67
58.078,-16.9
58.093,-0.16
58.109,17.86
58.125,26.7
58.140,21.14
58.156,4.34
58.171,-14.01
58.187,-23.37
58.203,-18.38
58.218,-2.24
58.234,15.37
58.250,23.91
58.265,18.07
58.281,0.98
58.296,-17.59
58.312,-27.01
58.328,-21.82
58.343,-5.12
58.359,13.35
58.375,22.9
58.390,18.03
58.406,1.65
58.421,-16.61
58.437,-26.07
58.453,-21.09
58.468,-4.56
58.484,13.93
58.500,23.75
58.515,19.28
58.531,3.3
58.546,-14.7
58.562,-24.15
58.578,-19.41
58.593,-3.35
58.609,14.48
58.625,23.56
58.640,18.44
58.656,2.08
58.671,-15.89
58.687,-24.83
58.703,-19.24
58.718,-2.17
58.734,16.62
58.750,26.39
58.765,21.59
58.781,5.12
58.796,-13.31
58.812,-22.97
58.828,-18.16
58.843,-1.78
58.859,16.52
58.875,26.01
58.890,21.06
58.906,4.45
58.921,-14.17
58.937,-24.09
58.953,-19.53
58.968,-3.29
58.984,15.01
59.000,24.62
59.015,19.86
59.031,3.47
59.046,-14.95
59.062,-24.66
59.078,-19.89
59.093,-3.49
59.109,14.88
59.125,24.46
59.140,19.6
59.156,3.11
59.171,-15.31
59.187,-24.91
59.203,-19.95
59.218,-3.37
59.234,15.12
59.250,24.71
59.265,19.75
59.281,3.08
59.296,-15.56
59.312,-25.37
59.328,-20.58
59.343,-4.02
59.359,14.6
59.375,24.48
59.390,19.88
59.406,3.53
59.421,-14.96
59.437,-24.81
59.453,-20.17
59.468,-3.8
59.484,14.73
59.500,24.63
59.515,20.17
59.531,4.02
59.546,-14.27
59.562,-23.98
59.578,-19.33
59.593,-3.17
59.609,14.86
59.625,24.0
59.640,18.62
59.656,1.57
59.671,-17.41
59.687,-27.47
59.703,-22.8
59.718,-6.22
59.734,12.6
59.750,22.88
59.765,18.9
59.781,3.35
59.796,-14.28
59.812,-23.38
59.828,-18.34
59.843,-2.05
59.859,15.93
59.875,25.0
59.890,19.69
59.906,2.95
59.921,-15.56
59.937,-25.18
59.953,-20.32
59.968,-3.92
59.984,14.39
