timestamp,x,y,z,roll,pitch,yaw
00.013,-0.0006407976,-8.735373e-05,2.0158554e-05,-0.0,0.0,0.0
00.030,-0.0006407976,-0.000698219,2.0158554e-05,-1.7766409e-07,1.6305303e-07,-5.1293947e-09
00.054,0.0011917981,-0.000698219,-0.0012015719,-0.0,-0.0,0.0
00.093,-0.0006407976,-0.000698219,-0.0005907067,-0.0,-0.0,0.0
00.131,-0.001862528,-0.0013090841,-0.0018124372,-0.0,-0.0,0.0
00.172,-2.9932397e-05,-0.000698219,-0.0005907067,-0.0,-0.0,0.0
00.191,-0.0024733935,0.0011343767,-0.0005907067,-0.0,0.0,0.0
00.231,-0.001862528,0.00052351155,-0.0005907067,-0.0,0.0,0.0
00.285,-2.9932397e-05,0.00052351155,0.00063102384,0.0,-0.0,-0.0
00.291,-0.001862528,-8.735373e-05,0.00063102384,-4.6157915e-08,9.841676e-07,-3.3343562e-07
00.331,0.0011917981,-0.0013090841,0.00063102384,-0.0,-0.0,-0.0
00.371,0.0011917981,0.00052351155,-0.0005907067,0.0,-0.0,0.0
00.391,0.0005809328,-8.735373e-05,0.00063102384,-0.0,-0.0,-0.0
00.432,-0.0030842586,-0.000698219,0.001241889,-0.0,0.0,0.0
00.472,0.0005809328,0.00052351155,2.0158554e-05,-0.0,-0.0,0.0
00.492,0.0005809328,0.00052351155,2.0158554e-05,-0.0,-0.0,0.0
00.534,0.0018026633,-0.000698219,0.00063102384,-0.0,-0.0,-0.0
00.570,0.0011917981,-0.000698219,-0.0005907067,-2.8156623e-07,-4.8060883e-07,2.3821043e-07
00.591,-0.0024733935,0.0011343767,2.0158554e-05,0.0,-0.0,-0.0
00.632,0.0024135287,0.00052351155,-0.0005907067,0.0,-0.0,0.0
00.671,0.0005809328,0.00052351155,0.001241889,-0.0,-0.0,0.0
00.711,-0.0006407976,-8.735373e-05,0.00063102384,-0.0,0.0,0.0
00.732,-0.0030842586,-0.000698219,-0.0005907067,-0.0,-0.0,0.0
00.771,0.0018026633,-8.735373e-05,-0.0012015719,-0.0,-0.0,0.0
00.811,-0.003110526,-0.0018600847,-0.0017971655,-0.0,-0.0,0.0
00.833,-0.0012779301,0.002415972,-0.0024080307,2.3623522e-06,1.2495713e-06,2.354587e-06
00.874,-0.0012779301,-2.7488935e-05,-0.00057543506,-0.0,-0.0,0.0
00.910,0.0017763962,-2.7488935e-05,-0.00057543506,-0.0,-0.0,0.0
00.931,0.0011655309,-2.7488935e-05,-0.00057543506,-0.0,-0.0,0.0
00.971,-0.0043322565,0.0018051068,0.00064629543,0.0,-0.0,-0.0
01.012,0.00055466563,-2.7488935e-05,0.00064629543,-0.0,-0.0,-0.0
01.034,0.0029981264,-0.0018600847,-0.00057543506,-0.0,-0.0,0.0
01.072,-0.0012779301,-0.0018600847,3.5430185e-05,-0.0,0.0,0.0
01.112,-0.005553987,0.00058337627,-0.00057543506,-0.0,0.0,0.0
01.132,0.00055466563,-2.7488935e-05,0.00064629543,-0.0,-0.0,-0.0
01.171,-0.00066706486,0.00058337627,-0.00057543506,-0.0,0.0,0.0
01.211,0.0036089919,-0.0012492194,-0.00057543506,-0.0,-0.0,0.0
01.231,0.0036089919,-0.00063835416,3.5430185e-05,-0.0,-0.0,-0.0
01.271,0.00055466563,-2.7488935e-05,0.00064629543,-0.0,-0.0,-0.0
01.311,-0.00066706486,0.0011942416,3.5430185e-05,0.0,-0.0,-0.0
01.330,0.0029981264,-0.00063835416,3.5430185e-05,-0.0,-0.0,-0.0
01.371,-0.0012779301,0.00058337627,-0.00057543506,2.3772914e-07,5.207639e-07,2.3449306e-07
01.412,0.0017763962,0.00058337627,-0.0011863003,0.0,-0.0,0.0
01.431,-5.6199602e-05,-2.7488935e-05,-0.00057543506,-0.0,-0.0,0.0
01.471,-5.6199602e-05,0.0011942416,-0.00057543506,-0.0,0.0,0.0
01.511,-0.0043322565,-0.00063835416,-0.00057543506,-0.0,-0.0,0.0
01.552,-0.0012779301,-0.00063835416,0.0012571607,-0.0,0.0,0.0
01.570,0.00055466563,-2.7488935e-05,3.5430185e-05,-0.0,-0.0,-0.0
01.612,-5.6199602e-05,-0.00063835416,0.00064629543,-0.0,0.0,0.0
01.653,0.0011655309,0.0018051068,3.5430185e-05,-0.0,-0.0,0.0
01.671,-0.0012779301,-0.00063835416,-0.0011863003,-0.0,-0.0,0.0
01.712,-0.0012779301,-0.00063835416,0.00064629543,-0.0,0.0,0.0
01.752,-0.003110526,0.0011942416,0.00064629543,0.0,-0.0,-0.0
01.770,0.00055466563,-0.00063835416,3.5430185e-05,-0.0,-0.0,-0.0
01.811,0.0011655309,0.0011942416,-0.00057543506,0.0,-0.0,0.0
01.853,-0.00066706486,-2.7488935e-05,-0.00057543506,-0.0,-0.0,0.0
01.870,-0.0043322565,-2.7488935e-05,0.00064629543,-0.0,0.0,0.0
01.911,0.0017763962,0.0018051068,3.5430185e-05,1.2272965e-06,-1.2077761e-06,-2.4088328e-08
01.950,-0.0037213909,-2.7488935e-05,3.5430185e-05,-0.0,0.0,0.0
01.970,-5.6199602e-05,-2.7488935e-05,3.5430185e-05,-0.0,0.0,0.0
02.011,-0.0018887954,-0.00063835416,3.5430185e-05,-0.0,0.0,0.0
02.050,0.0023872615,0.00058337627,0.00064629543,-0.0,-0.0,0.0
02.072,0.00055466563,0.00058337627,0.00064629543,-0.0,-0.0,0.0
02.110,-5.6199602e-05,0.0011942416,-0.00057543506,-0.0,0.0,0.0
02.151,0.006052453,0.0011942416,3.5430185e-05,-0.0,-0.0,0.0
02.171,0.004830722,-0.00063835416,-0.0011863003,-8.593571e-07,-6.5031945e-06,1.5970131e-06
02.211,0.00055466563,0.0018051068,0.00064629543,-0.0,-0.0,0.0
02.251,-0.0043322565,-2.7488935e-05,3.5430185e-05,-0.0,0.0,0.0
02.271,0.0036089919,0.00058337627,-0.0011863003,0.0,-0.0,0.0
02.311,-5.6199602e-05,-0.00063835416,-0.00057543506,-0.0,-0.0,0.0
02.351,-0.0012779301,-2.7488935e-05,3.5430185e-05,-0.0,0.0,0.0
02.391,0.0011655309,-2.7488935e-05,-0.00057543506,-0.0,-0.0,0.0
02.410,0.0017763962,-2.7488935e-05,-0.00057543506,-0.0,-0.0,0.0
02.451,0.0029981264,-2.7488935e-05,0.00064629543,-2.2632936e-08,-2.468427e-06,-5.3211e-07
02.472,0.0036089919,0.0018051068,3.5430185e-05,-0.0,-0.0,0.0
02.511,-0.0012779301,-2.7488935e-05,-0.00057543506,-0.0,-0.0,0.0
02.551,-5.6199602e-05,-0.00063835416,-0.00057543506,-0.0,-0.0,0.0
02.573,-0.0012779301,0.00058337627,0.0012571607,0.0,-0.0,-0.0
02.610,-5.6199602e-05,0.0018051068,3.5430185e-05,0.0,-0.0,-0.0
02.651,-5.6199602e-05,-0.00063835416,-0.0011863003,-0.0,-0.0,0.0
02.692,0.0011655309,0.0011942416,-0.00057543506,0.0,-0.0,0.0
02.710,0.0023872615,0.0011942416,3.5430185e-05,8.5579495e-07,-1.7107145e-06,-2.5388582e-08
02.751,-0.0043322565,-0.0018600847,3.5430185e-05,-0.0,0.0,0.0
02.792,-0.0024996605,-2.7488935e-05,-0.00057543506,-0.0,-0.0,0.0
02.812,0.0023872615,-2.7488935e-05,0.00064629543,-0.0,-0.0,-0.0
02.850,0.00055466563,-2.7488935e-05,0.0012571607,-0.0,-0.0,-0.0
02.896,-0.0012779301,-0.0012492194,0.00064629543,-0.0,0.0,0.0
02.911,-0.0012779301,-2.7488935e-05,-0.00057543506,-0.0,-0.0,0.0
02.951,0.00055466563,-2.7488935e-05,-0.00057543506,-0.0,-0.0,0.0
02.992,0.00055466563,-2.7488935e-05,3.5430185e-05,-0.0,-0.0,-0.0
03.012,-0.00066706486,-0.0012492194,-0.0011863003,-0.0,-0.0,0.0
03.053,0.0011655309,-0.00063835416,0.00064629543,-0.0,-0.0,-0.0
03.092,-0.0024996605,0.00058337627,-0.00057543506,-0.0,0.0,0.0
03.112,-0.0012779301,0.00058337627,0.00064629543,0.0,-0.0,-0.0
03.153,-0.0024996605,0.00058337627,3.5430185e-05,0.0,-0.0,-0.0
03.191,-0.0024996605,-0.00247095,0.00064629543,-0.0,0.0,0.0
03.231,0.00055466563,0.00058337627,-0.00057543506,0.0,-0.0,0.0
03.251,0.0011655309,0.00058337627,3.5430185e-05,2.0418267e-07,-4.0793776e-07,-1.2400582e-08
03.292,-5.6199602e-05,0.00058337627,3.5430185e-05,0.0,-0.0,-0.0
03.333,-0.00066706486,0.00058337627,3.5430185e-05,0.0,-0.0,-0.0
03.355,-0.00066706486,0.00058337627,-0.00057543506,-0.0,0.0,0.0
03.391,0.0011655309,-0.00063835416,-0.00057543506,-0.0,-0.0,0.0
03.430,0.0023872615,-2.7488935e-05,3.5430185e-05,-0.0,-0.0,-0.0
03.450,-0.00066706486,-2.7488935e-05,-0.00057543506,-0.0,-0.0,0.0
03.490,0.0017763962,-2.7488935e-05,3.5430185e-05,-0.0,-0.0,-0.0
03.531,-0.0018887954,-0.00063835416,3.5430185e-05,-0.0,0.0,0.0
03.552,0.00055466563,-0.0012492194,0.00064629543,-0.0,-0.0,-0.0
03.590,0.0023872615,0.0018051068,-0.00057543506,0.0,-0.0,0.0
03.630,0.006052453,-0.00063835416,0.00064629543,-0.0,-0.0,-0.0
03.651,-0.0024996605,0.00058337627,3.5430185e-05,0.0,-0.0,-0.0
03.691,-5.6199602e-05,-0.00063835416,3.5430185e-05,-0.0,0.0,0.0
03.732,0.00055466563,0.002415972,3.5430185e-05,-0.0,-0.0,0.0
03.750,-0.0043322565,-0.0012492194,3.5430185e-05,-0.0,0.0,0.0
03.792,0.0023872615,-2.7488935e-05,3.5430185e-05,-1.7618737e-08,-1.5300881e-06,-2.2708587e-08
03.832,-0.0024996605,-0.00063835416,3.5430185e-05,-0.0,0.0,0.0
03.852,-5.6199602e-05,-0.0012492194,-0.00057543506,-0.0,-0.0,0.0
03.890,0.004830722,0.0011942416,-0.00057543506,0.0,-0.0,0.0
03.933,0.00055466563,0.00058337627,-0.0011863003,0.0,-0.0,0.0
03.971,-0.0018887954,-2.7488935e-05,-0.00057543506,-0.0,-0.0,0.0
03.992,0.0017763962,0.0011942416,-0.00057543506,0.0,-0.0,0.0
04.032,-5.6199602e-05,-2.7488935e-05,3.5430185e-05,-0.0,0.0,0.0
04.071,0.0023872615,-0.0012492194,-0.00057543506,-0.0,-0.0,0.0
04.090,-5.6199602e-05,-0.0012492194,-0.00057543506,-0.0,-0.0,0.0
04.131,-0.0012779301,-0.0012492194,3.5430185e-05,-0.0,0.0,0.0
04.171,0.00055466563,0.00058337627,3.5430185e-05,-0.0,-0.0,0.0
04.191,0.0029981264,-2.7488935e-05,-0.00057543506,-0.0,-0.0,0.0
04.231,0.0017763962,-2.7488935e-05,0.00064629543,-0.0,-0.0,-0.0
04.270,0.0023872615,-0.0018600847,0.00064629543,-0.0,-0.0,-0.0
04.290,-5.6199602e-05,-2.7488935e-05,3.5430185e-05,-0.0,0.0,0.0
04.331,-5.6199602e-05,-0.0012492194,0.0012571607,-5.9460825e-07,2.6750282e-08,-5.9838817e-07
04.372,-0.0024996605,-2.7488935e-05,0.00064629543,-0.0,0.0,0.0
04.391,-0.0012779301,-0.0012492194,3.5430185e-05,-0.0,0.0,0.0
04.431,0.0017763962,0.0011942416,-0.00057543506,0.0,-0.0,0.0
04.472,-0.00066706486,-2.7488935e-05,-0.0011863003,-0.0,-0.0,0.0
04.492,-0.0012779301,-0.0012492194,0.00064629543,-0.0,0.0,0.0
04.531,-0.0037213909,-2.7488935e-05,-0.00057543506,-0.0,-0.0,0.0
04.571,-5.6199602e-05,-0.00063835416,3.5430185e-05,-0.0,0.0,0.0
04.591,0.00055466563,0.0011942416,3.5430185e-05,4.2227668e-07,-1.9612645e-07,-1.252786e-08
04.630,0.0011655309,-0.00063835416,0.00064629543,-0.0,-0.0,-0.0
04.673,0.0054415874,0.0030268373,-0.00057543506,0.0,-0.0,0.0
04.690,-5.6199602e-05,0.00058337627,3.5430185e-05,0.0,-0.0,-0.0
04.732,-0.0012779301,-2.7488935e-05,0.0012571607,-0.0,0.0,0.0
04.771,-0.0043322565,0.0018051068,-0.0017971655,-0.0,0.0,0.0
04.794,-0.00066706486,-2.7488935e-05,-0.00057543506,-0.0,-0.0,0.0
04.834,0.00055466563,-0.00063835416,-0.00057543506,-0.0,-0.0,0.0
04.871,-0.0019468275,0.00052106805,0.0006743952,0.0,-0.0,-0.0
04.910,0.00049663347,-8.979719e-05,-0.00054733525,-0.0,-0.0,0.0
04.930,-0.0001142318,-8.979719e-05,0.0006743952,-0.0,0.0,0.0
04.970,-0.0019468275,-8.979719e-05,6.352998e-05,-0.0,0.0,0.0
05.010,0.00049663347,0.00052106805,-0.00054733525,0.0,-0.0,0.0
05.032,0.00049663347,-8.979719e-05,-0.00054733525,-0.0,-0.0,0.0
05.071,-0.0001142318,0.0011319333,0.0006743952,0.0,-0.0,-0.0
05.112,-0.0001142318,0.00052106805,6.352998e-05,0.0,-0.0,-0.0
05.133,-0.0007250971,0.00052106805,6.352998e-05,1.2520901e-07,1.7423577e-07,-1.5265822e-08
05.171,-0.0007250971,-0.00070066244,-0.00054733525,-0.0,-0.0,0.0
05.212,0.0011074987,-8.979719e-05,-0.0011582006,-0.0,-0.0,0.0
05.232,0.0011074987,0.00052106805,6.352998e-05,-0.0,-0.0,0.0
05.271,-0.0013359623,0.0017427986,6.352998e-05,0.0,-0.0,-0.0
05.311,0.0017183638,-0.00070066244,-0.00054733525,-0.0,-0.0,0.0
05.332,0.0029400946,-8.979719e-05,6.352998e-05,-0.0,-0.0,-0.0
05.371,-0.0025576928,0.00052106805,-0.00054733525,-0.0,0.0,0.0
05.412,-0.0013359623,-8.979719e-05,-0.00054733525,-0.0,-0.0,0.0
05.431,0.0029400946,0.00052106805,0.0012852604,-0.0,-0.0,0.0
05.471,-0.0031685582,-8.979719e-05,0.0006743952,-0.0,0.0,0.0
05.512,-0.0001142318,-0.001922393,-0.00054733525,-0.0,-0.0,0.0
05.532,-0.0001142318,-0.001922393,0.0012852604,-0.0,0.0,0.0
05.571,0.00049663347,0.0011319333,0.0006743952,-0.0,-0.0,0.0
05.611,0.0011074987,-0.00070066244,-0.00054733525,-0.0,-0.0,0.0
05.631,-0.0019468275,0.0023536638,0.0006743952,0.0,-0.0,-0.0
05.672,-0.0007250971,-0.00070066244,0.0006743952,-2.2815455e-07,2.3611118e-07,-2.1960122e-07
05.711,-0.004390288,-0.0025332582,0.0006743952,-0.0,0.0,0.0
05.757,0.006605286,-0.00070066244,6.352998e-05,-0.0,-0.0,-0.0
05.771,0.0017183638,-0.0013115277,0.0006743952,-0.0,-0.0,-0.0
05.811,-0.0013359623,0.0017427986,-0.00054733525,-0.0,0.0,0.0
05.852,-0.0007250971,-0.0013115277,0.0006743952,-0.0,0.0,0.0
05.872,-0.0019468275,-0.0025332582,0.0012852604,-0.0,0.0,0.0
05.911,0.0017183638,-0.0013115277,6.352998e-05,-0.0,-0.0,-0.0
05.950,0.0035509595,-0.001922393,6.352998e-05,-0.0,-0.0,-0.0
05.971,-0.0013359623,-0.00070066244,6.352998e-05,-0.0,0.0,0.0
06.011,-0.0013359623,-0.00070066244,0.0006743952,-0.0,0.0,0.0
06.052,-0.0013359623,-8.979719e-05,-0.00054733525,-0.0,-0.0,0.0
06.072,0.0023292291,0.00052106805,0.0006743952,-0.0,-0.0,0.0
06.112,0.0035509595,0.0011319333,0.0006743952,-0.0,-0.0,0.0
06.152,-0.0013359623,-8.979719e-05,6.352998e-05,-0.0,0.0,0.0
06.173,0.0011074987,0.0017427986,0.0012852604,-0.0,-0.0,0.0
06.211,0.0011074987,0.00052106805,6.352998e-05,-0.0,-0.0,0.0
06.253,-0.006222884,-8.979719e-05,6.352998e-05,-0.0,0.0,0.0
06.274,-0.0007250971,0.00052106805,-0.00054733525,-0.0,0.0,0.0
06.313,-0.0013359623,0.0011319333,6.352998e-05,0.0,-0.0,-0.0
06.357,-0.0001142318,-0.00070066244,-0.00054733525,-0.0,-0.0,0.0
06.371,0.00049663347,-8.979719e-05,6.352998e-05,-0.0,-0.0,-0.0
06.412,0.0017183638,0.0017427986,6.352998e-05,-0.0,-0.0,0.0
06.451,-0.0007250971,0.0017427986,0.0006743952,0.0,-0.0,-0.0
06.473,0.00049663347,0.0011319333,6.352998e-05,3.7608285e-07,-1.650056e-07,-2.1107695e-08
06.511,-0.0013359623,0.0011319333,6.352998e-05,0.0,-0.0,-0.0
06.551,0.0041618245,0.0011319333,0.0006743952,-0.0,-0.0,0.0
06.572,0.0017183638,-8.979719e-05,6.352998e-05,-0.0,-0.0,-0.0
06.611,0.0011074987,0.00052106805,0.0006743952,-0.0,-0.0,0.0
06.651,-0.0007250971,-0.00070066244,-0.00054733525,-0.0,-0.0,0.0
06.674,0.0011074987,-0.0013115277,-0.0011582006,-0.0,-0.0,0.0
06.714,0.0017183638,-0.00070066244,6.352998e-05,-0.0,-0.0,-0.0
06.751,0.00049663347,0.00052106805,6.352998e-05,-0.0,-0.0,0.0
06.773,-0.0031685582,-0.00070066244,-0.00054733525,-0.0,-0.0,0.0
06.812,-0.0019468275,0.0011319333,0.0006743952,0.0,-0.0,-0.0
06.854,0.0011074987,0.00052106805,-0.00054733525,0.0,-0.0,0.0
06.894,0.0017183638,0.0011319333,-0.0011582006,0.0,-0.0,0.0
06.914,-0.0025576928,-8.979719e-05,0.0006743952,-0.0,0.0,0.0
06.952,-0.0007250971,0.00052106805,-0.00054733525,-0.0,0.0,0.0
06.993,-0.0013359623,0.0017427986,-0.00054733525,-0.0,0.0,0.0
07.012,-0.0007250971,0.00052106805,6.352998e-05,1.2520901e-07,1.7423577e-07,-1.5265822e-08
07.052,0.00049663347,0.00052106805,0.0006743952,-0.0,-0.0,0.0
07.093,0.0059944205,0.00052106805,0.0006743952,-0.0,-0.0,0.0
07.112,-0.0025576928,-0.0013115277,0.0006743952,-0.0,0.0,0.0
07.152,-0.0007250971,-0.00070066244,6.352998e-05,-0.0,0.0,0.0
07.192,0.00049663347,-0.0013115277,6.352998e-05,-0.0,-0.0,-0.0
07.212,-0.0019468275,-0.00070066244,-0.0011582006,-0.0,-0.0,0.0
07.253,0.0029400946,-8.979719e-05,0.0006743952,-0.0,-0.0,-0.0
07.293,-0.0031685582,-0.00070066244,-0.00054733525,-0.0,-0.0,0.0
07.313,-0.0001142318,0.00052106805,-0.00054733525,-0.0,0.0,0.0
07.352,-0.0007250971,-0.00070066244,0.0006743952,-0.0,0.0,0.0
07.395,-0.0007250971,-0.0013115277,6.352998e-05,-0.0,0.0,0.0
07.413,0.0017183638,-8.979719e-05,6.352998e-05,-0.0,-0.0,-0.0
07.454,0.0041618245,-0.00070066244,6.352998e-05,-0.0,-0.0,-0.0
07.495,-0.0001142318,-0.00070066244,6.352998e-05,-0.0,0.0,0.0
07.513,-0.0031685582,0.00052106805,6.352998e-05,0.0,-0.0,-0.0
07.554,0.0017183638,-8.979719e-05,-0.00054733525,-4.352491e-08,-8.328971e-07,2.652953e-07
07.594,0.0011074987,0.0011319333,-0.00054733525,0.0,-0.0,0.0
07.613,-0.0001142318,-8.979719e-05,0.0006743952,-0.0,0.0,0.0
07.654,0.0029400946,0.00052106805,6.352998e-05,-0.0,-0.0,0.0
07.694,-0.00805548,-0.001922393,-0.00054733525,-0.0,-0.0,0.0
07.714,-0.0001142318,0.00052106805,-0.00054733525,-0.0,0.0,0.0
07.753,0.00049663347,-8.979719e-05,0.0006743952,-0.0,-0.0,-0.0
07.795,-0.0001142318,-8.979719e-05,6.352998e-05,-0.0,0.0,0.0
07.833,-0.0019468275,-8.979719e-05,6.352998e-05,-0.0,0.0,0.0
07.853,-0.0019468275,0.00052106805,0.0006743952,0.0,-0.0,-0.0
07.894,0.00049663347,0.00052106805,-0.00054733525,0.0,-0.0,0.0
07.937,-0.0019468275,-8.979719e-05,-0.00054733525,-0.0,-0.0,0.0
07.952,-0.0019468275,-0.00070066244,6.352998e-05,-0.0,0.0,0.0
07.995,0.00477269,0.0011319333,-0.00054733525,0.0,-0.0,0.0
08.034,-0.0025576928,0.00052106805,-0.00054733525,-0.0,0.0,0.0
08.054,-0.0013359623,-8.979719e-05,6.352998e-05,-0.0,0.0,0.0
08.093,0.0011074987,-8.979719e-05,6.352998e-05,-0.0,-0.0,-0.0
08.134,0.00049663347,-0.0013115277,6.352998e-05,-0.0,-0.0,-0.0
08.153,-0.0007250971,0.00052106805,-0.00054733525,-0.0,0.0,0.0
08.194,-0.0037794232,-0.00070066244,0.0006743952,-0.0,0.0,0.0
08.235,-0.0019468275,-0.00070066244,6.352998e-05,-0.0,0.0,0.0
08.254,-0.0007250971,0.0011319333,0.0012852604,0.0,-0.0,-0.0
08.294,-0.0001142318,0.0011319333,6.352998e-05,0.0,-0.0,-0.0
08.333,0.0017183638,0.00052106805,6.352998e-05,-0.0,-0.0,0.0
08.352,-0.0001142318,-8.979719e-05,-0.00054733525,-1.36503635e-08,1.7364748e-08,8.320221e-08
08.393,-0.0031685582,-8.979719e-05,6.352998e-05,-0.0,0.0,0.0
08.432,0.0017183638,0.0011319333,-0.00054733525,0.0,-0.0,0.0
08.454,0.0041618245,-8.979719e-05,0.0006743952,-0.0,-0.0,-0.0
08.492,-0.0007250971,-8.979719e-05,0.0006743952,-0.0,0.0,0.0
08.532,0.00049663347,-8.979719e-05,6.352998e-05,-0.0,-0.0,-0.0
08.574,0.0017183638,0.0011319333,6.352998e-05,-0.0,-0.0,0.0
08.593,0.0029400946,0.0023536638,-0.00054733525,0.0,-0.0,0.0
08.634,-0.0001142318,-0.00070066244,-0.0011582006,-0.0,-0.0,0.0
08.673,-0.0007250971,-8.979719e-05,0.0006743952,-0.0,0.0,0.0
08.693,0.0023292291,-8.979719e-05,0.0006743952,-0.0,-0.0,-0.0
08.733,-0.0001142318,-8.979719e-05,6.352998e-05,-0.0,0.0,0.0
08.773,-0.0037794232,-0.0013115277,0.0006743952,-0.0,0.0,0.0
08.793,-0.0037794232,0.0011319333,-0.00054733525,-0.0,0.0,0.0
08.833,0.00049663347,-8.979719e-05,6.352998e-05,-0.0,-0.0,-0.0
08.874,-0.0019468275,-8.979719e-05,0.0006743952,-0.0,0.0,0.0
08.893,-0.005612019,-0.0013115277,6.352998e-05,-2.029129e-06,8.682633e-06,-9.8281575e-08
08.925,-0.0019468275,-0.00070066244,0.0006743952,-0.0,0.0,0.0
08.972,-0.0007250971,0.0011319333,6.352998e-05,0.0,-0.0,-0.0
08.993,-0.0025576928,0.00052106805,6.352998e-05,0.0,-0.0,-0.0
09.034,-0.0025576928,-0.001922393,6.352998e-05,-0.0,0.0,0.0
09.073,-0.0007250971,0.0011319333,-0.00054733525,-0.0,0.0,0.0
09.093,0.0017183638,0.0017427986,-0.00054733525,0.0,-0.0,0.0
09.134,-0.0001142318,-0.00070066244,-0.0011582006,-0.0,-0.0,0.0
09.173,0.0017183638,-8.979719e-05,0.0012852604,-0.0,-0.0,-0.0
09.193,0.0017183638,0.00052106805,0.0006743952,-0.0,-0.0,0.0
09.233,0.0011074987,-0.00070066244,0.0006743952,-0.0,-0.0,-0.0
09.273,-0.0013359623,-8.979719e-05,6.352998e-05,-0.0,0.0,0.0
09.294,0.00049663347,0.00052106805,-0.00054733525,0.0,-0.0,0.0
09.335,-0.0007250971,-0.00070066244,6.352998e-05,-0.0,0.0,0.0
09.373,-0.0037794232,0.00052106805,-0.00054733525,-0.0,0.0,0.0
09.415,0.0011074987,0.00052106805,-0.00054733525,1.8753654e-07,-3.9859748e-07,1.9699031e-07
09.433,-0.0001142318,-8.979719e-05,6.352998e-05,-0.0,0.0,0.0
09.473,0.0029400946,0.0011319333,-0.00054733525,0.0,-0.0,0.0
09.516,0.00049663347,0.00052106805,6.352998e-05,-0.0,-0.0,0.0
09.533,0.0011074987,-0.0013115277,0.0006743952,-0.0,-0.0,-0.0
09.573,0.00049663347,0.00052106805,0.0006743952,-0.0,-0.0,0.0
09.596,0.0011074987,0.00052106805,0.0006743952,-0.0,-0.0,0.0
09.634,0.0035509595,-0.00070066244,-0.00054733525,-0.0,-0.0,0.0
09.672,-0.006222884,-8.979719e-05,-0.00054733525,-0.0,-0.0,0.0
09.713,-0.0007250971,-8.979719e-05,6.352998e-05,-0.0,0.0,0.0
09.734,0.0029400946,0.0011319333,0.0006743952,-0.0,-0.0,0.0
09.773,-0.0013359623,0.00052106805,-0.00054733525,-0.0,0.0,0.0
09.812,-0.0001142318,-8.979719e-05,6.352998e-05,-0.0,0.0,0.0
09.833,-0.005001154,0.00052106805,-0.00054733525,-0.0,0.0,0.0
09.874,0.0011074987,-8.979719e-05,6.352998e-05,-0.0,-0.0,-0.0
09.913,-0.0019468275,-0.00070066244,0.0006743952,-0.0,0.0,0.0
09.932,0.0023292291,-0.00070066244,0.0006743952,-0.0,-0.0,-0.0
09.972,-0.0007250971,-8.979719e-05,6.352998e-05,-0.0,0.0,0.0
10.015,-0.0025576928,0.00052106805,6.352998e-05,0.0,-0.0,-0.0
10.035,0.0035509595,-0.00070066244,6.352998e-05,-0.0,-0.0,-0.0
10.075,0.0023292291,-0.0013115277,-0.00054733525,-0.0,-0.0,0.0
10.114,-0.0001142318,0.00052106805,6.352998e-05,0.0,-0.0,-0.0
10.135,-0.0037794232,-0.00070066244,0.0006743952,-0.0,0.0,0.0
10.175,-0.0001142318,-0.00070066244,0.0006743952,-0.0,0.0,0.0
10.213,0.0035509595,0.0011319333,6.352998e-05,-0.0,-0.0,0.0
10.234,0.00049663347,-0.0013115277,6.352998e-05,-4.9423903e-07,-1.8715247e-07,-2.3940826e-08
10.273,0.0059944205,0.0011319333,-0.00054733525,0.0,-0.0,0.0
10.314,0.0059944205,0.0017427986,-0.00054733525,0.0,-0.0,0.0
10.354,0.0017183638,0.00052106805,6.352998e-05,-0.0,-0.0,0.0
10.373,0.0029400946,-0.00070066244,-0.00054733525,-0.0,-0.0,0.0
10.419,-0.0007250971,-8.979719e-05,6.352998e-05,-0.0,0.0,0.0
10.455,0.0023292291,-8.979719e-05,6.352998e-05,-0.0,-0.0,-0.0
10.474,0.0041618245,-8.979719e-05,6.352998e-05,-0.0,-0.0,-0.0
10.512,-0.0007250971,-0.0013115277,6.352998e-05,-0.0,0.0,0.0
10.553,-0.0001142318,-0.00070066244,0.0012852604,-0.0,0.0,0.0
10.573,-0.0007250971,-0.00070066244,6.352998e-05,-0.0,0.0,0.0
10.613,-0.0007250971,-8.979719e-05,6.352998e-05,-0.0,0.0,0.0
10.654,-0.0007250971,-0.001922393,6.352998e-05,-0.0,0.0,0.0
10.674,-0.0025576928,-0.00070066244,6.352998e-05,-0.0,0.0,0.0
10.713,0.00049663347,-8.979719e-05,0.0006743952,-0.0,-0.0,-0.0
10.754,-0.0031685582,-0.0013115277,0.0006743952,-0.0,0.0,0.0
10.774,-0.0007250971,-8.979719e-05,-0.00054733525,-2.2005485e-08,1.7769047e-07,1.341286e-07
10.814,0.00049663347,-8.979719e-05,-0.00054733525,-0.0,-0.0,0.0
10.854,-0.0007250971,0.00052106805,6.352998e-05,0.0,-0.0,-0.0
10.874,0.0017183638,-0.0013115277,6.352998e-05,-0.0,-0.0,-0.0
10.913,-0.0001142318,-8.979719e-05,-0.00054733525,-0.0,-0.0,0.0
10.954,-0.0013359623,-8.979719e-05,6.352998e-05,-0.0,0.0,0.0
10.974,-0.0025576928,-0.00070066244,6.352998e-05,-0.0,0.0,0.0
11.013,-0.0007250971,-0.00070066244,6.352998e-05,-0.0,0.0,0.0
11.053,0.00049663347,-8.979719e-05,-0.00054733525,-0.0,-0.0,0.0
11.075,0.00049663347,0.00052106805,6.352998e-05,-0.0,-0.0,0.0
11.113,-0.0013359623,-0.001922393,6.352998e-05,-0.0,0.0,0.0
11.154,-0.0001142318,-8.979719e-05,-0.00054733525,-0.0,-0.0,0.0
11.193,-0.0001142318,-0.00070066244,6.352998e-05,-0.0,0.0,0.0
11.214,-0.0031685582,-0.0037549888,0.0006743952,-0.0,0.0,0.0
11.253,-0.0001142318,0.00052106805,6.352998e-05,0.0,-0.0,-0.0
11.294,0.0035509595,0.0011319333,-0.00054733525,1.1446026e-06,-3.5907008e-06,5.5346294e-07
11.313,0.0023292291,0.00052106805,-0.00054733525,0.0,-0.0,0.0
11.353,0.0011074987,0.00052106805,-0.00054733525,0.0,-0.0,0.0
11.396,-0.0007250971,-8.979719e-05,-0.00054733525,-0.0,-0.0,0.0
11.414,0.0041618245,-8.979719e-05,6.352998e-05,-0.0,-0.0,-0.0
11.454,-0.0013359623,-8.979719e-05,6.352998e-05,-0.0,0.0,0.0
11.493,0.0035509595,0.0011319333,6.352998e-05,-0.0,-0.0,0.0
11.514,0.0029400946,0.00052106805,-0.0011582006,0.0,-0.0,0.0
11.554,-0.0019468275,-8.979719e-05,6.352998e-05,-0.0,0.0,0.0
11.594,-0.0001142318,0.00052106805,-0.00054733525,-0.0,0.0,0.0
11.613,-0.0013359623,-8.979719e-05,6.352998e-05,-0.0,0.0,0.0
11.654,-0.0013359623,-8.979719e-05,-0.00054733525,-0.0,-0.0,0.0
11.694,-0.0037794232,-8.979719e-05,0.0006743952,-0.0,0.0,0.0
11.714,0.00049663347,-0.0013115277,0.0006743952,-0.0,-0.0,-0.0
11.753,-0.0007250971,-0.00070066244,0.0006743952,-0.0,0.0,0.0
11.794,-0.0001142318,-8.979719e-05,0.0006743952,-0.0,0.0,0.0
11.815,0.0035509595,-8.979719e-05,-0.00054733525,-0.0,-0.0,0.0
11.853,-0.004390288,-0.0013115277,6.352998e-05,-0.0,0.0,0.0
11.894,-0.0001142318,0.0011319333,0.0012852604,0.0,-0.0,-0.0
11.933,-0.0001142318,-8.979719e-05,-0.00054733525,-0.0,-0.0,0.0
11.956,-0.0007250971,-0.0013115277,6.352998e-05,-0.0,0.0,0.0
11.994,0.0029400946,0.0011319333,-0.00054733525,0.0,-0.0,0.0
12.033,-0.0007250971,0.00052106805,0.0006743952,0.0,-0.0,-0.0
12.053,0.0029400946,0.00052106805,6.352998e-05,-0.0,-0.0,0.0
12.096,-0.005001154,0.0023536638,6.352998e-05,0.0,-0.0,-0.0
12.134,-0.0007250971,-0.0025332582,0.0006743952,-0.0,0.0,0.0
12.154,-0.0001142318,0.00052106805,6.352998e-05,0.0,-0.0,-0.0
12.194,0.00049663347,-0.0013115277,-0.00054733525,-0.0,-0.0,0.0
12.233,0.0017183638,-0.00070066244,6.352998e-05,-0.0,-0.0,-0.0
12.253,0.0011074987,0.00052106805,0.0006743952,-0.0,-0.0,0.0
12.294,-0.0019468275,-8.979719e-05,6.352998e-05,-0.0,0.0,0.0
12.333,-0.0031685582,-8.979719e-05,0.0006743952,-0.0,0.0,0.0
12.354,-0.0013359623,-0.00070066244,-0.00054733525,-0.0,-0.0,0.0
12.393,0.0023292291,-8.979719e-05,-0.00054733525,-0.0,-0.0,0.0
12.433,-0.004390288,-0.00070066244,0.0012852604,-0.0,0.0,0.0
12.453,-0.0013359623,-8.979719e-05,6.352998e-05,-0.0,0.0,0.0
12.495,-0.0025576928,0.00052106805,0.0006743952,0.0,-0.0,-0.0
12.537,-0.0007250971,0.00052106805,0.0006743952,0.0,-0.0,-0.0
12.553,-0.0019468275,-0.0013115277,6.352998e-05,-0.0,0.0,0.0
12.593,-0.0019468275,-0.0025332582,-0.0011582006,-0.0,-0.0,0.0
12.633,0.0011074987,0.00052106805,-0.0011582006,0.0,-0.0,0.0
12.654,0.0017183638,-0.00070066244,-0.0011582006,-4.114293e-07,-1.0090249e-06,6.800962e-07
12.693,0.0029400946,0.00052106805,0.0018961257,-0.0,-0.0,0.0
12.733,-0.0013359623,0.0023536638,-0.00054733525,-0.0,0.0,0.0
12.774,-0.0001142318,0.00052106805,6.352998e-05,0.0,-0.0,-0.0
12.794,-0.0001142318,0.00052106805,6.352998e-05,0.0,-0.0,-0.0
12.834,-0.0031685582,-0.0013115277,6.352998e-05,-0.0,0.0,0.0
12.874,0.0011074987,-0.00070066244,6.352998e-05,-0.0,-0.0,-0.0
12.900,0.0017183638,0.0011319333,6.352998e-05,-0.0,-0.0,0.0
12.933,-0.0001142318,-0.0013115277,0.0006743952,-0.0,0.0,0.0
12.973,-0.0007250971,0.00052106805,-0.0011582006,-0.0,0.0,0.0
12.993,-0.0019468275,-8.979719e-05,-0.00054733525,-0.0,-0.0,0.0
13.034,0.0041618245,-8.979719e-05,6.352998e-05,-0.0,-0.0,-0.0
13.074,0.00049663347,-0.0013115277,0.0006743952,-0.0,-0.0,-0.0
13.093,0.0017183638,-8.979719e-05,0.0006743952,-0.0,-0.0,-0.0
13.134,-0.0007250971,-0.00070066244,-0.00054733525,-0.0,-0.0,0.0
13.173,0.0017183638,0.00052106805,-0.00054733525,2.6256927e-07,-8.658933e-07,2.7580546e-07
13.193,-0.0019468275,0.00052106805,-0.00054733525,-0.0,0.0,0.0
13.235,-0.0007250971,-8.979719e-05,6.352998e-05,-0.0,0.0,0.0
13.273,0.0011074987,-8.979719e-05,-0.00054733525,-0.0,-0.0,0.0
13.294,0.0017183638,0.00052106805,0.0006743952,-0.0,-0.0,0.0
13.344,0.0041618245,-8.979719e-05,6.352998e-05,-0.0,-0.0,-0.0
13.373,0.0017183638,0.00052106805,6.352998e-05,-0.0,-0.0,0.0
13.393,0.00049663347,0.00052106805,0.0006743952,-0.0,-0.0,0.0
13.434,-0.0001142318,-8.979719e-05,6.352998e-05,-0.0,0.0,0.0
13.474,0.0053835553,-8.979719e-05,0.0018961257,-0.0,-0.0,-0.0
13.513,-0.0019468275,0.0011319333,0.0006743952,0.0,-0.0,-0.0
13.533,-0.0068337494,0.00052106805,0.0006743952,0.0,-0.0,-0.0
13.573,-0.005612019,-8.979719e-05,0.0006743952,-0.0,0.0,0.0
13.594,0.00049663347,0.00052106805,6.352998e-05,-0.0,-0.0,0.0
13.634,-0.0007250971,0.00052106805,0.0006743952,0.0,-0.0,-0.0
13.673,-0.0007250971,0.0011319333,6.352998e-05,0.0,-0.0,-0.0
13.714,-0.0007250971,0.0011319333,6.352998e-05,4.0891112e-07,2.6194147e-07,-2.2950271e-08
13.734,-0.0001142318,0.00052106805,0.0006743952,0.0,-0.0,-0.0
13.773,-0.0019468275,-0.0013115277,0.0012852604,-0.0,0.0,0.0
13.813,0.00477269,-8.979719e-05,6.352998e-05,-0.0,-0.0,-0.0
13.834,-0.0013359623,-0.00070066244,0.0006743952,-0.0,0.0,0.0
13.873,-0.0001142318,-8.979719e-05,6.352998e-05,-0.0,0.0,0.0
13.915,-0.0001142318,0.0023536638,-0.0011582006,-0.0,0.0,0.0
13.933,0.00049663347,-8.979719e-05,6.352998e-05,-0.0,-0.0,-0.0
13.974,0.0011074987,0.00052106805,0.0006743952,-0.0,-0.0,0.0
14.013,0.0011074987,0.00052106805,0.0006743952,-0.0,-0.0,0.0
14.034,-0.004390288,-0.001922393,0.0012852604,-0.0,0.0,0.0
14.073,-0.0001142318,-0.00070066244,6.352998e-05,-0.0,0.0,0.0
14.113,-0.0019468275,0.0011319333,6.352998e-05,0.0,-0.0,-0.0
14.133,0.00049663347,-8.979719e-05,-0.0011582006,-0.0,-0.0,0.0
14.173,0.00049663347,-0.00070066244,6.352998e-05,-0.0,-0.0,-0.0
14.214,0.0011074987,0.0017427986,0.0012852604,-0.0,-0.0,0.0
14.234,0.0023292291,0.00052106805,6.352998e-05,-0.0,-0.0,0.0
14.273,0.0011074987,0.0023536638,-0.0011582006,0.0,-0.0,0.0
14.313,0.0011074987,0.0011319333,-0.0011582006,0.0,-0.0,0.0
14.334,-0.0031685582,-0.001922393,-0.00054733525,-0.0,-0.0,0.0
14.373,-0.0037794232,-8.979719e-05,0.0006743952,-0.0,0.0,0.0
14.413,0.0035509595,0.0011319333,-0.00054733525,0.0,-0.0,0.0
14.453,-0.0013359623,0.0011319333,6.352998e-05,0.0,-0.0,-0.0
14.473,0.00049663347,0.0011319333,-0.0011582006,0.0,-0.0,0.0
14.515,0.0017183638,0.00052106805,-0.0011582006,2.9887474e-07,-9.856195e-07,6.6432125e-07
14.554,-0.0001142318,-0.00070066244,0.0006743952,-0.0,0.0,0.0
14.574,0.0017183638,0.00052106805,0.0006743952,-0.0,-0.0,0.0
14.613,0.00049663347,0.00052106805,6.352998e-05,-0.0,-0.0,0.0
14.654,-0.0019468275,-0.0025332582,-0.0011582006,-0.0,-0.0,0.0
14.674,-0.0025576928,-8.979719e-05,0.0006743952,-0.0,0.0,0.0
14.713,-0.0001142318,0.00052106805,-0.0011582006,-0.0,0.0,0.0
14.754,0.00049663347,-8.979719e-05,6.352998e-05,-0.0,-0.0,-0.0
14.774,-0.0019468275,0.0011319333,0.0006743952,0.0,-0.0,-0.0
14.814,0.0029400946,-8.979719e-05,-0.00054733525,-0.0,-0.0,0.0
14.853,0.0078270165,0.00052106805,-0.0011582006,0.0,-0.0,0.0
14.874,-0.0025576928,0.0011319333,0.0006743952,0.0,-0.0,-0.0
14.914,-0.0019468275,-8.979719e-05,-0.00054733525,-0.0,-0.0,0.0
14.952,-0.0019468275,-0.0013115277,6.352998e-05,-0.0,0.0,0.0
14.974,0.00049663347,0.0011319333,-0.0011582006,0.0,-0.0,0.0
15.012,-0.005612019,0.00052106805,-0.0011582006,-0.0,0.0,0.0
15.053,0.0011074987,-0.00070066244,6.352998e-05,-2.467768e-07,-3.900666e-07,-2.2375625e-08
15.075,-0.0068337494,-0.00070066244,-0.0011582006,-0.0,-0.0,0.0
15.113,-0.0019468275,-8.979719e-05,0.0006743952,-0.0,0.0,0.0
15.153,-0.0001142318,0.0011319333,0.0006743952,0.0,-0.0,-0.0
15.174,0.00049663347,-0.00070066244,0.0006743952,-0.0,-0.0,-0.0
15.213,-0.0019468275,-0.00070066244,0.0006743952,-0.0,0.0,0.0
15.253,0.0035509595,-0.0013115277,6.352998e-05,-0.0,-0.0,-0.0
15.274,-0.00805548,0.0011319333,-0.00054733525,-0.0,0.0,0.0
15.313,-0.0031685582,0.00052106805,6.352998e-05,0.0,-0.0,-0.0
15.355,0.0011074987,-8.979719e-05,-0.00054733525,-0.0,-0.0,0.0
15.395,-0.0019468275,-0.0013115277,6.352998e-05,-0.0,0.0,0.0
15.415,-0.0001142318,0.00052106805,-0.00054733525,-0.0,0.0,0.0
15.457,-0.0013359623,0.0011319333,-0.00054733525,-0.0,0.0,0.0
15.493,0.00049663347,-0.00070066244,6.352998e-05,-0.0,-0.0,-0.0
15.514,-0.0007250971,0.00052106805,0.0006743952,0.0,-0.0,-0.0
15.554,0.00049663347,-8.979719e-05,-0.00054733525,-0.0,-0.0,0.0
15.594,-0.0001142318,0.00052106805,6.352998e-05,7.514154e-08,1.6472999e-08,-9.161455e-09
15.612,-0.0007250971,-0.0013115277,0.0006743952,-0.0,0.0,0.0
15.654,-0.0019468275,-0.00070066244,-0.00054733525,-0.0,-0.0,0.0
15.696,-0.0025576928,-8.979719e-05,0.0006743952,-0.0,0.0,0.0
15.713,0.0017183638,-0.0013115277,6.352998e-05,-0.0,-0.0,-0.0
15.754,0.0029400946,0.0023536638,-0.00054733525,0.0,-0.0,0.0
15.794,0.0017183638,0.0017427986,0.0006743952,-0.0,-0.0,0.0
15.813,-0.0001142318,-0.00070066244,6.352998e-05,-0.0,0.0,0.0
15.852,-0.0007250971,-0.00070066244,-0.00054733525,-0.0,-0.0,0.0
15.901,0.0023292291,-8.979719e-05,6.352998e-05,-0.0,-0.0,-0.0
15.915,-0.0007250971,-8.979719e-05,6.352998e-05,-0.0,0.0,0.0
15.954,0.0017183638,0.0023536638,6.352998e-05,-0.0,-0.0,0.0
15.993,0.0011074987,-0.00070066244,0.0012852604,-0.0,-0.0,-0.0
16.013,-0.0025576928,0.0017427986,6.352998e-05,0.0,-0.0,-0.0
16.054,-0.0013359623,-0.0013115277,-0.00054733525,-0.0,-0.0,0.0
16.092,-0.0007250971,0.00052106805,0.0018961257,0.0,-0.0,-0.0
16.114,0.0023292291,0.00052106805,-0.00054733525,0.0,-0.0,0.0
16.154,-0.0037794232,-0.0013115277,0.0012852604,-0.0,0.0,0.0
16.194,0.006605286,-8.979719e-05,-0.00054733525,-0.0,-0.0,0.0
16.233,-0.0031685582,-0.0013115277,0.0012852604,-0.0,0.0,0.0
16.253,-0.0013359623,-8.979719e-05,6.352998e-05,-0.0,0.0,0.0
16.293,-0.0001142318,-8.979719e-05,-0.00054733525,-0.0,-0.0,0.0
16.333,0.0017183638,-8.979719e-05,-0.00054733525,-0.0,-0.0,0.0
16.353,0.0023292291,-8.979719e-05,-0.00054733525,-0.0,-0.0,0.0
16.393,0.00477269,0.00052106805,6.352998e-05,6.715963e-07,-6.151446e-06,-8.1880735e-08
16.433,0.0017183638,0.00052106805,0.0006743952,-0.0,-0.0,0.0
16.453,-0.0019468275,-0.0013115277,0.0006743952,-0.0,0.0,0.0
16.496,-0.0025576928,-0.00070066244,0.0006743952,-0.0,0.0,0.0
16.534,-0.0031685582,0.0011319333,0.0006743952,0.0,-0.0,-0.0
16.553,0.0041618245,0.0011319333,0.0006743952,-0.0,-0.0,0.0
16.592,0.00049663347,-0.001922393,0.0006743952,-0.0,-0.0,-0.0
16.633,0.0023292291,-8.979719e-05,-0.00054733525,-0.0,-0.0,0.0
16.652,-0.0013359623,-0.0013115277,6.352998e-05,-0.0,0.0,0.0
16.693,0.0017183638,-8.979719e-05,6.352998e-05,-0.0,-0.0,-0.0
16.737,-0.0001142318,-8.979719e-05,0.0006743952,-0.0,0.0,0.0
16.753,0.00049663347,-8.979719e-05,-0.00054733525,-0.0,-0.0,0.0
16.794,-0.005612019,-0.0013115277,-0.00054733525,-0.0,-0.0,0.0
16.833,0.00049663347,-0.00070066244,6.352998e-05,-0.0,-0.0,-0.0
16.854,0.00049663347,0.00052106805,6.352998e-05,-0.0,-0.0,0.0
16.896,-0.0013359623,0.0011319333,-0.00054733525,-0.0,0.0,0.0
16.934,-0.0013359623,0.00052106805,-0.00054733525,2.1468963e-07,5.5044126e-07,2.2551221e-07
16.954,-0.0001142318,0.0011319333,6.352998e-05,0.0,-0.0,-0.0
16.995,-0.0007250971,0.00052106805,0.0006743952,0.0,-0.0,-0.0
17.035,-0.0001142318,0.0011319333,6.352998e-05,0.0,-0.0,-0.0
17.077,-0.0031685582,0.00052106805,6.352998e-05,0.0,-0.0,-0.0
17.094,0.0029400946,0.0011319333,0.0012852604,-0.0,-0.0,0.0
17.134,-0.0013359623,-8.979719e-05,6.352998e-05,-0.0,0.0,0.0
17.175,-0.0013359623,-8.979719e-05,6.352998e-05,-0.0,0.0,0.0
17.195,0.0023292291,0.00052106805,-0.00054733525,0.0,-0.0,0.0
17.235,-0.0007250971,-0.00070066244,-0.00054733525,-0.0,-0.0,0.0
17.259,-0.0001142318,-8.979719e-05,6.352998e-05,-0.0,0.0,0.0
17.295,-0.0013359623,-8.979719e-05,0.0018961257,-0.0,0.0,0.0
17.334,-0.0025576928,-0.0013115277,0.0006743952,-0.0,0.0,0.0
17.373,-0.0001142318,-8.979719e-05,0.0006743952,-0.0,0.0,0.0
17.394,-0.0001142318,-0.00070066244,-0.0011582006,-0.0,-0.0,0.0
17.434,-0.0031685582,-8.979719e-05,-0.0011582006,-0.0,-0.0,0.0
17.474,-0.0019468275,0.00052106805,6.352998e-05,2.8203382e-07,1.0537417e-06,-3.4386446e-08
17.493,0.0029400946,0.00052106805,6.352998e-05,-0.0,-0.0,0.0
17.534,-0.0013359623,-0.00070066244,6.352998e-05,-0.0,0.0,0.0
17.575,0.0017183638,-0.0013115277,0.0006743952,-0.0,-0.0,-0.0
17.593,0.0029400946,0.0011319333,6.352998e-05,-0.0,-0.0,0.0
17.638,0.00049663347,-8.979719e-05,-0.00054733525,-0.0,-0.0,0.0
17.673,-0.0007250971,-0.0025332582,6.352998e-05,-0.0,0.0,0.0
17.695,0.0017183638,0.00052106805,6.352998e-05,-0.0,-0.0,0.0
17.735,0.0041618245,-8.979719e-05,-0.0011582006,-1.04151205e-07,-4.827239e-06,1.3433796e-06
17.773,0.003568064,0.0011276572,3.6041052e-05,-0.0,-0.0,0.0
17.794,0.0011246029,0.0011276572,3.6041052e-05,-0.0,-0.0,0.0
17.835,-0.0043731844,-0.0007049385,0.0006469063,-0.0,0.0,0.0
17.873,-0.0019297233,-0.0007049385,0.0006469063,-0.0,0.0,0.0
17.896,-9.712757e-05,-0.0007049385,3.6041052e-05,-0.0,0.0,0.0
17.934,-0.0007079928,-9.407325e-05,0.0006469063,-0.0,0.0,0.0
17.974,-0.0007079928,0.0011276572,-0.0011856895,-0.0,0.0,0.0
18.014,0.0023463336,0.000516792,-0.0005748242,3.4270445e-07,-1.5559417e-06,3.811878e-07
18.034,0.0005137377,-0.0013158037,3.6041052e-05,-0.0,-0.0,-0.0
18.073,0.0005137377,0.000516792,0.0006469063,-0.0,-0.0,0.0
18.114,-0.0007079928,0.0011276572,-0.0005748242,-0.0,0.0,0.0
18.133,-9.712757e-05,-0.0007049385,0.0006469063,-0.0,0.0,0.0
18.174,0.003568064,0.000516792,-0.0005748242,0.0,-0.0,0.0
18.214,0.0005137377,-9.407325e-05,0.0006469063,-0.0,-0.0,-0.0
18.234,0.0011246029,-0.0007049385,-0.0005748242,-0.0,-0.0,0.0
18.273,-0.003762319,-9.407325e-05,-0.0005748242,-9.614129e-08,3.844982e-06,5.8745405e-07
18.314,-0.001318858,-9.407325e-05,3.6041052e-05,-0.0,0.0,0.0
18.333,0.0060115247,-0.0013158037,-0.0005748242,-0.0,-0.0,0.0
18.374,-0.0007079928,0.000516792,0.0006469063,0.0,-0.0,-0.0
18.414,-0.0031514538,-0.001926669,0.0006469063,-0.0,0.0,0.0
18.433,0.0066223904,-9.407325e-05,-0.0011856895,-0.0,-0.0,0.0
18.474,0.0017354682,0.000516792,3.6041052e-05,-0.0,-0.0,0.0
18.513,0.0017354682,-0.0007049385,0.0006469063,-0.0,-0.0,-0.0
18.533,-9.712757e-05,-0.001926669,3.6041052e-05,-0.0,0.0,0.0
18.573,-0.001318858,0.000516792,-0.0011856895,-0.0,0.0,0.0
18.613,0.0011246029,0.000516792,0.0006469063,-0.0,-0.0,0.0
18.655,-0.0019297233,-0.0013158037,0.0006469063,-0.0,0.0,0.0
18.675,-9.712757e-05,-9.407325e-05,-0.0005748242,-0.0,-0.0,0.0
18.715,-0.0025405886,-9.407325e-05,3.6041052e-05,-0.0,0.0,0.0
18.736,0.0005137377,-0.001926669,3.6041052e-05,-0.0,-0.0,-0.0
18.774,-0.004984049,-0.001926669,0.0006469063,-0.0,0.0,0.0
18.813,0.0023463336,-9.407325e-05,-0.0005748242,-6.104915e-08,-1.5226682e-06,3.7303582e-07
18.836,-0.003762319,0.0017385226,3.6041052e-05,0.0,-0.0,-0.0
18.875,0.0023463336,-9.407325e-05,0.0006469063,-0.0,-0.0,-0.0
18.915,-0.001318858,-0.0013158037,0.0006469063,-0.0,0.0,0.0
18.953,-0.0007079928,-0.0007049385,3.6041052e-05,-0.0,0.0,0.0
18.974,-0.0007079928,0.0017385226,0.0006469063,0.0,-0.0,-0.0
19.014,0.0011246029,-9.407325e-05,0.0006469063,-0.0,-0.0,-0.0
19.054,-0.0019297233,-9.407325e-05,0.0006469063,-0.0,0.0,0.0
19.075,-0.004984049,-0.0007049385,0.0006469063,-0.0,0.0,0.0
19.114,0.0029571985,-9.407325e-05,-0.0005748242,-0.0,-0.0,0.0
19.155,-9.712757e-05,0.000516792,0.0006469063,0.0,-0.0,-0.0
19.174,0.0023463336,0.0017385226,3.6041052e-05,-0.0,-0.0,0.0
19.213,-0.003762319,0.0011276572,0.0012577715,0.0,-0.0,-0.0
19.254,0.0005137377,0.000516792,3.6041052e-05,-0.0,-0.0,0.0
19.274,0.0029571985,-9.407325e-05,-0.0011856895,-0.0,-0.0,0.0
19.314,0.0017354682,-0.0007049385,-0.0005748242,-0.0,-0.0,0.0
19.355,-0.0007079928,0.0011276572,3.6041052e-05,4.0319378e-07,2.531428e-07,-1.28865265e-08
19.375,0.004178929,-9.407325e-05,3.6041052e-05,-0.0,-0.0,-0.0
19.413,0.0017354682,0.000516792,-0.0011856895,0.0,-0.0,0.0
19.454,-0.0007079928,-9.407325e-05,0.0006469063,-0.0,0.0,0.0
19.475,-0.003762319,-0.0013158037,3.6041052e-05,-0.0,0.0,0.0
19.513,0.003568064,0.000516792,3.6041052e-05,-0.0,-0.0,0.0
19.554,-0.003762319,-9.407325e-05,0.0006469063,-0.0,0.0,0.0
19.594,-0.0043731844,0.0017385226,0.0012577715,0.0,-0.0,-0.0
19.615,-9.712757e-05,-9.407325e-05,3.6041052e-05,-3.5337848e-09,3.648518e-09,-1.3538527e-09
19.655,0.0005137377,-0.0007049385,-0.0005748242,-0.0,-0.0,0.0
19.696,0.0011246029,-0.0007049385,0.0006469063,-0.0,-0.0,-0.0
19.715,0.004178929,0.0011276572,3.6041052e-05,-0.0,-0.0,0.0
19.755,0.0023463336,-9.407325e-05,3.6041052e-05,-0.0,-0.0,-0.0
19.796,-0.003762319,0.000516792,3.6041052e-05,0.0,-0.0,-0.0
19.815,-0.0031514538,0.000516792,0.0006469063,0.0,-0.0,-0.0
19.856,-0.0025405886,0.000516792,-0.0005748242,-0.0,0.0,0.0
19.896,0.0011246029,0.0017385226,-0.0005748242,1.0028341e-06,-6.487058e-07,3.3157684e-07
19.914,0.0005137377,0.0017385226,3.6041052e-05,-0.0,-0.0,0.0
19.953,-0.0025405886,0.0011276572,3.6041052e-05,0.0,-0.0,-0.0
19.993,-0.0007079928,-9.407325e-05,-0.0005748242,-0.0,-0.0,0.0
20.013,0.0023463336,-0.0013158037,3.6041052e-05,-0.0,-0.0,-0.0
20.054,0.0005137377,-0.0007049385,3.6041052e-05,-0.0,-0.0,-0.0
20.095,-0.0019297233,-9.407325e-05,0.0006469063,-0.0,0.0,0.0
20.114,-0.005594915,-0.0025375343,-0.0005748242,-0.0,-0.0,0.0
20.155,-0.0043731844,-0.0025375343,0.0006469063,-3.4720836e-06,5.9837917e-06,-8.851459e-07
20.194,0.0017354682,-0.0013158037,3.6041052e-05,-0.0,-0.0,-0.0
20.214,-0.001318858,-0.0007049385,3.6041052e-05,-0.0,0.0,0.0
20.254,-0.0007079928,0.0011276572,-0.0005748242,-0.0,0.0,0.0
20.294,-9.712757e-05,-0.001926669,0.0006469063,-0.0,0.0,0.0
20.314,0.0005137377,-0.0025375343,3.6041052e-05,-0.0,-0.0,-0.0
20.354,0.0011246029,0.000516792,3.6041052e-05,-0.0,-0.0,0.0
20.394,0.0023463336,-0.0007049385,-0.0005748242,-0.0,-0.0,0.0
20.415,-9.712757e-05,0.000516792,3.6041052e-05,0.0,-0.0,-0.0
20.453,-0.0025405886,-0.0013158037,0.0012577715,-0.0,0.0,0.0
20.493,0.0011246029,-0.0007049385,3.6041052e-05,-0.0,-0.0,-0.0
20.533,0.0023463336,0.0017385226,3.6041052e-05,-0.0,-0.0,0.0
20.553,-0.0019297233,0.0023493876,3.6041052e-05,0.0,-0.0,-0.0
20.594,0.0017354682,0.0011276572,-0.0005748242,0.0,-0.0,0.0
20.634,0.0005137377,0.000516792,3.6041052e-05,-0.0,-0.0,0.0
20.653,-0.0019297233,0.000516792,0.0006469063,0.0,-0.0,-0.0
20.693,0.0011246029,0.000516792,-0.0005748242,1.893094e-07,-4.119604e-07,2.1056755e-07
20.733,0.003568064,0.000516792,-0.0011856895,0.0,-0.0,0.0
20.753,0.0005137377,-0.001926669,3.6041052e-05,-0.0,-0.0,-0.0
20.793,0.0005137377,-0.0007049385,3.6041052e-05,-0.0,-0.0,-0.0
20.833,0.0066223904,0.0017385226,3.6041052e-05,-0.0,-0.0,0.0
20.853,-0.0007079928,-0.0007049385,-0.0005748242,-0.0,-0.0,0.0
20.893,-0.0007079928,0.000516792,3.6041052e-05,0.0,-0.0,-0.0
20.933,-0.001318858,-0.0007049385,0.0006469063,-0.0,0.0,0.0
20.953,0.0047897943,-9.407325e-05,-0.0005748242,-0.0,-0.0,0.0
20.994,-0.001318858,-0.0007049385,0.0012577715,-0.0,0.0,0.0
21.036,-9.712757e-05,-0.0007049385,0.0006469063,-0.0,0.0,0.0
21.054,-0.0043731844,0.0017385226,-0.0005748242,-0.0,0.0,0.0
21.094,0.0017354682,0.0011276572,-0.0011856895,0.0,-0.0,0.0
21.135,0.0011246029,-0.0013158037,0.0006469063,-0.0,-0.0,-0.0
21.175,-0.003762319,-0.0013158037,0.0006469063,-0.0,0.0,0.0
21.193,0.0011246029,-0.0007049385,0.0006469063,-0.0,-0.0,-0.0
21.234,0.0005137377,0.000516792,-0.0005748242,1.2875496e-07,-1.2799397e-07,1.4321327e-07
21.273,-9.712757e-05,-9.407325e-05,-0.0005748242,-0.0,-0.0,0.0
21.294,0.0029571985,0.0023493876,3.6041052e-05,-0.0,-0.0,0.0
21.333,-0.0019297233,-0.0007049385,3.6041052e-05,-0.0,0.0,0.0
21.373,0.0017354682,-9.407325e-05,-0.0005748242,-0.0,-0.0,0.0
21.393,-0.001318858,0.000516792,-0.0005748242,-0.0,0.0,0.0
21.434,0.0005137377,-9.407325e-05,3.6041052e-05,-0.0,-0.0,-0.0
21.473,0.0005137377,0.000516792,-0.0005748242,0.0,-0.0,0.0
21.494,-0.0019297233,-0.0013158037,3.6041052e-05,-8.250625e-07,1.2100151e-06,-2.2598707e-08
21.535,-0.0007079928,-9.407325e-05,-0.0005748242,-0.0,-0.0,0.0
21.573,-0.0025405886,-0.001926669,0.0012577715,-0.0,0.0,0.0
21.594,0.0017354682,-0.0013158037,3.6041052e-05,-0.0,-0.0,-0.0
21.634,0.0017354682,0.0011276572,3.6041052e-05,-0.0,-0.0,0.0
21.673,0.0072332555,0.000516792,3.6041052e-05,-0.0,-0.0,0.0
21.693,-0.0007079928,0.000516792,3.6041052e-05,0.0,-0.0,-0.0
21.734,0.0054006595,0.0011276572,-0.0005748242,0.0,-0.0,0.0
21.774,0.0017354682,0.0011276572,-0.0011856895,7.220169e-07,-1.1111855e-06,7.591738e-07
21.794,-0.001318858,0.0011276572,3.6041052e-05,0.0,-0.0,-0.0
21.835,-9.712757e-05,0.000516792,-0.0011856895,-0.0,0.0,0.0
21.873,-9.712757e-05,-0.0007049385,3.6041052e-05,-0.0,0.0,0.0
21.895,0.0005137377,-9.407325e-05,-0.0005748242,-0.0,-0.0,0.0
21.932,0.0029571985,-9.407325e-05,-0.0011856895,-0.0,-0.0,0.0
21.973,0.0005137377,-0.0007049385,3.6041052e-05,-0.0,-0.0,-0.0
22.014,0.0011246029,-0.0013158037,3.6041052e-05,-0.0,-0.0,-0.0
22.033,0.0011246029,0.000516792,3.6041052e-05,1.7176772e-07,-3.7378766e-07,-1.1979042e-08
22.074,0.0023463336,0.0011276572,-0.0005748242,0.0,-0.0,0.0
22.113,-0.001318858,-0.0007049385,3.6041052e-05,-0.0,0.0,0.0
22.134,-0.0007079928,-9.407325e-05,0.0006469063,-0.0,0.0,0.0
22.173,-0.0007079928,-0.0007049385,-0.0005748242,-0.0,-0.0,0.0
22.214,-0.0031514538,-0.0007049385,0.0012577715,-0.0,0.0,0.0
22.234,0.004178929,-9.407325e-05,0.0006469063,-0.0,-0.0,-0.0
22.273,0.0005137377,-9.407325e-05,3.6041052e-05,-0.0,-0.0,-0.0
22.313,-0.0031514538,-0.0007049385,3.6041052e-05,-6.111264e-07,2.7320636e-06,-3.1243932e-08
22.332,0.0011246029,-9.407325e-05,-0.0005748242,-0.0,-0.0,0.0
22.373,-0.0007079928,-9.407325e-05,-0.0005748242,-0.0,-0.0,0.0
22.414,0.0005137377,-9.407325e-05,3.6041052e-05,-0.0,-0.0,-0.0
22.434,-0.0031514538,-0.001926669,0.0006469063,-0.0,0.0,0.0
22.473,0.0005137377,-0.0007049385,3.6041052e-05,-0.0,-0.0,-0.0
22.513,-0.0007079928,-9.407325e-05,0.0006469063,-0.0,0.0,0.0
22.534,-0.0025405886,0.000516792,0.0012577715,0.0,-0.0,-0.0
22.575,0.0017354682,-9.407325e-05,0.0006469063,-4.683119e-08,-8.639417e-07,-3.2203954e-07
22.614,-9.712757e-05,-9.407325e-05,-0.0005748242,-0.0,-0.0,0.0
22.634,-9.712757e-05,0.000516792,0.0006469063,0.0,-0.0,-0.0
22.674,0.0011246029,-0.0007049385,3.6041052e-05,-0.0,-0.0,-0.0
22.713,0.0005137377,-9.407325e-05,3.6041052e-05,-0.0,-0.0,-0.0
22.737,-0.0019297233,-0.0007049385,0.0006469063,-0.0,0.0,0.0
22.773,0.0029571985,0.0023493876,3.6041052e-05,-0.0,-0.0,0.0
22.813,-0.0025405886,-9.407325e-05,0.0006469063,-0.0,0.0,0.0
22.853,-0.001318858,0.0011276572,0.0006469063,5.6057206e-07,6.5562006e-07,-3.2158508e-07
22.883,-9.712757e-05,-0.0013158037,3.6041052e-05,-0.0,0.0,0.0
22.913,-0.0031514538,0.000516792,0.0012577715,0.0,-0.0,-0.0
22.953,0.0005137377,-9.407325e-05,-0.0005748242,-0.0,-0.0,0.0
22.974,0.0023463336,-0.0007049385,3.6041052e-05,-0.0,-0.0,-0.0
23.013,-9.712757e-05,-9.407325e-05,0.0006469063,-0.0,0.0,0.0
23.054,0.0023463336,0.000516792,0.0006469063,-0.0,-0.0,0.0
23.074,0.0023463336,-0.001926669,0.0006469063,-0.0,-0.0,-0.0
23.113,0.0029571985,-9.407325e-05,3.6041052e-05,-7.472028e-08,-2.3488358e-06,-2.862668e-08
23.154,-0.003762319,-9.407325e-05,3.6041052e-05,-0.0,0.0,0.0
23.174,0.0017354682,-0.0007049385,-0.0011856895,-0.0,-0.0,0.0
23.213,-0.0007079928,-0.0007049385,3.6041052e-05,-0.0,0.0,0.0
23.253,0.0047897943,0.000516792,3.6041052e-05,-0.0,-0.0,0.0
23.274,0.0060115247,-9.407325e-05,-0.0005748242,-0.0,-0.0,0.0
23.313,0.0011246029,0.0023493876,3.6041052e-05,-0.0,-0.0,0.0
23.353,0.0029571985,0.000516792,0.0006469063,-0.0,-0.0,0.0
23.381,-9.712757e-05,0.0023493876,-0.0005748242,1.5265956e-06,6.311227e-08,3.735118e-07
23.413,0.0011246029,-0.001926669,0.0006469063,-0.0,-0.0,-0.0
23.452,0.0029571985,0.0011276572,0.0012577715,-0.0,-0.0,0.0
23.472,0.010287581,0.0011276572,-0.0005748242,0.0,-0.0,0.0
23.513,0.0060115247,-9.407325e-05,3.6041052e-05,-0.0,-0.0,-0.0
23.552,0.0017354682,-0.001926669,-0.0017965547,-0.0,-0.0,0.0
23.592,0.0017354682,0.000516792,-0.0011856895,0.0,-0.0,0.0
23.612,0.0005137377,-9.407325e-05,-0.0011856895,-0.0,-0.0,0.0
23.653,-0.004984049,0.000516792,3.6041052e-05,6.951385e-07,6.704058e-06,-4.8481247e-08
23.696,0.0029571985,0.0011276572,3.6041052e-05,-0.0,-0.0,0.0
23.713,0.0005137377,0.0011276572,3.6041052e-05,-0.0,-0.0,0.0
23.753,0.0005137377,0.000516792,-0.0005748242,0.0,-0.0,0.0
23.794,-0.0025405886,0.0023493876,-0.0011856895,-0.0,0.0,0.0
23.813,-0.003762319,0.000516792,3.6041052e-05,0.0,-0.0,-0.0
23.853,0.0011246029,-9.407325e-05,3.6041052e-05,-0.0,-0.0,-0.0
23.896,0.0023463336,-9.407325e-05,0.0012577715,-0.0,-0.0,-0.0
23.918,-0.0019297233,0.000516792,3.6041052e-05,2.7718008e-07,1.0350021e-06,-1.933067e-08
23.952,-0.001318858,-0.0007049385,0.0006469063,-0.0,0.0,0.0
23.994,-0.001318858,-9.407325e-05,3.6041052e-05,-0.0,0.0,0.0
24.013,0.0011246029,-9.407325e-05,-0.0005748242,-0.0,-0.0,0.0
24.054,-0.0007079928,-0.0025375343,0.0006469063,-0.0,0.0,0.0
24.095,0.004178929,-9.407325e-05,3.6041052e-05,-0.0,-0.0,-0.0
24.114,0.0011246029,-9.407325e-05,3.6041052e-05,-0.0,-0.0,-0.0
24.154,-0.0031514538,-0.0007049385,0.0006469063,-0.0,0.0,0.0
24.195,0.0005137377,-9.407325e-05,0.0012577715,-3.4391494e-08,-1.8781304e-07,-4.5981815e-07
24.212,-0.003762319,0.0011276572,0.0012577715,0.0,-0.0,-0.0
24.252,0.0017354682,-9.407325e-05,3.6041052e-05,-0.0,-0.0,-0.0
24.297,0.0011246029,-0.0007049385,3.6041052e-05,-0.0,-0.0,-0.0
24.313,0.0023463336,-9.407325e-05,3.6041052e-05,-0.0,-0.0,-0.0
24.353,-9.712757e-05,-0.001926669,0.0006469063,-0.0,0.0,0.0
24.393,0.0017354682,-9.407325e-05,-0.0011856895,-0.0,-0.0,0.0
24.415,0.0011246029,-0.0007049385,-0.0005748242,-0.0,-0.0,0.0
24.453,0.004178929,-0.0007049385,-0.0011856895,-8.3274466e-07,-4.936595e-06,1.4006602e-06
24.494,0.003568064,-0.0007049385,3.6041052e-05,-0.0,-0.0,-0.0
24.533,0.0017354682,-9.407325e-05,-0.0005748242,-0.0,-0.0,0.0
24.552,-9.712757e-05,0.0017385226,3.6041052e-05,0.0,-0.0,-0.0
24.593,0.0005137377,-0.0013158037,0.0006469063,-0.0,-0.0,-0.0
24.633,-9.712757e-05,-0.0007049385,0.0012577715,-0.0,0.0,0.0
24.653,-0.004984049,-9.407325e-05,-0.0005748242,-0.0,-0.0,0.0
24.694,-0.0031514538,-0.0007049385,0.0006469063,-0.0,0.0,0.0
24.735,-0.001318858,-0.0007049385,3.6041052e-05,-0.0,0.0,0.0
24.754,-0.0025405886,-0.0007049385,0.0012577715,-0.0,0.0,0.0
24.793,0.0017354682,-0.0013158037,3.6041052e-05,-0.0,-0.0,-0.0
24.816,0.0017354682,-0.001926669,-0.0005748242,-0.0,-0.0,0.0
24.857,-0.001318858,-0.0013158037,3.6041052e-05,-0.0,0.0,0.0
24.895,0.0017354682,0.0011276572,-0.0005748242,0.0,-0.0,0.0
24.918,-9.712757e-05,-9.407325e-05,0.0006469063,-0.0,0.0,0.0
24.956,-9.712757e-05,-0.0007049385,3.6041052e-05,-0.0,0.0,0.0
24.997,0.0005137377,-0.0013158037,-0.0011856895,-6.513917e-07,-2.5432726e-07,5.8697833e-07
25.037,-0.0019297233,0.000516792,-0.0005748242,-0.0,0.0,0.0
25.056,-0.0031514538,-0.0007049385,0.0012577715,-0.0,0.0,0.0
25.095,0.0023463336,-0.0013158037,0.0006469063,-0.0,-0.0,-0.0
25.119,0.0005137377,-0.0013158037,3.6041052e-05,-0.0,-0.0,-0.0
25.156,-0.0019297233,-9.407325e-05,0.0006469063,-0.0,0.0,0.0
25.195,-0.001318858,0.0017385226,3.6041052e-05,0.0,-0.0,-0.0
25.237,0.0011246029,-0.0025375343,-0.0005748242,-0.0,-0.0,0.0
25.255,-9.712757e-05,0.000516792,3.6041052e-05,7.311845e-08,1.3742119e-08,-5.099278e-09
25.296,0.0023463336,-0.0007049385,-0.0011856895,-0.0,-0.0,0.0
25.336,0.003568064,0.000516792,0.0006469063,-0.0,-0.0,0.0
25.356,-0.001318858,-9.407325e-05,3.6041052e-05,-0.0,0.0,0.0
25.397,-0.001318858,-9.407325e-05,3.6041052e-05,-0.0,0.0,0.0
25.435,-0.0007079928,-0.0013158037,0.0006469063,-0.0,0.0,0.0
25.475,-0.0019297233,-0.0007049385,3.6041052e-05,-0.0,0.0,0.0
25.495,-0.0007079928,-9.407325e-05,-0.0011856895,-0.0,-0.0,0.0
25.535,-0.0019297233,0.000516792,-0.0005748242,2.8837925e-07,1.076821e-06,3.2076233e-07
25.574,0.0029571985,-9.407325e-05,-0.0005748242,-0.0,-0.0,0.0
25.595,0.003568064,0.000516792,3.6041052e-05,-0.0,-0.0,0.0
25.636,-9.712757e-05,0.0011276572,0.0006469063,0.0,-0.0,-0.0
25.675,-0.0025405886,-0.0007049385,3.6041052e-05,-0.0,0.0,0.0
25.695,-9.712757e-05,-0.0013158037,3.6041052e-05,-0.0,0.0,0.0
25.737,0.003568064,0.002960253,-0.0011856895,0.0,-0.0,0.0
25.775,0.0005137377,0.0023493876,-0.0005748242,0.0,-0.0,0.0
25.795,0.0017354682,0.000516792,0.0006469063,2.6674988e-07,-8.9578833e-07,-3.339104e-07
25.835,0.0060115247,0.000516792,3.6041052e-05,-0.0,-0.0,0.0
25.876,-0.0007079928,-0.0013158037,-0.0005748242,-0.0,-0.0,0.0
25.897,0.0017354682,-0.0007049385,0.0006469063,-0.0,-0.0,-0.0
25.937,-0.0019297233,0.0011276572,0.0006469063,0.0,-0.0,-0.0
25.975,-0.0031514538,-9.407325e-05,-0.0005748242,-0.0,-0.0,0.0
25.996,0.0029571985,0.000516792,3.6041052e-05,-0.0,-0.0,0.0
26.037,0.0011246029,-9.407325e-05,0.0006469063,-0.0,-0.0,-0.0
26.076,0.0011246029,-0.0007049385,3.6041052e-05,-2.5125425e-07,-4.0083106e-07,-1.2845805e-08
26.098,-0.001318858,-0.0007049385,3.6041052e-05,-0.0,0.0,0.0
26.136,-0.005594915,-0.0013158037,-0.0005748242,-0.0,-0.0,0.0
26.180,-9.712757e-05,-9.407325e-05,3.6041052e-05,-0.0,0.0,0.0
26.196,-0.005594915,0.000516792,0.0006469063,0.0,-0.0,-0.0
26.236,0.0005137377,0.000516792,3.6041052e-05,-0.0,-0.0,0.0
26.277,-9.712757e-05,0.000516792,3.6041052e-05,0.0,-0.0,-0.0
26.296,0.00045631634,-0.0012534955,1.9547688e-05,-0.0,-0.0,-0.0
26.336,0.0028997774,0.0005791003,1.9547688e-05,4.596844e-07,-2.3018163e-06,-1.5516244e-08
26.375,0.0041215075,0.0011899655,-0.0012021827,0.0,-0.0,0.0
26.398,-0.0013762794,0.0005791003,-0.00059131754,-0.0,0.0,0.0
26.437,-0.0025980098,0.0005791003,-0.00059131754,-0.0,0.0,0.0
26.477,-0.005041471,-0.0006426302,1.9547688e-05,-0.0,0.0,0.0
26.497,0.00045631634,-0.0006426302,-0.00059131754,-0.0,-0.0,0.0
26.535,-0.0019871446,-3.176499e-05,0.00063041295,-0.0,0.0,0.0
26.577,-0.0025980098,-0.0012534955,0.00063041295,-0.0,0.0,0.0
26.615,-0.0001545489,0.0005791003,-0.00059131754,-0.0,0.0,0.0
26.636,-0.0019871446,-0.0012534955,0.00063041295,-0.0,0.0,0.0
26.675,-0.00076541415,-0.0006426302,-0.0012021827,-0.0,-0.0,0.0
26.715,-0.0013762794,-0.0012534955,0.00063041295,-0.0,0.0,0.0
26.735,0.0016780468,-0.0006426302,1.9547688e-05,-0.0,-0.0,-0.0
26.775,0.002288912,-3.176499e-05,0.0012412781,-0.0,-0.0,-0.0
26.816,-0.0013762794,-3.176499e-05,-0.00059131754,-0.0,-0.0,0.0
26.836,0.0028997774,0.0005791003,0.00063041295,-0.0,-0.0,0.0
26.875,-0.0019871446,-0.0018643606,1.9547688e-05,-1.3636943e-06,1.4535051e-06,-1.4297246e-08
26.915,0.00045631634,-0.0012534955,-0.00059131754,-0.0,-0.0,0.0
26.937,0.00045631634,-3.176499e-05,-0.00059131754,-0.0,-0.0,0.0
26.976,0.0010671816,-0.0006426302,-0.00059131754,-0.0,-0.0,0.0
27.017,0.00045631634,-3.176499e-05,1.9547688e-05,-0.0,-0.0,-0.0
27.037,-0.0001545489,0.0005791003,0.0012412781,0.0,-0.0,-0.0
27.075,-0.0001545489,-0.0006426302,0.00063041295,-0.0,0.0,0.0
27.117,0.002288912,0.0005791003,1.9547688e-05,-0.0,-0.0,0.0
27.136,-0.0019871446,-0.0012534955,1.9547688e-05,-7.90582e-07,1.253296e-06,-1.2328269e-08
27.177,0.002288912,0.0018008307,-0.0012021827,0.0,-0.0,0.0
27.216,-0.0025980098,-0.0006426302,-0.00059131754,-0.0,-0.0,0.0
27.238,-0.0019871446,-0.0024752258,1.9547688e-05,-0.0,0.0,0.0
27.277,0.004732373,0.0005791003,0.00063041295,-0.0,-0.0,0.0
27.317,0.0028997774,0.0005791003,1.9547688e-05,-0.0,-0.0,0.0
27.336,0.0028997774,0.0005791003,-0.00059131754,0.0,-0.0,0.0
27.377,-0.00076541415,-0.0012534955,-0.00059131754,-0.0,-0.0,0.0
27.417,-0.0032088752,0.0005791003,1.9547688e-05,5.0689e-07,2.808748e-06,-1.7110922e-08
27.438,-0.0001545489,0.0005791003,0.00063041295,0.0,-0.0,-0.0
27.478,0.0016780468,-3.176499e-05,-0.0012021827,-0.0,-0.0,0.0
27.516,-0.00076541415,0.0005791003,-0.00059131754,-0.0,0.0,0.0
27.539,0.0016780468,-3.176499e-05,1.9547688e-05,-0.0,-0.0,-0.0
27.580,-0.005041471,0.0018008307,-0.00059131754,-0.0,0.0,0.0
27.617,-0.0025980098,0.0005791003,1.9547688e-05,0.0,-0.0,-0.0
27.657,0.00045631634,-3.176499e-05,1.9547688e-05,-0.0,-0.0,-0.0
27.678,0.0016780468,0.0005791003,-0.0012021827,3.332767e-07,-9.657277e-07,6.918649e-07
27.717,-0.0032088752,-0.0006426302,1.9547688e-05,-0.0,0.0,0.0
27.756,-0.0013762794,0.0011899655,0.00063041295,0.0,-0.0,-0.0
27.776,-0.0038197404,-0.0006426302,1.9547688e-05,-0.0,0.0,0.0
27.817,0.0028997774,-0.0012534955,-0.00059131754,-0.0,-0.0,0.0
27.856,-0.0013762794,-0.0030860913,1.9547688e-05,-0.0,0.0,0.0
27.879,-0.0038197404,-0.0006426302,0.00063041295,-0.0,0.0,0.0
27.918,0.00045631634,-0.0006426302,1.9547688e-05,-0.0,-0.0,-0.0
27.956,-0.0001545489,0.0011899655,1.9547688e-05,0.0,-0.0,-0.0
27.975,-0.00076541415,-0.0006426302,-0.00059131754,-0.0,-0.0,0.0
28.016,0.0010671816,0.0011899655,-0.00059131754,0.0,-0.0,0.0
28.056,-0.0001545489,-3.176499e-05,1.9547688e-05,-0.0,0.0,0.0
28.077,-0.0013762794,-3.176499e-05,1.9547688e-05,-0.0,0.0,0.0
28.116,-0.00076541415,-3.176499e-05,0.00063041295,-0.0,0.0,0.0
28.156,-0.0019871446,-3.176499e-05,1.9547688e-05,-0.0,0.0,0.0
28.177,-0.00076541415,-0.0012534955,0.00063041295,-0.0,0.0,0.0
28.218,0.0010671816,-3.176499e-05,-0.0012021827,-1.3709635e-08,-4.6059506e-07,5.188615e-07
28.257,0.0010671816,0.0011899655,1.9547688e-05,-0.0,-0.0,0.0
28.277,-0.0044306056,-3.176499e-05,0.00063041295,-0.0,0.0,0.0
28.317,0.004732373,0.0030225613,0.00063041295,-0.0,-0.0,0.0
28.357,-0.0001545489,0.0005791003,-0.00059131754,-0.0,0.0,0.0
28.386,0.0028997774,0.0005791003,1.9547688e-05,-0.0,-0.0,0.0
28.420,0.00045631634,-0.0006426302,1.9547688e-05,-0.0,-0.0,-0.0
28.458,-0.00076541415,0.0005791003,-0.00059131754,-0.0,0.0,0.0
28.496,0.0028997774,-3.176499e-05,0.0018521434,-0.0,-0.0,-0.0
28.515,-0.0001545489,-3.176499e-05,0.00063041295,-0.0,0.0,0.0
28.557,-0.0032088752,0.0005791003,0.00063041295,0.0,-0.0,-0.0
28.596,0.0010671816,-3.176499e-05,1.9547688e-05,-0.0,-0.0,-0.0
28.617,-0.0044306056,-0.0006426302,0.00063041295,-0.0,0.0,0.0
28.657,-0.0013762794,-0.0018643606,0.00063041295,-0.0,0.0,0.0
28.698,0.0065649687,0.0005791003,-0.00059131754,0.0,-0.0,0.0
28.717,0.0041215075,-0.0012534955,-0.00059131754,-0.0,-0.0,0.0
28.757,-0.0019871446,-3.176499e-05,1.9547688e-05,-1.6947059e-08,1.0601692e-06,-1.0428955e-08
28.797,-0.0001545489,-3.176499e-05,0.00063041295,-0.0,0.0,0.0
28.818,-0.0025980098,-0.0006426302,-0.0012021827,-0.0,-0.0,0.0
28.856,-0.00076541415,0.0005791003,-0.00059131754,-0.0,0.0,0.0
28.899,-0.0013762794,-0.0030860913,0.0012412781,-0.0,0.0,0.0
28.919,-0.0019871446,-0.0012534955,-0.00059131754,-0.0,-0.0,0.0
28.956,0.0010671816,-0.0006426302,1.9547688e-05,-0.0,-0.0,-0.0
28.996,-0.0025980098,-0.0012534955,0.0012412781,-0.0,0.0,0.0
29.017,-0.0013762794,-0.0006426302,0.00063041295,-2.8369226e-07,6.0756554e-07,-2.782989e-07
29.055,0.0016780468,0.0011899655,0.00063041295,-0.0,-0.0,0.0
29.098,-0.006874067,-0.0006426302,0.00063041295,-0.0,0.0,0.0
29.119,0.00045631634,-3.176499e-05,1.9547688e-05,-0.0,-0.0,-0.0
29.157,-0.0001545489,-0.0012534955,0.00063041295,-0.0,0.0,0.0
29.197,-0.0025980098,0.0011899655,0.00063041295,0.0,-0.0,-0.0
29.218,-0.00076541415,0.0018008307,1.9547688e-05,0.0,-0.0,-0.0
29.257,-0.005041471,-3.176499e-05,1.9547688e-05,-0.0,0.0,0.0
29.297,-0.0032088752,-0.0012534955,0.00063041295,-1.1784354e-06,3.0167282e-06,-5.926621e-07
29.337,0.00045631634,-0.0012534955,1.9547688e-05,-0.0,-0.0,-0.0
29.358,-0.0001545489,0.0005791003,-0.00059131754,-0.0,0.0,0.0
29.398,0.0035106426,0.0011899655,1.9547688e-05,-0.0,-0.0,0.0
29.437,-0.0032088752,-3.176499e-05,1.9547688e-05,-0.0,0.0,0.0
29.458,0.0010671816,-0.0006426302,0.00063041295,-0.0,-0.0,-0.0
29.497,0.0016780468,-0.0006426302,1.9547688e-05,-0.0,-0.0,-0.0
29.538,-0.0032088752,-0.0012534955,-0.00059131754,-0.0,-0.0,0.0
29.557,0.0010671816,-0.0006426302,-0.00059131754,-2.3787557e-07,-3.950273e-07,2.188817e-07
29.597,0.00045631634,-3.176499e-05,1.9547688e-05,-0.0,-0.0,-0.0
29.639,0.002288912,-0.0018643606,0.00063041295,-0.0,-0.0,-0.0
29.658,0.0016780468,-0.0012534955,-0.00059131754,-0.0,-0.0,0.0
29.697,0.0010671816,-0.0006426302,0.00063041295,-0.0,-0.0,-0.0
29.740,-0.0013762794,-0.0006426302,1.9547688e-05,-0.0,0.0,0.0
29.759,0.00045631634,0.0005791003,1.9547688e-05,-0.0,-0.0,0.0
29.799,0.0028997774,0.0005791003,0.00063041295,-0.0,-0.0,0.0
29.839,-0.0032088752,-3.176499e-05,0.00063041295,-0.0,0.0,0.0
29.859,-0.0013762794,-0.0018643606,1.9547688e-05,-0.0,0.0,0.0
29.897,-0.0001545489,-0.0006426302,0.00063041295,-0.0,0.0,0.0
29.938,0.00045631634,-3.176499e-05,1.9547688e-05,-0.0,-0.0,-0.0
29.977,-0.0013762794,-3.176499e-05,1.9547688e-05,-0.0,0.0,0.0
29.998,-0.00076541415,0.0005791003,-0.00059131754,-0.0,0.0,0.0
30.037,-0.005041471,0.0005791003,0.00063041295,0.0,-0.0,-0.0
30.077,-0.005041471,0.0005791003,-0.00059131754,-0.0,0.0,0.0
30.099,-0.006874067,-0.0012534955,0.0012412781,-2.3879388e-06,1.3095349e-05,-2.3646642e-06
30.137,0.0035106426,-3.176499e-05,-0.00059131754,-0.0,-0.0,0.0
30.179,0.0010671816,0.0005791003,-0.00059131754,0.0,-0.0,0.0
30.199,-0.00076541415,-0.0012534955,-0.0012021827,-0.0,-0.0,0.0
30.238,0.002288912,-0.0006426302,-0.00059131754,-0.0,-0.0,0.0
30.277,0.00045631634,-3.176499e-05,0.00063041295,-0.0,-0.0,-0.0
30.297,0.0016780468,-3.176499e-05,1.9547688e-05,-0.0,-0.0,-0.0
30.338,0.0016780468,-0.0012534955,-0.00059131754,-0.0,-0.0,0.0
30.376,0.0010671816,0.0011899655,0.00063041295,-0.0,-0.0,0.0
30.397,-0.0013762794,-0.0012534955,0.00063041295,-0.0,0.0,0.0
30.437,0.0028997774,-0.0012534955,-0.00059131754,-0.0,-0.0,0.0
30.477,-0.0019871446,0.0011899655,0.00063041295,0.0,-0.0,-0.0
30.497,-0.0013762794,-0.0006426302,0.00063041295,-0.0,0.0,0.0
30.538,-0.0001545489,-0.0006426302,-0.00059131754,-0.0,-0.0,0.0
30.577,0.00045631634,0.0005791003,-0.00059131754,0.0,-0.0,0.0
30.597,0.00045631634,-3.176499e-05,0.00063041295,-0.0,-0.0,-0.0
30.637,-0.0013762794,-0.0006426302,0.00063041295,-2.8369226e-07,6.0756554e-07,-2.782989e-07
30.677,0.0035106426,-0.0006426302,0.00063041295,-0.0,-0.0,-0.0
30.697,0.0010671816,-3.176499e-05,1.9547688e-05,-0.0,-0.0,-0.0
30.736,0.002288912,0.0005791003,1.9547688e-05,-0.0,-0.0,0.0
30.777,0.0028997774,0.0018008307,-0.00059131754,0.0,-0.0,0.0
30.797,-0.0019871446,-0.0012534955,1.9547688e-05,-0.0,0.0,0.0
30.838,0.0016780468,0.0005791003,1.9547688e-05,-0.0,-0.0,0.0
30.877,-0.0038197404,-0.0012534955,1.9547688e-05,-0.0,0.0,0.0
30.898,0.002288912,0.0011899655,-0.00059131754,8.45419e-07,-1.626172e-06,4.20106e-07
30.936,0.00045631634,-3.176499e-05,1.9547688e-05,-0.0,-0.0,-0.0
30.977,-0.0019871446,-0.0006426302,-0.00059131754,-0.0,-0.0,0.0
31.018,0.00045631634,-0.0006426302,-0.00059131754,-0.0,-0.0,0.0
31.037,0.0016780468,0.0011899655,1.9547688e-05,-0.0,-0.0,0.0
31.078,-0.0001545489,-0.0030860913,-0.00059131754,-0.0,-0.0,0.0
31.118,-0.0001545489,0.0005791003,1.9547688e-05,0.0,-0.0,-0.0
31.139,-0.0019871446,-0.0006426302,-0.00059131754,-0.0,-0.0,0.0
31.178,-0.0032088752,-3.176499e-05,-0.00059131754,-0.0,-0.0,0.0
31.216,0.0010671816,-0.0006426302,-0.00059131754,-0.0,-0.0,0.0
31.237,0.0041215075,0.0005791003,-0.00059131754,0.0,-0.0,0.0
31.278,-0.0019871446,-0.0006426302,-0.0012021827,-0.0,-0.0,0.0
31.317,0.0010671816,-3.176499e-05,1.9547688e-05,-0.0,-0.0,-0.0
31.337,0.00045631634,0.0011899655,1.9547688e-05,-0.0,-0.0,0.0
31.378,-0.0025980098,-0.0006426302,-0.00059131754,-0.0,-0.0,0.0
31.417,0.0028997774,-0.0006426302,0.00063041295,-0.0,-0.0,-0.0
31.439,0.0016780468,0.0005791003,1.9547688e-05,2.759674e-07,-7.9966503e-07,-9.3152455e-09
31.478,0.00045631634,-0.0012534955,-0.00059131754,-0.0,-0.0,0.0
31.518,-0.0019871446,-0.0006426302,0.0012412781,-0.0,0.0,0.0
31.537,0.0016780468,-3.176499e-05,1.9547688e-05,-0.0,-0.0,-0.0
31.578,-0.0013762794,0.0005791003,0.00063041295,0.0,-0.0,-0.0
31.617,0.0016780468,0.0005791003,-0.00059131754,0.0,-0.0,0.0
31.657,-0.0019871446,0.0011899655,1.9547688e-05,0.0,-0.0,-0.0
31.679,-0.0025980098,0.0005791003,-0.0012021827,-0.0,0.0,0.0
31.717,0.00045631634,0.0005791003,0.00063041295,-0.0,-0.0,0.0
31.758,0.00045631634,-0.0018643606,0.00063041295,-0.0,-0.0,-0.0
31.778,-0.0001545489,0.0018008307,-0.00059131754,-0.0,0.0,0.0
31.817,-0.00076541415,-3.176499e-05,0.00063041295,-0.0,0.0,0.0
31.857,0.00045631634,-3.176499e-05,1.9547688e-05,-0.0,-0.0,-0.0
31.880,0.0010671816,0.0005791003,1.9547688e-05,-0.0,-0.0,0.0
31.917,-0.0025980098,0.0011899655,-0.00059131754,-0.0,0.0,0.0
31.957,0.0016780468,0.0005791003,0.00063041295,-0.0,-0.0,0.0
31.979,-0.00076541415,-0.0012534955,1.9547688e-05,-4.9423926e-07,3.0179424e-07,-7.70736e-09
32.017,0.0028997774,0.0018008307,-0.00059131754,0.0,-0.0,0.0
32.056,-0.0032088752,-0.0006426302,-0.00059131754,-0.0,-0.0,0.0
32.076,-0.0013762794,-3.176499e-05,1.9547688e-05,-0.0,0.0,0.0
32.116,-0.0019871446,0.0005791003,0.00063041295,0.0,-0.0,-0.0
32.158,-0.0019871446,-0.0018643606,0.00063041295,-0.0,0.0,0.0
32.177,0.0010671816,0.0005791003,-0.0012021827,0.0,-0.0,0.0
32.218,0.00045631634,-0.0006426302,0.00063041295,-0.0,-0.0,-0.0
32.256,-0.0013762794,0.0011899655,0.00063041295,0.0,-0.0,-0.0
32.279,-0.0001545489,-3.176499e-05,1.9547688e-05,-0.0,0.0,0.0
32.317,0.0016780468,-0.0006426302,0.00063041295,-0.0,-0.0,-0.0
32.357,0.00045631634,0.0005791003,1.9547688e-05,-0.0,-0.0,0.0
32.377,-0.0019871446,-0.0006426302,1.9547688e-05,-0.0,0.0,0.0
32.416,0.002288912,-3.176499e-05,0.00063041295,-0.0,-0.0,-0.0
32.457,-0.0013762794,-0.0006426302,0.00063041295,-0.0,0.0,0.0
32.477,-0.0001545489,0.0005791003,1.9547688e-05,0.0,-0.0,-0.0
32.517,0.002288912,0.0005791003,1.9547688e-05,3.6703753e-07,-1.4507274e-06,-1.2389186e-08
32.557,-0.0001545489,0.0018008307,1.9547688e-05,0.0,-0.0,-0.0
32.599,0.0053432384,0.0018008307,1.9547688e-05,-0.0,-0.0,0.0
32.617,-0.0032088752,0.0005791003,1.9547688e-05,0.0,-0.0,-0.0
32.657,0.002288912,0.002411696,1.9547688e-05,-0.0,-0.0,0.0
32.686,-0.00076541415,-3.176499e-05,1.9547688e-05,-0.0,0.0,0.0
32.718,-0.0019871446,-3.176499e-05,1.9547688e-05,-0.0,0.0,0.0
32.757,-0.00076541415,-0.0024752258,1.9547688e-05,-0.0,0.0,0.0
32.797,0.0059541035,0.0011899655,1.9547688e-05,-0.0,-0.0,0.0
32.817,-0.00076541415,-0.0006426302,0.00063041295,-0.0,0.0,0.0
32.856,-0.0013762794,-3.176499e-05,1.9547688e-05,-0.0,0.0,0.0
32.899,-0.0025980098,-0.0024752258,0.00063041295,-0.0,0.0,0.0
32.919,0.0010671816,0.0011899655,0.00063041295,-0.0,-0.0,0.0
32.958,-0.0019871446,-3.176499e-05,0.0012412781,-0.0,0.0,0.0
32.999,-0.0025980098,-0.0012534955,-0.001813048,-0.0,-0.0,0.0
33.018,0.0016780468,0.0011899655,1.9547688e-05,-0.0,-0.0,0.0
33.058,-0.0025980098,0.0005791003,1.9547688e-05,0.0,-0.0,-0.0
33.099,0.00045631634,-0.0012534955,-0.00059131754,-0.0,-0.0,0.0
33.119,0.0028997774,0.0018008307,1.9547688e-05,-0.0,-0.0,0.0
33.157,-0.0019871446,-0.0012534955,0.00063041295,-0.0,0.0,0.0
33.198,0.0041215075,0.0011899655,-0.00059131754,0.0,-0.0,0.0
33.218,-0.0019871446,-3.176499e-05,1.9547688e-05,-0.0,0.0,0.0
33.258,0.002288912,0.0005791003,-0.00059131754,0.0,-0.0,0.0
33.298,0.0010671816,0.0011899655,1.9547688e-05,-0.0,-0.0,0.0
33.319,0.0028997774,0.0005791003,0.0012412781,4.9852986e-07,-2.4963372e-06,-1.0685809e-06
33.358,-0.0001545489,0.0018008307,-0.00059131754,-0.0,0.0,0.0
33.397,0.002288912,-3.176499e-05,1.9547688e-05,-0.0,-0.0,-0.0
33.418,-0.0001545489,-0.0012534955,1.9547688e-05,-0.0,0.0,0.0
33.458,-0.00076541415,-0.0006426302,1.9547688e-05,-0.0,0.0,0.0
33.498,0.00045631634,-0.0018643606,1.9547688e-05,-0.0,-0.0,-0.0
33.538,-0.00076541415,0.0011899655,1.9547688e-05,0.0,-0.0,-0.0
33.556,-0.0025980098,-0.0012534955,1.9547688e-05,-0.0,0.0,0.0
33.597,-0.0001545489,0.0011899655,-0.00059131754,-0.0,0.0,0.0
33.638,-0.0032088752,-0.0012534955,1.9547688e-05,-0.0,0.0,0.0
33.658,0.00045631634,0.0005791003,1.9547688e-05,-0.0,-0.0,0.0
33.697,-0.0013762794,-0.0006426302,-0.00059131754,-0.0,-0.0,0.0
33.738,-0.0013762794,-0.0018643606,1.9547688e-05,-0.0,0.0,0.0
33.757,0.0071758344,0.0011899655,0.00063041295,-0.0,-0.0,0.0
33.798,-0.0019871446,-0.0012534955,1.9547688e-05,-0.0,0.0,0.0
33.838,0.0010671816,0.0005791003,0.00063041295,-0.0,-0.0,0.0
33.858,0.00045631634,-3.176499e-05,0.00063041295,-6.641399e-09,-9.5406165e-08,-1.3180612e-07
33.898,0.0016780468,0.0005791003,-0.00059131754,0.0,-0.0,0.0
33.937,0.00045631634,0.0005791003,1.9547688e-05,-0.0,-0.0,0.0
33.958,-0.0013762794,-0.0018643606,1.9547688e-05,-0.0,0.0,0.0
33.998,-0.0019871446,-3.176499e-05,0.00063041295,-0.0,0.0,0.0
34.042,-0.0019871446,-0.0006426302,0.0012412781,-0.0,0.0,0.0
34.057,0.0028997774,-0.0012534955,1.9547688e-05,-0.0,-0.0,-0.0
34.098,-0.0001545489,0.0011899655,0.00063041295,0.0,-0.0,-0.0
34.138,-0.0025980098,-0.0018643606,-0.00059131754,-0.0,-0.0,0.0
34.158,-0.00076541415,-0.0006426302,0.00063041295,-0.0,0.0,0.0
34.198,0.0028997774,0.0005791003,1.9547688e-05,-0.0,-0.0,0.0
34.238,-0.005041471,0.0011899655,1.9547688e-05,0.0,-0.0,-0.0
34.258,-0.0013762794,0.0005791003,1.9547688e-05,0.0,-0.0,-0.0
34.298,-0.0044306056,-0.0018643606,1.9547688e-05,-0.0,0.0,0.0
34.341,0.004732373,0.0018008307,-0.00059131754,0.0,-0.0,0.0
34.378,-0.00076541415,-0.0006426302,1.9547688e-05,-1.7243696e-07,2.0538357e-07,-5.245213e-09
34.398,-0.0013762794,-0.0006426302,1.9547688e-05,-0.0,0.0,0.0
34.439,-0.009928392,-3.176499e-05,0.00063041295,-0.0,0.0,0.0
34.477,-0.0019871446,-3.176499e-05,-0.00059131754,-0.0,-0.0,0.0
34.498,-0.0001545489,-3.176499e-05,-0.00059131754,-0.0,-0.0,0.0
34.537,0.0016780468,-3.176499e-05,-0.0012021827,-0.0,-0.0,0.0
34.578,-0.0001545489,-3.176499e-05,-0.00059131754,-0.0,-0.0,0.0
34.597,-0.0013762794,-0.0012534955,0.0012412781,-0.0,0.0,0.0
34.638,-0.0013762794,0.0005791003,0.00063041295,0.0,-0.0,-0.0
34.677,-0.0001545489,-3.176499e-05,1.9547688e-05,-0.0,0.0,0.0
34.698,0.0053432384,-0.0006426302,1.9547688e-05,-0.0,-0.0,-0.0
34.738,0.0016780468,0.0011899655,-0.00059131754,0.0,-0.0,0.0
34.778,0.0010671816,-0.0006426302,-0.00059131754,-0.0,-0.0,0.0
34.798,0.00045631634,-0.0012534955,0.00063041295,-0.0,-0.0,-0.0
34.838,0.0010671816,-0.0006426302,0.00063041295,-0.0,-0.0,-0.0
34.877,-0.006263201,0.0005791003,-0.0012021827,-0.0,0.0,0.0
34.898,0.00045631634,0.0005791003,-0.0012021827,0.0,-0.0,0.0
34.937,0.0010671816,0.0005791003,-0.00059131754,0.0,-0.0,0.0
34.978,-0.00076541415,-0.0018643606,1.9547688e-05,-0.0,0.0,0.0
34.997,0.002288912,-0.0018643606,1.9547688e-05,-0.0,-0.0,-0.0
35.038,-0.00076541415,-0.0012534955,-0.00059131754,-0.0,-0.0,0.0
35.078,0.002288912,0.0011899655,1.9547688e-05,-0.0,-0.0,0.0
35.118,-0.0013762794,0.0005791003,0.00063041295,0.0,-0.0,-0.0
35.138,-0.00076541415,0.0011899655,1.9547688e-05,0.0,-0.0,-0.0
35.180,0.00045631634,0.0005791003,1.9547688e-05,-0.0,-0.0,0.0
35.218,0.0028997774,0.0005791003,-0.0012021827,0.0,-0.0,0.0
35.238,0.002288912,-0.0006426302,-0.0012021827,-0.0,-0.0,0.0
35.277,0.00045631634,-0.0006426302,1.9547688e-05,-0.0,-0.0,-0.0
35.317,-0.00076541415,-0.0030860913,1.9547688e-05,-0.0,0.0,0.0
35.338,0.0010671816,-0.0012534955,-0.00059131754,-0.0,-0.0,0.0
35.379,-0.0001545489,0.0005791003,1.9547688e-05,0.0,-0.0,-0.0
35.418,0.0010671816,0.0005791003,0.00063041295,-0.0,-0.0,0.0
35.438,0.0010671816,0.0018008307,-0.0012021827,0.0,-0.0,0.0
35.477,-0.0001545489,0.0005791003,1.9547688e-05,0.0,-0.0,-0.0
35.518,-0.00076541415,-3.176499e-05,0.00063041295,-0.0,0.0,0.0
35.537,-0.0013762794,-0.0006426302,1.9547688e-05,-0.0,0.0,0.0
35.579,0.0053432384,0.0005791003,0.00063041295,-0.0,-0.0,0.0
35.617,-0.00076541415,-0.0006426302,1.9547688e-05,-0.0,0.0,0.0
35.638,-0.00076541415,0.0005791003,0.00063041295,0.0,-0.0,-0.0
35.679,-0.0032088752,0.0005791003,1.9547688e-05,0.0,-0.0,-0.0
35.717,-0.0001545489,-0.0024752258,0.00063041295,-0.0,0.0,0.0
35.738,-0.0001545489,-0.0006426302,1.9547688e-05,-1.1406738e-07,2.7432556e-08,-3.469729e-09
35.778,-0.0001545489,0.0011899655,-0.00059131754,-0.0,0.0,0.0
35.818,0.00056505034,0.0005784894,-0.0005705481,0.0,-0.0,0.0
35.841,0.0030085114,-0.0006432411,0.0006511824,-0.0,-0.0,-0.0
35.879,-4.5814893e-05,-0.0018649716,0.0006511824,-0.0,0.0,0.0
35.917,-0.002489276,-3.2375858e-05,4.0317107e-05,-0.0,0.0,0.0
35.958,0.0042302418,0.0018002199,-0.0005705481,0.0,-0.0,0.0
35.977,-0.0012675454,0.0005784894,4.0317107e-05,0.0,-0.0,-0.0
36.017,-4.5814893e-05,-0.0012541064,0.0006511824,-0.0,0.0,0.0
36.057,0.0011759156,0.0005784894,4.0317107e-05,-0.0,-0.0,0.0
36.077,0.0054519726,0.0011893547,4.0317107e-05,-0.0,-0.0,0.0
36.118,0.00056505034,0.0011893547,-0.0011814134,0.0,-0.0,0.0
36.157,0.0042302418,0.0011893547,4.0317107e-05,-0.0,-0.0,0.0
36.178,-0.0012675454,-0.0006432411,0.0006511824,-0.0,0.0,0.0
36.218,-0.003100141,-0.0012541064,4.0317107e-05,-0.0,0.0,0.0
36.257,0.0017867808,0.0005784894,4.0317107e-05,2.917108e-07,-9.0100747e-07,-2.0330294e-08
36.277,0.0011759156,-3.2375858e-05,4.0317107e-05,-0.0,-0.0,-0.0
36.317,0.00056505034,-0.0006432411,0.0006511824,-0.0,-0.0,-0.0
36.359,0.0023976462,-0.0006432411,-0.0011814134,-0.0,-0.0,0.0
36.378,0.00056505034,0.0011893547,4.0317107e-05,-0.0,-0.0,0.0
36.418,-0.0012675454,-3.2375858e-05,4.0317107e-05,-0.0,0.0,0.0
36.457,-0.0018784106,-0.0006432411,-0.0017922786,-0.0,-0.0,0.0
36.478,-0.0012675454,-0.0006432411,-0.0005705481,-0.0,-0.0,0.0
36.517,-0.0018784106,-0.0012541064,0.0006511824,-0.0,0.0,0.0
36.558,-0.0012675454,-0.0006432411,-0.0005705481,-0.0,-0.0,0.0
36.578,0.0011759156,-0.0006432411,-0.0005705481,-0.0,-0.0,0.0
36.617,0.00056505034,-0.0012541064,4.0317107e-05,-0.0,-0.0,-0.0
36.658,-0.00065668015,-0.0018649716,4.0317107e-05,-0.0,0.0,0.0
36.677,0.0017867808,0.0018002199,4.0317107e-05,-0.0,-0.0,0.0
36.718,0.0023976462,0.0018002199,4.0317107e-05,-0.0,-0.0,0.0
36.757,-0.002489276,0.0005784894,4.0317107e-05,0.0,-0.0,-0.0
36.778,-0.00065668015,-0.0006432411,0.0006511824,-0.0,0.0,0.0
36.818,-4.5814893e-05,-3.2375858e-05,0.0012620477,-0.0,0.0,0.0
36.857,-4.5814893e-05,0.0005784894,-0.0005705481,-0.0,0.0,0.0
36.908,-4.5814893e-05,-0.0006432411,0.0006511824,-0.0,0.0,0.0
36.918,-0.00065668015,0.0005784894,-0.0011814134,-0.0,0.0,0.0
36.957,-0.0012675454,0.0005784894,4.0317107e-05,0.0,-0.0,-0.0
36.998,-4.5814893e-05,-0.0006432411,-0.0011814134,-0.0,-0.0,0.0
37.018,0.004841107,0.0018002199,4.0317107e-05,-0.0,-0.0,0.0
37.057,0.0023976462,-0.0006432411,0.0006511824,-0.0,-0.0,-0.0
37.097,0.0036193766,-3.2375858e-05,4.0317107e-05,-0.0,-0.0,-0.0
37.118,-0.0018784106,0.0011893547,4.0317107e-05,0.0,-0.0,-0.0
37.157,0.00056505034,0.0018002199,-0.0005705481,0.0,-0.0,0.0
37.197,-4.5814893e-05,-3.2375858e-05,4.0317107e-05,-0.0,0.0,0.0
37.219,-0.004932737,-0.0006432411,4.0317107e-05,-0.0,0.0,0.0
37.257,-0.0018784106,-0.0006432411,-0.0005705481,-0.0,-0.0,0.0
37.297,-0.0018784106,-0.0018649716,-0.0005705481,-0.0,-0.0,0.0
37.319,-0.00065668015,-3.2375858e-05,4.0317107e-05,-0.0,0.0,0.0
37.357,0.00056505034,0.0011893547,4.0317107e-05,-0.0,-0.0,0.0
37.397,-4.5814893e-05,-3.2375858e-05,4.0317107e-05,-0.0,0.0,0.0
37.417,0.0011759156,0.0005784894,4.0317107e-05,-0.0,-0.0,0.0
37.457,-0.00065668015,0.0011893547,4.0317107e-05,0.0,-0.0,-0.0
37.497,-4.5814893e-05,-0.0006432411,-0.0005705481,-0.0,-0.0,0.0
37.518,0.0023976462,-0.0006432411,4.0317107e-05,-0.0,-0.0,-0.0
37.558,0.0054519726,0.0011893547,4.0317107e-05,-0.0,-0.0,0.0
37.597,-0.0018784106,-0.0006432411,-0.0011814134,-0.0,-0.0,0.0
37.619,-0.002489276,-0.0006432411,4.0317107e-05,-4.4399297e-07,1.7182066e-06,-2.782824e-08
37.657,-0.0018784106,0.0018002199,4.0317107e-05,0.0,-0.0,-0.0
37.699,-0.002489276,0.0005784894,0.0006511824,0.0,-0.0,-0.0
37.739,-0.0037110064,-0.0006432411,0.0006511824,-0.0,0.0,0.0
37.757,0.0042302418,-0.0006432411,4.0317107e-05,-0.0,-0.0,-0.0
37.798,-0.0037110064,-0.0018649716,0.0006511824,-0.0,0.0,0.0
37.838,0.0030085114,0.0018002199,0.0006511824,-0.0,-0.0,0.0
37.857,0.00056505034,-0.0006432411,-0.0005705481,-0.0,-0.0,0.0
37.899,-0.003100141,-0.0018649716,-0.0005705481,-0.0,-0.0,0.0
37.938,-4.5814893e-05,-0.0006432411,4.0317107e-05,-0.0,0.0,0.0
37.956,0.0023976462,-3.2375858e-05,4.0317107e-05,-0.0,-0.0,-0.0
37.997,-4.5814893e-05,0.0005784894,0.0006511824,0.0,-0.0,-0.0
38.037,-0.0012675454,-3.2375858e-05,-0.0005705481,-0.0,-0.0,0.0
38.057,-4.5814893e-05,-0.0030867022,-0.0005705481,-0.0,-0.0,0.0
38.102,0.00056505034,0.0011893547,4.0317107e-05,-0.0,-0.0,0.0
38.139,0.0017867808,-3.2375858e-05,-0.0011814134,-1.861785e-08,-1.0275138e-06,6.793887e-07
38.158,-0.00065668015,0.0011893547,-0.0005705481,-0.0,0.0,0.0
38.198,-0.00065668015,-3.2375858e-05,-0.0005705481,-0.0,-0.0,0.0
38.239,-0.002489276,0.0024110852,0.0006511824,0.0,-0.0,-0.0
38.258,0.0011759156,0.0005784894,0.0006511824,-0.0,-0.0,0.0
38.298,0.00056505034,-0.0012541064,4.0317107e-05,-0.0,-0.0,-0.0
38.339,0.0036193766,0.0011893547,-0.0005705481,0.0,-0.0,0.0
38.358,0.0011759156,-3.2375858e-05,0.0006511824,-0.0,-0.0,-0.0
38.405,-0.0037110064,0.0011893547,0.0006511824,0.0,-0.0,-0.0
38.438,0.0017867808,0.0011893547,-0.0005705481,0.0,-0.0,0.0
38.461,-4.5814893e-05,-3.2375858e-05,-0.0005705481,-0.0,-0.0,0.0
38.497,-0.002489276,-0.0012541064,4.0317107e-05,-0.0,0.0,0.0
38.539,-4.5814893e-05,0.0011893547,-0.0005705481,-0.0,0.0,0.0
38.577,0.0017867808,-0.0006432411,4.0317107e-05,-0.0,-0.0,-0.0
38.598,-0.003100141,-3.2375858e-05,0.0006511824,-0.0,0.0,0.0
38.639,-0.00065668015,0.0005784894,-0.0005705481,-0.0,0.0,0.0
38.696,0.0023976462,0.0011893547,4.0317107e-05,8.5458686e-07,-1.7227804e-06,-2.896831e-08
38.738,0.0017867808,0.0024110852,0.0012620477,-0.0,-0.0,0.0
38.780,0.0017867808,-3.2375858e-05,4.0317107e-05,-0.0,-0.0,-0.0
38.798,0.00056505034,-0.0012541064,4.0317107e-05,-0.0,-0.0,-0.0
38.839,-4.5814893e-05,-0.0006432411,4.0317107e-05,-0.0,0.0,0.0
38.885,-0.0012675454,-0.0012541064,-0.0011814134,-0.0,-0.0,0.0
38.899,-4.5814893e-05,-0.0018649716,-0.0011814134,-0.0,-0.0,0.0
38.938,0.0023976462,-3.2375858e-05,4.0317107e-05,-0.0,-0.0,-0.0
38.978,0.0036193766,0.0030219504,4.0317107e-05,-0.0,-0.0,0.0
38.998,-0.004321872,-3.2375858e-05,4.0317107e-05,-0.0,0.0,0.0
39.038,0.004841107,0.0030219504,-0.0005705481,0.0,-0.0,0.0
39.079,-0.002489276,-0.0006432411,4.0317107e-05,-0.0,0.0,0.0
39.099,0.0011759156,-3.2375858e-05,4.0317107e-05,-0.0,-0.0,-0.0
39.138,0.00056505034,-0.0012541064,4.0317107e-05,-0.0,-0.0,-0.0
39.179,-0.0018784106,-0.0018649716,-0.0011814134,-0.0,-0.0,0.0
39.199,-4.5814893e-05,0.0005784894,4.0317107e-05,0.0,-0.0,-0.0
39.238,-0.0018784106,-3.2375858e-05,4.0317107e-05,-0.0,0.0,0.0
39.278,-0.0018784106,-0.0006432411,4.0317107e-05,-0.0,0.0,0.0
39.299,0.0023976462,-3.2375858e-05,-0.0005705481,-0.0,-0.0,0.0
39.338,-0.0012675454,-0.0018649716,4.0317107e-05,-0.0,0.0,0.0
39.379,-0.0037110064,-0.0012541064,4.0317107e-05,-0.0,0.0,0.0
39.418,0.0011759156,0.0011893547,0.0006511824,-0.0,-0.0,0.0
39.438,-4.5814893e-05,0.0005784894,-0.0005705481,-0.0,0.0,0.0
39.478,-0.003100141,-0.0006432411,0.0006511824,-5.581405e-07,2.6899972e-06,-5.650312e-07
39.518,0.0017867808,0.0005784894,-0.0005705481,0.0,-0.0,0.0
39.539,0.0017867808,-3.2375858e-05,4.0317107e-05,-0.0,-0.0,-0.0
39.579,0.0017867808,-0.0012541064,0.0006511824,-0.0,-0.0,-0.0
39.618,0.0011759156,-0.0006432411,-0.0005705481,-0.0,-0.0,0.0
39.639,0.0042302418,0.0005784894,0.0006511824,-0.0,-0.0,0.0
39.679,0.00056505034,-0.0006432411,0.0012620477,-0.0,-0.0,-0.0
39.718,-4.5814893e-05,-0.0012541064,-0.0005705481,-0.0,-0.0,0.0
39.738,0.0017867808,0.0005784894,4.0317107e-05,-0.0,-0.0,0.0
39.779,-0.0018784106,0.0005784894,4.0317107e-05,0.0,-0.0,-0.0
39.809,-0.0018784106,-0.0006432411,4.0317107e-05,-0.0,0.0,0.0
39.838,0.0011759156,0.0005784894,-0.0005705481,0.0,-0.0,0.0
39.878,0.00056505034,-3.2375858e-05,0.0006511824,-0.0,-0.0,-0.0
39.917,-0.0044043385,0.0005338962,0.0006505715,0.0,-0.0,-0.0
39.937,0.0010934487,-7.696902e-05,3.9706243e-05,-0.0,-0.0,-0.0
39.980,0.0010934487,-0.0012986995,3.9706243e-05,-0.0,-0.0,-0.0
40.018,-0.0013500121,0.0005338962,0.0006505715,2.279962e-07,5.7651187e-07,-2.778214e-07
40.037,0.0010934487,-7.696902e-05,3.9706243e-05,-0.0,-0.0,-0.0
40.081,-0.0044043385,-0.0006878343,0.0006505715,-0.0,0.0,0.0
40.117,-0.003182608,-0.0006878343,0.0012614367,-0.0,0.0,0.0
40.139,0.00048258356,0.0011447615,3.9706243e-05,-0.0,-0.0,0.0
40.178,0.0010934487,-7.696902e-05,-0.000571159,-0.0,-0.0,0.0
40.218,-0.0001282817,-0.0006878343,0.0006505715,-0.0,0.0,0.0
40.239,0.0010934487,0.0005338962,-0.0011820243,0.0,-0.0,0.0
40.278,-0.0019608773,0.0005338962,0.0012614367,0.0,-0.0,-0.0
40.319,0.001704314,-7.696902e-05,-0.000571159,-0.0,-0.0,0.0
40.358,-0.0025717427,0.0011447615,3.9706243e-05,0.0,-0.0,-0.0
40.380,0.0035369098,-7.696902e-05,3.9706243e-05,-0.0,-0.0,-0.0
40.418,-0.0037934734,-0.0006878343,0.0018723019,-0.0,0.0,0.0
40.458,-0.0025717427,0.0005338962,-0.000571159,-0.0,0.0,0.0
40.477,0.001704314,0.0011447615,0.0006505715,-0.0,-0.0,0.0
40.518,0.00048258356,-7.696902e-05,-0.000571159,-0.0,-0.0,0.0
40.558,-0.0019608773,0.0011447615,0.0012614367,7.9818244e-07,1.367216e-06,-8.795339e-07
40.577,-0.0019608773,-7.696902e-05,-0.000571159,-0.0,-0.0,0.0
40.618,-0.0019608773,-7.696902e-05,-0.000571159,-0.0,-0.0,0.0
40.657,-0.003182608,0.0005338962,0.0006505715,0.0,-0.0,-0.0
40.678,0.00475864,0.0005338962,-0.000571159,0.0,-0.0,0.0
40.717,-0.0037934734,-0.0006878343,0.0006505715,-0.0,0.0,0.0
40.757,-0.00073914696,-0.0012986995,3.9706243e-05,-0.0,0.0,0.0
40.778,-0.00073914696,-7.696902e-05,-0.000571159,-0.0,-0.0,0.0
40.818,-0.003182608,-0.0006878343,0.0006505715,-0.0,0.0,0.0
40.858,0.0035369098,0.0011447615,3.9706243e-05,-0.0,-0.0,0.0
40.877,-0.00073914696,0.0017556266,-0.000571159,-0.0,0.0,0.0
40.918,0.00048258356,-7.696902e-05,3.9706243e-05,-0.0,-0.0,-0.0
40.957,0.00048258356,-7.696902e-05,3.9706243e-05,-0.0,-0.0,-0.0
40.978,0.0010934487,0.0011447615,0.0012614367,-0.0,-0.0,0.0
41.018,-0.00073914696,-7.696902e-05,0.0006505715,-0.0,0.0,0.0
41.057,0.00048258356,-0.0006878343,3.9706243e-05,-0.0,-0.0,-0.0
41.099,-0.0001282817,-7.696902e-05,-0.0011820243,-2.4616886e-08,4.1028127e-08,3.7804492e-07
41.118,-0.008069529,-0.0006878343,0.0006505715,-0.0,0.0,0.0
41.159,0.0010934487,-0.0012986995,3.9706243e-05,-0.0,-0.0,-0.0
41.199,0.001704314,-0.0006878343,-0.0011820243,-0.0,-0.0,0.0
41.219,-0.0013500121,0.0005338962,0.0012614367,0.0,-0.0,-0.0
41.259,-0.0013500121,-0.0006878343,3.9706243e-05,-0.0,0.0,0.0
41.299,0.00048258356,0.0011447615,0.0006505715,-0.0,-0.0,0.0
41.320,0.0023151794,-0.0012986995,3.9706243e-05,-0.0,-0.0,-0.0
41.358,-0.0001282817,-0.0012986995,3.9706243e-05,-4.5516262e-07,4.495962e-08,-1.3916062e-08
41.399,-0.00073914696,0.0011447615,3.9706243e-05,0.0,-0.0,-0.0
41.419,0.0010934487,0.0005338962,0.0006505715,-0.0,-0.0,0.0
41.459,-0.0013500121,0.0005338962,-0.000571159,-0.0,0.0,0.0
41.501,0.00048258356,0.0005338962,3.9706243e-05,-0.0,-0.0,0.0
41.521,0.00048258356,-0.0012986995,-0.000571159,-0.0,-0.0,0.0
41.559,0.0010934487,-0.0019095647,0.0006505715,-0.0,-0.0,-0.0
41.601,0.00048258356,-7.696902e-05,3.9706243e-05,-0.0,-0.0,-0.0
41.620,-0.00073914696,-0.0006878343,0.0006505715,-0.0,0.0,0.0
41.659,-0.0013500121,0.0005338962,-0.000571159,-0.0,0.0,0.0
41.701,-0.0019608773,0.0017556266,-0.0011820243,-0.0,0.0,0.0
41.720,-0.0001282817,0.0005338962,-0.000571159,-0.0,0.0,0.0
41.759,0.00048258356,-7.696902e-05,-0.0011820243,-0.0,-0.0,0.0
41.802,-0.0019608773,-0.0012986995,-0.000571159,-0.0,-0.0,0.0
41.821,-0.0001282817,0.0005338962,3.9706243e-05,0.0,-0.0,-0.0
41.860,0.0029260444,-0.0006878343,3.9706243e-05,-0.0,-0.0,-0.0
41.901,0.001704314,-7.696902e-05,3.9706243e-05,-3.525864e-08,-7.8072685e-07,-1.8188992e-08
41.921,-0.0001282817,-0.0025204301,0.0006505715,-0.0,0.0,0.0
41.961,0.00048258356,-0.0006878343,3.9706243e-05,-0.0,-0.0,-0.0
42.001,-0.0019608773,-7.696902e-05,-0.000571159,-0.0,-0.0,0.0
42.021,-0.00073914696,-0.0006878343,0.0006505715,-0.0,0.0,0.0
42.060,-0.003182608,0.0011447615,0.0006505715,0.0,-0.0,-0.0
42.101,-0.0044043385,-0.0006878343,3.9706243e-05,-0.0,0.0,0.0
42.122,-0.0025717427,-0.0006878343,-0.000571159,-0.0,-0.0,0.0
42.161,-0.0013500121,-0.0006878343,3.9706243e-05,-0.0,0.0,0.0
42.201,-0.0013500121,-0.0006878343,3.9706243e-05,-0.0,0.0,0.0
42.241,0.0023151794,-7.696902e-05,-0.000571159,-0.0,-0.0,0.0
42.259,0.004147775,-7.696902e-05,-0.000571159,-0.0,-0.0,0.0
42.300,-0.0013500121,-7.696902e-05,0.0006505715,-0.0,0.0,0.0
42.340,-0.0001282817,-7.696902e-05,0.0006505715,-0.0,0.0,0.0
42.360,-0.0013500121,-0.0006878343,3.9706243e-05,-0.0,0.0,0.0
42.399,0.0029260444,-7.696902e-05,0.0006505715,-0.0,-0.0,-0.0
42.440,-0.0001282817,-7.696902e-05,3.9706243e-05,-3.1979535e-09,5.329922e-09,-1.6497379e-09
42.459,-0.0019608773,-0.0006878343,3.9706243e-05,-0.0,0.0,0.0
42.499,0.001704314,-7.696902e-05,0.0006505715,-0.0,-0.0,-0.0
42.541,-0.00073914696,0.0011447615,0.0012614367,0.0,-0.0,-0.0
42.560,0.0023151794,-0.0006878343,3.9706243e-05,-0.0,-0.0,-0.0
42.601,0.006591236,0.0005338962,-0.000571159,0.0,-0.0,0.0
42.639,-0.0001282817,-7.696902e-05,0.0006505715,-0.0,0.0,0.0
42.660,-0.0013500121,-7.696902e-05,-0.000571159,-0.0,-0.0,0.0
42.699,0.00048258356,-0.0006878343,0.0006505715,-1.9620857e-07,-1.3765964e-07,-1.8557915e-07
42.741,0.0010934487,-7.696902e-05,3.9706243e-05,-0.0,-0.0,-0.0
42.760,0.0029260444,-0.0006878343,3.9706243e-05,-0.0,-0.0,-0.0
42.800,0.00048258356,-7.696902e-05,0.0012614367,-0.0,-0.0,-0.0
42.841,0.0029260444,-7.696902e-05,0.0006505715,-0.0,-0.0,-0.0
42.879,0.0053695054,-0.0012986995,0.0006505715,-0.0,-0.0,-0.0
42.899,-0.0001282817,-0.0006878343,-0.0011820243,-0.0,-0.0,0.0
42.939,0.0010934487,0.0011447615,3.9706243e-05,-0.0,-0.0,0.0
42.961,0.001704314,0.0005338962,3.9706243e-05,-0.0,-0.0,0.0
42.999,-0.0025717427,0.0017556266,-0.000571159,-0.0,0.0,0.0
43.042,-0.0001282817,-7.696902e-05,3.9706243e-05,-0.0,0.0,0.0
43.062,-0.00073914696,-0.0006878343,-0.0011820243,-0.0,-0.0,0.0
43.101,0.00048258356,0.0005338962,3.9706243e-05,-0.0,-0.0,0.0
43.142,-0.0025717427,-0.0012986995,3.9706243e-05,-0.0,0.0,0.0
43.164,-0.0019608773,-7.696902e-05,3.9706243e-05,-0.0,0.0,0.0
43.202,-0.005626069,-0.0012986995,0.0012614367,-0.0,0.0,0.0
43.242,0.0029260444,-7.696902e-05,-0.000571159,-6.16166e-08,-2.342429e-06,4.572382e-07
43.264,-0.003182608,-0.0006878343,3.9706243e-05,-0.0,0.0,0.0
43.303,-0.0013500121,0.0005338962,-0.000571159,-0.0,0.0,0.0
43.342,-0.006236934,-7.696902e-05,0.0006505715,-0.0,0.0,0.0
43.382,0.00048258356,-0.0012986995,3.9706243e-05,-0.0,-0.0,-0.0
43.401,-0.0025717427,-7.696902e-05,-0.000571159,-0.0,-0.0,0.0
43.442,0.00048258356,0.0005338962,-0.000571159,0.0,-0.0,0.0
43.481,-0.0001282817,-0.0006878343,3.9706243e-05,-0.0,0.0,0.0
43.502,0.0010934487,0.0005338962,0.0006505715,-0.0,-0.0,0.0
43.540,-0.0019608773,0.0011447615,-0.000571159,-0.0,0.0,0.0
43.582,-0.0019608773,-0.003131295,0.0006505715,-0.0,0.0,0.0
43.601,-0.0013500121,0.0017556266,-0.000571159,-0.0,0.0,0.0
43.640,0.0023151794,-0.0006878343,-0.0011820243,-0.0,-0.0,0.0
43.682,-0.0025717427,-0.0025204301,3.9706243e-05,-0.0,0.0,0.0
43.701,-0.0001282817,-0.0025204301,-0.000571159,-0.0,-0.0,0.0
43.742,0.00048258356,0.0005338962,0.0006505715,-0.0,-0.0,0.0
43.781,0.0023151794,-0.0006878343,0.0006505715,-4.618349e-07,-1.5544875e-06,-4.3681547e-07
43.801,0.0029260444,-0.0006878343,3.9706243e-05,-0.0,-0.0,-0.0
43.842,0.001704314,-0.0006878343,-0.000571159,-0.0,-0.0,0.0
43.881,0.0035369098,-0.0025204301,0.0006505715,-0.0,-0.0,-0.0
43.904,-0.0001282817,-0.0012986995,3.9706243e-05,-0.0,0.0,0.0
43.942,0.001704314,0.0005338962,-0.000571159,0.0,-0.0,0.0
43.983,0.00069149944,7.391469e-05,1.2217305e-05,-0.0,-0.0,0.0
44.021,0.0019132299,-0.0011478158,-0.000598648,-0.0,-0.0,0.0
44.043,-0.0011410962,7.391469e-05,-0.000598648,2.5609438e-08,3.9535954e-07,2.0741562e-07
44.081,-0.002973692,-0.0011478158,1.2217305e-05,-0.0,0.0,0.0
44.121,0.0013023647,7.391469e-05,1.2217305e-05,-0.0,-0.0,0.0
44.142,0.0031349603,0.00068477995,0.00062308257,-0.0,-0.0,0.0
44.182,0.0019132299,-0.0011478158,-0.000598648,-0.0,-0.0,0.0
44.222,0.0019132299,7.391469e-05,-0.0012095132,0.0,-0.0,0.0
44.241,0.0031349603,7.391469e-05,1.2217305e-05,-0.0,-0.0,0.0
44.283,0.0013023647,7.391469e-05,1.2217305e-05,-0.0,-0.0,0.0
44.321,-0.0017519614,-0.00053695054,0.00062308257,-2.7896706e-07,9.102139e-07,-3.2371614e-07
44.343,0.0013023647,7.391469e-05,1.2217305e-05,-0.0,-0.0,0.0
44.382,0.0031349603,7.391469e-05,0.0012339477,-0.0,-0.0,0.0
44.421,-0.0011410962,-0.0011478158,0.00062308257,-0.0,0.0,0.0
44.442,-0.00053023105,7.391469e-05,1.2217305e-05,0.0,-0.0,-0.0
44.482,0.007411017,0.0019065104,-0.000598648,0.0,-0.0,0.0
44.522,-0.0011410962,-0.0011478158,0.00062308257,-0.0,0.0,0.0
44.541,-0.00053023105,7.391469e-05,-0.0012095132,-0.0,0.0,0.0
44.582,-0.002973692,7.391469e-05,1.2217305e-05,5.902071e-08,2.3744856e-06,-9.755558e-09
44.621,-0.0023628268,7.391469e-05,-0.000598648,-0.0,0.0,0.0
44.641,-0.0011410962,0.00068477995,-0.0018203785,-0.0,0.0,0.0
44.681,8.0634214e-05,-0.0011478158,0.00062308257,-0.0,-0.0,-0.0
44.721,-0.002973692,7.391469e-05,0.00062308257,0.0,-0.0,-0.0
44.741,-0.0023628268,7.391469e-05,0.00062308257,0.0,-0.0,-0.0
44.781,0.0013023647,0.00068477995,0.00062308257,-0.0,-0.0,0.0
44.822,0.004967556,0.00068477995,1.2217305e-05,-0.0,-0.0,0.0
44.861,-0.0011410962,7.391469e-05,1.2217305e-05,2.2689605e-08,3.5028248e-07,-3.750352e-09
44.889,0.0013023647,7.391469e-05,1.2217305e-05,-0.0,-0.0,0.0
44.920,-0.0017519614,0.0012956453,1.2217305e-05,0.0,-0.0,-0.0
44.960,0.00069149944,0.0012956453,1.2217305e-05,-0.0,-0.0,0.0
44.980,-0.0011410962,0.00068477995,-0.0012095132,-0.0,0.0,0.0
45.021,-0.002973692,0.00068477995,1.2217305e-05,0.0,-0.0,-0.0
45.061,-0.0011410962,-0.0029804115,1.2217305e-05,-0.0,0.0,0.0
45.084,8.0634214e-05,-0.001758681,1.2217305e-05,-0.0,-0.0,-0.0
45.121,-0.0011410962,0.0012956453,1.2217305e-05,6.0048626e-07,5.288582e-07,-5.6624527e-09
45.161,0.004967556,0.0012956453,-0.000598648,0.0,-0.0,0.0
45.182,-0.0023628268,-0.002369546,0.00062308257,-0.0,0.0,0.0
45.221,0.004967556,7.391469e-05,-0.000598648,0.0,-0.0,0.0
45.247,0.0019132299,7.391469e-05,0.00062308257,-0.0,-0.0,0.0
45.281,-0.0011410962,-0.0011478158,0.00062308257,-0.0,0.0,0.0
45.323,0.00069149944,0.00068477995,0.00062308257,-0.0,-0.0,0.0
45.362,-0.002973692,-0.0029804115,1.2217305e-05,-0.0,0.0,0.0
45.382,0.0025240954,7.391469e-05,-0.000598648,0.0,-0.0,0.0
45.421,-0.0060280184,-0.00053695054,1.2217305e-05,-0.0,0.0,0.0
45.463,0.00069149944,0.00068477995,-0.000598648,0.0,-0.0,0.0
45.483,0.0019132299,0.0012956453,0.00062308257,-0.0,-0.0,0.0
45.522,-0.002973692,0.00068477995,-0.000598648,-0.0,0.0,0.0
45.561,0.0013023647,7.391469e-05,-0.000598648,0.0,-0.0,0.0
45.581,-0.005417153,0.00068477995,1.2217305e-05,0.0,-0.0,-0.0
45.622,0.0025240954,7.391469e-05,1.2217305e-05,-0.0,-0.0,0.0
45.662,-0.0011410962,-0.00053695054,1.2217305e-05,-1.8178162e-07,3.8631177e-07,-4.1360653e-09
45.701,-0.0017519614,7.391469e-05,0.00062308257,0.0,-0.0,-0.0
45.722,0.00069149944,0.0012956453,-0.000598648,0.0,-0.0,0.0
45.761,0.0019132299,0.00068477995,1.2217305e-05,-0.0,-0.0,0.0
45.802,-0.0011410962,7.391469e-05,1.2217305e-05,0.0,-0.0,-0.0
45.823,8.0634214e-05,0.00068477995,0.00062308257,-0.0,-0.0,0.0
45.862,0.0019132299,0.0012956453,0.00062308257,-0.0,-0.0,0.0
45.909,0.0025240954,0.00068477995,-0.000598648,0.0,-0.0,0.0
45.921,0.0013023647,7.391469e-05,1.2217305e-05,2.5883356e-08,-4.5606052e-07,-4.2782355e-09
45.962,0.0013023647,0.0012956453,1.2217305e-05,-0.0,-0.0,0.0
45.987,-0.0023628268,-0.00053695054,0.001844813,-0.0,0.0,0.0
46.023,0.00069149944,0.00068477995,0.00062308257,-0.0,-0.0,0.0
46.063,-0.00053023105,-0.001758681,0.00062308257,-0.0,0.0,0.0
46.101,-0.0011410962,0.0019065104,-0.000598648,-0.0,0.0,0.0
46.124,0.0013023647,0.0019065104,-0.000598648,0.0,-0.0,0.0
46.162,-0.0023628268,-0.00053695054,0.001844813,-0.0,0.0,0.0
46.204,-0.00053023105,-0.002369546,0.00062308257,-1.5945105e-06,3.5680245e-07,-4.192833e-07
46.222,-0.00053023105,7.391469e-05,1.2217305e-05,0.0,-0.0,-0.0
46.262,0.00069149944,7.391469e-05,1.2217305e-05,-0.0,-0.0,0.0
46.302,0.0019132299,7.391469e-05,-0.000598648,0.0,-0.0,0.0
46.325,0.0031349603,7.391469e-05,-0.000598648,0.0,-0.0,0.0
46.362,-0.0011410962,0.00068477995,1.2217305e-05,0.0,-0.0,-0.0
46.402,0.0025240954,0.00068477995,1.2217305e-05,-0.0,-0.0,0.0
46.422,0.0031349603,0.00068477995,1.2217305e-05,-0.0,-0.0,0.0
46.462,-0.00053023105,7.391469e-05,-0.0012095132,2.6244042e-08,1.8826334e-07,4.2944862e-07
46.502,-0.0011410962,-0.00053695054,1.2217305e-05,-0.0,0.0,0.0
46.522,-0.0011410962,0.00068477995,0.00062308257,0.0,-0.0,-0.0
46.564,0.0025240954,7.391469e-05,0.00062308257,-0.0,-0.0,0.0
46.602,-0.00053023105,0.00068477995,-0.0012095132,-0.0,0.0,0.0
46.623,0.0019132299,0.0012956453,-0.000598648,0.0,-0.0,0.0
46.661,8.0634214e-05,-0.0011478158,1.2217305e-05,-0.0,-0.0,-0.0
46.702,0.00069149944,0.00068477995,0.00062308257,-0.0,-0.0,0.0
46.743,0.0013023647,-0.001758681,0.00062308257,-1.0741885e-06,-7.9547385e-07,-3.8057433e-07
46.762,0.00069149944,-0.00053695054,0.0012339477,-0.0,-0.0,-0.0
46.806,-0.0017519614,-0.0011478158,1.2217305e-05,-0.0,0.0,0.0
46.824,0.00069149944,0.00068477995,-0.000598648,0.0,-0.0,0.0
46.863,-0.0023628268,-0.00053695054,1.2217305e-05,-0.0,0.0,0.0
46.902,-0.0011410962,-0.00053695054,-0.000598648,-0.0,-0.0,0.0
46.943,8.0634214e-05,0.0019065104,1.2217305e-05,-0.0,-0.0,0.0
46.962,0.0025240954,0.00068477995,1.2217305e-05,-0.0,-0.0,0.0
47.003,0.00069149944,7.391469e-05,-0.0012095132,2.7682487e-08,-2.589794e-07,4.529852e-07
47.043,-0.0023628268,7.391469e-05,0.00062308257,0.0,-0.0,-0.0
47.062,-0.00053023105,-0.001758681,1.2217305e-05,-0.0,0.0,0.0
47.102,-0.0017519614,-0.00053695054,-0.000598648,-0.0,-0.0,0.0
47.142,0.0019132299,0.00068477995,0.00062308257,-0.0,-0.0,0.0
47.162,0.0013023647,0.00068477995,-0.000598648,0.0,-0.0,0.0
47.202,-0.0017519614,-0.00053695054,0.00062308257,-0.0,0.0,0.0
47.243,-0.002973692,-0.00053695054,-0.000598648,-0.0,-0.0,0.0
47.264,-0.002973692,7.391469e-05,0.00062308257,6.0301716e-08,2.425998e-06,-5.083234e-07
47.302,0.00069149944,0.0012956453,1.2217305e-05,-0.0,-0.0,0.0
47.343,0.0019132299,-0.0011478158,-0.000598648,-0.0,-0.0,0.0
47.362,-0.004195423,-0.00053695054,0.0012339477,-0.0,0.0,0.0
47.403,0.0013023647,0.0012956453,-0.000598648,0.0,-0.0,0.0
47.442,0.0037458257,0.00068477995,1.2217305e-05,-0.0,-0.0,0.0
47.482,0.00069149944,-0.00053695054,1.2217305e-05,-0.0,-0.0,-0.0
47.502,0.0025240954,-0.0011478158,0.00062308257,-0.0,-0.0,-0.0
47.542,0.0037458257,7.391469e-05,1.2217305e-05,7.4336974e-08,-3.7672269e-06,-1.2286966e-08
47.582,0.0037458257,-0.00053695054,0.00062308257,-0.0,-0.0,-0.0
47.601,-0.0017519614,0.0019065104,1.2217305e-05,0.0,-0.0,-0.0
47.643,0.0013023647,7.391469e-05,0.00062308257,-0.0,-0.0,0.0
47.682,8.0634214e-05,7.391469e-05,0.00062308257,-0.0,-0.0,0.0
47.703,-0.0017519614,7.391469e-05,1.2217305e-05,0.0,-0.0,-0.0
47.741,-0.0017519614,0.00068477995,-0.000598648,-0.0,0.0,0.0
47.782,0.0019132299,7.391469e-05,0.0012339477,-0.0,-0.0,0.0
47.803,-0.0017519614,7.391469e-05,0.00062308257,3.6923463e-08,8.7517446e-07,-3.1125455e-07
47.842,0.00069149944,7.391469e-05,-0.000598648,0.0,-0.0,0.0
47.889,8.0634214e-05,7.391469e-05,1.2217305e-05,-0.0,-0.0,0.0
47.901,0.0043566907,0.0012956453,1.2217305e-05,-0.0,-0.0,0.0
47.942,-0.002973692,-0.001758681,0.0012339477,-0.0,0.0,0.0
47.982,0.0013023647,0.00068477995,1.2217305e-05,-0.0,-0.0,0.0
48.002,-0.0011410962,-0.001758681,-0.000598648,-0.0,-0.0,0.0
48.042,0.0019132299,7.391469e-05,1.2217305e-05,-0.0,-0.0,0.0
48.083,0.0030494393,0.0012296718,0.0011991285,1.1552612e-06,-2.8649144e-06,-1.126566e-06
48.102,-0.0006157522,-0.000602924,0.0005882632,-0.0,0.0,0.0
48.142,0.0018277088,7.9412475e-06,0.0005882632,-0.0,-0.0,0.0
48.182,0.002438574,0.0012296718,-2.2602015e-05,0.0,-0.0,0.0
48.224,0.0012168436,7.9412475e-06,0.0005882632,-0.0,-0.0,0.0
48.243,-0.0006157522,0.00061880646,0.0005882632,0.0,-0.0,-0.0
48.282,0.0006059783,7.9412475e-06,-2.2602015e-05,0.0,-0.0,0.0
48.322,0.0012168436,0.00061880646,0.0005882632,-0.0,-0.0,0.0
48.342,0.0030494393,-0.000602924,-2.2602015e-05,-5.031075e-07,-2.5445927e-06,1.8859524e-08
48.382,-0.0012266175,-0.0012137892,-2.2602015e-05,-0.0,-0.0,0.0
48.422,0.0006059783,-0.0012137892,0.0011991285,-0.0,-0.0,-0.0
48.448,-0.0006157522,-0.0012137892,0.0005882632,-0.0,0.0,0.0
48.482,0.0012168436,0.00061880646,0.0011991285,-0.0,-0.0,0.0
48.522,-0.0006157522,7.9412475e-06,-0.0006334673,-0.0,0.0,0.0
48.544,0.002438574,-0.0012137892,-2.2602015e-05,-0.0,-0.0,0.0
48.583,-0.003059213,-0.0018246544,-0.0012443325,-0.0,-0.0,0.0
48.622,-4.886922e-06,0.0012296718,0.0005882632,4.4995784e-07,1.7881595e-09,-2.1525553e-07
48.642,-0.0018374827,7.9412475e-06,0.0018099938,0.0,-0.0,-0.0
48.683,-4.886922e-06,7.9412475e-06,-2.2602015e-05,-0.0,0.0,0.0
48.723,0.0006059783,0.00061880646,0.0005882632,-0.0,-0.0,0.0
48.742,0.0012168436,0.0012296718,0.0005882632,-0.0,-0.0,0.0
48.784,0.0006059783,7.9412475e-06,-2.2602015e-05,0.0,-0.0,0.0
48.823,-0.0012266175,7.9412475e-06,-0.0012443325,-0.0,0.0,0.0
48.845,0.0061037657,0.0012296718,-2.2602015e-05,0.0,-0.0,0.0
48.884,-0.0012266175,7.9412475e-06,-2.2602015e-05,2.6152926e-09,4.0396242e-07,7.44353e-09
48.924,-4.886922e-06,0.00061880646,-2.2602015e-05,-0.0,0.0,0.0
48.942,0.0018277088,-0.000602924,-2.2602015e-05,-0.0,-0.0,0.0
48.983,-0.0006157522,7.9412475e-06,-0.0006334673,-0.0,0.0,0.0
49.023,0.0018277088,7.9412475e-06,-0.002466063,0.0,-0.0,0.0
49.043,-0.0006157522,-0.000602924,0.0011991285,-0.0,0.0,0.0
49.084,-0.003059213,0.00061880646,-0.0012443325,-0.0,0.0,0.0
49.122,-0.0012266175,-0.000602924,0.0005882632,-0.0,0.0,0.0
49.145,-0.0012266175,0.00061880646,-0.0012443325,3.079024e-07,6.1033427e-07,6.1914864e-07
49.186,0.0018277088,7.9412475e-06,-0.0006334673,0.0,-0.0,0.0
49.224,0.0006059783,0.00061880646,-2.2602015e-05,0.0,-0.0,0.0
49.263,0.002438574,0.0012296718,-2.2602015e-05,0.0,-0.0,0.0
49.284,0.0054929005,0.00061880646,-0.0006334673,0.0,-0.0,0.0
49.323,0.0036603045,0.0012296718,-2.2602015e-05,0.0,-0.0,0.0
49.364,0.0006059783,0.00061880646,-0.0006334673,0.0,-0.0,0.0
49.384,0.0030494393,7.9412475e-06,0.0005882632,-0.0,-0.0,0.0
49.423,-0.0036700782,7.9412475e-06,0.0005882632,7.924506e-09,3.6618444e-06,-5.8694343e-07
49.463,-4.886922e-06,-0.0012137892,0.0005882632,-0.0,0.0,0.0
49.487,-0.004891809,7.9412475e-06,0.0005882632,0.0,-0.0,-0.0
49.522,-0.0024483479,0.001840537,-0.0006334673,-0.0,0.0,0.0
49.563,-4.886922e-06,0.0012296718,0.0005882632,0.0,-0.0,-0.0
49.582,-0.0024483479,-0.0012137892,-2.2602015e-05,-0.0,-0.0,0.0
49.623,-0.0024483479,-0.000602924,-0.0006334673,-0.0,-0.0,0.0
49.662,0.0012168436,-0.0018246544,-0.0006334673,-0.0,-0.0,0.0
49.686,-0.004280944,7.9412475e-06,0.0018099938,9.913933e-09,5.3411222e-06,-2.2582396e-06
49.723,-4.886922e-06,-0.000602924,-0.0006334673,-0.0,-0.0,0.0
49.762,0.0018277088,-0.000602924,-2.2602015e-05,-0.0,-0.0,0.0
49.782,-4.886922e-06,0.00061880646,-2.2602015e-05,-0.0,0.0,0.0
49.823,0.0006059783,0.00061880646,-2.2602015e-05,0.0,-0.0,0.0
49.863,0.0006059783,0.00061880646,-0.0006334673,0.0,-0.0,0.0
49.883,-0.0012266175,7.9412475e-06,-2.2602015e-05,-0.0,0.0,0.0
49.927,-0.0006157522,-0.000602924,-2.2602015e-05,-0.0,-0.0,0.0
49.963,-0.0012266175,0.001840537,0.0011991285,1.2430511e-06,8.28425e-07,-8.0986064e-07
49.986,-0.0006157522,7.9412475e-06,0.0011991285,0.0,-0.0,-0.0
50.024,-0.0012266175,-0.0012137892,0.0011991285,-0.0,0.0,0.0
50.064,-0.0012266175,0.00061880646,0.0005882632,0.0,-0.0,-0.0
50.084,-0.0006157522,-0.000602924,0.0005882632,-0.0,0.0,0.0
50.124,0.0006059783,0.00061880646,-0.0006334673,0.0,-0.0,0.0
50.163,-0.0012266175,0.001840537,0.0005882632,0.0,-0.0,-0.0
50.185,-0.003059213,-0.0012137892,-0.0006334673,-0.0,-0.0,0.0
50.224,-0.0006157522,0.00061880646,0.0005882632,1.7485952e-07,1.7399643e-07,-1.6622874e-07
50.265,-0.0012266175,-0.0012137892,0.0005882632,-0.0,0.0,0.0
50.303,0.002438574,0.0012296718,-2.2602015e-05,0.0,-0.0,0.0
50.323,0.0067146304,0.0012296718,-0.0012443325,0.0,-0.0,0.0
50.362,-0.0012266175,-0.0012137892,0.0005882632,-0.0,0.0,0.0
50.403,-0.0006157522,-0.000602924,0.0005882632,-0.0,0.0,0.0
50.424,-0.0036700782,7.9412475e-06,-2.2602015e-05,-0.0,0.0,0.0
50.462,-4.886922e-06,-0.000602924,-2.2602015e-05,-0.0,-0.0,0.0
50.503,-4.886922e-06,0.0012296718,0.0005882632,0.0,-0.0,-0.0
50.524,-0.0024483479,7.9412475e-06,-2.2602015e-05,-0.0,0.0,0.0
50.562,-0.0006157522,0.001840537,-0.0006334673,-0.0,0.0,0.0
50.602,-4.886922e-06,7.9412475e-06,0.0005882632,0.0,-0.0,-0.0
50.624,-0.0018374827,7.9412475e-06,0.0005882632,0.0,-0.0,-0.0
50.662,-0.0006157522,-0.0012137892,-2.2602015e-05,-0.0,-0.0,0.0
50.703,-4.886922e-06,-0.000602924,-0.0006334673,-0.0,-0.0,0.0
50.723,-0.0012266175,-0.0012137892,-2.2602015e-05,-0.0,-0.0,0.0
50.763,0.0048820353,7.9412475e-06,-0.0006334673,1.0497048e-08,-6.4516034e-06,8.371262e-07
50.803,0.002438574,-0.000602924,-0.0012443325,-0.0,-0.0,0.0
50.825,-4.886922e-06,-0.000602924,-0.0006334673,-0.0,-0.0,0.0
50.863,0.0018277088,7.9412475e-06,0.0011991285,-0.0,-0.0,0.0
50.902,-0.0055026743,-0.0012137892,0.0011991285,-0.0,0.0,0.0
50.942,0.002438574,0.0012296718,-2.2602015e-05,0.0,-0.0,0.0
50.962,-0.0006157522,7.9412475e-06,0.0005882632,0.0,-0.0,-0.0
51.002,-4.886922e-06,-0.000602924,-2.2602015e-05,-0.0,-0.0,0.0
51.043,0.0006059783,0.0012296718,-2.2602015e-05,0.0,-0.0,0.0
51.067,-0.0024483479,-0.000602924,-2.2602015e-05,-0.0,-0.0,0.0
51.103,-0.003059213,7.9412475e-06,0.0005882632,0.0,-0.0,-0.0
51.144,0.0018277088,-0.0018246544,-0.0006334673,-0.0,-0.0,0.0
51.163,-0.0006157522,7.9412475e-06,-2.2602015e-05,-0.0,0.0,0.0
51.202,0.0012168436,0.0012296718,-0.0006334673,0.0,-0.0,0.0
51.245,0.0048820353,0.0012296718,0.0005882632,-0.0,-0.0,0.0
51.264,0.0030494393,0.0012296718,-0.0012443325,0.0,-0.0,0.0
51.305,-4.886922e-06,0.00061880646,-0.0006334673,1.471009e-07,1.1617163e-09,1.5058603e-07
51.344,-0.00733527,-0.0012137892,0.0005882632,-0.0,0.0,0.0
51.366,-0.0018374827,0.0012296718,-2.2602015e-05,-0.0,0.0,0.0
51.405,0.0006059783,-0.000602924,0.0011991285,-0.0,-0.0,-0.0
51.444,0.0018277088,7.9412475e-06,-0.0006334673,0.0,-0.0,0.0
51.464,0.0030494393,0.00061880646,-2.2602015e-05,0.0,-0.0,0.0
51.506,-0.0012266175,0.00061880646,-2.2602015e-05,-0.0,0.0,0.0
51.544,-0.0012266175,-0.000602924,-0.0006334673,-0.0,-0.0,0.0
51.563,-0.0018374827,-0.000602924,0.0011991285,-3.6827586e-07,1.1223658e-06,-7.324479e-07
51.603,-0.0018374827,-0.000602924,0.0011991285,-0.0,0.0,0.0
51.644,-0.0006157522,-0.0018246544,0.0005882632,-0.0,0.0,0.0
51.664,-0.0024483479,7.9412475e-06,0.0005882632,0.0,-0.0,-0.0
51.703,0.0006059783,0.0012296718,-2.2602015e-05,0.0,-0.0,0.0
51.743,-0.0018374827,-0.0012137892,-2.2602015e-05,-0.0,-0.0,0.0
51.783,0.0006059783,0.0012296718,-2.2602015e-05,0.0,-0.0,0.0
51.803,-0.0018374827,0.00061880646,-2.2602015e-05,-0.0,0.0,0.0
51.848,0.0012168436,0.0012296718,-2.2602015e-05,5.7109065e-07,-5.6513295e-07,1.0497109e-08
51.865,0.0018277088,0.0012296718,0.0005882632,-0.0,-0.0,0.0
51.904,0.0030494393,7.9412475e-06,-2.2602015e-05,0.0,-0.0,0.0
51.944,-4.886922e-06,-0.000602924,0.0018099938,-0.0,0.0,0.0
51.984,0.0012168436,-0.000602924,-2.2602015e-05,-0.0,-0.0,0.0
52.005,0.0012168436,-0.0018246544,0.0005882632,-0.0,-0.0,-0.0
52.045,-0.0006157522,0.00061880646,0.0005882632,0.0,-0.0,-0.0
52.086,0.0018277088,0.00061880646,-2.2602015e-05,0.0,-0.0,0.0
52.104,-0.0006157522,-0.0012137892,0.0005882632,-4.831091e-07,2.450801e-07,-2.341389e-07
52.145,0.0035271358,0.00058337627,-0.0006640105,0.0,-0.0,0.0
52.167,0.0016945401,0.00058337627,0.00055771996,-0.0,-0.0,0.0
52.205,0.0004728097,-0.00063835416,0.00055771996,-0.0,-0.0,-0.0
52.245,-0.003192382,-0.0012492194,0.00055771996,-0.0,0.0,0.0
52.284,-0.00013805555,-0.00063835416,0.00055771996,-0.0,0.0,0.0
52.305,-0.0007489208,-0.0012492194,0.00055771996,-0.0,0.0,0.0
52.343,-0.0019706513,-0.00063835416,0.00055771996,-0.0,0.0,0.0
52.386,0.0016945401,-2.7488935e-05,0.00055771996,-0.0,-0.0,-0.0
52.404,-0.0007489208,0.00058337627,-0.0006640105,-0.0,0.0,0.0
52.446,-0.003192382,-0.00063835416,-0.0006640105,-0.0,-0.0,0.0
52.484,-0.0044141123,-0.0012492194,-5.3145275e-05,-0.0,-0.0,0.0
52.504,0.001083675,-0.0018600847,-0.0006640105,-0.0,-0.0,0.0
52.544,0.0023054054,-2.7488935e-05,-5.3145275e-05,-0.0,-0.0,0.0
52.584,0.001083675,0.00058337627,-5.3145275e-05,0.0,-0.0,0.0
52.604,0.0023054054,-2.7488935e-05,0.00055771996,-0.0,-0.0,-0.0
52.644,0.0023054054,0.00058337627,-5.3145275e-05,3.7249623e-07,-1.4720426e-06,3.3934484e-08
52.685,-0.00013805555,-2.7488935e-05,-5.3145275e-05,-0.0,-0.0,0.0
52.705,0.001083675,-2.7488935e-05,-5.3145275e-05,-0.0,-0.0,0.0
52.746,0.0004728097,-0.00063835416,-0.0006640105,-0.0,-0.0,0.0
52.784,-0.00013805555,-0.0012492194,0.00055771996,-0.0,0.0,0.0
52.824,0.0029162706,0.0018051068,-0.0006640105,0.0,-0.0,0.0
52.845,0.0004728097,-2.7488935e-05,0.00055771996,-0.0,-0.0,-0.0
52.892,0.0016945401,-0.0012492194,-5.3145275e-05,-0.0,-0.0,0.0
52.906,0.0023054054,0.0018051068,0.00055771996,1.4442938e-06,-1.8445916e-06,-4.462392e-07
52.944,-0.0025815165,-2.7488935e-05,0.00055771996,-0.0,0.0,0.0
52.984,-0.0007489208,0.00058337627,0.00055771996,0.0,-0.0,-0.0
53.024,-0.003192382,-0.00063835416,0.00055771996,-0.0,0.0,0.0
53.045,0.0023054054,-0.00063835416,-0.0006640105,-0.0,-0.0,0.0
53.085,0.0004728097,-2.7488935e-05,-5.3145275e-05,-0.0,-0.0,0.0
53.124,-0.00013805555,-2.7488935e-05,-0.0006640105,-0.0,-0.0,0.0
53.144,0.0023054054,-2.7488935e-05,-5.3145275e-05,-0.0,-0.0,0.0
53.184,-0.00013805555,0.00058337627,-0.0012748757,2.2061523e-07,5.220848e-08,4.821194e-07
53.225,-0.0007489208,-2.7488935e-05,-0.0006640105,-0.0,-0.0,0.0
53.244,0.001083675,-2.7488935e-05,-0.0006640105,-0.0,-0.0,0.0
53.284,0.0004728097,0.00058337627,-0.0006640105,0.0,-0.0,0.0
53.324,0.001083675,0.0018051068,-5.3145275e-05,0.0,-0.0,0.0
53.345,0.001083675,-0.00063835416,-5.3145275e-05,-0.0,-0.0,0.0
53.388,-0.0007489208,0.00058337627,-0.0006640105,-0.0,0.0,0.0
53.425,0.0053597316,0.0011942416,-5.3145275e-05,0.0,-0.0,0.0
53.444,0.0016945401,0.0011942416,0.00055771996,6.882125e-07,-9.765228e-07,-3.2140025e-07
53.484,-0.00013805555,-0.00063835416,-5.3145275e-05,-0.0,-0.0,0.0
53.524,-0.001359786,-0.0012492194,0.0011685851,-0.0,0.0,0.0
53.544,-0.0007489208,-0.0018600847,-0.0012748757,-0.0,-0.0,0.0
53.584,0.0023054054,0.00058337627,0.00055771996,-0.0,-0.0,0.0
53.623,0.0029162706,0.0011942416,-0.0012748757,0.0,-0.0,0.0
53.663,0.0016945401,-0.00063835416,-5.3145275e-05,-0.0,-0.0,0.0
53.684,0.0035271358,-2.7488935e-05,-5.3145275e-05,-0.0,-0.0,0.0
53.724,0.0016945401,-2.7488935e-05,-5.3145275e-05,-0.0,-0.0,0.0
53.767,0.0029162706,0.00058337627,-0.0012748757,0.0,-0.0,0.0
53.784,-0.00013805555,-0.00063835416,0.00055771996,-0.0,0.0,0.0
53.824,-0.006246708,-2.7488935e-05,0.00055771996,-0.0,0.0,0.0
53.865,-0.00013805555,-0.0012492194,0.00055771996,-0.0,0.0,0.0
53.886,-0.001359786,0.00058337627,0.00055771996,0.0,-0.0,-0.0
53.924,0.0016945401,0.00058337627,-0.0006640105,0.0,-0.0,0.0
53.963,-0.001359786,-0.0018600847,-5.3145275e-05,-0.0,-0.0,0.0
53.985,-0.00013805555,0.00058337627,0.00055771996,1.2822366e-07,3.0344026e-08,-1.2258452e-07
54.024,-0.003803247,-0.00063835416,-5.3145275e-05,-0.0,-0.0,0.0
54.064,-0.0019706513,-0.00063835416,-5.3145275e-05,-0.0,-0.0,0.0
54.084,-0.001359786,-2.7488935e-05,0.00055771996,-0.0,0.0,0.0
54.126,0.0047488664,0.0018051068,-5.3145275e-05,0.0,-0.0,0.0
54.164,-0.00013805555,-2.7488935e-05,0.00055771996,-0.0,0.0,0.0
54.187,0.0029162706,-0.00063835416,-5.3145275e-05,-0.0,-0.0,0.0
54.224,-0.00013805555,-0.0012492194,-5.3145275e-05,-0.0,-0.0,0.0
54.264,0.0023054054,-0.00063835416,-5.3145275e-05,-0.0,-0.0,0.0
54.284,-0.0007489208,-2.7488935e-05,-5.3145275e-05,-0.0,-0.0,0.0
54.324,0.0023054054,-2.7488935e-05,-0.0006640105,-0.0,-0.0,0.0
54.365,-0.001359786,0.00058337627,-5.3145275e-05,-0.0,0.0,0.0
54.403,-0.003192382,-0.00063835416,-5.3145275e-05,-0.0,-0.0,0.0
54.425,0.001083675,0.00058337627,-0.0006640105,0.0,-0.0,0.0
54.464,-0.003192382,-0.00063835416,0.0017794505,-0.0,0.0,0.0
54.504,0.0053597316,-0.0018600847,-5.3145275e-05,-0.0,-0.0,0.0
54.524,-0.0007489208,-2.7488935e-05,-0.0006640105,-7.3884174e-09,2.0129285e-07,1.784709e-07
54.563,-0.00013805555,-2.7488935e-05,0.00055771996,-0.0,0.0,0.0
54.604,-0.0019706513,0.002415972,0.00055771996,0.0,-0.0,-0.0
54.624,-0.0019706513,0.002415972,-0.0012748757,-0.0,0.0,0.0
54.667,-0.0007489208,0.00058337627,-5.3145275e-05,-0.0,0.0,0.0
54.703,-0.0019706513,-0.00063835416,-0.0006640105,-0.0,-0.0,0.0
54.726,-0.00013805555,-0.0012492194,-5.3145275e-05,-0.0,-0.0,0.0
54.763,-0.0044141123,0.00058337627,0.00055771996,0.0,-0.0,-0.0
54.804,0.0004728097,-2.7488935e-05,0.00055771996,-0.0,-0.0,-0.0
54.825,-0.006246708,-2.7488935e-05,-5.3145275e-05,-0.0,-0.0,0.0
54.865,-0.00013805555,0.00058337627,0.0011685851,0.0,-0.0,-0.0
54.905,-0.00013805555,-0.0012492194,-0.0006640105,-0.0,-0.0,0.0
54.924,-0.00013805555,-2.7488935e-05,-5.3145275e-05,-0.0,-0.0,0.0
54.963,0.0029162706,-2.7488935e-05,0.00055771996,-0.0,-0.0,-0.0
55.004,0.0029162706,0.0011942416,0.00055771996,-0.0,-0.0,0.0
55.025,0.0004728097,-2.7488935e-05,-5.3145275e-05,-0.0,-0.0,0.0
55.064,-0.0019706513,-0.00063835416,-5.3145275e-05,-3.550764e-07,1.0961496e-06,2.9561578e-08
55.104,0.0016945401,-2.7488935e-05,0.0011685851,-0.0,-0.0,-0.0
55.124,0.0004728097,0.0011942416,-0.0006640105,0.0,-0.0,0.0
55.165,0.0016945401,0.00058337627,-5.3145275e-05,0.0,-0.0,0.0
55.205,-0.0007489208,-2.7488935e-05,-0.0006640105,-0.0,-0.0,0.0
55.225,-0.003803247,-0.0018600847,-5.3145275e-05,-0.0,-0.0,0.0
55.264,0.0016945401,-2.7488935e-05,-0.0006640105,-0.0,-0.0,0.0
55.304,0.0004728097,0.0011942416,-5.3145275e-05,0.0,-0.0,0.0
55.325,0.0023054054,-2.7488935e-05,-5.3145275e-05,-1.7017301e-08,-1.4271864e-06,3.290015e-08
55.364,0.0023054054,-0.0012492194,-0.0012748757,-0.0,-0.0,0.0
55.403,-0.001359786,0.0011942416,-0.0006640105,-0.0,0.0,0.0
55.445,-0.003192382,0.00058337627,0.0017794505,0.0,-0.0,-0.0
55.463,0.001083675,0.00058337627,-5.3145275e-05,0.0,-0.0,0.0
55.503,-0.0019706513,-2.7488935e-05,-5.3145275e-05,-0.0,-0.0,0.0
55.545,0.0029162706,0.00058337627,-5.3145275e-05,0.0,-0.0,0.0
55.564,-0.0019706513,-0.0018600847,0.00055771996,-0.0,0.0,0.0
55.604,-0.00013805555,0.00058337627,0.00055771996,0.0,-0.0,-0.0
55.645,0.0004728097,-0.00063835416,0.00055771996,-0.0,-0.0,-0.0
55.664,-0.00013805555,-2.7488935e-05,-0.0006640105,-0.0,-0.0,0.0
55.704,-0.0007489208,-0.00063835416,-0.0012748757,-0.0,-0.0,0.0
55.745,-0.001359786,-0.00063835416,0.00055771996,-0.0,0.0,0.0
55.764,-0.0007489208,-0.00063835416,0.00055771996,-0.0,0.0,0.0
55.805,-0.0025815165,0.0011942416,-0.0006640105,-0.0,0.0,0.0
55.845,0.001083675,-0.00063835416,-0.0006640105,-0.0,-0.0,0.0
55.865,-0.001359786,-2.7488935e-05,0.00055771996,-1.08468905e-08,5.365624e-07,-2.2007255e-07
55.908,-0.0019706513,0.0018051068,-0.0006640105,-0.0,0.0,0.0
55.945,0.0047488664,0.002415972,-5.3145275e-05,0.0,-0.0,0.0
55.964,0.004138001,0.0018051068,0.00055771996,-0.0,-0.0,0.0
56.003,-0.00013805555,-2.7488935e-05,-5.3145275e-05,-0.0,-0.0,0.0
56.044,-0.0019706513,-0.00063835416,-5.3145275e-05,-0.0,-0.0,0.0
56.065,-0.0044141123,-0.00063835416,-5.3145275e-05,-0.0,-0.0,0.0
56.108,0.0016945401,0.0018051068,-0.0012748757,0.0,-0.0,0.0
56.145,0.0016945401,-0.00063835416,-5.3145275e-05,-0.0,-0.0,0.0
56.165,-0.00013805555,-0.00063835416,-0.0006640105,-0.0,-0.0,0.0
56.203,-0.001359786,-2.7488935e-05,-5.3145275e-05,-0.0,-0.0,0.0
56.244,-5.7421334e-05,-0.0012052371,-0.0006395759,-0.0,-0.0,0.0
56.285,-0.0012791518,1.649336e-05,-2.8710667e-05,-0.0,0.0,0.0
56.304,0.0005534439,-0.0005943719,-0.0006395759,-0.0,-0.0,0.0
56.344,-0.0025008824,0.0006273586,-2.8710667e-05,-0.0,0.0,0.0
56.384,0.0005534439,-0.0005943719,-2.8710667e-05,-0.0,-0.0,0.0
56.404,-0.0006682866,1.649336e-05,-0.0006395759,4.0960786e-09,1.6596759e-07,1.5883735e-07
56.443,-0.0012791518,-0.0018161024,-2.8710667e-05,-0.0,-0.0,0.0
56.484,-0.0025008824,0.0012382239,-0.0006395759,-0.0,0.0,0.0
56.504,0.0005534439,1.649336e-05,0.00058215455,-0.0,-0.0,0.0
56.543,-0.0018900171,-0.0018161024,-2.8710667e-05,-0.0,-0.0,0.0
56.584,0.0036077702,1.649336e-05,-0.0006395759,0.0,-0.0,0.0
56.604,0.0005534439,0.0012382239,-0.0006395759,0.0,-0.0,0.0
56.645,-0.0012791518,0.0006273586,0.00058215455,0.0,-0.0,-0.0
56.684,-5.7421334e-05,-0.0005943719,-2.8710667e-05,-0.0,-0.0,0.0
56.705,0.0036077702,1.649336e-05,-2.8710667e-05,0.0,-0.0,0.0
56.744,0.0017751744,1.649336e-05,0.00058215455,-0.0,-0.0,0.0
56.784,-0.0012791518,-0.0005943719,0.00058215455,-0.0,0.0,0.0
56.824,0.0023860398,1.649336e-05,0.0011930199,-0.0,-0.0,0.0
56.844,0.0036077702,0.0012382239,-2.8710667e-05,0.0,-0.0,0.0
56.885,-0.0006682866,1.649336e-05,-0.0006395759,-0.0,0.0,0.0
56.905,0.0005534439,0.0006273586,0.00058215455,-0.0,-0.0,0.0
56.944,0.0017751744,-0.0005943719,-2.8710667e-05,-2.9871947e-07,-8.9216735e-07,1.4429276e-08
56.985,0.0023860398,0.0018490892,-2.8710667e-05,0.0,-0.0,0.0
57.023,0.0036077702,1.649336e-05,0.00058215455,-0.0,-0.0,0.0
57.044,0.0017751744,0.0012382239,0.00058215455,-0.0,-0.0,0.0
57.084,0.0005534439,0.0012382239,-2.8710667e-05,0.0,-0.0,0.0
57.124,0.0036077702,0.0006273586,0.0011930199,-0.0,-0.0,0.0
57.145,0.004829501,-0.0005943719,-0.0006395759,-0.0,-0.0,0.0
57.186,0.0005534439,-0.0012052371,-2.8710667e-05,-0.0,-0.0,0.0
57.223,-5.7421334e-05,1.649336e-05,-2.8710667e-05,-0.0,0.0,0.0
57.245,-0.0006682866,1.649336e-05,-2.8710667e-05,-0.0,0.0,0.0
57.284,-0.0031117476,1.649336e-05,0.00058215455,0.0,-0.0,-0.0
57.324,0.0036077702,0.0006273586,-2.8710667e-05,0.0,-0.0,0.0
57.344,-5.7421334e-05,-0.0012052371,0.0011930199,-0.0,0.0,0.0
57.384,-0.0031117476,1.649336e-05,0.0011930199,0.0,-0.0,-0.0
57.423,0.0029969048,-0.0012052371,-2.8710667e-05,-0.0,-0.0,0.0
57.445,0.0017751744,-0.0005943719,-0.0012504412,-0.0,-0.0,0.0
57.485,-0.0025008824,1.649336e-05,-2.8710667e-05,-0.0,0.0,0.0
57.523,-0.0006682866,1.649336e-05,-2.8710667e-05,-0.0,0.0,0.0
57.544,0.0017751744,0.0012382239,-2.8710667e-05,0.0,-0.0,0.0
57.584,-0.0012791518,-0.0005943719,-2.8710667e-05,-0.0,-0.0,0.0
57.624,-5.7421334e-05,1.649336e-05,-2.8710667e-05,-0.0,0.0,0.0
57.644,0.0005534439,-0.0005943719,-2.8710667e-05,-0.0,-0.0,0.0
57.683,-0.0037226127,0.0006273586,-2.8710667e-05,-0.0,0.0,0.0
57.724,0.0011643091,0.0012382239,-0.0006395759,0.0,-0.0,0.0
57.744,0.0005534439,0.0012382239,0.00058215455,4.9057803e-07,-2.1927173e-07,-2.3064662e-07
57.784,0.005440366,1.649336e-05,-2.8710667e-05,0.0,-0.0,0.0
57.824,0.0011643091,1.649336e-05,-0.0006395759,0.0,-0.0,0.0
57.845,-5.7421334e-05,-0.0005943719,-2.8710667e-05,-0.0,-0.0,0.0
57.885,0.0017751744,-0.0012052371,-0.0006395759,-0.0,-0.0,0.0
57.923,-0.0006682866,1.649336e-05,-2.8710667e-05,-0.0,0.0,0.0
57.963,-0.0031117476,-0.0005943719,-0.0006395759,-0.0,-0.0,0.0
57.983,0.0023860398,0.0012382239,-2.8710667e-05,0.0,-0.0,0.0
58.024,-0.0012791518,1.649336e-05,-2.8710667e-05,-0.0,0.0,0.0
58.065,0.0023860398,-0.0005943719,-2.8710667e-05,-0.0,-0.0,0.0
58.084,-0.0006682866,-0.0012052371,-0.0006395759,-0.0,-0.0,0.0
58.124,0.0023860398,0.0018490892,-0.0006395759,0.0,-0.0,0.0
58.165,0.0011643091,-0.0005943719,-2.8710667e-05,-0.0,-0.0,0.0
58.185,0.0029969048,-0.0012052371,-2.8710667e-05,-0.0,-0.0,0.0
58.224,-0.0006682866,1.649336e-05,-2.8710667e-05,-0.0,0.0,0.0
58.264,0.0011643091,-0.0018161024,-0.0012504412,-0.0,-0.0,0.0
58.283,-0.0006682866,0.0012382239,-0.0006395759,5.1372956e-07,2.7726705e-07,2.6535506e-07
58.325,0.0029969048,-0.0005943719,-0.0006395759,-0.0,-0.0,0.0
58.363,-0.0006682866,1.649336e-05,-0.0006395759,-0.0,0.0,0.0
58.383,-0.0031117476,1.649336e-05,-0.0006395759,-0.0,0.0,0.0
58.424,-5.7421334e-05,-0.0018161024,0.0011930199,-0.0,0.0,0.0
58.467,0.0005534439,-0.0012052371,-2.8710667e-05,-0.0,-0.0,0.0
58.503,-0.0006682866,1.649336e-05,0.00058215455,0.0,-0.0,-0.0
58.523,0.0023860398,0.0024599542,-2.8710667e-05,0.0,-0.0,0.0
58.563,0.0017751744,0.0006273586,0.0011930199,-0.0,-0.0,0.0
58.602,0.004829501,1.649336e-05,-0.0006395759,0.0,-0.0,0.0
58.625,-0.0025008824,0.0012382239,0.00058215455,0.0,-0.0,-0.0
58.662,-0.0018900171,0.0012382239,0.00058215455,0.0,-0.0,-0.0
58.685,-0.0006682866,0.0012382239,0.00058215455,0.0,-0.0,-0.0
58.724,-0.0031117476,-0.0005943719,0.00058215455,-0.0,0.0,0.0
58.763,0.0017751744,0.0006273586,-2.8710667e-05,0.0,-0.0,0.0
58.804,0.0017751744,1.649336e-05,-0.0006395759,0.0,-0.0,0.0
58.825,0.0017751744,0.0018490892,0.00058215455,1.3047099e-06,-1.2525563e-06,-4.1076518e-07
58.864,-0.0037226127,1.649336e-05,0.00058215455,0.0,-0.0,-0.0
58.909,0.0005534439,1.649336e-05,-2.8710667e-05,0.0,-0.0,0.0
58.923,0.0017751744,0.0012382239,-2.8710667e-05,0.0,-0.0,0.0
58.963,-0.0006682866,0.0006273586,-0.0006395759,-0.0,0.0,0.0
59.003,0.0005534439,1.649336e-05,-0.0006395759,0.0,-0.0,0.0
59.023,0.0011643091,1.649336e-05,-0.0006395759,0.0,-0.0,0.0
59.063,0.0029969048,-0.0005943719,-2.8710667e-05,-0.0,-0.0,0.0
59.103,-5.7421334e-05,1.649336e-05,-2.8710667e-05,-0.0,0.0,0.0
59.123,-0.004333478,-0.0018161024,-2.8710667e-05,-0.0,-0.0,0.0
59.164,0.0023860398,0.0012382239,-2.8710667e-05,0.0,-0.0,0.0
59.204,-0.0018900171,1.649336e-05,-2.8710667e-05,-0.0,0.0,0.0
59.225,-0.0006682866,1.649336e-05,0.0011930199,0.0,-0.0,-0.0
59.263,-0.0031117476,0.0006273586,0.0011930199,0.0,-0.0,-0.0
59.303,-0.0006682866,-0.0005943719,0.00058215455,-0.0,0.0,0.0
59.324,0.0011643091,0.0006273586,0.00058215455,-0.0,-0.0,0.0
59.363,-0.0012791518,0.0012382239,-0.0006395759,-0.0,0.0,0.0
59.404,0.0036077702,1.649336e-05,-0.0006395759,0.0,-0.0,0.0
59.445,0.0005534439,-0.0005943719,0.00058215455,-0.0,-0.0,-0.0
59.463,0.0017751744,-0.0012052371,-2.8710667e-05,-0.0,-0.0,0.0
59.506,-0.0025008824,-0.0005943719,-2.8710667e-05,-0.0,-0.0,0.0
59.525,-0.0006682866,1.649336e-05,-0.0006395759,-0.0,0.0,0.0
59.564,0.005440366,1.649336e-05,-2.8710667e-05,0.0,-0.0,0.0
59.604,0.0023860398,0.0006273586,-2.8710667e-05,0.0,-0.0,0.0
59.645,0.0042186356,-0.0005943719,-0.0006395759,-0.0,-0.0,0.0
59.665,0.0005534439,-0.0005943719,-2.8710667e-05,-0.0,-0.0,0.0
59.704,0.0005534439,0.0018490892,-0.0012504412,0.0,-0.0,0.0
59.744,-5.7421334e-05,-0.0012052371,-0.0012504412,-0.0,-0.0,0.0
59.764,-5.7421334e-05,-0.0005943719,-2.8710667e-05,-0.0,-0.0,0.0
59.804,-0.0012791518,0.0006273586,-0.0006395759,-0.0,0.0,0.0
59.844,0.0023860398,-0.0018161024,0.00058215455,-0.0,-0.0,-0.0
59.865,0.0017751744,0.0006273586,0.00058215455,-0.0,-0.0,0.0
59.903,-0.0018900171,0.0024599542,-0.0012504412,-0.0,0.0,0.0
59.943,-5.7421334e-05,0.0006273586,0.00058215455,0.0,-0.0,-0.0
59.964,-0.0037226127,0.0006273586,-2.8710667e-05,-0.0,0.0,0.0
