timestamp,x,y,z,roll,pitch,yaw
00.008,-1.2789887,-0.26571906,-1.2461058,-0.0,-0.0,0.0
00.028,-1.7713461,-0.49601525,-1.0713985,-0.040567152,0.12539133,0.079406716
00.068,-1.771957,-0.63284904,-0.90585387,-0.048631456,0.122963995,0.06672417
00.109,-2.129924,-0.85031706,-0.53566957,-0.0,-0.0,0.0
00.128,-2.2411015,-0.89063424,-0.33041885,-0.076466694,0.18287632,0.034182664
00.168,-2.0688374,-0.8399324,-0.116005145,-0.064445674,0.1554151,0.013747948
00.211,-1.3254144,-0.46913716,0.06725443,-0.0,0.0,0.0
00.229,-0.9472889,-0.29259712,0.18576229,-0.009805884,0.03209281,-0.0061306283
00.270,-0.47020313,0.3750786,0.4930275,0.009866769,0.012206372,-0.012925961
00.308,-0.056647364,1.5705419,0.1943144,0.0,-0.0,-0.0
00.329,0.09362548,1.9120156,0.0006701192,0.12304071,-0.0060124327,0.0003261635
00.368,-0.6638474,1.7855664,-0.4648092,0.11711558,0.04545824,0.028028082
00.408,-2.532484,1.0030481,-0.5423891,-0.0,0.0,0.0
00.429,-2.9851353,0.9706722,-0.30598423,0.102741286,0.32254103,0.016963568
00.469,-2.647327,1.6029177,0.4527104,0.18217514,0.2768548,-0.073563956
00.510,-2.4170308,1.8545942,0.16193853,0.0,-0.0,-0.0
00.529,-2.161689,1.3213089,-0.19480677,0.11315553,0.18609394,0.0063219485
00.571,-1.4738548,0.22602746,-0.45381364,0.01093381,0.0772623,0.02333913
00.609,-0.78479874,-0.070242174,-0.7458072,-0.0,-0.0,0.0
00.632,-0.47203574,-0.02809247,-0.69815975,-0.00092673104,0.013346564,0.01975948
00.668,-0.025493238,0.5247406,-1.0078684,0.019989904,0.0013565609,0.038427632
00.708,-0.37490818,0.07208943,-1.0762852,-0.0,0.0,0.0
00.732,-0.92713034,-0.8252716,-0.97366,-0.044995468,0.04794644,0.052671798
00.767,-1.5392172,-1.7305739,-0.26933232,-0.13792191,0.119157456,0.029409906
00.808,-1.7786765,-2.4727752,0.51135343,-0.0,0.0,0.0
00.850,-2.4500175,-2.5619614,1.2419482,-0.0,0.0,0.0
00.869,-2.8171475,-3.1068532,1.3983299,-0.4759675,0.4825916,-0.1233894
00.909,0.7680207,-3.5155222,0.21264036,-0.0,-0.0,-0.0
00.951,1.8828497,-1.331679,-0.18991983,-0.0,-0.0,0.0
00.971,1.927443,1.0855149,-0.10562043,0.082078606,-0.14327025,0.013756172
01.009,2.1907258,2.5980172,-0.7665766,0.32896826,-0.24433596,0.13236396
01.050,1.5835258,-0.4068289,-1.2241148,-0.0,-0.0,0.0
01.068,1.4204248,-0.4147702,-1.2778709,-0.023392316,-0.094398744,0.082967855
01.110,1.1046075,0.12828903,-1.177689,0.008905896,-0.059817944,0.0643437
01.152,0.34163678,0.70066977,-0.6089734,0.0,-0.0,0.0
01.170,0.06552568,0.03971357,-0.45625708,0.0006200843,-0.0010149851,0.007082946
01.208,0.19502911,0.5497861,-0.6486796,0.016146729,-0.005555505,0.019033447
01.248,0.015434733,0.47831482,-0.2485629,0.0,-0.0,0.0
01.272,0.19930518,0.43311077,0.08069347,0.0070249722,-0.0032382277,-0.0012978544
01.309,0.7881793,0.10813048,-0.15937658,0.002990735,-0.021450808,0.004371098
01.348,0.14188384,-0.5540474,-0.8356044,-0.0,-0.0,0.0
01.369,-0.1440011,-0.5729843,-0.6101951,-0.016363954,0.0039614015,0.017422276
01.409,-0.44699025,-0.3775074,-0.21801963,-0.00793023,0.009346086,0.004604548
01.449,0.116838366,1.0849041,-0.08179669,0.0,-0.0,0.0
01.470,0.20419209,1.1795881,0.0660327,0.04745066,-0.008275572,-0.0024609854
01.509,0.34957802,0.5687229,0.32381785,0.0141234705,-0.008759424,-0.007999761
01.549,1.1430919,-1.8423623,0.49791443,-0.0,-0.0,-0.0
01.589,0.35996273,0.05193088,-0.050031696,0.0,-0.0,0.0
01.609,0.5591048,-0.796561,-0.20946753,-0.026544908,-0.018766386,0.0067483145
01.649,-0.18492906,0.1991494,0.002502715,0.0,-0.0,-0.0
01.689,0.0062717535,0.018333288,-0.0017733418,0.0,-0.0,0.0
01.711,0.014823867,-0.03359026,-0.0017733418,-4.143071e-05,-1.8284023e-05,2.1868873e-06
01.747,-0.0010586295,-0.0048795915,5.925393e-05,-0.0,0.0,0.0
01.789,0.0038282927,0.0006181956,5.925393e-05,-0.0,-0.0,0.0
01.810,0.00016310102,0.0012290609,-0.0005516113,5.5963564e-08,-7.4265754e-09,2.5116847e-08
01.850,0.00016310102,7.330383e-06,-0.0005516113,0.0,-0.0,0.0
01.894,0.00077396625,7.330383e-06,5.925393e-05,-0.0,-0.0,0.0
01.910,0.00077396625,0.0012290609,5.925393e-05,5.9949556e-08,-3.775153e-08,-2.8902107e-09
01.951,-0.0010586295,7.330383e-06,-0.0005516113,-0.0,0.0,0.0
01.988,0.0026065619,7.330383e-06,5.925393e-05,-0.0,-0.0,0.0
02.011,0.00016310102,-0.00060353486,5.925393e-05,-1.2717527e-08,-3.4368215e-09,-1.2485831e-09
02.050,-0.0004477642,7.330383e-06,-0.0005516113,1.7476132e-10,1.0675007e-08,1.3150793e-08
02.088,0.00077396625,7.330383e-06,0.0006701192,-0.0,-0.0,0.0
02.109,-0.0004477642,7.330383e-06,0.0006701192,1.9824482e-10,1.2109448e-08,-1.8122872e-08
02.148,0.00016310102,0.0012290609,-0.0011624765,7.009108e-08,-9.301349e-09,6.62939e-08
02.189,0.00077396625,-0.003657861,-0.0005516113,-0.0,-0.0,0.0
02.208,0.012380406,-0.0097665135,-0.0011624765,-5.1816546e-06,-6.568468e-06,6.167388e-07
02.250,0.0032174273,-0.0012144,5.925393e-05,-1.4015423e-07,-3.7132412e-07,-6.8385373e-09
02.288,0.00016310102,0.0018399261,0.0012809844,-0.0,-0.0,0.0
02.310,0.0032174273,-0.003046996,-0.0017733418,-4.879843e-07,-5.1527945e-07,2.840052e-07
02.349,0.00016310102,-0.00060353486,-0.0005516113,-1.6884401e-08,-4.56289e-09,1.5431796e-08
02.388,0.00016310102,0.004283387,5.925393e-05,-0.0,-0.0,0.0
02.410,0.0026065619,-0.0061013224,-0.0005516113,-1.3630008e-06,-5.822912e-07,1.2322644e-07
02.449,-0.0004477642,-0.0024361305,5.925393e-05,-2.0253026e-07,3.7225345e-08,-4.9261337e-09
02.491,0.00077396625,-0.0012144,-0.0011624765,-0.0,-0.0,0.0
02.529,0.00077396625,0.0006181956,5.925393e-05,-0.0,-0.0,0.0
02.550,0.00077396625,7.330383e-06,0.0006701192,2.51817e-10,-2.6587712e-08,-2.30203e-08
02.588,0.00016310102,-0.00060353486,-0.0005516113,-0.0,-0.0,0.0
02.628,0.00016310102,7.330383e-06,5.925393e-05,-0.0,-0.0,0.0
02.649,0.00077396625,0.0012290609,-0.0005516113,6.407402e-08,-4.0348798e-08,2.875688e-08
02.688,-0.0004477642,-0.00060353486,0.0006701192,-0.0,0.0,0.0
02.730,0.00016310102,-0.00060353486,-0.0005516113,-0.0,-0.0,0.0
02.748,0.00016310102,7.330383e-06,-0.0017733418,4.380285e-10,-9.746122e-09,1.05966265e-07
02.790,0.00077396625,0.0012290609,5.925393e-05,-0.0,-0.0,0.0
02.829,0.00077396625,0.0006181956,5.925393e-05,-0.0,-0.0,0.0
02.849,0.00016310102,0.0012290609,5.925393e-05,5.118973e-08,-6.7930706e-09,-2.4678943e-09
02.889,-0.0004477642,-0.0012144,-0.0011624765,-0.0,-0.0,0.0
02.928,0.00016310102,7.330383e-06,0.0006701192,-0.0,-0.0,0.0
02.949,0.0019956967,-0.00060353486,0.0006701192,-4.435037e-08,-1.4665247e-07,-4.9243276e-08
02.989,0.00077396625,0.0006181956,0.0006701192,2.4807425e-08,-3.1058306e-08,-2.6891053e-08
03.031,0.00077396625,0.0012290609,0.0006701192,-0.0,-0.0,0.0
03.050,-0.0010586295,-0.00060353486,0.0012809844,-3.580451e-08,6.280286e-08,-7.5993995e-08
03.089,0.0013848315,0.0018399261,5.925393e-05,1.4221924e-07,-1.0704216e-07,-4.580094e-09
03.129,-0.0010586295,-0.00060353486,-0.0005516113,-0.0,-0.0,0.0
03.149,0.00016310102,-0.00060353486,5.925393e-05,-1.2717527e-08,-3.4368215e-09,-1.2485831e-09
03.189,-0.0004477642,0.0006181956,5.925393e-05,1.5881353e-08,1.1502995e-08,-1.5222246e-09
03.229,0.00016310102,-0.0012144,0.0006701192,-0.0,-0.0,-0.0
03.269,-0.0016694948,7.330383e-06,-0.0005516113,-0.0,0.0,0.0
03.289,0.00077396625,7.330383e-06,0.0012809844,3.6812808e-10,-3.886832e-08,-6.433059e-08
03.335,-0.0004477642,0.0006181956,5.925393e-05,0.0,-0.0,-0.0
03.369,0.00016310102,-0.0012144,5.925393e-05,-0.0,-0.0,-0.0
03.389,0.00016310102,0.0012290609,-0.0011624765,7.009108e-08,-9.301349e-09,6.62939e-08
03.429,0.00016310102,0.0012290609,-0.0005516113,0.0,-0.0,0.0
03.469,-0.0004477642,0.0006181956,-0.0011624765,-0.0,0.0,0.0
03.488,0.0013848315,-0.00060353486,0.0006701192,-3.346716e-08,-7.679155e-08,-3.715939e-08
03.529,0.0013848315,0.0006181956,-0.0005516113,0.0,-0.0,0.0
03.569,0.00077396625,-0.00060353486,-0.0005516113,-0.0,-0.0,0.0
03.587,0.0019956967,7.330383e-06,0.0006701192,5.178091e-10,-1.4097442e-07,-4.7336684e-08
03.629,0.00077396625,-0.00060353486,0.0006701192,-0.0,-0.0,-0.0
03.669,0.00077396625,7.330383e-06,-0.0005516113,0.0,-0.0,0.0
03.689,0.00016310102,0.0012290609,-0.0005516113,5.5963564e-08,-7.4265754e-09,2.5116847e-08
03.729,0.0013848315,7.330383e-06,5.925393e-05,-0.0,-0.0,0.0
03.769,-0.00228036,-0.0012144,-0.0005516113,-0.0,-0.0,0.0
03.790,0.00016310102,-0.00060353486,0.0006701192,-1.8559666e-08,-5.015618e-09,-2.060724e-08
03.828,0.00077396625,7.330383e-06,0.0012809844,-0.0,-0.0,0.0
03.870,-0.0004477642,7.330383e-06,-0.0005516113,-0.0,0.0,0.0
03.889,-0.0004477642,7.330383e-06,-0.0005516113,1.7476132e-10,1.0675007e-08,1.3150793e-08
03.929,0.00077396625,0.0006181956,5.925393e-05,-0.0,-0.0,0.0
03.968,0.00016310102,7.330383e-06,5.925393e-05,-0.0,-0.0,0.0
03.989,-0.0004477642,0.0006181956,-0.0005516113,1.9535358e-08,1.4149621e-08,1.7431253e-08
04.027,0.00016310102,0.0012290609,5.925393e-05,5.118973e-08,-6.7930706e-09,-2.4678943e-09
04.068,0.00016310102,-0.0012144,5.925393e-05,-0.0,-0.0,-0.0
04.110,-0.0016694948,7.330383e-06,0.0006701192,0.0,-0.0,-0.0
04.127,0.00016310102,7.330383e-06,0.0006701192,1.6964853e-10,-3.77468e-09,-1.5508705e-08
04.170,-0.0004477642,-0.0012144,-0.0005516113,-0.0,-0.0,0.0
04.207,0.00016310102,0.0006181956,-0.0005516113,0.0,-0.0,0.0
04.229,-0.0004477642,7.330383e-06,-0.0005516113,1.7476132e-10,1.0675007e-08,1.3150793e-08
04.269,0.00077396625,-0.00060353486,5.925393e-05,-0.0,-0.0,-0.0
04.308,0.00077396625,0.0006181956,-0.0005516113,0.0,-0.0,0.0
04.331,0.00077396625,0.0012290609,0.0006701192,6.596762e-08,-4.1541234e-08,-3.596743e-08
04.368,0.0019956967,-0.0018252654,-0.0005516113,-0.0,-0.0,0.0
04.409,-0.0010586295,7.330383e-06,5.925393e-05,0.0,-0.0,-0.0
04.428,0.0013848315,0.0006181956,-0.0005516113,3.3474407e-08,-7.4986644e-08,2.986896e-08
04.471,0.0019956967,-0.00060353486,0.0006701192,-0.0,-0.0,-0.0
04.508,0.00077396625,0.0006181956,5.925393e-05,-0.0,-0.0,0.0
04.528,0.0013848315,0.0024507914,-0.0005516113,2.3589256e-07,-1.3329223e-07,5.3093476e-08
04.568,0.00016310102,0.0006181956,0.0006701192,-0.0,-0.0,0.0
04.607,-0.0010586295,-0.00060353486,-0.0005516113,-0.0,-0.0,0.0
04.652,-0.0004477642,-0.0012144,0.0006701192,-5.9391134e-08,2.1898243e-08,-3.2772675e-08
04.671,-0.0010586295,-0.00060353486,5.925393e-05,-0.0,0.0,0.0
04.709,-0.0004477642,7.330383e-06,-0.0017733418,-0.0,0.0,0.0
04.728,0.00077396625,-0.0012144,0.0006701192,-6.4722826e-08,-4.1249407e-08,-3.571476e-08
04.769,-0.0004477642,-0.00060353486,-0.0005516113,-0.0,-0.0,0.0
04.808,-0.0004477642,0.0012290609,-0.0017733418,-0.0,0.0,0.0
04.830,-0.0004477642,-0.00060353486,-0.0005516113,-1.8878508e-08,1.4006018e-08,1.7254344e-08
04.868,0.00016310102,-0.00060353486,-0.0005516113,-0.0,-0.0,0.0
04.930,-0.0010586295,7.330383e-06,0.0006701192,0.0,-0.0,-0.0
04.969,-0.0016694948,7.330383e-06,-0.0005516113,4.3247647e-10,9.849688e-08,3.2543973e-08
05.013,0.00016310102,7.330383e-06,0.0006701192,-0.0,-0.0,0.0
05.048,-0.0004477642,-0.0012144,5.925393e-05,-0.0,0.0,0.0
05.068,0.00016310102,0.0006181956,0.0006701192,1.9212143e-08,-5.0688165e-09,-2.0825812e-08
05.113,-0.0004477642,7.330383e-06,0.0012809844,0.0,-0.0,-0.0
05.148,-0.0004477642,7.330383e-06,5.925393e-05,0.0,-0.0,-0.0
05.171,0.00016310102,7.330383e-06,-0.0005516113,1.4149631e-10,-3.1482927e-09,1.0647596e-08
05.208,-0.0004477642,-0.00060353486,-0.0005516113,-0.0,-0.0,0.0
05.248,-0.0004477642,7.330383e-06,-0.0011624765,-0.0,0.0,0.0
05.269,-0.0016694948,7.330383e-06,-0.0011624765,5.003804e-10,1.1396266e-07,7.93527e-08
05.308,0.00016310102,7.330383e-06,5.925393e-05,-0.0,-0.0,0.0
05.349,-0.0004477642,-0.00060353486,0.0006701192,-0.0,0.0,0.0
05.368,0.0013848315,-0.00060353486,5.925393e-05,-3.0615766e-08,-7.024892e-08,-3.0057998e-09
05.408,0.00077396625,0.0006181956,5.925393e-05,-0.0,-0.0,0.0
05.448,-0.0010586295,-0.0012144,-0.0005516113,-0.0,-0.0,0.0
05.469,-0.0004477642,0.0006181956,5.925393e-05,1.5881353e-08,1.1502995e-08,-1.5222246e-09
05.509,0.00016310102,0.0006181956,-0.0011624765,0.0,-0.0,0.0
05.549,0.00077396625,7.330383e-06,-0.0005516113,0.0,-0.0,0.0
05.570,0.00016310102,-0.00060353486,-0.0005516113,-1.6884401e-08,-4.56289e-09,1.5431796e-08
05.611,0.0013848315,7.330383e-06,5.925393e-05,-0.0,-0.0,0.0
05.650,-0.0004477642,0.0012290609,-0.0005516113,-0.0,0.0,0.0
05.669,0.00016310102,-0.00060353486,-0.0005516113,-1.6884401e-08,-4.56289e-09,1.5431796e-08
05.708,0.00016310102,7.330383e-06,5.925393e-05,-0.0,-0.0,0.0
05.749,0.0026065619,7.330383e-06,0.0006701192,-0.0,-0.0,0.0
05.770,-0.0004477642,-0.00060353486,5.925393e-05,-1.5265993e-08,1.1325883e-08,-1.4987868e-09
05.808,0.0019956967,0.0012290609,5.925393e-05,-0.0,-0.0,0.0
05.848,-0.0010586295,-0.0012144,0.0006701192,-0.0,0.0,0.0
05.889,0.00077396625,7.330383e-06,-0.0011624765,3.435128e-10,-3.6269117e-08,5.447524e-08
05.909,0.00016310102,-0.00060353486,0.0006701192,-0.0,-0.0,-0.0
05.949,0.00077396625,7.330383e-06,-0.0005516113,0.0,-0.0,0.0
05.989,0.00077396625,7.330383e-06,5.925393e-05,-0.0,-0.0,0.0
06.009,-0.0004477642,-0.0012144,-0.0005516113,-5.7331498e-08,2.1138828e-08,2.6041421e-08
06.048,0.00077396625,7.330383e-06,5.925393e-05,-0.0,-0.0,0.0
06.090,0.0032174273,0.0012290609,-0.0011624765,0.0,-0.0,0.0
06.109,0.00016310102,7.330383e-06,5.925393e-05,4.272091e-11,-9.505403e-10,-3.4532735e-10
06.148,0.00016310102,-0.0012144,5.925393e-05,-0.0,-0.0,-0.0
06.195,0.00016310102,7.330383e-06,5.925393e-05,-0.0,-0.0,0.0
06.209,-0.0004477642,-0.00060353486,5.925393e-05,-1.5265993e-08,1.1325883e-08,-1.4987868e-09
06.249,0.00077396625,7.330383e-06,-0.0005516113,0.0,-0.0,0.0
06.287,0.00016310102,0.0012290609,5.925393e-05,-0.0,-0.0,0.0
06.327,-0.0004477642,0.0018399261,0.0006701192,1.2401254e-07,3.0179674e-08,-4.516659e-08
06.347,-0.0004477642,-0.0012144,0.0006701192,-0.0,0.0,0.0
06.387,0.0013848315,7.330383e-06,-0.0005516113,0.0,-0.0,0.0
06.428,0.0013848315,0.0012290609,-0.0005516113,7.967653e-08,-8.9774694e-08,3.57594e-08
06.449,0.0013066408,0.00061941735,0.0013347405,-0.0,-0.0,0.0
06.488,0.0013066408,0.0012302826,-0.0004978552,0.0,-0.0,0.0
06.509,0.0006957755,8.552113e-06,0.00072387536,2.8813119e-10,-2.3441553e-08,-2.4388273e-08
06.549,0.0006957755,-0.0012131784,0.0013347405,-0.0,-0.0,-0.0
06.589,-0.00052595494,-0.00060231314,0.00011301007,-0.0,0.0,0.0
06.630,-0.0017476855,8.552113e-06,-0.0004978552,5.214741e-10,1.06567285e-07,3.0357334e-08
06.649,0.0006957755,-0.00060231314,0.00011301007,-0.0,-0.0,-0.0
06.689,8.4910265e-05,0.00061941735,0.00072387536,-0.0,-0.0,0.0
06.729,-0.00052595494,-0.0012131784,-0.0004978552,-5.7515695e-08,2.493505e-08,2.3602865e-08
06.748,-0.00052595494,-0.00060231314,0.00072387536,-0.0,0.0,0.0
06.792,8.4910265e-05,-0.00060231314,-0.0004978552,-0.0,-0.0,0.0
06.816,0.001917506,0.00061941735,0.00011301007,4.1947427e-08,-1.29855e-07,-7.653127e-09
06.848,8.4910265e-05,-0.00060231314,0.00072387536,-0.0,-0.0,-0.0
06.887,0.001917506,0.00061941735,0.00011301007,-0.0,-0.0,0.0
06.932,-0.00052595494,8.552113e-06,0.00011301007,0.0,-0.0,-0.0
06.948,-0.00052595494,8.552113e-06,0.00011301007,1.5439292e-10,9.495163e-09,-2.040192e-09
06.988,-0.0011368202,8.552113e-06,0.00011301007,0.0,-0.0,-0.0
07.028,0.0006957755,0.00061941735,0.00011301007,-0.0,-0.0,0.0
07.048,-0.00052595494,0.00061941735,-0.0004978552,1.9806873e-08,1.681826e-08,1.5919726e-08
07.089,-0.00052595494,-0.00060231314,-0.0004978552,-0.0,-0.0,0.0
07.129,8.4910265e-05,-0.00060231314,0.00072387536,-0.0,-0.0,-0.0
07.148,-0.00052595494,-0.00060231314,0.00011301007,-1.6321358e-08,1.4252219e-08,-3.0623235e-09
07.188,0.0006957755,0.00061941735,0.00011301007,-0.0,-0.0,0.0
07.228,8.4910265e-05,-0.00060231314,0.00072387536,-0.0,-0.0,-0.0
07.249,-0.00052595494,8.552113e-06,0.00011301007,1.5439292e-10,9.495163e-09,-2.040192e-09
07.292,-0.00052595494,0.0012302826,-0.0004978552,-0.0,0.0,0.0
07.328,0.0006957755,0.0018411479,-0.0004978552,0.0,-0.0,0.0
07.350,8.4910265e-05,0.0012302826,0.00011301007,5.1121955e-08,-3.5282781e-09,-4.69591e-09
07.388,-0.0017476855,-0.00060231314,0.00011301007,-0.0,0.0,0.0
07.428,-0.00052595494,-0.0012131784,-0.0004978552,-0.0,-0.0,0.0
07.468,-0.00052595494,-0.00060231314,0.00011301007,-1.6321358e-08,1.4252219e-08,-3.0623235e-09
07.488,8.4910265e-05,-0.00060231314,-0.0004978552,-0.0,-0.0,0.0
07.528,0.0006957755,8.552113e-06,-0.0004978552,0.0,-0.0,0.0
07.567,-0.0011368202,-0.0012131784,0.00011301007,-6.7835536e-08,6.356593e-08,-6.3190178e-09
07.588,0.0013066408,0.00061941735,-0.0004978552,0.0,-0.0,0.0
07.628,8.4910265e-05,8.552113e-06,-0.0004978552,0.0,-0.0,0.0
07.667,0.0013066408,8.552113e-06,-0.0004978552,4.0125872e-10,-6.1306494e-08,2.3358949e-08
07.688,-0.00052595494,8.552113e-06,-0.0004978552,-0.0,0.0,0.0
07.728,0.0006957755,0.00061941735,0.00072387536,-0.0,-0.0,0.0
07.768,0.0006957755,0.0012302826,0.0013347405,8.0252114e-08,-4.5385878e-08,-8.706597e-08
07.787,0.0006957755,0.0012302826,0.00072387536,-0.0,-0.0,0.0
07.828,0.0006957755,0.00061941735,-0.0004978552,0.0,-0.0,0.0
07.869,8.4910265e-05,8.552113e-06,-0.0004978552,1.4494887e-10,-1.4391353e-09,8.4380956e-09
07.888,0.0006957755,0.00061941735,0.00011301007,-0.0,-0.0,0.0
07.927,8.4910265e-05,-0.0012131784,-0.0004978552,-0.0,-0.0,0.0
07.955,0.0013066408,0.00061941735,-0.0011087204,3.787203e-08,-7.988981e-08,6.778869e-08
07.989,8.4910265e-05,0.00061941735,0.00011301007,1.3205064e-08,-1.8101616e-09,-2.409208e-09
08.028,0.0006957755,8.552113e-06,0.00072387536,-0.0,-0.0,0.0
08.068,8.4910265e-05,-0.0012131784,0.00011301007,-0.0,-0.0,-0.0
08.088,-0.0017476855,-0.0018240436,0.00011301007,-1.5476829e-07,1.4828939e-07,-9.588781e-09
08.128,-0.0011368202,0.0012302826,0.00011301007,0.0,-0.0,-0.0
08.167,-0.00052595494,8.552113e-06,0.00072387536,0.0,-0.0,-0.0
08.207,0.0006957755,0.0012302826,-0.0004978552,6.1860995e-08,-3.4984943e-08,2.5033128e-08
08.228,0.0013066408,-0.00060231314,0.00011301007,-0.0,-0.0,-0.0
08.269,0.0006957755,0.00061941735,0.00011301007,-0.0,-0.0,0.0
08.308,8.4910265e-05,8.552113e-06,0.00011301007,4.0637372e-11,-4.0347106e-10,-5.369939e-10
08.328,0.0006957755,0.00061941735,0.00011301007,-0.0,-0.0,0.0
08.369,8.4910265e-05,8.552113e-06,0.00072387536,-0.0,-0.0,0.0
08.408,8.4910265e-05,-0.00060231314,-0.0004978552,-1.5885979e-08,-2.239504e-09,1.3130905e-08
08.428,0.0006957755,0.00061941735,0.00072387536,-0.0,-0.0,0.0
08.469,8.4910265e-05,0.00061941735,0.00011301007,-0.0,-0.0,0.0
08.509,0.0025283713,0.00061941735,-0.0004978552,5.5084787e-08,-2.2484805e-07,4.427427e-08
08.527,-0.00052595494,-0.00060231314,0.00072387536,-0.0,0.0,0.0
08.574,-0.00052595494,-0.0018240436,0.00072387536,-0.0,0.0,0.0
08.615,-0.00052595494,-0.00060231314,-0.0004978552,-1.9037065e-08,1.6623643e-08,1.5735505e-08
08.626,-0.0017476855,8.552113e-06,0.00011301007,0.0,-0.0,-0.0
08.666,0.0013066408,0.0012302826,0.0013347405,-0.0,-0.0,0.0
08.707,0.0013066408,-0.00060231314,0.00011301007,-2.9167724e-08,-6.327562e-08,-5.472647e-09
08.728,0.0013066408,0.00061941735,0.00011301007,-0.0,-0.0,0.0
08.767,-0.00052595494,-0.00060231314,-0.0004978552,-0.0,-0.0,0.0
08.807,8.4910265e-05,8.552113e-06,0.00011301007,4.0637372e-11,-4.0347106e-10,-5.369939e-10
08.848,0.0006957755,0.0012302826,0.00011301007,5.8533374e-08,-3.3103035e-08,-5.3766995e-09
08.868,0.0006957755,-0.00060231314,0.00011301007,-0.0,-0.0,-0.0
08.917,8.4910265e-05,0.00061941735,-0.0004978552,0.0,-0.0,0.0
08.948,8.4910265e-05,8.552113e-06,0.00011301007,4.0637372e-11,-4.0347106e-10,-5.369939e-10
08.968,0.0006957755,-0.00060231314,0.00011301007,-0.0,-0.0,-0.0
09.007,-0.0017476855,0.00061941735,0.00011301007,0.0,-0.0,-0.0
09.048,-0.0017476855,8.552113e-06,0.0013347405,6.3106087e-10,1.2896051e-07,-9.8489586e-08
09.069,-0.00052595494,0.00061941735,-0.0004978552,-0.0,0.0,0.0
09.108,8.4910265e-05,8.552113e-06,0.00072387536,-0.0,-0.0,0.0
09.149,-0.00052595494,-0.0018240436,0.00072387536,-1.24349e-07,3.585549e-08,-4.9348145e-08
09.168,8.4910265e-05,-0.0018240436,0.00011301007,-0.0,-0.0,-0.0
09.209,-0.0017476855,-0.00060231314,0.00011301007,-0.0,0.0,0.0
09.248,-0.0011368202,8.552113e-06,0.00011301007,3.278406e-10,4.357937e-08,-4.332178e-09
09.269,0.0006957755,8.552113e-06,-0.0004978552,0.0,-0.0,0.0
09.310,8.4910265e-05,0.0012302826,0.00011301007,-0.0,-0.0,0.0
09.348,-0.0011368202,-0.00060231314,0.00011301007,-2.6101102e-08,4.9263843e-08,-4.8972653e-09
09.369,8.4910265e-05,-0.00060231314,-0.0004978552,-0.0,-0.0,0.0
09.409,-0.00052595494,-0.00060231314,0.00072387536,-0.0,0.0,0.0
09.450,8.4910265e-05,-0.00060231314,0.00072387536,-1.9108988e-08,-2.693863e-09,-2.296567e-08
09.469,8.4910265e-05,0.00061941735,0.00011301007,-0.0,-0.0,0.0
09.509,8.4910265e-05,0.00061941735,0.00011301007,-0.0,-0.0,0.0
09.548,-0.00052595494,0.00061941735,0.00011301007,1.7051628e-08,1.4478749e-08,-3.1109977e-09
09.570,0.0006957755,0.00061941735,0.00072387536,-0.0,-0.0,0.0
09.609,-0.00052595494,8.552113e-06,0.00011301007,0.0,-0.0,-0.0
09.649,8.4910265e-05,0.00061941735,0.00011301007,1.3205064e-08,-1.8101616e-09,-2.409208e-09
09.668,8.4910265e-05,8.552113e-06,0.00011301007,-0.0,-0.0,0.0
09.710,0.0013066408,0.0018411479,0.00011301007,-0.0,-0.0,0.0
09.750,-0.00052595494,-0.00060231314,0.0013347405,-3.144593e-08,2.7459375e-08,-6.9684944e-08
09.768,-0.00052595494,0.00061941735,-0.0004978552,-0.0,0.0,0.0
09.808,-0.00052595494,-0.0018240436,0.00072387536,-0.0,0.0,0.0
09.849,-0.0011368202,0.00061941735,0.00072387536,3.082818e-08,5.6579132e-08,-3.6027018e-08
09.887,0.0006957755,0.0012302826,0.00011301007,5.8533374e-08,-3.3103035e-08,-5.3766995e-09
09.907,-0.00052595494,8.552113e-06,-0.0004978552,-0.0,0.0,0.0
09.949,-0.00052595494,-0.00060231314,0.00011301007,-0.0,0.0,0.0
09.970,-0.00052595494,0.00061941735,-0.0004978552,1.9806873e-08,1.681826e-08,1.5919726e-08
10.010,-0.0023585507,8.552113e-06,-0.0004978552,-0.0,0.0,0.0
10.056,-0.00052595494,8.552113e-06,0.00011301007,0.0,-0.0,-0.0
10.087,0.0013066408,0.00061941735,0.00011301007,3.014611e-08,-6.359224e-08,-5.5000293e-09
10.109,-0.00052595494,0.00061941735,0.00011301007,0.0,-0.0,-0.0
10.147,0.0013066408,8.552113e-06,0.00072387536,-0.0,-0.0,0.0
10.188,0.0006957755,8.552113e-06,0.00011301007,2.0229202e-10,-1.6457903e-08,-2.673145e-09
10.207,8.4910265e-05,0.00061941735,0.00011301007,-0.0,-0.0,0.0
10.249,0.0006957755,8.552113e-06,-0.0004978552,0.0,-0.0,0.0
10.288,0.0006957755,0.00061941735,-0.0004978552,2.1953083e-08,-2.465933e-08,1.7644737e-08
10.307,0.0006957755,0.00061941735,-0.0004978552,0.0,-0.0,0.0
10.348,0.0013066408,0.00061941735,0.00011301007,-0.0,-0.0,0.0
10.387,0.0006957755,-0.00060231314,0.00011301007,-1.8738488e-08,-2.1646184e-08,-3.5158423e-09
10.409,8.4910265e-05,-0.00060231314,0.00011301007,-0.0,-0.0,-0.0
10.447,0.0006957755,-0.00060231314,0.00011301007,-0.0,-0.0,-0.0
10.488,8.4910265e-05,0.00061941735,-0.0004978552,1.6611077e-08,-2.277061e-09,1.3351113e-08
10.509,0.0013066408,0.00061941735,-0.0004978552,0.0,-0.0,0.0
10.548,-0.0011258246,0.0006236934,6.719518e-05,0.0,-0.0,-0.0
10.588,9.590584e-05,0.0012345586,-0.00054367003,5.6021893e-08,-4.3520214e-09,2.46707e-08
10.609,0.0007067711,0.0012345586,-0.00054367003,0.0,-0.0,0.0
10.650,0.0019285016,0.0006236934,6.719518e-05,-0.0,-0.0,0.0
10.688,-0.0005149594,1.282817e-05,6.719518e-05,2.2360742e-10,8.976241e-09,-1.171277e-09
10.709,-0.0005149594,-0.0005980371,-0.00054367003,-0.0,-0.0,0.0
10.749,-0.0005149594,-0.0005980371,-0.00054367003,-0.0,-0.0,0.0
10.789,0.0007067711,0.0006236934,0.0006780604,2.4300313e-08,-2.7537181e-08,-2.6418558e-08
10.830,-0.0005149594,-0.0005980371,-0.0011545353,-2.8063276e-08,2.4164802e-08,5.4177313e-08
10.848,9.590584e-05,-0.0005980371,-0.0011545353,-0.0,-0.0,0.0
10.889,-0.0005149594,-0.0005980371,6.719518e-05,-1.589395e-08,1.3686004e-08,-1.7858368e-09
10.928,9.590584e-05,-0.0012089023,-0.00054367003,-5.3909275e-08,-4.2767843e-09,2.4244189e-08
10.949,-0.0005149594,1.282817e-05,0.0006780604,0.0,-0.0,-0.0
10.988,9.590584e-05,1.282817e-05,0.0006780604,-0.0,-0.0,0.0
11.029,0.0007067711,-0.0005980371,6.719518e-05,-1.8627444e-08,-2.2014252e-08,-2.0929714e-09
11.049,9.590584e-05,1.282817e-05,-0.00054367003,0.0,-0.0,0.0
11.088,9.590584e-05,1.282817e-05,6.719518e-05,-0.0,-0.0,0.0
11.129,0.0013176363,0.0006236934,6.719518e-05,3.05406e-08,-6.452114e-08,-3.2903678e-09
11.148,-0.0005149594,1.282817e-05,6.719518e-05,0.0,-0.0,-0.0
11.191,9.590584e-05,-0.0012089023,-0.00054367003,-0.0,-0.0,0.0
11.228,-0.0005149594,0.0006236934,0.0006780604,2.2087798e-08,1.8237035e-08,-2.4013179e-08
11.249,-0.0005149594,0.0006236934,-0.00054367003,-0.0,0.0,0.0
11.289,-0.0005149594,0.0006236934,0.0006780604,0.0,-0.0,-0.0
11.329,-0.0005149594,1.282817e-05,-0.00054367003,3.22379e-10,1.2941219e-08,1.3662733e-08
11.351,0.0019285016,0.0006236934,6.719518e-05,-0.0,-0.0,0.0
11.390,-0.0005149594,-0.0005980371,0.0012889256,-0.0,0.0,0.0
11.430,9.590584e-05,-0.0005980371,0.0006780604,-1.8244373e-08,-2.925808e-09,-2.068565e-08
11.448,-0.0005149594,1.282817e-05,6.719518e-05,0.0,-0.0,-0.0
11.490,0.0007067711,0.0012345586,6.719518e-05,-0.0,-0.0,0.0
11.528,-0.0005149594,1.282817e-05,-0.00054367003,3.22379e-10,1.2941219e-08,1.3662733e-08
11.549,0.0007067711,1.282817e-05,-0.0011545353,0.0,-0.0,0.0
11.588,0.0007067711,0.0006236934,-0.00054367003,0.0,-0.0,0.0
11.629,-0.0011258246,-0.0005980371,6.719518e-05,-2.5616774e-08,4.822443e-08,-2.8782887e-09
11.669,9.590584e-05,0.0012345586,-0.0011545353,7.013281e-08,-5.4482174e-09,6.558685e-08
11.691,-0.0005149594,0.0012345586,6.719518e-05,0.0,-0.0,-0.0
11.729,0.0013176363,-0.0005980371,0.0006780604,-3.2066588e-08,-7.06513e-08,-3.6357417e-08
11.757,-0.0011258246,1.282817e-05,6.719518e-05,0.0,-0.0,-0.0
11.789,-0.0005149594,0.0006236934,-0.0011545353,-0.0,0.0,0.0
11.827,9.590584e-05,0.0006236934,6.719518e-05,1.3280529e-08,-2.0421576e-09,-1.4308111e-09
11.866,9.590584e-05,1.282817e-05,-0.00054367003,2.3769578e-10,-1.7770589e-09,1.0073773e-08
11.887,-0.0005149594,0.0006236934,6.719518e-05,0.0,-0.0,-0.0
11.926,-0.0005149594,0.0006236934,6.719518e-05,1.6984867e-08,1.4023745e-08,-1.8299076e-09
11.970,-0.0017366899,1.282817e-05,6.719518e-05,7.481241e-10,1.01281735e-07,-3.9187444e-09
11.988,0.0007067711,1.282817e-05,-0.00054367003,0.0,-0.0,0.0
12.029,0.0007067711,0.0006236934,-0.00054367003,2.2772698e-08,-2.5806084e-08,1.9850832e-08
12.068,-0.0005149594,-0.002430633,-0.00054367003,-2.0743356e-07,4.3947338e-08,4.639755e-08
12.088,0.0007067711,-0.0005980371,0.0006780604,-0.0,-0.0,-0.0
12.128,0.0013176363,0.0006236934,6.719518e-05,-0.0,-0.0,0.0
12.169,0.0007067711,0.0006236934,6.719518e-05,1.9776754e-08,-2.2411072e-08,-2.130698e-09
12.189,0.0013176363,0.0006236934,0.0006780604,-0.0,-0.0,0.0
12.228,-0.0011258246,0.0006236934,6.719518e-05,0.0,-0.0,-0.0
12.270,-0.0011258246,0.0006236934,6.719518e-05,2.6971462e-08,4.8686e-08,-2.9058391e-09
12.288,0.0007067711,0.0012345586,6.719518e-05,-0.0,-0.0,0.0
12.330,0.0007067711,-0.0005980371,-0.00054367003,-0.0,-0.0,0.0
12.368,-0.0011258246,0.0012345586,0.0006780604,7.46957e-08,6.811686e-08,-4.1025352e-08
12.389,9.590584e-05,1.282817e-05,0.0006780604,-0.0,-0.0,0.0
12.429,-0.0011258246,0.0006236934,-0.00054367003,-0.0,0.0,0.0
12.468,9.590584e-05,1.282817e-05,0.0012889256,5.563687e-10,-4.159519e-09,-5.590182e-08
12.510,0.0019285016,0.0012345586,0.0006780604,9.892682e-08,-1.545334e-07,-5.4333874e-08
12.528,9.590584e-05,0.0006236934,0.0006780604,-0.0,-0.0,0.0
12.569,0.0013176363,0.0006236934,-0.0011545353,3.8917104e-08,-8.221762e-08,7.204047e-08
12.609,9.590584e-05,0.0006236934,6.719518e-05,1.3280529e-08,-2.0421576e-09,-1.4308111e-09
12.629,-0.0005149594,-0.0012089023,6.719518e-05,-0.0,0.0,0.0
12.669,-0.0017366899,1.282817e-05,6.719518e-05,7.481241e-10,1.01281735e-07,-3.9187444e-09
12.708,-0.0005149594,-0.0012089023,6.719518e-05,-5.3371277e-08,2.2734707e-08,-2.9665685e-09
12.729,-0.0005149594,1.282817e-05,6.719518e-05,0.0,-0.0,-0.0
12.768,9.590584e-05,1.282817e-05,-0.00054367003,2.3769578e-10,-1.7770589e-09,1.0073773e-08
12.809,-0.0011258246,1.282817e-05,6.719518e-05,4.8549603e-10,4.2608054e-08,-2.5430742e-09
12.827,0.0007067711,0.0012345586,6.719518e-05,-0.0,-0.0,0.0
12.870,-0.0005149594,1.282817e-05,0.0006780604,3.6653697e-10,1.47138355e-08,-1.937409e-08
12.908,-0.0005149594,0.0006236934,-0.00054367003,2.0395131e-08,1.6839467e-08,1.7778321e-08
12.928,-0.0011258246,1.282817e-05,6.719518e-05,0.0,-0.0,-0.0
12.969,0.0007067711,1.282817e-05,-0.00054367003,3.8385858e-10,-2.1148772e-08,1.6268284e-08
13.008,9.590584e-05,0.0012345586,6.719518e-05,5.1371043e-08,-3.990724e-09,-2.796049e-09
13.029,9.590584e-05,-0.0005980371,0.0006780604,-0.0,-0.0,-0.0
13.069,9.590584e-05,0.0006236934,-0.0011545353,0.0,-0.0,0.0
13.109,0.0007067711,-0.0005980371,0.0006780604,-2.3028251e-08,-2.7215206e-08,-2.610966e-08
13.129,0.0013176363,0.0012345586,0.0006780604,-0.0,-0.0,0.0
13.168,-0.0011258246,1.282817e-05,-0.00054367003,-0.0,0.0,0.0
13.208,0.0013176363,0.0006236934,0.0012889256,4.0722956e-08,-8.603274e-08,-8.4158124e-08
13.229,-0.0005149594,1.282817e-05,0.0006780604,0.0,-0.0,-0.0
13.268,9.590584e-05,1.282817e-05,6.719518e-05,-0.0,-0.0,0.0
13.309,9.590584e-05,0.0006236934,6.719518e-05,1.3280529e-08,-2.0421576e-09,-1.4308111e-09
13.350,0.0019285016,1.282817e-05,-0.00054367003,8.62484e-10,-1.2965974e-07,3.6552787e-08
13.368,9.590584e-05,0.0006236934,-0.00054367003,0.0,-0.0,0.0
13.410,-0.0011258246,1.282817e-05,6.719518e-05,4.8549603e-10,4.2608054e-08,-2.5430742e-09
13.449,9.590584e-05,1.282817e-05,0.0006780604,2.9482236e-10,-2.2041482e-09,-1.5583469e-08
13.469,0.0007067711,-0.0012089023,6.719518e-05,-0.0,-0.0,-0.0
13.511,9.590584e-05,0.0006236934,-0.0011545353,2.7535155e-08,-4.234102e-09,5.0971053e-08
13.550,0.0013176363,0.0006236934,-0.00054367003,3.2560777e-08,-6.878903e-08,2.8383047e-08
13.569,-0.0011258246,1.282817e-05,0.0006780604,0.0,-0.0,-0.0
13.609,0.0007067711,0.0006236934,-0.00054367003,2.2772698e-08,-2.5806084e-08,1.9850832e-08
13.650,9.590584e-05,1.282817e-05,6.719518e-05,5.0707598e-11,-3.7909964e-10,-2.6561123e-10
13.669,0.0007067711,1.282817e-05,6.719518e-05,-0.0,-0.0,0.0
13.709,0.0007067711,0.0006236934,0.0006780604,2.4300313e-08,-2.7537181e-08,-2.6418558e-08
13.749,0.0007067711,0.0006236934,6.719518e-05,1.9776754e-08,-2.2411072e-08,-2.130698e-09
13.770,-0.0005149594,1.282817e-05,6.719518e-05,0.0,-0.0,-0.0
13.808,9.590584e-05,1.282817e-05,6.719518e-05,5.0707598e-11,-3.7909964e-10,-2.6561123e-10
13.849,-0.0029584202,-0.0012089023,6.719518e-05,-1.2966672e-07,3.173198e-07,-7.2073263e-09
13.868,9.590584e-05,1.282817e-05,6.719518e-05,-0.0,-0.0,0.0
13.907,-0.0011258246,1.282817e-05,-0.00054367003,5.3817634e-10,4.723143e-08,2.2808448e-08
13.949,0.0007067711,0.0012345586,0.0012889256,7.952062e-08,-4.5524672e-08,-8.302251e-08
13.969,-0.0011258246,-0.0012089023,0.0006780604,-0.0,0.0,0.0
14.010,-0.0011258246,-0.0005980371,0.0006780604,-2.8974778e-08,5.4545986e-08,-3.2851894e-08
14.050,-0.0005149594,1.282817e-05,-0.00054367003,3.22379e-10,1.2941219e-08,1.3662733e-08
14.069,9.590584e-05,0.0006236934,0.0006780604,-0.0,-0.0,0.0
14.109,0.0007067711,0.0006236934,0.0006780604,-0.0,-0.0,0.0
14.148,-0.0023475552,-0.0005980371,6.719518e-05,-4.8631158e-08,1.9089842e-07,-5.464171e-09
14.190,-0.0005149594,-0.0012089023,6.719518e-05,-5.3371277e-08,2.2734707e-08,-2.9665685e-09
14.208,9.590584e-05,-0.0005980371,6.719518e-05,-0.0,-0.0,-0.0
14.249,9.590584e-05,0.0006236934,6.719518e-05,1.3280529e-08,-2.0421576e-09,-1.4308111e-09
14.289,0.0007067711,0.0006236934,0.0006780604,2.4300313e-08,-2.7537181e-08,-2.6418558e-08
14.310,0.0007067711,-0.0018197676,6.719518e-05,-0.0,-0.0,-0.0
14.348,0.0007067711,-0.0005980371,0.0006780604,-2.3028251e-08,-2.7215206e-08,-2.610966e-08
14.388,0.0007067711,0.0006236934,0.0006780604,2.4300313e-08,-2.7537181e-08,-2.6418558e-08
14.410,0.0007067711,-0.0005980371,-0.00054367003,-0.0,-0.0,0.0
14.448,-0.0005149594,0.0012345586,-0.00054367003,5.981413e-08,2.4949681e-08,2.6340707e-08
14.489,-0.0005149594,1.282817e-05,-0.00054367003,3.22379e-10,1.2941219e-08,1.3662733e-08
14.508,0.0025393667,1.282817e-05,6.719518e-05,-0.0,-0.0,0.0
14.549,0.0007067711,1.282817e-05,-0.00054367003,3.8385858e-10,-2.1148772e-08,1.6268284e-08
14.588,9.590584e-05,0.0006236934,6.719518e-05,1.3280529e-08,-2.0421576e-09,-1.4308111e-09
14.609,0.00068355823,0.001817935,8.735373e-05,-0.0,-0.0,0.0
14.648,7.269296e-05,-1.4660766e-05,-0.0011343767,-5.5922916e-10,-2.7728446e-09,4.327036e-08
14.688,-0.0005381723,-0.000625526,8.735373e-05,-1.7416495e-08,1.4984309e-08,-2.432186e-09
14.708,0.0012944235,0.0024288,8.735373e-05,-0.0,-0.0,0.0
14.747,-0.0005381723,0.0005962045,-0.00052351155,1.9179582e-08,1.7312718e-08,1.684109e-08
14.787,7.269296e-05,-1.4660766e-05,-0.00052351155,-2.6010386e-10,-1.2896815e-09,9.287875e-09
14.828,7.269296e-05,0.0005962045,-0.00052351155,1.5939197e-08,-1.9434059e-09,1.3995792e-08
14.851,0.00068355823,0.0005962045,-0.00052351155,2.0950967e-08,-2.4020627e-08,1.8396495e-08
14.888,-0.0011490375,-0.0012363913,0.000698219,-7.577899e-08,7.042504e-08,-4.2794163e-08
14.928,-0.002370768,-0.000625526,-0.00052351155,-5.2623367e-08,1.994446e-07,4.404124e-08
14.948,0.00068355823,-1.4660766e-05,8.735373e-05,-3.3907668e-10,-1.5809448e-08,-2.0203317e-09
14.988,0.00068355823,0.0005962045,8.735373e-05,1.8229455e-08,-2.090037e-08,-2.6709137e-09
15.029,7.269296e-05,-0.000625526,8.735373e-05,-1.3344189e-08,-1.5507405e-09,-1.8634951e-09
15.048,-0.0017599027,-0.000625526,-0.00052351155,-0.0,-0.0,0.0
15.090,-0.0011490375,-1.4660766e-05,8.735373e-05,-5.6692717e-10,4.443292e-08,-3.377941e-09
15.131,7.269296e-05,0.0005962045,0.000698219,1.8425023e-08,-2.2464937e-09,-2.1577666e-08
15.148,0.00068355823,-0.0012363913,8.735373e-05,-0.0,-0.0,-0.0
15.188,-0.0005381723,-0.000625526,8.735373e-05,-1.7416495e-08,1.4984309e-08,-2.432186e-09
15.228,0.0012944235,0.0005962045,-0.00052351155,3.0372874e-08,-6.594275e-08,2.6669628e-08
15.248,-0.0005381723,0.0005962045,0.000698219,0.0,-0.0,-0.0
15.288,7.269296e-05,0.0005962045,8.735373e-05,1.2141994e-08,-1.4804273e-09,-1.7790011e-09
15.329,0.00068355823,-1.4660766e-05,-0.00052351155,-4.2361478e-10,-1.9751045e-08,1.5126583e-08
15.348,-0.0011490375,0.0005962045,-0.0011343767,-0.0,0.0,0.0
15.389,7.269296e-05,-0.0012363913,0.0013090841,-7.4763626e-08,-4.395684e-09,-7.915931e-08
15.427,0.0012944235,-0.000625526,8.735373e-05,-3.0230563e-08,-6.255719e-08,-4.221652e-09
15.449,7.269296e-05,-1.4660766e-05,8.735373e-05,-0.0,-0.0,-0.0
15.488,0.0012944235,-1.4660766e-05,-0.0011343767,-8.467178e-10,-7.475834e-08,6.5514975e-08
15.527,0.00068355823,0.0005962045,8.735373e-05,1.8229455e-08,-2.090037e-08,-2.6709137e-09
15.548,-0.0005381723,0.0012070697,8.735373e-05,0.0,-0.0,-0.0
15.587,-0.0005381723,-0.000625526,0.000698219,-2.2687942e-08,1.9519609e-08,-2.532453e-08
15.629,0.00068355823,0.0012070697,-0.00052351155,6.005221e-08,-3.40073e-08,2.6044916e-08
15.648,0.00068355823,0.0005962045,-0.00052351155,0.0,-0.0,0.0
15.689,-0.0005381723,0.0005962045,8.735373e-05,1.6162499e-08,1.4589306e-08,-2.3680713e-09
15.728,7.269296e-05,-1.4660766e-05,0.000698219,-3.4540928e-10,-1.712654e-09,-1.6450116e-08
15.768,-0.0005381723,0.0012070697,-0.00052351155,5.7575058e-08,2.5669852e-08,2.497056e-08
15.788,-0.0005381723,-1.4660766e-05,8.735373e-05,-2.6830688e-10,9.849098e-09,-1.5986616e-09
15.827,0.00068355823,0.0012070697,-0.00052351155,6.005221e-08,-3.40073e-08,2.6044916e-08
15.869,-0.0017599027,-1.4660766e-05,0.000698219,-9.314273e-10,1.1181036e-07,-4.435934e-08
15.889,0.00068355823,-1.4660766e-05,-0.0011343767,-6.515611e-10,-3.0379073e-08,5.04146e-08
15.928,7.269296e-05,0.0005962045,0.000698219,1.8425023e-08,-2.2464937e-09,-2.1577666e-08
15.968,0.0012944235,0.0005962045,8.735373e-05,2.8563639e-08,-6.2014706e-08,-4.1850403e-09
15.989,7.269296e-05,0.001817935,-0.00052351155,1.1548526e-07,-4.6178554e-09,3.3256338e-08
16.028,-0.0005381723,-1.4660766e-05,0.000698219,-4.3372636e-10,1.592138e-08,-2.0656227e-08
16.067,0.0012944235,0.001817935,-0.00052351155,1.3982772e-07,-9.956147e-08,4.0266254e-08
16.088,0.0012944235,0.0012070697,8.735373e-05,-0.0,-0.0,0.0
16.127,-0.0005381723,0.0012070697,0.000698219,6.0539534e-08,2.6991563e-08,-3.5018566e-08
16.152,-0.0005381723,-0.0012363913,8.735373e-05,-0.0,0.0,0.0
16.187,7.269296e-05,0.0012070697,-0.00052351155,0.0,-0.0,0.0
16.229,0.0012944235,0.0012070697,0.000698219,7.706196e-08,-8.263881e-08,-4.4575817e-08
16.268,0.00068355823,0.0005962045,8.735373e-05,1.8229455e-08,-2.090037e-08,-2.6709137e-09
16.288,-0.0017599027,-1.4660766e-05,-0.00052351155,-0.0,-0.0,0.0
16.328,-0.0011490375,-0.000625526,0.000698219,-3.112546e-08,5.717479e-08,-3.4742577e-08
16.368,7.269296e-05,-1.4660766e-05,8.735373e-05,-5.6368556e-11,-2.7949407e-10,-3.3586264e-10
16.388,-0.0011490375,0.0005962045,8.735373e-05,0.0,-0.0,-0.0
16.427,7.269296e-05,-1.4660766e-05,8.735373e-05,-5.6368556e-11,-2.7949407e-10,-3.3586264e-10
16.469,7.269296e-05,-1.4660766e-05,-0.00052351155,-2.6010386e-10,-1.2896815e-09,9.287875e-09
16.489,0.00068355823,0.0012070697,-0.00052351155,0.0,-0.0,0.0
16.528,0.00068355823,0.0005962045,8.735373e-05,1.8229455e-08,-2.090037e-08,-2.6709137e-09
16.568,7.269296e-05,0.0012070697,0.0013090841,7.218096e-08,-4.3469326e-09,-7.828127e-08
16.609,0.002516154,0.0012070697,-0.00052351155,1.15002344e-07,-2.39724e-07,4.9877045e-08
16.628,0.0012944235,-0.000625526,8.735373e-05,-3.0230563e-08,-6.255719e-08,-4.221652e-09
16.668,7.269296e-05,-1.4660766e-05,0.000698219,-3.4540928e-10,-1.712654e-09,-1.6450116e-08
16.710,-0.0005381723,-0.000625526,0.000698219,-2.2687942e-08,1.9519609e-08,-2.532453e-08
16.728,7.269296e-05,-1.4660766e-05,8.735373e-05,-5.6368556e-11,-2.7949407e-10,-3.3586264e-10
16.768,0.00068355823,0.0012070697,-0.0011343767,7.2578466e-08,-4.1100858e-08,6.82076e-08
16.807,-0.0005381723,-0.0012363913,-0.0011343767,-7.310445e-08,3.182066e-08,6.707261e-08
16.827,0.00068355823,0.0005962045,0.000698219,2.2899048e-08,-2.6254135e-08,-2.6817226e-08
16.868,-0.0005381723,-0.000625526,8.735373e-05,-1.7416495e-08,1.4984309e-08,-2.432186e-09
16.907,0.0012944235,0.0012070697,8.735373e-05,7.177274e-08,-7.696682e-08,-5.1940767e-09
16.927,0.00068355823,0.0005962045,0.000698219,2.2899048e-08,-2.6254135e-08,-2.6817226e-08
16.968,-0.0011490375,-0.000625526,-0.00052351155,-2.957637e-08,5.432925e-08,2.4752882e-08
17.008,7.269296e-05,0.0005962045,8.735373e-05,1.2141994e-08,-1.4804273e-09,-1.7790011e-09
17.028,-0.0011490375,-0.0030689868,-0.00052351155,-0.0,-0.0,0.0
17.069,-0.0005381723,0.0012070697,8.735373e-05,5.3645266e-08,2.3917753e-08,-3.8822234e-09
17.108,-0.0017599027,0.0005962045,0.000698219,3.971054e-08,1.1721931e-07,-4.6505274e-08
17.129,0.00068355823,-1.4660766e-05,-0.0011343767,-0.0,-0.0,0.0
17.168,-0.0011490375,0.0005962045,8.735373e-05,2.5955886e-08,5.0023587e-08,-3.8029633e-09
17.207,-0.0005381723,-0.0012363913,0.0013090841,-7.796789e-08,3.393761e-08,-8.255196e-08
17.228,7.269296e-05,-1.4660766e-05,-0.00052351155,-0.0,-0.0,0.0
17.268,-0.0011490375,-0.000625526,8.735373e-05,-2.7520642e-08,5.055305e-08,-3.8432137e-09
17.308,-0.0005381723,0.0005962045,8.735373e-05,1.6162499e-08,1.4589306e-08,-2.3680713e-09
17.328,7.269296e-05,-0.000625526,-0.00052351155,-0.0,-0.0,0.0
17.368,7.269296e-05,-0.000625526,-0.00052351155,-1.718847e-08,-1.9974882e-09,1.43852725e-08
17.408,-0.0005381723,0.0005962045,8.735373e-05,1.6162499e-08,1.4589306e-08,-2.3680713e-09
17.448,-0.0011490375,-0.000625526,8.735373e-05,-2.7520642e-08,5.055305e-08,-3.8432137e-09
17.467,7.269296e-05,0.0005962045,-0.00052351155,1.5939197e-08,-1.9434059e-09,1.3995792e-08
17.508,-0.0005381723,-0.0012363913,-0.0011343767,-7.310445e-08,3.182066e-08,6.707261e-08
17.549,-0.0005381723,-0.000625526,0.000698219,-2.2687942e-08,1.9519609e-08,-2.532453e-08
17.568,-0.0005381723,-1.4660766e-05,0.000698219,-4.3372636e-10,1.592138e-08,-2.0656227e-08
17.608,-0.0011490375,-0.0012363913,-0.0011343767,-8.436913e-08,7.840826e-08,7.740784e-08
17.648,-0.0005381723,-1.4660766e-05,-0.00052351155,-3.6941206e-10,1.3560498e-08,1.31910864e-08
17.669,-0.0005381723,-0.000625526,0.0013090841,-3.247977e-08,2.7944028e-08,-6.79728e-08
17.708,7.269296e-05,0.0005962045,-0.00052351155,1.5939197e-08,-1.9434059e-09,1.3995792e-08
17.747,-0.0017599027,0.0005962045,0.000698219,3.971054e-08,1.1721931e-07,-4.6505274e-08
17.768,0.00068355823,-0.000625526,-0.0011343767,-3.074283e-08,-3.359495e-08,5.57514e-08
17.810,0.00068355823,0.0005962045,-0.00052351155,2.0950967e-08,-2.4020627e-08,1.8396495e-08
17.847,0.00068355823,0.001817935,-0.00052351155,1.2270213e-07,-4.6136986e-08,3.533459e-08
17.867,-0.0005381723,-1.4660766e-05,0.000698219,-4.3372636e-10,1.592138e-08,-2.0656227e-08
17.909,0.00068355823,0.0005962045,0.000698219,2.2899048e-08,-2.6254135e-08,-2.6817226e-08
17.949,-0.0011490375,-1.4660766e-05,8.735373e-05,-5.6692717e-10,4.443292e-08,-3.377941e-09
17.969,7.269296e-05,-0.000625526,-0.00052351155,-1.718847e-08,-1.9974882e-09,1.43852725e-08
18.007,-0.0011490375,-0.000625526,0.000698219,-3.112546e-08,5.717479e-08,-3.4742577e-08
18.048,-0.0017599027,-0.0012363913,8.735373e-05,-8.930232e-08,1.2711462e-07,-6.3093974e-09
18.068,0.00068355823,-0.000625526,8.735373e-05,-0.0,-0.0,-0.0
18.109,0.00068355823,-1.4660766e-05,8.735373e-05,-3.3907668e-10,-1.5809448e-08,-2.0203317e-09
18.148,-0.0011490375,-0.0012363913,0.000698219,-7.577899e-08,7.042504e-08,-4.2794163e-08
18.168,0.00068355823,0.0005962045,8.735373e-05,-0.0,-0.0,0.0
18.207,0.0012944235,-1.4660766e-05,-0.00052351155,-6.86914e-10,-6.064885e-08,2.4528584e-08
18.248,-0.0011490375,-0.0012363913,0.000698219,-7.577899e-08,7.042504e-08,-4.2794163e-08
18.269,0.0012944235,-1.4660766e-05,-0.00052351155,-0.0,-0.0,0.0
18.316,-0.0005381723,-0.0012363913,8.735373e-05,-5.6059225e-08,2.4401274e-08,-3.960705e-09
18.348,7.269296e-05,0.0005962045,8.735373e-05,1.2141994e-08,-1.4804273e-09,-1.7790011e-09
18.370,0.00068355823,-1.4660766e-05,8.735373e-05,-0.0,-0.0,-0.0
18.409,7.269296e-05,0.001817935,8.735373e-05,1.1111009e-07,-4.44291e-09,-5.3389586e-09
18.448,-0.0005381723,-1.4660766e-05,0.000698219,-4.3372636e-10,1.592138e-08,-2.0656227e-08
18.488,-0.0011490375,-0.000625526,8.735373e-05,-2.7520642e-08,5.055305e-08,-3.8432137e-09
18.509,0.00068355823,0.0005962045,0.000698219,2.2899048e-08,-2.6254135e-08,-2.6817226e-08
18.548,-0.0005381723,-0.0012363913,-0.00052351155,-6.001001e-08,2.612096e-08,2.540938e-08
18.588,-0.0005381723,-1.4660766e-05,-0.0011343767,-6.176967e-10,2.2674596e-08,4.7794238e-08
18.607,-0.0011490375,-1.4660766e-05,8.735373e-05,-5.6692717e-10,4.443292e-08,-3.377941e-09
18.649,-0.0017599027,-0.000625526,0.000698219,-4.1852473e-08,1.17750965e-07,-4.6716192e-08
18.689,0.0013329079,0.0011704178,8.7964596e-05,6.9749234e-08,-7.943259e-08,-5.2421116e-09
18.708,0.000111177476,0.0005595526,0.0006988298,1.6937747e-08,-3.3653604e-09,-2.1153692e-08
18.747,-0.0017214182,0.0005595526,0.0006988298,3.642994e-08,1.1207376e-07,-4.5497654e-08
18.787,0.0019437731,0.0011704178,0.0006988298,9.3238505e-08,-1.54846e-07,-5.5670586e-08
18.808,0.000111177476,0.0011704178,0.0006988298,5.371325e-08,-5.1021996e-09,-3.207096e-08
18.847,-0.001110553,-5.131268e-05,0.0006988298,-2.2609135e-09,4.893264e-08,-3.0791497e-08
18.888,0.000111177476,-5.131268e-05,8.7964596e-05,-2.5958863e-10,-5.624421e-10,-4.450091e-10
18.909,-0.001110553,-0.0006621779,0.0006988298,-3.2656423e-08,5.47688e-08,-3.4463977e-08
18.948,-0.001110553,-0.0006621779,8.7964596e-05,-2.8795222e-08,4.8293096e-08,-3.825195e-09
18.989,0.00072204275,0.0005595526,8.7964596e-05,1.7230342e-08,-2.2233914e-08,-2.7087e-09
19.008,0.0019437731,0.0005595526,8.7964596e-05,-0.0,-0.0,0.0
19.049,0.000111177476,0.0005595526,0.0006988298,1.6937747e-08,-3.3653604e-09,-2.1153692e-08
19.088,-0.00049968774,-0.0012730431,-0.00052290066,-6.254322e-08,2.4549115e-08,2.568954e-08
19.110,0.0013329079,-5.131268e-05,-0.00052290066,-0.0,-0.0,0.0
19.148,0.0013329079,-5.131268e-05,-0.0011337659,-3.0141738e-09,-7.829682e-08,6.659895e-08
19.187,0.000111177476,-5.131268e-05,8.7964596e-05,-2.5958863e-10,-5.624421e-10,-4.450091e-10
19.229,-0.001110553,-0.0006621779,-0.00052290066,-3.09892e-08,5.1972663e-08,2.4471177e-08
19.247,-0.0017214182,-0.0006621779,8.7964596e-05,-4.1027004e-08,1.0665507e-07,-5.4500795e-09
19.288,0.000111177476,-5.131268e-05,8.7964596e-05,-2.5958863e-10,-5.624421e-10,-4.450091e-10
19.329,0.00072204275,0.0005595526,-0.00052290066,1.9762194e-08,-2.5500999e-08,1.8467729e-08
19.348,0.00072204275,-5.131268e-05,-0.00052290066,-1.5374948e-09,-2.1634753e-08,1.5667807e-08
19.387,0.000111177476,-0.0012730431,8.7964596e-05,-5.4715766e-08,-4.7784403e-09,-3.780744e-09
19.426,-0.00049968774,-0.0012730431,8.7964596e-05,-5.8539392e-08,2.2977554e-08,-4.044948e-09
19.447,-0.001110553,-0.0012730431,8.7964596e-05,-7.226123e-08,6.3037874e-08,-4.9930966e-09
19.487,0.00072204275,-5.131268e-05,0.0006988298,-1.7323605e-09,-2.4376783e-08,-2.3593094e-08
19.528,-0.0023322834,-0.0012730431,0.0013096951,-1.2654021e-07,2.3182851e-07,-1.3018341e-07
19.546,-0.0017214182,-0.0006621779,-0.00052290066,-4.2595552e-08,1.10732714e-07,3.3636343e-08
19.586,0.00072204275,0.0011704178,8.7964596e-05,5.4118885e-08,-3.3386495e-08,-4.0673895e-09
19.626,-0.00049968774,-5.131268e-05,-0.00052290066,-1.2484254e-09,1.2157284e-08,1.2722048e-08
19.648,0.00072204275,-0.0012730431,-0.00052290066,-6.638781e-08,-3.7653745e-08,2.72687e-08
19.686,0.00072204275,-5.131268e-05,8.7964596e-05,-1.2554939e-09,-1.7666595e-08,-2.1522755e-09
19.726,-0.001110553,0.0005595526,8.7964596e-05,2.3406654e-08,4.6455565e-08,-3.6796493e-09
19.748,-0.00049968774,-5.131268e-05,0.0006988298,-1.4818048e-09,1.4429957e-08,-2.018077e-08
19.786,-0.001110553,-5.131268e-05,0.0006988298,-2.2609135e-09,4.893264e-08,-3.0791497e-08
19.827,-0.0017214182,-5.131268e-05,8.7964596e-05,-2.969064e-09,9.960504e-08,-5.0898246e-09
19.867,0.000111177476,0.0005595526,-0.00052290066,0.0,-0.0,0.0
19.888,-0.00049968774,0.0011704178,-0.00052290066,5.403374e-08,2.3068685e-08,2.4140338e-08
19.928,-0.00049968774,0.0005595526,8.7964596e-05,1.418169e-08,1.2664434e-08,-2.229436e-09
19.949,0.00072204275,0.0005595526,-0.0011337659,2.7336656e-08,-3.527503e-08,5.5389553e-08
19.987,0.000111177476,0.0005595526,-0.00052290066,1.4529891e-08,-2.8869434e-09,1.3578152e-08
20.028,0.00072204275,-0.0012730431,-0.00052290066,-6.638781e-08,-3.7653745e-08,2.72687e-08
20.050,0.00072204275,-0.0006621779,0.0006988298,-0.0,-0.0,-0.0
20.089,0.0013329079,0.0005595526,8.7964596e-05,2.7191911e-08,-6.4773744e-08,-4.27471e-09
20.127,0.000111177476,-5.131268e-05,8.7964596e-05,-2.5958863e-10,-5.624421e-10,-4.450091e-10
20.167,0.0013329079,0.0005595526,-0.00052290066,2.8862775e-08,-6.87539e-08,2.69722e-08
20.188,-0.00049968774,-5.131268e-05,-0.00052290066,-1.2484254e-09,1.2157284e-08,1.2722048e-08
20.227,0.00072204275,0.0005595526,-0.00052290066,1.9762194e-08,-2.5500999e-08,1.8467729e-08
20.268,0.0013329079,-5.131268e-05,-0.00052290066,-2.4668192e-09,-6.4078584e-08,2.5138071e-08
20.288,0.0019437731,-5.131268e-05,-0.00052290066,-3.4668326e-09,-1.31327e-07,3.53287e-08
20.328,0.00072204275,-5.131268e-05,8.7964596e-05,-1.2554939e-09,-1.7666595e-08,-2.1522755e-09
20.369,-0.00049968774,-0.0018839084,0.0006988298,-1.3088643e-07,3.4716315e-08,-4.8551904e-08
20.390,0.00072204275,-5.131268e-05,-0.00052290066,-1.5374948e-09,-2.1634753e-08,1.5667807e-08
20.430,0.000111177476,0.0011704178,0.0006988298,5.371325e-08,-5.1021996e-09,-3.207096e-08
20.470,-0.0023322834,0.0005595526,0.0006988298,4.6904898e-08,1.9550532e-07,-5.857991e-08
20.488,0.00072204275,0.0017812831,8.7964596e-05,1.1500166e-07,-4.66159e-08,-5.6790914e-09
20.528,-0.00049968774,-0.0012730431,8.7964596e-05,-5.8539392e-08,2.2977554e-08,-4.044948e-09
20.568,-0.001110553,0.0005595526,-0.00052290066,2.5328465e-08,5.026981e-08,2.3669394e-08
20.609,-0.00049968774,-0.0012730431,0.0006988298,-0.0,0.0,0.0
20.628,-0.001110553,-0.0018839084,8.7964596e-05,-1.38352e-07,8.1557694e-08,-6.4600094e-09
20.669,-0.00049968774,-0.0012730431,8.7964596e-05,-5.8539392e-08,2.2977554e-08,-4.044948e-09
20.688,-0.00049968774,-5.131268e-05,-0.00052290066,-1.2484254e-09,1.2157284e-08,1.2722048e-08
20.730,-0.001110553,-5.131268e-05,8.7964596e-05,-1.920137e-09,4.155725e-08,-3.2916632e-09
20.771,-0.00049968774,-0.0006621779,0.0006988298,-2.4100508e-08,1.8186546e-08,-2.5434485e-08
20.808,0.00072204275,0.0005595526,-0.00052290066,0.0,-0.0,0.0
20.828,0.000111177476,-0.0006621779,0.0006988298,-2.1532989e-08,-3.6153172e-09,-2.2724851e-08
20.868,0.000111177476,0.0017812831,8.7964596e-05,1.06803846e-07,-6.666084e-09,-5.2742637e-09
20.909,0.0019437731,-5.131268e-05,8.7964596e-05,-0.0,-0.0,-0.0
20.930,-0.00049968774,-0.0006621779,-0.00052290066,-2.178814e-08,1.6441602e-08,1.7205394e-08
20.969,-0.00049968774,-5.131268e-05,0.0006988298,-1.4818048e-09,1.4429957e-08,-2.018077e-08
21.008,-0.00049968774,0.0005595526,-0.0011337659,-0.0,0.0,0.0
21.029,-0.001110553,-5.131268e-05,-0.00052290066,-2.115314e-09,4.578143e-08,2.1556053e-08
21.069,-0.0023322834,-0.0012730431,-0.00052290066,-1.156783e-07,2.1192885e-07,4.7514707e-08
21.109,-0.00049968774,-0.0012730431,8.7964596e-05,-0.0,0.0,0.0
21.128,-0.001110553,-5.131268e-05,0.0013096951,-2.9578635e-09,6.401667e-08,-7.5496004e-08
21.168,0.000111177476,-0.0006621779,-0.00052290066,-1.8909208e-08,-3.1747938e-09,1.4931995e-08
21.208,-0.00049968774,0.0005595526,0.0006988298,1.9249663e-08,1.71902e-08,-2.4041062e-08
21.228,0.00072204275,-0.0006621779,0.0006988298,-2.6738503e-08,-2.9155824e-08,-2.8218494e-08
21.269,-0.00049968774,-5.131268e-05,-0.00052290066,-1.2484254e-09,1.2157284e-08,1.2722048e-08
21.309,0.00072204275,-0.0006621779,-0.0011337659,-3.3293308e-08,-3.630322e-08,5.700404e-08
21.328,0.00072204275,-0.0012730431,-0.00052290066,-6.638781e-08,-3.7653745e-08,2.72687e-08
21.369,0.000111177476,-5.131268e-05,8.7964596e-05,-2.5958863e-10,-5.624421e-10,-4.450091e-10
21.409,-0.00049968774,-5.131268e-05,-0.00052290066,-1.2484254e-09,1.2157284e-08,1.2722048e-08
21.449,-0.00049968774,-5.131268e-05,-0.00052290066,-0.0,-0.0,0.0
21.468,0.000111177476,-5.131268e-05,-0.00052290066,-9.246687e-10,-2.003449e-09,9.4228145e-09
21.509,0.000111177476,-0.0018839084,0.0013096951,-1.452091e-07,-8.569402e-09,-1.0094952e-07
21.528,-0.00049968774,-0.0006621779,0.0006988298,-2.4100508e-08,1.8186546e-08,-2.5434485e-08
21.569,0.0013329079,-5.131268e-05,-0.00052290066,-2.4668192e-09,-6.4078584e-08,2.5138071e-08
21.608,0.0013329079,0.0005595526,-0.00052290066,2.8862775e-08,-6.87539e-08,2.69722e-08
21.629,0.000111177476,-5.131268e-05,0.0006988298,-1.2215533e-09,-2.6466989e-09,-1.6636392e-08
21.669,0.000111177476,-0.0006621779,-0.0011337659,-2.9277407e-08,-4.9155804e-09,5.0128108e-08
21.708,-0.00049968774,-5.131268e-05,8.7964596e-05,-8.780317e-10,8.550356e-09,-1.5051973e-09
21.751,0.000111177476,-5.131268e-05,8.7964596e-05,-0.0,-0.0,-0.0
21.771,-0.001110553,0.0011704178,8.7964596e-05,6.345846e-08,6.021268e-08,-4.7693223e-09
21.808,0.000111177476,0.0011704178,-0.00052290066,5.0533203e-08,-4.8001265e-09,2.257642e-08
21.847,-0.00049968774,-0.0006621779,0.0006988298,-0.0,0.0,0.0
21.867,0.000111177476,0.0005595526,8.7964596e-05,1.083781e-08,-2.153364e-09,-1.7037605e-09
21.907,0.000111177476,-0.0024947736,-0.00052290066,-2.1358014e-07,-9.518023e-09,4.4766065e-08
21.947,-0.0023322834,-0.0006621779,-0.00052290066,-0.0,-0.0,0.0
21.967,-0.0017214182,-0.0018839084,0.0006988298,-1.6725615e-07,1.5283004e-07,-6.204312e-08
22.008,-0.00049968774,-5.131268e-05,-0.00052290066,-1.2484254e-09,1.2157284e-08,1.2722048e-08
22.048,0.00072204275,-0.0006621779,0.0006988298,-0.0,-0.0,-0.0
22.068,0.00072204275,-5.131268e-05,-0.00052290066,-1.5374948e-09,-2.1634753e-08,1.5667807e-08
22.110,0.000111177476,-0.0012730431,-0.0011337659,-7.297384e-08,-6.372958e-09,6.499015e-08
22.148,-0.00049968774,-0.0012730431,0.0006988298,-6.560371e-08,2.5750401e-08,-3.6012786e-08
22.170,-0.001110553,-5.131268e-05,-0.00052290066,-2.115314e-09,4.578143e-08,2.1556053e-08
22.208,-0.00049968774,-5.131268e-05,8.7964596e-05,-8.780317e-10,8.550356e-09,-1.5051973e-09
22.248,-0.0023322834,-5.131268e-05,-0.00052290066,-4.1162913e-09,1.8709505e-07,4.194693e-08
22.290,0.000111177476,-0.0012730431,8.7964596e-05,-0.0,-0.0,-0.0
22.308,0.0019437731,0.0005595526,8.7964596e-05,3.8013212e-08,-1.3205025e-07,-5.975873e-09
22.349,0.000111177476,-5.131268e-05,8.7964596e-05,-2.5958863e-10,-5.624421e-10,-4.450091e-10
22.368,0.000111177476,0.0017812831,8.7964596e-05,1.06803846e-07,-6.666084e-09,-5.2742637e-09
22.410,-0.001110553,-0.0006621779,8.7964596e-05,-2.8795222e-08,4.8293096e-08,-3.825195e-09
22.448,0.00072204275,-0.0006621779,8.7964596e-05,-2.1855675e-08,-2.3831559e-08,-2.9033371e-09
22.469,-0.001110553,0.0011704178,8.7964596e-05,6.345846e-08,6.021268e-08,-4.7693223e-09
22.508,-0.00049968774,-0.0006621779,0.0006988298,-2.4100508e-08,1.8186546e-08,-2.5434485e-08
22.547,-0.0017214182,-5.131268e-05,-0.00052290066,-3.0988674e-09,1.03959565e-07,3.1578917e-08
22.589,0.000111177476,-5.131268e-05,-0.0011337659,-0.0,-0.0,0.0
22.608,0.00072204275,-0.0006621779,0.0006988298,-2.6738503e-08,-2.9155824e-08,-2.8218494e-08
22.649,-0.001110553,-0.0006621779,8.7964596e-05,-2.8795222e-08,4.8293096e-08,-3.825195e-09
22.688,0.000111177476,0.0011704178,0.0006988298,-0.0,-0.0,0.0
22.710,0.000111177476,-5.131268e-05,0.0013096951,-2.264825e-09,-4.9071205e-09,-5.7806954e-08
22.747,-0.00049968774,-0.0018839084,8.7964596e-05,-1.2333167e-07,3.2712485e-08,-5.7586753e-09
22.789,0.0007794641,-0.0011630873,0.0007226536,-0.0,-0.0,-0.0
22.809,-0.00044226644,5.8643065e-05,0.00011178834,9.050195e-10,6.825355e-09,-1.7251933e-09
22.847,0.0013903292,0.0012803735,-0.0004990769,8.398479e-08,-9.1197215e-08,3.273644e-08
22.889,0.0001685988,0.00066950836,0.00011178834,-0.0,-0.0,0.0
22.909,-0.00044226644,0.00066950836,0.00011178834,1.8199923e-08,1.2022577e-08,-3.0388556e-09
22.949,0.0013903292,5.8643065e-05,-0.0004990769,2.9090106e-09,-6.8967765e-08,2.4756883e-08
22.989,-0.00044226644,-0.0005522222,0.0013335189,-0.0,0.0,0.0
23.009,-0.00044226644,5.8643065e-05,0.0007226536,1.6711466e-09,1.260323e-08,-2.0593397e-08
23.048,0.0013903292,5.8643065e-05,0.00011178834,2.7470526e-09,-6.5128035e-08,-5.236569e-09
23.088,-0.0010531317,-0.0011630873,0.0007226536,-0.0,0.0,0.0
23.108,0.0001685988,5.8643065e-05,0.0007226536,1.4647307e-09,-4.2111e-09,-1.8049752e-08
23.149,0.0007794641,0.00066950836,-0.0004990769,2.5662075e-08,-2.987665e-08,1.9129484e-08
23.190,0.0001685988,5.8643065e-05,0.0007226536,1.4647307e-09,-4.2111e-09,-1.8049752e-08
23.208,-0.0010531317,-0.002384818,0.00011178834,-2.0880691e-07,9.2208786e-08,-9.787813e-09
23.249,-0.00044226644,0.00066950836,0.00011178834,1.8199923e-08,1.2022577e-08,-3.0388556e-09
23.288,-0.00044226644,-0.0005522222,-0.0004990769,-1.6043025e-08,1.2848616e-08,1.4499061e-08
23.328,0.0007794641,5.8643065e-05,0.0007226536,-0.0,-0.0,0.0
23.348,-0.0010531317,-0.0005522222,-0.0004990769,-2.389597e-08,4.5571515e-08,2.1596247e-08
23.389,0.0001685988,0.00066950836,-0.0004990769,1.9138056e-08,-4.819437e-09,1.42662335e-08
23.428,0.0001685988,5.8643065e-05,0.0007226536,-0.0,-0.0,0.0
23.449,-0.00044226644,0.00066950836,-0.0011099422,3.07681e-08,2.032491e-08,5.100879e-08
23.490,-0.001663997,-0.0005522222,0.0007226536,-3.5138026e-08,1.0588052e-07,-4.5982613e-08
23.527,0.0001685988,-0.0005522222,-0.0004990769,-0.0,-0.0,0.0
23.548,-0.00044226644,0.00066950836,0.00011178834,1.8199923e-08,1.2022577e-08,-3.0388556e-09
23.587,0.0001685988,0.0012803735,0.00011178834,5.5690002e-08,-7.333225e-09,-4.8622475e-09
23.628,0.0007794641,0.00066950836,0.0007226536,-0.0,-0.0,0.0
23.647,0.0001685988,5.8643065e-05,-0.0004990769,1.042978e-09,-2.9985614e-09,8.876177e-09
23.689,0.0020011945,-0.0011630873,0.0007226536,-9.463303e-08,-1.6282448e-07,-5.8797735e-08
23.712,-0.00044226644,-0.0005522222,0.00011178834,-1.3272163e-08,1.0629476e-08,-2.686732e-09
23.748,0.0001685988,-0.0005522222,0.0007226536,-1.713957e-08,-5.2328772e-09,-2.2429326e-08
23.791,0.0001685988,-0.0011630873,0.0007226536,-5.384312e-08,-7.8049895e-09,-3.3454e-08
23.827,0.0001685988,5.8643065e-05,0.0013335189,-0.0,-0.0,0.0
23.849,-0.0010531317,0.00066950836,0.0013335189,4.102919e-08,6.4538604e-08,-8.172145e-08
23.887,0.0001685988,5.8643065e-05,0.00011178834,4.144462e-10,-1.1915327e-09,-7.90038e-10
23.927,0.0001685988,-0.0005522222,0.00011178834,-0.0,-0.0,-0.0
23.969,-0.0010531317,-0.0011630873,-0.0004990769,-0.0,-0.0,0.0
23.988,-0.00044226644,0.0012803735,0.00011178834,5.8394672e-08,2.017068e-08,-5.09839e-09
24.028,0.0001685988,5.8643065e-05,0.00011178834,-0.0,-0.0,0.0
24.068,-0.00044226644,-0.0011630873,0.00011178834,-0.0,0.0,0.0
24.089,-0.00044226644,5.8643065e-05,-0.0004990769,1.317231e-09,9.9341175e-09,1.1210186e-08
24.127,0.0001685988,5.8643065e-05,0.0007226536,1.4647307e-09,-4.2111e-09,-1.8049752e-08
24.168,0.0007794641,-0.0005522222,0.00011178834,-0.0,-0.0,-0.0
24.188,-0.00044226644,-0.0005522222,-0.0004990769,-1.6043025e-08,1.2848616e-08,1.4499061e-08
24.228,0.0001685988,0.00066950836,-0.0004990769,1.9138056e-08,-4.819437e-09,1.42662335e-08
24.268,-0.00044226644,5.8643065e-05,0.0013335189,0.0,-0.0,-0.0
24.288,-0.0010531317,0.00066950836,0.0007226536,3.2395988e-08,5.0958647e-08,-3.4967563e-08
24.328,-0.00044226644,5.8643065e-05,0.00011178834,9.050195e-10,6.825355e-09,-1.7251933e-09
24.367,-0.00044226644,-0.0005522222,0.00011178834,-0.0,0.0,0.0
24.388,-0.001663997,-0.0011630873,0.00011178834,-7.935158e-08,1.1352611e-07,-7.62675e-09
24.428,0.0007794641,0.00066950836,-0.0004990769,2.5662075e-08,-2.987665e-08,1.9129484e-08
24.468,-0.00044226644,-0.002384818,-0.0004990769,-0.0,-0.0,0.0
24.489,-0.0010531317,5.8643065e-05,-0.0004990769,2.2961049e-09,4.1234223e-08,1.9540813e-08
24.527,0.0001685988,5.8643065e-05,-0.0004990769,1.042978e-09,-2.9985614e-09,8.876177e-09
24.569,0.0007794641,0.00066950836,0.00011178834,-0.0,-0.0,0.0
24.588,0.0001685988,5.8643065e-05,0.00011178834,4.144462e-10,-1.1915327e-09,-7.90038e-10
24.628,0.0007794641,-0.0005522222,0.0007226536,-2.2194769e-08,-3.1328014e-08,-2.90447e-08
24.668,-0.001663997,0.00066950836,0.00011178834,0.0,-0.0,-0.0
24.688,0.0001685988,-0.0005522222,-0.0004990769,-1.4141454e-08,-4.3175232e-09,1.2780496e-08
24.728,-0.0022748623,-0.0005522222,0.0007226536,-4.539605e-08,1.8700764e-07,-5.940656e-08
24.768,0.0007794641,0.00066950836,-0.0004990769,0.0,-0.0,0.0
24.808,0.0013903292,5.8643065e-05,-0.0004990769,0.0,-0.0,0.0
24.827,-0.0022748623,-0.0005522222,0.00011178834,-4.3425675e-08,1.7889073e-07,-8.790813e-09
24.870,-0.0010531317,5.8643065e-05,-0.0004990769,-0.0,0.0,0.0
24.910,-0.00044226644,5.8643065e-05,-0.0004990769,-0.0,0.0,0.0
24.927,-0.00044226644,5.8643065e-05,0.00011178834,9.050195e-10,6.825355e-09,-1.7251933e-09
24.968,0.0001685988,0.00066950836,-0.0004990769,0.0,-0.0,0.0
24.990,-0.00044226644,-0.0005522222,0.00011178834,-1.3272163e-08,1.0629476e-08,-2.686732e-09
25.028,0.0001685988,-0.0005522222,0.00011178834,-1.0897357e-08,-3.3270688e-09,-2.2059914e-09
25.068,-0.00044226644,0.00066950836,-0.0011099422,-0.0,0.0,0.0
25.109,-0.00044226644,5.8643065e-05,0.00011178834,0.0,-0.0,-0.0
25.129,-0.0010531317,-0.0005522222,-0.0004990769,-2.389597e-08,4.5571515e-08,2.1596247e-08
25.167,0.0013903292,5.8643065e-05,0.0007226536,3.0854435e-09,-7.3150744e-08,-3.802168e-08
25.207,-0.00044226644,-0.0017739527,0.00011178834,-0.0,0.0,0.0
25.229,-0.00044226644,-0.0011630873,0.00011178834,-4.8757936e-08,1.8540309e-08,-4.686293e-09
25.268,0.0020011945,0.0012803735,-0.0004990769,1.04294806e-07,-1.6301038e-07,4.0653088e-08
25.308,0.0001685988,0.00066950836,-0.0004990769,0.0,-0.0,0.0
25.328,0.0001685988,5.8643065e-05,0.0007226536,1.4647307e-09,-4.2111e-09,-1.8049752e-08
25.367,-0.00044226644,5.8643065e-05,0.0007226536,1.6711466e-09,1.260323e-08,-2.0593397e-08
25.408,-0.00044226644,5.8643065e-05,-0.0004990769,-0.0,0.0,0.0
25.428,0.0001685988,-0.0005522222,0.0013335189,-2.692616e-08,-8.220818e-09,-6.5021915e-08
25.469,-0.001663997,5.8643065e-05,0.0007226536,3.5716186e-09,1.0134462e-07,-4.401273e-08
25.509,-0.0010531317,-0.0011630873,0.0019443841,-0.0,0.0,0.0
25.528,-0.00044226644,5.8643065e-05,0.00011178834,9.050195e-10,6.825355e-09,-1.7251933e-09
25.567,-0.001663997,0.00066950836,0.00011178834,4.037215e-08,1.00341e-07,-6.740972e-09
25.607,-0.00044226644,5.8643065e-05,0.0013335189,0.0,-0.0,-0.0
25.628,0.0001685988,-0.0011630873,0.00011178834,-4.6072945e-08,-6.678641e-09,-4.42823e-09
25.669,-0.00044226644,0.0012803735,0.0007226536,6.596041e-08,2.2784032e-08,-3.7228606e-08
25.710,-0.00044226644,-0.0005522222,0.0007226536,-0.0,0.0,0.0
25.728,0.0013903292,-0.0005522222,-0.0004990769,-2.9221688e-08,-7.357142e-08,2.6409424e-08
25.769,0.0007794641,0.00066950836,0.00011178834,2.3219508e-08,-2.7032929e-08,-3.876979e-09
25.809,-0.001663997,-0.0011630873,-0.0004990769,-0.0,-0.0,0.0
25.829,0.0001685988,-0.0011630873,0.00011178834,-4.6072945e-08,-6.678641e-09,-4.42823e-09
25.869,0.0007794641,0.0012803735,0.00011178834,6.457803e-08,-3.931373e-08,-5.6382525e-09
25.910,-0.001663997,-0.0005522222,-0.0004990769,-0.0,-0.0,0.0
25.931,-0.00044226644,-0.0005522222,0.00011178834,-1.3272163e-08,1.0629476e-08,-2.686732e-09
25.969,-0.0010531317,5.8643065e-05,0.00011178834,2.0871183e-09,3.7481165e-08,-3.978569e-09
26.010,-0.0010531317,0.00066950836,0.00011178834,0.0,-0.0,-0.0
26.050,-0.0010531317,-0.0005522222,0.0007226536,-0.0,0.0,0.0
26.070,-0.0010531317,5.8643065e-05,0.0007226536,2.5158966e-09,4.51813e-08,-3.1003175e-08
26.109,-0.00044226644,0.00066950836,0.0007226536,0.0,-0.0,-0.0
26.150,0.0001685988,-0.0005522222,-0.0004990769,-0.0,-0.0,0.0
26.169,-0.00044226644,-0.0011630873,0.00011178834,-4.8757936e-08,1.8540309e-08,-4.686293e-09
26.211,0.0001685988,0.00066950836,0.00011178834,-0.0,-0.0,0.0
26.249,-0.001663997,-0.0005522222,0.00011178834,-0.0,0.0,0.0
26.269,-0.0010531317,-0.0011630873,0.0007226536,-6.7416764e-08,6.104334e-08,-4.1887624e-08
26.309,-0.00044226644,-0.0005522222,-0.0004990769,-1.6043025e-08,1.2848616e-08,1.4499061e-08
26.349,0.0001685988,-0.0005522222,0.00011178834,-0.0,-0.0,-0.0
26.370,-0.001663997,5.8643065e-05,-0.0004990769,3.420351e-09,9.705249e-08,2.9108623e-08
26.408,-0.0010531317,0.00066950836,-0.0004990769,3.0193505e-08,4.7494154e-08,2.250738e-08
26.449,-0.0010531317,5.8643065e-05,-0.0004990769,-0.0,0.0,0.0
26.469,-0.0010531317,0.00066950836,0.00011178834,2.8146953e-08,4.4274948e-08,-4.6997193e-09
26.509,0.0001685988,0.00066950836,-0.0004990769,1.9138056e-08,-4.819437e-09,1.42662335e-08
26.551,0.0007794641,0.00066950836,0.0007226536,-0.0,-0.0,0.0
26.571,-0.00044226644,0.0012803735,0.00011178834,5.8394672e-08,2.017068e-08,-5.09839e-09
26.610,0.0001685988,-0.0011630873,0.00011178834,-4.6072945e-08,-6.678641e-09,-4.42823e-09
26.649,-0.00044226644,-0.0011630873,0.0007226536,-0.0,0.0,0.0
26.670,0.0013903292,-0.0005522222,-0.0004990769,-2.9221688e-08,-7.357142e-08,2.6409424e-08
26.709,0.0001685988,5.8643065e-05,0.0007226536,1.4647307e-09,-4.2111e-09,-1.8049752e-08
26.749,-0.00044226644,-0.0011630873,0.00011178834,-0.0,0.0,0.0
26.772,0.0013903292,0.00066950836,-0.0004990769,3.643438e-08,-7.566116e-08,2.715957e-08
26.807,-0.0010531317,-0.0017739527,0.0013335189,-1.4621912e-07,8.6805024e-08,-1.09916094e-07
26.849,0.0009053023,0.0007336491,0.00066767575,-0.0,-0.0,0.0
26.888,-0.0003164282,-0.00048808134,-0.0005540548,-0.0,-0.0,0.0
26.908,-0.0003164282,-0.00048808134,5.681047e-05,-9.571649e-09,6.2053993e-09,-1.1140968e-09
26.948,-0.0003164282,0.0007336491,-0.0005540548,-0.0,0.0,0.0
26.989,0.0009053023,-0.00048808134,5.681047e-05,-0.0,-0.0,-0.0
27.009,-0.0015381586,0.00012278391,5.681047e-05,6.3615926e-09,7.969398e-08,-2.943424e-09
27.050,0.00029443705,-0.00048808134,0.00066767575,-0.0,-0.0,-0.0
27.090,0.0015161675,0.0007336491,-0.0005540548,0.0,-0.0,0.0
27.109,-0.0003164282,-0.00048808134,0.0012785409,-2.300422e-08,1.4913875e-08,-6.026011e-08
27.150,-0.0015381586,0.0007336491,5.681047e-05,0.0,-0.0,-0.0
27.190,-0.0003164282,0.0007336491,5.681047e-05,0.0,-0.0,-0.0
27.211,-0.00092729344,-0.00048808134,0.00066767575,-2.0349319e-08,3.8661156e-08,-2.7837054e-08
27.250,-0.0003164282,-0.00048808134,5.681047e-05,-0.0,0.0,0.0
27.289,0.0015161675,0.0007336491,-0.0005540548,0.0,-0.0,0.0
27.308,0.00029443705,-0.0010989466,0.0018894062,-8.132678e-08,-2.1789605e-08,-1.3982421e-07
27.349,0.0015161675,0.0007336491,-0.0017757853,0.0,-0.0,0.0
27.389,0.0009053023,0.00012278391,5.681047e-05,-0.0,-0.0,0.0
27.409,-0.0003164282,0.0007336491,-0.0005540548,2.3934994e-08,1.0323337e-08,1.8075804e-08
27.450,0.00029443705,-0.00048808134,5.681047e-05,-9.3815435e-09,-5.6594542e-09,-1.0919694e-09
27.491,0.00029443705,0.00012278391,0.00066767575,-0.0,-0.0,0.0
27.511,0.00029443705,-0.00048808134,0.00066767575,-1.43776155e-08,-8.6733545e-09,-1.9668002e-08
27.551,0.00029443705,0.00012278391,0.00066767575,3.0486476e-09,-7.310687e-09,-1.657797e-08
27.589,-0.00092729344,0.00012278391,5.681047e-05,0.0,-0.0,-0.0
27.631,-0.002149024,0.00012278391,5.681047e-05,0.0,-0.0,-0.0
27.650,-0.0003164282,0.0007336491,-0.0005540548,2.3934994e-08,1.0323337e-08,1.8075804e-08
27.691,-0.0003164282,0.0007336491,5.681047e-05,0.0,-0.0,-0.0
27.730,0.0021270327,-0.0010989466,-0.0005540548,-0.0,-0.0,0.0
27.751,0.00029443705,-0.00048808134,5.681047e-05,-9.3815435e-09,-5.6594542e-09,-1.0919694e-09
27.791,-0.0003164282,0.00012278391,5.681047e-05,0.0,-0.0,-0.0
27.828,0.0009053023,0.0007336491,-0.0005540548,0.0,-0.0,0.0
27.848,-0.0003164282,-0.0010989466,0.00066767575,-4.883058e-08,1.4060168e-08,-2.9667497e-08
27.890,-0.0003164282,-0.00048808134,-0.0005540548,-0.0,-0.0,0.0
27.929,0.00029443705,-0.00048808134,0.00066767575,-0.0,-0.0,-0.0
27.950,0.0009053023,0.0007336491,0.00066767575,3.3060463e-08,-4.0795676e-08,-3.0087502e-08
27.989,0.00029443705,-0.00048808134,5.681047e-05,-0.0,-0.0,-0.0
28.030,-0.0003164282,-0.00048808134,5.681047e-05,-0.0,0.0,0.0
28.051,0.00029443705,0.00012278391,0.00066767575,3.0486476e-09,-7.310687e-09,-1.657797e-08
28.089,0.00029443705,-0.0010989466,0.00066767575,-0.0,-0.0,-0.0
28.130,0.00029443705,0.0007336491,5.681047e-05,-0.0,-0.0,0.0
28.148,0.0015161675,0.0007336491,5.681047e-05,4.1487304e-08,-8.573813e-08,-3.2125873e-09
28.189,-0.0003164282,-0.00048808134,0.00066767575,-0.0,0.0,0.0
28.230,-0.0003164282,-0.00048808134,5.681047e-05,-0.0,0.0,0.0
28.250,0.0015161675,0.0013445143,5.681047e-05,9.145783e-08,-1.0313419e-07,-3.864411e-09
28.290,0.0021270327,0.0007336491,0.00066767575,-0.0,-0.0,0.0
28.329,0.00029443705,0.00012278391,5.681047e-05,-0.0,-0.0,0.0
28.349,0.00029443705,0.00012278391,5.681047e-05,1.3349922e-09,-3.201325e-09,-6.17683e-10
28.389,0.0009053023,-0.00048808134,-0.0005540548,-0.0,-0.0,0.0
28.429,-0.0003164282,0.00012278391,5.681047e-05,0.0,-0.0,-0.0
28.471,-0.00092729344,0.00012278391,0.00066767575,0.0,-0.0,-0.0
28.490,-0.002149024,0.0013445143,5.681047e-05,1.1439196e-07,1.8284005e-07,-4.833474e-09
28.535,0.0009053023,-0.00048808134,5.681047e-05,-0.0,-0.0,-0.0
28.551,-0.00092729344,-0.00048808134,-0.0005540548,-1.9412951e-08,3.6882177e-08,2.203698e-08
28.591,0.00029443705,0.00012278391,5.681047e-05,1.3349922e-09,-3.201325e-09,-6.17683e-10
28.629,-0.0015381586,-0.0010989466,5.681047e-05,-0.0,0.0,0.0
28.669,0.0009053023,0.0007336491,-0.0005540548,0.0,-0.0,0.0
28.690,0.0015161675,0.00012278391,5.681047e-05,6.2713443e-09,-7.7440184e-08,-2.901667e-09
28.729,-0.0015381586,-0.0010989466,-0.0005540548,-0.0,-0.0,0.0
28.770,0.00029443705,0.0013445143,0.0012785409,-0.0,-0.0,0.0
28.788,-0.0003164282,-0.00048808134,0.00066767575,-1.4502376e-08,9.402041e-09,-1.9838671e-08
28.830,0.0009053023,-0.00048808134,-0.0011649199,-0.0,-0.0,0.0
28.869,0.00029443705,0.0019553795,-0.0005540548,0.0,-0.0,0.0
28.890,0.00029443705,0.00012278391,0.00066767575,3.0486476e-09,-7.310687e-09,-1.657797e-08
28.928,-0.00092729344,0.0007336491,0.00066767575,0.0,-0.0,-0.0
28.969,0.0015161675,-0.00048808134,0.00066767575,-0.0,-0.0,-0.0
28.990,-0.0003164282,-0.0010989466,-0.0005540548,-4.6858037e-08,1.3492197e-08,2.362437e-08
29.029,-0.002149024,-0.00048808134,0.00066767575,-0.0,0.0,0.0
29.072,0.00029443705,0.0007336491,-0.0005540548,0.0,-0.0,0.0
29.092,-0.0015381586,-0.00048808134,0.00066767575,-2.8601457e-08,9.013576e-08,-3.9125652e-08
29.131,0.00029443705,0.00012278391,5.681047e-05,-0.0,-0.0,0.0
29.170,0.0015161675,0.00012278391,5.681047e-05,-0.0,-0.0,0.0
29.191,-0.002149024,0.00012278391,-0.0005540548,9.157361e-09,1.6027668e-07,4.1322043e-08
29.231,-0.00092729344,0.0013445143,5.681047e-05,0.0,-0.0,-0.0
29.256,0.00029443705,0.00012278391,5.681047e-05,1.3349922e-09,-3.201325e-09,-6.17683e-10
29.310,-0.0003164282,0.00012278391,-0.0005540548,2.6769478e-09,6.8988006e-09,1.2079561e-08
29.331,0.00029443705,-0.00048808134,5.681047e-05,-0.0,-0.0,-0.0
29.370,0.0009053023,0.0007336491,0.00066767575,-0.0,-0.0,0.0
29.409,-0.0015381586,-0.00048808134,0.00066767575,-2.8601457e-08,9.013576e-08,-3.9125652e-08
29.429,0.0009053023,0.00012278391,-0.0005540548,0.0,-0.0,0.0
29.470,-0.00092729344,0.00012278391,5.681047e-05,0.0,-0.0,-0.0
29.512,0.00029443705,-0.00048808134,5.681047e-05,-9.3815435e-09,-5.6594542e-09,-1.0919694e-09
29.530,0.0009053023,0.0007336491,-0.0005540548,0.0,-0.0,0.0
29.570,-0.0003164282,0.0013445143,5.681047e-05,0.0,-0.0,-0.0
29.611,0.0009053023,-0.00048808134,-0.0005540548,-0.0,-0.0,0.0
29.631,-0.00092729344,-0.00048808134,5.681047e-05,-1.7186983e-08,3.2653116e-08,-2.000487e-09
29.671,0.00029443705,0.00012278391,5.681047e-05,-0.0,-0.0,0.0
29.710,-0.0003164282,0.00012278391,-0.0011649199,-0.0,0.0,0.0
29.731,-0.00092729344,-0.00048808134,-0.0005540548,-1.9412951e-08,3.6882177e-08,2.203698e-08
29.770,-0.0003164282,-0.0010989466,0.00066767575,-0.0,0.0,0.0
29.809,0.0015161675,0.0013445143,-0.0005540548,0.0,-0.0,0.0
29.829,0.0009053023,-0.0017098119,-0.0005540548,-1.15458526e-07,-6.113238e-08,3.7413674e-08
29.870,-0.00092729344,0.00012278391,5.681047e-05,0.0,-0.0,-0.0
29.912,-0.0003164282,-0.00048808134,-0.0005540548,-0.0,-0.0,0.0
29.931,-0.0003164282,0.0007336491,5.681047e-05,1.9718273e-08,8.504634e-09,-1.526894e-09
29.971,-0.0003164282,0.00012278391,-0.0005540548,-0.0,0.0,0.0
30.010,0.00029443705,-0.0010989466,5.681047e-05,-0.0,-0.0,-0.0
30.033,-0.00092729344,0.00012278391,-0.0005540548,4.479055e-09,3.3826897e-08,2.021146e-08
30.069,0.0015161675,0.00012278391,5.681047e-05,-0.0,-0.0,0.0
30.111,-0.0003164282,0.00012278391,5.681047e-05,0.0,-0.0,-0.0
30.131,0.0015161675,-0.00048808134,0.00066767575,-2.8284767e-08,-8.786331e-08,-3.8692427e-08
30.170,-0.00092729344,-0.0017098119,-0.0005540548,-0.0,-0.0,0.0
30.210,-0.00092729344,0.00012278391,5.681047e-05,0.0,-0.0,-0.0
30.250,0.0021270327,0.0013445143,-0.0011649199,1.2509818e-07,-1.9790633e-07,1.08388114e-07
30.271,0.0015161675,-0.00048808134,0.00066767575,-0.0,-0.0,-0.0
30.309,-0.00092729344,-0.00048808134,5.681047e-05,-0.0,0.0,0.0
30.351,-0.00092729344,-0.00048808134,-0.0005540548,-1.9412951e-08,3.6882177e-08,2.203698e-08
30.370,0.00029443705,-0.00048808134,-0.0005540548,-0.0,-0.0,0.0
30.410,-0.0015381586,0.0007336491,-0.0005540548,-0.0,0.0,0.0
30.451,-0.00092729344,-0.0017098119,-0.0005540548,-1.1603156e-07,6.292815e-08,3.759937e-08
30.470,0.0009053023,0.0007336491,0.00066767575,-0.0,-0.0,0.0
30.510,-0.00092729344,-0.0010989466,-0.0005540548,-0.0,-0.0,0.0
30.549,0.00029443705,0.00012278391,-0.0005540548,0.0,-0.0,0.0
30.571,0.0009053023,-0.0010989466,5.681047e-05,-5.254436e-08,-4.3285574e-08,-2.7163023e-09
30.611,-0.00092729344,-0.0010989466,-0.0005540548,-0.0,-0.0,0.0
30.650,-0.0003164282,0.00012278391,5.681047e-05,0.0,-0.0,-0.0
30.670,-0.0003164282,-0.00048808134,5.681047e-05,-9.571649e-09,6.2053993e-09,-1.1140968e-09
30.711,-0.0027598892,-0.00048808134,5.681047e-05,-0.0,0.0,0.0
30.752,-0.00092729344,-0.0010989466,5.681047e-05,-0.0,0.0,0.0
30.770,-0.00092729344,-0.00048808134,0.00066767575,-2.0349319e-08,3.8661156e-08,-2.7837054e-08
30.809,-0.0003164282,0.0013445143,-0.0005540548,-0.0,0.0,0.0
30.851,-0.00092729344,0.00012278391,-0.0005540548,-0.0,0.0,0.0
30.871,-0.0015381586,-0.00048808134,-0.0005540548,-2.7943003e-08,8.8060666e-08,3.1720027e-08
30.910,-0.00092729344,-0.0010989466,-0.0005540548,-0.0,-0.0,0.0
30.950,-0.00029199358,0.0013994923,-0.0011386528,-0.0,0.0,0.0
30.971,0.00031887164,-0.00043310347,-0.00052778755,-1.0950802e-08,-8.062508e-09,1.3344841e-08
31.010,-0.00029199358,0.000788627,8.307768e-05,0.0,-0.0,-0.0
31.051,-0.00029199358,-0.00043310347,-0.00052778755,-0.0,-0.0,0.0
31.091,-0.0015137241,0.000788627,8.307768e-05,4.5219682e-08,8.679657e-08,-4.7636557e-09
31.111,-0.00029199358,-0.0010439687,-0.00052778755,-0.0,-0.0,0.0
31.151,0.0021514674,0.00017776179,8.307768e-05,-0.0,-0.0,0.0
31.173,0.00031887164,-0.00043310347,-0.0011386528,-1.8300549e-08,-1.3473745e-08,4.8113144e-08
31.212,0.00031887164,0.00017776179,-0.00052778755,0.0,-0.0,0.0
31.251,0.00031887164,0.00017776179,8.307768e-05,-0.0,-0.0,0.0
31.291,0.00031887164,0.000788627,-0.00052778755,2.6490648e-08,-1.0711168e-08,1.772883e-08
31.312,0.00031887164,0.000788627,-0.00052778755,0.0,-0.0,0.0
31.351,-0.00029199358,-0.0010439687,0.0006939429,-0.0,0.0,0.0
31.378,0.00031887164,0.00017776179,8.307768e-05,2.2332212e-09,-4.005984e-09,-1.0437048e-09
31.412,0.00031887164,0.000788627,0.0006939429,-0.0,-0.0,0.0
31.450,-0.0015137241,0.00017776179,-0.00052778755,-0.0,0.0,0.0
31.491,-0.00029199358,-0.0010439687,8.307768e-05,-3.8084842e-08,1.0652167e-08,-3.030742e-09
31.511,-0.00090285885,0.00017776179,8.307768e-05,0.0,-0.0,-0.0
31.549,-0.00029199358,-0.0010439687,8.307768e-05,-0.0,0.0,0.0
31.591,0.00031887164,0.00017776179,0.0006939429,-0.0,-0.0,0.0
31.610,-0.0015137241,-0.0010439687,8.307768e-05,-6.44789e-08,9.349252e-08,-5.131144e-09
31.651,0.00092973694,0.000788627,8.307768e-05,-0.0,-0.0,0.0
31.692,-0.00029199358,-0.00043310347,0.0013048082,-0.0,0.0,0.0
31.711,0.00031887164,0.00017776179,-0.0011386528,7.1322614e-09,-1.2793952e-08,4.5685685e-08
31.755,0.00031887164,0.00017776179,8.307768e-05,-0.0,-0.0,0.0
31.790,0.00031887164,-0.00043310347,0.0006939429,-0.0,-0.0,-0.0
31.820,0.00031887164,-0.00043310347,-0.00052778755,-1.0950802e-08,-8.062508e-09,1.3344841e-08
31.849,0.00031887164,0.000788627,-0.0011386528,0.0,-0.0,0.0
31.889,-0.00090285885,-0.00043310347,0.0006939429,-0.0,0.0,0.0
31.928,0.00092973694,-0.0010439687,-0.0011386528,-6.3158716e-08,-5.6247845e-08,6.888697e-08
31.952,-0.00029199358,0.000788627,0.0013048082,0.0,-0.0,-0.0
31.989,0.00092973694,-0.00043310347,-0.00052778755,-0.0,-0.0,0.0
32.029,0.00031887164,-0.00043310347,-0.00052778755,-1.0950802e-08,-8.062508e-09,1.3344841e-08
32.050,0.00031887164,0.000788627,0.0006939429,-0.0,-0.0,0.0
32.089,0.00031887164,0.00017776179,-0.00052778755,0.0,-0.0,0.0
32.131,0.00092973694,-0.0010439687,8.307768e-05,-4.905649e-08,-4.3688694e-08,-3.903853e-09
32.149,0.00031887164,-0.0010439687,0.0013048082,-0.0,-0.0,-0.0
32.189,0.00031887164,-0.00043310347,8.307768e-05,-0.0,-0.0,-0.0
32.230,-0.00090285885,0.000788627,8.307768e-05,3.1798265e-08,3.640421e-08,-3.3497793e-09
32.250,0.00031887164,0.00017776179,8.307768e-05,-0.0,-0.0,0.0
32.290,0.00031887164,-0.00043310347,0.0006939429,-0.0,-0.0,-0.0
32.331,-0.00090285885,0.00017776179,0.0006939429,6.8744517e-09,3.4915598e-08,-2.6836345e-08
32.350,0.0015406022,0.000788627,8.307768e-05,-0.0,-0.0,0.0
32.390,-0.0015137241,-0.0010439687,-0.00052778755,-0.0,-0.0,0.0
32.430,-0.00029199358,0.000788627,-0.00052778755,2.627275e-08,9.727633e-09,1.7583002e-08
32.449,-0.00090285885,-0.0010439687,-0.00052778755,-0.0,-0.0,0.0
32.491,-0.00090285885,-0.0010439687,8.307768e-05,-0.0,0.0,0.0
32.530,0.00031887164,0.00017776179,8.307768e-05,-0.0,-0.0,0.0
32.550,-0.00029199358,-0.00043310347,8.307768e-05,-7.686338e-09,5.1820437e-09,-1.4743892e-09
32.590,0.00092973694,-0.0016548339,0.0006939429,-0.0,-0.0,-0.0
32.632,0.00092973694,0.00017776179,-0.00052778755,0.0,-0.0,0.0
32.671,-0.00029199358,0.000788627,8.307768e-05,2.2361425e-08,8.279443e-09,-2.3556574e-09
32.691,0.00031887164,-0.00043310347,0.0006939429,-0.0,-0.0,-0.0
32.730,-0.00090285885,0.000788627,-0.0011386528,-0.0,0.0,0.0
32.769,-0.0015137241,-0.0010439687,8.307768e-05,-6.44789e-08,9.349252e-08,-5.131144e-09
32.792,-0.0015137241,0.00017776179,-0.0011386528,-0.0,0.0,0.0
32.829,0.00031887164,0.0013994923,8.307768e-05,-0.0,-0.0,0.0
32.869,-0.00090285885,0.0013994923,-0.00052778755,8.204147e-08,5.292767e-08,3.094012e-08
32.889,0.00092973694,0.000788627,-0.00052778755,0.0,-0.0,0.0
32.929,0.0021514674,0.0020103576,0.0006939429,-0.0,-0.0,0.0
32.971,0.00092973694,-0.0010439687,8.307768e-05,-4.905649e-08,-4.3688694e-08,-3.903853e-09
32.990,-0.00029199358,-0.00043310347,-0.00052778755,-0.0,-0.0,0.0
33.031,0.00092973694,0.00017776179,-0.00052778755,0.0,-0.0,0.0
33.071,-0.00090285885,-0.0010439687,8.307768e-05,-4.8436526e-08,4.1889518e-08,-3.854515e-09
33.091,-0.00029199358,-0.00043310347,0.0013048082,-0.0,0.0,0.0
33.129,0.00031887164,0.00017776179,8.307768e-05,-0.0,-0.0,0.0
33.170,0.00031887164,-0.0010439687,8.307768e-05,-3.8348436e-08,-1.17132135e-08,-3.051719e-09
33.191,-0.00090285885,-0.0010439687,-0.00052778755,-0.0,-0.0,0.0
33.229,0.00031887164,-0.0010439687,-0.0011386528,-0.0,-0.0,0.0
33.270,0.0015406022,0.00017776179,-0.00052778755,9.7712105e-09,-8.468382e-08,2.9011424e-08
33.290,0.00031887164,0.00017776179,8.307768e-05,-0.0,-0.0,0.0
33.330,-0.00029199358,-0.00043310347,8.307768e-05,-0.0,0.0,0.0
33.371,0.00031887164,0.00017776179,-0.0011386528,7.1322614e-09,-1.2793952e-08,4.5685685e-08
33.391,-0.0015137241,-0.0010439687,-0.00052778755,-0.0,-0.0,0.0
33.431,-0.00029199358,0.00017776179,0.0006939429,0.0,-0.0,-0.0
33.470,0.0015406022,0.000788627,-0.00052778755,4.7880356e-08,-9.353545e-08,3.2043864e-08
33.490,-0.00029199358,0.00017776179,0.0006939429,0.0,-0.0,-0.0
33.530,0.0015406022,0.00017776179,8.307768e-05,-0.0,-0.0,0.0
33.571,0.00092973694,0.000788627,0.0006939429,-0.0,-0.0,0.0
33.610,-0.00029199358,0.00017776179,8.307768e-05,2.0983644e-09,3.4467977e-09,-9.80679e-10
33.631,0.00092973694,0.000788627,-0.0011386528,0.0,-0.0,0.0
33.671,0.00031887164,0.00017776179,-0.00052778755,0.0,-0.0,0.0
33.710,-0.0015137241,-0.00043310347,0.0006939429,-2.5004821e-08,8.739344e-08,-4.006414e-08
33.731,0.00031887164,0.00017776179,8.307768e-05,-0.0,-0.0,0.0
33.769,-0.00029199358,-0.0010439687,0.0013048082,-0.0,0.0,0.0
33.809,-0.00090285885,0.000788627,8.307768e-05,3.1798265e-08,3.640421e-08,-3.3497793e-09
33.830,0.00031887164,0.00017776179,-0.00052778755,0.0,-0.0,0.0
33.870,-0.00090285885,0.00017776179,8.307768e-05,0.0,-0.0,-0.0
33.909,-0.00090285885,0.00017776179,0.0006939429,6.8744517e-09,3.4915598e-08,-2.6836345e-08
33.931,0.00031887164,0.000788627,-0.00052778755,0.0,-0.0,0.0
33.969,-0.00090285885,-0.00043310347,-0.00052778755,-0.0,-0.0,0.0
34.010,0.00031887164,0.00017776179,0.0006939429,4.677003e-09,-8.389675e-09,-1.8257989e-08
34.031,-0.00029199358,0.00017776179,8.307768e-05,0.0,-0.0,-0.0
34.069,0.00031887164,-0.00043310347,0.0006939429,-0.0,-0.0,-0.0
34.111,0.0021514674,0.0020103576,8.307768e-05,1.987075e-07,-2.1265505e-07,-8.211532e-09
34.129,-0.0015137241,0.00017776179,8.307768e-05,0.0,-0.0,-0.0
34.170,0.00031887164,0.00017776179,8.307768e-05,-0.0,-0.0,0.0
34.209,0.00031887164,-0.00043310347,-0.00052778755,-1.0950802e-08,-8.062508e-09,1.3344841e-08
34.230,0.0015406022,-0.0010439687,8.307768e-05,-0.0,-0.0,-0.0
34.270,-0.00090285885,-0.00043310347,0.0006939429,-0.0,0.0,0.0
34.309,-0.00029199358,0.000788627,-0.00052778755,2.627275e-08,9.727633e-09,1.7583002e-08
34.330,-0.00090285885,0.00017776179,0.0006939429,0.0,-0.0,-0.0
34.369,-0.00029199358,0.0013994923,-0.00052778755,-0.0,0.0,0.0
34.410,0.00031887164,0.00017776179,8.307768e-05,2.2332212e-09,-4.005984e-09,-1.0437048e-09
34.449,-0.0027354546,-0.00043310347,8.307768e-05,-4.0266393e-08,2.5432004e-07,-7.723873e-09
34.470,-0.0021245892,-0.00043310347,-0.00052778755,-0.0,-0.0,0.0
34.510,0.0027623328,0.000788627,8.307768e-05,-0.0,-0.0,0.0
34.551,0.00031887164,-0.0016548339,-0.00052778755,-9.806005e-08,-1.8895292e-08,3.1274965e-08
34.569,0.00092973694,0.00017776179,0.0013048082,-0.0,-0.0,0.0
34.609,0.00031887164,-0.00043310347,-0.00052778755,-0.0,-0.0,0.0
34.650,-0.0015137241,0.00017776179,-0.0011386528,1.13478045e-08,9.663185e-08,7.2688366e-08
34.670,0.0015406022,-0.0010439687,-0.00052778755,-0.0,-0.0,0.0
34.710,-0.00029199358,0.00017776179,-0.00052778755,-0.0,0.0,0.0
34.749,0.00092973694,-0.00043310347,8.307768e-05,-1.4954338e-08,-3.210226e-08,-2.8685334e-09
34.769,0.00031887164,0.00017776179,0.0006939429,-0.0,-0.0,0.0
34.809,-0.00029199358,0.000788627,-0.00052778755,-0.0,0.0,0.0
34.849,-0.00090285885,0.00017776179,-0.00052778755,6.3273946e-09,3.213708e-08,1.8786492e-08
34.869,-0.00090285885,-0.0016548339,8.307768e-05,-0.0,0.0,0.0
34.909,-0.00029199358,-0.00043310347,8.307768e-05,-0.0,0.0,0.0
34.950,0.0015406022,0.00017776179,0.0006939429,1.0134034e-08,-8.782831e-08,-3.9561044e-08
34.970,-0.00029199358,-0.00043310347,8.307768e-05,-0.0,0.0,0.0
35.010,0.00094684114,0.00023090707,-0.0011227704,0.0,-0.0,0.0
35.049,-0.00027488935,0.0014526376,9.896017e-05,7.222295e-08,1.36670835e-08,-4.920151e-09
35.071,0.00094684114,0.0008417723,9.896017e-05,-0.0,-0.0,0.0
35.109,0.0003359759,0.00023090707,-0.00051190506,0.0,-0.0,0.0
35.139,-0.00027488935,0.00023090707,9.896017e-05,2.8852716e-09,3.4348469e-09,-1.236545e-09
35.170,-0.00027488935,-0.0009908235,-0.00051190506,-0.0,-0.0,0.0
35.212,-0.0014966198,0.0008417723,9.896017e-05,0.0,-0.0,-0.0
35.249,-0.00027488935,0.0008417723,-0.00051190506,2.8890172e-08,9.43438e-09,1.7568913e-08
35.289,0.00094684114,0.0008417723,-0.0011227704,4.7814545e-08,-5.3782692e-08,6.3775865e-08
35.309,-0.00027488935,-0.0016016887,0.00070982537,-0.0,0.0,0.0
35.349,0.00094684114,-0.0003799582,9.896017e-05,-1.306829e-08,-3.2565673e-08,-3.4036383e-09
35.389,-0.002107485,-0.0009908235,0.0013206906,-8.900786e-08,1.8932006e-07,-1.1864057e-07
35.411,-0.0008857546,0.0014526376,9.896017e-05,0.0,-0.0,-0.0
35.453,-0.00027488935,0.00023090707,9.896017e-05,2.8852716e-09,3.4348469e-09,-1.236545e-09
35.492,-0.00027488935,0.00023090707,0.0013206906,1.0603965e-08,1.2623766e-08,-6.065019e-08
35.510,0.0003359759,0.00023090707,0.0013206906,-0.0,-0.0,0.0
35.551,-0.00027488935,-0.0003799582,9.896017e-05,-0.0,0.0,0.0
35.591,0.00094684114,0.0008417723,-0.00051190506,3.8595125e-08,-4.3412516e-08,2.3470765e-08
35.610,0.0003359759,-0.0009908235,-0.0011227704,-0.0,-0.0,0.0
35.651,0.0003359759,0.0008417723,-0.00051190506,0.0,-0.0,0.0
35.674,-0.00027488935,-0.0009908235,9.896017e-05,-3.4343643e-08,9.5281365e-09,-3.430129e-09
35.711,-0.0008857546,-0.0003799582,9.896017e-05,-0.0,0.0,0.0
35.751,0.00094684114,0.00023090707,9.896017e-05,-0.0,-0.0,0.0
35.790,0.0003359759,-0.0003799582,9.896017e-05,-6.588321e-09,-5.8256857e-09,-1.7159292e-09
35.809,0.0021685718,0.0014526376,9.896017e-05,-0.0,-0.0,0.0
35.851,-0.0008857546,-0.0009908235,9.896017e-05,-0.0,0.0,0.0
35.891,-0.0008857546,-0.0003799582,0.00070982537,-1.5260742e-08,3.5575685e-08,-2.8509616e-08
35.911,-0.0008857546,-0.0016016887,9.896017e-05,-0.0,0.0,0.0
35.952,-0.00027488935,-0.0003799582,9.896017e-05,-0.0,0.0,0.0
35.990,-0.00027488935,-0.0009908235,-0.00051190506,-3.8187824e-08,1.0594648e-08,1.9729589e-08
36.011,-0.00027488935,-0.0016016887,0.00070982537,-0.0,0.0,0.0
36.050,-0.0008857546,-0.0003799582,-0.00051190506,-0.0,-0.0,0.0
36.091,-0.0008857546,-0.0003799582,0.00070982537,-1.5260742e-08,3.5575685e-08,-2.8509616e-08
36.111,-0.00027488935,-0.0003799582,-0.0011227704,-0.0,-0.0,0.0
36.149,0.0003359759,-0.0003799582,9.896017e-05,-0.0,-0.0,-0.0
36.191,-0.0008857546,0.00023090707,-0.00051190506,8.125851e-09,3.1170593e-08,1.8014452e-08
36.231,0.0003359759,0.0008417723,0.00070982537,3.251649e-08,-1.2978281e-08,-2.7419564e-08
36.251,-0.00027488935,0.0014526376,-0.0011227704,-0.0,0.0,0.0
36.290,0.0003359759,-0.0003799582,0.00070982537,-1.1122606e-08,-9.835102e-09,-2.0778886e-08
36.332,0.00094684114,0.00023090707,9.896017e-05,7.58991e-09,-3.1122646e-08,-3.252818e-09
36.351,-0.002107485,-0.0003799582,0.00070982537,-0.0,0.0,0.0
36.391,-0.0008857546,0.00023090707,9.896017e-05,7.133475e-09,2.7363857e-08,-3.0572034e-09
36.429,-0.00027488935,-0.0003799582,9.896017e-05,-6.11069e-09,4.420917e-09,-1.5915301e-09
36.451,-0.00027488935,0.00023090707,-0.0011227704,-0.0,0.0,0.0
36.491,-0.0008857546,0.00023090707,9.896017e-05,7.133475e-09,2.7363857e-08,-3.0572034e-09
36.530,-0.00027488935,-0.0009908235,9.896017e-05,-3.4343643e-08,9.5281365e-09,-3.430129e-09
36.551,0.00094684114,0.00023090707,9.896017e-05,-0.0,-0.0,0.0
36.590,-0.00027488935,0.00023090707,9.896017e-05,2.8852716e-09,3.4348469e-09,-1.236545e-09
36.634,0.00094684114,0.0014526376,0.00070982537,9.1325624e-08,-5.9526798e-08,-4.4625885e-08
36.652,0.00094684114,0.0008417723,-0.0011227704,0.0,-0.0,0.0
36.691,0.00094684114,-0.0003799582,-0.00051190506,-0.0,-0.0,0.0
36.730,-0.0008857546,0.00023090707,0.00070982537,8.9747e-09,3.4426755e-08,-2.7588888e-08
36.749,0.00094684114,-0.0009908235,9.896017e-05,-0.0,-0.0,-0.0
36.791,-0.00027488935,-0.0003799582,9.896017e-05,-0.0,0.0,0.0
36.821,0.0003359759,0.00023090707,9.896017e-05,3.2503664e-09,-4.7293693e-09,-1.3930141e-09
36.850,-0.0008857546,-0.0009908235,-0.00051190506,-0.0,-0.0,0.0
36.889,-0.00027488935,0.00023090707,-0.00051190506,-0.0,0.0,0.0
36.929,0.00094684114,0.0008417723,-0.00051190506,3.8595125e-08,-4.3412516e-08,2.3470765e-08
36.969,0.0003359759,0.00023090707,9.896017e-05,3.2503664e-09,-4.7293693e-09,-1.3930141e-09
36.992,-0.0008857546,-0.0003799582,9.896017e-05,-0.0,0.0,0.0
37.033,0.0003359759,-0.0009908235,0.00070982537,-4.203369e-08,-1.4253099e-08,-3.011291e-08
37.053,-0.00027488935,-0.0003799582,-0.00051190506,-0.0,-0.0,0.0
37.091,-0.00027488935,-0.0009908235,9.896017e-05,-0.0,0.0,0.0
37.131,-0.00027488935,0.00023090707,9.896017e-05,2.8852716e-09,3.4348469e-09,-1.236545e-09
37.172,-0.0008857546,0.00023090707,0.0013206906,1.2450132e-08,4.775843e-08,-7.120947e-08
37.191,-0.0008857546,0.00023090707,-0.00051190506,-0.0,0.0,0.0
37.232,-0.00027488935,0.0008417723,9.896017e-05,2.5167367e-08,8.218661e-09,-2.9587182e-09
37.271,-0.00027488935,-0.0003799582,0.00070982537,-1.0846517e-08,7.8471585e-09,-2.0263105e-08
37.293,0.0003359759,-0.0003799582,0.00070982537,-0.0,-0.0,-0.0
37.331,-0.00027488935,-0.0003799582,-0.00051190506,-8.851154e-09,6.403567e-09,1.1924865e-08
37.371,0.0033903022,0.0008417723,-0.00051190506,9.9721035e-08,-4.0163403e-07,6.064314e-08
37.391,-0.0014966198,0.00023090707,9.896017e-05,0.0,-0.0,-0.0
37.432,0.0015577064,0.0020635028,-0.00051190506,1.8249006e-07,-1.3775893e-07,4.5271378e-08
37.472,0.0021685718,0.0008417723,9.896017e-05,6.576386e-08,-1.694207e-07,-7.7313045e-09
37.490,0.0003359759,0.0014526376,9.896017e-05,-0.0,-0.0,0.0
37.532,-0.00027488935,0.0008417723,-0.0011227704,4.038922e-08,1.31895135e-08,5.3871837e-08
37.572,-0.0014966198,-0.0009908235,9.896017e-05,-5.976422e-08,9.027269e-08,-5.9690493e-09
37.592,0.0003359759,-0.0009908235,9.896017e-05,-0.0,-0.0,-0.0
37.631,-0.00027488935,-0.0003799582,9.896017e-05,-6.11069e-09,4.420917e-09,-1.5915301e-09
37.671,-0.0008857546,-0.0003799582,-0.00051190506,-1.3913527e-08,3.243507e-08,1.8745233e-08
37.692,-0.0014966198,0.0008417723,9.896017e-05,0.0,-0.0,-0.0
37.732,-0.00027488935,0.0008417723,9.896017e-05,2.5167367e-08,8.218661e-09,-2.9587182e-09
37.772,0.0003359759,-0.0003799582,9.896017e-05,-6.588321e-09,-5.8256857e-09,-1.7159292e-09
37.793,-0.00027488935,-0.0003799582,9.896017e-05,-0.0,0.0,0.0
37.831,-0.00027488935,0.00023090707,9.896017e-05,0.0,-0.0,-0.0
37.871,-0.0008857546,-0.0003799582,-0.00051190506,-1.3913527e-08,3.243507e-08,1.8745233e-08
37.893,0.0003359759,0.00023090707,-0.00051190506,0.0,-0.0,0.0
37.932,0.00094684114,0.00023090707,9.896017e-05,-0.0,-0.0,0.0
37.972,-0.0014966198,0.00023090707,0.00070982537,1.2957958e-08,8.398675e-08,-3.9833715e-08
38.011,0.0003359759,0.00023090707,9.896017e-05,3.2503664e-09,-4.7293693e-09,-1.3930141e-09
38.031,-0.00027488935,-0.0003799582,9.896017e-05,-0.0,0.0,0.0
38.070,-0.00027488935,0.0008417723,-0.0011227704,4.038922e-08,1.31895135e-08,5.3871837e-08
38.112,0.0003359759,0.00023090707,-0.00051190506,5.0702935e-09,-7.377411e-09,1.1240491e-08
38.133,-0.00027488935,0.00023090707,-0.0011227704,-0.0,0.0,0.0
38.172,0.00094684114,-0.0009908235,0.00070982537,-5.1312764e-08,-4.9035005e-08,-3.6760433e-08
38.211,-0.00027488935,-0.0009908235,9.896017e-05,-3.4343643e-08,9.5281365e-09,-3.430129e-09
38.231,-0.00027488935,-0.0016016887,9.896017e-05,-0.0,0.0,0.0
38.271,-0.0014966198,-0.0003799582,-0.00051190506,-2.0739776e-08,8.1692036e-08,2.7942011e-08
38.311,0.0003359759,0.00023090707,-0.00051190506,5.0702935e-09,-7.377411e-09,1.1240491e-08
38.331,0.0003359759,0.0008417723,9.896017e-05,-0.0,-0.0,0.0
38.372,-0.00027488935,0.00023090707,0.00070982537,6.1630794e-09,7.336999e-09,-1.894576e-08
38.412,-0.00027488935,0.0008417723,-0.00051190506,2.8890172e-08,9.43438e-09,1.7568913e-08
38.432,0.00094684114,0.0008417723,9.896017e-05,-0.0,-0.0,0.0
38.471,0.0003359759,0.00023090707,9.896017e-05,3.2503664e-09,-4.7293693e-09,-1.3930141e-09
38.511,0.0015577064,0.0008417723,9.896017e-05,5.0089028e-08,-9.2690144e-08,-5.8885483e-09
38.531,-0.00027488935,0.0008417723,9.896017e-05,0.0,-0.0,-0.0
38.573,0.0003359759,-0.0009908235,0.00070982537,-4.203369e-08,-1.4253099e-08,-3.011291e-08
38.612,0.0003359759,0.00023090707,0.00070982537,6.342211e-09,-9.228085e-09,-1.9496424e-08
38.632,0.0003359759,-0.0003799582,-0.00051190506,-0.0,-0.0,0.0
38.672,0.00094684114,0.0008417723,-0.00051190506,3.8595125e-08,-4.3412516e-08,2.3470765e-08
38.713,-0.00027488935,0.00023090707,-0.00051190506,4.8443565e-09,5.7670904e-09,1.0739605e-08
38.732,-0.00027488935,0.00023090707,-0.00051190506,-0.0,0.0,0.0
38.771,0.0003359759,-0.0016016887,9.896017e-05,-0.0,-0.0,-0.0
38.811,0.00094684114,0.00023090707,0.00070982537,9.3415995e-09,-3.8305505e-08,-2.8716768e-08
38.852,-0.00027488935,0.00023090707,0.00070982537,6.1630794e-09,7.336999e-09,-1.894576e-08
38.872,-0.00027488935,0.0008417723,9.896017e-05,0.0,-0.0,-0.0
38.913,0.0003359759,0.00023090707,-0.00051190506,5.0702935e-09,-7.377411e-09,1.1240491e-08
38.952,0.00094684114,0.00023090707,9.896017e-05,7.58991e-09,-3.1122646e-08,-3.252818e-09
38.973,-0.00027488935,-0.0003799582,0.00070982537,-0.0,0.0,0.0
39.012,0.0003359759,0.0008417723,0.00070982537,3.251649e-08,-1.2978281e-08,-2.7419564e-08
39.050,0.00094684114,0.00023090707,9.896017e-05,-0.0,-0.0,0.0
39.072,-0.00027488935,0.00023090707,0.00070982537,0.0,-0.0,-0.0
39.125,0.0009505063,-0.00038789943,-0.00052595494,-1.5013631e-08,-3.6789306e-08,2.0357064e-08
39.151,0.0009505063,-0.0016096298,-0.00052595494,-1.04882766e-07,-6.1934564e-08,3.4270986e-08
39.171,0.0009505063,0.0014446963,0.0006957755,-0.0,-0.0,0.0
39.213,-0.0008820894,-0.00038789943,8.4910265e-05,-1.2590723e-08,2.8631503e-08,-2.7560791e-09
39.252,-0.0008820894,0.00022296583,8.4910265e-05,6.836484e-09,2.7046253e-08,-2.6034825e-09
39.272,0.00033964106,-0.00038789943,-0.00052595494,-0.0,-0.0,0.0
39.311,0.00033964106,-0.0009987646,8.4910265e-05,-3.5468336e-08,-1.2061403e-08,-3.015351e-09
39.353,0.00033964106,0.00022296583,-0.00052595494,4.972229e-09,-7.574134e-09,1.172901e-08
39.373,0.0009505063,-0.0009987646,0.0006957755,-0.0,-0.0,-0.0
39.413,-0.00027122418,0.00022296583,8.4910265e-05,2.7025284e-09,3.2874592e-09,-1.029182e-09
39.455,-0.0008820894,0.0014446963,0.0013066408,1.0365856e-07,6.3290884e-08,-9.3752924e-08
39.499,-0.00027122418,-0.00038789943,8.4910265e-05,-0.0,0.0,0.0
39.512,-0.00027122418,-0.00038789943,8.4910265e-05,-6.2589125e-09,4.376311e-09,-1.3700611e-09
39.552,0.0009505063,-0.0016096298,8.4910265e-05,-1.0106667e-07,-5.968111e-08,-5.3314135e-09
39.573,0.00033964106,0.0008338311,-0.00052595494,0.0,-0.0,0.0
39.612,0.0015613716,0.0008338311,-0.00052595494,5.16644e-08,-9.674301e-08,3.2588314e-08
39.652,0.00033964106,0.00022296583,-0.00052595494,4.972229e-09,-7.574134e-09,1.172901e-08
39.672,0.0009505063,-0.00038789943,0.0006957755,-0.0,-0.0,-0.0
39.713,-0.00027122418,-0.00038789943,8.4910265e-05,-6.2589125e-09,4.376311e-09,-1.3700611e-09
39.753,-0.0008820894,-0.00038789943,8.4910265e-05,-1.2590723e-08,2.8631503e-08,-2.7560791e-09
39.794,0.0015613716,-0.00038789943,8.4910265e-05,-2.0969319e-08,-8.440564e-08,-4.590135e-09
39.811,0.0015613716,0.00022296583,0.0006957755,1.2897053e-08,-9.0314714e-08,-4.0245876e-08
39.852,0.00033964106,0.00022296583,0.0006957755,6.0279346e-09,-9.182277e-09,-1.8810457e-08
39.891,0.00033964106,-0.0009987646,8.4910265e-05,-3.5468336e-08,-1.2061403e-08,-3.015351e-09
39.913,0.00033964106,0.0008338311,8.4910265e-05,-0.0,-0.0,0.0
39.952,-0.0014929546,0.00022296583,-0.00052595494,1.1959288e-08,8.0078074e-08,2.8210811e-08
39.994,0.00033964106,0.00022296583,-0.00052595494,4.972229e-09,-7.574134e-09,1.172901e-08
40.012,-0.0014929546,-0.00038789943,-0.00052595494,-0.0,-0.0,0.0
40.053,0.00033964106,0.0008338311,8.4910265e-05,2.5302427e-08,-1.0306335e-08,-2.5765836e-09
40.092,-0.00027122418,0.00022296583,-0.0011368202,8.901518e-09,1.0828147e-08,4.538554e-08
40.114,-0.0008820894,-0.0009987646,8.4910265e-05,-0.0,0.0,0.0
40.152,0.00033964106,0.00022296583,8.4910265e-05,3.1053107e-09,-4.730281e-09,-1.1825703e-09
40.192,-0.00027122418,-0.00038789943,-0.00052595494,-9.209567e-09,6.439446e-09,1.2487302e-08
40.212,0.0009505063,0.00022296583,-0.0011368202,0.0,-0.0,0.0
40.253,-0.00027122418,0.00022296583,-0.00052595494,4.7311484e-09,5.75515e-09,1.1160323e-08
40.293,0.0009505063,0.0014446963,-0.00052595494,8.7622745e-08,-5.7649466e-08,3.1899866e-08
40.313,0.0009505063,0.0008338311,0.0006957755,-0.0,-0.0,0.0
40.354,0.00033964106,-0.00038789943,0.0006957755,-1.1271406e-08,-9.869137e-09,-2.021753e-08
40.393,0.00033964106,0.0008338311,-0.0011368202,4.0573887e-08,-1.6526796e-08,5.5317216e-08
40.414,0.00033964106,0.0008338311,8.4910265e-05,-0.0,-0.0,0.0
40.453,0.0015613716,0.00022296583,8.4910265e-05,1.18169785e-08,-8.275122e-08,-4.500164e-09
40.493,0.00033964106,0.0008338311,8.4910265e-05,2.5302427e-08,-1.0306335e-08,-2.5765836e-09
40.512,0.00033964106,-0.00038789943,0.0006957755,-0.0,-0.0,-0.0
40.553,-0.0014929546,-0.0009987646,8.4910265e-05,-6.0264256e-08,9.0083084e-08,-5.1233804e-09
40.593,0.00033964106,-0.00038789943,8.4910265e-05,-6.8010446e-09,-5.95493e-09,-1.4887325e-09
40.633,-0.0014929546,-0.0009987646,8.4910265e-05,-6.0264256e-08,9.0083084e-08,-5.1233804e-09
40.654,-0.0008820894,0.00022296583,0.0013066408,1.1912045e-08,4.7125997e-08,-6.980783e-08
40.692,0.002783102,0.0008338311,8.4910265e-05,8.132209e-08,-2.7143108e-07,-8.281139e-09
40.714,0.00033964106,0.00022296583,0.0006957755,-0.0,-0.0,0.0
40.757,-0.00027122418,0.0008338311,0.0006957755,3.131794e-08,1.0186935e-08,-2.6132696e-08
40.792,0.0009505063,0.0008338311,-0.00052595494,3.8315182e-08,-4.3676497e-08,2.4168035e-08
40.834,-0.0027146852,-0.0016096298,0.0006957755,-1.7455017e-07,2.943837e-07,-7.545069e-08
40.853,0.0009505063,0.0014446963,-0.00052595494,8.7622745e-08,-5.7649466e-08,3.1899866e-08
40.893,0.0009505063,0.00022296583,-0.00052595494,8.296717e-09,-3.5369013e-08,1.9571157e-08
40.933,-0.00027122418,0.00022296583,-0.00052595494,4.7311484e-09,5.75515e-09,1.1160323e-08
40.954,-0.0008820894,-0.00038789943,0.0006957755,-1.5469864e-08,3.5178715e-08,-2.7748307e-08
40.993,0.0009505063,-0.00038789943,-0.00052595494,-1.5013631e-08,-3.6789306e-08,2.0357064e-08
41.033,0.00033964106,-0.00038789943,-0.00052595494,-9.586259e-09,-8.393637e-09,1.29980595e-08
41.054,-0.0008820894,-0.0009987646,-0.0011368202,-0.0,-0.0,0.0
41.094,0.0033939674,0.0014446963,-0.0011368202,1.8711049e-07,-4.3957112e-07,1.4723578e-07
41.133,-0.0008820894,-0.0009987646,-0.00052595494,-4.8009507e-08,4.240106e-08,2.5282072e-08
41.152,0.00033964106,-0.00038789943,8.4910265e-05,-0.0,-0.0,-0.0
41.193,0.00033964106,0.00022296583,8.4910265e-05,3.1053107e-09,-4.730281e-09,-1.1825703e-09
41.232,-0.00027122418,-0.00038789943,-0.0011368202,-1.6027816e-08,1.1206851e-08,4.6972854e-08
41.254,-0.0008820894,-0.00038789943,8.4910265e-05,-0.0,0.0,0.0
41.293,0.0009505063,-0.0016096298,8.4910265e-05,-1.0106667e-07,-5.968111e-08,-5.3314135e-09
41.333,0.0015613716,0.0014446963,8.4910265e-05,1.0320074e-07,-1.1153535e-07,-6.065492e-09
41.353,-0.0008820894,0.0008338311,0.0006957755,0.0,-0.0,-0.0
41.393,0.0009505063,0.0008338311,0.0013066408,5.0872426e-08,-5.7990842e-08,-7.9718774e-08
41.435,0.0009505063,-0.00038789943,0.0006957755,-1.6141788e-08,-3.9553736e-08,-2.8953538e-08
41.455,0.00033964106,-0.0016096298,8.4910265e-05,-0.0,-0.0,-0.0
41.511,0.0015613716,0.00022296583,8.4910265e-05,1.18169785e-08,-8.275122e-08,-4.500164e-09
41.534,0.00033964106,0.00022296583,8.4910265e-05,3.1053107e-09,-4.730281e-09,-1.1825703e-09
41.572,-0.0008820894,-0.0009987646,-0.00052595494,-4.8009507e-08,4.240106e-08,2.5282072e-08
41.593,0.0015613716,0.00022296583,8.4910265e-05,1.18169785e-08,-8.275122e-08,-4.500164e-09
41.633,-0.0008820894,-0.00038789943,0.0013066408,-2.1131484e-08,4.8053334e-08,-7.1181496e-08
41.673,0.0015613716,0.00022296583,0.0006957755,1.2897053e-08,-9.0314714e-08,-4.0245876e-08
41.693,-0.00027122418,-0.0009987646,8.4910265e-05,-3.4800337e-08,9.450368e-09,-2.9585605e-09
41.733,-0.0014929546,-0.00038789943,8.4910265e-05,-2.0107489e-08,7.739008e-08,-4.401481e-09
41.764,-0.00027122418,-0.0016096298,-0.0011368202,-0.0,-0.0,0.0
41.792,-0.0014929546,-0.00038789943,-0.00052595494,-2.1212102e-08,8.164153e-08,2.8761603e-08
41.832,0.00033964106,0.00022296583,8.4910265e-05,3.1053107e-09,-4.730281e-09,-1.1825703e-09
41.873,-0.00027122418,-0.00038789943,-0.00052595494,-9.209567e-09,6.439446e-09,1.2487302e-08
41.891,0.0009505063,-0.0009987646,0.0006957755,-5.1756633e-08,-4.9255856e-08,-3.605554e-08
41.931,0.00033964106,-0.00038789943,8.4910265e-05,-6.8010446e-09,-5.95493e-09,-1.4887325e-09
41.972,0.00033964106,-0.00038789943,0.0006957755,-1.1271406e-08,-9.869137e-09,-2.021753e-08
41.991,-0.0008820894,-0.00038789943,8.4910265e-05,-1.2590723e-08,2.8631503e-08,-2.7560791e-09
42.033,-0.0008820894,0.0008338311,8.4910265e-05,3.40441e-08,3.6014416e-08,-3.466762e-09
42.072,-0.0008820894,-0.0009987646,8.4910265e-05,-4.4747328e-08,3.9519964e-08,-3.804206e-09
42.093,0.0009505063,0.00022296583,-0.00052595494,0.0,-0.0,0.0
42.133,0.00033964106,0.00022296583,-0.0011368202,9.03196e-09,-1.3758273e-08,4.605062e-08
42.174,-0.00027122418,-0.0009987646,0.0006957755,-4.179321e-08,1.1349351e-08,-2.911466e-08
42.192,-0.0008820894,0.0008338311,-0.00052595494,-0.0,0.0,0.0
42.232,-0.0014929546,-0.0009987646,-0.00052595494,-6.272455e-08,9.376074e-08,3.3031096e-08
42.273,0.0009505063,0.00022296583,-0.00052595494,8.296717e-09,-3.5369013e-08,1.9571157e-08
42.312,0.0009505063,-0.0016096298,8.4910265e-05,-1.0106667e-07,-5.968111e-08,-5.3314135e-09
42.333,0.0015613716,-0.00038789943,8.4910265e-05,-2.0969319e-08,-8.440564e-08,-4.590135e-09
42.374,0.0009505063,0.0008338311,0.0006957755,4.0379035e-08,-4.602914e-08,-3.3693567e-08
42.412,0.0009505063,0.0008338311,0.0013066408,5.0872426e-08,-5.7990842e-08,-7.9718774e-08
42.433,0.0015613716,0.0008338311,-0.00052595494,5.16644e-08,-9.674301e-08,3.2588314e-08
42.473,-0.0008820894,-0.0009987646,8.4910265e-05,-4.4747328e-08,3.9519964e-08,-3.804206e-09
42.513,0.00033964106,-0.00038789943,-0.00052595494,-9.586259e-09,-8.393637e-09,1.29980595e-08
42.532,0.0015613716,0.0020555616,-0.00052595494,1.8170013e-07,-1.380165e-07,4.6491483e-08
42.573,0.00033964106,-0.00038789943,8.4910265e-05,-6.8010446e-09,-5.95493e-09,-1.4887325e-09
42.613,0.0009505063,-0.0009987646,8.4910265e-05,-4.629407e-08,-4.405723e-08,-3.9357047e-09
42.633,-0.0021038197,-0.00038789943,8.4910265e-05,-2.7866259e-08,1.5113605e-07,-6.0998557e-09
42.673,-0.00027122418,0.00022296583,0.0006957755,5.830669e-09,7.092649e-09,-1.819488e-08
42.712,0.0009505063,-0.00038789943,0.0006957755,-1.6141788e-08,-3.9553736e-08,-2.8953538e-08
42.732,-0.00027122418,0.00022296583,0.0006957755,5.830669e-09,7.092649e-09,-1.819488e-08
42.772,-0.00027122418,-0.0009987646,-0.00052595494,-3.8905696e-08,1.0565217e-08,2.0487953e-08
42.813,0.00033964106,-0.0009987646,8.4910265e-05,-3.5468336e-08,-1.2061403e-08,-3.015351e-09
42.832,-0.0008820894,-0.0009987646,8.4910265e-05,-4.4747328e-08,3.9519964e-08,-3.804206e-09
42.874,0.0009505063,-0.00038789943,0.0006957755,-1.6141788e-08,-3.9553736e-08,-2.8953538e-08
42.912,0.00033964106,0.0008338311,8.4910265e-05,2.5302427e-08,-1.0306335e-08,-2.5765836e-09
42.934,0.00033964106,-0.0009987646,0.0006957755,-4.2351054e-08,-1.4401947e-08,-2.9503273e-08
42.974,0.00033964106,-0.0009987646,8.4910265e-05,-3.5468336e-08,-1.2061403e-08,-3.015351e-09
43.013,0.00033964106,0.0008338311,-0.00052595494,2.9173899e-08,-1.1883287e-08,1.8401996e-08
43.034,0.0015613716,0.00022296583,-0.00052595494,1.24386945e-08,-8.710493e-08,2.9341681e-08
43.074,0.00033964106,0.00022296583,-0.00052595494,4.972229e-09,-7.574134e-09,1.172901e-08
43.115,0.00033964106,-0.00038789943,0.0006957755,-1.1271406e-08,-9.869137e-09,-2.021753e-08
43.133,-0.00027122418,-0.00038789943,0.001917506,-0.0,0.0,0.0
43.173,0.00029138272,-0.0003714061,8.124508e-05,-5.969531e-09,-4.6833324e-09,-1.3058349e-09
43.213,0.00029138272,-0.0003714061,0.0006921103,-1.04405915e-08,-8.191056e-09,-1.9455902e-08
43.234,-0.0009303477,-0.0003714061,0.0013029756,-0.0,0.0,0.0
43.273,0.00029138272,0.00023945917,-0.00052962016,5.2241917e-09,-6.3569883e-09,1.1554526e-08
43.312,-0.001541213,-0.0003714061,8.124508e-05,-1.9782851e-08,8.209232e-08,-4.327498e-09
43.352,-0.001541213,-0.0009822713,8.124508e-05,-6.029702e-08,9.460783e-08,-4.9872515e-09
43.372,-0.001541213,-0.0003714061,8.124508e-05,-1.9782851e-08,8.209232e-08,-4.327498e-09
43.413,-0.00031948253,-0.0009822713,0.0006921103,-4.098057e-08,1.3328881e-08,-2.8874991e-08
43.452,0.00029138272,-0.0003714061,8.124508e-05,-5.969531e-09,-4.6833324e-09,-1.3058349e-09
43.474,0.0015131133,0.00023945917,0.0013029756,1.6159163e-08,-1.0210782e-07,-8.792732e-08
43.512,-0.00031948253,0.00023945917,8.124508e-05,3.2737775e-09,4.3678208e-09,-1.110746e-09
43.552,0.00090224796,0.00023945917,0.0013029756,1.2878788e-08,-4.852544e-08,-7.0077704e-08
43.572,-0.00031948253,0.0014611896,-0.00052962016,7.7795306e-08,1.7009596e-08,2.8197547e-08
43.612,0.0027348436,0.0008503244,-0.0017513506,9.578332e-08,-3.0806163e-07,1.972778e-07
43.653,0.00029138272,-0.0003714061,8.124508e-05,-5.969531e-09,-4.6833324e-09,-1.3058349e-09
43.673,-0.00031948253,0.00023945917,8.124508e-05,3.2737775e-09,4.3678208e-09,-1.110746e-09
43.714,0.00029138272,-0.0003714061,-0.0011404854,-1.5382529e-08,-1.20682e-08,4.7235492e-08
43.751,-0.0009303477,0.00023945917,8.124508e-05,7.746461e-09,3.0096583e-08,-2.628264e-09
43.779,-0.0009303477,-0.0003714061,-0.00052962016,-1.4121447e-08,3.5373294e-08,2.0136996e-08
43.811,0.00090224796,-0.0009822713,-0.00052962016,-4.7299036e-08,-4.3445695e-08,2.5502649e-08
43.853,0.0015131133,0.00023945917,8.124508e-05,1.2326339e-08,-7.7888636e-08,-4.1821506e-09
43.875,-0.0009303477,-0.0003714061,0.0013029756,-2.048236e-08,5.1306966e-08,-7.1856704e-08
43.914,-0.0009303477,0.00023945917,8.124508e-05,7.746461e-09,3.0096583e-08,-2.628264e-09
43.954,-0.00031948253,0.0008503244,8.124508e-05,2.6020968e-08,9.776557e-09,-2.4861992e-09
43.992,0.00090224796,0.00023945917,-0.00052962016,0.0,-0.0,0.0
44.013,0.00029138272,-0.0003714061,0.0006921103,-1.04405915e-08,-8.191056e-09,-1.9455902e-08
44.053,-0.0009303477,0.0008503244,0.0006921103,4.1026965e-08,4.4887976e-08,-3.3393356e-08
44.093,-0.00031948253,0.00023945917,8.124508e-05,3.2737775e-09,4.3678208e-09,-1.110746e-09
44.113,0.0021239785,-0.0003714061,8.124508e-05,-2.6890403e-08,-1.5377948e-07,-5.8822778e-09
44.153,0.00029138272,-0.0003714061,8.124508e-05,-5.969531e-09,-4.6833324e-09,-1.3058349e-09
44.195,0.00029138272,0.00023945917,8.124508e-05,3.0999092e-09,-3.7720835e-09,-1.051755e-09
44.214,-0.00031948253,-0.0003714061,8.124508e-05,-6.1887975e-09,5.3235873e-09,-1.3537995e-09
44.253,-0.00031948253,-0.0015931366,-0.00052962016,-9.135719e-08,1.8320476e-08,3.0370657e-08
44.293,0.00029138272,0.00023945917,8.124508e-05,3.0999092e-09,-3.7720835e-09,-1.051755e-09
44.313,-0.00031948253,0.0008503244,-0.00052962016,3.0001097e-08,1.1271964e-08,1.8686027e-08
44.353,0.00090224796,0.00023945917,-0.00052962016,8.623564e-09,-3.2492355e-08,1.9073035e-08
44.393,0.00029138272,-0.0009822713,0.0006921103,-4.0752425e-08,-1.2088872e-08,-2.871424e-08
44.414,0.00090224796,0.00023945917,-0.0011404854,1.1841895e-08,-4.4618563e-08,5.6400037e-08
44.453,0.00090224796,0.00023945917,-0.00052962016,8.623564e-09,-3.2492355e-08,1.9073035e-08
44.493,0.00090224796,0.0014611896,8.124508e-05,8.429244e-08,-5.2048467e-08,-4.686827e-09
44.513,0.00029138272,0.00023945917,-0.00052962016,5.2241917e-09,-6.3569883e-09,1.1554526e-08
44.553,0.00029138272,0.00023945917,8.124508e-05,3.0999092e-09,-3.7720835e-09,-1.051755e-09
44.593,0.00029138272,0.0008503244,-0.0011404854,4.1432205e-08,-1.4197673e-08,5.557035e-08
44.612,0.00029138272,-0.0003714061,8.124508e-05,-5.969531e-09,-4.6833324e-09,-1.3058349e-09
44.652,-0.00031948253,-0.0003714061,8.124508e-05,-6.1887975e-09,5.3235873e-09,-1.3537995e-09
44.692,-0.001541213,0.00023945917,8.124508e-05,1.2549085e-08,8.0768736e-08,-4.257726e-09
44.713,0.00029138272,0.0008503244,8.124508e-05,2.5751056e-08,-8.824177e-09,-2.4604099e-09
44.752,0.00090224796,-0.0003714061,8.124508e-05,-1.220159e-08,-2.9641031e-08,-2.6690978e-09
44.793,-0.0009303477,0.0008503244,8.124508e-05,3.603645e-08,3.942781e-08,-3.4431387e-09
44.832,-0.00031948253,-0.0003714061,0.0013029756,-0.0,0.0,0.0
44.852,-0.00031948253,-0.0003714061,8.124508e-05,-6.1887975e-09,5.3235873e-09,-1.3537995e-09
44.893,-0.0009303477,-0.0003714061,8.124508e-05,-1.2525036e-08,3.1374388e-08,-2.7398515e-09
44.933,-0.001541213,-0.0009822713,0.0006921103,-0.0,0.0,0.0
44.952,0.00029138272,0.00023945917,8.124508e-05,3.0999092e-09,-3.7720835e-09,-1.051755e-09
44.992,-0.001541213,-0.0003714061,-0.00052962016,-2.0830267e-08,8.6438746e-08,2.9703683e-08
45.033,0.00029138272,0.00023945917,0.0006921103,-0.0,-0.0,0.0
45.053,-0.00031948253,-0.0003714061,0.0006921103,-1.056749e-08,9.090127e-09,-1.9692378e-08
45.093,-0.00031948253,0.00023945917,8.124508e-05,3.2737775e-09,4.3678208e-09,-1.110746e-09
45.133,0.00029138272,0.00023945917,8.124508e-05,3.0999092e-09,-3.7720835e-09,-1.051755e-09
45.153,-0.00031948253,-0.0003714061,0.0006921103,-1.056749e-08,9.090127e-09,-1.9692378e-08
45.192,-0.00031948253,0.0008503244,8.124508e-05,2.6020968e-08,9.776557e-09,-2.4861992e-09
45.232,-0.00031948253,-0.0003714061,-0.00052962016,-8.991104e-09,7.734124e-09,1.2821196e-08
45.252,0.00090224796,0.00023945917,-0.0011404854,1.1841895e-08,-4.4618563e-08,5.6400037e-08
45.294,0.00029138272,0.00023945917,0.0006921103,6.333131e-09,-7.706387e-09,-1.8304686e-08
45.332,-0.0009303477,-0.0003714061,0.0006921103,-1.5173898e-08,3.800961e-08,-2.8276354e-08
45.352,-0.0009303477,-0.0003714061,8.124508e-05,-1.2525036e-08,3.1374388e-08,-2.7398515e-09
45.393,-0.0009303477,0.00023945917,8.124508e-05,7.746461e-09,3.0096583e-08,-2.628264e-09
45.433,-0.00031948253,0.00023945917,-0.00052962016,5.329199e-09,7.1101303e-09,1.1786774e-08
45.453,-0.00031948253,-0.0015931366,-0.00052962016,-9.135719e-08,1.8320476e-08,3.0370657e-08
45.492,-0.00031948253,0.00023945917,-0.00052962016,5.329199e-09,7.1101303e-09,1.1786774e-08
45.533,0.00029138272,-0.0009822713,0.0013029756,-5.4632448e-08,-1.6206267e-08,-7.246954e-08
45.553,0.0021239785,0.0008503244,-0.00052962016,6.7004e-08,-1.673656e-07,4.1733102e-08
45.591,-0.00031948253,-0.0003714061,-0.0011404854,-1.546894e-08,1.3306341e-08,4.7500837e-08
45.633,0.00090224796,0.0008503244,-0.00052962016,3.846659e-08,-4.0815486e-08,2.3958718e-08
45.673,-0.002152078,-0.0022040019,-0.00052962016,-0.0,-0.0,0.0
45.692,-0.00031948253,-0.0003714061,-0.00052962016,-8.991104e-09,7.734124e-09,1.2821196e-08
45.733,-0.0009303477,0.00023945917,0.0013029756,1.300722e-08,5.0535697e-08,-7.077652e-08
45.761,-0.00031948253,0.00023945917,-0.00052962016,5.329199e-09,7.1101303e-09,1.1786774e-08
45.791,0.00090224796,0.0008503244,-0.00052962016,3.846659e-08,-4.0815486e-08,2.3958718e-08
45.832,0.0021239785,0.0008503244,8.124508e-05,6.5318915e-08,-1.6315653e-07,-6.240955e-09
45.872,-0.0009303477,-0.0003714061,8.124508e-05,-0.0,0.0,0.0
45.893,0.00029138272,0.00023945917,-0.0017513506,1.4394556e-08,-1.7515823e-08,1.0527854e-07
45.933,-0.001541213,0.00023945917,0.0013029756,1.6329722e-08,1.05101726e-07,-8.885532e-08
45.973,-0.00031948253,-0.0009822713,8.124508e-05,-0.0,0.0,0.0
45.992,-0.001541213,0.0008503244,-0.00052962016,5.2447085e-08,9.5060344e-08,3.2666392e-08
46.033,-0.001541213,-0.0003714061,0.0006921103,-2.155764e-08,8.945711e-08,-4.0172374e-08
46.072,0.00029138272,0.00023945917,8.124508e-05,3.0999092e-09,-3.7720835e-09,-1.051755e-09
46.092,-0.0009303477,0.0008503244,0.0006921103,4.1026965e-08,4.4887976e-08,-3.3393356e-08
46.133,-0.001541213,-0.0022040019,8.124508e-05,-1.9898393e-07,1.3914536e-07,-7.335037e-09
46.173,0.00029138272,0.0008503244,-0.00052962016,2.9767294e-08,-1.0200431e-08,1.8540405e-08
46.194,-0.00031948253,-0.0003714061,8.124508e-05,-6.1887975e-09,5.3235873e-09,-1.3537995e-09
46.232,-0.00031948253,0.0008503244,0.0006921103,3.2583383e-08,1.2242177e-08,-2.6520814e-08
46.271,-0.0009303477,-0.0015931366,8.124508e-05,-9.8717656e-08,5.7648382e-08,-5.034295e-09
46.292,0.00090224796,0.00023945917,0.0006921103,9.337142e-09,-3.518102e-08,-2.6987198e-08
46.332,0.00029138272,-0.0003714061,0.0006921103,-1.04405915e-08,-8.191056e-09,-1.9455902e-08
46.372,0.00029138272,0.0008503244,-0.00052962016,2.9767294e-08,-1.0200431e-08,1.8540405e-08
46.393,0.00029138272,0.00023945917,-0.00052962016,5.2241917e-09,-6.3569883e-09,1.1554526e-08
46.432,0.00029138272,-0.0009822713,8.124508e-05,-3.3875647e-08,-1.0048933e-08,-2.8019043e-09
46.473,-0.0009303477,-0.0003714061,0.0006921103,-1.5173898e-08,3.800961e-08,-2.8276354e-08
46.512,-0.00031948253,0.0008503244,8.124508e-05,0.0,-0.0,-0.0
46.533,0.00090224796,0.00023945917,8.124508e-05,7.528819e-09,-2.8367515e-08,-2.554421e-09
46.572,0.00090224796,0.0014611896,-0.00052962016,8.811146e-08,-5.4406623e-08,3.193673e-08
46.594,0.00029138272,0.00023945917,8.124508e-05,3.0999092e-09,-3.7720835e-09,-1.051755e-09
46.632,-0.0009303477,-0.0003714061,-0.00052962016,-1.4121447e-08,3.5373294e-08,2.0136996e-08
46.673,0.00029138272,0.00023945917,0.0006921103,6.333131e-09,-7.706387e-09,-1.8304686e-08
46.712,0.00090224796,0.0008503244,-0.00052962016,0.0,-0.0,0.0
46.733,-0.001541213,0.0008503244,-0.0011404854,5.984339e-08,1.0846616e-07,8.0264094e-08
46.773,0.0015131133,-0.0003714061,-0.00052962016,-2.050781e-08,-8.35491e-08,2.924387e-08
46.811,0.00029138272,-0.0009822713,8.124508e-05,-0.0,-0.0,-0.0
46.834,0.0015131133,0.0008503244,8.124508e-05,4.957673e-08,-8.8219515e-08,-4.7368554e-09
46.872,0.00029138272,0.00023945917,-0.0011404854,9.651775e-09,-1.17446355e-08,4.5969045e-08
46.912,-0.00031948253,0.00023945917,-0.00052962016,-0.0,0.0,0.0
46.930,-0.00031948253,-0.0009822713,0.0006921103,-4.098057e-08,1.3328881e-08,-2.8874991e-08
46.970,-0.00031948253,-0.0003714061,-0.0011404854,-1.546894e-08,1.3306341e-08,4.7500837e-08
47.011,0.00029138272,-0.0003714061,-0.00052962016,-8.841609e-09,-6.936591e-09,1.2608017e-08
47.032,0.00090224796,-0.0003714061,-0.00052962016,-1.3835373e-08,-3.360994e-08,1.9729057e-08
47.072,0.00090224796,0.00023945917,-0.00052962016,8.623564e-09,-3.2492355e-08,1.9073035e-08
47.112,-0.0009303477,-0.0003714061,-0.00052962016,-1.4121447e-08,3.5373294e-08,2.0136996e-08
47.132,0.00090224796,0.0014611896,8.124508e-05,8.429244e-08,-5.2048467e-08,-4.686827e-09
47.172,-0.00031948253,-0.0009822713,0.0006921103,-4.098057e-08,1.3328881e-08,-2.8874991e-08
47.212,0.0021239785,0.0008503244,0.0013029756,7.512185e-08,-1.8764275e-07,-1.1511129e-07
47.234,0.00029138272,-0.0003714061,0.0006921103,-1.04405915e-08,-8.191056e-09,-1.9455902e-08
47.273,-0.00028955014,-0.00040133845,0.000707382,-1.16258985e-08,8.3876355e-09,-2.0491312e-08
47.313,0.0003213151,-0.0010122037,-0.0011252137,-5.2549833e-08,-1.6681481e-08,5.8416887e-08
47.352,0.0003213151,0.00020952677,-0.0005143485,0.0,-0.0,0.0
47.374,0.0003213151,0.00020952677,-0.0005143485,4.511069e-09,-6.917849e-09,1.1073819e-08
47.414,-0.00028955014,-0.00040133845,-0.0005143485,-9.612101e-09,6.9347585e-09,1.2318705e-08
47.452,-0.00028955014,0.00020952677,-0.0005143485,-0.0,0.0,0.0
47.472,-0.0015112807,-0.00040133845,-0.0005143485,-2.2167308e-08,8.347324e-08,2.8409241e-08
47.512,0.0003213151,0.00020952677,-0.0005143485,4.511069e-09,-6.917849e-09,1.1073819e-08
47.553,-0.00028955014,0.00020952677,9.6516706e-05,0.0,-0.0,-0.0
47.571,-0.00028955014,-0.0010122037,0.000707382,-4.3079115e-08,1.2323176e-08,-3.0105983e-08
47.612,0.0009321803,-0.0010122037,0.000707382,-5.2549833e-08,-4.8395318e-08,-3.672463e-08
47.652,0.0009321803,0.00020952677,-0.0005143485,0.0,-0.0,0.0
47.673,0.0009321803,-0.00040133845,-0.0005143485,-1.5322382e-08,-3.558897e-08,1.9636902e-08
47.713,-0.00028955014,-0.00040133845,0.0013182472,-1.896216e-08,1.3680464e-08,-6.2283625e-08
47.751,0.0015430456,0.000820392,-0.0011252137,0.0,-0.0,0.0
47.785,-0.00090041535,-0.00040133845,9.6516706e-05,-1.333906e-08,2.9926596e-08,-3.207871e-09
47.811,0.0015430456,0.0014312572,9.6516706e-05,1.0118135e-07,-1.0908412e-07,-6.82315e-09
47.854,0.0015430456,0.000820392,9.6516706e-05,-0.0,-0.0,0.0
47.875,-0.00090041535,0.00020952677,9.6516706e-05,6.534877e-09,2.8082825e-08,-3.010235e-09
47.915,0.0003213151,0.00020952677,-0.0005143485,4.511069e-09,-6.917849e-09,1.1073819e-08
47.955,-0.0021221458,-0.0016230689,9.6516706e-05,-0.0,0.0,0.0
47.974,-0.00028955014,-0.0016230689,9.6516706e-05,-8.994351e-08,1.6045625e-08,-5.3485403e-09
48.012,-0.00028955014,0.00020952677,-0.0005143485,4.403478e-09,6.0852736e-09,1.0809704e-08
48.053,-0.00028955014,-0.00040133845,-0.0005143485,-9.612101e-09,6.9347585e-09,1.2318705e-08
48.073,0.0003213151,0.00020952677,0.0013182472,9.652412e-09,-1.4802243e-08,-6.0728595e-08
48.113,-0.00090041535,-0.0010122037,-0.0005143485,-4.921674e-08,4.3781217e-08,2.5009351e-08
48.152,-0.00090041535,-0.00040133845,9.6516706e-05,-1.333906e-08,2.9926596e-08,-3.207871e-09
48.193,-0.00028955014,-0.0010122037,-0.0011252137,-0.0,-0.0,0.0
48.213,-0.00090041535,-0.00040133845,0.000707382,-1.633975e-08,3.6658744e-08,-2.8799748e-08
48.252,-0.0015112807,0.00020952677,0.000707382,1.1823584e-08,8.528147e-08,-3.991752e-08
48.294,0.002153911,0.000820392,-0.0005143485,0.0,-0.0,0.0
48.314,0.0003213151,0.00020952677,-0.0005143485,4.511069e-09,-6.917849e-09,1.1073819e-08
48.354,-0.00090041535,-0.00040133845,0.0013182472,-2.2167304e-08,4.9733043e-08,-7.281133e-08
48.395,-0.00028955014,-0.0010122037,9.6516706e-05,-0.0,0.0,0.0
48.414,0.0015430456,0.00020952677,0.000707382,1.20246675e-08,-8.855486e-08,-4.059641e-08
48.454,-0.00090041535,-0.0010122037,9.6516706e-05,-4.6128704e-08,4.1034223e-08,-4.3985113e-09
48.493,0.0015430456,-0.0010122037,-0.0005143485,-0.0,-0.0,0.0
48.513,-0.00028955014,-0.00040133845,9.6516706e-05,-6.7900308e-09,4.898744e-09,-1.6329146e-09
48.553,-0.0015112807,0.00020952677,9.6516706e-05,1.07482085e-08,7.752498e-08,-4.95107e-09
48.592,-0.00028955014,0.000820392,-0.0005143485,-0.0,0.0,0.0
48.612,0.0009321803,-0.00040133845,9.6516706e-05,-1.3729072e-08,-3.1888227e-08,-3.3016645e-09
48.653,0.0003213151,-0.00040133845,-0.0005143485,-9.793439e-09,-7.840714e-09,1.2551105e-08
48.693,-0.00090041535,-0.00040133845,9.6516706e-05,-0.0,0.0,0.0
48.712,0.002153911,0.00020952677,-0.001736079,1.9505462e-08,-2.0051372e-07,1.6161655e-07
48.754,-0.00028955014,0.00020952677,0.000707382,5.5720393e-09,7.7001365e-09,-1.8811727e-08
48.792,0.002153911,0.000820392,-0.0011252137,0.0,-0.0,0.0
48.813,-0.00028955014,-0.00040133845,0.0013182472,-1.896216e-08,1.3680464e-08,-6.2283625e-08
48.853,-0.0015112807,-0.00040133845,9.6516706e-05,-2.109743e-08,7.944451e-08,-5.073658e-09
48.893,-0.00090041535,-0.0010122037,9.6516706e-05,-0.0,0.0,0.0
48.913,0.0009321803,0.00020952677,9.6516706e-05,6.7514425e-09,-3.003703e-08,-3.109994e-09
48.953,-0.00090041535,-0.0010122037,9.6516706e-05,-4.6128704e-08,4.1034223e-08,-4.3985113e-09
48.994,0.002153911,-0.00040133845,-0.0005143485,-0.0,-0.0,0.0
49.016,-0.00028955014,0.0014312572,9.6516706e-05,7.028166e-08,1.4218314e-08,-4.7394377e-09
49.053,-0.00028955014,0.000820392,9.6516706e-05,2.4095822e-08,8.504409e-09,-2.8348026e-09
49.092,-0.0015112807,0.000820392,9.6516706e-05,0.0,-0.0,-0.0
49.131,0.0003213151,0.00020952677,9.6516706e-05,-0.0,-0.0,0.0
49.152,0.0003213151,0.00020952677,-0.0005143485,4.511069e-09,-6.917849e-09,1.1073819e-08
49.193,0.0003213151,0.0014312572,9.6516706e-05,7.0599334e-08,-1.5849444e-08,-4.7608593e-09
49.233,-0.00028955014,0.000820392,9.6516706e-05,0.0,-0.0,-0.0
49.252,0.0009321803,-0.00040133845,9.6516706e-05,-1.3729072e-08,-3.1888227e-08,-3.3016645e-09
49.294,0.0009321803,-0.00040133845,-0.0005143485,-1.5322382e-08,-3.558897e-08,1.9636902e-08
49.335,-0.00028955014,-0.00040133845,0.0013182472,-0.0,0.0,0.0
49.359,0.0009321803,-0.0016230689,9.6516706e-05,-1.02071134e-07,-5.8622714e-08,-6.0697203e-09
49.392,-0.0015112807,-0.00040133845,0.000707382,-2.3111868e-08,8.7030095e-08,-4.0735994e-08
49.431,-0.00028955014,-0.00040133845,0.000707382,-0.0,0.0,0.0
49.453,0.0009321803,0.0014312572,9.6516706e-05,8.216031e-08,-5.3511155e-08,-5.540471e-09
49.491,0.0003213151,0.000820392,9.6516706e-05,2.4399029e-08,-9.556135e-09,-2.8704739e-09
49.532,-0.00090041535,-0.00040133845,-0.0005143485,-0.0,-0.0,0.0
49.552,-0.00090041535,-0.00040133845,0.000707382,-1.633975e-08,3.6658744e-08,-2.8799748e-08
49.593,-0.00090041535,0.00020952677,9.6516706e-05,6.534877e-09,2.8082825e-08,-3.010235e-09
49.631,-0.00028955014,0.00020952677,9.6516706e-05,0.0,-0.0,-0.0
49.653,-0.00028955014,-0.00040133845,9.6516706e-05,-6.7900308e-09,4.898744e-09,-1.6329146e-09
49.692,-0.00090041535,0.00020952677,9.6516706e-05,6.534877e-09,2.8082825e-08,-3.010235e-09
49.731,0.0009321803,0.0014312572,9.6516706e-05,-0.0,-0.0,0.0
49.752,0.0003213151,0.000820392,-0.0005143485,2.808429e-08,-1.0999506e-08,1.7607574e-08
49.791,0.0003213151,-0.00040133845,-0.0005143485,-9.793439e-09,-7.840714e-09,1.2551105e-08
49.833,0.0015430456,-0.0010122037,-0.0011252137,-0.0,-0.0,0.0
49.872,0.0015430456,0.0014312572,-0.0005143485,0.0,-0.0,0.0
49.892,0.0009321803,-0.00040133845,-0.0005143485,-1.5322382e-08,-3.558897e-08,1.9636902e-08
49.933,-0.00028955014,-0.0016230689,-0.0005143485,-0.0,-0.0,0.0
49.973,-0.00090041535,-0.0010122037,-0.0005143485,-0.0,-0.0,0.0
49.992,0.0003213151,0.0020421227,9.6516706e-05,1.4180674e-07,-2.2312395e-08,-6.7022006e-09
50.033,-0.00028955014,-0.00040133845,-0.0005143485,-0.0,-0.0,0.0
50.074,-0.00028955014,-0.00040133845,-0.0005143485,-0.0,-0.0,0.0
50.093,-0.00090041535,-0.0022339341,9.6516706e-05,-1.8068742e-07,7.282835e-08,-7.80656e-09
50.133,0.0009321803,-0.00040133845,-0.0005143485,-1.5322382e-08,-3.558897e-08,1.9636902e-08
50.172,0.0003213151,-0.00040133845,-0.0005143485,-0.0,-0.0,0.0
50.192,0.0009321803,-0.00040133845,9.6516706e-05,-1.3729072e-08,-3.1888227e-08,-3.3016645e-09
50.232,-0.0021221458,-0.0016230689,9.6516706e-05,-1.4559751e-07,1.9036725e-07,-8.658024e-09
50.272,-0.00090041535,-0.0016230689,-0.0005143485,-0.0,-0.0,0.0
50.292,-0.00028955014,0.00020952677,9.6516706e-05,2.602788e-09,3.596856e-09,-1.1989519e-09
50.333,-0.00028955014,-0.00040133845,-0.0005143485,-9.612101e-09,6.9347585e-09,1.2318705e-08
50.373,-0.0015112807,-0.00040133845,9.6516706e-05,-0.0,0.0,0.0
50.392,-0.00028955014,-0.0010122037,9.6516706e-05,-3.590729e-08,1.0271609e-08,-3.4238692e-09
50.434,-0.0015112807,-0.0010122037,9.6516706e-05,-6.186509e-08,9.236827e-08,-5.8990213e-09
50.473,0.0009321803,0.0014312572,9.6516706e-05,-0.0,-0.0,0.0
50.493,-0.0015112807,-0.00040133845,-0.0005143485,-2.2167308e-08,8.347324e-08,2.8409241e-08
50.533,0.0003213151,-0.0010122037,0.000707382,-4.3338133e-08,-1.37573055e-08,-3.0287e-08
50.573,-0.00028955014,0.00020952677,-0.0005143485,-0.0,0.0,0.0
50.593,0.0009321803,0.0014312572,-0.0005143485,8.566797e-08,-5.5795695e-08,3.0786357e-08
50.632,-0.00028955014,-0.00040133845,9.6516706e-05,-6.7900308e-09,4.898744e-09,-1.6329146e-09
50.673,-0.00028955014,0.00020952677,9.6516706e-05,0.0,-0.0,-0.0
50.693,-0.00028955014,-0.0010122037,-0.0011252137,-5.2336425e-08,1.4971311e-08,5.817965e-08
50.734,-0.00028955014,-0.0010122037,0.0013182472,-5.7299175e-08,1.6390954e-08,-7.4623784e-08
50.774,0.002153911,0.00020952677,9.6516706e-05,-0.0,-0.0,0.0
50.811,0.0009321803,0.00020952677,0.000707382,-0.0,-0.0,0.0
50.832,-0.00028955014,-0.00040133845,9.6516706e-05,-6.7900308e-09,4.898744e-09,-1.6329146e-09
50.872,-0.00090041535,0.00020952677,-0.0011252137,-0.0,0.0,0.0
50.913,-0.0015112807,-0.00040133845,-0.0005143485,-0.0,-0.0,0.0
50.934,-0.0015112807,0.00020952677,-0.0011252137,1.3328365e-08,9.613524e-08,7.1576835e-08
50.973,0.0003213151,0.000820392,-0.0005143485,0.0,-0.0,0.0
51.013,0.0003213151,0.0014312572,-0.0005143485,0.0,-0.0,0.0
51.034,0.0009321803,-0.00040133845,-0.0005143485,-1.5322382e-08,-3.558897e-08,1.9636902e-08
51.072,-0.00028955014,-0.0016230689,-0.0005143485,-0.0,-0.0,0.0
51.113,0.0003213151,0.00020952677,-0.0005143485,0.0,-0.0,0.0
51.133,-0.00028955014,-0.00040133845,9.6516706e-05,-6.7900308e-09,4.898744e-09,-1.6329146e-09
51.172,-0.0015112807,-0.00040133845,-0.0005143485,-2.2167308e-08,8.347324e-08,2.8409241e-08
51.213,0.0003213151,0.0014312572,9.6516706e-05,-0.0,-0.0,0.0
51.232,0.0015430456,0.00020952677,9.6516706e-05,1.0969028e-08,-8.078066e-08,-5.052788e-09
51.272,-0.0015112807,-0.0016230689,9.6516706e-05,-1.2089441e-07,1.12567854e-07,-7.1890476e-09
51.312,0.0003213151,-0.00040133845,9.6516706e-05,-0.0,-0.0,-0.0
51.333,0.00037751472,0.000267559,-0.0005174029,6.2317183e-09,-8.792697e-09,1.2050834e-08
51.372,-0.00023335053,-0.00034330628,-0.0005174029,-7.6412885e-09,5.1939004e-09,1.1516319e-08
51.412,-0.00084421574,0.0014892896,-0.0005174029,-0.0,0.0,0.0
51.433,-0.00084421574,-0.0021759018,9.346238e-05,-1.7053979e-07,6.616676e-08,-7.325258e-09
51.473,-0.00023335053,-0.0009541715,0.0013151928,-5.2556416e-08,1.2853107e-08,-7.2441715e-08
51.514,0.0009883799,0.000267559,9.346238e-05,-0.0,-0.0,0.0
51.533,-0.00084421574,-0.0015650368,9.346238e-05,-9.350982e-08,5.044128e-08,-5.5843077e-09
51.575,0.00037751472,0.000267559,9.346238e-05,4.238053e-09,-5.9797185e-09,-1.4804157e-09
51.612,-0.00023335053,-0.00034330628,0.00070432766,-0.0,0.0,0.0
51.653,0.00037751472,-0.00034330628,9.346238e-05,-0.0,-0.0,-0.0
51.673,0.0015992452,0.0008784242,9.346238e-05,5.3851036e-08,-9.8040346e-08,-5.729628e-09
51.714,-0.00023335053,0.0014892896,-0.0005174029,-0.0,0.0,0.0
51.756,-0.00023335053,-0.00034330628,0.00070432766,-0.0,0.0,0.0
51.772,-0.00084421574,-0.00034330628,0.0013151928,-1.8432162e-08,4.532607e-08,-7.061289e-08
51.813,0.0009883799,-0.00034330628,-0.0005174029,-0.0,-0.0,0.0
51.852,-0.00023335053,-0.0021759018,9.346238e-05,-0.0,0.0,0.0
51.872,-0.00023335053,0.000267559,-0.0005174029,5.6334897e-09,4.913226e-09,1.0893986e-08
51.911,0.00037751472,0.0008784242,-0.0005174029,0.0,-0.0,0.0
51.953,-0.0020659463,-0.0021759018,-0.0005174029,-0.0,-0.0,0.0
51.970,0.00037751472,0.000267559,0.00070432766,7.565793e-09,-1.0675023e-08,-1.9916346e-08
52.011,0.00037751472,0.000267559,9.346238e-05,-0.0,-0.0,0.0
52.052,-0.00084421574,-0.00034330628,9.346238e-05,-0.0,0.0,0.0
52.073,-0.00023335053,-0.0021759018,9.346238e-05,-1.5992167e-07,1.7150501e-08,-6.8691786e-09
52.114,-0.00023335053,-0.0009541715,-0.0005174029,-3.554575e-08,8.693006e-09,1.927481e-08
52.153,-0.00084421574,-0.0009541715,9.346238e-05,-0.0,0.0,0.0
52.174,-0.00023335053,0.0008784242,0.00070432766,3.3891908e-08,9.003274e-09,-2.7174806e-08
52.214,-0.00023335053,0.000267559,9.346238e-05,3.2959064e-09,2.874512e-09,-1.1513097e-09
52.252,0.0015992452,0.000267559,9.346238e-05,-0.0,-0.0,0.0
52.272,-0.00023335053,-0.00034330628,9.346238e-05,-4.9014792e-09,3.3316103e-09,-1.3343884e-09
52.313,-0.00084421574,0.0008784242,-0.0005174029,3.901446e-08,3.749512e-08,2.2980007e-08
52.354,-0.00084421574,0.000267559,-0.0011282681,-0.0,0.0,0.0
52.394,-0.0020659463,-0.00034330628,-0.0005174029,-0.0,-0.0,0.0
52.413,-0.00084421574,0.000267559,-0.0005174029,9.208226e-09,2.9054265e-08,1.7806776e-08
52.453,-0.00084421574,0.000267559,0.00070432766,0.0,-0.0,-0.0
52.493,-0.0020659463,0.000267559,9.346238e-05,0.0,-0.0,-0.0
52.511,0.0009883799,0.0008784242,9.346238e-05,3.907258e-08,-4.3963446e-08,-4.157235e-09
52.554,-0.00023335053,-0.00034330628,9.346238e-05,-0.0,0.0,0.0
52.593,0.00037751472,-0.0009541715,0.00070432766,-0.0,-0.0,-0.0
52.613,-0.00084421574,-0.00034330628,9.346238e-05,-1.0553314e-08,2.5951385e-08,-2.873055e-09
52.653,-0.00084421574,-0.00034330628,0.0013151928,-0.0,0.0,0.0
52.692,-0.00084421574,0.0008784242,-0.0005174029,-0.0,0.0,0.0
52.713,0.00037751472,0.000267559,9.346238e-05,4.238053e-09,-5.9797185e-09,-1.4804157e-09
52.751,-0.00023335053,-0.0009541715,9.346238e-05,-0.0,0.0,0.0
52.791,-0.00023335053,-0.0009541715,-0.0005174029,-0.0,-0.0,0.0
52.811,0.00037751472,0.000267559,9.346238e-05,4.238053e-09,-5.9797185e-09,-1.4804157e-09
52.853,-0.00084421574,-0.0009541715,9.346238e-05,-0.0,0.0,0.0
52.893,-0.00084421574,-0.00034330628,-0.0005174029,-0.0,-0.0,0.0
52.913,-0.00023335053,-0.00034330628,-0.0005174029,-7.6412885e-09,5.1939004e-09,1.1516319e-08
52.953,-0.0014550809,-0.00034330628,9.346238e-05,-0.0,0.0,0.0
52.992,-0.00023335053,0.000267559,-0.0005174029,-0.0,0.0,0.0
53.013,0.0009883799,0.000267559,9.346238e-05,9.231062e-09,-3.410013e-08,-3.2245486e-09
53.052,-0.00023335053,-0.00034330628,0.00070432766,-0.0,0.0,0.0
53.093,0.00037751472,-0.00034330628,9.346238e-05,-0.0,-0.0,-0.0
53.112,0.00037751472,0.0008784242,9.346238e-05,2.8315693e-08,-1.2169053e-08,-3.0127265e-09
53.152,-0.00023335053,-0.0009541715,-0.0005174029,-3.554575e-08,8.693006e-09,1.927481e-08
53.193,-0.00084421574,0.0008784242,9.346238e-05,0.0,-0.0,-0.0
53.232,-0.00023335053,-0.00034330628,9.346238e-05,-0.0,0.0,0.0
53.253,-0.0014550809,-0.0015650368,0.00070432766,-1.1815839e-07,1.09856856e-07,-5.317588e-08
53.292,0.0009883799,0.000267559,-0.0011282681,0.0,-0.0,0.0
53.332,-0.00084421574,0.000267559,-0.0005174029,-0.0,0.0,0.0
53.353,-0.00084421574,0.000267559,9.346238e-05,7.994888e-09,2.5225878e-08,-2.7927347e-09
53.392,-0.0014550809,0.000267559,9.346238e-05,0.0,-0.0,-0.0
53.433,-0.00084421574,-0.0009541715,-0.0011282681,-0.0,-0.0,0.0
53.452,0.00037751472,0.000267559,-0.0011282681,1.0948097e-08,-1.5447313e-08,4.616697e-08
53.493,0.00037751472,-0.0009541715,-0.0005174029,-0.0,-0.0,0.0
53.533,-0.00023335053,-0.0009541715,-0.0005174029,-0.0,-0.0,0.0
53.553,-0.0014550809,-0.00034330628,0.00070432766,-1.903742e-08,8.068886e-08,-3.9057202e-08
53.592,0.00037751472,-0.00034330628,9.346238e-05,-0.0,-0.0,-0.0
53.638,-0.0032876767,-0.0027867672,0.00070432766,-0.0,0.0,0.0
53.652,-0.0014550809,-0.0015650368,9.346238e-05,-1.12327456e-07,1.04435586e-07,-6.7080737e-09
53.692,-0.00023335053,-0.00034330628,0.00070432766,-0.0,0.0,0.0
53.732,-0.00084421574,0.000267559,9.346238e-05,0.0,-0.0,-0.0
53.751,0.0009883799,0.0008784242,-0.0005174029,4.185277e-08,-4.709164e-08,2.4651808e-08
53.795,0.0009883799,0.0014892896,-0.0005174029,0.0,-0.0,0.0
53.831,-0.00023335053,-0.0009541715,9.346238e-05,-0.0,0.0,0.0
53.852,0.00037751472,0.0014892896,-0.0011282681,9.52557e-08,-2.4146026e-08,7.216459e-08
53.893,-0.00084421574,0.000267559,0.00070432766,0.0,-0.0,-0.0
53.933,0.00037751472,-0.00034330628,0.00070432766,-0.0,-0.0,-0.0
53.953,-0.00084421574,-0.00034330628,9.346238e-05,-1.0553314e-08,2.5951385e-08,-2.873055e-09
53.993,0.0009883799,0.000267559,0.00070432766,-0.0,-0.0,0.0
54.034,-0.00023335053,0.000267559,-0.0005174029,-0.0,0.0,0.0
54.053,-0.00084421574,-0.00034330628,9.346238e-05,-1.0553314e-08,2.5951385e-08,-2.873055e-09
54.093,0.0015992452,0.0008784242,-0.0005174029,5.5900998e-08,-1.0177248e-07,3.2926394e-08
54.131,-0.00084421574,0.000267559,-0.0005174029,-0.0,0.0,0.0
54.173,0.0009883799,-0.0009541715,-0.0005174029,-0.0,-0.0,0.0
54.192,-0.00023335053,0.0008784242,9.346238e-05,2.6930833e-08,7.1540875e-09,-2.8653806e-09
54.233,-0.00084421574,-0.00034330628,9.346238e-05,-0.0,0.0,0.0
54.274,0.0009883799,-0.0009541715,-0.0005174029,-0.0,-0.0,0.0
54.292,-0.0014550809,-0.00034330628,9.346238e-05,-1.7255557e-08,7.313653e-08,-4.6976867e-09
54.333,0.0015992452,0.0014892896,9.346238e-05,-0.0,-0.0,0.0
54.372,0.00037751472,-0.00034330628,0.00070432766,-0.0,-0.0,-0.0
54.393,-0.00084421574,-0.00034330628,9.346238e-05,-1.0553314e-08,2.5951385e-08,-2.873055e-09
54.436,0.00037751472,0.000267559,9.346238e-05,-0.0,-0.0,0.0
54.472,-0.00023335053,-0.0009541715,9.346238e-05,-0.0,0.0,0.0
54.492,-0.00023335053,-0.00034330628,-0.0011282681,-1.3848753e-08,9.413209e-09,4.5513605e-08
54.531,-0.00084421574,0.000267559,-0.0011282681,-0.0,0.0,0.0
54.574,-0.00084421574,-0.00034330628,-0.0005174029,-0.0,-0.0,0.0
54.592,0.00037751472,-0.00034330628,9.346238e-05,-5.9758265e-09,-6.571282e-09,-1.6268709e-09
54.633,-0.00023335053,0.000267559,0.00070432766,0.0,-0.0,-0.0
54.672,0.00037751472,0.000267559,9.346238e-05,-0.0,-0.0,0.0
54.693,-0.00084421574,0.000267559,0.00070432766,1.015866e-08,3.205312e-08,-2.674186e-08
54.734,0.0009883799,-0.0009541715,0.00070432766,-0.0,-0.0,-0.0
54.777,-0.0014550809,-0.0009541715,0.00070432766,-0.0,0.0,0.0
54.795,0.00037751472,0.0008784242,9.346238e-05,2.8315693e-08,-1.2169053e-08,-3.0127265e-09
54.831,-0.0020659463,0.000267559,0.00070432766,0.0,-0.0,-0.0
54.872,0.00037751472,0.000267559,0.00070432766,-0.0,-0.0,0.0
54.912,0.0009883799,0.0008784242,0.00070432766,4.4159464e-08,-4.9687074e-08,-3.5407417e-08
54.932,-0.0014550809,-0.0009541715,0.00070432766,-0.0,0.0,0.0
54.972,-0.00084421574,-0.00034330628,9.346238e-05,-0.0,0.0,0.0
54.994,0.0015992452,-0.0009541715,-0.0011282681,-6.9712726e-08,-1.16842465e-07,8.243239e-08
55.032,0.00037751472,-0.00034330628,-0.0017391334,-0.0,-0.0,0.0
55.073,-0.00084421574,-0.00034330628,9.346238e-05,-0.0,0.0,0.0
55.112,0.00037751472,0.000267559,-0.0005174029,0.0,-0.0,0.0
55.132,0.0009883799,-0.00034330628,9.346238e-05,-1.2100844e-08,-3.4838372e-08,-3.2943581e-09
55.185,-0.00084421574,-0.0009541715,9.346238e-05,-0.0,0.0,0.0
55.211,0.00037751472,0.0008784242,9.346238e-05,-0.0,-0.0,0.0
55.232,0.0009883799,0.000267559,-0.0005174029,1.0299791e-08,-3.8048086e-08,1.9917634e-08
55.272,0.0009883799,-0.00034330628,9.346238e-05,-0.0,-0.0,-0.0
55.310,0.0015992452,0.000267559,-0.0005174029,0.0,-0.0,0.0
55.331,-0.00084421574,-0.0009541715,-0.0005174029,-4.402555e-08,3.8952184e-08,2.3873012e-08
55.372,-0.00084421574,-0.0009541715,9.346238e-05,-0.0,0.0,0.0
55.413,0.0016566665,0.00033108896,-0.00048380526,0.0,-0.0,0.0
55.432,0.0016566665,0.00033108896,-0.00048380526,1.9523133e-08,-9.7687696e-08,2.8528268e-08
55.474,-0.00017592919,0.00033108896,-0.00048380526,-0.0,0.0,0.0
55.512,-0.0013976597,-0.00089064153,-0.00048380526,-0.0,-0.0,0.0
55.532,-0.00017592919,0.00033108896,-0.00048380526,6.7998727e-09,3.6132164e-09,9.936345e-09
55.572,-0.00017592919,0.00033108896,0.00012705996,0.0,-0.0,-0.0
55.612,-0.0007867944,0.00033108896,0.00012705996,0.0,-0.0,-0.0
55.633,0.0010458013,0.0009419542,-0.00048380526,4.70404e-08,-5.2226437e-08,2.4160828e-08
55.672,0.00043493605,0.0015528195,0.00012705996,-0.0,-0.0,0.0
55.712,0.00043493605,-0.0015015068,-0.00048380526,-0.0,-0.0,0.0
55.751,-0.0007867944,-0.0002797763,0.00012705996,-7.929521e-09,2.2299613e-08,-3.6011796e-09
55.771,-0.0007867944,-0.00089064153,0.00012705996,-0.0,0.0,0.0
55.811,0.0010458013,-0.0002797763,-0.00048380526,-0.0,-0.0,0.0
55.852,0.00043493605,-0.00089064153,-0.00048380526,-3.2961367e-08,-1.609636e-08,1.7904938e-08
55.871,0.0010458013,0.00033108896,0.00012705996,-0.0,-0.0,0.0
55.912,0.0016566665,-0.00089064153,0.00012705996,-0.0,-0.0,-0.0
55.952,-0.00017592919,-0.0015015068,0.00073792523,-8.4756095e-08,9.930741e-09,-4.1653934e-08
55.973,-0.0013976597,0.00033108896,0.00012705996,0.0,-0.0,-0.0
56.012,-0.00017592919,0.00033108896,-0.00048380526,-0.0,0.0,0.0
56.051,-0.0007867944,-0.00089064153,0.00012705996,-0.0,0.0,0.0
56.073,0.00043493605,-0.0002797763,0.00012705996,-4.999252e-09,-7.771763e-09,-2.2704023e-09
56.112,0.00043493605,0.0009419542,-0.00048380526,0.0,-0.0,0.0
56.152,-0.00017592919,0.00033108896,0.00073792523,0.0,-0.0,-0.0
56.172,-0.0007867944,0.00033108896,0.00012705996,9.587761e-09,2.27842e-08,-3.6794356e-09
56.212,0.00043493605,0.00033108896,0.0013487904,-0.0,-0.0,0.0
56.252,0.0010458013,0.0009419542,0.00073792523,-0.0,-0.0,0.0
56.272,0.0010458013,-0.0015015068,0.00012705996,-9.24121e-08,-6.436514e-08,-7.8200655e-09
56.312,-0.00017592919,0.00033108896,0.00012705996,0.0,-0.0,-0.0
56.352,0.00043493605,-0.00089064153,0.00012705996,-0.0,-0.0,-0.0
56.373,0.0010458013,-0.0015015068,0.00073792523,-9.940444e-08,-6.923531e-08,-4.8852957e-08
56.412,-0.0007867944,-0.0015015068,0.00012705996,-0.0,0.0,0.0
56.451,-0.0007867944,-0.0002797763,0.00073792523,-0.0,0.0,0.0
56.492,0.00043493605,0.0015528195,-0.00048380526,8.772189e-08,-2.4570408e-08,2.7331131e-08
56.512,0.00043493605,0.00033108896,0.00073792523,-0.0,-0.0,0.0
56.553,-0.0007867944,0.00033108896,0.00073792523,0.0,-0.0,-0.0
56.592,0.00043493605,0.00033108896,0.00012705996,6.234534e-09,-8.190015e-09,-2.3925886e-09
56.613,0.00043493605,-0.0002797763,0.00012705996,-0.0,-0.0,-0.0
56.653,-0.00017592919,-0.00089064153,-0.00048380526,-0.0,-0.0,0.0
56.675,-0.00017592919,-0.0002797763,-0.00048380526,-5.50039e-09,3.4587604e-09,9.511591e-09
56.714,-0.00017592919,-0.0002797763,-0.0010946705,-0.0,-0.0,0.0
56.760,-0.00017592919,-0.0002797763,0.00073792523,-0.0,0.0,0.0
56.792,-0.0013976597,-0.0002797763,-0.00048380526,-1.4130941e-08,7.059299e-08,2.4436035e-08
56.811,-0.00017592919,0.00033108896,-0.00048380526,-0.0,0.0,0.0
56.862,-0.0007867944,-0.0002797763,0.00012705996,-0.0,0.0,0.0
56.892,0.00043493605,-0.0002797763,-0.00048380526,-6.648157e-09,-1.03351265e-08,1.1496376e-08
56.911,0.00043493605,-0.0002797763,-0.00048380526,-0.0,-0.0,0.0
56.950,-0.00017592919,-0.0015015068,0.00073792523,-0.0,0.0,0.0
56.990,0.0016566665,0.0009419542,0.00012705996,6.036776e-08,-1.0617209e-07,-8.142988e-09
57.010,0.00043493605,0.0009419542,0.00012705996,-0.0,-0.0,0.0
57.050,0.00043493605,0.00033108896,0.00012705996,-0.0,-0.0,0.0
57.093,0.00043493605,0.00033108896,-0.0017055358,0.0,-0.0,0.0
57.112,0.00043493605,0.00033108896,0.0013487904,1.616814e-08,-2.1239329e-08,-6.586578e-08
57.153,-0.00017592919,0.0009419542,0.00073792523,0.0,-0.0,-0.0
57.190,-0.0013976597,0.0015528195,0.00012705996,0.0,-0.0,-0.0
57.213,0.00043493605,0.00033108896,0.00012705996,6.234534e-09,-8.190015e-09,-2.3925886e-09
57.251,-0.00017592919,0.00033108896,-0.0010946705,-0.0,0.0,0.0
57.293,0.0016566665,-0.0002797763,0.00012705996,-0.0,-0.0,-0.0
57.312,0.00043493605,-0.0002797763,-0.00048380526,-6.648157e-09,-1.03351265e-08,1.1496376e-08
57.352,-0.00017592919,-0.00089064153,0.00073792523,-0.0,0.0,0.0
57.393,0.00043493605,-0.0002797763,-0.0010946705,-0.0,-0.0,0.0
57.434,-0.00017592919,-0.00089064153,0.00073792523,-3.4963204e-08,6.9063124e-09,-2.8968143e-08
57.453,-0.0007867944,-0.00089064153,0.00012705996,-0.0,0.0,0.0
57.493,0.00043493605,-0.0002797763,-0.00048380526,-0.0,-0.0,0.0
57.534,0.00043493605,-0.00089064153,0.00012705996,-2.9863386e-08,-1.4583491e-08,-4.2603454e-09
57.554,-0.0013976597,-0.00089064153,-0.00048380526,-0.0,-0.0,0.0
57.592,-0.0007867944,0.00033108896,-0.00048380526,-0.0,0.0,0.0
57.634,0.0010458013,0.0009419542,0.00012705996,4.4666507e-08,-4.959083e-08,-6.025053e-09
57.653,0.00043493605,-0.00089064153,-0.00048380526,-0.0,-0.0,0.0
57.692,-0.0013976597,-0.0002797763,0.00073792523,-0.0,0.0,0.0
57.733,-0.0007867944,-0.0002797763,0.00012705996,-7.929521e-09,2.2299613e-08,-3.6011796e-09
57.752,-0.0013976597,-0.00089064153,0.00073792523,-0.0,0.0,0.0
57.791,-0.002008525,-0.00089064153,0.00073792523,-0.0,0.0,0.0
57.831,-0.00017592919,-0.0015015068,0.00012705996,-7.643527e-08,8.9558005e-09,-6.468077e-09
57.854,0.0010458013,0.00033108896,0.00012705996,-0.0,-0.0,0.0
57.894,-0.00017592919,0.0015528195,-0.00048380526,-0.0,0.0,0.0
57.932,-0.0007867944,0.00033108896,0.00073792523,1.2535531e-08,2.978923e-08,-2.793897e-08
57.952,0.00043493605,-0.0002797763,-0.0010946705,-0.0,-0.0,0.0
57.992,-0.00017592919,0.00033108896,0.0013487904,0.0,-0.0,-0.0
58.032,0.00043493605,0.00033108896,-0.00048380526,8.109607e-09,-1.0653212e-08,1.1850201e-08
58.053,-0.0013976597,-0.0002797763,0.00073792523,-0.0,0.0,0.0
58.091,-0.0007867944,-0.00089064153,-0.00048380526,-0.0,-0.0,0.0
58.132,-0.0007867944,-0.0021123718,0.00012705996,-0.0,0.0,0.0
58.172,-0.00017592919,0.00033108896,0.00073792523,9.195451e-09,4.886144e-09,-2.0494658e-08
58.191,-0.00017592919,0.00033108896,0.0013487904,0.0,-0.0,-0.0
58.232,0.0016566665,0.0009419542,-0.0010946705,0.0,-0.0,0.0
58.271,-0.00017592919,0.00033108896,0.00012705996,4.3979487e-09,2.3369173e-09,-1.6877735e-09
58.293,-0.0007867944,-0.00089064153,0.00012705996,-0.0,0.0,0.0
58.332,-0.0007867944,-0.00089064153,-0.00048380526,-0.0,-0.0,0.0
58.372,0.00043493605,0.00033108896,-0.0010946705,1.3593113e-08,-1.7856635e-08,4.4942542e-08
58.392,-0.0007867944,-0.0002797763,0.00012705996,-0.0,0.0,0.0
58.431,0.00043493605,-0.0002797763,-0.00048380526,-0.0,-0.0,0.0
58.473,-0.00017592919,0.0009419542,0.00012705996,3.0552012e-08,5.7062124e-09,-4.1211528e-09
58.493,0.0010458013,-0.0002797763,0.00012705996,-0.0,-0.0,-0.0
58.532,-0.00017592919,0.00033108896,0.00012705996,0.0,-0.0,-0.0
58.573,-0.0007867944,0.00033108896,0.00012705996,9.587761e-09,2.27842e-08,-3.6794356e-09
58.591,-0.00017592919,-0.0002797763,0.00073792523,-0.0,0.0,0.0
58.632,0.0010458013,0.00033108896,0.00073792523,-0.0,-0.0,0.0
58.674,-0.00017592919,-0.0002797763,-0.00048380526,-5.50039e-09,3.4587604e-09,9.511591e-09
58.691,0.00043493605,-0.0002797763,0.00012705996,-0.0,-0.0,-0.0
58.731,-0.0013976597,0.0015528195,0.00012705996,0.0,-0.0,-0.0
58.771,-0.0007867944,-0.00089064153,-0.00048380526,-3.834552e-08,3.3874507e-08,2.0829665e-08
58.810,-0.0007867944,-0.0002797763,0.00073792523,-1.046155e-08,2.9420253e-08,-2.759291e-08
58.831,0.00043493605,0.00033108896,0.00012705996,-0.0,-0.0,0.0
58.871,-0.00017592919,-0.0002797763,-0.0010946705,-1.0734616e-08,6.750151e-09,4.200094e-08
58.893,-0.0007867944,-0.0002797763,0.00012705996,-0.0,0.0,0.0
58.932,0.0010458013,-0.0002797763,-0.00048380526,-0.0,-0.0,0.0
58.972,0.00043493605,0.00033108896,0.00012705996,6.234534e-09,-8.190015e-09,-2.3925886e-09
58.993,0.0010458013,-0.0015015068,0.00012705996,-0.0,-0.0,-0.0
59.032,-0.0013976597,-0.0002797763,-0.00048380526,-0.0,-0.0,0.0
59.072,0.00043493605,-0.0002797763,0.00073792523,-0.0,-0.0,-0.0
59.111,-0.002008525,-0.0015015068,-0.0010946705,-1.3785771e-07,1.8440852e-07,1.005049e-07
59.133,-0.00017592919,0.00033108896,-0.00048380526,-0.0,0.0,0.0
59.174,-0.00017592919,-0.0002797763,-0.00048380526,-0.0,-0.0,0.0
59.211,-0.0007867944,-0.0002797763,0.00012705996,-7.929521e-09,2.2299613e-08,-3.6011796e-09
59.232,-0.00017592919,-0.00089064153,0.00012705996,-0.0,0.0,0.0
59.271,-0.0013976597,0.0009419542,-0.0010946705,-0.0,0.0,0.0
59.311,0.0010458013,-0.00089064153,0.00012705996,-4.1227036e-08,-4.840925e-08,-5.881498e-09
59.330,-0.00017592919,0.00033108896,0.00012705996,0.0,-0.0,-0.0
59.372,-0.002008525,-0.0015015068,0.00012705996,-0.0,0.0,0.0
59.412,0.0016566665,0.0015528195,0.00012705996,1.18494306e-07,-1.2641878e-07,-9.695828e-09
59.432,0.00043493605,-0.00089064153,0.0013487904,-0.0,-0.0,-0.0
59.471,0.0022675318,0.00033108896,0.00012705996,-0.0,-0.0,0.0
59.503,-0.00012950343,-0.0014214833,0.00072387536,-7.6335894e-08,6.954539e-09,-3.8873246e-08
59.531,-0.0007403687,-0.00081061816,-0.0004978552,-0.0,-0.0,0.0
59.570,-0.0013512339,-0.00019975295,0.00011301007,-0.0,0.0,0.0
59.611,-0.0007403687,0.0010219775,0.00011301007,4.3448697e-08,3.1476283e-08,-4.804549e-09
59.631,-0.0007403687,-0.00019975295,0.00072387536,-0.0,0.0,0.0
59.671,-0.0007403687,-0.00081061816,-0.0004978552,-0.0,-0.0,0.0
59.711,-0.00012950343,-0.00081061816,0.00011301007,-2.2538869e-08,3.600784e-09,-3.1421936e-09
59.732,-0.0007403687,-0.00081061816,-0.0004978552,-0.0,-0.0,0.0
59.770,-0.0019620992,-0.00019975295,0.00011301007,-0.0,0.0,0.0
59.810,0.0010922271,0.0004111123,0.00072387536,1.8944258e-08,-5.0330364e-08,-3.3356535e-08
59.851,0.0004813618,0.0004111123,0.00011301007,8.870433e-09,-1.03861835e-08,-2.4383806e-09
59.872,-0.00012950343,0.0010219775,-0.0011087204,-0.0,0.0,0.0
59.920,-0.0007403687,0.0004111123,0.00072387536,1.536821e-08,2.7676482e-08,-2.7059928e-08
59.951,-0.00012950343,-0.00019975295,0.00072387536,-5.1074838e-09,3.3112737e-09,-1.8508771e-08
59.971,0.0017030924,0.0010219775,0.00072387536,-0.0,-0.0,0.0
