timestamp,x,y,z
00.002,0.21787901,6.368771,7.388732
00.015,0.22985038,6.3831367,7.4030976
00.055,0.28731298,6.3927135,7.407886
00.095,0.2753416,6.3544054,7.415069
00.121,0.1987248,6.3927135,7.4030976
00.155,0.2370332,6.3831367,7.371972
00.195,0.29928434,6.395108,7.3384523
00.217,0.26337022,6.3304625,7.3743663
00.256,0.18914771,6.407079,7.431829
00.296,0.22506183,6.402291,7.415069
00.323,0.24182175,6.3472223,7.3647895
00.356,0.23942748,6.3735595,7.362395
00.397,0.28252444,6.3903193,7.434223
00.422,0.20111908,6.378348,7.4653487
00.457,0.22745611,6.407079,7.439012
00.497,0.21309046,6.378348,7.350424
00.522,0.22745611,6.352011,7.3671837
00.555,0.27055305,6.3567996,7.412675
00.597,0.2681588,6.3903193,7.4533772
00.623,0.22745611,6.3831367,7.405492
00.656,0.21069619,6.387925,7.350424
00.699,0.23224466,6.366377,7.3815494
00.722,0.22985038,6.359194,7.4222517
00.757,0.22985038,6.3544054,7.431829
00.797,0.23463893,6.378348,7.393521
00.822,0.25379312,6.342434,7.4246464
00.857,0.2466103,6.3376455,7.431829
00.895,0.21309046,6.361588,7.4414062
00.936,0.23224466,6.3376455,7.431829
00.958,0.21309046,6.352011,7.4174633
00.996,0.21787901,6.3807425,7.4102807
01.034,0.21548474,6.352011,7.4030976
01.061,0.20351335,6.3352513,7.4246464
01.096,0.1987248,6.3927135,7.4605603
01.135,0.26337022,6.3352513,7.415069
01.161,0.23942748,6.282577,7.391126
01.196,0.23942748,6.368771,7.4102807
01.236,0.13168511,6.3352513,7.4461946
01.262,0.22745611,6.30652,7.4605603
01.296,0.23463893,6.3328567,7.434223
01.336,0.21548474,6.3567996,7.405492
01.361,0.20111908,6.3759537,7.431829
01.395,0.16520496,6.3711653,7.405492
01.435,0.20590763,6.344828,7.4270406
01.462,0.2370332,6.3352513,7.4533772
01.495,0.19154198,6.3328567,7.407886
01.537,0.19154198,6.352011,7.415069
01.562,0.21787901,6.3711653,7.4030976
01.595,0.18435916,6.3567996,7.398309
01.629,0.21548474,6.342434,7.431829
01.664,0.23463893,6.316097,7.448589
01.696,0.20111908,6.366377,7.448589
01.735,0.19154198,6.352011,7.4174633
01.762,0.21069619,6.3304625,7.4438004
01.796,0.23224466,6.3400397,7.398309
01.836,0.17478207,6.3352513,7.405492
01.875,0.18914771,6.3400397,7.448589
01.901,0.16520496,6.3831367,7.4414062
01.936,0.21787901,6.3472223,7.415069
01.978,0.1699935,6.316097,7.407886
02.003,0.24421602,6.3328567,7.4174633
02.035,0.17238778,6.344828,7.4174633
02.075,0.1699935,6.349617,7.4461946
02.101,0.13168511,6.3759537,7.4438004
02.135,0.23463893,6.3711653,7.4007034
02.174,0.22506183,6.3208857,7.371972
02.202,0.20590763,6.3352513,7.4366174
02.235,0.18435916,6.3544054,7.4964743
02.276,0.22745611,6.304126,7.4366174
02.302,0.21787901,6.3328567,7.412675
02.336,0.17238778,6.361588,7.3839436
02.378,0.22027329,6.366377,7.439012
02.402,0.21787901,6.316097,7.434223
02.438,0.21309046,6.318491,7.4461946
02.476,0.19633053,6.344828,7.4102807
02.501,0.20111908,6.344828,7.415069
02.535,0.20111908,6.3352513,7.450983
02.576,0.25139886,6.32328,7.434223
02.605,0.22266756,6.3208857,7.439012
02.642,0.20351335,6.3352513,7.448589
02.676,0.17238778,6.3400397,7.412675
02.717,0.22266756,6.3759537,7.467743
02.736,0.18435916,6.325674,7.4414062
02.776,0.27055305,6.280183,7.4533772
02.804,0.3232271,6.344828,7.5323887
02.841,0.11013664,6.3711653,7.5036573
02.875,0.07901107,6.366377,7.3312693
02.915,0.32562137,6.3567996,7.2354984
02.941,0.24900457,6.2777886,7.2977495
02.975,0.25858167,6.3304625,7.5084457
03.015,0.105348095,6.3639827,7.6353426
03.045,0.13168511,6.368771,7.5754857
03.075,0.27055305,6.2969427,7.393521
03.114,0.32801566,6.273,7.290567
03.142,0.20111908,6.32328,7.3384523
03.174,0.13168511,6.407079,7.474926
03.215,0.21787901,6.361588,7.474926
03.242,0.19633053,6.32328,7.4797144
03.277,0.24421602,6.3400397,7.4366174
03.317,0.25139886,6.3280683,7.395915
03.365,0.22266756,6.3280683,7.398309
03.376,0.20111908,6.3400397,7.4414062
03.415,0.20351335,6.3328567,7.4845033
03.442,0.2083019,6.30652,7.4605603
03.481,0.23942748,6.299337,7.4198575
03.515,0.22027329,6.3304625,7.4198575
03.555,0.15562786,6.361588,7.415069
03.581,0.19393626,6.3927135,7.412675
03.615,0.10774237,6.352011,7.4845033
03.655,0.24182175,6.3304625,7.4461946
03.681,0.22745611,6.2538457,7.4701376
03.715,0.23224466,6.273,7.4030976
03.756,0.15083931,6.3544054,7.429435
03.784,0.13168511,6.366377,7.4845033
03.816,0.18435916,6.3113084,7.4222517
03.855,0.20111908,6.318491,7.455772
03.882,0.15802214,6.3376455,7.458166
03.915,0.14605077,6.308914,7.4414062
03.954,0.1340794,6.3352513,7.4821086
03.982,0.16520496,6.352011,7.4797144
04.015,0.15323359,6.261029,7.467743
04.055,0.22266756,6.280183,7.4629545
04.081,0.12689656,6.304126,7.429435
04.116,0.11971374,6.3280683,7.4270406
04.155,0.20590763,6.318491,7.4797144
04.182,0.20351335,6.2753944,7.501263
04.215,0.19393626,6.2945485,7.5036573
04.255,0.11253092,6.325674,7.472532
04.282,0.15323359,6.3280683,7.450983
04.316,0.14126222,6.2777886,7.407886
04.356,0.16041641,6.3137026,7.513234
04.397,0.1987248,6.2682114,7.47732
04.417,0.16759923,6.2753944,7.455772
04.455,0.16041641,6.3328567,7.455772
04.496,0.14365649,6.30652,7.4797144
04.521,0.15562786,6.2945485,7.5084457
04.555,0.18196489,6.2873654,7.491686
04.595,0.12689656,6.2873654,7.4461946
04.621,0.12689656,6.28976,7.458166
04.655,0.1340794,6.2969427,7.4964743
04.695,0.17238778,6.2945485,7.491686
04.721,0.14844504,6.282577,7.4533772
04.757,0.18675344,6.2777886,7.4797144
04.795,0.12210801,6.2969427,7.513234
04.821,0.13168511,6.3208857,7.4653487
04.855,0.12210801,6.280183,7.474926
04.896,0.16281068,6.244269,7.450983
04.922,0.19633053,6.282577,7.474926
04.956,0.14365649,6.301731,7.4964743
04.996,0.10774237,6.30652,7.47732
05.022,0.11971374,6.28976,7.472532
05.060,0.15083931,6.263423,7.4629545
05.094,0.1340794,6.2945485,7.4438004
05.122,0.12450229,6.304126,7.4701376
05.161,0.08858817,6.282577,7.5395713
05.195,0.12929083,6.282577,7.518023
05.235,0.17238778,6.284971,7.4270406
05.261,0.11492519,6.25624,7.448589
05.295,0.06464542,6.32328,7.4629545
05.335,0.11971374,6.299337,7.49408
05.361,0.15562786,6.2706056,7.4988685
05.395,0.17238778,6.265817,7.472532
05.435,0.083799616,6.308914,7.4461946
05.464,0.13647367,6.325674,7.491686
05.497,0.10774237,6.30652,7.474926
05.536,0.12450229,6.318491,7.429435
05.562,0.090982445,6.2969427,7.4198575
05.596,0.10774237,6.304126,7.4533772
05.634,0.13647367,6.30652,7.5276
05.661,0.16041641,6.284971,7.515629
05.695,0.117319465,6.359194,6.9146657
05.736,0.12210801,6.387925,7.5299945
05.761,0.09337672,6.3711653,7.5898514
05.795,0.05027977,6.2538457,7.5754857
05.834,0.10055954,6.2706056,7.4629545
05.861,0.07422252,6.3567996,7.3815494
05.900,0.071828246,6.3137026,7.3312693
05.934,0.057462595,6.28976,7.455772
05.974,0.06464542,6.352011,7.59464
06.000,0.026337024,6.349617,7.398309
06.034,0.105348095,6.2538457,7.3312693
06.073,0.30646718,6.3472223,7.5419655
06.101,0.06943397,6.395108,7.5683026
06.134,-0.045491222,6.2969427,7.5252056
06.174,0.045491222,6.263423,7.5922456
06.200,0.08619389,6.2538457,7.5036573
06.235,0.22506183,6.304126,7.283384
06.280,0.25139886,6.361588,7.142122
06.300,-0.0023942748,6.299337,7.257047
06.335,-0.06943397,6.409474,7.570697
06.374,-0.047885496,6.454965,7.74069
06.400,0.16281068,6.30652,7.5491486
06.434,0.21069619,6.186806,7.290567
06.475,0.071828246,6.359194,7.328875
06.502,-0.023942748,6.447782,7.4174633
06.535,0.0047885496,6.474119,7.3863378
06.576,0.14365649,6.2538457,7.3767605
06.601,0.17717634,6.2346916,7.4629545
06.635,0.12450229,6.3137026,7.5419655
06.674,0.023942748,6.3927135,7.49408
06.701,0.016759925,6.387925,7.412675
06.742,-0.20590763,6.447782,5.6672482
06.775,0.083799616,6.160469,7.860404
06.815,0.2777359,6.3208857,8.12138
06.840,0.071828246,6.2059603,7.556331
06.875,0.023942748,6.3280683,6.9745226
06.913,-0.023942748,6.4429936,7.0607166
06.941,0.03351985,6.4166565,7.4461946
06.974,0.18196489,6.280183,7.735902
07.013,0.22745611,6.244269,7.534783
07.040,0.031125572,6.273,7.379155
07.073,0.07901107,6.3927135,7.345635
07.115,0.0023942748,6.426234,7.4198575
07.141,0.15802214,6.366377,7.4366174
07.174,0.045491222,6.2251143,7.4605603
07.215,0.09577099,6.318491,7.5419655
07.241,0.071828246,6.344828,7.47732
07.274,0.13647367,6.3759537,7.393521
07.314,0.047885496,6.316097,7.388732
07.341,0.08619389,6.342434,7.474926
07.374,0.16759923,6.359194,7.534783
07.415,0.15083931,6.3137026,7.4605603
07.441,0.16759923,6.3352513,7.3743663
07.475,0.076616794,6.316097,7.3384523
07.514,0.15562786,6.411868,7.407886
07.541,0.12929083,6.378348,7.4246464
07.575,0.14605077,6.3137026,7.429435
07.614,0.19393626,6.325674,7.4461946
07.642,0.20590763,6.359194,7.407886
07.681,0.17478207,6.3352513,7.395915
07.715,0.17238778,6.3472223,7.412675
07.754,0.13647367,6.368771,7.4461946
07.780,0.16041641,6.3567996,7.455772
07.817,0.22027329,6.352011,7.4270406
07.854,0.22266756,6.299337,7.405492
07.881,0.14365649,6.3137026,7.412675
07.915,0.19154198,6.385531,7.448589
07.956,0.15562786,6.3328567,7.379155
07.980,0.18914771,6.308914,7.3600006
08.014,0.16281068,6.3328567,7.47732
08.054,0.22985038,6.366377,7.491686
08.080,0.18435916,6.3280683,7.455772
08.114,0.21069619,6.2753944,7.3743663
08.155,0.21309046,6.3544054,7.398309
08.181,0.15562786,6.3735595,7.439012
08.215,0.13886794,6.344828,7.4629545
08.269,0.1987248,6.32328,7.4174633
08.281,0.22266756,6.325674,7.455772
08.319,0.21069619,6.2969427,7.4174633
08.354,0.14605077,6.3831367,7.4102807
08.393,0.10774237,6.359194,7.407886
08.421,0.22985038,6.3544054,7.4246464
08.454,0.21309046,6.325674,7.3767605
08.482,0.19633053,6.3328567,7.412675
08.521,0.15802214,6.366377,7.4102807
08.554,0.15562786,6.3567996,7.448589
08.594,0.15802214,6.342434,7.398309
08.621,0.1699935,6.3544054,7.4030976
08.654,0.1987248,6.344828,7.474926
08.695,0.16520496,6.3328567,7.4461946
08.722,0.22745611,6.3376455,7.4270406
08.754,0.17717634,6.3376455,7.362395
08.795,0.17238778,6.3352513,7.4030976
08.821,0.1987248,6.3544054,7.4414062
08.855,0.16759923,6.3304625,7.4964743
08.894,0.18675344,6.308914,7.450983
08.921,0.19633053,6.3280683,7.412675
08.954,0.18914771,6.3113084,7.4198575
08.995,0.19154198,6.3304625,7.491686
09.024,0.25379312,6.3113084,7.4629545
09.055,0.19393626,6.316097,7.388732
09.094,0.23224466,6.344828,7.309721
09.120,0.1699935,6.3352513,7.369578
09.155,0.13647367,6.3352513,7.4821086
09.194,0.21787901,6.299337,7.573091
09.222,0.2370332,6.2586346,7.534783
09.261,0.25139886,6.2514515,7.412675
09.294,0.15083931,6.2753944,7.388732
09.335,0.1987248,6.2969427,7.491686
09.361,0.14844504,6.2777886,7.5874567
09.395,0.2370332,6.2346916,7.6018224
09.434,0.14844504,6.2251143,7.515629
09.456,0.13647367,6.2682114,7.439012
09.495,0.14126222,6.282577,7.391126
09.536,0.15802214,6.246663,7.467743
09.561,0.15083931,6.2346916,7.5060515
09.594,0.105348095,6.2346916,7.556331
09.635,0.11492519,6.229903,7.6257653
09.663,0.062251143,6.203566,7.5898514
09.695,0.105348095,6.229903,7.5060515
09.734,0.14844504,6.1987777,7.4988685
09.761,0.11971374,6.201172,7.5276
09.795,-0.038308397,6.344828,7.23071
09.835,-0.045491222,6.2873654,7.336058
09.861,0.21069619,6.2346916,7.5754857
09.894,0.12929083,6.1030064,7.8795586
09.934,0.031125572,6.141315,7.6904106
09.960,-0.023942748,6.1700463,7.563514
09.994,-0.028731298,6.2275085,7.5228114
10.033,-0.047885496,6.179623,7.5299945
10.073,0.12929083,6.117372,7.640131
10.100,0.12689656,6.143709,7.6544967
10.134,-0.05027977,6.2275085,7.49408
10.175,-0.045491222,6.158075,7.5228114
10.200,0.071828246,6.229903,7.6736507
10.235,0.08140534,6.203566,7.57788
10.274,0.057462595,6.119766,7.333664
10.300,0.0047885496,6.167652,7.5491486
10.334,-0.11492519,6.2873654,7.7742105
10.374,0.0670397,6.3137026,7.905895
10.401,0.15562786,6.1484976,7.4198575
10.434,0.07422252,5.9856873,7.103813
10.475,0.076616794,6.2969427,7.4198575
10.500,-0.026337024,6.366377,7.7861814
10.535,0.043096945,6.2083545,7.8364615
10.574,0.15562786,6.091035,7.448589
10.601,0.12210801,6.1461034,7.3145094
10.634,0.05027977,6.244269,7.4605603
10.674,-0.08858817,6.299337,7.6281595
10.700,0.028731298,6.241874,7.6185822
10.735,0.16759923,6.1077952,7.515629
10.774,0.12689656,6.1652575,7.4964743
10.800,0.026337024,6.2179317,7.5683026
10.834,-0.0071828244,6.246663,7.623371
10.873,0.090982445,6.2107487,7.599428
10.914,-0.062251143,6.263423,7.1660647
10.940,-0.05506832,6.179623,7.292961
10.975,0.38787252,6.136526,8.253065
11.013,-0.031125572,6.119766,7.721536
11.040,-0.03351985,6.177229,7.2091613
11.074,0.016759925,6.32328,7.075082
11.113,0.016759925,6.2777886,7.5898514
11.140,0.05506832,6.160469,7.8101244
11.174,0.16041641,6.119766,7.7861814
11.214,0.13647367,6.1532865,7.513234
11.240,-0.0047885496,6.244269,7.0966306
11.274,-0.06943397,6.237086,7.2618356
11.315,0.09577099,6.23948,7.8125186
11.340,0.11492519,6.1532865,7.8532214
11.374,0.011971374,6.0862465,7.5515428
11.413,0.13647367,6.1461034,7.5036573
11.440,0.102953814,6.1748347,7.678439
11.474,0.057462595,6.2490573,7.59464
11.514,-0.057462595,6.2059603,7.3576064
11.540,0.0,6.244269,7.391126
11.574,0.102953814,6.1915946,7.6544967
11.614,0.10055954,6.1652575,7.7119594
11.640,-0.016759925,6.2322974,7.491686
11.681,0.035914123,6.160469,7.4246464
11.713,0.15323359,6.1317377,7.6640735
11.754,0.023942748,6.2107487,7.649708
11.780,0.05506832,6.184412,7.553937
11.814,0.0670397,6.1915946,7.4988685
11.854,0.057462595,6.237086,7.49408
11.880,0.045491222,6.2107487,7.467743
11.914,0.07901107,6.1987777,7.553937
11.957,0.08619389,6.2131433,7.597034
11.981,0.07422252,6.1652575,7.5874567
12.014,0.047885496,6.220326,7.5491486
12.054,0.07422252,6.203566,7.501263
12.083,0.071828246,6.177229,7.51084
12.116,0.047885496,6.2083545,7.573091
12.156,0.08858817,6.2155375,7.57788
12.181,0.07422252,6.160469,7.467743
12.215,0.0071828244,6.203566,7.379155
12.255,0.09577099,6.229903,7.7335076
12.281,0.062251143,6.186806,7.738296
12.314,0.06464542,6.167652,7.4868975
12.354,0.04070267,6.22272,7.431829
12.381,0.05027977,6.265817,7.4868975
12.414,0.062251143,6.196383,7.5826683
12.455,0.028731298,6.150892,7.57788
12.481,0.0670397,6.220326,7.5491486
12.515,0.047885496,6.2155375,7.515629
12.554,0.023942748,6.2275085,7.4821086
12.581,-0.0071828244,6.2083545,7.5467544
12.615,0.15083931,6.184412,7.6066113
12.654,0.045491222,6.1724405,7.5850625
12.695,0.0,6.244269,7.56112
12.721,0.05027977,6.2322974,7.6880164
12.754,0.07901107,6.1915946,7.632948
12.794,0.0023942748,6.141315,7.412675
12.822,0.07422252,6.229903,7.379155
12.856,0.14126222,6.2514515,7.5036573
12.895,0.05506832,6.1556807,7.6113997
12.922,0.035914123,6.1820173,7.5874567
12.954,0.11013664,6.2083545,7.553937
12.994,0.098165266,6.1915946,7.4533772
13.021,0.045491222,6.177229,7.4988685
13.055,-0.0023942748,6.2490573,7.6066113
13.094,0.028731298,6.2322974,7.6185822
13.123,0.06464542,6.1700463,7.5299945
13.155,0.11971374,6.141315,7.51084
13.195,0.08140534,6.193989,7.5060515
13.222,0.043096945,6.244269,7.580274
13.256,0.021548472,6.237086,7.5826683
13.294,0.102953814,6.1484976,7.5299945
13.321,0.102953814,6.160469,7.745479
13.354,-0.22506183,6.150892,7.273807
13.394,0.20111908,6.2873654,7.850827
13.434,0.071828246,6.143709,7.82449
13.461,0.011971374,6.0934296,7.4892917
13.494,-0.009577099,6.2059603,7.283384
13.534,-0.0023942748,6.304126,7.4821086
13.561,0.0071828244,6.220326,7.623371
13.595,0.07901107,6.1652575,7.649708
13.634,0.13168511,6.143709,7.6018224
13.661,0.05506832,6.179623,7.5084457
13.694,-0.047885496,6.23948,7.4102807
13.735,0.06464542,6.261029,7.5228114
13.761,0.06943397,6.184412,7.6042166
13.795,0.13168511,6.158075,7.623371
13.835,0.06943397,6.1915946,7.5395713
13.862,0.0023942748,6.237086,7.4964743
13.894,0.031125572,6.241874,7.4797144
13.935,0.09577099,6.179623,7.56112
13.961,0.08619389,6.160469,7.59464
13.994,0.10774237,6.2322974,7.6090055
14.034,-0.30167863,6.079064,7.5754857
14.061,0.16520496,6.2706056,8.133351
14.094,0.19393626,6.2251143,7.8627987
14.135,0.047885496,6.095824,7.1732473
14.162,0.062251143,6.2538457,7.1301503
14.195,-0.009577099,6.342434,7.515629
14.235,0.038308397,6.193989,7.8173075
14.261,0.105348095,6.141315,7.7047763
14.295,0.17478207,6.100612,7.4366174
14.335,-0.016759925,6.237086,7.448589
14.374,-0.057462595,6.3304625,7.5922456
14.401,0.05506832,6.246663,7.5515428
14.434,0.1340794,6.1030064,7.5228114
14.474,0.08858817,6.160469,7.5874567
14.502,0.021548472,6.2538457,7.632948
14.534,-0.014365649,6.2706056,7.518023
14.574,0.047885496,6.203566,7.4438004
14.600,0.076616794,6.179623,7.472532
14.637,0.11013664,6.203566,7.599428
14.674,0.07422252,6.2346916,7.5874567
14.701,0.0071828244,6.2155375,7.5323887
14.735,0.011971374,6.229903,7.513234
14.774,0.011971374,6.1748347,7.5659084
14.801,0.0670397,6.177229,7.613794
14.835,0.0071828244,6.2275085,7.6066113
14.874,0.08619389,6.282577,7.4438004
14.908,-0.026337024,6.196383,7.3576064
14.935,0.11971374,6.241874,7.5323887
14.975,0.009577099,6.1700463,7.623371
15.002,0.0,6.2131433,7.573091
15.035,-0.016759925,6.2179317,7.5874567
15.075,0.11253092,6.2179317,7.534783
15.101,0.031125572,6.179623,7.3743663
15.135,0.035914123,6.1987777,7.369578
15.175,-0.0071828244,6.261029,7.676045
15.202,0.0023942748,6.25624,7.7478733
15.236,0.04070267,6.177229,7.5659084
15.275,0.07422252,6.193989,7.395915
15.315,0.0,6.2706056,7.5252056
15.337,-0.031125572,6.2706056,7.5754857
15.378,0.057462595,6.2107487,7.620977
15.416,0.08140534,6.1532865,7.4821086
15.443,0.016759925,6.1987777,7.472532
15.476,0.023942748,6.2586346,7.5228114
15.516,-0.0047885496,6.237086,7.563514
15.542,0.028731298,6.2107487,7.56112
15.577,0.04070267,6.193989,7.5036573
15.615,0.057462595,6.244269,7.5228114
15.642,0.0023942748,6.201172,7.5443597
15.678,0.016759925,6.2059603,7.56112
15.717,0.028731298,6.2586346,7.5467544
15.742,0.028731298,6.2251143,7.515629
15.776,0.011971374,6.184412,7.513234
15.817,0.026337024,6.241874,7.57788
15.842,-0.11971374,6.3352513,8.028004
15.875,-0.031125572,6.265817,7.5754857
15.915,-0.009577099,6.23948,7.57788
15.942,0.062251143,6.229903,7.458166
15.975,0.045491222,6.2155375,7.4222517
16.014,0.011971374,6.203566,7.6042166
16.055,0.052674048,6.23948,7.640131
16.082,0.07422252,6.2059603,7.51084
16.116,0.028731298,6.167652,7.4701376
16.145,0.014365649,6.2179317,7.515629
16.176,0.009577099,6.241874,7.5659084
16.215,0.12929083,6.2083545,7.553937
16.255,0.011971374,6.1556807,7.51084
16.282,-0.019154198,6.244269,7.57788
16.315,-0.021548472,6.2586346,7.6018224
16.356,0.06943397,6.1700463,7.5491486
16.382,0.09577099,6.1724405,7.534783
16.415,0.043096945,6.203566,7.5467544
16.455,-0.028731298,6.2083545,7.5515428
16.482,0.07422252,6.229903,7.5467544
16.516,0.090982445,6.186806,7.5084457
16.556,0.05506832,6.177229,7.5060515
16.583,0.0023942748,6.2322974,7.5443597
16.615,0.035914123,6.229903,7.6018224
16.656,0.0670397,6.1892004,7.553937
16.683,0.052674048,6.1700463,7.5467544
16.717,0.045491222,6.186806,7.5467544
16.757,-0.014365649,6.2251143,7.5443597
16.782,0.009577099,6.241874,7.5419655
16.816,0.035914123,6.1987777,7.5587254
16.855,0.0670397,6.1532865,7.56112
16.882,0.08140534,6.201172,7.5754857
16.922,0.014365649,6.1892004,7.563514
16.958,0.019154198,6.1915946,7.5515428
16.983,0.045491222,6.2083545,7.57788
17.016,0.076616794,6.193989,7.553937
17.055,0.031125572,6.2059603,7.5467544
17.097,0.06464542,6.246663,7.5683026
17.121,0.009577099,6.167652,7.556331
17.155,0.08619389,6.1915946,7.573091
17.185,0.05506832,6.220326,7.5754857
17.223,0.06943397,6.184412,7.5587254
17.256,0.06464542,6.167652,7.5443597
17.295,0.05027977,6.2251143,7.5587254
17.322,0.011971374,6.241874,7.5826683
17.357,0.043096945,6.1915946,7.56112
17.397,0.05506832,6.196383,7.5036573
17.422,0.057462595,6.2059603,7.518023
17.457,0.026337024,6.1987777,7.59464
17.496,0.045491222,6.220326,7.6305537
17.522,0.03351985,6.1820173,7.573091
17.556,0.076616794,6.186806,7.5060515
17.597,0.0047885496,6.1700463,7.5036573
17.622,0.05506832,6.2179317,7.56112
17.658,0.04070267,6.184412,7.6018224
17.696,0.090982445,6.1748347,7.57788
17.722,0.05027977,6.2131433,7.4988685
17.756,0.014365649,6.22272,7.515629
17.796,0.011971374,6.193989,7.5659084
17.824,0.07901107,6.196383,7.5874567
17.857,0.06464542,6.184412,7.5683026
17.896,-0.0023942748,6.1892004,7.5060515
17.926,0.031125572,6.23948,7.491686
17.962,0.019154198,6.2322974,7.563514
17.995,0.026337024,6.177229,7.597034
18.036,0.05985687,6.2275085,7.599428
18.061,0.043096945,6.2322974,7.4988685
18.095,0.04070267,6.201172,7.47732
18.135,0.038308397,6.2059603,7.5515428
18.162,0.019154198,6.25624,7.6066113
18.195,-0.035914123,6.1077952,7.151699
18.236,-0.27055305,6.1987777,7.398309
18.262,0.25379312,6.402291,8.044764
18.294,0.026337024,6.1484976,8.190814
18.335,-0.014365649,6.0431495,7.3432407
18.361,-0.0670397,6.2155375,7.0894475
18.395,-0.019154198,6.3567996,7.405492
18.434,-0.009577099,6.136526,7.7574506
18.461,0.12210801,6.0766697,7.85801
18.495,0.090982445,6.203566,7.7742105
18.535,0.043096945,6.2275085,7.5922456
18.575,-0.06464542,6.2083545,7.161276
18.601,-0.057462595,6.244269,7.1133904
18.636,0.052674048,6.265817,7.51084
18.663,0.098165266,6.179623,7.7861814
18.702,0.09337672,6.1317377,7.7861814
18.735,0.105348095,6.1915946,7.4964743
18.775,-0.026337024,6.237086,7.328875
18.803,0.021548472,6.2490573,7.4198575
18.835,0.062251143,6.196383,7.6090055
18.875,0.090982445,6.1724405,7.680834
18.901,0.045491222,6.1556807,7.5874567
18.935,0.08140534,6.196383,7.5084457
18.975,0.021548472,6.2322974,7.4964743
19.001,0.019154198,6.196383,7.520417
19.034,0.047885496,6.179623,7.59464
19.075,0.07422252,6.167652,7.6066113
19.102,0.05506832,6.1748347,7.5659084
19.137,0.03351985,6.2179317,7.5084457
19.177,0.07422252,6.2251143,7.5084457
19.202,0.071828246,6.2083545,7.537177
19.237,0.076616794,6.2083545,7.59464
19.276,0.038308397,6.186806,7.5898514
19.302,0.057462595,6.186806,7.57788
19.337,0.062251143,6.1915946,7.513234
19.376,0.102953814,6.196383,7.7742105
19.416,-0.019154198,6.229903,7.4461946
19.442,0.20590763,6.3137026,7.7143536
19.476,-0.028731298,6.1556807,7.680834
19.516,0.10774237,6.119766,7.3216925
19.536,0.090982445,6.177229,7.3480296
19.575,0.028731298,6.263423,7.7167478
19.616,-0.011971374,6.177229,7.6688623
19.642,0.1340794,6.184412,7.4701376
19.675,0.05985687,6.1628633,7.4102807
19.717,0.083799616,6.1915946,7.5515428
19.742,-0.0670397,6.2083545,7.6090055
19.775,-0.0023942748,6.284971,7.623371
19.815,0.071828246,6.1700463,7.4797144
19.843,0.12210801,6.122161,7.4821086
19.877,0.06943397,6.1915946,7.580274
19.915,-0.0047885496,6.265817,7.632948
19.941,0.011971374,6.201172,7.5754857
19.974,0.0670397,6.138921,7.4821086
20.015,0.05985687,6.196383,7.5419655
20.041,0.016759925,6.241874,7.580274
20.076,0.023942748,6.193989,7.6042166
20.114,0.06943397,6.1652575,7.556331
20.141,0.07422252,6.2083545,7.537177
20.175,0.028731298,6.2251143,7.513234
20.215,0.016759925,6.2107487,7.5443597
20.243,0.026337024,6.1987777,7.613794
20.281,0.10055954,6.177229,7.6042166
20.315,0.047885496,6.1892004,7.5276
20.355,0.0,6.229903,7.5084457
20.382,0.028731298,6.241874,7.5587254
20.415,0.07422252,6.1628633,7.5826683
20.457,0.06464542,6.177229,7.5659084
20.482,0.05506832,6.22272,7.5299945
20.516,0.026337024,6.201172,7.5060515
20.555,0.0,6.2322974,7.563514
20.582,0.009577099,6.2251143,7.599428
20.616,0.098165266,6.1892004,7.520417
20.656,0.057462595,6.1700463,7.5395713
20.681,0.011971374,6.2322974,7.573091
20.716,0.076616794,6.246663,7.556331
20.758,0.028731298,6.1724405,7.518023
20.781,0.071828246,6.2155375,7.537177
20.814,0.04070267,6.2059603,7.5491486
20.855,0.0670397,6.203566,7.534783
20.882,0.057462595,6.186806,7.556331
20.915,0.035914123,6.2083545,7.5467544
20.955,0.07422252,6.179623,7.5491486
20.982,0.0670397,6.1820173,7.5419655
21.022,0.035914123,6.201172,7.5587254
21.054,0.026337024,6.201172,7.5323887
21.094,0.083799616,6.196383,7.534783
21.123,0.076616794,6.186806,7.556331
21.155,0.076616794,6.1748347,7.599428
21.197,0.038308397,6.2322974,7.537177
21.222,0.026337024,6.201172,7.5323887
21.257,0.043096945,6.2059603,7.5491486
21.296,0.083799616,6.1915946,7.563514
21.317,0.047885496,6.167652,7.57788
21.359,0.052674048,6.1987777,7.5587254
21.395,0.045491222,6.1987777,7.51084
21.421,0.04070267,6.2179317,7.5443597
21.455,0.047885496,6.201172,7.5826683
21.497,0.08140534,6.196383,7.5587254
21.522,0.05985687,6.2131433,7.56112
21.558,0.08140534,6.1892004,7.5419655
21.596,0.035914123,6.1892004,7.5323887
21.622,0.076616794,6.2059603,7.5395713
21.654,0.038308397,6.1820173,7.5922456
21.697,0.03351985,6.196383,7.6066113
21.721,0.052674048,6.1987777,7.5491486
21.756,0.0670397,6.1820173,7.51084
21.795,0.011971374,6.1820173,7.580274
21.823,-0.083799616,6.119766,7.82449
21.855,0.29210153,6.25624,7.491686
21.894,-0.10055954,6.1748347,7.6616793
21.934,0.05027977,6.1532865,7.3743663
21.961,0.09337672,6.1892004,7.4653487
21.994,0.071828246,6.1892004,7.7694216
22.034,0.0047885496,6.186806,7.7047763
22.061,0.098165266,6.1748347,7.388732
22.094,0.06464542,6.1269493,7.290567
22.135,0.04070267,6.244269,7.6736507
22.160,0.031125572,6.2322974,7.7694216
22.194,0.15323359,6.158075,7.5898514
22.234,0.062251143,6.143709,7.450983
22.261,0.083799616,6.237086,7.458166
22.295,-0.009577099,6.229903,7.580274
22.335,0.06464542,6.1724405,7.6113997
22.361,0.083799616,6.1748347,7.5922456
22.394,0.08619389,6.167652,7.537177
22.436,0.028731298,6.2179317,7.5228114
22.462,0.028731298,6.2251143,7.5515428
22.494,0.04070267,6.193989,7.5419655
22.535,0.07901107,6.186806,7.5419655
22.562,0.090982445,6.184412,7.5419655
22.597,0.019154198,6.196383,7.56112
22.636,-0.016759925,6.220326,7.5515428
22.663,0.11013664,6.1987777,7.5587254
22.696,0.083799616,6.117372,7.553937
22.735,0.014365649,6.2322974,7.597034
22.775,-0.021548472,6.246663,7.51084
22.796,-0.0023942748,6.2131433,7.5036573
22.836,0.10774237,6.160469,7.5228114
22.863,0.08858817,6.1461034,7.6066113
22.901,0.04070267,6.203566,7.6113997
22.935,0.016759925,6.2251143,7.5515428
22.980,0.04070267,6.2059603,7.4797144
22.997,0.038308397,6.1700463,7.4892917
23.035,0.076616794,6.186806,7.6113997
23.075,0.08140534,6.160469,7.637737
23.101,0.0,6.193989,7.5826683
23.136,0.035914123,6.2275085,7.5036573
23.177,0.15562786,6.203566,8.197997
23.202,-0.076616794,6.0862465,7.59464
23.236,0.23942748,6.3376455,7.336058
23.275,-0.090982445,6.2059603,7.623371
23.303,-0.05985687,6.122161,7.5060515
23.335,0.14365649,6.1628633,7.407886
23.375,0.06943397,6.23948,7.7574506
23.401,0.0071828244,6.229903,7.848433
23.436,0.016759925,6.1652575,7.513234
23.475,0.05506832,6.179623,7.2785954
23.502,0.021548472,6.2346916,7.4892917
23.535,0.03351985,6.2586346,7.738296
23.576,0.083799616,6.1293435,7.6090055
23.603,0.12689656,6.138921,7.5252056
23.636,0.05506832,6.2346916,7.4701376
23.676,-0.057462595,6.2538457,7.5036573
23.715,0.07422252,6.23948,7.563514
23.736,0.10055954,6.1892004,7.553937
23.777,0.10055954,6.1820173,7.5898514
23.815,-0.028731298,6.246663,7.537177
23.842,0.028731298,6.2682114,7.49408
23.877,0.011971374,6.2179317,7.4892917
23.916,0.08140534,6.160469,7.553937
23.942,0.05506832,6.201172,7.6018224
23.978,0.076616794,6.241874,7.59464
24.015,-0.016759925,6.2131433,7.5252056
24.041,0.045491222,6.2275085,7.49408
24.075,0.062251143,6.193989,7.49408
24.117,0.014365649,6.203566,7.56112
24.141,0.026337024,6.2490573,7.580274
24.175,0.019154198,6.2346916,7.5683026
24.217,0.083799616,6.184412,7.5299945
24.242,0.076616794,6.203566,7.5228114
24.278,0.0670397,6.203566,7.5683026
24.309,0.0,6.237086,7.5467544
24.342,0.021548472,6.241874,7.513234
24.376,0.021548472,6.2322974,7.4845033
24.416,0.07901107,6.203566,7.501263
24.442,0.045491222,6.246663,7.49408
24.476,0.047885496,6.246663,7.5419655
24.515,0.009577099,6.261029,7.5467544
24.543,0.019154198,6.241874,7.5084457
24.578,0.052674048,6.229903,7.455772
24.616,0.04070267,6.2251143,7.5395713
24.657,0.043096945,6.265817,7.56112
24.682,0.026337024,6.2322974,7.5587254
24.716,0.04070267,6.2322974,7.4868975
24.756,0.035914123,6.2777886,7.4845033
24.782,0.0,6.263423,7.5060515
24.817,0.057462595,6.2322974,7.5276
24.856,0.052674048,6.229903,7.573091
24.882,0.016759925,6.2251143,7.56112
24.915,0.043096945,6.2346916,7.4964743
24.957,0.023942748,6.229903,7.458166
24.982,-0.0047885496,6.241874,7.51084
25.015,0.06943397,6.246663,7.5587254
25.056,0.035914123,6.201172,7.5587254
25.081,0.08140534,6.22272,7.537177
25.120,0.028731298,6.23948,7.5084457
25.156,0.0047885496,6.229903,7.513234
25.182,0.05506832,6.2275085,7.5419655
25.216,0.035914123,6.2322974,7.5395713
25.257,0.035914123,6.2322974,7.5276
25.282,0.014365649,6.2155375,7.515629
25.316,0.026337024,6.2490573,7.534783
25.355,0.062251143,6.261029,7.513234
25.397,0.011971374,6.2131433,7.4845033
25.416,0.011971374,6.2251143,7.491686
25.455,0.03351985,6.244269,7.5491486
25.495,0.028731298,6.2275085,7.556331
25.525,0.026337024,6.2514515,7.534783
25.555,0.026337024,6.25624,7.501263
25.596,0.05985687,6.196383,7.4988685
25.622,0.06464542,6.220326,7.5323887
25.656,0.028731298,6.23948,7.56112
25.695,0.0071828244,6.237086,7.518023
25.722,0.035914123,6.2322974,7.4988685
25.757,0.035914123,6.2251143,7.5060515
25.796,0.05027977,6.2179317,7.534783
25.823,0.009577099,6.2059603,7.5395713
25.858,0.05027977,6.25624,7.5036573
25.895,-0.0023942748,6.2251143,7.4845033
25.921,0.045491222,6.229903,7.5299945
25.957,0.016759925,6.2155375,7.5850625
25.989,0.031125572,6.23948,7.5252056
26.023,0.028731298,6.2131433,7.4988685
26.055,-0.019154198,6.244269,7.515629
26.096,0.090982445,6.244269,7.4892917
26.123,0.031125572,6.2059603,7.4868975
26.156,0.011971374,6.22272,7.537177
26.197,-0.021548472,6.246663,7.597034
26.223,0.028731298,6.263423,7.5491486
26.257,0.038308397,6.2251143,7.491686
26.296,0.011971374,6.2514515,7.474926
26.337,0.014365649,6.2514515,7.4964743
26.357,0.019154198,6.23948,7.5276
26.395,0.026337024,6.246663,7.5443597
26.437,0.05027977,6.23948,7.518023
26.462,0.023942748,6.2131433,7.4988685
26.496,-0.021548472,6.263423,7.515629
26.537,-0.026337024,6.280183,7.4988685
26.563,0.023942748,6.2131433,7.5036573
26.595,0.047885496,6.1987777,7.5443597
26.637,0.009577099,6.25624,7.5491486
26.662,-0.035914123,6.273,7.51084
26.697,-0.028731298,6.2490573,7.4605603
26.736,0.057462595,6.2131433,7.4701376
26.762,0.011971374,6.237086,7.515629
26.795,0.019154198,6.244269,7.5467544
26.835,-0.026337024,6.22272,7.5659084
26.863,-0.076616794,6.2586346,7.4438004
26.898,0.035914123,6.241874,7.4605603
26.935,0.0047885496,6.2083545,7.5395713
26.966,-0.038308397,6.2514515,7.573091
26.997,-0.019154198,6.263423,7.5299945
27.036,0.009577099,6.244269,7.4461946
27.074,-0.026337024,6.229903,7.4988685
27.101,0.03351985,6.246663,7.5515428
27.137,0.071828246,6.186806,7.5754857
27.175,0.026337024,6.1820173,7.513234
27.201,-0.13886794,6.304126,7.5228114
27.237,-0.090982445,6.3759537,7.4892917
27.276,0.028731298,6.179623,7.407886
27.302,0.15083931,6.138921,7.637737
27.336,0.023942748,6.177229,7.6353426
27.375,-0.102953814,6.352011,7.6257653
27.403,-0.17238778,6.32328,7.520417
27.436,-0.038308397,6.263423,7.388732
27.476,0.009577099,6.201172,7.450983
27.503,0.045491222,6.2706056,7.5443597
27.537,-0.06943397,6.2682114,7.6616793
27.579,-0.06943397,6.2490573,7.5515428
27.602,-0.043096945,6.2155375,7.4629545
27.637,-0.016759925,6.2346916,7.4533772
27.676,-0.03351985,6.2346916,7.4653487
27.702,-0.038308397,6.2131433,7.534783
27.736,-0.043096945,6.2490573,7.56112
27.775,-0.031125572,6.23948,7.5276
27.803,-0.05027977,6.2179317,7.4868975
27.837,-0.038308397,6.2514515,7.474926
27.878,-0.04070267,6.2514515,7.51084
27.916,-0.05027977,6.2322974,7.5060515
27.941,-0.035914123,6.2346916,7.4964743
27.976,-0.019154198,6.2251143,7.518023
28.014,-0.098165266,6.2706056,7.49408
28.041,-0.04070267,6.2131433,7.455772
28.075,-0.021548472,6.244269,7.5395713
28.114,-0.13647367,6.241874,7.556331
28.141,-0.071828246,6.2538457,7.537177
28.175,-0.071828246,6.244269,7.491686
28.216,-0.062251143,6.2275085,7.4701376
28.241,-0.0071828244,6.177229,7.6113997
28.275,0.05985687,6.1915946,7.8268843
28.314,-0.08140534,6.241874,7.3767605
28.341,-0.12450229,6.265817,7.249864
28.374,-0.07901107,6.3352513,7.3815494
28.414,-0.0670397,6.22272,7.637737
28.441,-0.019154198,6.1915946,7.6640735
28.475,0.047885496,6.1915946,7.570697
28.514,-0.047885496,6.25624,7.4366174
28.541,-0.06464542,6.2682114,7.4246464
28.581,-0.08140534,6.2706056,7.5252056
28.614,0.0071828244,6.2538457,7.556331
28.655,0.016759925,6.201172,7.5323887
28.681,-0.026337024,6.22272,7.5323887
28.715,-0.083799616,6.28976,7.5276
28.754,-0.07901107,6.280183,7.501263
28.782,-0.026337024,6.263423,7.47732
28.814,-0.019154198,6.2083545,7.4892917
28.855,-0.043096945,6.246663,7.5443597
28.881,-0.045491222,6.299337,7.537177
28.916,-0.05027977,6.282577,7.501263
28.955,-0.043096945,6.2514515,7.429435
28.983,0.0,6.265817,7.4821086
29.014,0.04070267,6.25624,7.49408
29.054,-0.016759925,6.22272,7.5060515
29.081,0.023942748,6.2706056,7.4892917
29.115,-0.035914123,6.25624,7.491686
29.155,-0.102953814,6.318491,7.4701376
29.182,-0.076616794,6.2538457,7.391126
29.215,0.038308397,6.246663,7.563514
29.256,-0.026337024,6.2490573,7.5874567
29.281,-0.05027977,6.282577,7.47732
29.315,-0.05506832,6.301731,7.429435
29.355,-0.031125572,6.273,7.4366174
29.381,-0.057462595,6.2346916,7.4414062
29.421,-0.028731298,6.265817,7.5754857
29.457,-0.05985687,6.2777886,7.5395713
29.495,-0.043096945,6.237086,7.4174633
29.522,-0.06464542,6.2586346,7.4461946
29.555,-0.07422252,6.301731,7.5299945
29.594,0.0,6.23948,7.57788
29.621,-0.0023942748,6.229903,7.5276
29.654,-0.05985687,6.2514515,7.4821086
29.694,-0.06943397,6.2969427,7.467743
29.722,-0.09337672,6.308914,7.429435
29.754,-0.09577099,6.273,7.391126
29.795,0.0071828244,6.220326,7.5419655
29.821,-0.0023942748,6.193989,7.6305537
29.855,-0.08140534,6.2514515,7.5587254
29.894,-0.10055954,6.263423,7.439012
29.922,-0.105348095,6.246663,7.431829
29.954,-0.052674048,6.244269,7.5683026
29.994,-0.021548472,6.2251143,7.580274
30.020,-0.062251143,6.2155375,7.537177
30.054,-0.090982445,6.241874,7.448589
30.094,-0.07901107,6.2586346,7.5228114
30.121,-0.045491222,6.2179317,7.597034
30.154,-0.05506832,6.201172,7.57788
30.194,-0.057462595,6.229903,7.4366174
30.221,-0.11492519,6.237086,7.4629545
30.261,-0.098165266,6.2155375,7.59464
30.294,-0.07422252,6.2083545,7.6305537
30.335,-0.06464542,6.2490573,7.4797144
30.361,-0.102953814,6.2131433,7.412675
30.394,-0.09577099,6.179623,7.5491486
30.434,-0.07901107,6.2538457,7.721536
30.461,-0.083799616,6.1987777,7.745479
30.495,0.043096945,6.246663,7.3767605
30.535,-0.117319465,6.2490573,7.185219
30.561,-0.12689656,6.316097,7.3408465
30.594,-0.052674048,6.299337,7.6185822
30.635,-0.016759925,6.179623,7.7071705
30.659,0.0047885496,6.201172,7.59464
30.695,-0.028731298,6.241874,7.407886
30.735,-0.12450229,6.30652,7.415069
30.762,-0.105348095,6.299337,7.4821086
30.795,-0.071828246,6.2490573,7.573091
30.836,0.019154198,6.167652,7.5587254
30.864,-0.016759925,6.2251143,7.5036573
30.895,-0.098165266,6.2753944,7.4366174
30.935,-0.11013664,6.265817,7.458166
30.961,-0.035914123,6.2586346,7.4868975
30.995,-0.043096945,6.22272,7.537177
31.034,-0.016759925,6.2514515,7.5587254
31.062,-0.07901107,6.261029,7.4964743
31.095,-0.07422252,6.2538457,7.4701376
31.136,-0.028731298,6.263423,7.5084457
31.175,-0.05506832,6.25624,7.5683026
31.202,-0.038308397,6.263423,7.515629
31.235,-0.04070267,6.220326,7.4701376
31.275,-0.045491222,6.2682114,7.474926
31.296,-0.05985687,6.2777886,7.4988685
31.335,-0.052674048,6.2538457,7.5323887
31.374,-0.05985687,6.2322974,7.534783
31.402,-0.047885496,6.263423,7.5276
31.438,-0.04070267,6.2514515,7.4964743
31.478,-0.08140534,6.2251143,7.5060515
31.501,-0.083799616,6.2586346,7.5276
31.536,-0.011971374,6.244269,7.5419655
31.576,-0.076616794,6.2083545,7.4988685
31.602,-0.06464542,6.2586346,7.4988685
31.635,-0.071828246,6.273,7.5252056
31.676,-0.052674048,6.2538457,7.49408
31.701,-0.052674048,6.2490573,7.5036573
31.737,-0.057462595,6.2514515,7.5036573
31.776,-0.0023942748,6.229903,7.4868975
31.802,-0.031125572,6.2275085,7.501263
31.835,-0.043096945,6.263423,7.51084
31.876,-0.0670397,6.2490573,7.5060515
31.901,-0.038308397,6.244269,7.4892917
31.942,-0.045491222,6.220326,7.537177
31.975,-0.083799616,6.2706056,7.5228114
32.014,-0.047885496,6.241874,7.491686
32.041,-0.021548472,6.246663,7.4821086
32.075,-0.014365649,6.23948,7.49408
32.114,-0.023942748,6.241874,7.5252056
32.136,-0.057462595,6.25624,7.5419655
32.175,-0.047885496,6.2490573,7.5228114
32.215,-0.021548472,6.2251143,7.4797144
32.241,0.011971374,6.2538457,7.515629
32.275,-0.06464542,6.2346916,7.5419655
32.316,-0.035914123,6.263423,7.51084
32.342,-0.028731298,6.2490573,7.518023
32.375,0.0,6.2275085,7.5036573
32.416,0.0071828244,6.1915946,7.5060515
32.442,-0.057462595,6.246663,7.5395713
32.477,-0.07422252,6.2753944,7.5467544
32.516,-0.045491222,6.263423,7.4988685
32.541,-0.019154198,6.2275085,7.4701376
32.576,0.0071828244,6.2322974,7.4821086
32.617,-0.03351985,6.241874,7.513234
32.641,-0.07901107,6.2682114,7.5228114
32.676,-0.009577099,6.2969427,7.513234
32.715,-0.021548472,6.246663,7.474926
32.741,-0.011971374,6.2586346,7.4845033
32.778,-0.019154198,6.244269,7.5084457
32.818,-0.043096945,6.2275085,7.4964743
32.842,-0.023942748,6.325674,7.307327
32.882,-0.028731298,6.2251143,7.5036573
32.914,0.083799616,6.2706056,7.649708
32.955,-0.12929083,6.2490573,7.5683026
32.980,-0.17238778,6.282577,7.3025384
33.013,-0.17717634,6.3831367,7.2378926
33.054,-0.15083931,6.368771,7.474926
33.080,-0.090982445,6.280183,7.5467544
33.114,0.028731298,6.2322974,7.556331
33.155,0.011971374,6.237086,7.4653487
33.181,-0.098165266,6.2753944,7.472532
33.215,-0.14605077,6.3639827,7.472532
33.254,-0.09577099,6.3113084,7.4222517
33.281,-0.021548472,6.2777886,7.429435
33.314,0.009577099,6.2322974,7.537177
33.354,-0.09577099,6.299337,7.5467544
33.381,-0.06943397,6.301731,7.4605603
33.413,-0.105348095,6.28976,7.4653487
33.454,-0.043096945,6.2945485,7.448589
33.480,-0.07901107,6.2514515,7.467743
33.514,-0.03351985,6.2753944,7.51084
33.556,-0.08619389,6.3208857,7.534783
33.581,-0.08140534,6.3304625,7.4414062
33.615,-0.11253092,6.2969427,7.3384523
33.654,-0.052674048,6.2155375,7.5683026
33.695,-0.016759925,6.3304625,7.5443597
33.717,-0.08858817,6.318491,7.455772
33.755,-0.07422252,6.2873654,7.355212
33.794,-0.08858817,6.325674,7.4605603
33.822,-0.08619389,6.325674,7.501263
33.853,-0.09337672,6.282577,7.520417
33.894,-0.07422252,6.28976,7.51084
33.920,-0.043096945,6.2682114,7.515629
33.954,-0.117319465,6.301731,7.4007034
33.994,-0.15083931,6.3208857,7.3576064
34.020,-0.05027977,6.2682114,7.520417
34.054,0.019154198,6.2346916,7.6449194
34.093,-0.047885496,6.241874,7.4438004
34.120,-0.11971374,6.3280683,7.3145094
34.154,-0.22266756,6.3735595,7.336058
34.193,0.019154198,6.263423,7.6305537
34.220,0.035914123,6.2251143,7.6712565
34.254,-0.08858817,6.263423,7.467743
34.294,-0.08140534,6.3472223,7.4030976
34.321,-0.08140534,6.344828,7.450983
34.354,-0.11492519,6.284971,7.4246464
34.394,-0.071828246,6.2538457,7.4533772
34.421,-0.05027977,6.299337,7.51084
34.461,-0.09337672,6.28976,7.5036573
34.494,-0.05985687,6.280183,7.4868975
34.534,-0.071828246,6.263423,7.4270406
34.561,-0.076616794,6.2753944,7.434223
34.595,-0.11253092,6.284971,7.4821086
34.633,0.05506832,6.2155375,7.8125186
34.661,-0.019154198,6.25624,7.537177
34.695,-0.15802214,6.280183,7.21395
34.734,-0.06464542,6.368771,7.336058
34.760,-0.05027977,6.3137026,7.5754857
34.794,-0.0047885496,6.23948,7.6640735
34.835,0.0047885496,6.237086,7.5060515
34.861,-0.031125572,6.2753944,7.3839436
34.894,-0.11492519,6.308914,7.371972
34.934,-0.05985687,6.32328,7.4845033
34.961,-0.019154198,6.23948,7.5299945
34.995,-0.15562786,6.308914,7.5036573
35.033,0.0047885496,6.2538457,7.47732
35.060,0.038308397,6.265817,7.6113997
35.094,-0.11971374,6.301731,7.518023
35.134,-0.16041641,6.352011,7.3576064
35.161,-0.06464542,6.304126,7.391126
35.194,-0.06464542,6.2753944,7.4892917
35.234,-0.03351985,6.32328,7.5228114
35.274,-0.11013664,6.282577,7.4892917
35.301,-0.076616794,6.299337,7.4438004
35.334,-0.090982445,6.25624,7.4461946
35.374,-0.05985687,6.3304625,7.4653487
35.400,-0.05985687,6.30652,7.4701376
35.434,-0.071828246,6.2969427,7.4653487
35.474,-0.083799616,6.3208857,7.4821086
35.501,-0.090982445,6.32328,7.4246464
35.534,-0.08619389,6.352011,7.350424
35.574,-0.090982445,6.318491,7.4605603
35.600,-0.102953814,6.3137026,7.4629545
35.633,-0.06464542,6.282577,7.4366174
35.675,-0.057462595,6.2682114,7.4533772
35.700,-0.105348095,6.2753944,7.491686
35.735,-0.06943397,6.304126,7.5659084
35.774,-0.06943397,6.308914,7.5036573
35.800,-0.11253092,6.301731,7.3192983
35.833,-0.12450229,6.308914,7.3145094
35.874,-0.102953814,6.3328567,7.5252056
35.900,-0.076616794,6.30652,7.534783
35.934,-0.035914123,6.2969427,7.4797144
35.974,-0.05985687,6.2777886,7.391126
36.000,-0.071828246,6.299337,7.439012
36.034,-0.13886794,6.3304625,7.439012
36.073,-0.076616794,6.3137026,7.448589
36.114,-0.047885496,6.2969427,7.47732
36.140,-0.06943397,6.2777886,7.4868975
36.174,-0.10774237,6.318491,7.455772
36.214,-0.12929083,6.3208857,7.4366174
36.241,-0.08619389,6.359194,7.4533772
36.274,-0.12210801,6.3328567,7.4270406
36.313,-0.06464542,6.308914,7.467743
36.340,-0.083799616,6.3113084,7.49408
36.374,-0.062251143,6.3639827,7.448589
36.414,-0.090982445,6.2682114,7.439012
36.440,-0.062251143,6.2873654,7.4845033
36.473,-0.062251143,6.402291,7.4174633
36.515,-0.17238778,6.3304625,7.355212
36.541,-0.12689656,6.32328,7.429435
36.574,-0.009577099,6.3328567,7.5228114
36.614,-0.08858817,6.2969427,7.4222517
36.641,-0.08619389,6.304126,7.405492
36.674,-0.09337672,6.3137026,7.51084
36.714,-0.057462595,6.3352513,7.5515428
36.741,-0.05027977,6.3544054,7.355212
36.773,-0.18435916,6.325674,7.2378926
36.815,-0.08140534,6.3903193,7.5395713
36.841,0.038308397,6.32328,7.649708
36.874,-0.052674048,6.220326,7.4366174
36.914,-0.011971374,6.30652,7.3216925
36.953,-0.102953814,6.3735595,7.3839436
36.981,-0.06464542,6.3544054,7.4007034
37.013,-0.05985687,6.2586346,7.3408465
37.055,-0.038308397,6.407079,7.56112
37.081,-0.23224466,6.2322974,7.6353426
37.115,-0.08858817,6.2682114,7.599428
37.154,-0.062251143,6.299337,7.537177
37.181,-0.06943397,6.2706056,7.448589
37.215,-0.083799616,6.284971,7.398309
37.255,-0.11492519,6.352011,7.4007034
37.281,-0.15562786,6.3759537,7.3815494
37.314,0.031125572,6.3567996,7.3145094
37.355,-0.117319465,6.2490573,7.398309
37.381,-0.12689656,6.265817,7.47732
37.416,-0.11013664,6.344828,7.6018224
37.455,-0.17717634,6.2753944,7.5443597
37.481,-0.11971374,6.273,7.434223
37.514,-0.117319465,6.32328,7.405492
37.557,-0.062251143,6.3113084,7.474926
37.583,-0.031125572,6.301731,7.472532
37.617,-0.08858817,6.263423,7.4629545
37.654,-0.1699935,6.2945485,7.501263
37.680,-0.117319465,6.3113084,7.4892917
37.716,-0.090982445,6.2706056,7.47732
37.754,-0.11971374,6.2586346,7.398309
37.781,-0.13647367,6.3280683,7.467743
37.816,-0.17957062,6.318491,7.57788
37.857,-0.14365649,6.299337,7.563514
37.896,-0.07422252,6.261029,7.472532
37.921,-0.10774237,6.2706056,7.412675
37.959,-0.07901107,6.316097,7.405492
37.994,-0.12210801,6.299337,7.4629545
38.020,-0.045491222,6.3113084,7.4366174
38.054,-0.105348095,6.359194,7.362395
38.093,-0.18435916,6.3903193,7.371972
38.121,-0.11492519,6.378348,7.407886
38.154,-0.07901107,6.2969427,7.4007034
38.198,0.05985687,6.284971,7.4222517
38.222,0.016759925,6.2155375,7.4701376
38.255,-0.062251143,6.246663,7.580274
38.294,-0.30886146,6.4573593,7.6042166
38.321,-0.20351335,6.4860907,7.439012
38.355,-0.04070267,6.3208857,7.249864
38.394,-0.057462595,6.2753944,7.3145094
38.421,-0.045491222,6.325674,7.474926
38.454,-0.07901107,6.378348,7.5299945
38.494,-0.052674048,6.284971,7.3863378
38.520,-0.057462595,6.299337,7.3216925
38.554,-0.12929083,6.342434,7.388732
38.594,-0.10774237,6.407079,7.458166
38.635,-0.105348095,6.318491,7.47732
38.661,-0.047885496,6.2921543,7.4653487
38.695,-0.071828246,6.3352513,7.439012
38.735,-0.102953814,6.3400397,7.4438004
38.760,-0.12450229,6.3304625,7.4438004
38.794,-0.076616794,6.299337,7.4701376
38.836,-0.038308397,6.318491,7.47732
38.861,-0.076616794,6.3304625,7.429435
38.894,-0.11492519,6.3352513,7.388732
38.933,-0.09577099,6.3352513,7.398309
38.961,-0.043096945,6.32328,7.439012
38.996,-0.047885496,6.3113084,7.4653487
39.034,-0.12450229,6.3280683,7.431829
39.060,-0.13886794,6.3711653,7.391126
39.094,-0.11253092,6.3807425,7.388732
39.134,-0.090982445,6.3400397,7.455772
39.160,-0.035914123,6.3208857,7.4533772
39.194,-0.05506832,6.3137026,7.450983
39.236,-0.10055954,6.3304625,7.415069
39.261,-0.102953814,6.3376455,7.4174633
39.295,-0.045491222,6.3328567,7.398309
39.336,-0.102953814,6.366377,7.4030976
39.361,-0.090982445,6.352011,7.4414062
39.394,-0.08619389,6.3352513,7.431829
39.433,-0.076616794,6.3280683,7.4222517
39.475,-0.090982445,6.3975024,7.4438004
39.496,-0.10774237,6.344828,7.448589
39.535,-0.07901107,6.308914,7.4007034
39.562,-0.05985687,6.3304625,7.398309
39.601,-0.11971374,6.368771,7.4366174
39.636,-0.11492519,6.3376455,7.458166
39.674,-0.105348095,6.3304625,7.4198575
39.697,-0.07422252,6.3376455,7.4102807
39.735,-0.07901107,6.325674,7.405492
39.774,-0.11253092,6.349617,7.4174633
39.803,-0.12210801,6.3639827,7.415069
39.836,-0.12450229,6.342434,7.3863378
39.875,-0.117319465,6.3711653,7.4102807
39.898,-0.10774237,6.3735595,7.434223
39.935,-0.043096945,6.3376455,7.4366174
39.974,-0.043096945,6.3208857,7.448589
40.001,-0.098165266,6.3328567,7.415069
40.033,-0.07901107,6.366377,7.415069
40.074,-0.12929083,6.3544054,7.434223
40.100,-0.057462595,6.359194,7.4174633
40.133,-0.07422252,6.28976,7.4030976
40.174,-0.0670397,6.349617,7.448589
40.201,-0.10055954,6.361588,7.474926
40.235,-0.083799616,6.344828,7.431829
40.274,-0.15802214,6.318491,7.3216925
40.314,-0.17957062,6.342434,7.4246464
40.341,-0.045491222,6.3472223,7.4438004
40.374,-0.102953814,6.30652,7.458166
40.415,-0.076616794,6.3304625,7.431829
40.436,-0.05027977,6.32328,7.4438004
40.475,-0.102953814,6.3113084,7.434223
40.514,-0.10774237,6.3567996,7.4438004
40.541,-0.09337672,6.352011,7.4198575
40.575,-0.028731298,6.30652,7.4246464
40.615,-0.09337672,6.3208857,7.434223
40.641,-0.047885496,6.3735595,7.4533772
40.674,-0.11492519,6.318491,7.4366174
40.715,-0.057462595,6.3352513,7.448589
40.741,-0.047885496,6.325674,7.431829
40.774,-0.07901107,6.32328,7.4270406
40.814,-0.071828246,6.3280683,7.455772
40.842,-0.06943397,6.3280683,7.431829
40.874,-0.062251143,6.3113084,7.4174633
40.914,-0.062251143,6.32328,7.4653487
40.940,-0.057462595,6.32328,7.434223
40.975,-0.08619389,6.3472223,7.431829
41.024,-0.11492519,6.344828,7.434223
41.040,-0.04070267,6.3400397,7.434223
41.074,-0.05506832,6.3137026,7.439012
41.114,-0.07422252,6.3304625,7.4461946
41.153,-0.05506832,6.3639827,7.4868975
41.180,-0.10055954,6.318491,7.4605603
41.214,-0.043096945,6.3208857,7.431829
41.254,-0.10055954,6.32328,7.395915
41.280,-0.057462595,6.3472223,7.4366174
41.315,-0.09337672,6.342434,7.4605603
41.354,-0.05985687,6.3400397,7.4629545
41.380,-0.052674048,6.3280683,7.4414062
41.414,-0.057462595,6.308914,7.4174633
41.454,-0.08858817,6.318491,7.4653487
41.481,-0.052674048,6.352011,7.448589
41.514,-0.05506832,6.2945485,7.4366174
41.554,-0.076616794,6.3208857,7.434223
41.581,-0.11971374,6.3735595,7.4222517
41.617,-0.083799616,6.3113084,7.4246464
41.655,-0.038308397,6.2945485,7.4988685
41.680,-0.07901107,6.325674,7.491686
41.714,-0.105348095,6.2969427,7.407886
41.755,-0.12210801,6.3280683,7.391126
41.795,-0.09337672,6.304126,7.412675
41.814,-0.098165266,6.304126,7.4533772
41.855,-0.052674048,6.304126,7.4845033
41.881,-0.102953814,6.30652,7.467743
41.914,-0.07901107,6.316097,7.4964743
41.956,-0.083799616,6.25624,7.5443597
41.995,-0.045491222,6.32328,7.455772
42.021,-0.36392978,6.349617,7.448589
42.055,-0.016759925,6.4789076,7.3025384
42.093,-0.09337672,6.3567996,7.326481
42.122,0.019154198,6.3903193,7.3408465
42.154,-0.083799616,6.4621477,7.371972
42.196,-0.031125572,6.4501762,7.292961
42.216,-0.021548472,6.3735595,7.2785954
42.255,0.045491222,6.2945485,7.3312693
42.295,-0.057462595,6.3998966,7.312115
42.319,0.21069619,6.409474,7.204373
42.355,0.05985687,6.2155375,7.5754857
42.395,0.13886794,6.2059603,7.5419655
42.421,0.016759925,6.0766697,7.6353426
42.455,0.15323359,6.1293435,7.781393
42.496,0.11971374,6.1030064,7.8364615
42.521,0.0047885496,6.0072355,7.5587254
42.554,0.15562786,6.095824,7.5683026
42.594,0.083799616,5.930619,7.597034
42.621,0.2777359,6.079064,7.755056
42.655,0.19633053,6.0886407,7.9346266
42.695,-0.32562137,5.5355635,7.735902
42.720,0.3304099,6.0479383,7.6712565
42.754,0.6273,6.021601,7.692805
42.795,0.071828246,5.7390766,7.6090055
42.835,0.27294734,5.834848,8.056735
42.861,0.18196489,5.8683677,8.126168
42.893,0.23942748,5.913859,8.047157
42.934,0.09577099,5.995264,7.3408465
42.961,0.10774237,6.100612,7.18043
42.994,-0.12689656,6.0766697,7.637737
43.033,0.18914771,5.9473786,8.061523
43.059,0.25858167,5.810905,8.0711
43.094,0.30167863,5.794145,8.020821
43.136,0.3040729,5.90907,7.8987126
43.160,0.28970724,5.95935,7.6736507
43.194,0.16281068,5.9473786,7.5874567
43.236,0.2370332,6.038361,7.5515428
43.260,0.16520496,6.0455437,7.5587254
43.295,0.2466103,6.0479383,7.680834
43.334,0.21548474,5.99287,7.745479
43.360,0.18196489,6.012024,7.6975937
43.393,0.24182175,6.0072355,7.822096
43.434,0.22985038,6.0455437,7.8532214
43.474,0.2657645,6.100612,7.860404
43.493,0.24900457,6.0096297,7.74069
43.533,0.35435268,6.0503325,7.6018224
43.572,0.3232271,6.0479383,7.613794
43.594,0.39266106,6.074275,7.656891
43.633,0.38787252,6.1125836,7.5276
43.674,0.42139238,6.193989,7.518023
43.701,0.50998056,6.1748347,7.491686
43.733,0.44772938,6.136526,7.450983
43.774,0.42139238,6.196383,7.5587254
43.800,0.46209505,6.1700463,7.6616793
43.835,0.50758624,6.136526,7.2953553
43.874,0.36871833,6.119766,7.2881727
43.900,0.38547826,6.186806,7.5874567
43.932,0.43575802,6.124555,8.116591
43.973,0.6153286,6.1054006,7.8388557
43.999,0.66800267,6.0048413,7.4270406
44.032,0.55307746,6.0335727,7.0008597
44.073,0.36871833,6.2490573,7.3216925
44.099,0.30167863,6.28976,7.7143536
44.133,0.32801566,6.229903,7.778999
44.173,0.42139238,6.0479383,7.5276
44.199,0.40463245,5.9832926,7.640131
44.235,0.49800915,6.1054006,7.649708
44.274,0.31365,6.0479383,7.5515428
44.300,0.1987248,6.1054006,7.570697
44.333,0.29689008,6.143709,7.5922456
44.373,0.2561874,6.064698,7.4629545
44.400,0.15323359,6.038361,7.563514
44.434,-0.0023942748,6.0766697,7.805336
44.472,0.23224466,6.1054006,8.0711
44.513,0.27294734,5.8061166,7.7335076
44.539,0.14605077,5.9258304,7.5060515
44.572,0.11492519,6.2107487,7.501263
44.615,-0.016759925,6.2107487,7.6975937
44.640,0.038308397,6.028784,7.719142
44.674,0.30167863,5.897099,7.721536
44.713,0.18435916,6.0072355,7.743085
44.739,0.08619389,6.0838523,7.7311134
44.773,0.011971374,6.100612,7.666468
44.813,0.15802214,6.016813,7.5826683
44.840,0.14605077,6.0263896,7.632948
44.876,0.17717634,6.012024,7.699988
44.918,0.06943397,6.012024,7.7311134
44.952,0.08619389,6.1030064,7.719142
44.976,0.07901107,6.055121,7.680834
45.016,0.18675344,5.99287,7.649708
45.040,0.090982445,6.0311785,7.685622
45.072,0.15562786,6.091035,7.6736507
45.112,0.105348095,6.071881,7.6688623
45.153,0.15323359,6.012024,7.678439
45.179,0.13647367,6.021601,7.7143536
45.213,0.117319465,6.1054006,7.702382
45.254,0.09337672,6.0096297,7.620977
45.274,0.12689656,6.019207,7.6449194
45.313,0.16041641,6.0670924,7.6688623
45.353,0.071828246,6.0766697,7.7119594
45.379,0.057462595,6.0766697,7.728719
45.413,0.071828246,6.064698,7.6736507
45.453,0.18914771,6.002447,7.6066113
45.479,0.15323359,6.0072355,7.649708
45.513,0.14605077,6.062304,7.7311134
45.554,0.076616794,6.0263896,7.6688623
45.579,0.07901107,6.0479383,7.685622
45.612,0.014365649,6.184412,7.6449194
45.653,0.098165266,6.064698,7.6042166
45.679,0.117319465,5.9665327,7.6712565
45.713,0.21787901,6.0479383,7.7478733
45.753,0.083799616,6.0527267,7.699988
45.780,0.07901107,6.0934296,7.6305537
45.814,0.11492519,6.062304,7.5252056
45.855,0.15802214,6.0599093,7.6305537
45.881,0.13886794,6.074275,7.7095647
45.915,0.117319465,6.0479383,7.7071705
45.958,0.05985687,6.079064,7.6521025
45.987,0.14605077,6.0694866,7.640131
46.013,0.12450229,6.014418,7.6113997
46.053,0.13647367,6.0766697,7.678439
46.080,0.035914123,6.179623,7.5467544
46.119,0.0071828244,6.095824,7.5419655
46.153,0.28013015,6.0407553,7.781393
46.193,0.11013664,5.9378014,7.755056
46.220,0.047885496,6.0527267,7.59464
46.253,0.071828246,6.1748347,7.5323887
46.293,0.09577099,6.0455437,7.678439
46.319,0.11492519,5.97611,7.719142
46.354,0.12450229,6.0838523,7.6712565
46.393,0.05027977,6.081458,7.6449194
46.419,0.052674048,6.055121,7.6688623
46.453,0.13168511,6.035967,7.7095647
46.492,-0.031125572,6.0599093,7.59464
46.519,0.076616794,6.014418,7.6904106
46.553,0.14844504,5.978504,7.884347
46.593,0.17717634,6.0479383,7.632948
46.619,0.0047885496,6.091035,7.405492
46.653,0.052674048,6.1293435,7.4366174
46.692,0.08619389,6.124555,7.719142
46.719,0.15323359,6.0335727,7.8101244
46.753,0.19633053,5.97611,7.7742105
46.793,0.11253092,6.055121,7.640131
46.833,0.052674048,6.134132,7.5515428
46.860,0.05506832,6.079064,7.6066113
46.893,0.1340794,6.0263896,7.699988
46.932,0.15802214,6.016813,7.721536
46.959,0.13886794,6.0335727,7.6616793
46.992,0.0071828244,6.0886407,7.6113997
47.032,0.06943397,6.1030064,7.6736507
47.059,0.08619389,6.035967,7.678439
47.094,0.19393626,6.021601,7.678439
47.134,0.17238778,5.9832926,7.6544967
47.159,0.07422252,6.0527267,7.6473136
47.194,0.052674048,6.1484976,7.7143536
47.235,0.13168511,6.028784,7.640131
47.256,0.14365649,5.9641385,7.6473136
47.294,0.13886794,6.0455437,7.642525
47.334,0.09577099,6.100612,7.74069
47.361,0.07901107,6.0479383,7.678439
47.395,0.08858817,6.055121,7.640131
47.433,0.11492519,6.0527267,7.6353426
47.459,0.07901107,6.028784,7.6736507
47.493,0.1340794,6.0455437,7.728719
47.534,0.117319465,6.055121,7.659285
47.560,0.09337672,6.0431495,7.6521025
47.593,0.105348095,6.0431495,7.640131
47.634,0.105348095,6.0335727,7.7071705
47.660,0.07901107,6.0407553,7.692805
47.693,0.11253092,6.035967,7.6688623
47.734,0.098165266,6.0263896,7.637737
47.763,0.12689656,6.035967,7.692805
47.795,0.12929083,6.002447,7.719142
47.834,0.090982445,6.0335727,7.6880164
47.861,0.0,6.184412,7.292961
47.898,-0.0047885496,6.081458,7.56112
47.932,0.21069619,6.0670924,7.7861814
47.963,0.11971374,5.90907,7.865193
47.998,0.20111908,5.8875217,7.5419655
48.032,-0.023942748,6.0000525,7.6042166
48.072,-0.105348095,6.179623,7.7933645
48.099,-0.105348095,6.1077952,7.814913
48.132,0.047885496,5.978504,7.6736507
48.172,0.083799616,5.9258304,7.735902
48.199,0.22027329,5.9904757,7.860404
48.233,0.038308397,6.012024,7.6521025
48.272,0.011971374,6.0335727,7.5299945
48.299,0.038308397,6.074275,7.6018224
48.333,-0.009577099,6.057515,7.7239304
48.374,0.031125572,5.9904757,7.788576
48.400,0.07901107,5.9808984,7.7311134
48.432,0.16520496,6.0000525,7.6257653
48.472,-0.014365649,6.0072355,7.6257653
48.514,0.045491222,6.055121,7.7167478
48.533,0.062251143,6.0096297,7.7502675
48.573,0.11253092,5.995264,7.728719
48.600,0.038308397,5.9808984,7.6736507
48.641,0.009577099,6.028784,7.6880164
48.673,0.076616794,6.016813,7.699988
48.714,0.09337672,5.9880815,7.6736507
48.739,0.071828246,5.97611,7.7143536
48.774,0.035914123,6.021601,7.743085
48.803,0.06464542,6.019207,7.7071705
48.839,0.10055954,6.019207,7.666468
48.875,0.07422252,5.9856873,7.6712565
48.916,0.011971374,6.0335727,7.7311134
48.940,0.08140534,6.0407553,7.7694216
48.976,0.057462595,5.9832926,7.6616793
49.012,0.098165266,6.0072355,7.6975937
49.039,0.057462595,6.0096297,7.719142
49.072,0.04070267,6.035967,7.74069
49.112,0.052674048,6.0000525,7.699988
49.138,0.12210801,5.978504,7.649708
49.173,0.071828246,5.9808984,7.7095647
49.213,0.043096945,6.016813,7.778999
49.239,0.090982445,6.014418,7.7478733
49.273,0.071828246,5.956956,7.6688623
49.312,0.08858817,5.995264,7.7071705
49.340,0.05506832,5.9665327,7.7071705
49.373,0.083799616,5.9856873,7.762239
49.413,0.076616794,5.9665327,7.719142
49.453,0.09337672,5.97611,7.728719
49.480,0.11971374,5.9856873,7.7119594
49.513,0.06943397,5.956956,7.726325
49.552,0.08140534,6.014418,7.738296
49.579,0.06943397,5.99287,7.735902
49.613,0.08858817,5.954561,7.74069
49.654,0.10774237,5.94259,7.738296
49.679,0.0670397,5.9665327,7.745479
49.713,0.047885496,5.9856873,7.759845
49.753,0.102953814,5.95935,7.7526617
49.780,0.07901107,6.021601,7.778999
49.813,-0.028731298,5.9713216,7.472532
49.852,0.17717634,6.091035,7.7574506
49.879,-0.07422252,5.9713216,7.848433
49.912,0.04070267,5.9018874,7.632948
49.953,0.19154198,5.97611,7.6616793
49.979,0.090982445,6.002447,7.8987126
50.013,-0.009577099,5.995264,7.9154725
50.053,0.052674048,5.954561,7.5276
50.079,0.11253092,5.9641385,7.501263
50.115,0.05506832,6.014418,7.7047763
50.154,0.07422252,5.9713216,7.905895
50.180,0.062251143,5.956956,7.802942
50.213,0.13168511,5.940196,7.659285
50.253,0.05027977,5.9904757,7.637737
50.280,0.014365649,6.062304,7.755056
50.315,0.07901107,5.9880815,7.762239
50.355,0.12929083,5.9114647,7.726325
50.394,0.08858817,6.019207,7.678439
50.420,0.098165266,5.9713216,7.6616793
50.454,-0.016759925,5.978504,7.659285
50.494,0.0,6.0886407,7.7861814
50.525,0.098165266,5.9880815,7.7837873
50.554,0.13886794,5.8755503,7.7095647
50.594,0.098165266,5.9832926,7.6975937
50.621,0.0047885496,6.055121,7.7335076
50.654,0.0,6.021601,7.7047763
50.693,0.11492519,5.954561,7.676045
50.720,0.12929083,5.9473786,7.721536
50.754,0.102953814,5.9856873,7.7694216
50.794,0.014365649,5.9976583,7.743085
50.820,0.038308397,6.028784,7.699988
50.854,0.08140534,5.9904757,7.721536
50.893,0.09337672,5.9713216,7.7071705
50.920,0.07422252,5.968927,7.7239304
50.958,0.08140534,6.0000525,7.7311134
50.994,0.035914123,6.0048413,7.726325
51.020,0.05027977,6.0000525,7.726325
51.053,0.10055954,5.9665327,7.7143536
51.094,0.090982445,5.995264,7.6880164
51.132,0.016759925,5.9976583,7.7478733
51.154,0.05985687,6.0000525,7.7526617
51.194,0.06943397,5.9904757,7.719142
51.234,0.0670397,5.995264,7.6473136
51.261,0.07422252,6.0239954,7.699988
51.293,0.09577099,6.0096297,7.7311134
51.335,0.0670397,6.0000525,7.7119594
51.360,0.0670397,5.995264,7.728719
51.394,0.08140534,6.0048413,7.695199
51.433,0.09337672,5.9880815,7.6712565
51.460,0.07422252,6.014418,7.7335076
51.494,0.062251143,6.0096297,7.7047763
51.535,0.038308397,6.021601,7.7119594
51.560,0.057462595,6.014418,7.683228
51.594,0.090982445,5.9976583,7.685622
51.635,0.076616794,6.016813,7.7311134
51.660,0.038308397,6.0239954,7.699988
51.695,0.06464542,6.021601,7.702382
51.735,0.102953814,6.0072355,7.7047763
51.761,0.052674048,5.9808984,7.676045
51.797,0.105348095,6.0048413,7.7143536
51.833,0.083799616,6.0096297,7.7047763
51.860,0.026337024,6.012024,7.726325
51.896,0.08858817,6.014418,7.680834
51.935,0.10774237,5.9713216,7.7119594
51.961,0.117319465,5.954561,7.7119594
52.000,0.08619389,6.0096297,7.762239
52.033,0.0047885496,6.0048413,7.719142
52.073,0.11013664,6.002447,7.678439
52.100,0.098165266,5.9880815,7.659285
52.134,0.057462595,5.995264,7.7071705
52.173,0.090982445,6.002447,7.7574506
52.199,0.08619389,6.0048413,7.735902
52.234,0.090982445,5.99287,7.680834
52.273,0.062251143,5.99287,7.721536
52.300,0.098165266,5.9856873,7.7047763
52.336,0.047885496,5.9617443,7.735902
52.373,0.08619389,5.9904757,7.721536
52.400,0.011971374,6.016813,7.74069
52.433,0.08619389,6.0048413,7.683228
52.474,0.04070267,5.9449844,7.680834
52.499,0.07901107,6.002447,7.743085
52.533,0.062251143,5.9808984,7.7526617
52.573,0.05985687,5.9617443,7.7502675
52.600,0.05985687,5.968927,7.721536
52.634,0.05506832,5.97611,7.728719
52.673,0.026337024,5.97611,7.719142
52.713,0.076616794,5.978504,7.745479
52.733,0.06943397,5.956956,7.7335076
52.774,0.07422252,5.9665327,7.7478733
52.802,0.05027977,5.9856873,7.7335076
52.835,0.04070267,5.9856873,7.719142
52.874,0.052674048,5.954561,7.726325
52.904,0.057462595,5.9449844,7.721536
52.940,0.045491222,5.9808984,7.745479
52.974,0.05027977,5.97611,7.7742105
53.014,0.06464542,5.940196,7.7095647
53.040,0.08140534,5.968927,7.7335076
53.073,0.057462595,5.97611,7.743085
53.113,0.07422252,5.978504,7.7311134
53.139,0.052674048,5.9473786,7.745479
53.174,0.05985687,5.9713216,7.743085
53.214,0.09577099,5.968927,7.7047763
53.239,0.05027977,5.9473786,7.74069
53.273,0.031125572,5.99287,7.7526617
53.316,-0.0071828244,5.973716,7.680834
53.340,0.13168511,5.9449844,7.728719
53.373,0.052674048,5.956956,7.762239
53.414,0.045491222,6.021601,7.7167478
53.440,0.045491222,5.968927,7.695199
53.473,0.06943397,5.9617443,7.743085
53.513,0.06464542,5.933013,7.719142
53.553,0.05027977,5.968927,7.7478733
53.579,0.023942748,5.9904757,7.745479
53.613,0.038308397,5.9832926,7.7239304
53.640,0.05506832,5.97611,7.7119594
53.679,0.062251143,5.9713216,7.728719
53.713,0.06943397,5.949773,7.7239304
53.753,0.11971374,5.954561,7.738296
53.781,0.05027977,5.9186473,7.699988
53.812,-0.08140534,6.0455437,7.7478733
53.854,-0.05506832,6.0048413,7.728719
53.881,0.026337024,5.954561,7.685622
53.916,0.11013664,5.906676,7.755056
53.954,0.05027977,5.973716,7.759845
53.981,-0.014365649,6.014418,7.7526617
54.014,0.026337024,5.954561,7.6880164
54.064,-0.05506832,5.9976583,7.7119594
54.080,-0.0047885496,6.019207,7.738296
54.113,0.009577099,5.940196,7.719142
54.156,0.043096945,5.935407,7.7718163
54.181,0.04070267,5.973716,7.7574506
54.216,0.0071828244,5.9880815,7.745479
54.253,-0.0047885496,5.9617443,7.7095647
54.280,0.023942748,5.9808984,7.702382
54.315,0.05027977,5.9641385,7.946598
54.353,-0.14605077,5.940196,7.5898514
54.380,0.15083931,6.021601,7.762239
54.413,0.009577099,5.9832926,7.9130783
54.454,-0.090982445,5.9976583,7.5659084
54.480,-0.052674048,6.021601,7.534783
54.520,-0.0047885496,6.0670924,7.728719
54.553,-0.019154198,5.949773,7.8388557
54.594,0.0071828244,5.9832926,7.699988
54.620,-0.023942748,6.0072355,7.659285
54.653,-0.076616794,6.0000525,7.7239304
54.694,-0.028731298,5.9880815,7.7478733
54.720,-0.0023942748,5.9832926,7.7143536
54.754,-0.035914123,6.016813,7.676045
54.794,-0.03351985,5.9880815,7.666468
54.821,-0.04070267,5.9832926,7.7502675
54.853,-0.016759925,6.002447,7.778999
54.894,-0.023942748,5.9808984,7.7311134
54.920,-0.035914123,6.0000525,7.695199
54.955,-0.04070267,5.973716,7.6521025
54.994,-0.035914123,5.9641385,7.7239304
55.020,-0.009577099,6.002447,7.7837873
55.053,-0.052674048,5.9904757,7.7766047
55.093,-0.021548472,5.995264,7.666468
55.120,-0.016759925,5.99287,7.6521025
55.154,-0.04070267,5.9856873,7.7119594
55.194,-0.05027977,6.012024,7.745479
55.220,-0.016759925,6.019207,7.7119594
55.256,0.0023942748,5.973716,7.7311134
55.294,-0.052674048,5.97611,7.7143536
55.320,-0.019154198,6.0096297,7.702382
55.355,-0.057462595,5.9976583,7.7047763
55.394,-0.0670397,6.0000525,7.728719
55.421,0.0071828244,5.9880815,7.745479
55.460,-0.0023942748,5.9378014,7.7478733
55.493,-0.057462595,5.9665327,7.692805
55.535,-0.043096945,6.0239954,7.719142
55.560,-0.052674048,5.9976583,7.74069
55.594,-0.019154198,5.9713216,7.721536
55.642,-0.0047885496,5.973716,7.7502675
55.660,-0.016759925,5.9832926,7.721536
55.693,-0.047885496,5.97611,7.6904106
55.733,-0.062251143,5.9856873,7.743085
55.760,-0.05027977,6.014418,7.762239
55.794,-0.0071828244,5.9378014,7.7694216
55.834,-0.03351985,5.94259,7.7119594
55.860,-0.090982445,5.978504,7.7095647
55.894,-0.09337672,6.0239954,7.7095647
55.933,-0.035914123,5.9282246,7.676045
55.960,-0.04070267,5.940196,7.805336
55.993,0.0023942748,5.968927,7.7742105
56.034,-0.09577099,5.9473786,7.7095647
56.060,-0.06464542,5.9832926,7.745479
56.093,-0.062251143,5.949773,7.762239
56.133,-0.028731298,5.933013,7.7071705
56.160,-0.057462595,5.954561,7.7167478
56.194,-0.08619389,5.97611,7.726325
56.233,-0.052674048,5.968927,7.764633
56.274,-0.0071828244,5.9234357,7.7933645
56.300,-0.045491222,5.9210415,7.7933645
56.334,-0.090982445,5.954561,7.683228
56.374,-0.06943397,5.9832926,7.721536
56.400,-0.12689656,5.94259,7.6880164
56.434,-0.0670397,5.940196,7.8556156
56.473,-0.06943397,5.9186473,7.9346266
56.500,0.014365649,5.8324533,7.963358
56.533,0.07901107,5.851608,7.903501
56.574,-0.098165266,6.0072355,7.3576064
56.600,-0.13886794,6.074275,7.4174633
56.634,-0.083799616,6.057515,7.7311134
56.675,0.04070267,5.8875217,7.9418097
56.700,0.10055954,5.863579,7.937021
56.734,0.011971374,5.940196,7.728719
56.773,-0.10055954,6.038361,7.597034
56.800,-0.098165266,6.0072355,7.676045
56.834,-0.019154198,5.95935,7.7837873
56.873,0.05027977,5.9114647,7.8101244
56.900,0.009577099,5.9210415,7.764633
56.933,-0.031125572,5.9713216,7.683228
56.975,-0.03351985,5.978504,7.683228
57.013,0.0047885496,5.95935,7.788576
57.034,0.043096945,5.9234357,7.798153
57.074,0.009577099,5.9449844,7.7694216
57.101,-0.0023942748,5.968927,7.6975937
57.141,-0.028731298,5.949773,7.743085
57.174,-0.0047885496,5.9832926,8.387145
57.215,-0.09337672,5.9234357,7.4797144
57.241,0.10774237,5.9832926,7.666468
57.274,0.06943397,5.8947043,8.035186
57.313,-0.090982445,5.784568,7.7574506
57.340,-0.20351335,5.935407,7.7574506
57.374,-0.16520496,6.134132,7.7071705
57.413,-0.13168511,5.930619,7.719142
57.440,-0.035914123,5.813299,7.7861814
57.473,0.047885496,5.777385,7.903501
57.514,-0.021548472,5.870762,8.006455
57.540,0.0023942748,5.9210415,7.9513865
57.574,-0.045491222,5.949773,7.5467544
57.614,-0.105348095,6.021601,7.407886
57.639,-0.09577099,6.038361,7.642525
57.673,0.0,5.9808984,7.8915296
57.714,0.045491222,5.8659735,7.90829
57.741,0.047885496,5.913859,7.8125186
57.774,-0.03351985,5.954561,7.632948
57.814,-0.05506832,5.9856873,7.6544967
57.840,-0.08619389,5.978504,7.7502675
57.879,0.009577099,5.95935,7.7909703
57.916,-0.026337024,5.933013,7.7837873
57.954,-0.016759925,5.95935,7.7239304
57.980,-0.057462595,5.9713216,7.7167478
58.013,-0.04070267,6.0096297,7.7718163
58.055,-0.031125572,5.97611,7.7335076
58.076,-0.0047885496,5.973716,7.7119594
58.114,0.0047885496,5.940196,7.7239304
58.154,-0.023942748,5.973716,7.7502675
58.180,-0.019154198,5.9976583,7.695199
58.214,-0.023942748,5.9713216,7.678439
58.254,-0.0047885496,5.9808984,7.676045
58.280,-0.035914123,5.956956,7.7478733
58.314,0.021548472,5.9617443,7.7861814
58.354,-0.016759925,5.978504,7.7239304
58.380,-0.090982445,6.035967,7.580274
58.414,-0.13647367,5.9665327,7.6616793
58.454,-0.014365649,5.956956,7.7502675
58.480,-0.06943397,5.995264,7.7047763
58.513,-0.10055954,5.9617443,7.7119594
58.554,-0.047885496,5.99287,7.7574506
58.595,-0.08619389,5.9234357,7.726325
58.614,-0.071828246,5.952167,7.7239304
58.654,-0.117319465,5.952167,7.762239
58.680,-0.09577099,5.9665327,7.728719
58.715,-0.06464542,5.935407,7.6904106
58.754,-0.057462595,5.9282246,7.7837873
58.794,-0.10055954,5.9186473,7.8460383
58.820,-0.016759925,5.8851275,7.982512
58.855,-0.1987248,5.8947043,7.6688623
58.894,0.016759925,5.9665327,7.738296
58.920,-0.11013664,5.9234357,7.8891354
58.954,-0.15802214,5.9641385,7.7861814
58.993,-0.18435916,5.995264,7.5898514
59.019,-0.09337672,5.9976583,7.6736507
59.053,-0.13886794,5.9641385,7.7837873
59.092,-0.035914123,5.9665327,7.735902
59.119,-0.076616794,5.9258304,7.7143536
59.153,-0.090982445,5.9282246,7.745479
59.194,-0.2083019,5.9880815,7.7143536
59.220,-0.16041641,6.0503325,7.743085
59.253,-0.11492519,5.9617443,7.7861814
59.293,-0.06943397,5.90907,7.755056
59.319,-0.09577099,5.930619,7.659285
59.353,-0.16281068,5.9832926,7.743085
59.394,-0.15802214,5.954561,7.778999
59.420,-0.05506832,5.9282246,7.778999
59.453,-0.098165266,5.899493,7.7694216
59.493,-0.15323359,5.9808984,7.735902
59.520,-0.15802214,5.9976583,7.726325
59.559,-0.098165266,5.930619,7.7502675
59.593,-0.11492519,5.9378014,7.7502675
59.634,-0.11253092,5.9473786,7.7718163
59.659,-0.11971374,5.9378014,7.743085
59.693,-0.10774237,5.9473786,7.735902
59.734,-0.045491222,5.9282246,7.893924
59.759,-0.045491222,5.940196,7.755056
59.793,-0.17478207,5.9378014,7.580274
59.833,-0.11253092,6.016813,7.5874567
59.860,-0.16520496,5.916253,7.7502675
59.893,0.009577099,5.8396363,8.111803
59.933,-0.06943397,5.8827333,7.814913
59.960,-0.18435916,5.952167,7.5228114
59.992,-0.28252444,6.002447,7.5587254
