timestamp,x,y,z
00.000,-0.125,-0.78125,0.59375
00.031,-0.140625,-0.78125,0.59375
00.062,-0.15625,-0.78125,0.578125
00.093,-0.15625,-0.78125,0.578125
00.125,-0.140625,-0.78125,0.578125
00.156,-0.109375,-0.796875,0.578125
00.187,-0.140625,-0.78125,0.578125
00.218,-0.15625,-0.78125,0.578125
00.250,-0.140625,-0.78125,0.59375
00.281,-0.140625,-0.78125,0.578125
00.312,-0.125,-0.796875,0.578125
00.343,-0.125,-0.796875,0.578125
00.375,-0.140625,-0.78125,0.578125
00.406,-0.15625,-0.78125,0.578125
00.437,-0.140625,-0.796875,0.578125
00.468,-0.140625,-0.796875,0.578125
00.500,-0.140625,-0.78125,0.578125
00.531,-0.140625,-0.78125,0.578125
00.562,-0.140625,-0.796875,0.578125
00.593,-0.15625,-0.78125,0.578125
00.625,-0.140625,-0.78125,0.578125
00.656,-0.140625,-0.78125,0.578125
00.687,-0.140625,-0.78125,0.578125
00.718,-0.140625,-0.78125,0.578125
00.750,-0.140625,-0.78125,0.578125
00.781,-0.140625,-0.78125,0.578125
00.812,-0.140625,-0.78125,0.578125
00.843,-0.140625,-0.78125,0.578125
00.875,-0.140625,-0.78125,0.578125
00.906,-0.140625,-0.796875,0.578125
00.937,-0.140625,-0.78125,0.578125
00.968,-0.140625,-0.78125,0.578125
01.000,-0.140625,-0.78125,0.578125
01.031,-0.140625,-0.78125,0.578125
01.062,-0.140625,-0.78125,0.578125
01.093,-0.140625,-0.78125,0.578125
01.125,-0.140625,-0.78125,0.578125
01.156,-0.140625,-0.78125,0.578125
01.187,-0.140625,-0.78125,0.578125
01.218,-0.140625,-0.78125,0.578125
01.250,-0.140625,-0.78125,0.578125
01.281,-0.140625,-0.78125,0.578125
01.312,-0.140625,-0.78125,0.578125
01.343,-0.140625,-0.78125,0.578125
01.375,-0.140625,-0.78125,0.578125
01.406,-0.140625,-0.78125,0.578125
01.437,-0.140625,-0.78125,0.578125
01.468,-0.140625,-0.78125,0.578125
01.500,-0.140625,-0.796875,0.578125
01.531,-0.140625,-0.796875,0.578125
01.562,-0.140625,-0.796875,0.578125
01.593,-0.140625,-0.796875,0.578125
01.625,-0.140625,-0.78125,0.578125
01.656,-0.140625,-0.78125,0.578125
01.687,-0.140625,-0.78125,0.578125
01.718,-0.140625,-0.78125,0.578125
01.750,-0.140625,-0.78125,0.578125
01.781,-0.140625,-0.78125,0.578125
01.812,-0.140625,-0.796875,0.578125
01.843,-0.140625,-0.78125,0.578125
01.875,-0.140625,-0.78125,0.578125
01.906,-0.140625,-0.78125,0.578125
01.937,-0.140625,-0.78125,0.578125
01.968,-0.140625,-0.78125,0.578125
02.000,-0.140625,-0.78125,0.578125
02.031,-0.140625,-0.796875,0.578125
02.062,-0.109375,-0.796875,0.5625
02.093,-0.140625,-0.78125,0.578125
02.125,-0.140625,-0.78125,0.578125
02.156,-0.125,-0.796875,0.59375
02.187,-0.125,-0.796875,0.578125
02.218,-0.140625,-0.796875,0.5625
02.250,-0.140625,-0.78125,0.59375
02.281,-0.15625,-0.796875,0.578125
02.312,-0.140625,-0.78125,0.578125
02.343,-0.140625,-0.78125,0.578125
02.375,-0.15625,-0.78125,0.578125
02.406,-0.125,-0.796875,0.578125
02.437,-0.140625,-0.78125,0.578125
02.468,-0.140625,-0.78125,0.578125
02.500,-0.125,-0.796875,0.578125
02.531,-0.125,-0.796875,0.578125
02.562,-0.140625,-0.78125,0.578125
02.593,-0.140625,-0.78125,0.578125
02.625,-0.140625,-0.78125,0.578125
02.656,-0.140625,-0.796875,0.578125
02.687,-0.140625,-0.796875,0.578125
02.718,-0.140625,-0.78125,0.578125
02.750,-0.140625,-0.78125,0.59375
02.781,-0.140625,-0.78125,0.578125
02.812,-0.140625,-0.78125,0.578125
02.843,-0.140625,-0.78125,0.578125
02.875,-0.140625,-0.78125,0.578125
02.906,-0.140625,-0.78125,0.578125
02.937,-0.140625,-0.78125,0.578125
02.968,-0.140625,-0.796875,0.578125
03.000,-0.140625,-0.78125,0.578125
03.031,-0.140625,-0.78125,0.578125
03.062,-0.140625,-0.78125,0.578125
03.093,-0.140625,-0.796875,0.578125
03.125,-0.125,-0.78125,0.578125
03.156,-0.140625,-0.78125,0.578125
03.187,-0.125,-0.796875,0.578125
03.218,-0.140625,-0.78125,0.578125
03.250,-0.125,-0.78125,0.578125
03.281,-0.15625,-0.78125,0.578125
03.312,-0.15625,-0.78125,0.59375
03.343,-0.140625,-0.78125,0.578125
03.375,-0.109375,-0.765625,0.640625
03.406,-0.125,-0.78125,0.625
03.437,-0.140625,-0.78125,0.578125
03.468,-0.140625,-0.78125,0.578125
03.500,-0.140625,-0.765625,0.59375
03.531,-0.171875,-0.78125,0.609375
03.562,-0.171875,-0.78125,0.59375
03.593,-0.109375,-0.765625,0.59375
03.625,-0.140625,-0.78125,0.59375
03.656,-0.171875,-0.78125,0.578125
03.687,-0.140625,-0.78125,0.578125
03.718,-0.109375,-0.78125,0.609375
03.750,-0.109375,-0.78125,0.609375
03.781,-0.140625,-0.78125,0.59375
03.812,-0.140625,-0.78125,0.578125
03.843,-0.125,-0.796875,0.5625
03.875,-0.125,-0.78125,0.578125
03.906,-0.140625,-0.78125,0.578125
03.937,-0.140625,-0.78125,0.578125
03.968,-0.140625,-0.78125,0.59375
04.000,-0.140625,-0.78125,0.578125
04.031,-0.140625,-0.78125,0.578125
04.062,-0.140625,-0.78125,0.578125
04.093,-0.140625,-0.78125,0.578125
04.125,-0.125,-0.78125,0.578125
04.156,-0.140625,-0.78125,0.578125
04.187,-0.125,-0.78125,0.578125
04.218,-0.125,-0.78125,0.578125
04.250,-0.140625,-0.78125,0.578125
04.281,-0.140625,-0.78125,0.578125
04.312,-0.140625,-0.78125,0.578125
04.343,-0.140625,-0.78125,0.578125
04.375,-0.140625,-0.796875,0.578125
04.406,-0.125,-0.78125,0.578125
04.437,-0.140625,-0.78125,0.578125
04.468,-0.125,-0.78125,0.578125
04.500,-0.140625,-0.78125,0.578125
04.531,-0.125,-0.78125,0.59375
04.562,-0.140625,-0.78125,0.578125
04.593,-0.125,-0.796875,0.578125
04.625,-0.125,-0.78125,0.578125
04.656,-0.125,-0.796875,0.578125
04.687,-0.140625,-0.796875,0.578125
04.718,-0.140625,-0.78125,0.578125
04.750,-0.15625,-0.78125,0.59375
04.781,-0.171875,-0.796875,0.578125
04.812,-0.125,-0.78125,0.578125
04.843,-0.109375,-0.78125,0.59375
04.875,-0.140625,-0.78125,0.578125
04.906,-0.125,-0.78125,0.59375
04.937,-0.125,-0.78125,0.59375
04.968,-0.140625,-0.78125,0.578125
05.000,-0.125,-0.78125,0.578125
05.031,-0.125,-0.78125,0.578125
05.062,-0.140625,-0.78125,0.578125
05.093,-0.140625,-0.78125,0.578125
05.125,-0.140625,-0.78125,0.578125
05.156,-0.140625,-0.78125,0.578125
05.187,-0.125,-0.78125,0.59375
05.218,-0.125,-0.78125,0.578125
05.250,-0.140625,-0.78125,0.578125
05.281,-0.125,-0.78125,0.578125
05.312,-0.125,-0.78125,0.578125
05.343,-0.125,-0.78125,0.59375
05.375,-0.140625,-0.78125,0.578125
05.406,-0.140625,-0.78125,0.578125
05.437,-0.140625,-0.78125,0.578125
05.468,-0.140625,-0.78125,0.578125
05.500,-0.125,-0.78125,0.578125
05.531,-0.125,-0.78125,0.578125
05.562,-0.140625,-0.78125,0.578125
05.593,-0.140625,-0.78125,0.578125
05.625,-0.140625,-0.78125,0.578125
05.656,-0.140625,-0.78125,0.578125
05.687,-0.140625,-0.78125,0.578125
05.718,-0.125,-0.78125,0.578125
05.750,-0.125,-0.78125,0.578125
05.781,-0.140625,-0.78125,0.578125
05.812,-0.140625,-0.78125,0.578125
05.843,-0.15625,-0.78125,0.59375
05.875,-0.125,-0.78125,0.609375
05.906,-0.15625,-0.796875,0.578125
05.937,-0.125,-0.796875,0.5625
05.968,-0.125,-0.78125,0.578125
06.000,-0.140625,-0.78125,0.59375
06.031,-0.125,-0.78125,0.59375
06.062,-0.125,-0.796875,0.5625
06.093,-0.125,-0.78125,0.578125
06.125,-0.125,-0.78125,0.59375
06.156,-0.140625,-0.78125,0.578125
06.187,-0.140625,-0.78125,0.578125
06.218,-0.140625,-0.78125,0.578125
06.250,-0.140625,-0.78125,0.578125
06.281,-0.125,-0.78125,0.578125
06.312,-0.125,-0.78125,0.578125
06.343,-0.125,-0.78125,0.59375
06.375,-0.140625,-0.78125,0.578125
06.406,-0.125,-0.78125,0.578125
06.437,-0.140625,-0.78125,0.59375
06.468,-0.140625,-0.796875,0.578125
06.500,-0.140625,-0.78125,0.578125
06.531,-0.140625,-0.796875,0.578125
06.562,-0.140625,-0.796875,0.578125
06.593,-0.125,-0.78125,0.59375
06.625,-0.125,-0.78125,0.578125
06.656,-0.125,-0.78125,0.578125
06.687,-0.125,-0.78125,0.578125
06.718,-0.140625,-0.78125,0.578125
06.750,-0.125,-0.796875,0.578125
06.781,-0.140625,-0.78125,0.578125
06.812,-0.140625,-0.78125,0.578125
06.843,-0.125,-0.78125,0.578125
06.875,-0.125,-0.78125,0.578125
06.906,-0.140625,-0.78125,0.578125
06.937,-0.125,-0.78125,0.578125
06.968,-0.125,-0.78125,0.578125
07.000,-0.125,-0.78125,0.578125
07.031,-0.140625,-0.78125,0.578125
07.062,-0.140625,-0.78125,0.578125
07.093,-0.140625,-0.78125,0.578125
07.125,-0.140625,-0.78125,0.578125
07.156,-0.140625,-0.78125,0.578125
07.187,-0.125,-0.78125,0.578125
07.218,-0.125,-0.78125,0.578125
07.250,-0.125,-0.78125,0.578125
07.281,-0.140625,-0.796875,0.578125
07.312,-0.125,-0.78125,0.578125
07.343,-0.140625,-0.78125,0.578125
07.375,-0.140625,-0.78125,0.59375
07.406,-0.140625,-0.78125,0.578125
07.437,-0.140625,-0.78125,0.578125
07.468,-0.140625,-0.78125,0.578125
07.500,-0.125,-0.78125,0.578125
07.531,-0.125,-0.78125,0.578125
07.562,-0.140625,-0.78125,0.578125
07.593,-0.125,-0.78125,0.578125
07.625,-0.140625,-0.78125,0.578125
07.656,-0.140625,-0.78125,0.578125
07.687,-0.140625,-0.78125,0.578125
07.718,-0.140625,-0.78125,0.578125
07.750,-0.125,-0.78125,0.578125
07.781,-0.140625,-0.796875,0.578125
07.812,-0.125,-0.78125,0.578125
07.843,-0.140625,-0.78125,0.578125
07.875,-0.140625,-0.78125,0.578125
07.906,-0.140625,-0.78125,0.578125
07.937,-0.140625,-0.78125,0.578125
07.968,-0.140625,-0.78125,0.578125
08.000,-0.125,-0.78125,0.578125
08.031,-0.125,-0.78125,0.578125
08.062,-0.140625,-0.78125,0.578125
08.093,-0.125,-0.78125,0.578125
08.125,-0.140625,-0.796875,0.578125
08.156,-0.140625,-0.78125,0.578125
08.187,-0.125,-0.78125,0.578125
08.218,-0.140625,-0.78125,0.578125
08.250,-0.140625,-0.78125,0.578125
08.281,-0.125,-0.78125,0.578125
08.312,-0.140625,-0.78125,0.578125
08.343,-0.140625,-0.78125,0.578125
08.375,-0.140625,-0.78125,0.578125
08.406,-0.140625,-0.78125,0.578125
08.437,-0.140625,-0.78125,0.578125
08.468,-0.125,-0.796875,0.578125
08.500,-0.125,-0.78125,0.578125
08.531,-0.140625,-0.78125,0.578125
08.562,-0.140625,-0.78125,0.578125
08.593,-0.140625,-0.78125,0.578125
08.625,-0.140625,-0.78125,0.578125
08.656,-0.125,-0.78125,0.578125
08.687,-0.140625,-0.78125,0.578125
08.718,-0.125,-0.78125,0.578125
08.750,-0.140625,-0.78125,0.578125
08.781,-0.140625,-0.78125,0.578125
08.812,-0.125,-0.78125,0.578125
08.843,-0.125,-0.78125,0.578125
08.875,-0.125,-0.78125,0.578125
08.906,-0.140625,-0.78125,0.578125
08.937,-0.140625,-0.78125,0.578125
08.968,-0.125,-0.78125,0.578125
09.000,-0.125,-0.78125,0.59375
09.031,-0.125,-0.78125,0.578125
09.062,-0.140625,-0.78125,0.578125
09.093,-0.140625,-0.78125,0.578125
09.125,-0.140625,-0.78125,0.578125
09.156,-0.125,-0.78125,0.578125
09.187,-0.140625,-0.78125,0.578125
09.218,-0.125,-0.78125,0.578125
09.250,-0.140625,-0.78125,0.578125
09.281,-0.125,-0.78125,0.578125
09.312,-0.125,-0.78125,0.578125
09.343,-0.125,-0.78125,0.578125
09.375,-0.140625,-0.78125,0.578125
09.406,-0.125,-0.78125,0.578125
09.437,-0.125,-0.78125,0.578125
09.468,-0.125,-0.78125,0.578125
09.500,-0.125,-0.78125,0.578125
09.531,-0.125,-0.78125,0.578125
09.562,-0.140625,-0.78125,0.578125
09.593,-0.140625,-0.78125,0.578125
09.625,-0.140625,-0.796875,0.578125
09.656,-0.125,-0.78125,0.578125
09.687,-0.125,-0.78125,0.578125
09.718,-0.125,-0.78125,0.578125
09.750,-0.125,-0.78125,0.578125
09.781,-0.125,-0.78125,0.578125
09.812,-0.140625,-0.78125,0.59375
09.843,-0.140625,-0.78125,0.578125
09.875,-0.140625,-0.78125,0.578125
09.906,-0.125,-0.78125,0.578125
09.937,-0.125,-0.78125,0.578125
09.968,-0.125,-0.78125,0.578125
10.000,-0.125,-0.78125,0.578125
10.031,-0.125,-0.78125,0.578125
10.062,-0.125,-0.78125,0.578125
10.093,-0.125,-0.78125,0.578125
10.125,-0.125,-0.78125,0.578125
10.156,-0.140625,-0.78125,0.578125
10.187,-0.125,-0.78125,0.578125
10.218,-0.140625,-0.78125,0.578125
10.250,-0.125,-0.78125,0.578125
10.281,-0.125,-0.78125,0.578125
10.312,-0.125,-0.78125,0.578125
10.343,-0.125,-0.78125,0.578125
10.375,-0.125,-0.78125,0.578125
10.406,-0.140625,-0.78125,0.578125
10.437,-0.140625,-0.796875,0.578125
10.468,-0.125,-0.78125,0.578125
10.500,-0.125,-0.78125,0.578125
10.531,-0.125,-0.78125,0.578125
10.562,-0.140625,-0.78125,0.578125
10.593,-0.140625,-0.78125,0.578125
10.625,-0.125,-0.78125,0.578125
10.656,-0.140625,-0.78125,0.59375
10.687,-0.140625,-0.78125,0.578125
10.718,-0.140625,-0.78125,0.578125
10.750,-0.125,-0.78125,0.578125
10.781,-0.140625,-0.78125,0.578125
10.812,-0.125,-0.78125,0.578125
10.843,-0.125,-0.78125,0.578125
10.875,-0.140625,-0.78125,0.578125
10.906,-0.125,-0.78125,0.578125
10.937,-0.125,-0.78125,0.578125
10.968,-0.125,-0.78125,0.578125
11.000,-0.140625,-0.78125,0.578125
11.031,-0.140625,-0.78125,0.578125
11.062,-0.125,-0.796875,0.578125
11.093,-0.125,-0.78125,0.59375
11.125,-0.140625,-0.78125,0.578125
11.156,-0.140625,-0.78125,0.578125
11.187,-0.125,-0.78125,0.59375
11.218,-0.125,-0.78125,0.578125
11.250,-0.125,-0.78125,0.578125
11.281,-0.140625,-0.78125,0.578125
11.312,-0.125,-0.78125,0.578125
11.343,-0.125,-0.78125,0.578125
11.375,-0.125,-0.78125,0.59375
11.406,-0.125,-0.78125,0.578125
11.437,-0.125,-0.78125,0.578125
11.468,-0.125,-0.78125,0.578125
11.500,-0.125,-0.78125,0.578125
11.531,-0.140625,-0.78125,0.578125
11.562,-0.125,-0.78125,0.578125
11.593,-0.125,-0.78125,0.578125
11.625,-0.125,-0.78125,0.578125
11.656,-0.125,-0.78125,0.578125
11.687,-0.140625,-0.78125,0.578125
11.718,-0.125,-0.78125,0.578125
11.750,-0.125,-0.78125,0.578125
11.781,-0.125,-0.78125,0.578125
11.812,-0.125,-0.78125,0.578125
11.843,-0.140625,-0.78125,0.578125
11.875,-0.140625,-0.78125,0.578125
11.906,-0.140625,-0.78125,0.578125
11.937,-0.125,-0.78125,0.578125
11.968,-0.140625,-0.78125,0.578125
12.000,-0.125,-0.78125,0.578125
12.031,-0.125,-0.78125,0.578125
12.062,-0.140625,-0.78125,0.578125
12.093,-0.140625,-0.78125,0.578125
12.125,-0.140625,-0.78125,0.578125
12.156,-0.125,-0.78125,0.578125
12.187,-0.125,-0.78125,0.578125
12.218,-0.140625,-0.78125,0.578125
12.250,-0.125,-0.78125,0.578125
12.281,-0.140625,-0.78125,0.578125
12.312,-0.125,-0.78125,0.578125
12.343,-0.125,-0.78125,0.578125
12.375,-0.140625,-0.78125,0.578125
12.406,-0.125,-0.78125,0.578125
12.437,-0.125,-0.78125,0.578125
12.468,-0.125,-0.78125,0.578125
12.500,-0.125,-0.78125,0.59375
12.531,-0.140625,-0.78125,0.578125
12.562,-0.140625,-0.78125,0.578125
12.593,-0.125,-0.78125,0.578125
12.625,-0.140625,-0.78125,0.578125
12.656,-0.125,-0.78125,0.578125
12.687,-0.140625,-0.796875,0.578125
12.718,-0.125,-0.78125,0.578125
12.750,-0.140625,-0.78125,0.578125
12.781,-0.125,-0.78125,0.578125
12.812,-0.140625,-0.78125,0.578125
12.843,-0.125,-0.78125,0.578125
12.875,-0.125,-0.78125,0.578125
12.906,-0.125,-0.78125,0.578125
12.937,-0.140625,-0.78125,0.578125
12.968,-0.125,-0.78125,0.578125
13.000,-0.125,-0.78125,0.578125
13.031,-0.140625,-0.78125,0.578125
13.062,-0.140625,-0.78125,0.578125
13.093,-0.125,-0.78125,0.578125
13.125,-0.125,-0.78125,0.578125
13.156,-0.125,-0.78125,0.59375
13.187,-0.140625,-0.78125,0.578125
13.218,-0.140625,-0.78125,0.578125
13.250,-0.140625,-0.78125,0.578125
13.281,-0.140625,-0.796875,0.578125
13.312,-0.140625,-0.78125,0.578125
13.343,-0.125,-0.78125,0.578125
13.375,-0.140625,-0.78125,0.578125
13.406,-0.125,-0.78125,0.578125
13.437,-0.125,-0.78125,0.578125
13.468,-0.125,-0.78125,0.578125
13.500,-0.140625,-0.78125,0.578125
13.531,-0.140625,-0.78125,0.578125
13.562,-0.125,-0.78125,0.578125
13.593,-0.125,-0.78125,0.578125
13.625,-0.125,-0.78125,0.578125
13.656,-0.140625,-0.78125,0.578125
13.687,-0.125,-0.78125,0.578125
13.718,-0.125,-0.78125,0.578125
13.750,-0.140625,-0.78125,0.578125
13.781,-0.140625,-0.78125,0.578125
13.812,-0.140625,-0.78125,0.578125
13.843,-0.125,-0.78125,0.578125
13.875,-0.140625,-0.796875,0.578125
13.906,-0.140625,-0.796875,0.578125
13.937,-0.125,-0.78125,0.578125
13.968,-0.125,-0.78125,0.578125
14.000,-0.125,-0.78125,0.59375
14.031,-0.140625,-0.78125,0.578125
14.062,-0.125,-0.78125,0.578125
14.093,-0.125,-0.78125,0.578125
14.125,-0.140625,-0.78125,0.578125
14.156,-0.140625,-0.78125,0.59375
14.187,-0.140625,-0.78125,0.578125
14.218,-0.125,-0.78125,0.59375
14.250,-0.140625,-0.796875,0.578125
14.281,-0.125,-0.78125,0.578125
14.312,-0.140625,-0.78125,0.578125
14.343,-0.140625,-0.78125,0.578125
14.375,-0.140625,-0.78125,0.578125
14.406,-0.140625,-0.78125,0.578125
14.437,-0.125,-0.78125,0.59375
14.468,-0.125,-0.78125,0.59375
14.500,-0.140625,-0.78125,0.578125
14.531,-0.125,-0.78125,0.59375
14.562,-0.125,-0.78125,0.59375
14.593,-0.140625,-0.78125,0.578125
14.625,-0.140625,-0.796875,0.578125
14.656,-0.125,-0.78125,0.578125
14.687,-0.140625,-0.78125,0.578125
14.718,-0.125,-0.796875,0.59375
14.750,-0.125,-0.78125,0.578125
14.781,-0.140625,-0.78125,0.578125
14.812,-0.140625,-0.78125,0.578125
14.843,-0.140625,-0.78125,0.578125
14.875,-0.140625,-0.78125,0.59375
14.906,-0.125,-0.78125,0.578125
14.937,-0.140625,-0.78125,0.578125
14.968,-0.125,-0.78125,0.578125
15.000,-0.140625,-0.78125,0.59375
15.031,-0.125,-0.78125,0.578125
15.062,-0.125,-0.78125,0.578125
15.093,-0.125,-0.78125,0.578125
15.125,-0.140625,-0.78125,0.578125
15.156,-0.140625,-0.796875,0.578125
15.187,-0.125,-0.78125,0.578125
15.218,-0.109375,-0.78125,0.59375
15.250,-0.140625,-0.78125,0.578125
15.281,-0.140625,-0.78125,0.578125
15.312,-0.140625,-0.78125,0.59375
15.343,-0.109375,-0.78125,0.59375
15.375,-0.125,-0.796875,0.578125
15.406,-0.125,-0.78125,0.5625
15.437,-0.125,-0.78125,0.59375
15.468,-0.140625,-0.796875,0.578125
15.500,-0.140625,-0.765625,0.59375
15.531,-0.125,-0.78125,0.578125
15.562,-0.125,-0.78125,0.578125
15.593,-0.125,-0.796875,0.578125
15.625,-0.125,-0.78125,0.578125
15.656,-0.125,-0.78125,0.59375
15.687,-0.140625,-0.78125,0.59375
15.718,-0.140625,-0.78125,0.578125
15.750,-0.125,-0.78125,0.578125
15.781,-0.140625,-0.78125,0.578125
15.812,-0.140625,-0.78125,0.578125
15.843,-0.140625,-0.78125,0.578125
15.875,-0.140625,-0.78125,0.578125
15.906,-0.125,-0.78125,0.578125
15.937,-0.125,-0.78125,0.578125
15.968,-0.140625,-0.78125,0.578125
16.000,-0.125,-0.78125,0.59375
16.031,-0.140625,-0.78125,0.578125
16.062,-0.140625,-0.78125,0.578125
16.093,-0.125,-0.78125,0.578125
16.125,-0.125,-0.78125,0.578125
16.156,-0.125,-0.78125,0.578125
16.187,-0.140625,-0.78125,0.578125
16.218,-0.125,-0.78125,0.578125
16.250,-0.140625,-0.78125,0.578125
16.281,-0.140625,-0.78125,0.578125
16.312,-0.125,-0.78125,0.578125
16.343,-0.125,-0.78125,0.578125
16.375,-0.125,-0.796875,0.578125
16.406,-0.125,-0.78125,0.578125
16.437,-0.140625,-0.78125,0.578125
16.468,-0.125,-0.78125,0.59375
16.500,-0.140625,-0.796875,0.578125
16.531,-0.140625,-0.78125,0.578125
16.562,-0.109375,-0.796875,0.578125
16.593,-0.125,-0.796875,0.578125
16.625,-0.125,-0.796875,0.578125
16.656,-0.125,-0.78125,0.578125
16.687,-0.125,-0.78125,0.59375
16.718,-0.140625,-0.78125,0.59375
16.750,-0.140625,-0.78125,0.578125
16.781,-0.140625,-0.78125,0.578125
16.812,-0.140625,-0.78125,0.578125
16.843,-0.140625,-0.796875,0.578125
16.875,-0.109375,-0.78125,0.59375
16.906,-0.140625,-0.78125,0.578125
16.937,-0.125,-0.78125,0.578125
16.968,-0.125,-0.78125,0.578125
17.000,-0.125,-0.78125,0.578125
17.031,-0.125,-0.78125,0.578125
17.062,-0.125,-0.78125,0.578125
17.093,-0.140625,-0.78125,0.578125
17.125,-0.140625,-0.78125,0.578125
17.156,-0.125,-0.78125,0.5625
17.187,-0.09375,-0.796875,0.5625
17.218,-0.09375,-0.796875,0.546875
17.250,-0.140625,-0.78125,0.53125
17.281,-0.109375,-0.75,0.609375
17.312,-0.109375,-0.765625,0.65625
17.343,-0.09375,-0.75,0.703125
17.375,-0.09375,-0.734375,0.71875
17.406,-0.109375,-0.75,0.640625
17.437,-0.09375,-0.75,0.625
17.468,-0.09375,-0.765625,0.625
17.500,-0.109375,-0.765625,0.625
17.531,-0.109375,-0.75,0.625
17.562,-0.109375,-0.765625,0.625
17.593,-0.09375,-0.765625,0.625
17.625,-0.09375,-0.765625,0.625
17.656,-0.09375,-0.765625,0.609375
17.687,-0.09375,-0.765625,0.625
17.718,-0.109375,-0.75,0.625
17.750,-0.078125,-0.734375,0.671875
17.781,-0.109375,-0.75,0.640625
17.812,-0.140625,-0.75,0.609375
17.843,-0.09375,-0.75,0.625
17.875,-0.109375,-0.75,0.640625
17.906,-0.109375,-0.765625,0.625
17.937,-0.125,-0.75,0.625
17.968,-0.109375,-0.75,0.625
18.000,-0.09375,-0.765625,0.65625
18.031,-0.109375,-0.765625,0.65625
18.062,-0.125,-0.765625,0.609375
18.093,-0.140625,-0.765625,0.578125
18.125,-0.140625,-0.78125,0.578125
18.156,-0.109375,-0.78125,0.578125
18.187,-0.109375,-0.796875,0.578125
18.218,-0.125,-0.78125,0.5625
18.250,-0.140625,-0.796875,0.546875
18.281,-0.109375,-0.796875,0.5625
18.312,-0.125,-0.796875,0.578125
18.343,-0.140625,-0.78125,0.578125
18.375,-0.140625,-0.78125,0.59375
18.406,-0.140625,-0.78125,0.578125
18.437,-0.125,-0.78125,0.578125
18.468,-0.140625,-0.796875,0.578125
18.500,-0.140625,-0.796875,0.578125
18.531,-0.140625,-0.78125,0.578125
18.562,-0.125,-0.78125,0.59375
18.593,-0.125,-0.78125,0.59375
18.625,-0.125,-0.78125,0.578125
18.656,-0.125,-0.78125,0.578125
18.687,-0.125,-0.796875,0.578125
18.718,-0.140625,-0.78125,0.578125
18.750,-0.140625,-0.78125,0.578125
18.781,-0.140625,-0.78125,0.578125
18.812,-0.125,-0.78125,0.578125
18.843,-0.140625,-0.78125,0.578125
18.875,-0.140625,-0.78125,0.578125
18.906,-0.125,-0.78125,0.578125
18.937,-0.140625,-0.78125,0.578125
18.968,-0.140625,-0.78125,0.578125
19.000,-0.140625,-0.78125,0.578125
19.031,-0.125,-0.78125,0.578125
19.062,-0.140625,-0.78125,0.578125
19.093,-0.140625,-0.78125,0.578125
19.125,-0.140625,-0.78125,0.578125
19.156,-0.140625,-0.78125,0.59375
19.187,-0.140625,-0.78125,0.578125
19.218,-0.140625,-0.796875,0.578125
19.250,-0.140625,-0.78125,0.578125
19.281,-0.140625,-0.78125,0.578125
19.312,-0.140625,-0.78125,0.578125
19.343,-0.140625,-0.78125,0.578125
19.375,-0.140625,-0.78125,0.578125
19.406,-0.140625,-0.78125,0.578125
19.437,-0.125,-0.78125,0.578125
19.468,-0.140625,-0.78125,0.578125
19.500,-0.140625,-0.78125,0.578125
19.531,-0.140625,-0.78125,0.578125
19.562,-0.140625,-0.78125,0.578125
19.593,-0.140625,-0.78125,0.578125
19.625,-0.140625,-0.78125,0.59375
19.656,-0.125,-0.78125,0.59375
19.687,-0.140625,-0.78125,0.59375
19.718,-0.125,-0.78125,0.59375
19.750,-0.15625,-0.796875,0.5625
19.781,-0.125,-0.78125,0.59375
19.812,-0.140625,-0.78125,0.59375
19.843,-0.140625,-0.78125,0.59375
19.875,-0.125,-0.78125,0.578125
19.906,-0.140625,-0.78125,0.578125
19.937,-0.140625,-0.78125,0.59375
19.968,-0.140625,-0.78125,0.59375
20.000,-0.140625,-0.78125,0.59375
20.031,-0.15625,-0.78125,0.578125
20.062,-0.140625,-0.78125,0.578125
20.093,-0.140625,-0.78125,0.578125
20.125,-0.140625,-0.78125,0.578125
20.156,-0.140625,-0.78125,0.59375
20.187,-0.140625,-0.78125,0.578125
20.218,-0.125,-0.78125,0.578125
20.250,-0.140625,-0.78125,0.578125
20.281,-0.140625,-0.78125,0.578125
20.312,-0.140625,-0.78125,0.59375
20.343,-0.140625,-0.78125,0.578125
20.375,-0.140625,-0.78125,0.59375
20.406,-0.140625,-0.796875,0.578125
20.437,-0.140625,-0.78125,0.578125
20.468,-0.140625,-0.78125,0.578125
20.500,-0.140625,-0.78125,0.59375
20.531,-0.125,-0.78125,0.578125
20.562,-0.140625,-0.78125,0.578125
20.593,-0.125,-0.78125,0.5625
20.625,-0.125,-0.796875,0.5625
20.656,-0.15625,-0.796875,0.5
20.687,-0.171875,-0.78125,0.546875
20.718,-0.09375,-0.765625,0.65625
20.750,-0.171875,-0.78125,0.65625
20.781,-0.15625,-0.75,0.65625
20.812,-0.109375,-0.75,0.65625
20.843,-0.078125,-0.765625,0.625
20.875,-0.109375,-0.78125,0.578125
20.906,-0.140625,-0.78125,0.578125
20.937,-0.125,-0.78125,0.578125
20.968,-0.09375,-0.765625,0.609375
21.000,-0.140625,-0.765625,0.59375
21.031,-0.125,-0.765625,0.59375
21.062,-0.109375,-0.78125,0.609375
21.093,-0.109375,-0.78125,0.59375
21.125,-0.109375,-0.765625,0.59375
21.156,-0.125,-0.765625,0.609375
21.187,-0.125,-0.765625,0.609375
21.218,-0.140625,-0.765625,0.625
21.250,-0.140625,-0.765625,0.609375
21.281,-0.125,-0.765625,0.59375
21.312,-0.109375,-0.765625,0.59375
21.343,-0.140625,-0.765625,0.59375
21.375,-0.125,-0.765625,0.59375
21.406,-0.125,-0.765625,0.609375
21.437,-0.109375,-0.765625,0.609375
21.468,-0.125,-0.78125,0.59375
21.500,-0.125,-0.765625,0.59375
21.531,-0.109375,-0.78125,0.59375
21.562,-0.109375,-0.78125,0.59375
21.593,-0.109375,-0.78125,0.578125
21.625,-0.09375,-0.765625,0.59375
21.656,-0.109375,-0.78125,0.609375
21.687,-0.140625,-0.78125,0.59375
21.718,-0.140625,-0.78125,0.59375
21.750,-0.125,-0.78125,0.59375
21.781,-0.109375,-0.78125,0.59375
21.812,-0.109375,-0.78125,0.578125
21.843,-0.109375,-0.78125,0.59375
21.875,-0.109375,-0.78125,0.59375
21.906,-0.09375,-0.78125,0.59375
21.937,-0.09375,-0.78125,0.5625
21.968,-0.171875,-0.796875,0.53125
22.000,-0.140625,-0.78125,0.546875
22.031,-0.109375,-0.78125,0.578125
22.062,-0.109375,-0.765625,0.609375
22.093,-0.109375,-0.75,0.65625
22.125,-0.0625,-0.734375,0.703125
22.156,-0.046875,-0.734375,0.71875
22.187,-0.09375,-0.765625,0.65625
22.218,-0.109375,-0.75,0.625
22.250,-0.09375,-0.75,0.609375
22.281,-0.078125,-0.765625,0.625
22.312,-0.09375,-0.765625,0.625
22.343,-0.09375,-0.765625,0.625
22.375,-0.109375,-0.75,0.609375
22.406,-0.109375,-0.765625,0.625
22.437,-0.125,-0.765625,0.609375
22.468,-0.125,-0.765625,0.609375
22.500,-0.125,-0.78125,0.578125
22.531,-0.125,-0.78125,0.578125
22.562,-0.109375,-0.78125,0.578125
22.593,-0.109375,-0.78125,0.578125
22.625,-0.125,-0.78125,0.578125
22.656,-0.125,-0.78125,0.578125
22.687,-0.140625,-0.78125,0.578125
22.718,-0.125,-0.78125,0.59375
22.750,-0.109375,-0.78125,0.578125
22.781,-0.109375,-0.78125,0.59375
22.812,-0.125,-0.78125,0.59375
22.843,-0.140625,-0.796875,0.5625
22.875,-0.140625,-0.796875,0.5625
22.906,-0.15625,-0.796875,0.546875
22.937,-0.140625,-0.796875,0.5625
22.968,-0.140625,-0.796875,0.578125
23.000,-0.140625,-0.78125,0.59375
23.031,-0.140625,-0.78125,0.578125
23.062,-0.140625,-0.78125,0.5625
23.093,-0.140625,-0.796875,0.578125
23.125,-0.140625,-0.78125,0.578125
23.156,-0.140625,-0.78125,0.578125
23.187,-0.140625,-0.796875,0.578125
23.218,-0.140625,-0.78125,0.5625
23.250,-0.109375,-0.796875,0.59375
23.281,-0.125,-0.796875,0.578125
23.312,-0.15625,-0.796875,0.5625
23.343,-0.125,-0.78125,0.59375
23.375,-0.140625,-0.796875,0.59375
23.406,-0.140625,-0.796875,0.578125
23.437,-0.140625,-0.78125,0.5625
23.468,-0.140625,-0.796875,0.578125
23.500,-0.140625,-0.796875,0.578125
23.531,-0.140625,-0.796875,0.578125
23.562,-0.140625,-0.78125,0.578125
23.593,-0.140625,-0.796875,0.578125
23.625,-0.140625,-0.78125,0.578125
23.656,-0.140625,-0.78125,0.578125
23.687,-0.140625,-0.78125,0.578125
23.718,-0.140625,-0.796875,0.578125
23.750,-0.140625,-0.78125,0.578125
23.781,-0.140625,-0.796875,0.578125
23.812,-0.140625,-0.796875,0.578125
23.843,-0.140625,-0.78125,0.5625
23.875,-0.140625,-0.796875,0.578125
23.906,-0.140625,-0.78125,0.578125
23.937,-0.140625,-0.78125,0.578125
23.968,-0.140625,-0.78125,0.578125
24.000,-0.140625,-0.796875,0.578125
24.031,-0.140625,-0.796875,0.578125
24.062,-0.140625,-0.796875,0.578125
24.093,-0.140625,-0.796875,0.578125
24.125,-0.140625,-0.796875,0.578125
24.156,-0.140625,-0.796875,0.578125
24.187,-0.140625,-0.78125,0.578125
24.218,-0.140625,-0.78125,0.578125
24.250,-0.140625,-0.78125,0.578125
24.281,-0.125,-0.78125,0.59375
24.312,-0.125,-0.796875,0.578125
24.343,-0.140625,-0.78125,0.59375
24.375,-0.125,-0.78125,0.59375
24.406,-0.09375,-0.78125,0.625
24.437,-0.15625,-0.796875,0.578125
24.468,-0.15625,-0.78125,0.578125
24.500,-0.171875,-0.78125,0.5625
24.531,-0.140625,-0.796875,0.546875
24.562,-0.140625,-0.796875,0.546875
24.593,-0.15625,-0.796875,0.546875
24.625,-0.15625,-0.796875,0.5625
24.656,-0.15625,-0.78125,0.59375
24.687,-0.125,-0.78125,0.609375
24.718,-0.15625,-0.796875,0.609375
24.750,-0.1875,-0.796875,0.5625
24.781,-0.171875,-0.796875,0.53125
24.812,-0.15625,-0.796875,0.53125
24.843,-0.15625,-0.8125,0.53125
24.875,-0.203125,-0.8125,0.5
24.906,-0.203125,-0.828125,0.484375
24.937,-0.171875,-0.8125,0.53125
24.968,-0.21875,-0.8125,0.546875
25.000,-0.1875,-0.796875,0.546875
25.031,-0.15625,-0.8125,0.5625
25.062,-0.171875,-0.8125,0.546875
25.093,-0.21875,-0.8125,0.515625
25.125,-0.21875,-0.796875,0.515625
25.156,-0.234375,-0.8125,0.46875
25.187,-0.234375,-0.828125,0.484375
25.218,-0.234375,-0.8125,0.5
25.250,-0.265625,-0.8125,0.484375
25.281,-0.234375,-0.796875,0.515625
25.312,-0.21875,-0.796875,0.5625
25.343,-0.265625,-0.8125,0.515625
25.375,-0.21875,-0.796875,0.53125
25.406,-0.203125,-0.828125,0.515625
25.437,-0.203125,-0.8125,0.515625
25.468,-0.234375,-0.8125,0.53125
25.500,-0.21875,-0.796875,0.546875
25.531,-0.203125,-0.8125,0.546875
25.562,-0.25,-0.828125,0.484375
25.593,-0.21875,-0.8125,0.5
25.625,-0.21875,-0.828125,0.5
25.656,-0.21875,-0.8125,0.515625
25.687,-0.25,-0.828125,0.5
25.718,-0.25,-0.796875,0.515625
25.750,-0.234375,-0.8125,0.53125
25.781,-0.234375,-0.8125,0.546875
25.812,-0.21875,-0.8125,0.5
25.843,-0.25,-0.828125,0.5
25.875,-0.234375,-0.8125,0.5
25.906,-0.28125,-0.8125,0.484375
25.937,-0.265625,-0.828125,0.484375
25.968,-0.265625,-0.8125,0.5
26.000,-0.25,-0.8125,0.53125
26.031,-0.25,-0.8125,0.515625
26.062,-0.28125,-0.8125,0.484375
26.093,-0.265625,-0.8125,0.484375
26.125,-0.25,-0.8125,0.5
26.156,-0.265625,-0.8125,0.5
26.187,-0.234375,-0.8125,0.515625
26.218,-0.234375,-0.828125,0.484375
26.250,-0.265625,-0.8125,0.484375
26.281,-0.28125,-0.8125,0.46875
26.312,-0.265625,-0.8125,0.484375
26.343,-0.28125,-0.8125,0.484375
26.375,-0.25,-0.8125,0.5
26.406,-0.1875,-0.8125,0.53125
26.437,-0.203125,-0.828125,0.53125
26.468,-0.25,-0.8125,0.53125
26.500,-0.25,-0.796875,0.546875
26.531,-0.234375,-0.796875,0.53125
26.562,-0.234375,-0.828125,0.5
26.593,-0.25,-0.8125,0.5
26.625,-0.25,-0.796875,0.515625
26.656,-0.25,-0.8125,0.515625
26.687,-0.234375,-0.796875,0.515625
26.718,-0.265625,-0.8125,0.5
26.750,-0.25,-0.8125,0.5
26.781,-0.234375,-0.8125,0.5
26.812,-0.21875,-0.8125,0.53125
26.843,-0.21875,-0.8125,0.53125
26.875,-0.21875,-0.8125,0.515625
26.906,-0.21875,-0.8125,0.515625
26.937,-0.234375,-0.8125,0.5
26.968,-0.265625,-0.8125,0.5
27.000,-0.234375,-0.8125,0.515625
27.031,-0.234375,-0.8125,0.515625
27.062,-0.234375,-0.8125,0.515625
27.093,-0.234375,-0.8125,0.515625
27.125,-0.234375,-0.8125,0.515625
27.156,-0.234375,-0.8125,0.5
27.187,-0.234375,-0.8125,0.515625
27.218,-0.25,-0.8125,0.53125
27.250,-0.21875,-0.796875,0.53125
27.281,-0.203125,-0.8125,0.515625
27.312,-0.21875,-0.8125,0.53125
27.343,-0.21875,-0.8125,0.515625
27.375,-0.21875,-0.8125,0.515625
27.406,-0.21875,-0.8125,0.515625
27.437,-0.234375,-0.8125,0.515625
27.468,-0.234375,-0.8125,0.53125
27.500,-0.21875,-0.8125,0.515625
27.531,-0.21875,-0.8125,0.515625
27.562,-0.21875,-0.8125,0.515625
27.593,-0.21875,-0.8125,0.53125
27.625,-0.21875,-0.8125,0.515625
27.656,-0.21875,-0.8125,0.515625
27.687,-0.21875,-0.8125,0.53125
27.718,-0.21875,-0.8125,0.53125
27.750,-0.21875,-0.8125,0.515625
27.781,-0.21875,-0.8125,0.515625
27.812,-0.21875,-0.8125,0.515625
27.843,-0.21875,-0.8125,0.53125
27.875,-0.21875,-0.8125,0.515625
27.906,-0.21875,-0.8125,0.515625
27.937,-0.21875,-0.8125,0.53125
27.968,-0.21875,-0.8125,0.515625
28.000,-0.21875,-0.8125,0.515625
28.031,-0.21875,-0.8125,0.515625
28.062,-0.21875,-0.8125,0.515625
28.093,-0.21875,-0.8125,0.515625
28.125,-0.21875,-0.8125,0.515625
28.156,-0.21875,-0.8125,0.515625
28.187,-0.21875,-0.8125,0.515625
28.218,-0.21875,-0.8125,0.515625
28.250,-0.21875,-0.8125,0.515625
28.281,-0.21875,-0.8125,0.515625
28.312,-0.21875,-0.8125,0.515625
28.343,-0.21875,-0.8125,0.515625
28.375,-0.21875,-0.8125,0.53125
28.406,-0.21875,-0.8125,0.515625
28.437,-0.21875,-0.8125,0.515625
28.468,-0.21875,-0.8125,0.515625
28.500,-0.21875,-0.8125,0.515625
28.531,-0.21875,-0.8125,0.515625
28.562,-0.21875,-0.8125,0.515625
28.593,-0.21875,-0.8125,0.515625
28.625,-0.21875,-0.8125,0.515625
28.656,-0.21875,-0.8125,0.515625
28.687,-0.21875,-0.8125,0.515625
28.718,-0.21875,-0.8125,0.53125
28.750,-0.21875,-0.8125,0.515625
28.781,-0.21875,-0.8125,0.515625
28.812,-0.21875,-0.8125,0.515625
28.843,-0.21875,-0.8125,0.515625
28.875,-0.21875,-0.8125,0.515625
28.906,-0.21875,-0.8125,0.515625
28.937,-0.21875,-0.8125,0.515625
28.968,-0.21875,-0.8125,0.515625
29.000,-0.21875,-0.8125,0.515625
29.031,-0.21875,-0.8125,0.515625
29.062,-0.21875,-0.8125,0.53125
29.093,-0.21875,-0.8125,0.515625
29.125,-0.21875,-0.8125,0.515625
29.156,-0.21875,-0.8125,0.515625
29.187,-0.21875,-0.8125,0.515625
29.218,-0.21875,-0.8125,0.515625
29.250,-0.21875,-0.8125,0.515625
29.281,-0.21875,-0.8125,0.515625
29.312,-0.21875,-0.8125,0.515625
29.343,-0.21875,-0.8125,0.515625
29.375,-0.21875,-0.8125,0.515625
29.406,-0.21875,-0.8125,0.515625
29.437,-0.21875,-0.8125,0.515625
29.468,-0.21875,-0.8125,0.515625
29.500,-0.21875,-0.8125,0.515625
29.531,-0.21875,-0.8125,0.515625
29.562,-0.21875,-0.8125,0.515625
29.593,-0.21875,-0.8125,0.515625
29.625,-0.21875,-0.8125,0.515625
29.656,-0.21875,-0.8125,0.515625
29.687,-0.21875,-0.8125,0.515625
29.718,-0.21875,-0.8125,0.53125
29.750,-0.21875,-0.8125,0.53125
29.781,-0.21875,-0.8125,0.515625
29.812,-0.21875,-0.8125,0.515625
29.843,-0.21875,-0.8125,0.515625
29.875,-0.21875,-0.8125,0.515625
29.906,-0.21875,-0.8125,0.515625
29.937,-0.21875,-0.8125,0.515625
29.968,-0.21875,-0.8125,0.515625
30.000,-0.21875,-0.8125,0.515625
30.031,-0.234375,-0.8125,0.515625
30.062,-0.21875,-0.8125,0.515625
30.093,-0.21875,-0.796875,0.53125
30.125,-0.21875,-0.8125,0.515625
30.156,-0.21875,-0.8125,0.515625
30.187,-0.21875,-0.8125,0.53125
30.218,-0.234375,-0.8125,0.515625
30.250,-0.234375,-0.8125,0.515625
30.281,-0.21875,-0.8125,0.53125
30.312,-0.21875,-0.8125,0.515625
30.343,-0.21875,-0.8125,0.515625
30.375,-0.21875,-0.8125,0.515625
30.406,-0.21875,-0.8125,0.53125
30.437,-0.21875,-0.8125,0.53125
30.468,-0.21875,-0.8125,0.515625
30.500,-0.21875,-0.8125,0.515625
30.531,-0.234375,-0.8125,0.515625
30.562,-0.21875,-0.8125,0.515625
30.593,-0.21875,-0.8125,0.515625
30.625,-0.21875,-0.8125,0.515625
30.656,-0.21875,-0.8125,0.515625
30.687,-0.21875,-0.8125,0.515625
30.718,-0.21875,-0.8125,0.515625
30.750,-0.21875,-0.8125,0.515625
30.781,-0.234375,-0.8125,0.515625
30.812,-0.234375,-0.8125,0.515625
30.843,-0.234375,-0.8125,0.515625
30.875,-0.234375,-0.8125,0.53125
30.906,-0.234375,-0.8125,0.53125
30.937,-0.21875,-0.8125,0.53125
30.968,-0.21875,-0.8125,0.515625
31.000,-0.234375,-0.8125,0.515625
31.031,-0.234375,-0.8125,0.515625
31.062,-0.21875,-0.8125,0.53125
31.093,-0.234375,-0.8125,0.53125
31.125,-0.234375,-0.8125,0.515625
31.156,-0.234375,-0.8125,0.515625
31.187,-0.234375,-0.8125,0.515625
31.218,-0.21875,-0.8125,0.515625
31.250,-0.234375,-0.796875,0.515625
31.281,-0.234375,-0.8125,0.53125
31.312,-0.234375,-0.8125,0.515625
31.343,-0.21875,-0.796875,0.515625
31.375,-0.234375,-0.8125,0.515625
31.406,-0.234375,-0.8125,0.53125
31.437,-0.25,-0.8125,0.515625
31.468,-0.234375,-0.8125,0.515625
31.500,-0.25,-0.796875,0.515625
31.531,-0.25,-0.796875,0.53125
31.562,-0.234375,-0.796875,0.53125
31.593,-0.234375,-0.796875,0.53125
31.625,-0.25,-0.796875,0.53125
31.656,-0.21875,-0.796875,0.53125
31.687,-0.1875,-0.796875,0.578125
31.718,-0.265625,-0.8125,0.515625
31.750,-0.25,-0.796875,0.515625
31.781,-0.234375,-0.796875,0.53125
31.812,-0.234375,-0.796875,0.53125
31.843,-0.234375,-0.796875,0.53125
31.875,-0.21875,-0.796875,0.53125
31.906,-0.21875,-0.8125,0.53125
31.937,-0.21875,-0.796875,0.53125
31.968,-0.21875,-0.796875,0.53125
32.000,-0.21875,-0.796875,0.53125
32.031,-0.234375,-0.796875,0.53125
32.062,-0.234375,-0.8125,0.53125
32.093,-0.234375,-0.8125,0.53125
32.125,-0.21875,-0.796875,0.53125
32.156,-0.21875,-0.8125,0.53125
32.187,-0.234375,-0.796875,0.53125
32.218,-0.21875,-0.796875,0.53125
32.250,-0.203125,-0.8125,0.546875
32.281,-0.171875,-0.796875,0.5625
32.312,-0.15625,-0.796875,0.546875
32.343,-0.15625,-0.796875,0.53125
32.375,-0.1875,-0.8125,0.5
32.406,-0.171875,-0.796875,0.5
32.437,-0.21875,-0.78125,0.484375
32.468,-0.25,-0.75,0.515625
32.500,-0.265625,-0.734375,0.546875
32.531,-0.3125,-0.71875,0.5625
32.562,-0.359375,-0.71875,0.53125
32.593,-0.390625,-0.6875,0.53125
32.625,-0.484375,-0.671875,0.5
32.656,-0.484375,-0.671875,0.5
32.687,-0.625,-0.640625,0.484375
32.718,-0.71875,-0.640625,0.5
32.750,-0.8125,-0.609375,0.546875
32.781,-0.78125,-0.625,0.53125
32.812,-0.734375,-0.640625,0.53125
32.843,-0.65625,-0.625,0.5
32.875,-0.640625,-0.640625,0.484375
32.906,-0.578125,-0.53125,0.6875
32.937,-0.75,-0.546875,0.890625
32.968,-0.734375,-0.53125,0.90625
33.000,-0.625,-0.4375,0.90625
33.031,-0.578125,-0.421875,0.65625
33.062,-0.578125,-0.453125,0.515625
33.093,-0.390625,-0.53125,0.265625
33.125,-0.234375,-0.59375,0.203125
33.156,-0.015625,-0.6875,0.140625
33.187,-0.234375,-0.59375,0.21875
33.218,-0.234375,-0.546875,0.265625
33.250,-0.4375,-0.296875,0.53125
33.281,-0.640625,-0.390625,0.6875
33.312,-0.53125,-0.5,1.109375
33.343,-0.671875,-0.46875,1.015625
33.375,-0.8125,-0.4375,0.828125
33.406,-1.140625,-0.265625,0.59375
33.437,-0.703125,-0.21875,0.671875
33.468,-0.65625,-0.21875,0.5625
33.500,-0.984375,-0.265625,0.390625
33.531,-0.890625,-0.265625,0.53125
33.562,-0.953125,-0.203125,0.625
33.593,-0.796875,-0.171875,0.703125
33.625,-0.765625,-0.0625,0.8125
33.656,-0.828125,-0.078125,0.65625
33.687,-0.75,-0.078125,0.65625
33.718,-0.734375,-0.09375,0.59375
33.750,-0.859375,-0.140625,0.625
33.781,-0.921875,-0.203125,0.5
33.812,-0.890625,-0.171875,0.421875
33.843,-0.796875,-0.09375,0.671875
33.875,-0.734375,-0.09375,0.6875
33.906,-0.765625,-0.03125,0.609375
33.937,-0.78125,0.0,0.640625
33.968,-0.828125,-0.15625,0.453125
34.000,-0.96875,-0.203125,0.421875
34.031,-0.96875,-0.21875,0.453125
34.062,-0.828125,-0.15625,0.5625
34.093,-0.796875,-0.09375,0.578125
34.125,-0.8125,-0.0625,0.5625
34.156,-0.84375,-0.125,0.5
34.187,-0.890625,-0.15625,0.484375
34.218,-0.875,-0.15625,0.515625
34.250,-0.84375,-0.15625,0.53125
34.281,-0.8125,-0.140625,0.546875
34.312,-0.84375,-0.125,0.53125
34.343,-0.84375,-0.140625,0.53125
34.375,-0.890625,-0.140625,0.5
34.406,-0.859375,-0.15625,0.515625
34.437,-0.828125,-0.109375,0.515625
34.468,-0.875,-0.140625,0.5
34.500,-0.859375,-0.140625,0.515625
34.531,-0.859375,-0.140625,0.515625
34.562,-0.84375,-0.140625,0.515625
34.593,-0.84375,-0.140625,0.515625
34.625,-0.859375,-0.125,0.515625
34.656,-0.875,-0.140625,0.515625
34.687,-0.875,-0.15625,0.5
34.718,-0.875,-0.125,0.53125
34.750,-0.875,-0.109375,0.5625
34.781,-0.890625,-0.140625,0.5625
34.812,-0.953125,-0.171875,0.546875
34.843,-1.0,-0.140625,0.546875
34.875,-1.046875,-0.109375,0.453125
34.906,-1.125,-0.109375,0.46875
34.937,-0.921875,-0.1875,0.71875
34.968,-0.671875,-0.34375,1.0
35.000,-0.640625,-0.40625,0.9375
35.031,-0.640625,-0.46875,0.5625
35.062,-0.5625,-0.5,0.484375
35.093,-0.515625,-0.515625,0.375
35.125,-0.359375,-0.390625,0.484375
35.156,-0.28125,-0.3125,0.640625
35.187,-0.078125,-0.390625,0.8125
35.218,0.0,-0.421875,0.90625
35.250,-0.296875,-0.484375,0.921875
35.281,-0.40625,-0.46875,0.8125
35.312,-0.390625,-0.453125,0.78125
35.343,-0.390625,-0.4375,0.765625
35.375,-0.515625,-0.453125,0.671875
35.406,-0.53125,-0.453125,0.6875
35.437,-0.421875,-0.34375,0.84375
35.468,-0.578125,-0.453125,0.796875
35.500,-0.5625,-0.484375,0.734375
35.531,-0.515625,-0.59375,0.6875
35.562,-0.46875,-0.59375,0.6875
35.593,-0.421875,-0.5625,0.65625
35.625,-0.40625,-0.5625,0.640625
35.656,-0.4375,-0.5625,0.640625
35.687,-0.4375,-0.5625,0.703125
35.718,-0.421875,-0.578125,0.703125
35.750,-0.375,-0.578125,0.734375
35.781,-0.375,-0.59375,0.703125
35.812,-0.34375,-0.59375,0.6875
35.843,-0.390625,-0.578125,0.671875
35.875,-0.421875,-0.578125,0.671875
35.906,-0.40625,-0.578125,0.6875
35.937,-0.375,-0.578125,0.71875
35.968,-0.390625,-0.59375,0.71875
36.000,-0.390625,-0.59375,0.734375
36.031,-0.40625,-0.59375,0.71875
36.062,-0.390625,-0.578125,0.671875
36.093,-0.453125,-0.59375,0.65625
36.125,-0.40625,-0.609375,0.6875
36.156,-0.421875,-0.578125,0.671875
36.187,-0.40625,-0.546875,0.703125
36.218,-0.40625,-0.609375,0.671875
36.250,-0.328125,-0.578125,0.75
36.281,-0.328125,-0.53125,0.765625
36.312,-0.34375,-0.59375,0.71875
36.343,-0.328125,-0.59375,0.703125
36.375,-0.390625,-0.578125,0.703125
36.406,-0.390625,-0.5625,0.734375
36.437,-0.359375,-0.578125,0.71875
36.468,-0.359375,-0.59375,0.703125
36.500,-0.34375,-0.5625,0.734375
36.531,-0.34375,-0.578125,0.734375
36.562,-0.359375,-0.59375,0.71875
36.593,-0.375,-0.5625,0.734375
36.625,-0.359375,-0.578125,0.6875
36.656,-0.375,-0.5625,0.75
36.687,-0.375,-0.5625,0.765625
36.718,-0.375,-0.5625,0.671875
36.750,-0.390625,-0.578125,0.6875
36.781,-0.40625,-0.5625,0.703125
36.812,-0.34375,-0.5625,0.703125
36.843,-0.328125,-0.546875,0.75
36.875,-0.359375,-0.546875,0.734375
36.906,-0.34375,-0.546875,0.703125
36.937,-0.390625,-0.53125,0.703125
36.968,-0.3125,-0.59375,0.75
37.000,-0.34375,-0.59375,0.703125
37.031,-0.484375,-0.5625,0.65625
37.062,-0.5,-0.65625,0.703125
37.093,-0.46875,-0.671875,0.65625
37.125,-0.578125,-0.625,0.578125
37.156,-0.5,-0.609375,0.640625
37.187,-0.5,-0.5625,0.6875
37.218,-0.453125,-0.5625,0.65625
37.250,-0.484375,-0.578125,0.65625
37.281,-0.59375,-0.59375,0.5625
37.312,-0.546875,-0.625,0.5625
37.343,-0.578125,-0.59375,0.5625
37.375,-0.515625,-0.65625,0.5
37.406,-0.46875,-0.609375,0.59375
37.437,-0.59375,-0.625,0.5
37.468,-0.59375,-0.546875,0.546875
37.500,-0.546875,-0.5625,0.65625
37.531,-0.609375,-0.609375,0.640625
37.562,-0.65625,-0.625,0.609375
37.593,-0.59375,-0.578125,0.59375
37.625,-0.578125,-0.625,0.625
37.656,-0.5625,-0.640625,0.609375
37.687,-0.671875,-0.625,0.609375
37.718,-0.703125,-0.625,0.59375
37.750,-0.703125,-0.703125,0.5625
37.781,-0.59375,-0.765625,0.53125
37.812,-0.5625,-0.78125,0.5
37.843,-0.53125,-0.796875,0.46875
37.875,-0.40625,-0.828125,0.4375
37.906,-0.375,-0.796875,0.390625
37.937,-0.265625,-0.734375,0.359375
37.968,-0.28125,-0.71875,0.34375
38.000,-0.203125,-0.65625,0.421875
38.031,-0.1875,-0.6875,0.390625
38.062,-0.203125,-0.671875,0.375
38.093,-0.203125,-0.734375,0.421875
38.125,-0.15625,-0.734375,0.453125
38.156,-0.09375,-0.78125,0.421875
38.187,-0.015625,-0.796875,0.34375
38.218,0.03125,-0.78125,0.40625
38.250,-0.03125,-0.8125,0.53125
38.281,-0.015625,-0.859375,0.53125
38.312,-0.046875,-0.90625,0.515625
38.343,-0.109375,-0.921875,0.5
38.375,-0.125,-0.921875,0.46875
38.406,-0.15625,-0.921875,0.515625
38.437,-0.125,-0.921875,0.5
38.468,-0.109375,-0.890625,0.46875
38.500,-0.15625,-0.828125,0.609375
38.531,-0.109375,-0.890625,0.578125
38.562,-0.203125,-0.9375,0.453125
38.593,-0.140625,-0.828125,0.40625
38.625,-0.109375,-0.8125,0.421875
38.656,-0.09375,-0.828125,0.515625
38.687,-0.171875,-0.875,0.484375
38.718,-0.15625,-0.890625,0.46875
38.750,-0.078125,-0.875,0.421875
38.781,-0.046875,-0.828125,0.453125
38.812,-0.09375,-0.84375,0.53125
38.843,-0.125,-0.84375,0.5625
38.875,-0.09375,-0.828125,0.5625
38.906,-0.0625,-0.8125,0.53125
38.937,-0.09375,-0.8125,0.53125
38.968,-0.140625,-0.828125,0.5
39.000,-0.125,-0.84375,0.515625
39.031,-0.125,-0.828125,0.53125
39.062,-0.125,-0.828125,0.53125
39.093,-0.09375,-0.828125,0.53125
39.125,-0.109375,-0.828125,0.53125
39.156,-0.109375,-0.828125,0.53125
39.187,-0.109375,-0.828125,0.515625
39.218,-0.125,-0.828125,0.53125
39.250,-0.15625,-0.828125,0.515625
39.281,-0.15625,-0.828125,0.515625
39.312,-0.125,-0.828125,0.515625
39.343,-0.125,-0.828125,0.515625
39.375,-0.140625,-0.828125,0.5
39.406,-0.140625,-0.828125,0.515625
39.437,-0.140625,-0.84375,0.515625
39.468,-0.125,-0.828125,0.515625
39.500,-0.125,-0.828125,0.515625
39.531,-0.125,-0.828125,0.515625
39.562,-0.125,-0.828125,0.515625
39.593,-0.125,-0.828125,0.515625
39.625,-0.140625,-0.828125,0.53125
39.656,-0.109375,-0.828125,0.53125
39.687,-0.109375,-0.828125,0.515625
39.718,-0.109375,-0.828125,0.546875
39.750,-0.125,-0.828125,0.546875
39.781,-0.140625,-0.828125,0.5
39.812,-0.109375,-0.8125,0.546875
39.843,-0.125,-0.828125,0.546875
39.875,-0.140625,-0.828125,0.53125
39.906,-0.140625,-0.8125,0.53125
39.937,-0.140625,-0.828125,0.515625
39.968,-0.125,-0.828125,0.515625
40.000,-0.140625,-0.828125,0.5
40.031,-0.109375,-0.8125,0.546875
40.062,-0.15625,-0.8125,0.53125
40.093,-0.125,-0.828125,0.53125
40.125,-0.171875,-0.828125,0.5
40.156,-0.15625,-0.828125,0.515625
40.187,-0.140625,-0.828125,0.515625
40.218,-0.140625,-0.828125,0.53125
40.250,-0.125,-0.8125,0.53125
40.281,-0.109375,-0.828125,0.515625
40.312,-0.140625,-0.828125,0.515625
40.343,-0.140625,-0.828125,0.53125
40.375,-0.15625,-0.828125,0.515625
40.406,-0.140625,-0.8125,0.53125
40.437,-0.140625,-0.828125,0.53125
40.468,-0.140625,-0.828125,0.515625
40.500,-0.140625,-0.828125,0.515625
40.531,-0.140625,-0.828125,0.515625
40.562,-0.140625,-0.828125,0.515625
40.593,-0.140625,-0.828125,0.515625
40.625,-0.140625,-0.828125,0.5
40.656,-0.140625,-0.828125,0.515625
40.687,-0.140625,-0.828125,0.53125
40.718,-0.140625,-0.828125,0.53125
40.750,-0.140625,-0.828125,0.515625
40.781,-0.140625,-0.828125,0.515625
40.812,-0.140625,-0.828125,0.515625
40.843,-0.140625,-0.828125,0.515625
40.875,-0.140625,-0.828125,0.515625
40.906,-0.140625,-0.828125,0.515625
40.937,-0.140625,-0.828125,0.53125
40.968,-0.140625,-0.828125,0.53125
41.000,-0.140625,-0.828125,0.515625
41.031,-0.140625,-0.828125,0.515625
41.062,-0.140625,-0.828125,0.53125
41.093,-0.140625,-0.828125,0.53125
41.125,-0.140625,-0.828125,0.53125
41.156,-0.140625,-0.828125,0.515625
41.187,-0.140625,-0.828125,0.515625
41.218,-0.140625,-0.828125,0.515625
41.250,-0.140625,-0.828125,0.53125
41.281,-0.140625,-0.828125,0.515625
41.312,-0.140625,-0.828125,0.515625
41.343,-0.140625,-0.828125,0.515625
41.375,-0.140625,-0.828125,0.515625
41.406,-0.125,-0.828125,0.53125
41.437,-0.125,-0.828125,0.53125
41.468,-0.140625,-0.828125,0.53125
41.500,-0.140625,-0.828125,0.515625
41.531,-0.140625,-0.828125,0.515625
41.562,-0.140625,-0.828125,0.515625
41.593,-0.140625,-0.828125,0.515625
41.625,-0.140625,-0.828125,0.515625
41.656,-0.15625,-0.828125,0.53125
41.687,-0.15625,-0.828125,0.515625
41.718,-0.15625,-0.828125,0.515625
41.750,-0.15625,-0.828125,0.515625
41.781,-0.15625,-0.828125,0.515625
41.812,-0.15625,-0.828125,0.515625
41.843,-0.15625,-0.828125,0.515625
41.875,-0.15625,-0.828125,0.515625
41.906,-0.15625,-0.828125,0.515625
41.937,-0.15625,-0.828125,0.515625
41.968,-0.140625,-0.828125,0.515625
42.000,-0.15625,-0.828125,0.515625
42.031,-0.140625,-0.828125,0.515625
42.062,-0.140625,-0.828125,0.515625
42.093,-0.140625,-0.828125,0.515625
42.125,-0.140625,-0.828125,0.515625
42.156,-0.140625,-0.828125,0.515625
42.187,-0.140625,-0.828125,0.515625
42.218,-0.140625,-0.828125,0.515625
42.250,-0.140625,-0.828125,0.515625
42.281,-0.140625,-0.828125,0.515625
42.312,-0.140625,-0.828125,0.515625
42.343,-0.140625,-0.828125,0.515625
42.375,-0.140625,-0.828125,0.515625
42.406,-0.140625,-0.828125,0.515625
42.437,-0.140625,-0.828125,0.515625
42.468,-0.140625,-0.828125,0.515625
42.500,-0.15625,-0.84375,0.515625
42.531,-0.140625,-0.828125,0.515625
42.562,-0.140625,-0.828125,0.515625
42.593,-0.140625,-0.828125,0.515625
42.625,-0.140625,-0.828125,0.515625
42.656,-0.140625,-0.828125,0.515625
42.687,-0.140625,-0.828125,0.515625
42.718,-0.140625,-0.828125,0.515625
42.750,-0.140625,-0.828125,0.515625
42.781,-0.15625,-0.828125,0.53125
42.812,-0.15625,-0.828125,0.53125
42.843,-0.15625,-0.828125,0.515625
42.875,-0.140625,-0.828125,0.515625
42.906,-0.125,-0.828125,0.515625
42.937,-0.15625,-0.828125,0.515625
42.968,-0.171875,-0.8125,0.53125
43.000,-0.140625,-0.828125,0.53125
43.031,-0.140625,-0.828125,0.515625
43.062,-0.140625,-0.828125,0.515625
43.093,-0.15625,-0.828125,0.515625
43.125,-0.15625,-0.828125,0.53125
43.156,-0.140625,-0.828125,0.53125
43.187,-0.140625,-0.828125,0.515625
43.218,-0.140625,-0.828125,0.515625
43.250,-0.140625,-0.828125,0.515625
43.281,-0.140625,-0.828125,0.53125
43.312,-0.140625,-0.828125,0.53125
43.343,-0.140625,-0.828125,0.53125
43.375,-0.140625,-0.828125,0.515625
43.406,-0.140625,-0.828125,0.515625
43.437,-0.140625,-0.828125,0.515625
43.468,-0.140625,-0.828125,0.515625
43.500,-0.140625,-0.828125,0.53125
43.531,-0.140625,-0.828125,0.53125
43.562,-0.140625,-0.828125,0.515625
43.593,-0.140625,-0.828125,0.515625
43.625,-0.140625,-0.828125,0.53125
43.656,-0.140625,-0.8125,0.515625
43.687,-0.140625,-0.828125,0.515625
43.718,-0.140625,-0.828125,0.515625
43.750,-0.140625,-0.8125,0.515625
43.781,-0.140625,-0.828125,0.515625
43.812,-0.140625,-0.828125,0.53125
43.843,-0.140625,-0.828125,0.515625
43.875,-0.140625,-0.8125,0.515625
43.906,-0.140625,-0.828125,0.515625
43.937,-0.140625,-0.828125,0.53125
43.968,-0.140625,-0.8125,0.53125
44.000,-0.140625,-0.828125,0.515625
44.031,-0.15625,-0.828125,0.515625
44.062,-0.140625,-0.828125,0.515625
44.093,-0.140625,-0.828125,0.515625
44.125,-0.140625,-0.828125,0.53125
44.156,-0.140625,-0.828125,0.515625
44.187,-0.140625,-0.828125,0.515625
44.218,-0.15625,-0.828125,0.515625
44.250,-0.140625,-0.828125,0.515625
44.281,-0.140625,-0.828125,0.515625
44.312,-0.140625,-0.828125,0.53125
44.343,-0.140625,-0.828125,0.515625
44.375,-0.140625,-0.828125,0.53125
44.406,-0.15625,-0.828125,0.515625
44.437,-0.140625,-0.8125,0.515625
44.468,-0.140625,-0.828125,0.515625
44.500,-0.140625,-0.828125,0.515625
44.531,-0.140625,-0.828125,0.53125
44.562,-0.140625,-0.828125,0.53125
44.593,-0.140625,-0.828125,0.515625
44.625,-0.140625,-0.828125,0.515625
44.656,-0.140625,-0.828125,0.515625
44.687,-0.140625,-0.8125,0.53125
44.718,-0.140625,-0.828125,0.53125
44.750,-0.15625,-0.828125,0.5
44.781,-0.140625,-0.828125,0.515625
44.812,-0.15625,-0.828125,0.53125
44.843,-0.15625,-0.828125,0.53125
44.875,-0.140625,-0.828125,0.515625
44.906,-0.140625,-0.828125,0.515625
44.937,-0.140625,-0.828125,0.515625
44.968,-0.140625,-0.828125,0.515625
45.000,-0.140625,-0.828125,0.515625
45.031,-0.140625,-0.828125,0.515625
45.062,-0.140625,-0.828125,0.515625
45.093,-0.15625,-0.828125,0.515625
45.125,-0.140625,-0.828125,0.515625
45.156,-0.140625,-0.828125,0.515625
45.187,-0.15625,-0.828125,0.53125
45.218,-0.140625,-0.828125,0.515625
45.250,-0.140625,-0.828125,0.515625
45.281,-0.140625,-0.828125,0.53125
45.312,-0.140625,-0.828125,0.53125
45.343,-0.140625,-0.828125,0.53125
45.375,-0.140625,-0.828125,0.515625
45.406,-0.140625,-0.828125,0.53125
45.437,-0.140625,-0.828125,0.53125
45.468,-0.15625,-0.828125,0.515625
45.500,-0.140625,-0.828125,0.515625
45.531,-0.140625,-0.828125,0.53125
45.562,-0.140625,-0.828125,0.515625
45.593,-0.140625,-0.828125,0.515625
45.625,-0.140625,-0.828125,0.53125
45.656,-0.140625,-0.828125,0.53125
45.687,-0.140625,-0.828125,0.515625
45.718,-0.15625,-0.828125,0.53125
45.750,-0.140625,-0.828125,0.515625
45.781,-0.140625,-0.828125,0.515625
45.812,-0.140625,-0.828125,0.515625
45.843,-0.140625,-0.8125,0.53125
45.875,-0.15625,-0.828125,0.515625
45.906,-0.15625,-0.828125,0.515625
45.937,-0.15625,-0.828125,0.53125
45.968,-0.15625,-0.828125,0.515625
46.000,-0.140625,-0.828125,0.515625
46.031,-0.140625,-0.828125,0.515625
46.062,-0.140625,-0.828125,0.53125
46.093,-0.140625,-0.828125,0.515625
46.125,-0.140625,-0.828125,0.53125
46.156,-0.15625,-0.828125,0.53125
46.187,-0.15625,-0.828125,0.515625
46.218,-0.140625,-0.828125,0.515625
46.250,-0.140625,-0.8125,0.53125
46.281,-0.140625,-0.828125,0.515625
46.312,-0.140625,-0.828125,0.515625
46.343,-0.140625,-0.828125,0.53125
46.375,-0.140625,-0.828125,0.515625
46.406,-0.140625,-0.828125,0.53125
46.437,-0.140625,-0.8125,0.53125
46.468,-0.140625,-0.828125,0.515625
46.500,-0.140625,-0.828125,0.515625
46.531,-0.140625,-0.828125,0.515625
46.562,-0.140625,-0.828125,0.515625
46.593,-0.140625,-0.828125,0.515625
46.625,-0.15625,-0.828125,0.515625
46.656,-0.15625,-0.828125,0.53125
46.687,-0.15625,-0.828125,0.53125
46.718,-0.140625,-0.828125,0.515625
46.750,-0.140625,-0.828125,0.515625
46.781,-0.140625,-0.828125,0.515625
46.812,-0.140625,-0.828125,0.515625
46.843,-0.140625,-0.828125,0.515625
46.875,-0.140625,-0.828125,0.53125
46.906,-0.140625,-0.828125,0.53125
46.937,-0.140625,-0.828125,0.53125
46.968,-0.140625,-0.828125,0.515625
47.000,-0.140625,-0.828125,0.515625
47.031,-0.140625,-0.828125,0.53125
47.062,-0.140625,-0.828125,0.515625
47.093,-0.140625,-0.8125,0.53125
47.125,-0.15625,-0.828125,0.515625
47.156,-0.140625,-0.828125,0.515625
47.187,-0.140625,-0.828125,0.53125
47.218,-0.15625,-0.828125,0.515625
47.250,-0.140625,-0.828125,0.53125
47.281,-0.140625,-0.828125,0.515625
47.312,-0.140625,-0.828125,0.53125
47.343,-0.140625,-0.828125,0.53125
47.375,-0.140625,-0.828125,0.515625
47.406,-0.15625,-0.828125,0.515625
47.437,-0.140625,-0.828125,0.515625
47.468,-0.140625,-0.828125,0.53125
47.500,-0.140625,-0.828125,0.515625
47.531,-0.140625,-0.828125,0.53125
47.562,-0.140625,-0.828125,0.53125
47.593,-0.140625,-0.828125,0.53125
47.625,-0.140625,-0.828125,0.515625
47.656,-0.140625,-0.828125,0.515625
47.687,-0.140625,-0.828125,0.53125
47.718,-0.15625,-0.828125,0.53125
47.750,-0.15625,-0.828125,0.515625
47.781,-0.140625,-0.828125,0.515625
47.812,-0.15625,-0.828125,0.53125
47.843,-0.140625,-0.828125,0.53125
47.875,-0.140625,-0.828125,0.515625
47.906,-0.15625,-0.828125,0.515625
47.937,-0.140625,-0.828125,0.53125
47.968,-0.140625,-0.828125,0.53125
48.000,-0.140625,-0.828125,0.515625
48.031,-0.15625,-0.828125,0.515625
48.062,-0.15625,-0.828125,0.515625
48.093,-0.140625,-0.828125,0.515625
48.125,-0.140625,-0.828125,0.515625
48.156,-0.140625,-0.828125,0.53125
48.187,-0.140625,-0.828125,0.515625
48.218,-0.140625,-0.8125,0.53125
48.250,-0.15625,-0.828125,0.515625
48.281,-0.140625,-0.828125,0.53125
48.312,-0.140625,-0.828125,0.515625
48.343,-0.15625,-0.828125,0.53125
48.375,-0.140625,-0.828125,0.515625
48.406,-0.140625,-0.828125,0.515625
48.437,-0.140625,-0.828125,0.515625
48.468,-0.140625,-0.828125,0.515625
48.500,-0.140625,-0.828125,0.53125
48.531,-0.140625,-0.828125,0.515625
48.562,-0.140625,-0.828125,0.515625
48.593,-0.140625,-0.828125,0.515625
48.625,-0.140625,-0.828125,0.515625
48.656,-0.140625,-0.828125,0.515625
48.687,-0.15625,-0.828125,0.53125
48.718,-0.140625,-0.828125,0.53125
48.750,-0.140625,-0.828125,0.515625
48.781,-0.140625,-0.828125,0.515625
48.812,-0.15625,-0.828125,0.53125
48.843,-0.140625,-0.828125,0.515625
48.875,-0.140625,-0.828125,0.515625
48.906,-0.140625,-0.828125,0.515625
48.937,-0.140625,-0.828125,0.53125
48.968,-0.140625,-0.828125,0.53125
49.000,-0.140625,-0.828125,0.53125
49.031,-0.15625,-0.828125,0.515625
49.062,-0.140625,-0.828125,0.515625
49.093,-0.140625,-0.8125,0.53125
49.125,-0.140625,-0.828125,0.515625
49.156,-0.140625,-0.828125,0.515625
49.187,-0.140625,-0.828125,0.53125
49.218,-0.140625,-0.8125,0.53125
49.250,-0.140625,-0.828125,0.515625
49.281,-0.140625,-0.828125,0.515625
49.312,-0.140625,-0.8125,0.53125
49.343,-0.15625,-0.828125,0.53125
49.375,-0.140625,-0.828125,0.515625
49.406,-0.15625,-0.828125,0.515625
49.437,-0.15625,-0.828125,0.515625
49.468,-0.15625,-0.828125,0.53125
49.500,-0.140625,-0.828125,0.515625
49.531,-0.140625,-0.828125,0.515625
49.562,-0.140625,-0.828125,0.515625
49.593,-0.140625,-0.828125,0.515625
49.625,-0.140625,-0.828125,0.53125
49.656,-0.15625,-0.828125,0.53125
49.687,-0.15625,-0.828125,0.53125
49.718,-0.15625,-0.828125,0.515625
49.750,-0.15625,-0.828125,0.515625
49.781,-0.140625,-0.828125,0.515625
49.812,-0.140625,-0.828125,0.515625
49.843,-0.140625,-0.828125,0.515625
49.875,-0.140625,-0.828125,0.515625
49.906,-0.140625,-0.828125,0.515625
49.937,-0.140625,-0.828125,0.515625
49.968,-0.140625,-0.828125,0.53125
50.000,-0.15625,-0.828125,0.53125
50.031,-0.15625,-0.828125,0.53125
50.062,-0.140625,-0.828125,0.515625
50.093,-0.140625,-0.828125,0.515625
50.125,-0.15625,-0.828125,0.515625
50.156,-0.140625,-0.828125,0.53125
50.187,-0.140625,-0.828125,0.53125
50.218,-0.140625,-0.828125,0.515625
50.250,-0.15625,-0.828125,0.515625
50.281,-0.140625,-0.828125,0.53125
50.312,-0.140625,-0.8125,0.53125
50.343,-0.140625,-0.828125,0.515625
50.375,-0.140625,-0.828125,0.515625
50.406,-0.140625,-0.828125,0.515625
50.437,-0.140625,-0.828125,0.515625
50.468,-0.140625,-0.8125,0.53125
50.500,-0.15625,-0.828125,0.515625
50.531,-0.140625,-0.828125,0.515625
50.562,-0.140625,-0.828125,0.53125
50.593,-0.15625,-0.828125,0.53125
50.625,-0.140625,-0.828125,0.515625
50.656,-0.140625,-0.828125,0.515625
50.687,-0.140625,-0.828125,0.53125
50.718,-0.140625,-0.828125,0.515625
50.750,-0.140625,-0.828125,0.515625
50.781,-0.15625,-0.828125,0.53125
50.812,-0.15625,-0.828125,0.515625
50.843,-0.15625,-0.828125,0.515625
50.875,-0.140625,-0.828125,0.515625
50.906,-0.140625,-0.828125,0.515625
50.937,-0.15625,-0.828125,0.515625
50.968,-0.140625,-0.828125,0.53125
51.000,-0.140625,-0.8125,0.53125
51.031,-0.140625,-0.828125,0.53125
51.062,-0.140625,-0.828125,0.53125
51.093,-0.140625,-0.8125,0.515625
51.125,-0.15625,-0.828125,0.515625
51.156,-0.140625,-0.828125,0.515625
51.187,-0.140625,-0.828125,0.515625
51.218,-0.140625,-0.828125,0.515625
51.250,-0.140625,-0.828125,0.53125
51.281,-0.15625,-0.828125,0.515625
51.312,-0.140625,-0.828125,0.515625
51.343,-0.140625,-0.828125,0.515625
51.375,-0.140625,-0.828125,0.53125
51.406,-0.15625,-0.828125,0.53125
51.437,-0.140625,-0.828125,0.515625
51.468,-0.140625,-0.828125,0.53125
51.500,-0.140625,-0.828125,0.53125
51.531,-0.15625,-0.828125,0.515625
51.562,-0.140625,-0.828125,0.515625
51.593,-0.15625,-0.828125,0.515625
51.625,-0.15625,-0.828125,0.515625
51.656,-0.140625,-0.828125,0.53125
51.687,-0.140625,-0.828125,0.515625
51.718,-0.140625,-0.828125,0.515625
51.750,-0.140625,-0.828125,0.515625
51.781,-0.140625,-0.828125,0.53125
51.812,-0.140625,-0.828125,0.515625
51.843,-0.15625,-0.828125,0.53125
51.875,-0.15625,-0.828125,0.515625
51.906,-0.140625,-0.828125,0.515625
51.937,-0.140625,-0.828125,0.515625
51.968,-0.140625,-0.828125,0.53125
52.000,-0.140625,-0.828125,0.53125
52.031,-0.140625,-0.828125,0.515625
52.062,-0.140625,-0.828125,0.515625
52.093,-0.140625,-0.828125,0.53125
52.125,-0.15625,-0.828125,0.515625
52.156,-0.15625,-0.828125,0.515625
52.187,-0.15625,-0.828125,0.515625
52.218,-0.140625,-0.828125,0.53125
52.250,-0.140625,-0.828125,0.515625
52.281,-0.140625,-0.8125,0.53125
52.312,-0.140625,-0.828125,0.53125
52.343,-0.140625,-0.828125,0.53125
52.375,-0.140625,-0.828125,0.515625
52.406,-0.140625,-0.828125,0.53125
52.437,-0.140625,-0.828125,0.53125
52.468,-0.140625,-0.828125,0.53125
52.500,-0.15625,-0.828125,0.515625
52.531,-0.15625,-0.828125,0.515625
52.562,-0.140625,-0.828125,0.515625
52.593,-0.140625,-0.8125,0.53125
52.625,-0.140625,-0.828125,0.515625
52.656,-0.140625,-0.828125,0.53125
52.687,-0.140625,-0.828125,0.515625
52.718,-0.140625,-0.828125,0.515625
52.750,-0.140625,-0.828125,0.53125
52.781,-0.15625,-0.828125,0.53125
52.812,-0.15625,-0.828125,0.515625
52.843,-0.140625,-0.828125,0.515625
52.875,-0.140625,-0.828125,0.53125
52.906,-0.140625,-0.828125,0.53125
52.937,-0.140625,-0.828125,0.53125
52.968,-0.140625,-0.828125,0.53125
53.000,-0.140625,-0.828125,0.515625
53.031,-0.140625,-0.828125,0.53125
53.062,-0.140625,-0.828125,0.515625
53.093,-0.15625,-0.828125,0.53125
53.125,-0.140625,-0.828125,0.515625
53.156,-0.140625,-0.828125,0.53125
53.187,-0.140625,-0.828125,0.515625
53.218,-0.140625,-0.828125,0.53125
53.250,-0.140625,-0.828125,0.515625
53.281,-0.140625,-0.828125,0.515625
53.312,-0.140625,-0.828125,0.515625
53.343,-0.140625,-0.828125,0.53125
53.375,-0.15625,-0.828125,0.515625
53.406,-0.140625,-0.828125,0.515625
53.437,-0.15625,-0.828125,0.53125
53.468,-0.15625,-0.828125,0.53125
53.500,-0.140625,-0.828125,0.515625
53.531,-0.140625,-0.828125,0.515625
53.562,-0.140625,-0.828125,0.53125
53.593,-0.140625,-0.828125,0.53125
53.625,-0.140625,-0.828125,0.53125
53.656,-0.15625,-0.828125,0.53125
53.687,-0.15625,-0.828125,0.53125
53.718,-0.15625,-0.8125,0.515625
53.750,-0.140625,-0.828125,0.515625
53.781,-0.140625,-0.828125,0.515625
53.812,-0.140625,-0.828125,0.53125
53.843,-0.140625,-0.8125,0.515625
53.875,-0.140625,-0.828125,0.53125
53.906,-0.15625,-0.828125,0.515625
53.937,-0.140625,-0.8125,0.515625
53.968,-0.15625,-0.828125,0.515625
54.000,-0.140625,-0.828125,0.53125
54.031,-0.15625,-0.828125,0.515625
54.062,-0.140625,-0.828125,0.515625
54.093,-0.140625,-0.828125,0.515625
54.125,-0.140625,-0.828125,0.53125
54.156,-0.140625,-0.828125,0.53125
54.187,-0.140625,-0.828125,0.515625
54.218,-0.140625,-0.828125,0.53125
54.250,-0.140625,-0.828125,0.53125
54.281,-0.140625,-0.828125,0.515625
54.312,-0.15625,-0.828125,0.515625
54.343,-0.140625,-0.828125,0.515625
54.375,-0.140625,-0.828125,0.515625
54.406,-0.140625,-0.828125,0.515625
54.437,-0.140625,-0.8125,0.515625
54.468,-0.140625,-0.828125,0.515625
54.500,-0.15625,-0.828125,0.515625
54.531,-0.140625,-0.828125,0.515625
54.562,-0.140625,-0.828125,0.515625
54.593,-0.15625,-0.828125,0.515625
54.625,-0.140625,-0.828125,0.515625
54.656,-0.140625,-0.8125,0.53125
54.687,-0.140625,-0.828125,0.53125
54.718,-0.15625,-0.828125,0.515625
54.750,-0.140625,-0.828125,0.515625
54.781,-0.140625,-0.828125,0.515625
54.812,-0.140625,-0.828125,0.53125
54.843,-0.140625,-0.828125,0.515625
54.875,-0.140625,-0.828125,0.515625
54.906,-0.140625,-0.828125,0.515625
54.937,-0.140625,-0.828125,0.515625
54.968,-0.140625,-0.828125,0.53125
55.000,-0.140625,-0.828125,0.515625
55.031,-0.140625,-0.828125,0.515625
55.062,-0.140625,-0.8125,0.53125
55.093,-0.15625,-0.828125,0.515625
55.125,-0.15625,-0.8125,0.5
55.156,-0.140625,-0.828125,0.53125
55.187,-0.15625,-0.828125,0.53125
55.218,-0.140625,-0.828125,0.515625
55.250,-0.140625,-0.828125,0.515625
55.281,-0.140625,-0.828125,0.53125
55.312,-0.140625,-0.8125,0.515625
55.343,-0.140625,-0.828125,0.515625
55.375,-0.15625,-0.828125,0.515625
55.406,-0.15625,-0.828125,0.515625
55.437,-0.15625,-0.828125,0.515625
55.468,-0.140625,-0.828125,0.53125
55.500,-0.15625,-0.828125,0.53125
55.531,-0.140625,-0.828125,0.515625
55.562,-0.140625,-0.828125,0.515625
55.593,-0.140625,-0.8125,0.53125
55.625,-0.15625,-0.828125,0.53125
55.656,-0.15625,-0.828125,0.515625
55.687,-0.140625,-0.828125,0.515625
55.718,-0.15625,-0.828125,0.515625
55.750,-0.15625,-0.828125,0.515625
55.781,-0.140625,-0.828125,0.515625
55.812,-0.15625,-0.828125,0.515625
55.843,-0.15625,-0.828125,0.53125
55.875,-0.140625,-0.828125,0.53125
55.906,-0.140625,-0.828125,0.515625
55.937,-0.140625,-0.828125,0.515625
55.968,-0.140625,-0.828125,0.515625
56.000,-0.15625,-0.828125,0.515625
56.031,-0.15625,-0.8125,0.515625
56.062,-0.140625,-0.828125,0.515625
56.093,-0.140625,-0.828125,0.515625
56.125,-0.140625,-0.828125,0.515625
56.156,-0.140625,-0.828125,0.53125
56.187,-0.15625,-0.828125,0.53125
56.218,-0.140625,-0.828125,0.515625
56.250,-0.140625,-0.828125,0.53125
56.281,-0.15625,-0.828125,0.515625
56.312,-0.15625,-0.828125,0.515625
56.343,-0.140625,-0.828125,0.515625
56.375,-0.140625,-0.828125,0.515625
56.406,-0.140625,-0.828125,0.53125
56.437,-0.140625,-0.828125,0.515625
56.468,-0.140625,-0.828125,0.515625
56.500,-0.140625,-0.828125,0.515625
56.531,-0.140625,-0.828125,0.515625
56.562,-0.15625,-0.828125,0.515625
56.593,-0.140625,-0.828125,0.53125
56.625,-0.140625,-0.828125,0.515625
56.656,-0.140625,-0.828125,0.53125
56.687,-0.140625,-0.828125,0.53125
56.718,-0.140625,-0.828125,0.515625
56.750,-0.140625,-0.828125,0.515625
56.781,-0.140625,-0.828125,0.515625
56.812,-0.140625,-0.828125,0.515625
56.843,-0.140625,-0.828125,0.515625
56.875,-0.140625,-0.8125,0.515625
56.906,-0.140625,-0.828125,0.515625
56.937,-0.140625,-0.828125,0.515625
56.968,-0.140625,-0.828125,0.515625
57.000,-0.140625,-0.828125,0.515625
57.031,-0.140625,-0.8125,0.515625
57.062,-0.140625,-0.8125,0.53125
57.093,-0.140625,-0.828125,0.53125
57.125,-0.140625,-0.828125,0.53125
57.156,-0.140625,-0.8125,0.53125
57.187,-0.140625,-0.828125,0.53125
57.218,-0.140625,-0.828125,0.515625
57.250,-0.140625,-0.828125,0.515625
57.281,-0.140625,-0.828125,0.53125
57.312,-0.15625,-0.828125,0.53125
57.343,-0.140625,-0.828125,0.515625
57.375,-0.140625,-0.828125,0.515625
57.406,-0.140625,-0.828125,0.515625
57.437,-0.140625,-0.828125,0.515625
57.468,-0.140625,-0.828125,0.53125
57.500,-0.15625,-0.828125,0.515625
57.531,-0.140625,-0.828125,0.515625
57.562,-0.140625,-0.828125,0.515625
57.593,-0.140625,-0.828125,0.515625
57.625,-0.140625,-0.828125,0.515625
57.656,-0.140625,-0.828125,0.515625
57.687,-0.140625,-0.828125,0.515625
57.718,-0.140625,-0.828125,0.515625
57.750,-0.140625,-0.828125,0.515625
57.781,-0.140625,-0.828125,0.53125
57.812,-0.140625,-0.828125,0.53125
57.843,-0.15625,-0.828125,0.53125
57.875,-0.15625,-0.828125,0.515625
57.906,-0.140625,-0.828125,0.515625
57.937,-0.140625,-0.828125,0.515625
57.968,-0.140625,-0.828125,0.515625
58.000,-0.15625,-0.828125,0.515625
58.031,-0.140625,-0.828125,0.515625
58.062,-0.140625,-0.8125,0.515625
58.093,-0.140625,-0.828125,0.53125
58.125,-0.15625,-0.828125,0.515625
58.156,-0.15625,-0.828125,0.515625
58.187,-0.140625,-0.828125,0.515625
58.218,-0.15625,-0.828125,0.515625
58.250,-0.140625,-0.828125,0.53125
58.281,-0.15625,-0.828125,0.515625
58.312,-0.140625,-0.828125,0.515625
58.343,-0.140625,-0.828125,0.515625
58.375,-0.140625,-0.828125,0.53125
58.406,-0.140625,-0.828125,0.53125
58.437,-0.140625,-0.828125,0.515625
58.468,-0.15625,-0.828125,0.515625
58.500,-0.15625,-0.828125,0.515625
58.531,-0.140625,-0.828125,0.515625
58.562,-0.140625,-0.828125,0.515625
58.593,-0.15625,-0.828125,0.5
58.625,-0.15625,-0.828125,0.515625
58.656,-0.15625,-0.828125,0.515625
58.687,-0.140625,-0.828125,0.53125
58.718,-0.140625,-0.828125,0.515625
58.750,-0.15625,-0.828125,0.515625
58.781,-0.15625,-0.828125,0.515625
58.812,-0.15625,-0.828125,0.515625
58.843,-0.15625,-0.828125,0.515625
58.875,-0.15625,-0.828125,0.515625
58.906,-0.15625,-0.828125,0.515625
58.937,-0.140625,-0.828125,0.515625
58.968,-0.140625,-0.828125,0.53125
59.000,-0.15625,-0.828125,0.515625
59.031,-0.140625,-0.828125,0.53125
59.062,-0.140625,-0.828125,0.53125
59.093,-0.15625,-0.828125,0.515625
59.125,-0.140625,-0.828125,0.515625
59.156,-0.15625,-0.828125,0.515625
59.187,-0.140625,-0.828125,0.515625
59.218,-0.15625,-0.828125,0.515625
59.250,-0.15625,-0.828125,0.53125
59.281,-0.15625,-0.828125,0.515625
59.312,-0.15625,-0.828125,0.515625
59.343,-0.15625,-0.828125,0.515625
59.375,-0.140625,-0.828125,0.515625
59.406,-0.140625,-0.828125,0.515625
59.437,-0.15625,-0.828125,0.53125
59.468,-0.15625,-0.828125,0.515625
59.500,-0.140625,-0.828125,0.515625
59.531,-0.15625,-0.828125,0.515625
59.562,-0.140625,-0.828125,0.515625
59.593,-0.140625,-0.828125,0.515625
59.625,-0.140625,-0.828125,0.515625
59.656,-0.15625,-0.828125,0.515625
59.687,-0.15625,-0.828125,0.515625
59.718,-0.15625,-0.828125,0.515625
59.750,-0.140625,-0.828125,0.515625
59.781,-0.140625,-0.828125,0.515625
59.812,-0.15625,-0.828125,0.515625
59.843,-0.15625,-0.828125,0.515625
59.875,-0.15625,-0.828125,0.515625
59.906,-0.140625,-0.828125,0.515625
59.937,-0.140625,-0.828125,0.515625
59.968,-0.140625,-0.828125,0.53125
