timestamp,x,y,z
00.000,-0.6875,-0.6875,-0.078125
00.031,-0.703125,-0.703125,-0.125
00.062,-0.640625,-0.71875,-0.21875
00.093,-0.640625,-0.78125,-0.28125
00.125,-0.59375,-0.796875,-0.46875
00.156,-0.546875,-0.78125,-0.453125
00.187,-0.640625,-0.703125,-0.359375
00.218,-0.421875,-0.765625,-0.296875
00.250,-0.421875,-0.78125,-0.234375
00.281,-0.5,-0.6875,0.0
00.312,-0.890625,-0.65625,0.03125
00.343,-1.125,-0.640625,0.078125
00.375,-0.96875,-0.28125,1.125
00.406,-0.296875,-0.53125,1.296875
00.437,-0.75,-0.734375,0.171875
00.468,-0.625,-0.703125,0.09375
00.500,-0.609375,-0.671875,0.171875
00.531,-0.625,-0.640625,0.390625
00.562,-0.640625,-0.609375,0.421875
00.593,-0.734375,-0.625,0.296875
00.625,-0.6875,-0.65625,0.328125
00.656,-0.71875,-0.640625,0.421875
00.687,-0.8125,-0.53125,0.5
00.718,-0.765625,-0.59375,0.3125
00.750,-0.734375,-0.59375,0.25
00.781,-0.75,-0.546875,0.171875
00.812,-0.734375,-0.625,0.078125
00.843,-0.46875,-0.78125,-0.28125
00.875,-0.734375,-0.796875,-0.234375
00.906,-1.0,-0.828125,-0.25
00.937,-0.671875,-0.59375,0.734375
00.968,0.21875,-0.359375,1.859375
01.000,-1.359375,-0.828125,-0.109375
01.031,-0.5625,-0.59375,0.21875
01.062,-0.71875,-0.546875,0.203125
01.093,-0.71875,-0.671875,0.265625
01.125,-0.8125,-0.671875,0.25
01.156,-0.796875,-0.65625,0.25
01.187,-0.71875,-0.59375,0.25
01.218,-0.6875,-0.609375,0.234375
01.250,-0.71875,-0.640625,0.21875
01.281,-0.734375,-0.625,0.234375
01.312,-0.75,-0.609375,0.25
01.343,-0.75,-0.65625,0.25
01.375,-0.765625,-0.640625,0.25
01.406,-0.75,-0.625,0.234375
01.437,-0.71875,-0.640625,0.234375
01.468,-0.734375,-0.625,0.25
01.500,-0.75,-0.625,0.25
01.531,-0.75,-0.625,0.234375
01.562,-0.71875,-0.625,0.234375
01.593,-0.734375,-0.640625,0.234375
01.625,-0.734375,-0.640625,0.234375
01.656,-0.734375,-0.640625,0.234375
01.687,-0.734375,-0.640625,0.234375
01.718,-0.734375,-0.625,0.25
01.750,-0.734375,-0.625,0.234375
01.781,-0.734375,-0.640625,0.25
01.812,-0.734375,-0.640625,0.25
01.843,-0.75,-0.640625,0.25
01.875,-0.75,-0.640625,0.25
01.906,-0.734375,-0.625,0.25
01.937,-0.75,-0.609375,0.234375
01.968,-0.734375,-0.640625,0.234375
02.000,-0.734375,-0.625,0.25
02.031,-0.734375,-0.625,0.25
02.062,-0.75,-0.625,0.25
02.093,-0.75,-0.640625,0.234375
02.125,-0.71875,-0.640625,0.203125
02.156,-0.734375,-0.609375,0.28125
02.187,-0.78125,-0.609375,0.25
02.218,-0.75,-0.609375,0.234375
02.250,-0.71875,-0.609375,0.265625
02.281,-0.703125,-0.609375,0.234375
02.312,-0.71875,-0.625,0.234375
02.343,-0.71875,-0.625,0.25
02.375,-0.734375,-0.671875,0.234375
02.406,-0.765625,-0.640625,0.25
02.437,-0.75,-0.625,0.25
02.468,-0.765625,-0.640625,0.25
02.500,-0.75,-0.640625,0.25
02.531,-0.703125,-0.625,0.25
02.562,-0.6875,-0.640625,0.234375
02.593,-0.703125,-0.625,0.234375
02.625,-0.71875,-0.671875,0.234375
02.656,-0.75,-0.671875,0.234375
02.687,-0.75,-0.65625,0.234375
02.718,-0.71875,-0.640625,0.25
02.750,-0.71875,-0.625,0.234375
02.781,-0.734375,-0.640625,0.234375
02.812,-0.734375,-0.640625,0.234375
02.843,-0.71875,-0.65625,0.234375
02.875,-0.6875,-0.640625,0.25
02.906,-0.6875,-0.671875,0.25
02.937,-0.71875,-0.671875,0.21875
02.968,-0.6875,-0.703125,0.234375
03.000,-0.703125,-0.6875,0.234375
03.031,-0.6875,-0.703125,0.234375
03.062,-0.6875,-0.71875,0.234375
03.093,-0.671875,-0.703125,0.234375
03.125,-0.671875,-0.703125,0.21875
03.156,-0.671875,-0.703125,0.21875
03.187,-0.65625,-0.734375,0.21875
03.218,-0.625,-0.71875,0.234375
03.250,-0.59375,-0.75,0.21875
03.281,-0.59375,-0.78125,0.203125
03.312,-0.578125,-0.78125,0.21875
03.343,-0.578125,-0.78125,0.21875
03.375,-0.59375,-0.78125,0.21875
03.406,-0.578125,-0.78125,0.21875
03.437,-0.578125,-0.796875,0.203125
03.468,-0.578125,-0.8125,0.203125
03.500,-0.609375,-0.8125,0.171875
03.531,-0.5625,-0.78125,0.21875
03.562,-0.546875,-0.765625,0.234375
03.593,-0.578125,-0.765625,0.21875
03.625,-0.578125,-0.765625,0.21875
03.656,-0.5625,-0.78125,0.203125
03.687,-0.59375,-0.828125,0.1875
03.718,-0.59375,-0.828125,0.1875
03.750,-0.5625,-0.796875,0.21875
03.781,-0.546875,-0.796875,0.21875
03.812,-0.5625,-0.78125,0.203125
03.843,-0.5625,-0.796875,0.1875
03.875,-0.5625,-0.796875,0.171875
03.906,-0.546875,-0.796875,0.1875
03.937,-0.546875,-0.828125,0.1875
03.968,-0.5625,-0.828125,0.203125
04.000,-0.5625,-0.828125,0.1875
04.031,-0.546875,-0.8125,0.1875
04.062,-0.53125,-0.828125,0.1875
04.093,-0.53125,-0.828125,0.1875
04.125,-0.53125,-0.828125,0.171875
04.156,-0.53125,-0.8125,0.1875
04.187,-0.53125,-0.828125,0.1875
04.218,-0.546875,-0.828125,0.1875
04.250,-0.546875,-0.8125,0.171875
04.281,-0.53125,-0.8125,0.1875
04.312,-0.515625,-0.8125,0.1875
04.343,-0.515625,-0.8125,0.1875
04.375,-0.53125,-0.84375,0.1875
04.406,-0.546875,-0.84375,0.1875
04.437,-0.546875,-0.84375,0.1875
04.468,-0.546875,-0.828125,0.1875
04.500,-0.53125,-0.828125,0.1875
04.531,-0.515625,-0.828125,0.1875
04.562,-0.515625,-0.8125,0.1875
04.593,-0.53125,-0.8125,0.1875
04.625,-0.546875,-0.828125,0.1875
04.656,-0.53125,-0.828125,0.1875
04.687,-0.53125,-0.828125,0.1875
04.718,-0.53125,-0.8125,0.203125
04.750,-0.546875,-0.8125,0.203125
04.781,-0.546875,-0.8125,0.203125
04.812,-0.546875,-0.796875,0.203125
04.843,-0.546875,-0.796875,0.203125
04.875,-0.5625,-0.796875,0.21875
04.906,-0.546875,-0.796875,0.21875
04.937,-0.546875,-0.796875,0.21875
04.968,-0.578125,-0.8125,0.203125
05.000,-0.578125,-0.8125,0.21875
05.031,-0.578125,-0.78125,0.21875
05.062,-0.578125,-0.75,0.234375
05.093,-0.578125,-0.75,0.21875
05.125,-0.578125,-0.765625,0.21875
05.156,-0.59375,-0.765625,0.234375
05.187,-0.609375,-0.75,0.234375
05.218,-0.609375,-0.75,0.21875
05.250,-0.609375,-0.75,0.234375
05.281,-0.625,-0.765625,0.21875
05.312,-0.625,-0.75,0.21875
05.343,-0.625,-0.75,0.21875
05.375,-0.640625,-0.734375,0.21875
05.406,-0.640625,-0.734375,0.21875
05.437,-0.65625,-0.703125,0.21875
05.468,-0.671875,-0.71875,0.21875
05.500,-0.671875,-0.703125,0.21875
05.531,-0.671875,-0.703125,0.21875
05.562,-0.6875,-0.703125,0.21875
05.593,-0.6875,-0.6875,0.21875
05.625,-0.671875,-0.6875,0.21875
05.656,-0.6875,-0.6875,0.21875
05.687,-0.703125,-0.6875,0.21875
05.718,-0.703125,-0.671875,0.21875
05.750,-0.6875,-0.6875,0.21875
05.781,-0.703125,-0.6875,0.21875
05.812,-0.703125,-0.671875,0.21875
05.843,-0.703125,-0.6875,0.21875
05.875,-0.703125,-0.6875,0.21875
05.906,-0.71875,-0.671875,0.21875
05.937,-0.6875,-0.6875,0.21875
05.968,-0.6875,-0.6875,0.21875
06.000,-0.6875,-0.671875,0.21875
06.031,-0.703125,-0.6875,0.21875
06.062,-0.703125,-0.6875,0.21875
06.093,-0.6875,-0.6875,0.21875
06.125,-0.6875,-0.6875,0.21875
06.156,-0.6875,-0.6875,0.21875
06.187,-0.671875,-0.6875,0.234375
06.218,-0.6875,-0.6875,0.234375
06.250,-0.6875,-0.6875,0.234375
06.281,-0.6875,-0.6875,0.234375
06.312,-0.671875,-0.6875,0.21875
06.343,-0.6875,-0.6875,0.234375
06.375,-0.703125,-0.703125,0.234375
06.406,-0.6875,-0.703125,0.234375
06.437,-0.671875,-0.703125,0.21875
06.468,-0.671875,-0.703125,0.21875
06.500,-0.671875,-0.6875,0.21875
06.531,-0.671875,-0.671875,0.21875
06.562,-0.671875,-0.6875,0.21875
06.593,-0.671875,-0.703125,0.203125
06.625,-0.6875,-0.6875,0.21875
06.656,-0.71875,-0.671875,0.21875
06.687,-0.703125,-0.671875,0.21875
06.718,-0.671875,-0.703125,0.21875
06.750,-0.671875,-0.71875,0.21875
06.781,-0.671875,-0.71875,0.21875
06.812,-0.6875,-0.6875,0.21875
06.843,-0.6875,-0.6875,0.234375
06.875,-0.65625,-0.71875,0.21875
06.906,-0.671875,-0.734375,0.21875
06.937,-0.671875,-0.703125,0.234375
06.968,-0.65625,-0.734375,0.21875
07.000,-0.65625,-0.71875,0.234375
07.031,-0.671875,-0.71875,0.21875
07.062,-0.640625,-0.703125,0.21875
07.093,-0.640625,-0.71875,0.234375
07.125,-0.71875,-0.671875,0.40625
07.156,-0.6875,-0.671875,0.25
07.187,-0.59375,-0.71875,0.1875
07.218,-0.671875,-0.78125,0.15625
07.250,-0.734375,-0.75,0.203125
07.281,-0.640625,-0.6875,0.328125
07.312,-0.625,-0.671875,0.28125
07.343,-0.59375,-0.6875,0.15625
07.375,-0.515625,-0.78125,0.15625
07.406,-0.4375,-0.671875,0.203125
07.437,-0.5,-0.734375,-0.09375
07.468,-0.65625,-0.703125,-0.453125
07.500,-0.828125,-0.6875,-0.796875
07.531,-0.703125,-0.8125,-0.828125
07.562,-0.453125,-0.90625,-0.359375
07.593,-0.375,-0.875,-0.1875
07.625,-0.21875,-0.875,-0.015625
07.656,-0.21875,-0.84375,-0.015625
07.687,-0.28125,-0.796875,-0.140625
07.718,-0.703125,-0.671875,-0.640625
07.750,-0.75,-0.71875,-0.8125
07.781,-0.65625,-0.78125,-0.609375
07.812,-0.609375,-0.8125,-0.390625
07.843,-0.484375,-0.859375,-0.171875
07.875,-0.34375,-0.796875,0.03125
07.906,-0.359375,-0.765625,0.0625
07.937,-0.515625,-0.75,-0.171875
07.968,-0.59375,-0.734375,-0.3125
08.000,-0.6875,-0.734375,-0.515625
08.031,-0.640625,-0.796875,-0.484375
08.062,-0.625,-0.828125,-0.421875
08.093,-0.546875,-0.8125,-0.265625
08.125,-0.546875,-0.8125,-0.265625
08.156,-0.546875,-0.796875,-0.28125
08.187,-0.578125,-0.796875,-0.296875
08.218,-0.59375,-0.796875,-0.3125
08.250,-0.625,-0.828125,-0.3125
08.281,-0.71875,-0.84375,-0.359375
08.312,-0.78125,-0.78125,-0.328125
08.343,-0.765625,-0.609375,-0.25
08.375,-0.734375,-0.625,-0.234375
08.406,-0.609375,-0.65625,-0.25
08.437,-0.515625,-0.703125,-0.28125
08.468,-0.46875,-0.703125,-0.296875
08.500,-0.46875,-0.71875,-0.328125
08.531,-0.46875,-0.734375,-0.34375
08.562,-0.5,-0.734375,-0.34375
08.593,-0.640625,-0.71875,-0.28125
08.625,-0.65625,-0.71875,-0.234375
08.656,-0.703125,-0.71875,-0.234375
08.687,-0.6875,-0.703125,-0.25
08.718,-0.671875,-0.6875,-0.25
08.750,-0.65625,-0.71875,-0.234375
08.781,-0.640625,-0.71875,-0.234375
08.812,-0.640625,-0.71875,-0.265625
08.843,-0.65625,-0.703125,-0.25
08.875,-0.671875,-0.703125,-0.25
08.906,-0.6875,-0.671875,-0.234375
08.937,-0.6875,-0.671875,-0.25
08.968,-0.671875,-0.6875,-0.203125
09.000,-0.671875,-0.703125,-0.1875
09.031,-0.671875,-0.703125,-0.1875
09.062,-0.65625,-0.71875,-0.203125
09.093,-0.640625,-0.71875,-0.203125
09.125,-0.640625,-0.71875,-0.21875
09.156,-0.65625,-0.71875,-0.234375
09.187,-0.65625,-0.71875,-0.21875
09.218,-0.65625,-0.71875,-0.203125
09.250,-0.65625,-0.71875,-0.203125
09.281,-0.671875,-0.71875,-0.1875
09.312,-0.671875,-0.71875,-0.1875
09.343,-0.671875,-0.703125,-0.1875
09.375,-0.671875,-0.703125,-0.203125
09.406,-0.671875,-0.6875,-0.1875
09.437,-0.671875,-0.671875,-0.171875
09.468,-0.671875,-0.640625,-0.140625
09.500,-0.671875,-0.609375,-0.125
09.531,-0.59375,-0.5625,-0.046875
09.562,-0.59375,-0.53125,0.09375
09.593,-0.640625,-0.53125,0.203125
09.625,-0.703125,-0.484375,0.265625
09.656,-0.84375,-0.484375,0.359375
09.687,-0.828125,-0.5,0.4375
09.718,-0.578125,-0.46875,0.5
09.750,-0.65625,-0.40625,0.578125
09.781,-0.6875,-0.328125,0.796875
09.812,-0.78125,-0.28125,0.75
09.843,-0.765625,-0.265625,0.71875
09.875,-0.8125,-0.296875,0.6875
09.906,-0.859375,-0.265625,0.703125
09.937,-0.765625,-0.203125,0.625
09.968,-0.734375,-0.1875,0.578125
10.000,-0.75,-0.15625,0.640625
10.031,-1.4375,-0.15625,0.828125
10.062,-0.515625,-0.265625,0.703125
10.093,-0.625,-0.28125,0.671875
10.125,-0.734375,-0.078125,0.71875
10.156,-0.6875,-0.125,0.703125
10.187,-0.6875,-0.078125,0.703125
10.218,-0.65625,-0.109375,0.75
10.250,-0.65625,-0.125,0.765625
10.281,-0.65625,-0.140625,0.734375
10.312,-0.671875,-0.140625,0.734375
10.343,-0.671875,-0.140625,0.734375
10.375,-0.6875,-0.140625,0.734375
10.406,-0.671875,-0.15625,0.71875
10.437,-0.671875,-0.140625,0.734375
10.468,-0.671875,-0.140625,0.734375
10.500,-0.671875,-0.140625,0.734375
10.531,-0.671875,-0.140625,0.734375
10.562,-0.671875,-0.15625,0.71875
10.593,-0.671875,-0.140625,0.71875
10.625,-0.671875,-0.140625,0.734375
10.656,-0.671875,-0.140625,0.734375
10.687,-0.671875,-0.15625,0.71875
10.718,-0.671875,-0.15625,0.71875
10.750,-0.671875,-0.140625,0.734375
10.781,-0.671875,-0.140625,0.75
10.812,-0.65625,-0.140625,0.75
10.843,-0.671875,-0.140625,0.71875
10.875,-0.671875,-0.140625,0.71875
10.906,-0.671875,-0.15625,0.734375
10.937,-0.671875,-0.140625,0.734375
10.968,-0.671875,-0.140625,0.734375
11.000,-0.671875,-0.140625,0.734375
11.031,-0.671875,-0.140625,0.734375
11.062,-0.65625,-0.140625,0.734375
11.093,-0.671875,-0.15625,0.734375
11.125,-0.671875,-0.140625,0.734375
11.156,-0.671875,-0.140625,0.734375
11.187,-0.671875,-0.140625,0.734375
11.218,-0.65625,-0.140625,0.734375
11.250,-0.65625,-0.15625,0.734375
11.281,-0.65625,-0.140625,0.734375
11.312,-0.65625,-0.140625,0.734375
11.343,-0.65625,-0.140625,0.734375
11.375,-0.65625,-0.140625,0.734375
11.406,-0.671875,-0.15625,0.734375
11.437,-0.65625,-0.140625,0.734375
11.468,-0.65625,-0.140625,0.734375
11.500,-0.65625,-0.140625,0.734375
11.531,-0.65625,-0.140625,0.734375
11.562,-0.65625,-0.140625,0.734375
11.593,-0.65625,-0.140625,0.734375
11.625,-0.65625,-0.15625,0.75
11.656,-0.65625,-0.140625,0.734375
11.687,-0.65625,-0.140625,0.734375
11.718,-0.65625,-0.140625,0.734375
11.750,-0.65625,-0.15625,0.75
11.781,-0.65625,-0.15625,0.734375
11.812,-0.65625,-0.140625,0.734375
11.843,-0.65625,-0.140625,0.75
11.875,-0.640625,-0.140625,0.75
11.906,-0.671875,-0.15625,0.734375
11.937,-0.671875,-0.15625,0.734375
11.968,-0.671875,-0.171875,0.734375
12.000,-0.640625,-0.140625,0.75
12.031,-0.65625,-0.140625,0.75
12.062,-0.640625,-0.125,0.75
12.093,-0.65625,-0.140625,0.734375
12.125,-0.65625,-0.15625,0.734375
12.156,-0.671875,-0.171875,0.734375
12.187,-0.65625,-0.15625,0.75
12.218,-0.640625,-0.140625,0.75
12.250,-0.640625,-0.140625,0.765625
12.281,-0.640625,-0.15625,0.75
12.312,-0.65625,-0.15625,0.734375
12.343,-0.65625,-0.15625,0.734375
12.375,-0.65625,-0.15625,0.75
12.406,-0.65625,-0.140625,0.75
12.437,-0.640625,-0.15625,0.75
12.468,-0.65625,-0.15625,0.734375
12.500,-0.65625,-0.15625,0.75
12.531,-0.65625,-0.15625,0.75
12.562,-0.65625,-0.15625,0.75
12.593,-0.640625,-0.15625,0.75
12.625,-0.65625,-0.15625,0.75
12.656,-0.65625,-0.15625,0.75
12.687,-0.65625,-0.15625,0.75
12.718,-0.65625,-0.15625,0.75
12.750,-0.65625,-0.140625,0.75
12.781,-0.65625,-0.15625,0.75
12.812,-0.65625,-0.15625,0.75
12.843,-0.65625,-0.15625,0.75
12.875,-0.65625,-0.15625,0.734375
12.906,-0.65625,-0.140625,0.75
12.937,-0.65625,-0.140625,0.734375
12.968,-0.65625,-0.140625,0.75
13.000,-0.65625,-0.140625,0.75
13.031,-0.65625,-0.140625,0.75
13.062,-0.640625,-0.140625,0.75
13.093,-0.640625,-0.15625,0.75
13.125,-0.640625,-0.15625,0.75
13.156,-0.65625,-0.140625,0.75
13.187,-0.65625,-0.140625,0.75
13.218,-0.640625,-0.140625,0.75
13.250,-0.65625,-0.15625,0.75
13.281,-0.65625,-0.140625,0.75
13.312,-0.65625,-0.140625,0.75
13.343,-0.65625,-0.140625,0.75
13.375,-0.640625,-0.140625,0.75
13.406,-0.640625,-0.140625,0.75
13.437,-0.65625,-0.140625,0.75
13.468,-0.65625,-0.140625,0.75
13.500,-0.640625,-0.140625,0.75
13.531,-0.640625,-0.140625,0.75
13.562,-0.65625,-0.140625,0.75
13.593,-0.640625,-0.140625,0.75
13.625,-0.640625,-0.140625,0.75
13.656,-0.640625,-0.140625,0.75
13.687,-0.65625,-0.140625,0.75
13.718,-0.640625,-0.140625,0.75
13.750,-0.640625,-0.140625,0.75
13.781,-0.640625,-0.140625,0.75
13.812,-0.640625,-0.140625,0.75
13.843,-0.65625,-0.140625,0.75
13.875,-0.640625,-0.140625,0.75
13.906,-0.640625,-0.140625,0.75
13.937,-0.640625,-0.140625,0.75
13.968,-0.640625,-0.140625,0.75
14.000,-0.640625,-0.140625,0.75
14.031,-0.640625,-0.140625,0.75
14.062,-0.640625,-0.140625,0.75
14.093,-0.640625,-0.140625,0.75
14.125,-0.640625,-0.140625,0.75
14.156,-0.640625,-0.140625,0.75
14.187,-0.640625,-0.140625,0.75
14.218,-0.640625,-0.140625,0.75
14.250,-0.640625,-0.140625,0.75
14.281,-0.640625,-0.140625,0.75
14.312,-0.640625,-0.140625,0.75
14.343,-0.640625,-0.140625,0.75
14.375,-0.65625,-0.140625,0.75
14.406,-0.640625,-0.140625,0.75
14.437,-0.640625,-0.140625,0.75
14.468,-0.640625,-0.140625,0.75
14.500,-0.65625,-0.140625,0.75
14.531,-0.640625,-0.140625,0.75
14.562,-0.640625,-0.140625,0.75
14.593,-0.640625,-0.140625,0.75
14.625,-0.65625,-0.15625,0.75
14.656,-0.640625,-0.15625,0.75
14.687,-0.640625,-0.140625,0.75
14.718,-0.640625,-0.140625,0.75
14.750,-0.640625,-0.140625,0.75
14.781,-0.640625,-0.15625,0.75
14.812,-0.640625,-0.15625,0.75
14.843,-0.640625,-0.15625,0.75
14.875,-0.640625,-0.15625,0.75
14.906,-0.640625,-0.15625,0.75
14.937,-0.65625,-0.140625,0.75
14.968,-0.640625,-0.140625,0.75
15.000,-0.640625,-0.140625,0.75
15.031,-0.640625,-0.15625,0.75
15.062,-0.65625,-0.15625,0.75
15.093,-0.640625,-0.15625,0.75
15.125,-0.640625,-0.125,0.75
15.156,-0.640625,-0.125,0.75
15.187,-0.640625,-0.15625,0.75
15.218,-0.65625,-0.171875,0.734375
15.250,-0.65625,-0.171875,0.75
15.281,-0.640625,-0.140625,0.765625
15.312,-0.640625,-0.140625,0.765625
15.343,-0.65625,-0.15625,0.703125
15.375,-0.65625,-0.109375,0.703125
15.406,-0.609375,-0.078125,0.765625
15.437,-0.546875,-0.125,0.75
15.468,-0.609375,-0.1875,0.75
15.500,-0.484375,-0.25,0.921875
15.531,-0.46875,-0.203125,0.90625
15.562,-0.4375,-0.171875,0.953125
15.593,-0.421875,-0.09375,0.890625
15.625,-0.46875,-0.078125,0.875
15.656,-0.5,-0.140625,0.828125
15.687,-0.515625,-0.171875,0.8125
15.718,-0.5,-0.171875,0.828125
15.750,-0.53125,-0.1875,0.828125
15.781,-0.53125,-0.1875,0.828125
15.812,-0.515625,-0.171875,0.84375
15.843,-0.5,-0.15625,0.84375
15.875,-0.5,-0.15625,0.859375
15.906,-0.515625,-0.140625,0.84375
15.937,-0.515625,-0.140625,0.8125
15.968,-0.515625,-0.15625,0.828125
16.000,-0.515625,-0.1875,0.84375
16.031,-0.515625,-0.171875,0.84375
16.062,-0.515625,-0.15625,0.828125
16.093,-0.484375,-0.140625,0.84375
16.125,-0.5,-0.15625,0.84375
16.156,-0.53125,-0.1875,0.828125
16.187,-0.53125,-0.1875,0.828125
16.218,-0.5,-0.15625,0.859375
16.250,-0.515625,-0.140625,0.84375
16.281,-0.5,-0.140625,0.84375
16.312,-0.5,-0.140625,0.859375
16.343,-0.53125,-0.171875,0.84375
16.375,-0.53125,-0.171875,0.84375
16.406,-0.546875,-0.203125,0.8125
16.437,-0.578125,-0.1875,0.640625
16.468,-0.4375,-0.125,0.796875
16.500,-0.28125,-0.109375,1.046875
16.531,-0.25,-0.078125,1.046875
16.562,-0.4375,-0.109375,0.875
16.593,-0.421875,-0.140625,0.875
16.625,-0.46875,-0.140625,0.875
16.656,-0.390625,-0.125,0.921875
16.687,-0.40625,-0.109375,0.890625
16.718,-0.4375,-0.125,0.875
16.750,-0.4375,-0.125,0.875
16.781,-0.421875,-0.125,0.890625
16.812,-0.421875,-0.125,0.890625
16.843,-0.4375,-0.125,0.890625
16.875,-0.421875,-0.125,0.890625
16.906,-0.4375,-0.125,0.90625
16.937,-0.40625,-0.140625,0.875
16.968,-0.4375,-0.125,0.875
17.000,-0.421875,-0.125,0.953125
17.031,-0.375,-0.140625,0.921875
17.062,-0.484375,-0.125,0.828125
17.093,-0.484375,-0.109375,0.859375
17.125,-0.390625,-0.140625,0.921875
17.156,-0.390625,-0.125,0.890625
17.187,-0.4375,-0.109375,0.890625
17.218,-0.40625,-0.125,0.890625
17.250,-0.421875,-0.125,0.875
17.281,-0.421875,-0.09375,0.875
17.312,-0.390625,-0.09375,0.890625
17.343,-0.40625,-0.109375,0.90625
17.375,-0.40625,-0.109375,0.890625
17.406,-0.390625,-0.109375,0.90625
17.437,-0.390625,-0.109375,0.90625
17.468,-0.40625,-0.109375,0.90625
17.500,-0.390625,-0.109375,0.90625
17.531,-0.390625,-0.109375,0.90625
17.562,-0.390625,-0.09375,0.90625
17.593,-0.40625,-0.109375,0.90625
17.625,-0.40625,-0.109375,0.890625
17.656,-0.390625,-0.109375,0.90625
17.687,-0.40625,-0.109375,0.890625
17.718,-0.40625,-0.109375,0.890625
17.750,-0.390625,-0.109375,0.90625
17.781,-0.390625,-0.109375,0.90625
17.812,-0.390625,-0.109375,0.90625
17.843,-0.390625,-0.09375,0.90625
17.875,-0.390625,-0.09375,0.90625
17.906,-0.390625,-0.09375,0.90625
17.937,-0.421875,-0.09375,0.875
17.968,-0.421875,-0.109375,0.890625
18.000,-0.375,-0.109375,0.921875
18.031,-0.421875,-0.09375,0.890625
18.062,-0.40625,-0.09375,0.890625
18.093,-0.390625,-0.09375,0.90625
18.125,-0.40625,-0.09375,0.90625
18.156,-0.375,-0.109375,0.90625
18.187,-0.390625,-0.109375,0.90625
18.218,-0.390625,-0.109375,0.90625
18.250,-0.359375,-0.109375,0.90625
18.281,-0.390625,-0.109375,0.90625
18.312,-0.390625,-0.078125,0.90625
18.343,-0.390625,-0.09375,0.890625
18.375,-0.40625,-0.109375,0.890625
18.406,-0.40625,-0.125,0.90625
18.437,-0.390625,-0.109375,0.90625
18.468,-0.375,-0.109375,0.921875
18.500,-0.375,-0.09375,0.90625
18.531,-0.390625,-0.09375,0.90625
18.562,-0.390625,-0.125,0.90625
18.593,-0.390625,-0.125,0.890625
18.625,-0.390625,-0.125,0.90625
18.656,-0.390625,-0.109375,0.90625
18.687,-0.390625,-0.109375,0.90625
18.718,-0.390625,-0.125,0.90625
18.750,-0.390625,-0.140625,0.890625
18.781,-0.390625,-0.140625,0.890625
18.812,-0.421875,-0.140625,0.890625
18.843,-0.40625,-0.140625,0.890625
18.875,-0.390625,-0.125,0.890625
18.906,-0.40625,-0.125,0.890625
18.937,-0.40625,-0.125,0.890625
18.968,-0.40625,-0.140625,0.890625
19.000,-0.40625,-0.125,0.90625
19.031,-0.40625,-0.140625,0.90625
19.062,-0.40625,-0.125,0.890625
19.093,-0.40625,-0.125,0.890625
19.125,-0.390625,-0.125,0.90625
19.156,-0.40625,-0.140625,0.890625
19.187,-0.40625,-0.140625,0.890625
19.218,-0.40625,-0.140625,0.890625
19.250,-0.40625,-0.140625,0.890625
19.281,-0.40625,-0.140625,0.890625
19.312,-0.40625,-0.140625,0.890625
19.343,-0.40625,-0.15625,0.890625
19.375,-0.40625,-0.140625,0.890625
19.406,-0.390625,-0.140625,0.890625
19.437,-0.40625,-0.140625,0.890625
19.468,-0.390625,-0.140625,0.890625
19.500,-0.40625,-0.15625,0.890625
19.531,-0.40625,-0.15625,0.890625
19.562,-0.40625,-0.1875,0.890625
19.593,-0.4375,-0.1875,0.890625
19.625,-0.46875,-0.15625,0.859375
19.656,-0.375,-0.15625,0.875
19.687,-0.328125,-0.203125,0.921875
19.718,-0.40625,-0.109375,0.890625
19.750,-0.375,-0.109375,0.875
19.781,-0.4375,-0.171875,0.828125
19.812,-0.5625,-0.296875,0.671875
19.843,-0.515625,-0.28125,0.78125
19.875,-0.4375,-0.328125,0.78125
19.906,-0.390625,-0.34375,0.765625
19.937,-0.34375,-0.34375,0.796875
19.968,-0.359375,-0.3125,0.84375
20.000,-0.375,-0.296875,0.828125
20.031,-0.453125,-0.28125,0.796875
20.062,-0.453125,-0.25,0.828125
20.093,-0.46875,-0.234375,0.8125
20.125,-0.53125,-0.203125,0.78125
20.156,-0.53125,-0.171875,0.796875
20.187,-0.609375,-0.09375,0.828125
20.218,-0.625,-0.03125,0.84375
20.250,-0.484375,0.0625,0.890625
20.281,-0.71875,0.046875,0.65625
20.312,-0.75,0.140625,0.65625
20.343,-0.296875,0.203125,0.875
20.375,-0.515625,0.25,0.84375
20.406,-0.609375,0.375,0.875
20.437,-0.453125,0.359375,0.9375
20.468,-0.546875,0.359375,0.796875
20.500,-0.734375,0.53125,0.828125
20.531,-0.3125,0.625,1.21875
20.562,-0.421875,0.59375,1.140625
20.593,-0.359375,0.359375,0.859375
20.625,-0.296875,0.3125,0.796875
20.656,-0.421875,0.296875,0.65625
20.687,-0.5,0.359375,0.796875
20.718,-0.375,0.390625,0.796875
20.750,-0.296875,0.34375,0.640625
20.781,-0.375,0.4375,0.625
20.812,-0.375,0.578125,0.6875
20.843,-0.359375,0.640625,0.734375
20.875,-0.34375,0.578125,0.703125
20.906,-0.1875,0.609375,0.71875
20.937,-0.125,0.65625,0.78125
20.968,-0.015625,0.671875,0.90625
21.000,0.09375,0.578125,0.984375
21.031,0.09375,0.578125,1.0
21.062,0.0,0.5,0.90625
21.093,-0.046875,0.46875,0.875
21.125,-0.140625,0.453125,0.859375
21.156,-0.171875,0.453125,0.875
21.187,-0.171875,0.421875,0.875
21.218,-0.125,0.40625,0.875
21.250,-0.09375,0.4375,0.875
21.281,-0.0625,0.453125,0.875
21.312,-0.0625,0.46875,0.890625
21.343,-0.0625,0.46875,0.90625
21.375,-0.140625,0.453125,0.8125
21.406,-0.109375,0.453125,0.84375
21.437,-0.078125,0.4375,0.828125
21.468,-0.0625,0.453125,0.8125
21.500,-0.046875,0.453125,0.84375
21.531,-0.0625,0.546875,0.859375
21.562,-0.046875,0.671875,0.875
21.593,-0.09375,0.671875,0.859375
21.625,0.0,0.609375,0.84375
21.656,-0.078125,0.5,0.859375
21.687,-0.125,0.484375,0.84375
21.718,-0.109375,0.5,0.84375
21.750,-0.078125,0.53125,0.859375
21.781,-0.046875,0.546875,0.859375
21.812,-0.015625,0.5,0.875
21.843,-0.046875,0.484375,0.859375
21.875,-0.078125,0.484375,0.84375
21.906,-0.046875,0.5,0.875
21.937,-0.046875,0.5,0.859375
21.968,-0.046875,0.5,0.859375
22.000,-0.03125,0.5,0.859375
22.031,0.0,0.484375,0.859375
22.062,-0.09375,0.484375,0.875
22.093,-0.109375,0.46875,0.875
22.125,-0.046875,0.453125,0.875
22.156,-0.015625,0.4375,0.828125
22.187,-0.03125,0.453125,0.828125
22.218,-0.109375,0.640625,0.90625
22.250,-0.0625,0.609375,0.890625
22.281,0.03125,0.453125,0.859375
22.312,-0.03125,0.4375,0.859375
22.343,-0.09375,0.46875,0.84375
22.375,0.03125,0.53125,0.875
22.406,0.03125,0.53125,0.875
22.437,-0.046875,0.5,0.859375
22.468,-0.046875,0.484375,0.859375
22.500,-0.046875,0.453125,0.875
22.531,-0.03125,0.46875,0.875
22.562,-0.015625,0.484375,0.859375
22.593,-0.03125,0.5,0.875
22.625,-0.03125,0.5,0.859375
22.656,-0.03125,0.5,0.875
22.687,-0.03125,0.484375,0.875
22.718,-0.015625,0.484375,0.859375
22.750,-0.03125,0.484375,0.859375
22.781,-0.03125,0.484375,0.875
22.812,-0.03125,0.484375,0.875
22.843,-0.046875,0.484375,0.859375
22.875,-0.046875,0.484375,0.859375
22.906,-0.015625,0.484375,0.875
22.937,-0.03125,0.484375,0.859375
22.968,-0.03125,0.5,0.859375
23.000,-0.046875,0.5,0.875
23.031,-0.03125,0.5,0.859375
23.062,-0.03125,0.5,0.859375
23.093,-0.03125,0.5,0.859375
23.125,-0.03125,0.5,0.875
23.156,-0.03125,0.5,0.859375
23.187,-0.046875,0.484375,0.859375
23.218,-0.046875,0.484375,0.875
23.250,-0.03125,0.484375,0.875
23.281,-0.03125,0.484375,0.859375
23.312,-0.046875,0.5,0.859375
23.343,-0.03125,0.484375,0.875
23.375,-0.046875,0.484375,0.859375
23.406,-0.046875,0.5,0.859375
23.437,-0.03125,0.5,0.859375
23.468,-0.03125,0.515625,0.859375
23.500,-0.046875,0.5,0.859375
23.531,-0.046875,0.5,0.859375
23.562,-0.046875,0.484375,0.875
23.593,-0.046875,0.484375,0.859375
23.625,-0.046875,0.484375,0.859375
23.656,-0.0625,0.484375,0.859375
23.687,-0.0625,0.484375,0.859375
23.718,-0.046875,0.5,0.875
23.750,-0.046875,0.5,0.859375
23.781,-0.046875,0.5,0.859375
23.812,-0.03125,0.5,0.859375
23.843,-0.015625,0.5,0.875
23.875,-0.03125,0.484375,0.859375
23.906,-0.03125,0.5,0.859375
23.937,-0.03125,0.484375,0.859375
23.968,-0.046875,0.484375,0.859375
24.000,-0.046875,0.484375,0.859375
24.031,-0.046875,0.484375,0.859375
24.062,-0.046875,0.5,0.859375
24.093,-0.046875,0.5,0.859375
24.125,-0.03125,0.484375,0.875
24.156,-0.046875,0.484375,0.859375
24.187,-0.046875,0.484375,0.859375
24.218,-0.0625,0.5,0.875
24.250,-0.0625,0.5,0.875
24.281,-0.0625,0.5,0.859375
24.312,-0.0625,0.5,0.84375
24.343,-0.046875,0.5,0.859375
24.375,-0.046875,0.5,0.875
24.406,-0.046875,0.484375,0.875
24.437,-0.0625,0.484375,0.875
24.468,-0.046875,0.484375,0.875
24.500,-0.0625,0.484375,0.875
24.531,-0.0625,0.46875,0.875
24.562,-0.046875,0.484375,0.875
24.593,-0.0625,0.484375,0.875
24.625,-0.0625,0.484375,0.859375
24.656,-0.0625,0.484375,0.859375
24.687,-0.0625,0.484375,0.875
24.718,-0.0625,0.484375,0.859375
24.750,-0.078125,0.484375,0.859375
24.781,-0.046875,0.484375,0.875
24.812,-0.015625,0.46875,0.890625
24.843,-0.0625,0.46875,0.875
24.875,-0.0625,0.453125,0.875
24.906,-0.078125,0.46875,0.859375
24.937,-0.078125,0.46875,0.875
24.968,-0.09375,0.484375,0.890625
25.000,-0.109375,0.46875,0.875
25.031,-0.09375,0.453125,0.859375
25.062,-0.09375,0.46875,0.890625
25.093,-0.078125,0.5,0.859375
25.125,-0.078125,0.5,0.84375
25.156,-0.046875,0.5,0.875
25.187,0.546875,-0.3125,-0.15625
25.218,-1.09375,1.140625,1.21875
25.250,-0.015625,0.4375,0.9375
25.281,0.0,0.4375,0.75
25.312,-0.28125,0.296875,0.671875
25.343,-0.234375,0.3125,0.84375
25.375,-0.21875,0.46875,0.859375
25.406,-0.078125,0.671875,0.875
25.437,-0.078125,0.65625,0.859375
25.468,-0.09375,0.640625,0.796875
25.500,-0.109375,0.578125,0.796875
25.531,-0.109375,0.546875,0.828125
25.562,-0.09375,0.5,0.84375
25.593,-0.078125,0.515625,0.84375
25.625,-0.09375,0.53125,0.84375
25.656,-0.109375,0.5625,0.84375
25.687,-0.109375,0.546875,0.828125
25.718,-0.125,0.53125,0.828125
25.750,-0.125,0.546875,0.8125
25.781,-0.109375,0.546875,0.828125
25.812,-0.109375,0.546875,0.828125
25.843,-0.109375,0.546875,0.828125
25.875,-0.109375,0.546875,0.828125
25.906,-0.109375,0.546875,0.828125
25.937,-0.109375,0.546875,0.828125
25.968,-0.109375,0.546875,0.84375
26.000,-0.109375,0.546875,0.828125
26.031,-0.109375,0.546875,0.828125
26.062,-0.109375,0.546875,0.828125
26.093,-0.109375,0.546875,0.828125
26.125,-0.09375,0.546875,0.828125
26.156,-0.09375,0.546875,0.828125
26.187,-0.09375,0.546875,0.828125
26.218,-0.109375,0.546875,0.84375
26.250,-0.109375,0.546875,0.828125
26.281,-0.109375,0.546875,0.8125
26.312,-0.109375,0.546875,0.828125
26.343,-0.109375,0.546875,0.828125
26.375,-0.09375,0.546875,0.828125
26.406,-0.09375,0.546875,0.828125
26.437,-0.09375,0.546875,0.828125
26.468,-0.09375,0.546875,0.828125
26.500,-0.109375,0.546875,0.828125
26.531,-0.09375,0.5625,0.8125
26.562,-0.09375,0.5625,0.828125
26.593,-0.09375,0.5625,0.828125
26.625,-0.09375,0.5625,0.8125
26.656,-0.109375,0.5625,0.828125
26.687,-0.109375,0.546875,0.828125
26.718,-0.109375,0.546875,0.828125
26.750,-0.109375,0.5625,0.8125
26.781,-0.109375,0.5625,0.8125
26.812,-0.109375,0.546875,0.828125
26.843,-0.109375,0.5625,0.828125
26.875,-0.09375,0.546875,0.8125
26.906,-0.09375,0.546875,0.8125
26.937,-0.109375,0.5625,0.8125
26.968,-0.09375,0.546875,0.828125
27.000,-0.09375,0.546875,0.8125
27.031,-0.109375,0.5625,0.828125
27.062,-0.09375,0.5625,0.828125
27.093,-0.09375,0.546875,0.828125
27.125,-0.09375,0.546875,0.828125
27.156,-0.109375,0.5625,0.828125
27.187,-0.09375,0.578125,0.828125
27.218,-0.078125,0.578125,0.84375
27.250,-0.078125,0.5625,0.859375
27.281,-0.09375,0.453125,0.8125
27.312,-0.125,0.234375,0.796875
27.343,-0.125,0.578125,0.828125
27.375,-0.125,0.5625,0.859375
27.406,-0.140625,0.515625,0.84375
27.437,-0.140625,0.46875,0.84375
27.468,-0.140625,0.5,0.84375
27.500,-0.171875,0.515625,0.859375
27.531,-0.15625,0.5,0.84375
27.562,-0.15625,0.5,0.84375
27.593,-0.125,0.515625,0.875
27.625,-0.125,0.515625,0.84375
27.656,-0.125,0.53125,0.8125
27.687,-0.140625,0.53125,0.828125
27.718,-0.140625,0.53125,0.84375
27.750,-0.140625,0.546875,0.828125
27.781,-0.15625,0.546875,0.828125
27.812,-0.125,0.546875,0.828125
27.843,-0.140625,0.53125,0.84375
27.875,-0.140625,0.53125,0.828125
27.906,-0.109375,0.515625,0.828125
27.937,-0.15625,0.53125,0.828125
27.968,-0.125,0.515625,0.859375
28.000,-0.109375,0.53125,0.875
28.031,-0.09375,0.53125,0.859375
28.062,-0.171875,0.53125,0.8125
28.093,-0.1875,0.53125,0.84375
28.125,-0.140625,0.515625,0.84375
28.156,-0.15625,0.53125,0.828125
28.187,-0.109375,0.515625,0.828125
28.218,-0.109375,0.5,0.84375
28.250,-0.125,0.5,0.859375
28.281,-0.125,0.515625,0.84375
28.312,-0.109375,0.5,0.859375
28.343,-0.109375,0.484375,0.875
28.375,-0.09375,0.46875,0.890625
28.406,-0.046875,0.484375,0.875
28.437,-0.125,0.453125,0.859375
28.468,-0.109375,0.46875,0.859375
28.500,-0.078125,0.453125,0.890625
28.531,-0.0625,0.484375,0.90625
28.562,-0.03125,0.5,0.890625
28.593,-0.0625,0.453125,0.84375
28.625,-0.015625,0.4375,0.859375
28.656,0.015625,0.515625,0.953125
28.687,0.015625,0.53125,0.953125
28.718,-0.046875,0.5,0.921875
28.750,-0.0625,0.453125,0.90625
28.781,-0.109375,0.421875,0.84375
28.812,-0.21875,0.3125,0.765625
28.843,-0.171875,0.3125,0.734375
28.875,-0.125,0.390625,0.859375
28.906,-0.109375,0.46875,1.0
28.937,-0.09375,0.484375,1.0
28.968,0.015625,0.421875,0.90625
29.000,-0.109375,0.375,0.90625
29.031,-0.203125,0.390625,0.890625
29.062,-0.375,0.359375,0.8125
29.093,-0.53125,0.34375,0.71875
29.125,-0.46875,0.53125,0.71875
29.156,-0.421875,0.53125,0.78125
29.187,-0.140625,0.46875,0.8125
29.218,-0.03125,0.53125,0.8125
29.250,0.109375,0.546875,0.84375
29.281,0.1875,0.5,0.859375
29.312,0.265625,0.40625,0.9375
29.343,0.09375,0.5625,0.90625
29.375,0.125,0.453125,0.9375
29.406,0.015625,0.40625,0.890625
29.437,0.0625,0.421875,0.859375
29.468,0.1875,0.546875,0.875
29.500,0.125,0.640625,0.875
29.531,0.015625,0.515625,0.828125
29.562,0.015625,0.484375,0.890625
29.593,0.03125,0.40625,0.890625
29.625,0.046875,0.4375,0.859375
29.656,0.0625,0.453125,0.875
29.687,0.03125,0.484375,0.90625
29.718,0.140625,0.453125,0.84375
29.750,0.125,0.46875,0.84375
29.781,0.0625,0.5,0.875
29.812,0.078125,0.5,0.859375
29.843,0.09375,0.46875,0.875
29.875,0.09375,0.484375,0.84375
29.906,0.09375,0.484375,0.84375
29.937,0.140625,0.5,0.890625
29.968,0.171875,0.5,0.875
30.000,0.15625,0.453125,0.828125
30.031,0.125,0.4375,0.875
30.062,0.140625,0.4375,0.890625
30.093,0.15625,0.40625,0.859375
30.125,0.171875,0.390625,0.859375
30.156,0.1875,0.421875,0.90625
30.187,0.046875,0.53125,0.890625
30.218,0.078125,0.53125,0.828125
30.250,0.078125,0.515625,0.8125
30.281,0.078125,0.5625,0.859375
30.312,0.25,0.53125,0.875
30.343,0.234375,0.421875,0.90625
30.375,0.140625,0.4375,0.875
30.406,0.03125,0.53125,0.84375
30.437,0.171875,0.34375,0.859375
30.468,0.109375,0.515625,0.859375
30.500,-0.046875,0.46875,0.859375
30.531,-0.125,0.46875,0.875
30.562,-0.09375,0.421875,0.875
30.593,-0.015625,0.4375,0.890625
30.625,0.015625,0.4375,0.890625
30.656,-0.078125,0.453125,0.890625
30.687,-0.109375,0.484375,0.875
30.718,-0.125,0.46875,0.84375
30.750,-0.1875,0.5,0.8125
30.781,-0.140625,0.484375,0.859375
30.812,-0.09375,0.484375,0.859375
30.843,-0.109375,0.5,0.859375
30.875,-0.109375,0.515625,0.875
30.906,-0.0625,0.484375,0.859375
30.937,-0.03125,0.484375,0.875
30.968,-0.015625,0.484375,0.890625
31.000,-0.0625,0.46875,0.890625
31.031,-0.0625,0.46875,0.875
31.062,-0.0625,0.453125,0.875
31.093,-0.078125,0.453125,0.875
31.125,-0.078125,0.453125,0.875
31.156,-0.0625,0.453125,0.875
31.187,-0.0625,0.453125,0.875
31.218,-0.078125,0.46875,0.875
31.250,-0.078125,0.484375,0.875
31.281,-0.046875,0.5,0.875
31.312,-0.046875,0.5,0.875
31.343,-0.046875,0.484375,0.875
31.375,-0.03125,0.46875,0.875
31.406,-0.0625,0.46875,0.875
31.437,-0.0625,0.46875,0.875
31.468,-0.078125,0.46875,0.875
31.500,-0.078125,0.484375,0.875
31.531,-0.078125,0.46875,0.875
31.562,-0.078125,0.46875,0.875
31.593,-0.046875,0.46875,0.890625
31.625,-0.046875,0.484375,0.875
31.656,-0.046875,0.46875,0.859375
31.687,-0.0625,0.46875,0.875
31.718,-0.046875,0.46875,0.875
31.750,-0.046875,0.46875,0.875
31.781,-0.078125,0.46875,0.875
31.812,-0.0625,0.46875,0.875
31.843,-0.046875,0.46875,0.875
31.875,-0.0625,0.453125,0.875
31.906,-0.0625,0.46875,0.875
31.937,-0.0625,0.484375,0.859375
31.968,-0.0625,0.484375,0.875
32.000,-0.078125,0.484375,0.875
32.031,-0.0625,0.484375,0.875
32.062,-0.078125,0.484375,0.875
32.093,-0.0625,0.484375,0.875
32.125,-0.0625,0.46875,0.875
32.156,-0.0625,0.46875,0.875
32.187,-0.0625,0.46875,0.890625
32.218,-0.0625,0.46875,0.890625
32.250,-0.09375,0.46875,0.859375
32.281,-0.09375,0.484375,0.875
32.312,-0.078125,0.46875,0.875
32.343,-0.078125,0.46875,0.875
32.375,-0.09375,0.46875,0.859375
32.406,-0.078125,0.46875,0.875
32.437,-0.0625,0.484375,0.875
32.468,-0.0625,0.484375,0.875
32.500,-0.0625,0.46875,0.890625
32.531,-0.0625,0.46875,0.875
32.562,-0.078125,0.453125,0.875
32.593,-0.078125,0.46875,0.875
32.625,-0.078125,0.46875,0.875
32.656,-0.0625,0.453125,0.890625
32.687,-0.0625,0.4375,0.890625
32.718,-0.078125,0.453125,0.875
32.750,-0.078125,0.453125,0.875
32.781,-0.078125,0.46875,0.875
32.812,-0.078125,0.453125,0.875
32.843,-0.078125,0.453125,0.875
32.875,-0.078125,0.453125,0.875
32.906,-0.0625,0.46875,0.890625
32.937,-0.078125,0.453125,0.890625
32.968,-0.078125,0.453125,0.875
33.000,-0.078125,0.453125,0.890625
33.031,-0.078125,0.453125,0.890625
33.062,-0.078125,0.453125,0.875
33.093,-0.078125,0.4375,0.875
33.125,-0.078125,0.453125,0.890625
33.156,-0.078125,0.453125,0.890625
33.187,-0.078125,0.453125,0.890625
33.218,-0.078125,0.453125,0.875
33.250,-0.078125,0.453125,0.875
33.281,-0.078125,0.453125,0.890625
33.312,-0.078125,0.453125,0.875
33.343,-0.09375,0.453125,0.875
33.375,-0.0625,0.453125,0.875
33.406,-0.078125,0.453125,0.875
33.437,-0.078125,0.453125,0.890625
33.468,-0.078125,0.453125,0.890625
33.500,-0.078125,0.453125,0.875
33.531,-0.078125,0.453125,0.890625
33.562,-0.078125,0.453125,0.890625
33.593,-0.078125,0.4375,0.875
33.625,-0.078125,0.453125,0.890625
33.656,-0.078125,0.453125,0.875
33.687,-0.078125,0.453125,0.875
33.718,-0.078125,0.453125,0.890625
33.750,-0.0625,0.4375,0.890625
33.781,-0.078125,0.4375,0.875
33.812,-0.078125,0.453125,0.875
33.843,-0.078125,0.453125,0.890625
33.875,-0.078125,0.453125,0.875
33.906,-0.078125,0.453125,0.875
33.937,-0.078125,0.453125,0.890625
33.968,-0.078125,0.453125,0.875
34.000,-0.078125,0.453125,0.890625
34.031,-0.078125,0.453125,0.890625
34.062,-0.078125,0.453125,0.875
34.093,-0.078125,0.453125,0.890625
34.125,-0.078125,0.453125,0.890625
34.156,-0.078125,0.453125,0.890625
34.187,-0.078125,0.4375,0.875
34.218,-0.0625,0.453125,0.890625
34.250,-0.0625,0.4375,0.890625
34.281,-0.09375,0.4375,0.890625
34.312,-0.109375,0.453125,0.890625
34.343,-0.09375,0.46875,0.875
34.375,-0.078125,0.484375,0.859375
34.406,-0.0625,0.484375,0.875
34.437,-0.046875,0.484375,0.875
34.468,-0.03125,0.4375,0.890625
34.500,-0.046875,0.421875,0.90625
34.531,-0.0625,0.421875,0.890625
34.562,-0.0625,0.4375,0.890625
34.593,-0.09375,0.4375,0.875
34.625,-0.09375,0.4375,0.890625
34.656,-0.09375,0.4375,0.90625
34.687,-0.09375,0.4375,0.890625
34.718,-0.109375,0.4375,0.875
34.750,-0.078125,0.453125,0.890625
34.781,-0.0625,0.453125,0.890625
34.812,-0.0625,0.453125,0.90625
34.843,-0.078125,0.421875,0.890625
34.875,-0.078125,0.421875,0.890625
34.906,-0.09375,0.421875,0.890625
34.937,-0.078125,0.4375,0.890625
34.968,-0.078125,0.4375,0.890625
35.000,-0.09375,0.421875,0.890625
35.031,-0.078125,0.4375,0.890625
35.062,-0.0625,0.4375,0.890625
35.093,-0.078125,0.4375,0.890625
35.125,-0.078125,0.4375,0.890625
35.156,-0.078125,0.4375,0.890625
35.187,-0.078125,0.4375,0.890625
35.218,-0.078125,0.4375,0.890625
35.250,-0.09375,0.4375,0.890625
35.281,-0.078125,0.4375,0.890625
35.312,-0.078125,0.4375,0.890625
35.343,-0.078125,0.4375,0.890625
35.375,-0.078125,0.4375,0.890625
35.406,-0.078125,0.4375,0.890625
35.437,-0.078125,0.4375,0.890625
35.468,-0.09375,0.4375,0.890625
35.500,-0.078125,0.4375,0.890625
35.531,-0.09375,0.4375,0.890625
35.562,-0.09375,0.40625,0.890625
35.593,-0.078125,0.421875,0.90625
35.625,-0.078125,0.421875,0.90625
35.656,-0.078125,0.453125,0.890625
35.687,-0.109375,0.484375,0.859375
35.718,-0.078125,0.53125,0.84375
35.750,-0.03125,0.53125,0.859375
35.781,-0.078125,0.546875,0.578125
35.812,-0.234375,0.0,1.46875
35.843,0.265625,0.671875,1.28125
35.875,0.015625,0.28125,0.8125
35.906,-0.265625,0.390625,0.765625
35.937,-0.3125,0.484375,0.796875
35.968,-0.109375,0.46875,0.828125
36.000,0.046875,0.484375,0.9375
36.031,0.015625,0.484375,0.921875
36.062,-0.09375,0.484375,0.859375
36.093,-0.109375,0.5,0.859375
36.125,-0.0625,0.46875,0.875
36.156,0.0,0.421875,0.859375
36.187,-0.046875,0.578125,0.90625
36.218,-0.0625,0.484375,0.859375
36.250,-0.09375,0.46875,0.8125
36.281,-0.109375,0.5625,0.796875
36.312,-0.1875,0.578125,0.921875
36.343,0.046875,0.40625,0.96875
36.375,0.0625,0.40625,0.859375
36.406,0.03125,0.40625,0.859375
36.437,-0.03125,0.5,0.875
36.468,-0.015625,0.46875,0.875
36.500,0.03125,0.484375,0.890625
36.531,0.0,0.453125,0.859375
36.562,0.03125,0.484375,0.890625
36.593,0.03125,0.484375,0.90625
36.625,0.15625,0.625,1.0625
36.656,0.328125,0.671875,1.140625
36.687,-0.28125,0.8125,0.953125
36.718,-0.890625,0.5625,0.859375
36.750,-0.828125,0.4375,0.828125
36.781,-0.359375,0.1875,1.078125
36.812,-0.265625,0.015625,0.9375
36.843,-0.0625,-0.0625,0.734375
36.875,-0.109375,-0.1875,0.65625
36.906,-0.296875,-0.109375,0.5625
36.937,-0.484375,0.046875,0.59375
36.968,-0.734375,0.109375,0.546875
37.000,-0.84375,0.046875,0.6875
37.031,-0.5625,-0.203125,0.625
37.062,-0.46875,-0.28125,0.59375
37.093,-0.296875,-0.34375,0.609375
37.125,-0.234375,-0.234375,0.65625
37.156,-0.21875,-0.125,0.796875
37.187,-0.4375,0.03125,1.0
37.218,-0.421875,0.03125,1.0625
37.250,-0.390625,-0.03125,1.078125
37.281,-0.34375,0.0,1.0
37.312,-0.328125,-0.015625,1.015625
37.343,-0.28125,0.078125,1.0
37.375,-0.28125,0.0625,1.03125
37.406,-0.21875,0.0625,1.03125
37.437,-0.1875,0.078125,1.015625
37.468,-0.21875,0.109375,0.984375
37.500,-0.234375,0.109375,0.96875
37.531,-0.1875,0.140625,1.0
37.562,-0.125,0.125,1.03125
37.593,-0.171875,0.078125,0.984375
37.625,-0.1875,0.09375,0.9375
37.656,-0.1875,0.125,0.9375
37.687,-0.21875,0.125,0.90625
37.718,-0.25,0.109375,0.9375
37.750,-0.296875,0.140625,1.0
37.781,-0.296875,0.140625,1.0
37.812,-0.25,0.171875,1.0
37.843,-0.1875,0.15625,0.9375
37.875,-0.140625,0.171875,0.90625
37.906,-0.109375,0.171875,0.90625
37.937,-0.109375,0.1875,0.890625
37.968,-0.171875,0.203125,0.921875
38.000,-0.21875,0.234375,0.953125
38.031,-0.21875,0.25,0.984375
38.062,-0.140625,0.28125,0.953125
38.093,-0.171875,0.265625,0.921875
38.125,-0.078125,0.203125,0.9375
38.156,-0.125,0.359375,1.046875
38.187,-0.03125,0.3125,0.984375
38.218,0.03125,0.328125,0.9375
38.250,0.015625,0.34375,0.9375
38.281,0.015625,0.328125,0.9375
38.312,-0.09375,0.28125,0.9375
38.343,-0.15625,0.234375,0.9375
38.375,-0.15625,0.265625,0.9375
38.406,-0.15625,0.265625,0.9375
38.437,-0.140625,0.28125,0.9375
38.468,-0.171875,0.28125,0.9375
38.500,-0.125,0.296875,0.9375
38.531,-0.15625,0.328125,0.921875
38.562,-0.078125,0.328125,0.9375
38.593,-0.078125,0.328125,0.9375
38.625,-0.078125,0.328125,0.9375
38.656,-0.109375,0.328125,0.921875
38.687,-0.078125,0.3125,0.921875
38.718,-0.109375,0.34375,0.921875
38.750,-0.140625,0.34375,0.921875
38.781,-0.109375,0.328125,0.921875
38.812,-0.109375,0.34375,0.9375
38.843,-0.109375,0.34375,0.9375
38.875,-0.078125,0.34375,0.9375
38.906,-0.109375,0.34375,0.921875
38.937,-0.125,0.328125,0.921875
38.968,-0.171875,0.3125,0.921875
39.000,-0.15625,0.3125,0.921875
39.031,-0.140625,0.328125,0.90625
39.062,-0.171875,0.328125,0.890625
39.093,0.0,0.375,0.9375
39.125,-0.078125,0.3125,0.859375
39.156,-0.0625,0.28125,0.875
39.187,-0.171875,0.65625,0.921875
39.218,0.03125,0.359375,0.875
39.250,0.0,0.328125,0.84375
39.281,0.046875,0.40625,0.90625
39.312,-0.09375,0.453125,0.921875
39.343,-0.21875,0.46875,0.84375
39.375,-0.234375,0.46875,0.84375
39.406,-0.21875,0.5,0.828125
39.437,-0.140625,0.5,0.84375
39.468,-0.078125,0.53125,0.859375
39.500,-0.03125,0.609375,0.875
39.531,-0.0625,0.578125,0.84375
39.562,-0.078125,0.5625,0.828125
39.593,-0.03125,0.546875,0.828125
39.625,-0.046875,0.546875,0.84375
39.656,-0.0625,0.578125,0.828125
39.687,-0.0625,0.578125,0.859375
39.718,-0.078125,0.546875,0.84375
39.750,-0.078125,0.546875,0.8125
39.781,-0.1875,0.53125,0.84375
39.812,-0.25,0.5,0.8125
39.843,-0.34375,0.484375,0.828125
39.875,-0.140625,0.4375,0.84375
39.906,-0.046875,0.484375,0.875
39.937,-0.15625,0.53125,0.9375
39.968,0.09375,0.4375,0.921875
40.000,0.046875,0.515625,0.890625
40.031,-0.078125,0.40625,0.890625
40.062,-0.0625,0.34375,0.921875
40.093,-0.046875,0.296875,0.921875
40.125,-0.171875,0.234375,0.859375
40.156,-0.28125,0.296875,0.921875
40.187,-0.203125,0.484375,0.890625
40.218,-0.3125,0.484375,0.828125
40.250,-0.03125,0.4375,0.90625
40.281,-0.03125,0.5,0.953125
40.312,-0.0625,0.515625,0.90625
40.343,-0.140625,0.515625,0.90625
40.375,-0.171875,0.515625,0.875
40.406,-0.328125,0.5,0.765625
40.437,-0.46875,0.421875,0.65625
40.468,-0.46875,0.421875,0.703125
40.500,-0.015625,0.453125,0.921875
40.531,-0.046875,0.578125,0.90625
40.562,-0.0625,0.4375,0.8125
40.593,-0.21875,0.640625,0.78125
40.625,-0.4375,0.75,0.734375
40.656,-0.15625,0.5625,0.8125
40.687,-0.046875,0.421875,0.78125
40.718,-0.375,0.6875,0.75
40.750,-0.328125,0.734375,0.703125
40.781,-0.421875,0.65625,0.6875
40.812,-0.21875,0.703125,0.765625
40.843,-0.265625,0.6875,0.765625
40.875,-0.234375,0.640625,0.765625
40.906,-0.296875,0.578125,0.734375
40.937,-0.3125,0.578125,0.71875
40.968,-0.265625,0.5625,0.6875
41.000,-0.265625,0.65625,0.75
41.031,-0.28125,0.625,0.734375
41.062,-0.234375,0.640625,0.75
41.093,-0.234375,0.671875,0.734375
41.125,-0.234375,0.65625,0.6875
41.156,-0.515625,0.5,0.578125
41.187,-0.046875,0.71875,0.796875
41.218,-0.28125,0.640625,0.765625
41.250,-0.328125,0.65625,0.703125
41.281,-0.25,0.671875,0.734375
41.312,-0.28125,0.65625,0.734375
41.343,-0.265625,0.65625,0.734375
41.375,-0.296875,0.65625,0.703125
41.406,-0.265625,0.703125,0.703125
41.437,-0.3125,0.671875,0.734375
41.468,-0.46875,0.609375,0.78125
41.500,-0.34375,0.609375,0.734375
41.531,-0.046875,0.4375,0.90625
41.562,-0.328125,0.515625,0.796875
41.593,-0.28125,0.578125,0.75
41.625,-0.171875,0.53125,0.84375
41.656,-0.21875,0.515625,0.765625
41.687,-0.03125,0.71875,0.8125
41.718,-0.171875,0.671875,0.875
41.750,-0.15625,0.46875,0.8125
41.781,-0.15625,0.734375,0.796875
41.812,-0.25,0.671875,0.796875
41.843,-0.3125,0.5,0.734375
41.875,0.21875,0.375,0.953125
41.906,0.109375,0.59375,0.96875
41.937,-0.171875,0.5625,0.78125
41.968,0.015625,0.40625,0.796875
42.000,-0.390625,0.671875,0.765625
42.031,-0.28125,0.734375,0.8125
42.062,-0.25,0.65625,0.765625
42.093,-0.28125,0.46875,0.6875
42.125,-0.328125,0.421875,0.6875
42.156,-0.265625,0.59375,0.859375
42.187,-0.265625,0.578125,0.8125
42.218,-0.296875,0.640625,0.75
42.250,-0.296875,0.640625,0.734375
42.281,-0.25,0.625,0.765625
42.312,-0.296875,0.625,0.765625
42.343,-0.328125,0.578125,0.703125
42.375,-0.265625,0.609375,0.75
42.406,-0.28125,0.640625,0.75
42.437,-0.28125,0.65625,0.765625
42.468,-0.3125,0.609375,0.734375
42.500,-0.265625,0.609375,0.734375
42.531,-0.296875,0.625,0.734375
42.562,-0.265625,0.625,0.734375
42.593,-0.328125,0.609375,0.71875
42.625,-0.328125,0.609375,0.734375
42.656,-0.265625,0.640625,0.734375
42.687,-0.296875,0.65625,0.71875
42.718,-0.296875,0.65625,0.71875
42.750,-0.28125,0.65625,0.734375
42.781,-0.296875,0.625,0.71875
42.812,-0.3125,0.59375,0.71875
42.843,-0.3125,0.640625,0.734375
42.875,-0.359375,0.65625,0.734375
42.906,-0.296875,0.609375,0.71875
42.937,-0.28125,0.59375,0.734375
42.968,-0.28125,0.640625,0.75
43.000,-0.359375,0.59375,0.71875
43.031,-0.3125,0.5625,0.734375
43.062,-0.359375,0.5625,0.734375
43.093,-0.34375,0.578125,0.765625
43.125,-0.328125,0.546875,0.75
43.156,-0.375,0.53125,0.75
43.187,-0.390625,0.609375,0.765625
43.218,-0.46875,0.609375,0.640625
43.250,-0.265625,0.484375,0.734375
43.281,-0.28125,0.59375,0.8125
43.312,-0.21875,0.484375,0.640625
43.343,-0.265625,0.53125,0.796875
43.375,-0.203125,0.5625,0.8125
43.406,-0.359375,0.578125,0.734375
43.437,-0.375,0.546875,0.765625
43.468,-0.25,0.5,0.828125
43.500,-0.21875,0.515625,0.8125
43.531,-0.328125,0.5,0.78125
43.562,-0.328125,0.5,0.78125
43.593,-0.3125,0.59375,0.75
43.625,-0.328125,0.625,0.734375
43.656,-0.25,0.59375,0.765625
43.687,0.25,0.546875,0.859375
43.718,0.125,0.609375,0.890625
43.750,-0.0625,0.609375,0.84375
43.781,-0.046875,0.640625,0.828125
43.812,-0.125,0.5625,0.8125
43.843,-0.296875,0.515625,0.734375
43.875,-0.0625,0.421875,0.84375
43.906,-0.203125,0.515625,0.796875
43.937,-0.125,0.59375,0.78125
43.968,0.15625,0.65625,0.90625
44.000,0.046875,0.609375,0.84375
44.031,-0.09375,0.609375,0.75
44.062,-0.0625,0.65625,0.765625
44.093,-0.0625,0.609375,0.796875
44.125,-0.03125,0.53125,0.8125
44.156,-0.046875,0.546875,0.8125
44.187,-0.015625,0.59375,0.8125
44.218,-0.015625,0.625,0.796875
44.250,-0.046875,0.640625,0.765625
44.281,-0.046875,0.625,0.78125
44.312,-0.09375,0.609375,0.78125
44.343,-0.078125,0.59375,0.796875
44.375,-0.0625,0.59375,0.796875
44.406,-0.046875,0.59375,0.796875
44.437,-0.0625,0.59375,0.796875
44.468,-0.0625,0.59375,0.796875
44.500,-0.0625,0.59375,0.796875
44.531,-0.0625,0.609375,0.796875
44.562,-0.0625,0.609375,0.796875
44.593,-0.0625,0.609375,0.78125
44.625,-0.046875,0.609375,0.796875
44.656,-0.0625,0.625,0.796875
44.687,-0.03125,0.640625,0.796875
44.718,0.0,0.6875,0.828125
44.750,-0.046875,0.734375,0.84375
44.781,-0.015625,0.625,0.875
44.812,-0.1875,0.53125,0.75
44.843,-0.171875,0.46875,0.765625
44.875,-0.140625,0.515625,0.796875
44.906,-0.046875,0.53125,0.875
44.937,-0.109375,0.546875,0.84375
44.968,-0.109375,0.546875,0.828125
45.000,-0.109375,0.546875,0.8125
45.031,-0.125,0.546875,0.828125
45.062,-0.109375,0.53125,0.84375
45.093,-0.09375,0.546875,0.828125
45.125,-0.109375,0.546875,0.828125
45.156,-0.09375,0.546875,0.828125
45.187,-0.09375,0.546875,0.828125
45.218,-0.109375,0.546875,0.828125
45.250,-0.109375,0.546875,0.828125
45.281,-0.125,0.546875,0.828125
45.312,-0.109375,0.546875,0.828125
45.343,-0.109375,0.546875,0.828125
45.375,-0.109375,0.546875,0.828125
45.406,-0.109375,0.546875,0.828125
45.437,-0.109375,0.546875,0.828125
45.468,-0.109375,0.546875,0.828125
45.500,-0.109375,0.546875,0.828125
45.531,-0.109375,0.546875,0.828125
45.562,-0.109375,0.5625,0.828125
45.593,-0.109375,0.546875,0.828125
45.625,-0.109375,0.546875,0.828125
45.656,-0.109375,0.5625,0.828125
45.687,-0.109375,0.5625,0.8125
45.718,-0.109375,0.546875,0.8125
45.750,-0.125,0.546875,0.828125
45.781,-0.125,0.546875,0.828125
45.812,-0.109375,0.5625,0.828125
45.843,-0.109375,0.5625,0.8125
45.875,-0.109375,0.5625,0.828125
45.906,-0.125,0.546875,0.828125
45.937,-0.109375,0.546875,0.828125
45.968,-0.125,0.546875,0.8125
46.000,-0.125,0.5625,0.828125
46.031,-0.125,0.5625,0.828125
46.062,-0.125,0.5625,0.828125
46.093,-0.109375,0.546875,0.828125
46.125,-0.125,0.546875,0.8125
46.156,-0.125,0.546875,0.828125
46.187,-0.109375,0.546875,0.828125
46.218,-0.125,0.5625,0.8125
46.250,-0.125,0.5625,0.8125
46.281,-0.109375,0.546875,0.828125
46.312,-0.109375,0.546875,0.828125
46.343,-0.125,0.546875,0.828125
46.375,-0.125,0.546875,0.828125
46.406,-0.109375,0.5625,0.828125
46.437,-0.109375,0.5625,0.828125
46.468,-0.109375,0.546875,0.828125
46.500,-0.109375,0.546875,0.828125
46.531,-0.125,0.546875,0.828125
46.562,-0.125,0.546875,0.828125
46.593,-0.109375,0.546875,0.828125
46.625,-0.125,0.546875,0.828125
46.656,-0.125,0.546875,0.828125
46.687,-0.125,0.546875,0.828125
46.718,-0.109375,0.546875,0.8125
46.750,-0.125,0.5625,0.8125
46.781,-0.125,0.546875,0.828125
46.812,-0.125,0.5625,0.828125
46.843,-0.109375,0.546875,0.8125
46.875,-0.125,0.5625,0.828125
46.906,-0.125,0.546875,0.828125
46.937,-0.109375,0.5625,0.828125
46.968,-0.125,0.5625,0.8125
47.000,-0.109375,0.546875,0.828125
47.031,-0.109375,0.546875,0.828125
47.062,-0.125,0.546875,0.828125
47.093,-0.109375,0.5625,0.828125
47.125,-0.109375,0.546875,0.8125
47.156,-0.109375,0.546875,0.828125
47.187,-0.125,0.546875,0.828125
47.218,-0.109375,0.546875,0.828125
47.250,-0.125,0.546875,0.828125
47.281,-0.125,0.5625,0.8125
47.312,-0.109375,0.546875,0.828125
47.343,-0.125,0.546875,0.828125
47.375,-0.125,0.546875,0.828125
47.406,-0.109375,0.546875,0.828125
47.437,-0.109375,0.5625,0.828125
47.468,-0.109375,0.546875,0.828125
47.500,-0.125,0.546875,0.828125
47.531,-0.125,0.546875,0.828125
47.562,-0.125,0.546875,0.828125
47.593,-0.125,0.546875,0.828125
47.625,-0.125,0.546875,0.828125
47.656,-0.109375,0.546875,0.8125
47.687,-0.109375,0.546875,0.8125
47.718,-0.109375,0.5625,0.828125
47.750,-0.109375,0.546875,0.828125
47.781,-0.109375,0.546875,0.828125
47.812,-0.125,0.546875,0.8125
47.843,-0.109375,0.5625,0.828125
47.875,-0.125,0.5625,0.8125
47.906,-0.109375,0.5625,0.828125
47.937,-0.125,0.5625,0.8125
47.968,-0.125,0.5625,0.8125
48.000,-0.109375,0.5625,0.828125
48.031,-0.125,0.5625,0.828125
48.062,-0.109375,0.5625,0.8125
48.093,-0.109375,0.5625,0.828125
48.125,-0.109375,0.5625,0.828125
48.156,-0.125,0.5625,0.8125
48.187,-0.125,0.5625,0.8125
48.218,-0.125,0.546875,0.828125
48.250,-0.109375,0.546875,0.828125
48.281,-0.125,0.5625,0.8125
48.312,-0.125,0.578125,0.8125
48.343,-0.109375,0.59375,0.8125
48.375,-0.125,0.546875,0.8125
48.406,-0.109375,0.5625,0.828125
48.437,-0.125,0.5625,0.828125
48.468,-0.09375,0.546875,0.8125
48.500,-0.125,0.546875,0.828125
48.531,-0.171875,0.5625,0.8125
48.562,-0.078125,0.5,0.828125
48.593,-0.125,0.484375,0.859375
48.625,-0.15625,0.515625,0.828125
48.656,-0.140625,0.53125,0.8125
48.687,-0.078125,0.5625,0.828125
48.718,-0.15625,0.515625,0.859375
48.750,-0.1875,0.5,0.84375
48.781,-0.109375,0.46875,0.859375
48.812,-0.171875,0.46875,0.890625
48.843,-0.234375,0.453125,0.84375
48.875,-0.21875,0.484375,0.828125
48.906,-0.203125,0.484375,0.84375
48.937,-0.203125,0.515625,0.828125
48.968,-0.21875,0.53125,0.828125
49.000,-0.21875,0.546875,0.828125
49.031,-0.203125,0.5,0.828125
49.062,-0.21875,0.515625,0.828125
49.093,-0.25,0.515625,0.84375
49.125,-0.234375,0.53125,0.8125
49.156,-0.21875,0.5,0.8125
49.187,-0.25,0.515625,0.8125
49.218,-0.25,0.515625,0.796875
49.250,-0.265625,0.546875,0.828125
49.281,-0.25,0.546875,0.796875
49.312,-0.25,0.53125,0.796875
49.343,-0.265625,0.515625,0.796875
49.375,-0.28125,0.53125,0.8125
49.406,-0.296875,0.5625,0.796875
49.437,-0.28125,0.53125,0.796875
49.468,-0.28125,0.515625,0.796875
49.500,-0.296875,0.5,0.796875
49.531,-0.296875,0.515625,0.796875
49.562,-0.28125,0.53125,0.796875
49.593,-0.296875,0.546875,0.8125
49.625,-0.3125,0.53125,0.796875
49.656,-0.328125,0.53125,0.796875
49.687,-0.34375,0.5,0.78125
49.718,-0.34375,0.484375,0.796875
49.750,-0.34375,0.515625,0.8125
49.781,-0.34375,0.515625,0.796875
49.812,-0.3125,0.484375,0.8125
49.843,-0.3125,0.5,0.8125
49.875,-0.296875,0.5,0.796875
49.906,-0.28125,0.515625,0.796875
49.937,-0.328125,0.515625,0.796875
49.968,-0.328125,0.515625,0.796875
50.000,-0.328125,0.515625,0.796875
50.031,-0.3125,0.515625,0.796875
50.062,-0.3125,0.53125,0.78125
50.093,-0.328125,0.53125,0.78125
50.125,-0.34375,0.515625,0.796875
50.156,-0.34375,0.515625,0.78125
50.187,-0.34375,0.53125,0.796875
50.218,-0.328125,0.546875,0.78125
50.250,-0.3125,0.546875,0.78125
50.281,-0.3125,0.53125,0.78125
50.312,-0.328125,0.5,0.78125
50.343,-0.328125,0.53125,0.78125
50.375,-0.296875,0.546875,0.78125
50.406,-0.3125,0.546875,0.78125
50.437,-0.328125,0.53125,0.765625
50.468,-0.34375,0.546875,0.78125
50.500,-0.328125,0.546875,0.78125
50.531,-0.34375,0.53125,0.78125
50.562,-0.359375,0.53125,0.78125
50.593,-0.34375,0.53125,0.78125
50.625,-0.328125,0.5625,0.78125
50.656,-0.3125,0.5625,0.765625
50.687,-0.3125,0.53125,0.796875
50.718,-0.328125,0.515625,0.78125
50.750,-0.3125,0.515625,0.78125
50.781,-0.296875,0.5625,0.78125
50.812,-0.3125,0.546875,0.78125
50.843,-0.328125,0.546875,0.765625
50.875,-0.3125,0.546875,0.765625
50.906,-0.296875,0.546875,0.78125
50.937,-0.3125,0.546875,0.78125
50.968,-0.3125,0.5625,0.78125
51.000,-0.296875,0.546875,0.78125
51.031,-0.3125,0.546875,0.78125
51.062,-0.328125,0.53125,0.78125
51.093,-0.3125,0.53125,0.78125
51.125,-0.3125,0.5625,0.78125
51.156,-0.328125,0.546875,0.78125
51.187,-0.3125,0.546875,0.78125
51.218,-0.3125,0.546875,0.78125
51.250,-0.328125,0.5625,0.78125
51.281,-0.3125,0.546875,0.78125
51.312,-0.3125,0.53125,0.78125
51.343,-0.328125,0.53125,0.796875
51.375,-0.3125,0.53125,0.796875
51.406,-0.3125,0.53125,0.78125
51.437,-0.328125,0.546875,0.78125
51.468,-0.3125,0.53125,0.78125
51.500,-0.3125,0.546875,0.78125
51.531,-0.328125,0.546875,0.78125
51.562,-0.3125,0.546875,0.78125
51.593,-0.3125,0.53125,0.78125
51.625,-0.3125,0.53125,0.796875
51.656,-0.3125,0.53125,0.78125
51.687,-0.3125,0.53125,0.796875
51.718,-0.3125,0.53125,0.796875
51.750,-0.3125,0.53125,0.796875
51.781,-0.3125,0.53125,0.796875
51.812,-0.3125,0.53125,0.796875
51.843,-0.3125,0.53125,0.78125
51.875,-0.3125,0.53125,0.78125
51.906,-0.3125,0.53125,0.796875
51.937,-0.3125,0.53125,0.796875
51.968,-0.3125,0.53125,0.796875
52.000,-0.3125,0.515625,0.796875
52.031,-0.3125,0.53125,0.796875
52.062,-0.3125,0.53125,0.796875
52.093,-0.3125,0.53125,0.796875
52.125,-0.3125,0.53125,0.796875
52.156,-0.3125,0.53125,0.78125
52.187,-0.3125,0.53125,0.78125
52.218,-0.3125,0.53125,0.78125
52.250,-0.3125,0.515625,0.796875
52.281,-0.328125,0.515625,0.796875
52.312,-0.328125,0.53125,0.78125
52.343,-0.3125,0.53125,0.796875
52.375,-0.328125,0.53125,0.78125
52.406,-0.3125,0.53125,0.78125
52.437,-0.3125,0.53125,0.78125
52.468,-0.328125,0.53125,0.796875
52.500,-0.3125,0.53125,0.796875
52.531,-0.3125,0.53125,0.796875
52.562,-0.328125,0.53125,0.78125
52.593,-0.328125,0.53125,0.78125
52.625,-0.3125,0.53125,0.78125
52.656,-0.328125,0.53125,0.78125
52.687,-0.328125,0.53125,0.78125
52.718,-0.328125,0.53125,0.78125
52.750,-0.328125,0.53125,0.78125
52.781,-0.328125,0.53125,0.78125
52.812,-0.328125,0.53125,0.78125
52.843,-0.328125,0.53125,0.78125
52.875,-0.328125,0.53125,0.78125
52.906,-0.328125,0.53125,0.78125
52.937,-0.328125,0.53125,0.78125
52.968,-0.328125,0.53125,0.78125
53.000,-0.328125,0.53125,0.78125
53.031,-0.328125,0.53125,0.78125
53.062,-0.328125,0.53125,0.78125
53.093,-0.328125,0.53125,0.78125
53.125,-0.328125,0.515625,0.78125
53.156,-0.328125,0.53125,0.78125
53.187,-0.328125,0.53125,0.78125
53.218,-0.328125,0.53125,0.78125
53.250,-0.328125,0.53125,0.78125
53.281,-0.328125,0.53125,0.78125
53.312,-0.328125,0.53125,0.78125
53.343,-0.328125,0.53125,0.78125
53.375,-0.3125,0.546875,0.78125
53.406,-0.3125,0.53125,0.78125
53.437,-0.328125,0.53125,0.78125
53.468,-0.328125,0.53125,0.796875
53.500,-0.328125,0.53125,0.78125
53.531,-0.328125,0.53125,0.796875
53.562,-0.328125,0.53125,0.796875
53.593,-0.3125,0.53125,0.78125
53.625,-0.328125,0.53125,0.78125
53.656,-0.328125,0.53125,0.78125
53.687,-0.328125,0.53125,0.796875
53.718,-0.328125,0.515625,0.78125
53.750,-0.3125,0.515625,0.78125
53.781,-0.328125,0.53125,0.796875
53.812,-0.328125,0.53125,0.796875
53.843,-0.328125,0.53125,0.78125
53.875,-0.328125,0.53125,0.78125
53.906,-0.328125,0.53125,0.78125
53.937,-0.328125,0.53125,0.78125
53.968,-0.328125,0.53125,0.796875
54.000,-0.3125,0.53125,0.796875
54.031,-0.328125,0.53125,0.796875
54.062,-0.328125,0.53125,0.796875
54.093,-0.3125,0.515625,0.796875
54.125,-0.328125,0.515625,0.796875
54.156,-0.328125,0.53125,0.78125
54.187,-0.328125,0.515625,0.796875
54.218,-0.328125,0.515625,0.78125
54.250,-0.328125,0.515625,0.796875
54.281,-0.328125,0.515625,0.796875
54.312,-0.328125,0.53125,0.796875
54.343,-0.328125,0.53125,0.796875
54.375,-0.328125,0.53125,0.78125
54.406,-0.328125,0.53125,0.796875
54.437,-0.34375,0.515625,0.78125
54.468,-0.328125,0.515625,0.796875
54.500,-0.328125,0.515625,0.796875
54.531,-0.328125,0.515625,0.796875
54.562,-0.34375,0.515625,0.796875
54.593,-0.328125,0.53125,0.796875
54.625,-0.3125,0.53125,0.78125
54.656,-0.328125,0.53125,0.78125
54.687,-0.328125,0.53125,0.78125
54.718,-0.328125,0.53125,0.78125
54.750,-0.328125,0.515625,0.78125
54.781,-0.328125,0.53125,0.78125
54.812,-0.328125,0.53125,0.796875
54.843,-0.328125,0.53125,0.78125
54.875,-0.34375,0.53125,0.78125
54.906,-0.34375,0.53125,0.78125
54.937,-0.34375,0.53125,0.78125
54.968,-0.328125,0.515625,0.78125
55.000,-0.328125,0.515625,0.796875
55.031,-0.328125,0.53125,0.796875
55.062,-0.328125,0.53125,0.78125
55.093,-0.328125,0.53125,0.78125
55.125,-0.34375,0.53125,0.78125
55.156,-0.328125,0.53125,0.78125
55.187,-0.328125,0.53125,0.78125
55.218,-0.328125,0.53125,0.78125
55.250,-0.328125,0.515625,0.796875
55.281,-0.34375,0.53125,0.78125
55.312,-0.328125,0.53125,0.78125
55.343,-0.3125,0.53125,0.78125
55.375,-0.328125,0.515625,0.78125
55.406,-0.328125,0.53125,0.78125
55.437,-0.34375,0.53125,0.78125
55.468,-0.328125,0.53125,0.78125
55.500,-0.328125,0.53125,0.78125
55.531,-0.328125,0.53125,0.78125
55.562,-0.34375,0.53125,0.796875
55.593,-0.328125,0.515625,0.78125
55.625,-0.328125,0.53125,0.78125
55.656,-0.328125,0.53125,0.78125
55.687,-0.328125,0.53125,0.78125
55.718,-0.328125,0.515625,0.78125
55.750,-0.328125,0.53125,0.78125
55.781,-0.328125,0.53125,0.78125
55.812,-0.328125,0.53125,0.78125
55.843,-0.328125,0.53125,0.78125
55.875,-0.328125,0.515625,0.78125
55.906,-0.328125,0.515625,0.796875
55.937,-0.328125,0.53125,0.78125
55.968,-0.328125,0.53125,0.78125
56.000,-0.328125,0.53125,0.78125
56.031,-0.34375,0.53125,0.78125
56.062,-0.328125,0.53125,0.796875
56.093,-0.328125,0.53125,0.796875
56.125,-0.34375,0.53125,0.796875
56.156,-0.34375,0.53125,0.78125
56.187,-0.328125,0.515625,0.796875
56.218,-0.328125,0.5,0.8125
56.250,-0.328125,0.5,0.796875
56.281,-0.359375,0.5,0.796875
56.312,-0.34375,0.5,0.796875
56.343,-0.328125,0.515625,0.796875
56.375,-0.34375,0.5,0.796875
56.406,-0.328125,0.5,0.796875
56.437,-0.328125,0.5,0.796875
56.468,-0.328125,0.484375,0.796875
56.500,-0.328125,0.484375,0.8125
56.531,-0.328125,0.5,0.796875
56.562,-0.328125,0.515625,0.8125
56.593,-0.328125,0.5,0.796875
56.625,-0.3125,0.515625,0.796875
56.656,-0.328125,0.5,0.796875
56.687,-0.328125,0.5,0.8125
56.718,-0.328125,0.515625,0.796875
56.750,-0.328125,0.515625,0.796875
56.781,-0.328125,0.515625,0.796875
56.812,-0.328125,0.515625,0.796875
56.843,-0.328125,0.515625,0.8125
56.875,-0.328125,0.5,0.796875
56.906,-0.328125,0.515625,0.796875
56.937,-0.328125,0.515625,0.796875
56.968,-0.328125,0.515625,0.8125
57.000,-0.3125,0.515625,0.796875
57.031,-0.328125,0.53125,0.765625
57.062,-0.3125,0.546875,0.78125
57.093,-0.28125,0.546875,0.78125
57.125,-0.296875,0.53125,0.78125
57.156,-0.3125,0.53125,0.796875
57.187,-0.296875,0.53125,0.8125
57.218,-0.296875,0.546875,0.78125
57.250,-0.296875,0.546875,0.796875
57.281,-0.296875,0.546875,0.796875
57.312,-0.296875,0.53125,0.78125
57.343,-0.296875,0.5625,0.78125
57.375,-0.296875,0.5625,0.78125
57.406,-0.3125,0.546875,0.796875
57.437,-0.3125,0.546875,0.78125
57.468,-0.296875,0.546875,0.78125
57.500,-0.3125,0.546875,0.78125
57.531,-0.296875,0.546875,0.78125
57.562,-0.296875,0.5625,0.78125
57.593,-0.296875,0.5625,0.78125
57.625,-0.296875,0.53125,0.78125
57.656,-0.3125,0.546875,0.796875
57.687,-0.3125,0.546875,0.78125
57.718,-0.28125,0.5625,0.78125
57.750,-0.296875,0.5625,0.78125
57.781,-0.296875,0.546875,0.78125
57.812,-0.296875,0.53125,0.78125
57.843,-0.3125,0.53125,0.796875
57.875,-0.296875,0.546875,0.796875
57.906,-0.3125,0.546875,0.78125
57.937,-0.3125,0.546875,0.78125
57.968,-0.3125,0.546875,0.78125
58.000,-0.296875,0.546875,0.78125
58.031,-0.296875,0.546875,0.78125
58.062,-0.296875,0.546875,0.796875
58.093,-0.3125,0.53125,0.78125
58.125,-0.3125,0.546875,0.78125
58.156,-0.296875,0.546875,0.796875
58.187,-0.296875,0.546875,0.78125
58.218,-0.296875,0.546875,0.78125
58.250,-0.3125,0.546875,0.78125
58.281,-0.296875,0.53125,0.796875
58.312,-0.28125,0.546875,0.796875
58.343,-0.3125,0.546875,0.78125
58.375,-0.3125,0.53125,0.796875
58.406,-0.3125,0.53125,0.796875
58.437,-0.3125,0.53125,0.78125
58.468,-0.296875,0.546875,0.78125
58.500,-0.296875,0.546875,0.78125
58.531,-0.296875,0.546875,0.796875
58.562,-0.296875,0.53125,0.796875
58.593,-0.296875,0.53125,0.78125
58.625,-0.296875,0.546875,0.78125
58.656,-0.296875,0.546875,0.796875
58.687,-0.3125,0.53125,0.796875
58.718,-0.3125,0.546875,0.78125
58.750,-0.296875,0.546875,0.78125
58.781,-0.3125,0.53125,0.78125
58.812,-0.3125,0.53125,0.78125
58.843,-0.296875,0.53125,0.78125
58.875,-0.296875,0.53125,0.796875
58.906,-0.296875,0.53125,0.796875
58.937,-0.296875,0.546875,0.78125
58.968,-0.296875,0.546875,0.78125
59.000,-0.296875,0.546875,0.796875
59.031,-0.296875,0.546875,0.78125
59.062,-0.296875,0.546875,0.78125
59.093,-0.296875,0.53125,0.796875
59.125,-0.296875,0.53125,0.796875
59.156,-0.296875,0.546875,0.796875
59.187,-0.3125,0.53125,0.796875
59.218,-0.296875,0.53125,0.796875
59.250,-0.296875,0.53125,0.796875
59.281,-0.3125,0.546875,0.78125
59.312,-0.296875,0.546875,0.78125
59.343,-0.296875,0.53125,0.796875
59.375,-0.296875,0.53125,0.796875
59.406,-0.296875,0.53125,0.796875
59.437,-0.296875,0.546875,0.796875
59.468,-0.296875,0.53125,0.796875
59.500,-0.296875,0.53125,0.796875
59.531,-0.296875,0.53125,0.796875
59.562,-0.296875,0.546875,0.78125
59.593,-0.3125,0.546875,0.78125
59.625,-0.296875,0.53125,0.78125
59.656,-0.296875,0.53125,0.796875
59.687,-0.3125,0.546875,0.78125
59.718,-0.3125,0.546875,0.78125
59.750,-0.296875,0.546875,0.78125
59.781,-0.296875,0.546875,0.78125
59.812,-0.296875,0.546875,0.78125
59.843,-0.3125,0.546875,0.78125
59.875,-0.3125,0.546875,0.78125
59.906,-0.3125,0.546875,0.78125
59.937,-0.3125,0.546875,0.78125
59.968,-0.3125,0.546875,0.78125
