timestamp,x,y,z,roll,pitch,yaw
00.020,-0.00055771996,-6.352998e-05,-0.0006065892,-1.101111e-09,9.6664845e-09,1.0513493e-08
00.040,-0.00055771996,-0.0006743952,4.2760566e-06,-1.1758393e-08,9.724107e-09,-7.455498e-11
00.080,0.0006640105,0.0017690657,0.0006151413,7.003831e-08,-2.6288554e-08,-2.435379e-08
00.118,5.3145275e-05,-0.0006743952,-0.0006065892,-1.2208113e-08,-9.620525e-10,1.0980668e-08
00.139,0.001885741,-0.0012852604,-0.0012174544,-6.623099e-08,-9.7174464e-08,6.2736866e-08
00.179,-0.0011685851,-0.0012852604,0.0006151413,-4.7186862e-08,4.2903263e-08,-2.2584205e-08
00.219,0.0006640105,0.0011582006,0.0012260065,4.182476e-08,-2.3978647e-08,-4.4273357e-08
00.239,0.0012748757,0.0011582006,0.0006151413,4.220308e-08,-4.6454545e-08,-2.2414818e-08
00.280,5.3145275e-05,0.0011582006,0.0006151413,3.0285587e-08,-1.3896869e-09,-1.6085226e-08
00.319,0.0024966064,-0.002506991,4.2760566e-06,-1.7671559e-07,-1.7598359e-07,-3.0143102e-10
00.339,-0.0023903158,-0.0018961257,4.2760566e-06,-1.1525779e-07,1.452976e-07,-2.5991576e-10
00.379,5.3145275e-05,-0.0012852604,4.2760566e-06,-3.2938903e-08,-1.3620174e-09,-1.09587624e-10
00.419,-0.0011685851,0.0011582006,0.0006151413,4.0531653e-08,4.0895067e-08,-2.1527095e-08
00.441,0.0006640105,0.00054733525,4.2760566e-06,9.383626e-09,-1.1383931e-08,-7.3309525e-11
00.478,5.3145275e-05,-6.352998e-05,4.2760566e-06,-1.0497537e-10,-8.781594e-11,-7.0656506e-12
00.521,0.0006640105,0.0011582006,0.0006151413,3.3918624e-08,-1.9445963e-08,-1.8014797e-08
00.538,5.3145275e-05,-0.0006743952,0.0006151413,-1.2285121e-08,-9.681209e-10,-1.1205723e-08
00.580,5.3145275e-05,-6.352998e-05,0.0012260065,-1.5552989e-09,-1.3010675e-09,-3.001428e-08
00.620,5.3145275e-05,0.0011582006,0.0006151413,3.0285587e-08,-1.3896869e-09,-1.6085226e-08
00.639,-0.00055771996,0.00054733525,0.0006151413,1.0844532e-08,1.1050289e-08,-1.2187996e-08
00.679,0.0024966064,0.00054733525,4.2760566e-06,2.7870914e-08,-1.2712995e-07,-2.1773974e-10
00.720,-0.0012223413,-0.000698219,-0.0006059783,-2.1319236e-08,3.732265e-08,1.8502783e-08
00.762,-0.0036658023,-0.0019199494,-0.0006059783,-1.5997684e-07,3.0544732e-07,5.0492233e-08
00.780,0.0012211197,0.001745242,-0.0012168436,8.529525e-08,-5.9679806e-08,5.9470825e-08
00.820,0.0012211197,0.00052351155,4.886922e-06,1.3857325e-08,-3.2322976e-08,-1.2935636e-10
00.859,-0.0012223413,-8.735373e-05,-0.0012168436,-3.005538e-09,4.2056502e-08,4.1867345e-08
00.879,-0.0012223413,-0.000698219,4.886922e-06,-1.958208e-08,3.4281488e-08,-1.3705709e-10
00.919,-6.1086524e-07,0.00052351155,0.0006157522,8.42962e-09,9.836154e-12,-9.914885e-09
00.960,0.0006102544,-0.000698219,4.886922e-06,-1.28997195e-08,-1.1274558e-08,-9.028682e-11
00.979,-0.0012223413,-0.0019199494,0.0012266175,-9.889885e-08,6.296424e-08,-6.318451e-08
01.019,-0.00061147613,-0.000698219,4.886922e-06,-1.291091e-08,1.130693e-08,-9.036499e-11
01.059,-6.1086524e-07,0.001745242,4.886922e-06,6.0682936e-08,2.1240084e-11,-1.6992072e-10
01.079,-6.1086524e-07,0.0011343767,0.0012266175,3.7759133e-08,2.0332635e-11,-4.082948e-08
01.120,0.0012211197,0.0011343767,4.886922e-06,3.9650697e-08,-4.2682686e-08,-1.708153e-10
01.159,-0.00061147613,-0.0013090841,4.886922e-06,-3.768319e-08,1.7601902e-08,-1.4067421e-10
01.180,-0.0012223413,-0.0019199494,0.0006157522,-9.0190376e-08,5.741996e-08,-2.8925198e-08
01.218,-0.00061147613,-0.000698219,4.886922e-06,-1.291091e-08,1.130693e-08,-9.036499e-11
01.259,-0.00061147613,-8.735373e-05,-0.0006059783,-1.5059185e-09,1.054143e-08,1.04466515e-08
01.279,-6.1086524e-07,-8.735373e-05,4.886922e-06,-1.5226691e-10,1.0648036e-12,-8.518429e-12
01.320,0.0006102544,-0.0025308146,4.886922e-06,-1.3126449e-07,-3.165176e-08,-2.534696e-10
01.360,0.0018319848,0.0011343767,0.0006157522,5.064712e-08,-8.17936e-08,-2.7491813e-08
01.379,0.0012211197,-0.000698219,-0.0006059783,-2.2427036e-08,-3.9222787e-08,1.9464235e-08
01.420,0.0006102544,0.00052351155,4.886922e-06,8.386168e-09,-9.775708e-09,-7.828391e-11
01.458,0.0006102544,-0.000698219,0.0006157522,-1.548436e-08,-1.3533575e-08,-1.3655498e-08
01.479,-6.1086524e-07,0.00052351155,-0.0012168436,1.3816253e-08,1.612187e-11,3.2114322e-08
01.519,0.0018319848,0.00052351155,4.886922e-06,1.9872315e-08,-6.95415e-08,-1.8550515e-10
01.559,0.0006102544,-0.000698219,0.0006157522,-1.548436e-08,-1.3533575e-08,-1.3655498e-08
01.601,-0.0018332066,-8.735373e-05,4.886922e-06,-3.1940406e-09,6.703018e-08,-1.7868748e-10
01.619,-0.00061147613,-0.0013090841,-0.0006059783,-4.086301e-08,1.9087203e-08,1.8915589e-08
01.659,0.00244285,0.001745242,0.0012266175,1.1870025e-07,-1.6614712e-07,-8.3426706e-08
01.699,-0.003054937,-0.0025308146,4.886922e-06,-2.0002501e-07,2.4144947e-07,-3.8621775e-10
01.720,0.0012211197,0.001745242,4.886922e-06,7.40619e-08,-5.182e-08,-2.0738176e-10
01.759,-6.1086524e-07,0.0011343767,4.886922e-06,2.5637297e-08,1.3805759e-11,-1.1044608e-10
01.799,-0.0012223413,-0.0013090841,4.886922e-06,-4.6711914e-08,4.361668e-08,-1.7437851e-10
01.820,0.0006102544,-0.0025308146,4.886922e-06,-1.3126449e-07,-3.165176e-08,-2.534696e-10
01.859,0.0012211197,0.00052351155,4.886922e-06,1.3857325e-08,-3.2322976e-08,-1.2935636e-10
01.903,0.0012211197,0.0011343767,0.0006157522,4.0156383e-08,-4.322704e-08,-2.1797327e-08
01.920,-6.1086524e-07,0.00052351155,0.0006157522,8.42962e-09,9.836154e-12,-9.914885e-09
01.959,0.00244285,0.001745242,0.0012266175,1.1276524e-07,-1.5783976e-07,-7.925537e-08
01.999,-0.0012223413,-0.0025308146,4.886922e-06,-1.4171128e-07,6.8444194e-08,-2.736351e-10
02.019,-0.00061147613,-0.0019199494,4.886922e-06,-7.707498e-08,2.4547267e-08,-1.96181e-10
02.058,-0.0012223413,-0.000698219,-0.0006059783,-2.1319236e-08,3.732265e-08,1.8502783e-08
02.099,-0.0024440717,0.00052351155,0.0006157522,2.6849024e-08,1.2534764e-07,-3.1579713e-08
02.119,0.0006102544,-8.735373e-05,0.0006157522,-1.5163893e-09,-1.0593517e-08,-1.0688954e-08
02.159,0.0006102544,0.00052351155,0.0018374827,2.0919192e-08,-2.4385384e-08,-7.342466e-08
02.203,0.00244285,0.0011343767,0.0006157522,6.5727704e-08,-1.4154286e-07,-3.567772e-08
02.221,-6.1086524e-07,0.0011343767,0.0006157522,2.9170463e-08,1.570815e-11,-1.5834049e-08
02.259,0.0006102544,0.0023561073,4.886922e-06,1.1424686e-07,-2.9591034e-08,-2.3696353e-10
02.298,-0.00061147613,-8.735373e-05,4.886922e-06,-1.0750162e-09,7.525114e-09,-6.014076e-11
02.319,-0.0018332066,-0.000698219,4.886922e-06,-2.7288076e-08,7.164612e-08,-1.9099168e-10
02.360,-6.1086524e-07,0.0011343767,0.0006157522,2.9170463e-08,1.570815e-11,-1.5834049e-08
02.399,0.0006102544,0.001745242,-0.0006059783,6.7650376e-08,-2.3655138e-08,2.3489385e-08
02.440,-6.1086524e-07,0.00052351155,4.886922e-06,5.46041e-09,6.37154e-12,-5.097232e-11
02.459,-6.1086524e-07,-0.0013090841,-0.0006059783,-3.7622517e-08,1.7555677e-11,1.7415557e-08
02.500,0.0012211197,0.0011343767,4.886922e-06,3.7668162e-08,-4.054855e-08,-1.6227457e-10
02.540,-6.1086524e-07,-0.000698219,-0.0012168436,-1.9515596e-08,1.707368e-11,3.4011432e-08
02.560,0.0012211197,0.0011343767,4.886922e-06,3.7668162e-08,-4.054855e-08,-1.6227457e-10
02.598,-0.0024440717,-0.000698219,4.886922e-06,-3.5358656e-08,1.2377075e-07,-2.4747746e-10
02.640,-0.0012223413,-0.0019199494,0.0006157522,-9.0190376e-08,5.741996e-08,-2.8925198e-08
02.660,0.0012211197,-0.000698219,0.0006157522,-2.1359844e-08,-3.735637e-08,-1.8837028e-08
02.699,0.0018319848,0.001745242,0.0006157522,9.05445e-08,-9.504479e-08,-3.1945696e-08
02.740,-0.00061147613,-0.000698219,4.886922e-06,-1.3590432e-08,1.1902031e-08,-9.512104e-11
02.759,0.0018319848,0.0023561073,0.0006157522,1.4304611e-07,-1.1122511e-07,-3.7384094e-08
02.800,0.0006102544,0.0011343767,0.0012266175,4.019908e-08,-2.1625677e-08,-4.346783e-08
02.825,0.0012211197,0.0011343767,0.0006157522,4.0156383e-08,-4.322704e-08,-2.1797327e-08
02.859,-6.1086524e-07,-8.735373e-05,4.886922e-06,-1.5226691e-10,1.0648036e-12,-8.518429e-12
02.901,0.0018319848,0.001745242,0.0012266175,9.776983e-08,-1.0262923e-07,-6.871607e-08
02.939,0.0012211197,0.001745242,0.0006157522,7.7094235e-08,-5.394168e-08,-2.7200205e-08
02.958,0.0006102544,0.001745242,-0.0006059783,6.7650376e-08,-2.3655138e-08,2.3489385e-08
02.999,0.00244285,-0.0019199494,4.886922e-06,-1.1884783e-07,-1.5121618e-07,-3.0251698e-10
03.039,0.0018319848,0.0011343767,0.0006157522,5.064712e-08,-8.17936e-08,-2.7491813e-08
03.058,-6.1086524e-07,0.001745242,-0.0006059783,6.423658e-08,2.2484643e-11,2.2304054e-08
03.100,0.0012211197,0.00052351155,-0.0006059783,1.5230524e-08,-3.5526043e-08,1.762973e-08
03.139,0.0018319848,0.00052351155,4.886922e-06,1.9872315e-08,-6.95415e-08,-1.8550515e-10
03.161,-0.00061147613,-0.0013090841,0.0012266175,-4.9431183e-08,2.3089418e-08,-4.6317233e-08
03.199,-0.0018332066,-0.0013090841,4.886922e-06,-5.8750587e-08,8.227276e-08,-2.1931851e-10
03.240,0.00244285,-0.0013090841,4.886922e-06,-7.228309e-08,-1.3488572e-07,-2.6984381e-10
03.260,-6.1086524e-07,-0.0019199494,-0.0012168436,-8.694787e-08,2.766158e-11,5.510664e-08
03.300,-0.0012223413,-0.0025308146,4.886922e-06,-1.4916976e-07,7.204652e-08,-2.8803665e-10
03.341,0.0006102544,-0.0013090841,0.0006157522,-4.094988e-08,-1.9089564e-08,-1.9261542e-08
03.360,-0.00061147613,-0.000698219,-0.0006059783,-1.5418935e-08,1.3503373e-08,1.3381962e-08
03.399,-0.0012223413,0.0011343767,0.0006157522,4.017537e-08,4.3290743e-08,-2.1807631e-08
03.438,0.0006102544,0.0011343767,4.886922e-06,2.91116e-08,-1.5661007e-08,-1.2541325e-10
03.481,0.0006102544,-8.735373e-05,-0.0006059783,-1.5044168e-09,-1.0509877e-08,1.0436234e-08
03.500,-6.1086524e-07,0.0011343767,4.886922e-06,2.5637297e-08,1.3805759e-11,-1.1044608e-10
03.539,0.0030537155,0.001745242,4.886922e-06,1.2229616e-07,-2.1398618e-07,-3.424333e-10
03.579,0.0006102544,-8.735373e-05,0.0006157522,-1.5163893e-09,-1.0593517e-08,-1.0688954e-08
03.600,0.0006102544,-0.000698219,4.886922e-06,-1.28997195e-08,-1.1274558e-08,-9.028682e-11
03.640,-6.1086524e-07,0.0011343767,4.886922e-06,2.5637297e-08,1.3805759e-11,-1.1044608e-10
03.680,0.0006102544,-0.000698219,4.886922e-06,-1.28997195e-08,-1.1274558e-08,-9.028682e-11
03.700,-0.0012223413,-0.0013090841,4.886922e-06,-4.6711914e-08,4.361668e-08,-1.7437851e-10
03.739,-6.1086524e-07,-8.735373e-05,4.886922e-06,-1.5226691e-10,1.0648036e-12,-8.518429e-12
03.781,0.0012211197,0.0011343767,4.886922e-06,3.7668162e-08,-4.054855e-08,-1.6227457e-10
03.803,-0.0012223413,-0.000698219,0.0012266175,-2.5973021e-08,4.546983e-08,-4.5628898e-08
03.839,0.0012211197,-0.000698219,-0.0006059783,-2.2427036e-08,-3.9222787e-08,1.9464235e-08
03.889,-6.1086524e-07,0.00052351155,-0.0006059783,8.352217e-09,9.745917e-12,9.667909e-09
03.901,0.0018319848,0.00052351155,4.886922e-06,1.9872315e-08,-6.95415e-08,-1.8550515e-10
03.940,0.0012211197,-0.000698219,0.0006157522,-2.1359844e-08,-3.735637e-08,-1.8837028e-08
03.979,-6.1086524e-07,0.0011343767,4.886922e-06,2.5637297e-08,1.3805759e-11,-1.1044608e-10
03.999,0.0006102544,0.00052351155,-0.0006059783,1.05010125e-08,-1.224097e-08,1.2155197e-08
04.039,-6.1086524e-07,0.0011343767,4.886922e-06,2.5637297e-08,1.3805759e-11,-1.1044608e-10
04.079,-0.0012223413,0.00052351155,4.886922e-06,1.3869037e-08,3.238266e-08,-1.2946613e-10
04.119,0.0012211197,0.001745242,-0.0006059783,7.700055e-08,-5.387613e-08,2.6735927e-08
04.139,0.0012211197,0.0011343767,4.886922e-06,3.7668162e-08,-4.054855e-08,-1.6227457e-10
04.180,0.0018319848,0.0011343767,-0.0006059783,5.0586877e-08,-8.169631e-08,2.7023255e-08
04.221,-6.1086524e-07,0.001745242,4.886922e-06,6.0682936e-08,2.1240084e-11,-1.6992072e-10
04.240,0.0012211197,0.00052351155,0.0006157522,1.5273109e-08,-3.5625373e-08,-1.7964169e-08
04.279,-0.0018332066,-0.000698219,4.886922e-06,-2.7288076e-08,7.164612e-08,-1.9099168e-10
04.319,-6.1086524e-07,-0.0025308146,4.886922e-06,-1.2760715e-07,3.080068e-11,-2.464053e-10
04.339,-0.0012223413,-0.0013090841,-0.0006059783,-4.9312938e-08,4.6045354e-08,2.2827084e-08
04.379,0.0012211197,-8.735373e-05,-0.0006059783,-2.5024423e-09,-3.4981696e-08,1.73596e-08
04.419,-0.00061147613,0.00052351155,4.886922e-06,8.395844e-09,9.806581e-09,-7.8374314e-11
04.439,-0.0018332066,0.0011343767,0.0012266175,5.605582e-08,9.058886e-08,-6.061394e-08
04.479,-0.00061147613,-0.000698219,4.886922e-06,-1.291091e-08,1.130693e-08,-9.036499e-11
04.519,0.0006102544,-0.000698219,4.886922e-06,-1.28997195e-08,-1.1274558e-08,-9.028682e-11
04.540,0.0006102544,-8.735373e-05,0.0006157522,-1.5163893e-09,-1.0593517e-08,-1.0688954e-08
04.579,0.0012211197,0.0011343767,-0.0006059783,4.0080373e-08,-4.3145217e-08,2.1410731e-08
04.619,-0.00061147613,-0.0013090841,4.886922e-06,-3.768319e-08,1.7601902e-08,-1.4067421e-10
04.640,-0.00061147613,-0.000698219,0.0006157522,-1.5493683e-08,1.3568834e-08,-1.3663721e-08
04.679,-0.0012223413,-8.735373e-05,4.886922e-06,-2.132736e-09,2.9843388e-08,-1.1931388e-10
04.720,0.0018319848,-8.735373e-05,4.886922e-06,-3.1919165e-09,-6.694096e-08,-1.7856887e-10
04.740,0.0030537155,0.0011343767,0.0006157522,7.4925936e-08,-2.0169887e-07,-4.0670617e-08
04.782,-0.0012223413,-0.000698219,-0.0006059783,-2.1319236e-08,3.732265e-08,1.8502783e-08
04.808,-0.0007776315,-0.00018142698,-5.681047e-05,-2.893576e-09,1.2402432e-08,9.0606933e-10
04.840,0.00044409905,-0.00018142698,-5.681047e-05,-1.7461246e-09,-4.2741837e-09,5.467663e-10
04.880,-0.00016676621,-0.00018142698,-0.00066767575,-2.572484e-09,2.3646065e-09,9.467088e-09
04.919,0.0016658296,-0.00079229224,0.0005540548,-3.2002525e-08,-6.728673e-08,-2.2379561e-08
04.940,0.0010549643,0.0040946295,0.0005540548,3.4788502e-07,-8.9631136e-08,-4.7073197e-08
04.979,0.0041092904,0.0034837644,0.0005540548,3.7588694e-07,-4.4337918e-07,-5.978064e-08
05.021,0.0041092904,0.0016511687,0.0005540548,1.4682001e-07,-3.653934e-07,-4.926589e-08
05.040,-0.0013884967,0.0034837644,0.0011649199,2.7256286e-07,1.0863324e-07,-9.1141054e-08
05.080,0.00044409905,0.0059272256,0.0011649199,7.152481e-07,-5.3590217e-08,-1.4057281e-07
05.120,0.0010549643,0.0028728994,0.0005540548,1.7801852e-07,-6.537061e-08,-3.4331865e-08
05.141,0.0016658296,0.002262034,0.0005540548,1.2904071e-07,-9.502945e-08,-3.160678e-08
05.181,-0.0013884967,0.0059272256,0.0005540548,7.218526e-07,1.6909931e-07,-6.747613e-08
05.221,0.00288756,0.002262034,0.0005540548,1.6718214e-07,-2.1341344e-07,-4.0949e-08
05.261,-0.0013884967,0.0047054947,0.0005540548,4.6285524e-07,1.3657925e-07,-5.4499544e-08
05.280,0.0016658296,0.00531636,0.0017757853,6.1934225e-07,-1.9406492e-07,-2.0687436e-07
05.321,0.00288756,0.0065380908,0.0005540548,9.337929e-07,-4.1241142e-07,-7.9131844e-08
05.360,0.0010549643,0.0077598216,0.0011649199,1.2240141e-06,-1.6640745e-07,-1.8375135e-07
05.380,0.0010549643,0.0059272256,0.0017757853,7.4121476e-07,-1.3192607e-07,-2.2206648e-07
05.420,0.00044409905,0.00531636,0.0023866505,6.190245e-07,-5.1709936e-08,-2.7789596e-07
05.460,0.0022766949,0.0065380908,0.0005540548,9.522933e-07,-3.3160774e-07,-8.069965e-08
05.480,0.00044409905,0.0016511687,0.0005540548,5.9126716e-08,-1.5902748e-08,-1.9840154e-08
05.519,-0.0007776315,-0.0020140228,-0.0018894062,-1.1511724e-07,4.444775e-08,1.07994424e-07
05.560,-0.002610227,-0.004457484,-0.0025002717,-5.096409e-07,2.98437e-07,2.8586553e-07
05.581,-0.005053688,-0.0038466183,-0.0018894062,-5.078027e-07,6.6715114e-07,2.4942588e-07
05.620,-0.002610227,-0.002624888,-0.0018894062,-2.1734542e-07,2.1613144e-07,1.5644623e-07
05.661,-0.002610227,-0.0038466183,-0.00066767575,-3.5990803e-07,2.4422533e-07,6.247098e-08
05.679,-0.0038319575,-0.005679214,-0.0012785409,-7.8856027e-07,5.3206816e-07,1.7752593e-07
05.719,-0.002610227,-0.0062900796,-0.0018894062,-8.8566554e-07,3.675291e-07,2.6603527e-07
05.759,-0.002610227,-0.005679214,-0.0018894062,-7.3881057e-07,3.3956508e-07,2.457935e-07
05.780,-0.0032210925,-0.010566137,-0.0012785409,-2.340845e-06,7.136075e-07,2.8325158e-07
05.819,-0.002610227,-0.005679214,-0.0018894062,-7.3881057e-07,3.3956508e-07,2.457935e-07
05.859,-0.0038319575,-0.0050683487,-0.0018894062,-6.693597e-07,5.0607355e-07,2.4952763e-07
05.904,-0.006886284,-0.009955271,-0.003722002,-2.5117943e-06,1.7374626e-06,9.390926e-07
05.918,-0.00016676621,-0.00751181,-0.0018894062,-1.159482e-06,2.5740956e-08,2.916385e-07
05.959,-0.0007776315,-0.002624888,-0.00066767575,-1.4736327e-07,4.3656836e-08,3.7483844e-08
05.999,0.0022766949,0.002262034,-5.681047e-05,1.4465792e-07,-1.4559548e-07,3.633061e-09
06.019,0.0016658296,0.0059272256,-5.681047e-05,7.653489e-07,-2.1509909e-07,7.3356947e-09
06.060,0.0010549643,0.0077598216,0.0005540548,1.2137189e-06,-1.6500772e-07,-8.665998e-08
06.100,0.0034984252,0.0077598216,-0.00066767575,1.3199814e-06,-5.950982e-07,1.13575105e-07
06.120,0.0041092904,0.008370686,0.0005540548,1.5578521e-06,-7.647721e-07,-1.03113464e-07
06.159,0.00288756,0.0059272256,0.0011649199,7.9063307e-07,-3.8517194e-07,-1.5538862e-07
06.199,0.0016658296,0.0010403035,-5.681047e-05,4.072231e-08,-6.5208305e-08,2.223827e-09
06.220,-0.001999362,-0.0014031575,-5.681047e-05,-6.830144e-08,9.732286e-08,2.7653644e-09
06.259,0.0010549643,-0.0020140228,-0.00066767575,-9.508103e-08,-4.9804346e-08,3.1520642e-08
06.299,-0.0007776315,-0.0020140228,-5.681047e-05,-8.66578e-08,3.345932e-08,2.444398e-09
06.319,0.00044409905,-0.00079229224,-5.681047e-05,-1.4364842e-08,-8.051843e-09,1.0300155e-09
06.359,-0.00016676621,-0.00018142698,-0.00066767575,-2.572484e-09,2.3646065e-09,9.467088e-09
06.400,0.00044409905,0.00042943825,-5.681047e-05,5.3077507e-09,-5.4889546e-09,7.021634e-10
06.419,0.00044409905,0.0016511687,-0.00066767575,6.038366e-08,-1.6240817e-08,2.4417075e-08
06.461,0.0010549643,0.0010403035,-5.681047e-05,3.0730366e-08,-3.116344e-08,1.6781709e-09
06.500,0.0010549643,0.0034837644,-5.681047e-05,2.5267133e-07,-7.6514716e-08,4.120374e-09
06.520,0.0022766949,0.002262034,-0.00066767575,1.4773201e-07,-1.486895e-07,4.3605493e-08
06.559,0.0010549643,0.0028728994,-0.00066767575,1.8872764e-07,-6.930312e-08,4.3861228e-08
06.599,0.0010549643,0.0028728994,-0.00066767575,1.7929128e-07,-6.583797e-08,4.166817e-08
06.639,-0.0007776315,-0.00018142698,0.0005540548,-3.5130154e-09,1.5057472e-08,-1.07283e-08
06.659,0.00044409905,0.0010403035,0.0005540548,2.6105036e-08,-1.1144077e-08,-1.39032705e-08
06.699,0.00044409905,-0.00018142698,-0.00066767575,-2.9717102e-09,-7.274186e-09,1.0936294e-08
06.739,0.0010549643,0.00042943825,0.0011649199,1.3939199e-08,-3.4243243e-08,-3.781231e-08
06.759,0.0016658296,0.0016511687,-0.00066767575,8.022301e-08,-8.0935315e-08,3.2439427e-08
06.803,0.0010549643,0.0010403035,-5.681047e-05,3.0730366e-08,-3.116344e-08,1.6781709e-09
06.840,-0.0007776315,0.0016511687,0.0005540548,6.604735e-08,3.1105543e-08,-2.2162396e-08
06.859,0.0016658296,-0.00079229224,-0.00066767575,-3.0965992e-08,-6.510737e-08,2.6095472e-08
06.901,-0.00016676621,-0.00018142698,-5.681047e-05,-9.1409164e-10,8.4022567e-10,2.8623073e-10
06.939,0.00044409905,0.0016511687,-0.00066767575,6.038366e-08,-1.6240817e-08,2.4417075e-08
06.959,0.00044409905,0.002262034,0.0005540548,1.06846265e-07,-2.0976842e-08,-2.6170554e-08
07.000,0.0010549643,0.002262034,-0.00066767575,1.1643828e-07,-5.430432e-08,3.4368636e-08
07.040,0.0010549643,0.00042943825,-0.00066767575,1.12959455e-08,-2.7749785e-08,1.7562545e-08
07.059,0.0016658296,0.0010403035,-0.00066767575,4.29932e-08,-6.884466e-08,2.7593408e-08
07.099,0.0016658296,0.00042943825,0.0005540548,1.6276616e-08,-6.313846e-08,-2.0999847e-08
07.139,0.0016658296,-0.0014031575,0.0005540548,-6.282619e-08,-7.458729e-08,-2.4807731e-08
07.159,0.00044409905,-0.00018142698,0.0011649199,-4.5537396e-09,-1.1146696e-08,-2.9238992e-08
07.199,-0.00016676621,-0.00079229224,0.0011649199,-2.2393143e-08,4.7134376e-09,-3.2924998e-08
07.239,-0.0007776315,-0.00079229224,0.0005540548,-1.9584688e-08,1.9222288e-08,-1.3695692e-08
07.259,-0.0007776315,-0.00079229224,-5.681047e-05,-1.7546451e-08,1.7221767e-08,1.2581497e-09
07.298,0.00044409905,-0.00018142698,0.0005540548,-2.6490465e-09,-6.484367e-09,-8.08985e-09
07.339,-0.00016676621,0.002262034,-0.0018894062,1.3303716e-07,9.808041e-09,1.11121786e-07
07.360,-0.00016676621,0.0016511687,-5.681047e-05,5.4625385e-08,5.5171037e-09,1.8794528e-09
07.399,-0.00016676621,0.0016511687,-5.681047e-05,5.4625385e-08,5.5171037e-09,1.8794528e-09
07.439,0.0010549643,-0.00079229224,-5.681047e-05,-2.0844919e-08,-2.7755723e-08,1.4946623e-09
07.460,-0.0007776315,-0.0020140228,-5.681047e-05,-8.66578e-08,3.345932e-08,2.444398e-09
07.500,-0.0007776315,0.00042943825,0.0005540548,8.957364e-09,1.6220092e-08,-1.1556657e-08
07.539,0.0010549643,0.002262034,-0.00066767575,1.1643828e-07,-5.430432e-08,3.4368636e-08
07.579,-0.0007776315,0.0010403035,-5.681047e-05,2.6945033e-08,2.0141531e-08,1.471455e-09
07.600,0.0010549643,0.0010403035,-0.00066767575,3.368181e-08,-3.4156482e-08,2.1617277e-08
07.639,0.00044409905,-0.00079229224,-0.00066767575,-1.8730267e-08,-1.049877e-08,1.578426e-08
07.663,0.00044409905,-0.00018142698,-5.681047e-05,-1.7461246e-09,-4.2741837e-09,5.467663e-10
07.701,0.0010549643,0.002262034,-0.00066767575,1.1643828e-07,-5.430432e-08,3.4368636e-08
07.739,-0.00016676621,0.0010403035,-5.681047e-05,2.1868239e-08,3.5055956e-09,1.194214e-09
07.780,0.0010549643,0.0010403035,-5.681047e-05,3.0730366e-08,-3.116344e-08,1.6781709e-09
07.800,-0.00016676621,-0.0020140228,0.0005540548,-8.408206e-08,6.9622095e-09,-2.3130855e-08
07.839,0.00044409905,0.00042943825,0.0005540548,7.099755e-09,-7.342137e-09,-9.159998e-09
07.879,0.00044409905,0.00042943825,0.0005540548,7.099755e-09,-7.342137e-09,-9.159998e-09
07.900,0.0010549643,-0.00018142698,-5.681047e-05,-3.874654e-09,-2.2530394e-08,1.2132755e-09
07.938,-0.0007776315,0.0010403035,-5.681047e-05,2.6945033e-08,2.0141531e-08,1.471455e-09
07.978,0.0010549643,0.0010403035,-5.681047e-05,3.0730366e-08,-3.116344e-08,1.6781709e-09
07.998,-0.0007776315,-0.00079229224,-0.0012785409,-2.6727644e-08,2.6233069e-08,4.313104e-08
08.039,-0.00016676621,-0.00018142698,0.0005540548,-2.1918165e-09,2.0147e-09,-6.6935275e-09
08.079,0.00044409905,0.00042943825,-5.681047e-05,5.3077507e-09,-5.4889546e-09,7.021634e-10
08.099,0.0010549643,0.00042943825,-0.00066767575,1.12959455e-08,-2.7749785e-08,1.7562545e-08
08.140,-0.0007776315,0.0010403035,-0.00066767575,3.0267866e-08,2.2625365e-08,1.9426178e-08
08.183,-0.00016676621,0.00042943825,-0.00066767575,6.9402235e-09,2.6951368e-09,1.079042e-08
08.199,0.00044409905,0.0010403035,-0.00066767575,2.8655995e-08,-1.2233064e-08,1.8391663e-08
08.238,-0.00016676621,-0.00079229224,0.0011649199,-2.2393143e-08,4.7134376e-09,-3.2924998e-08
08.284,0.00044409905,0.0010403035,-5.681047e-05,2.3473248e-08,-1.0020583e-08,1.2818628e-09
08.300,0.00044409905,0.0016511687,-5.681047e-05,5.6278456e-08,-1.5136678e-08,1.936329e-09
08.340,0.0010549643,0.0016511687,-0.00066767575,6.809659e-08,-4.3508255e-08,2.7535917e-08
08.380,0.0016658296,0.0016511687,-5.681047e-05,7.718035e-08,-7.786565e-08,2.6554872e-09
08.419,-0.0007776315,-0.0014031575,-5.681047e-05,-4.487447e-08,2.4869482e-08,1.8168599e-09
08.439,0.00044409905,0.00042943825,-0.0018894062,1.7007288e-08,-1.7587906e-08,7.482723e-08
08.478,-0.0013884967,0.0016511687,-0.00066767575,7.429047e-08,6.247216e-08,3.0040503e-08
08.519,0.00044409905,0.0016511687,-5.681047e-05,5.6278456e-08,-1.5136678e-08,1.936329e-09
08.538,0.0010549643,0.00042943825,-0.00066767575,1.12959455e-08,-2.7749785e-08,1.7562545e-08
08.578,0.00288756,0.0010403035,-5.681047e-05,6.362369e-08,-1.7659964e-07,3.4744643e-09
08.619,0.0016658296,0.0016511687,-0.00066767575,8.022301e-08,-8.0935315e-08,3.2439427e-08
08.640,-0.00016676621,-0.00079229224,-5.681047e-05,-1.2811628e-08,2.6966651e-09,9.1864416e-10
08.680,-0.00016676621,0.00042943825,-5.681047e-05,3.971304e-09,1.5421993e-09,5.253646e-10
08.718,0.00044409905,0.002262034,0.0005540548,1.06846265e-07,-2.0976842e-08,-2.6170554e-08
08.739,-0.00016676621,0.0028728994,-0.00066767575,1.779863e-07,1.0331761e-08,4.1364878e-08
08.778,-0.00016676621,0.0010403035,-5.681047e-05,2.1868239e-08,3.5055956e-09,1.194214e-09
08.823,-0.0007776315,-0.00079229224,-5.681047e-05,-1.7546451e-08,1.7221767e-08,1.2581497e-09
08.839,-0.00016676621,0.00042943825,-5.681047e-05,3.971304e-09,1.5421993e-09,5.253646e-10
08.878,0.0021276437,8.0634214e-05,5.1923547e-05,3.4214682e-09,-9.02801e-08,-2.203218e-09
08.911,-0.00031581733,8.0634214e-05,-0.00055894174,1.039448e-09,4.071171e-09,7.2052644e-09
08.938,-0.0009266826,0.0019132299,5.1923547e-05,8.105512e-08,3.9259458e-08,-2.1997733e-09
08.979,-0.00031581733,0.00069149944,5.1923547e-05,1.0497525e-08,4.7943645e-09,-7.8824175e-10
09.018,-0.00031581733,8.0634214e-05,-0.00055894174,1.039448e-09,4.071171e-09,7.2052644e-09
09.039,-0.0009266826,-0.0023628268,-0.0011698069,-1.3155726e-07,5.1595745e-08,6.5132404e-08
09.078,0.0002950479,0.00069149944,-0.0011698069,1.9157413e-08,-8.174055e-09,3.2408522e-08
09.119,0.0015167784,0.0013023647,5.1923547e-05,5.189042e-08,-6.043335e-08,-2.0688002e-09
09.159,-0.0009266826,0.0013023647,0.0006627888,4.489783e-08,3.1946534e-08,-2.2849036e-08
09.180,0.0015167784,8.0634214e-05,-0.0011698069,3.0798901e-09,-5.793457e-08,4.4681716e-08
09.221,0.0002950479,8.0634214e-05,-0.0011698069,1.9424375e-09,-7.107555e-09,2.818006e-08
09.260,-0.00031581733,-0.00053023105,-0.00055894174,-8.7958885e-09,5.2390257e-09,9.272164e-09
09.280,-0.00031581733,0.0019132299,-0.00055894174,8.097169e-08,1.3366018e-08,2.3655526e-08
09.319,0.0009059132,0.0019132299,-0.00055894174,8.345436e-08,-3.9515587e-08,2.4380826e-08
09.359,-0.0009266826,8.0634214e-05,-0.0011698069,2.4009568e-09,2.7592819e-08,3.4832066e-08
09.379,0.0015167784,8.0634214e-05,0.0006627888,2.6622895e-09,-5.0079283e-08,-2.1883217e-08
09.419,0.0009059132,0.00069149944,0.0006627888,1.8163002e-08,-2.3794817e-08,-1.7408885e-08
09.459,0.0009059132,0.0013023647,5.1923547e-05,4.1185636e-08,-2.8648358e-08,-1.642016e-09
09.478,0.0015167784,0.0031349603,5.1923547e-05,2.1753996e-07,-1.052517e-07,-3.6030472e-09
09.520,0.0002950479,0.0019132299,5.1923547e-05,7.3815535e-08,-1.1383431e-08,-2.0032949e-09
09.559,0.0015167784,8.0634214e-05,-0.00055894174,2.7369154e-09,-5.1483028e-08,1.8971798e-08
09.579,0.0009059132,8.0634214e-05,5.1923547e-05,1.4634558e-09,-1.6441705e-08,-9.423768e-10
09.620,0.0015167784,0.0013023647,5.1923547e-05,5.189042e-08,-6.043335e-08,-2.0688002e-09
09.659,0.0002950479,8.0634214e-05,-0.00055894174,1.0235766e-09,-3.7453596e-09,7.0952475e-09
09.679,0.0002950479,-0.0011410962,5.1923547e-05,-2.6820816e-08,-6.934933e-09,-1.2204335e-09
09.719,0.0015167784,0.0013023647,0.0006627888,5.4649327e-08,-6.364647e-08,-2.7811687e-08
09.760,0.0015167784,0.0013023647,5.1923547e-05,5.189042e-08,-6.043335e-08,-2.0688002e-09
09.779,0.0002950479,-0.00053023105,-0.00055894174,-8.715035e-09,-4.849495e-09,9.186933e-09
09.819,-0.0015375478,0.0025240954,5.1923547e-05,1.564721e-07,9.5314675e-08,-3.2188185e-09
09.859,0.0002950479,-0.00053023105,5.1923547e-05,-6.433447e-09,-3.579902e-09,-6.300035e-10
09.880,0.0009059132,-0.0023628268,-0.00055894174,-1.2199506e-07,-4.677318e-08,2.8858702e-08
09.919,-0.00031581733,-0.0017519614,-0.00055894174,-6.512726e-08,1.1740164e-08,2.0778051e-08
09.959,0.0002950479,8.0634214e-05,0.0006627888,1.1726624e-09,-4.2908783e-09,-9.63893e-09
09.999,0.0009059132,0.0013023647,5.1923547e-05,4.1185636e-08,-2.8648358e-08,-1.642016e-09
10.019,0.0009059132,0.0025240954,5.1923547e-05,1.348831e-07,-4.841036e-08,-2.7746971e-09
10.059,-0.0009266826,-0.00053023105,0.0006627888,-1.3274976e-08,2.320062e-08,-1.659372e-08
10.098,-0.00031581733,-0.00053023105,-0.00055894174,-9.25883e-09,5.5147638e-09,9.760172e-09
10.120,-0.00031581733,8.0634214e-05,5.1923547e-05,5.3022914e-10,2.0767308e-09,-3.4143544e-10
10.159,0.0002950479,0.0025240954,5.1923547e-05,1.2782112e-07,-1.4941335e-08,-2.6294267e-09
10.199,-0.0009266826,8.0634214e-05,5.1923547e-05,1.4966399e-09,1.7200021e-08,-9.637454e-10
10.219,0.0009059132,8.0634214e-05,5.1923547e-05,1.4634558e-09,-1.6441705e-08,-9.423768e-10
10.259,0.0002950479,8.0634214e-05,5.1923547e-05,4.983976e-10,-1.8236821e-09,-3.2093786e-10
10.300,0.0015167784,8.0634214e-05,0.0006627888,2.6622895e-09,-5.0079283e-08,-2.1883217e-08
10.320,0.0002950479,-0.00053023105,5.1923547e-05,-6.433447e-09,-3.579902e-09,-6.300035e-10
10.359,0.0009059132,8.0634214e-05,5.1923547e-05,1.5404799e-09,-1.7307059e-08,-9.919757e-10
10.400,0.0009059132,8.0634214e-05,5.1923547e-05,1.4634558e-09,-1.6441705e-08,-9.423768e-10
10.419,0.0009059132,8.0634214e-05,-0.00055894174,1.714938e-09,-1.9267068e-08,1.1887638e-08
10.459,-0.00031581733,8.0634214e-05,5.1923547e-05,5.3022914e-10,2.0767308e-09,-3.4143544e-10
10.499,0.0002950479,0.0019132299,5.1923547e-05,7.3815535e-08,-1.1383431e-08,-2.0032949e-09
10.519,0.0015167784,0.0019132299,-0.00055894174,9.5471776e-08,-7.568851e-08,2.7891666e-08
10.560,0.0002950479,0.00069149944,-0.00055894174,1.2906358e-08,-5.5068647e-09,1.043226e-08
10.600,0.0015167784,0.00069149944,5.1923547e-05,2.297649e-08,-5.0398075e-08,-1.7252659e-09
10.621,0.0002950479,8.0634214e-05,5.1923547e-05,4.983976e-10,-1.8236821e-09,-3.2093786e-10
10.659,0.0009059132,0.00069149944,0.0006627888,1.8163002e-08,-2.3794817e-08,-1.7408885e-08
10.699,-0.0009266826,0.0019132299,5.1923547e-05,8.105512e-08,3.9259458e-08,-2.1997733e-09
10.720,-0.0015375478,0.0013023647,-0.00055894174,5.4257175e-08,6.405502e-08,2.3285795e-08
10.759,-0.00031581733,0.00069149944,-0.0011698069,1.9220158e-08,8.778112e-09,3.2514667e-08
10.799,0.0015167784,8.0634214e-05,-0.00055894174,2.6000697e-09,-4.8908877e-08,1.8023208e-08
10.839,0.0021276437,0.0013023647,5.1923547e-05,6.474122e-08,-1.0576626e-07,-2.5811429e-09
10.859,0.0021276437,0.0013023647,5.1923547e-05,6.474122e-08,-1.0576626e-07,-2.5811429e-09
10.900,0.0002950479,0.0013023647,5.1923547e-05,3.4674894e-08,-7.8555225e-09,-1.3824417e-09
10.921,0.0002950479,0.0019132299,-0.00055894174,8.0845474e-08,-1.2467548e-08,2.361865e-08
10.960,0.0002950479,0.0019132299,5.1923547e-05,7.3815535e-08,-1.1383431e-08,-2.0032949e-09
10.999,-0.00031581733,-0.00053023105,5.1923547e-05,-6.5425576e-09,3.896892e-09,-6.406882e-10
11.039,0.0009059132,0.0019132299,-0.00055894174,8.345436e-08,-3.9515587e-08,2.4380826e-08
11.058,0.0015167784,8.0634214e-05,0.0006627888,2.6622895e-09,-5.0079283e-08,-2.1883217e-08
11.098,-0.0009266826,8.0634214e-05,-0.00055894174,1.7433416e-09,2.0035223e-08,1.2084528e-08
11.139,0.0009059132,0.0013023647,5.1923547e-05,4.1185636e-08,-2.8648358e-08,-1.642016e-09
11.158,0.0009059132,0.00069149944,0.0012736539,2.3545853e-08,-3.0846735e-08,-4.3368466e-08
11.199,-0.00031581733,0.00069149944,-0.00055894174,1.2999311e-08,5.9369647e-09,1.0507395e-08
11.239,0.0015167784,0.0019132299,0.0006627888,9.643233e-08,-7.645002e-08,-3.3406472e-08
11.259,0.0015167784,0.00069149944,5.1923547e-05,2.297649e-08,-5.0398075e-08,-1.7252659e-09
11.299,0.0002950479,-0.00053023105,5.1923547e-05,-6.433447e-09,-3.579902e-09,-6.300035e-10
11.341,0.0009059132,8.0634214e-05,5.1923547e-05,1.4634558e-09,-1.6441705e-08,-9.423768e-10
11.360,0.0009059132,0.0013023647,5.1923547e-05,4.1185636e-08,-2.8648358e-08,-1.642016e-09
11.399,0.0002950479,0.0013023647,-0.00055894174,3.7561485e-08,-8.509473e-09,1.6120431e-08
11.439,0.0002950479,8.0634214e-05,5.1923547e-05,4.983976e-10,-1.8236821e-09,-3.2093786e-10
11.459,0.0002950479,0.0025240954,0.0006627888,1.3902034e-07,-1.6250443e-08,-3.6504613e-08
11.500,0.0021276437,0.0025240954,-0.00055894174,1.6837154e-07,-1.4192595e-07,3.7284607e-08
11.541,-0.00031581733,0.0019132299,5.1923547e-05,7.394029e-08,1.22053425e-08,-2.0066815e-09
11.560,0.0021276437,0.0013023647,0.0006627888,6.697282e-08,-1.0941197e-07,-3.4083254e-08
11.599,0.0009059132,0.0013023647,5.1923547e-05,4.1185636e-08,-2.8648358e-08,-1.642016e-09
11.639,-0.00031581733,0.00069149944,-0.0011698069,1.9220158e-08,8.778112e-09,3.2514667e-08
11.680,0.0002950479,8.0634214e-05,5.1923547e-05,4.983976e-10,-1.8236821e-09,-3.2093786e-10
11.699,0.0002950479,-0.00053023105,5.1923547e-05,-6.433447e-09,-3.579902e-09,-6.300035e-10
11.739,0.0009059132,8.0634214e-05,-0.00055894174,1.714938e-09,-1.9267068e-08,1.1887638e-08
11.761,0.0015167784,0.00069149944,5.1923547e-05,2.297649e-08,-5.0398075e-08,-1.7252659e-09
11.800,0.0015167784,0.0031349603,0.0006627888,2.2141987e-07,-1.0712891e-07,-4.681226e-08
11.840,0.0009059132,0.0019132299,0.0006627888,8.4551566e-08,-4.003511e-08,-2.929069e-08
11.861,0.0002950479,0.0025240954,0.0006627888,1.3206933e-07,-1.5437921e-08,-3.4679385e-08
11.899,0.0002950479,0.0019132299,-0.00055894174,7.6803204e-08,-1.1844171e-08,2.243772e-08
11.941,-0.0009266826,-0.0017519614,5.1923547e-05,-6.920203e-08,3.660373e-08,-2.0509656e-09
11.980,-0.00031581733,0.00069149944,5.1923547e-05,1.0497525e-08,4.7943645e-09,-7.8824175e-10
12.000,-0.00031581733,0.0013023647,-0.00055894174,3.965791e-08,9.616857e-09,1.7020163e-08
12.040,0.0009059132,0.0019132299,5.1923547e-05,8.071327e-08,-3.821768e-08,-2.1904927e-09
12.080,0.0002950479,-0.00053023105,5.1923547e-05,-6.433447e-09,-3.579902e-09,-6.300035e-10
12.101,0.0015167784,0.0013023647,5.1923547e-05,5.189042e-08,-6.043335e-08,-2.0688002e-09
12.140,0.0021276437,0.00069149944,5.1923547e-05,3.082947e-08,-9.485781e-08,-2.314932e-09
12.180,-0.0015375478,-0.0017519614,5.1923547e-05,-8.1380904e-08,7.142111e-08,-2.411914e-09
12.200,0.0002950479,-0.00053023105,-0.00055894174,-8.715035e-09,-4.849495e-09,9.186933e-09
12.239,0.0002950479,0.00069149944,5.1923547e-05,1.0382196e-08,-4.429859e-09,-7.795819e-10
12.280,-0.0009266826,-0.0017519614,5.1923547e-05,-7.2844244e-08,3.8530242e-08,-2.1589113e-09
12.300,0.0015167784,0.0013023647,5.1923547e-05,5.189042e-08,-6.043335e-08,-2.0688002e-09
12.339,0.0002950479,0.0019132299,5.1923547e-05,7.3815535e-08,-1.1383431e-08,-2.0032949e-09
12.380,0.0002950479,0.0013023647,0.0006627888,3.86818e-08,-8.763278e-09,-1.9685626e-08
12.401,-0.00031581733,0.0013023647,5.1923547e-05,3.4797843e-08,8.438313e-09,-1.3873437e-09
12.439,0.0015167784,0.0013023647,-0.00055894174,5.3862166e-08,-6.272971e-08,2.311627e-08
12.480,0.0027385089,-0.00053023105,-0.00055894174,-3.0051986e-08,-1.552109e-07,3.1679225e-08
12.520,0.0015167784,0.00069149944,-0.00055894174,2.4221954e-08,-5.312996e-08,1.9578701e-08
12.541,0.0002950479,8.0634214e-05,-0.00055894174,1.0774491e-09,-3.942484e-09,7.468682e-09
12.580,-0.0009266826,-0.0011410962,0.0006627888,-3.6658385e-08,2.9770222e-08,-2.1292479e-08
12.621,0.0002950479,0.00069149944,5.1923547e-05,1.0382196e-08,-4.429859e-09,-7.795819e-10
12.641,0.0009059132,0.00069149944,5.1923547e-05,1.5717198e-08,-2.059064e-08,-1.1801783e-09
12.680,0.0021276437,8.0634214e-05,-0.00055894174,3.536349e-09,-9.3311364e-08,2.4513323e-08
12.720,-0.0009266826,-0.00053023105,-0.00055894174,-1.2730547e-08,2.2249125e-08,1.3419875e-08
12.740,0.0009059132,8.0634214e-05,5.1923547e-05,1.4634558e-09,-1.6441705e-08,-9.423768e-10
12.781,0.0015167784,0.0031349603,0.0006627888,2.2141987e-07,-1.0712891e-07,-4.681226e-08
12.819,0.0021276437,0.0019132299,5.1923547e-05,1.1482576e-07,-1.2769416e-07,-3.116273e-09
12.839,0.0015167784,0.00069149944,-0.00055894174,2.4221954e-08,-5.312996e-08,1.9578701e-08
12.880,0.0009059132,0.0013023647,5.1923547e-05,4.1185636e-08,-2.8648358e-08,-1.642016e-09
12.920,0.0002950479,8.0634214e-05,-0.00055894174,1.0235766e-09,-3.7453596e-09,7.0952475e-09
12.941,0.0009059132,8.0634214e-05,-0.00055894174,1.714938e-09,-1.9267068e-08,1.1887638e-08
12.979,-0.0012681563,0.0014801265,0.00010690142,5.7562403e-08,4.9318842e-08,-4.157418e-09
13.019,0.00056443946,0.0008692613,0.00010690142,1.8044538e-08,-1.1716902e-08,-2.2191105e-09
13.039,-4.642576e-05,-0.00035246924,0.00010690142,-2.6069185e-09,3.433723e-10,-7.9065987e-10
13.079,-4.642576e-05,0.000258396,0.00010690142,1.4592745e-09,2.6218644e-10,-6.0371874e-10
13.119,0.0011753048,0.0020909917,-0.0011148291,1.1019049e-07,-6.193588e-08,5.8748952e-08
13.140,-0.0012681563,-0.0015741998,0.00010690142,-6.3487214e-08,5.1144532e-08,-4.3113144e-09
13.180,0.00056443946,-0.00035246924,-0.0011148291,-9.1171914e-09,-1.4600146e-08,2.883687e-08
13.220,-0.000657291,-0.0009633345,0.00010690142,-2.2476268e-08,1.533574e-08,-2.4941955e-09
13.240,0.0011753048,-0.00035246924,-0.00050396385,-9.314858e-09,-3.106029e-08,1.3318472e-08
13.281,-4.642576e-05,0.000258396,-0.00050396385,2.9253349e-09,5.255921e-10,5.7054406e-09
13.320,-0.000657291,-0.0009633345,-0.0011148291,-3.09641e-08,2.1127056e-08,3.583353e-08
13.341,0.00056443946,0.0008692613,-0.00050396385,1.9958753e-08,-1.2959864e-08,1.1571308e-08
13.380,0.00056443946,0.000258396,-0.00050396385,4.116283e-09,-8.991597e-09,8.028212e-09
13.420,-4.642576e-05,-0.00035246924,0.00010690142,-2.6069185e-09,3.433723e-10,-7.9065987e-10
13.441,0.00056443946,0.0008692613,0.00010690142,1.8044538e-08,-1.1716902e-08,-2.2191105e-09
13.481,0.0011753048,0.0008692613,0.00010690142,2.5383986e-08,-3.4321005e-08,-3.1217124e-09
13.522,-4.642576e-05,0.000258396,-0.00050396385,2.9253349e-09,5.255921e-10,5.7054406e-09
13.560,-4.642576e-05,-0.00035246924,-0.00050396385,-4.3308943e-09,5.7044713e-10,6.1923537e-09
13.579,0.00056443946,-0.0015741998,0.0013286319,-6.698678e-08,-2.4018538e-08,-5.653715e-08
13.620,0.00056443946,0.0014801265,-0.00050396385,4.9019626e-08,-1.869341e-08,1.6690546e-08
13.661,0.0011753048,0.0020909917,-0.00050396385,1.021069e-07,-5.7392256e-08,2.460947e-08
13.681,-4.642576e-05,0.0008692613,-0.00050396385,1.7419692e-08,9.303562e-10,1.009926e-08
13.720,-0.000657291,-0.0015741998,-0.0011148291,-6.39136e-08,2.6686468e-08,4.5262837e-08
13.760,0.0017861701,-0.00035246924,0.00010690142,-1.2806786e-08,-6.489955e-08,-3.8842076e-09
13.781,0.00056443946,0.0008692613,-0.00050396385,1.9958753e-08,-1.2959864e-08,1.1571308e-08
13.822,0.0017861701,0.0020909917,0.00010690142,1.1464911e-07,-9.793573e-08,-5.8614007e-09
13.858,-4.642576e-05,0.0008692613,-0.00050396385,1.7419692e-08,9.303562e-10,1.009926e-08
13.879,-0.0018790215,0.000258396,-0.0011148291,1.13260095e-08,8.2361254e-08,4.886518e-08
13.919,-4.642576e-05,0.000258396,-0.00050396385,2.9253349e-09,5.255921e-10,5.7054406e-09
13.961,-4.642576e-05,0.0014801265,0.00010690142,4.3781775e-08,1.3732624e-09,-3.1621175e-09
13.978,0.0011753048,0.0014801265,0.00010690142,5.5822426e-08,-4.4326185e-08,-4.031746e-09
14.021,-0.0018790215,0.0008692613,0.00010690142,3.590254e-08,7.760802e-08,-4.415282e-09
14.061,-4.642576e-05,-0.0009633345,0.00071776664,-2.3073754e-08,1.1119884e-09,-1.719192e-08
14.080,-4.642576e-05,0.000258396,-0.00050396385,2.9253349e-09,5.255921e-10,5.7054406e-09
14.120,0.0011753048,-0.00035246924,0.00071776664,-1.05077325e-08,-3.5037917e-08,-2.1397895e-08
14.160,0.00056443946,0.000258396,0.00010690142,3.2427894e-09,-7.0835395e-09,-1.3415795e-09
14.181,-4.642576e-05,0.0014801265,0.00071776664,4.852731e-08,1.5221108e-09,-2.3532639e-08
14.220,-4.642576e-05,-0.0015741998,-0.00050396385,-5.18599e-08,1.529434e-09,1.6602414e-08
14.262,-4.642576e-05,-0.00035246924,0.00010690142,-2.6069185e-09,3.433723e-10,-7.9065987e-10
14.282,-0.000657291,0.000258396,0.00010690142,3.677235e-09,9.353911e-09,-1.5213146e-09
14.322,-4.642576e-05,0.0008692613,-0.00050396385,1.833652e-08,9.793223e-10,1.06308e-08
14.361,0.0011753048,0.0008692613,-0.00050396385,2.6778597e-08,-3.6206618e-08,1.5525188e-08
14.382,-4.642576e-05,0.000258396,0.00010690142,1.4592745e-09,2.6218644e-10,-6.0371874e-10
14.421,0.00056443946,0.000258396,0.00071776664,4.88532e-09,-1.0671479e-08,-1.3570333e-08
14.462,0.0011753048,0.0020909917,-0.00050396385,1.021069e-07,-5.7392256e-08,2.460947e-08
14.501,-0.000657291,-0.00035246924,-0.00050396385,-6.6536425e-09,1.2407832e-08,9.513441e-09
14.521,0.0011753048,0.000258396,0.00071776664,7.2132744e-09,-3.2809318e-08,-2.0036873e-08
14.562,0.00056443946,0.000258396,-0.00050396385,4.116283e-09,-8.991597e-09,8.028212e-09
14.583,0.00056443946,0.0008692613,0.00010690142,1.8044538e-08,-1.1716902e-08,-2.2191105e-09
14.621,0.0011753048,0.0008692613,-0.00050396385,2.6778597e-08,-3.6206618e-08,1.5525188e-08
14.660,-0.0012681563,0.0008692613,-0.00050396385,2.8020336e-08,4.087858e-08,1.62451e-08
14.700,-0.000657291,-0.00035246924,0.00010690142,-5.290928e-09,9.866618e-09,-1.6047009e-09
14.721,-4.642576e-05,-0.0015741998,0.00071776664,-5.428056e-08,1.6008244e-09,-2.4749575e-08
14.761,-0.0012681563,-0.0009633345,0.00010690142,-3.0633842e-08,4.0327116e-08,-3.399443e-09
14.803,0.0017861701,0.0014801265,0.00071776664,7.160521e-08,-8.641091e-08,-3.472394e-08
14.822,0.0017861701,0.0033127223,0.0013286319,2.6341692e-07,-1.4203046e-07,-1.0564847e-07
14.861,0.00056443946,0.0008692613,0.00071776664,2.1833326e-08,-1.4177084e-08,-1.8028219e-08
14.896,-0.000657291,0.0014801265,0.00071776664,5.2237027e-08,2.3197293e-08,-2.5331616e-08
14.922,0.00056443946,-0.00035246924,-0.00050396385,-5.8617955e-09,-9.387e-09,8.38125e-09
14.959,-4.642576e-05,-0.0009633345,0.00010690142,-1.8623577e-08,8.975218e-10,-2.066662e-09
15.001,0.00056443946,0.0020909917,-0.00050396385,9.7511844e-08,-2.6322214e-08,2.350198e-08
15.021,0.00056443946,0.000258396,-0.00050396385,4.116283e-09,-8.991597e-09,8.028212e-09
15.061,-4.642576e-05,-0.00035246924,0.00071776664,-5.624705e-09,7.408625e-10,-1.1454122e-08
15.101,0.0011753048,0.000258396,0.00010690142,6.2193783e-09,-2.8288614e-08,-2.5730287e-09
15.122,-4.642576e-05,0.000258396,0.0013286319,6.972059e-09,1.2526631e-09,-3.584924e-08
15.163,0.00056443946,0.0014801265,0.00010690142,4.6818883e-08,-1.7854166e-08,-3.3814707e-09
15.201,0.00056443946,0.0020909917,0.00010690142,9.0335696e-08,-2.4385095e-08,-4.618389e-09
15.222,-4.642576e-05,-0.0009633345,0.00010690142,-1.8623577e-08,8.975218e-10,-2.066662e-09
15.261,-0.0012681563,-0.00035246924,-0.00050396385,-9.89719e-09,3.56093e-08,1.41510945e-08
15.302,-0.000657291,-0.0015741998,0.00010690142,-5.360695e-08,2.2383032e-08,-3.6403625e-09
15.322,0.00056443946,0.000258396,0.00010690142,3.2427894e-09,-7.0835395e-09,-1.3415795e-09
15.361,0.00056443946,0.0008692613,0.00071776664,2.1833326e-08,-1.4177084e-08,-1.8028219e-08
15.401,0.0011753048,0.0008692613,0.00010690142,2.5383986e-08,-3.4321005e-08,-3.1217124e-09
15.440,-4.642576e-05,-0.00035246924,0.00010690142,-2.6069185e-09,3.433723e-10,-7.9065987e-10
15.461,-0.000657291,-0.00035246924,0.00010690142,-5.290928e-09,9.866618e-09,-1.6047009e-09
15.501,-4.642576e-05,0.0014801265,0.00010690142,4.3781775e-08,1.3732624e-09,-3.1621175e-09
15.540,-4.642576e-05,-0.00035246924,0.00010690142,-2.6069185e-09,3.433723e-10,-7.9065987e-10
15.562,0.0011753048,0.0008692613,-0.0011148291,3.3513963e-08,-4.5313325e-08,4.2981714e-08
15.601,-4.642576e-05,0.000258396,-0.0011148291,5.89614e-09,1.0593539e-09,2.543843e-08
15.641,0.00056443946,0.000258396,0.00010690142,3.2427894e-09,-7.0835395e-09,-1.3415795e-09
15.661,-4.642576e-05,0.0014801265,0.00010690142,4.3781775e-08,1.3732624e-09,-3.1621175e-09
15.701,-0.000657291,-0.0009633345,-0.00050396385,-2.4382919e-08,1.6636664e-08,1.2755808e-08
15.741,0.0011753048,0.000258396,0.00071776664,7.2132744e-09,-3.2809318e-08,-2.0036873e-08
15.761,0.00056443946,0.0008692613,0.00010690142,1.8044538e-08,-1.1716902e-08,-2.2191105e-09
15.801,0.00056443946,0.0020909917,0.00071776664,9.5051504e-08,-2.5658075e-08,-3.2627963e-08
15.841,-4.642576e-05,0.0008692613,0.00010690142,1.5188785e-08,8.112071e-10,-1.867911e-09
15.862,0.00056443946,0.0008692613,0.00071776664,2.1833326e-08,-1.4177084e-08,-1.8028219e-08
15.903,0.00056443946,0.000258396,-0.0011148291,6.5689165e-09,-1.4349122e-08,2.8341072e-08
15.943,-0.000657291,-0.002185065,-0.00050396385,-1.0172669e-07,3.060048e-08,2.3462267e-08
15.961,-0.0012681563,-0.0009633345,0.00071776664,-3.3526007e-08,4.4134428e-08,-2.4979743e-08
16.003,-4.642576e-05,0.0008692613,0.00010690142,1.5188785e-08,8.112071e-10,-1.867911e-09
16.042,-4.642576e-05,0.0014801265,0.00071776664,4.852731e-08,1.5221108e-09,-2.3532639e-08
16.061,-0.0012681563,0.000258396,0.00010690142,7.037172e-09,3.4537045e-08,-2.9113598e-09
16.101,-4.642576e-05,0.000258396,-0.00050396385,2.9253349e-09,5.255921e-10,5.7054406e-09
16.145,-4.642576e-05,0.000258396,-0.0011148291,5.89614e-09,1.0593539e-09,2.543843e-08
16.164,-0.000657291,0.0014801265,0.00010690142,4.7860752e-08,2.1253886e-08,-3.45672e-09
16.203,-0.000657291,-0.00035246924,0.00010690142,-5.290928e-09,9.866618e-09,-1.6047009e-09
16.244,-0.000657291,-0.0009633345,-0.00050396385,-2.4382919e-08,1.6636664e-08,1.2755808e-08
16.263,-0.000657291,-0.0009633345,-0.00050396385,-2.566623e-08,1.7512278e-08,1.3427165e-08
16.303,-4.642576e-05,0.000258396,0.00071776664,3.934483e-09,7.069047e-10,-1.0929118e-08
16.342,0.0011753048,0.000258396,0.00010690142,6.2193783e-09,-2.8288614e-08,-2.5730287e-09
16.382,-0.000657291,-0.00035246924,0.0013286319,-1.0699457e-08,1.9952541e-08,-4.0331575e-08
16.402,-4.642576e-05,0.000258396,0.00071776664,3.934483e-09,7.069047e-10,-1.0929118e-08
16.442,-0.0012681563,-0.0009633345,-0.00050396385,-3.3746268e-08,4.4424382e-08,1.7654198e-08
16.482,-0.0012681563,-0.00035246924,-0.00050396385,-9.89719e-09,3.56093e-08,1.41510945e-08
16.503,-0.0012681563,-0.002185065,0.00071776664,-1.14334405e-07,6.635679e-08,-3.7557424e-08
16.544,0.00056443946,-0.0009633345,0.00010690142,-2.1526661e-08,-1.2612958e-08,-2.388818e-09
16.566,0.0011753048,-0.0009633345,-0.00050396385,-3.072793e-08,-3.748924e-08,1.6075168e-08
16.604,-0.000657291,0.000258396,-0.00050396385,4.46656e-09,1.1361745e-08,8.7113765e-09
16.643,-0.0018790215,0.0008692613,-0.00050396385,3.6901746e-08,7.976793e-08,2.1394193e-08
16.682,-0.000657291,-0.0009633345,-0.00050396385,-2.4382919e-08,1.6636664e-08,1.2755808e-08
16.701,0.00056443946,-0.0009633345,-0.00050396385,-2.3510447e-08,-1.3775303e-08,1.2299378e-08
16.741,-4.642576e-05,0.000258396,-0.00050396385,2.9253349e-09,5.255921e-10,5.7054406e-09
16.783,-0.000657291,0.0008692613,-0.00050396385,2.0793623e-08,1.5723076e-08,1.2055333e-08
16.802,-4.642576e-05,0.0020909917,-0.00050396385,8.9623185e-08,1.9898818e-09,2.160068e-08
16.842,0.00056443946,0.0008692613,0.00010690142,1.8044538e-08,-1.1716902e-08,-2.2191105e-09
16.885,-4.642576e-05,-0.0015741998,-0.00050396385,-5.18599e-08,1.529434e-09,1.6602414e-08
16.902,-0.000657291,-0.0015741998,-0.00050396385,-5.8724044e-08,2.4519622e-08,1.8799899e-08
16.942,0.0011753048,0.0014801265,0.00071776664,5.96171e-08,-4.7339373e-08,-2.8910476e-08
16.983,-4.642576e-05,0.0008692613,0.00010690142,1.5188785e-08,8.112071e-10,-1.867911e-09
17.003,-0.000657291,-0.00035246924,-0.00050396385,-6.3209598e-09,1.17874395e-08,9.037768e-09
17.042,0.0005155703,-0.0004813618,0.00013622294,-6.889427e-09,-7.379031e-09,-1.9496726e-09
17.083,0.0005155703,0.0013512339,0.00013622294,3.9106247e-08,-1.4921191e-08,-3.9424464e-09
17.123,-9.529498e-05,-0.0004813618,0.00013622294,-4.883889e-09,9.668611e-10,-1.3821155e-09
17.143,-0.00070616027,-0.0004813618,0.00013622294,-8.299372e-09,1.2175222e-08,-2.34868e-09
17.184,-0.0013170254,0.00012950343,0.00013622294,3.4324732e-09,3.4907604e-08,-3.610573e-09
17.205,-9.529498e-05,-0.0004813618,-0.0004746423,-6.547166e-09,1.2961394e-09,6.4557715e-09
17.243,-9.529498e-05,-0.0010922271,0.00013622294,-2.4041011e-08,2.097538e-09,-2.9984033e-09
17.285,-0.0013170254,0.0013512339,-0.0010855076,6.168659e-08,6.0124904e-08,4.9555638e-08
17.304,0.0005155703,0.00012950343,-0.0004746423,1.8386992e-09,-7.320105e-09,6.7390062e-09
17.343,-9.529498e-05,0.00012950343,0.00013622294,5.437135e-10,4.0009107e-10,-5.71925e-10
17.384,0.0005155703,0.00012950343,0.00074708817,2.365711e-09,-9.4182075e-09,-1.3647473e-08
17.405,0.0005155703,0.0013512339,0.00013622294,3.9106247e-08,-1.4921191e-08,-3.9424464e-09
17.444,0.0005155703,0.00012950343,0.00074708817,2.365711e-09,-9.4182075e-09,-1.3647473e-08
17.484,-0.00070616027,0.00012950343,-0.0010855076,3.5345742e-09,1.9273436e-08,2.962707e-08
17.524,-9.529498e-05,0.0007403687,0.00074708817,1.557796e-08,2.0050837e-09,-1.5719344e-08
17.543,-0.00070616027,-0.0010922271,0.00074708817,-3.2638848e-08,2.1102075e-08,-2.2325118e-08
17.583,-9.529498e-05,0.0013512339,-0.0004746423,3.8640138e-08,2.7250733e-09,1.357296e-08
17.624,0.0005155703,0.00012950343,0.00013622294,1.4158571e-09,-5.636714e-09,-1.4893212e-09
17.643,-9.529498e-05,0.00012950343,0.00013622294,5.437135e-10,4.0009107e-10,-5.71925e-10
17.685,-9.529498e-05,-0.0023139575,-0.0010855076,-1.17911945e-07,4.8559268e-09,5.5314025e-08
17.724,0.0017373008,0.0025729644,-0.0004746423,1.6099264e-07,-1.08704434e-07,2.9698795e-08
17.745,-9.529498e-05,0.0013512339,0.00074708817,4.1644764e-08,2.936972e-09,-2.302511e-08
17.785,-0.00070616027,0.0007403687,0.00013622294,1.5224769e-08,1.4521315e-08,-2.8012566e-09
17.824,-9.529498e-05,0.0013512339,-0.0004746423,3.8640138e-08,2.7250733e-09,1.357296e-08
17.843,-9.529498e-05,0.0007403687,0.00013622294,1.1192605e-08,1.4406323e-09,-2.0593653e-09
17.883,-0.00070616027,-0.0004813618,0.00013622294,-8.299372e-09,1.2175222e-08,-2.34868e-09
17.922,-0.00070616027,0.0019620992,-0.0004746423,8.360113e-08,3.0088078e-08,2.022356e-08
17.944,-0.00070616027,0.0007403687,-0.0004746423,1.6636465e-08,1.5867785e-08,1.0665457e-08
17.985,0.0005155703,-0.0004813618,0.00013622294,-6.889427e-09,-7.379031e-09,-1.9496726e-09
18.026,0.0005155703,0.0007403687,0.00013622294,1.4166873e-08,-9.8653805e-09,-2.606611e-09
18.064,0.002348166,0.00012950343,-0.0010855076,6.6828743e-09,-1.2117431e-07,5.601633e-08
18.084,0.0005155703,0.00012950343,0.00074708817,2.365711e-09,-9.4182075e-09,-1.3647473e-08
18.124,-9.529498e-05,0.00012950343,0.00013622294,5.437135e-10,4.0009107e-10,-5.71925e-10
18.144,0.0017373008,0.0013512339,-0.0004746423,6.061211e-08,-7.792986e-08,2.1290965e-08
18.184,0.0005155703,0.00012950343,0.0013579534,3.762529e-09,-1.4979125e-08,-3.945331e-08
18.225,-0.0019278907,-0.0004813618,0.00074708817,-2.0358707e-08,8.153818e-08,-3.1597335e-08
18.265,-9.529498e-05,0.00012950343,0.00013622294,5.437135e-10,4.0009107e-10,-5.71925e-10
18.285,-9.529498e-05,-0.0010922271,0.00013622294,-2.4041011e-08,2.097538e-09,-2.9984033e-09
18.326,0.0005155703,0.0013512339,0.00013622294,3.9106247e-08,-1.4921191e-08,-3.9424464e-09
18.364,0.0005155703,0.0007403687,0.00013622294,1.3458529e-08,-9.372111e-09,-2.4762803e-09
18.384,0.0005155703,0.0019620992,0.00074708817,8.4510155e-08,-2.2206283e-08,-3.2178058e-08
18.424,0.0017373008,0.0013512339,0.00074708817,6.2570386e-08,-8.044764e-08,-3.4594745e-08
18.465,0.002348166,0.0007403687,-0.0004746423,3.6985725e-08,-1.1730456e-07,2.3711149e-08
18.485,-9.529498e-05,0.00012950343,0.00013622294,5.437135e-10,4.0009107e-10,-5.71925e-10
18.525,-0.0019278907,-0.0004813618,0.00074708817,-2.0358707e-08,8.153818e-08,-3.1597335e-08
18.564,-0.0019278907,0.0013512339,-0.0004746423,6.465353e-08,9.2245266e-08,2.271057e-08
18.585,-0.0013170254,-0.0004813618,-0.0004746423,-1.4944359e-08,4.0888366e-08,1.4735744e-08
18.624,-9.529498e-05,-0.0010922271,0.00013622294,-2.4041011e-08,2.097538e-09,-2.9984033e-09
18.664,0.0017373008,0.0013512339,0.00013622294,5.9363366e-08,-7.6324326e-08,-5.9846403e-09
18.685,0.0011264355,0.0013512339,0.00013622294,4.749969e-08,-3.959739e-08,-4.78862e-09
18.725,0.0011264355,0.0013512339,0.00074708817,5.1451593e-08,-4.289183e-08,-2.844724e-08
18.765,-0.0013170254,0.0025729644,0.00074708817,1.5303662e-07,7.8334985e-08,-4.4435854e-08
18.784,-9.529498e-05,0.0013512339,-0.0004746423,3.8640138e-08,2.7250733e-09,1.357296e-08
18.827,0.0005155703,-0.0017030924,-0.0004746423,-6.248783e-08,-1.8916687e-08,1.7415006e-08
18.864,-0.0013170254,0.00012950343,0.00013622294,3.4324732e-09,3.4907604e-08,-3.610573e-09
18.886,0.0005155703,0.0007403687,-0.0004746423,1.5036967e-08,-1.0471287e-08,9.640035e-09
18.923,0.0005155703,0.0007403687,0.00074708817,1.7278035e-08,-1.2031899e-08,-1.7434848e-08
18.964,-9.529498e-05,0.0013512339,0.00074708817,4.1644764e-08,2.936972e-09,-2.302511e-08
19.004,0.0011264355,0.0007403687,-0.0004746423,2.1079485e-08,-3.2071426e-08,1.3513828e-08
19.022,0.0011264355,0.0007403687,0.00013622294,1.9984153e-08,-3.040493e-08,-3.6769516e-09
19.065,0.0005155703,0.0019620992,0.00013622294,7.948229e-08,-2.0885135e-08,-5.518227e-09
19.085,0.0005155703,0.0007403687,0.00013622294,1.3458529e-08,-9.372111e-09,-2.4762803e-09
19.126,-9.529498e-05,0.00012950343,0.00013622294,5.7232996e-10,4.2114848e-10,-6.020263e-10
19.164,-0.00070616027,0.0007403687,-0.0010855076,2.2002888e-08,2.0986255e-08,3.226001e-08
19.204,-9.529498e-05,0.0007403687,-0.0004746423,1.3048095e-08,1.6794578e-09,8.364991e-09
19.225,0.0029590314,0.0007403687,-0.002307238,5.6413715e-08,-2.2546861e-07,1.7580406e-07
19.265,-0.0013170254,0.00012950343,0.00013622294,3.4324732e-09,3.4907604e-08,-3.610573e-09
19.306,0.0005155703,0.0019620992,0.00074708817,8.4510155e-08,-2.2206283e-08,-3.2178058e-08
19.326,0.0011264355,-0.0010922271,0.00074708817,-3.781524e-08,-3.899961e-08,-2.5865793e-08
19.364,0.0005155703,0.0007403687,0.00013622294,1.3458529e-08,-9.372111e-09,-2.4762803e-09
19.404,-9.529498e-05,0.0013512339,0.00013622294,3.665025e-08,2.584737e-09,-3.6948484e-09
19.425,-9.529498e-05,0.0019620992,-0.0004746423,7.9000166e-08,3.8368704e-09,1.9110562e-08
19.465,-0.00070616027,-0.0004813618,-0.0010855076,-1.3249325e-08,1.9436827e-08,2.9878237e-08
19.504,0.0005155703,-0.0010922271,0.00013622294,-2.6448745e-08,-1.2484755e-08,-3.2986969e-09
19.524,0.0011264355,-0.0010922271,-0.0010855076,-4.1516977e-08,-4.2817284e-08,4.1261558e-08
19.565,-0.00070616027,0.0013512339,-0.0004746423,4.2986834e-08,2.2465093e-08,1.5099806e-08
19.604,0.0017373008,0.0007403687,-0.0004746423,2.8722047e-08,-6.739728e-08,1.8413393e-08
19.625,0.002348166,0.0019620992,0.00074708817,1.2313201e-07,-1.4735973e-07,-4.6883688e-08
19.664,-9.529498e-05,0.00012950343,-0.0004746423,1.361028e-09,1.0015111e-09,4.9882956e-09
19.705,-0.002538756,-0.0029248227,-0.0010855076,-2.3437872e-07,2.0344149e-07,8.698644e-08
19.724,-0.0013170254,-0.0029248227,-0.0004746423,-1.8894956e-07,8.508255e-08,3.0662875e-08
19.764,-0.0013170254,0.00012950343,0.00074708817,3.9209453e-09,3.9875268e-08,-2.2619412e-08
19.805,0.0005155703,0.00012950343,0.00013622294,1.4158571e-09,-5.636714e-09,-1.4893212e-09
19.826,-0.0013170254,0.00012950343,0.00013622294,3.4324732e-09,3.4907604e-08,-3.610573e-09
19.864,-9.529498e-05,0.0007403687,0.00074708817,1.557796e-08,2.0050837e-09,-1.5719344e-08
19.904,0.0011264355,0.0013512339,-0.0004746423,4.905141e-08,-4.0890956e-08,1.7230086e-08
19.926,0.0005155703,0.00012950343,0.00074708817,2.365711e-09,-9.4182075e-09,-1.3647473e-08
19.963,0.0017373008,0.0013512339,-0.0004746423,6.061211e-08,-7.792986e-08,2.1290965e-08
20.003,-9.529498e-05,-0.0004813618,-0.0004746423,-6.547166e-09,1.2961394e-09,6.4557715e-09
20.043,-0.00070616027,-0.0004813618,-0.0004746423,-9.375104e-09,1.37533265e-08,9.244233e-09
20.062,0.0005155703,-0.0004813618,-0.0016963728,-1.761875e-08,-1.8870843e-08,6.2090436e-08
20.102,-0.00070616027,0.00012950343,-0.0004746423,2.2205546e-09,1.2108308e-08,8.138542e-09
20.146,-0.00070616027,0.00012950343,0.00074708817,2.6733191e-09,1.45771555e-08,-1.5422025e-08
20.165,-0.00070616027,-0.0004813618,0.00013622294,-8.299372e-09,1.2175222e-08,-2.34868e-09
20.206,0.0011264355,0.00012950343,0.00013622294,3.101564e-09,-2.6977753e-08,-3.2624938e-09
20.246,-9.529498e-05,-0.0010922271,-0.0010855076,-3.357287e-08,2.929176e-09,3.3366327e-08
20.265,-9.529498e-05,-0.0004813618,0.00013622294,-4.883889e-09,9.668611e-10,-1.3821155e-09
20.305,-0.00070616027,0.0007403687,0.00013622294,1.5224769e-08,1.4521315e-08,-2.8012566e-09
20.345,-0.00070616027,-0.0004813618,-0.0004746423,-9.375104e-09,1.37533265e-08,9.244233e-09
20.365,-0.00070616027,-0.0004813618,0.00013622294,-8.299372e-09,1.2175222e-08,-2.34868e-09
20.404,-0.0013170254,-0.0017030924,0.00074708817,-7.732324e-08,5.9795155e-08,-3.391905e-08
20.445,0.0005155703,0.0007403687,0.00074708817,1.7278035e-08,-1.2031899e-08,-1.7434848e-08
20.463,0.0011264355,0.0013512339,0.00074708817,5.1451593e-08,-4.289183e-08,-2.844724e-08
20.502,0.0011264355,0.0013512339,-0.0004746423,4.905141e-08,-4.0890956e-08,1.7230086e-08
20.543,-0.00070616027,0.0007403687,-0.0004746423,1.6636465e-08,1.5867785e-08,1.0665457e-08
20.583,-0.0013170254,-0.0017030924,0.00074708817,-7.732324e-08,5.9795155e-08,-3.391905e-08
20.604,-0.002538756,-0.0010922271,0.00013622294,-6.021297e-08,1.3995812e-07,-7.509779e-09
20.644,-9.529498e-05,0.00012950343,0.00074708817,1.97169e-09,1.4508662e-09,-1.1374419e-08
20.683,-9.529498e-05,0.0007403687,0.00074708817,1.557796e-08,2.0050837e-09,-1.5719344e-08
20.704,-0.00070616027,-0.0010922271,-0.0004746423,-3.0127772e-08,1.9478584e-08,1.3092438e-08
20.744,-0.0019278907,-0.0004813618,-0.0004746423,-2.0623633e-08,8.2599215e-08,2.0335738e-08
20.785,-9.529498e-05,-0.0010922271,0.00074708817,-2.8869895e-08,2.5188502e-09,-1.9747137e-08
20.805,-9.529498e-05,0.0013512339,-0.0004746423,3.8640138e-08,2.7250733e-09,1.357296e-08
20.842,-0.0013170254,-0.0017030924,0.0013579534,-8.636735e-08,6.67891e-08,-6.886464e-08
20.883,0.0011264355,0.00012950343,-0.0004746423,3.171426e-09,-2.758542e-08,1.1623575e-08
20.902,-9.529498e-05,-0.0010922271,-0.0004746423,-2.5997291e-08,2.2682198e-09,1.1297481e-08
20.943,-9.529498e-05,-0.0029248227,-0.0004746423,-1.7275144e-07,5.628491e-09,2.8034226e-08
20.983,0.0005155703,-0.0004813618,-0.0004746423,-8.153355e-09,-8.732782e-09,8.03954e-09
21.002,0.0005155703,0.0007403687,0.00013622294,1.3458529e-08,-9.372111e-09,-2.4762803e-09
21.044,-0.0013170254,0.00012950343,0.00013622294,3.4324732e-09,3.4907604e-08,-3.610573e-09
21.082,0.0011264355,0.00012950343,0.00013622294,2.9464855e-09,-2.5628864e-08,-3.099369e-09
21.102,-0.0019278907,-0.0010922271,-0.0010855076,-5.36915e-08,9.47709e-08,5.3361187e-08
21.143,0.00054000487,2.6267206e-05,-0.00047219885,3.7565012e-10,-7.722667e-09,6.752966e-09
21.182,-0.0006817256,0.00063713244,-0.0010830641,1.8146523e-08,1.9416607e-08,3.0847353e-08
21.204,-0.0006817256,0.00063713244,0.0013603969,2.0940005e-08,2.2405606e-08,-4.4710827e-08
21.244,-0.0012925909,-0.00058459805,0.00013866641,-1.6601549e-08,3.670729e-08,-3.93788e-09
21.283,-7.086037e-05,-0.0018063285,0.0007495316,-7.042539e-08,2.7627154e-09,-2.9222845e-08
21.303,0.00054000487,-0.0018063285,0.0007495316,-7.685573e-08,-2.2976142e-08,-3.1891094e-08
21.344,0.00054000487,0.00063713244,0.00013866641,1.07466605e-08,-9.108388e-09,-2.3389186e-09
21.382,0.00054000487,0.0012479976,-0.00047219885,3.5790688e-08,-1.5486524e-08,1.354195e-08
21.423,-7.086037e-05,0.00063713244,0.0013603969,1.9089512e-08,2.1230901e-09,-4.0759677e-08
21.442,-0.0012925909,0.00063713244,-0.00047219885,1.9249475e-08,3.9052626e-08,1.426639e-08
21.485,0.00054000487,-0.002417194,-0.0010830641,-1.3018119e-07,-2.9082683e-08,5.8329853e-08
21.522,0.00054000487,-0.00058459805,0.0007495316,-1.2732788e-08,-1.176153e-08,-1.632511e-08
21.543,0.00054000487,0.00063713244,-0.00047219885,1.2178634e-08,-1.0322064e-08,9.025968e-09
21.583,-0.0012925909,2.6267206e-05,0.0007495316,7.8205825e-10,3.848452e-08,-2.2315927e-08
21.605,-0.0006817256,-0.00058459805,0.0007495316,-1.36239136e-08,1.5887448e-08,-1.746765e-08
21.644,0.00054000487,2.6267206e-05,0.00013866641,2.920874e-10,-6.0047736e-09,-1.5419498e-09
21.686,-0.001903456,-0.0011954634,0.00013866641,-5.3636228e-08,8.540137e-08,-6.221471e-09
21.723,0.00054000487,0.001858863,0.00013866641,7.187087e-08,-2.0878687e-08,-5.361381e-09
21.744,0.00054000487,0.00063713244,0.00013866641,1.07466605e-08,-9.108388e-09,-2.3389186e-09
21.785,-7.086037e-05,2.6267206e-05,0.0007495316,3.9423365e-10,1.063514e-09,-1.124941e-08
21.824,-0.0006817256,-0.002417194,0.00013866641,-1.2113155e-07,3.416295e-08,-6.948913e-09
21.842,-0.0006817256,2.6267206e-05,-0.00047219885,4.5705428e-10,1.1862155e-08,8.216349e-09
21.883,-0.0006817256,-0.00058459805,0.00013866641,-1.0583534e-08,1.2341927e-08,-2.5104099e-09
21.926,0.00054000487,2.6267206e-05,0.00013866641,2.920874e-10,-6.0047736e-09,-1.5419498e-09
21.945,0.00054000487,2.6267206e-05,0.0007495316,4.8363735e-10,-9.942686e-09,-1.3800537e-08
21.986,-0.0006817256,-0.0011954634,0.00013866641,-3.294275e-08,1.8785952e-08,-3.8211563e-09
22.025,-0.0006817256,0.00063713244,0.0007495316,1.5192466e-08,1.6255795e-08,-1.7872633e-08
22.045,-0.0006817256,2.6267206e-05,-0.00047219885,4.5705428e-10,1.1862155e-08,8.216349e-09
22.083,0.00054000487,0.00063713244,0.00013866641,1.07466605e-08,-9.108388e-09,-2.3389186e-09
22.125,-0.0006817256,0.00063713244,0.00013866641,1.1974509e-08,1.28126105e-08,-2.6061493e-09
22.144,-0.001903456,0.00063713244,0.00013866641,2.553996e-08,7.6301546e-08,-5.558554e-09
22.183,-0.0006817256,-0.002417194,-0.00047219885,-1.2306649e-07,3.4708666e-08,2.4041041e-08
22.227,-0.0025143214,-0.0018063285,-0.00047219885,-1.1270204e-07,1.5687574e-07,2.9461855e-08
22.244,-7.086037e-05,0.00063713244,-0.0010830641,1.6816493e-08,1.870291e-09,2.8586427e-08
22.284,0.00054000487,0.00063713244,0.0007495316,1.4244749e-08,-1.207321e-08,-1.6757724e-08
22.325,0.0011508701,0.0012479976,0.0007495316,4.61409e-08,-4.2549907e-08,-2.771164e-08
22.345,-7.086037e-05,0.00063713244,-0.00047219885,1.0106578e-08,1.1240298e-09,7.490302e-09
22.384,0.0011508701,-0.00058459805,0.00013866641,-1.512075e-08,-2.9767495e-08,-3.5866359e-09
22.424,-7.086037e-05,-0.0018063285,-0.00047219885,-7.0776665e-08,2.7764937e-09,1.8501984e-08
22.464,-0.0006817256,-0.00058459805,0.0007495316,-1.36239136e-08,1.5887448e-08,-1.746765e-08
22.484,-0.0006817256,0.00063713244,-0.00047219885,1.3274685e-08,1.4203787e-08,9.838286e-09
22.524,-7.086037e-05,2.6267206e-05,0.0007495316,3.9423365e-10,1.063514e-09,-1.124941e-08
22.564,0.00054000487,-0.00058459805,0.00013866641,-9.408721e-09,-8.691023e-09,-2.2317446e-09
22.586,-7.086037e-05,-0.0011954634,-0.00047219885,-3.065967e-08,1.8173332e-09,1.2110334e-08
22.624,0.0017617353,2.6267206e-05,0.00013866641,9.2490493e-10,-6.2033166e-08,-4.8826383e-09
22.665,-7.086037e-05,0.0012479976,-0.00047219885,3.4972164e-08,1.9856934e-09,1.3232249e-08
22.685,-0.0012925909,-0.00058459805,0.00013866641,-1.6601549e-08,3.670729e-08,-3.93788e-09
22.723,-7.086037e-05,-0.00058459805,0.00013866641,-7.046185e-09,8.54083e-10,-1.6713521e-09
22.764,-0.001903456,-0.0011954634,-0.00047219885,-5.470302e-08,8.709995e-08,2.1607274e-08
22.785,-0.0006817256,-0.00058459805,-0.00047219885,-1.1817323e-08,1.3780703e-08,9.545237e-09
22.826,0.0011508701,0.00063713244,0.00013866641,1.6790402e-08,-3.032897e-08,-3.6542864e-09
22.864,-7.086037e-05,0.0012479976,-0.00047219885,3.3223554e-08,1.8864088e-09,1.2570636e-08
22.884,-0.0012925909,-0.00058459805,-0.00047219885,-1.7414056e-08,3.8503806e-08,1.40659e-08
22.923,-7.086037e-05,-0.00058459805,0.0007495316,-1.1101737e-08,1.3456652e-09,-1.4233888e-08
22.963,0.00054000487,2.6267206e-05,0.0007495316,4.8363735e-10,-9.942686e-09,-1.3800537e-08
23.003,-0.0012925909,2.6267206e-05,0.00013866641,6.804589e-10,3.3484906e-08,-3.5921899e-09
23.023,-0.0012925909,0.0012479976,0.00013866641,4.4806708e-08,4.640773e-08,-4.9785243e-09
23.063,-0.001903456,0.00063713244,0.00013866641,2.419575e-08,7.228567e-08,-5.2659983e-09
23.085,-0.001903456,0.00063713244,-0.0010830641,3.0475395e-08,9.104635e-08,5.1805262e-08
23.123,-0.0012925909,-0.002417194,0.00013866641,-1.3217355e-07,7.067961e-08,-7.582354e-09
23.163,-7.086037e-05,0.00063713244,0.0007495316,1.2519452e-08,1.3923839e-09,-1.47280605e-08
23.184,-0.0006817256,0.00063713244,0.00013866641,1.1974509e-08,1.28126105e-08,-2.6061493e-09
23.224,-7.086037e-05,0.00063713244,0.00013866641,8.325533e-09,9.2594615e-10,-1.8119808e-09
23.263,0.0017617353,0.001858863,-0.00047219885,9.6445405e-08,-9.140602e-08,2.4499608e-08
23.304,0.0011508701,2.6267206e-05,-0.00047219885,6.5114236e-10,-2.8529115e-08,1.1705417e-08
23.324,-0.0025143214,-0.0018063285,-0.0010830641,-1.1803458e-07,1.6429837e-07,7.0772856e-08
23.363,-7.086037e-05,-0.00058459805,-0.0016939293,-2.1986542e-08,2.6650349e-09,6.3708136e-08
23.386,-0.0012925909,2.6267206e-05,0.0007495316,7.8205825e-10,3.848452e-08,-2.2315927e-08
23.423,-7.086037e-05,-0.00058459805,-0.00047219885,-8.7912815e-09,1.0656099e-09,7.1010042e-09
23.464,0.0011508701,2.6267206e-05,-0.00047219885,6.5114236e-10,-2.8529115e-08,1.1705417e-08
23.503,0.00054000487,0.0012479976,-0.0010830641,4.3223896e-08,-1.8702853e-08,3.751149e-08
23.523,0.0017617353,0.0012479976,0.00013866641,5.3791116e-08,-7.59342e-08,-5.9767884e-09
23.564,0.0011508701,0.0012479976,-0.00047219885,4.3812307e-08,-4.040254e-08,1.657705e-08
23.603,0.0011508701,0.0012479976,0.00013866641,4.2350468e-08,-3.9054473e-08,-4.705607e-09
23.624,0.00054000487,-0.00058459805,0.00013866641,-9.903918e-09,-9.1484464e-09,-2.349205e-09
23.673,-7.086037e-05,-0.0011954634,0.00013866641,-2.8713076e-08,1.7019502e-09,-3.3305405e-09
23.705,-0.0006817256,-0.00058459805,0.00013866641,-1.0583534e-08,1.2341927e-08,-2.5104099e-09
23.723,0.0011508701,0.0012479976,0.00013866641,4.2350468e-08,-3.9054473e-08,-4.705607e-09
23.765,-0.0012925909,0.00063713244,0.00013866641,1.8376992e-08,3.7282565e-08,-3.999595e-09
23.806,-0.0006817256,-0.00058459805,0.00013866641,-1.0583534e-08,1.2341927e-08,-2.5104099e-09
23.823,0.0011508701,-0.00058459805,0.0007495316,-1.7384965e-08,-3.4224946e-08,-2.2289813e-08
23.863,0.0011508701,2.6267206e-05,0.0007495316,7.1887263e-10,-3.1496665e-08,-2.0512955e-08
23.904,-0.0006817256,0.0012479976,-0.0016939293,5.7885675e-08,3.1620374e-08,7.856925e-08
23.943,-7.086037e-05,0.0012479976,0.0007495316,3.6239058e-08,2.057626e-09,-2.1764722e-08
23.962,-0.0006817256,2.6267206e-05,0.00013866641,3.6432557e-10,9.455519e-09,-1.9233e-09
24.003,-0.0006817256,-0.0011954634,0.00013866641,-3.294275e-08,1.8785952e-08,-3.8211563e-09
24.043,-0.0006817256,0.00063713244,-0.0010830641,1.8146523e-08,1.9416607e-08,3.0847353e-08
24.063,0.00054000487,0.0012479976,0.0007495316,3.8606192e-08,-1.6704785e-08,-2.3186391e-08
24.103,-0.0006817256,0.00063713244,-0.0010830641,1.8146523e-08,1.9416607e-08,3.0847353e-08
24.143,0.00054000487,0.0012479976,0.0007495316,3.8606192e-08,-1.6704785e-08,-2.3186391e-08
24.163,-7.086037e-05,0.00063713244,-0.00047219885,1.0106578e-08,1.1240298e-09,7.490302e-09
24.204,0.00054000487,-0.002417194,0.00013866641,-1.1946256e-07,-2.6688118e-08,-6.8531727e-09
24.245,-0.001903456,-0.0011954634,-0.00047219885,-5.470302e-08,8.709995e-08,2.1607274e-08
24.264,-0.0012925909,2.6267206e-05,-0.00047219885,7.2029294e-10,3.5445122e-08,1.2948526e-08
24.303,0.00054000487,0.0012479976,0.00013866641,3.3985547e-08,-1.4705446e-08,-3.776172e-09
24.344,-0.0012925909,-0.00058459805,-0.00047219885,-1.7414056e-08,3.8503806e-08,1.40659e-08
24.364,-0.0012925909,-0.0011954634,-0.00047219885,-4.341583e-08,4.6943224e-08,1.7148922e-08
24.405,0.0017617353,-0.0018063285,0.00013866641,-9.0940354e-08,-8.869529e-08,-6.9812214e-09
24.443,-7.086037e-05,2.6267206e-05,-0.00047219885,2.634272e-10,7.106408e-10,4.7355635e-09
24.466,0.0011508701,-0.00058459805,0.0007495316,-1.7384965e-08,-3.4224946e-08,-2.2289813e-08
24.503,-0.0006817256,0.00063713244,0.00013866641,1.1974509e-08,1.28126105e-08,-2.6061493e-09
24.543,-0.0012925909,-0.002417194,-0.00047219885,-1.339491e-07,7.162908e-08,2.6166962e-08
24.562,-0.0006817256,-0.00058459805,-0.00047219885,-1.1817323e-08,1.3780703e-08,9.545237e-09
24.603,-0.001903456,-0.0011954634,0.0007495316,-5.6432448e-08,8.98536e-08,-3.5382012e-08
24.644,0.00054000487,0.0012479976,0.00013866641,3.3985547e-08,-1.4705446e-08,-3.776172e-09
24.664,0.0011508701,0.0012479976,0.00013866641,4.2350468e-08,-3.9054473e-08,-4.705607e-09
24.705,0.0011508701,-0.002417194,-0.00047219885,-1.30917e-07,-6.233197e-08,2.5574634e-08
24.744,-0.0006817256,2.6267206e-05,-0.00047219885,4.3420156e-10,1.1269046e-08,7.805531e-09
24.765,-7.086037e-05,-0.0018063285,0.0013603969,-8.1418406e-08,3.1939609e-09,-6.1318495e-08
24.805,-0.0006817256,-0.00058459805,0.00013866641,-1.0583534e-08,1.2341927e-08,-2.5104099e-09
24.844,-7.086037e-05,0.0012479976,0.0007495316,3.6239058e-08,2.057626e-09,-2.1764722e-08
24.864,-0.0006817256,0.0012479976,-0.00047219885,3.725604e-08,2.0351317e-08,1.4096388e-08
24.904,-0.0006817256,-0.0018063285,0.0013603969,-8.499617e-08,3.207837e-08,-6.4013e-08
24.943,-7.086037e-05,-0.0011954634,-0.00047219885,-3.065967e-08,1.8173332e-09,1.2110334e-08
24.985,-7.086037e-05,2.6267206e-05,-0.00047219885,2.634272e-10,7.106408e-10,4.7355635e-09
25.005,0.00054000487,0.00063713244,-0.00047219885,1.2178634e-08,-1.0322064e-08,9.025968e-09
25.044,-7.086037e-05,2.6267206e-05,-0.00047219885,2.5025584e-10,6.7510875e-10,4.4987853e-09
25.084,0.00054000487,2.6267206e-05,0.00013866641,2.920874e-10,-6.0047736e-09,-1.5419498e-09
25.103,-7.086037e-05,-0.00058459805,0.00013866641,-7.046185e-09,8.54083e-10,-1.6713521e-09
25.144,-0.0012925909,-0.0018063285,0.00013866641,-8.0089855e-08,5.7311507e-08,-6.148255e-09
25.186,-0.0006817256,0.0012479976,0.00013866641,3.552544e-08,1.9405967e-08,-3.9472714e-09
25.204,4.7036625e-05,0.00070432766,0.0007483099,1.4435237e-08,-9.640185e-10,-1.5336656e-08
25.246,-0.0011746938,-0.0011282681,0.0007483099,-4.0291354e-08,4.1949257e-08,-2.6722745e-08
25.285,4.7036625e-05,-0.0005174029,0.00013744467,-5.539721e-09,-5.03611e-10,-1.4715905e-09
25.305,0.00065790187,-0.0005174029,-0.00047342057,-9.912317e-09,-1.2603973e-08,9.069711e-09
25.345,4.7036625e-05,-0.0005174029,0.00013744467,-5.539721e-09,-5.03611e-10,-1.4715905e-09
25.385,-0.0005638286,0.00070432766,-0.00047342057,1.4297146e-08,1.1445156e-08,9.6099635e-09
25.406,0.00065790187,-0.0005174029,-0.0010842859,-1.4119648e-08,-1.795379e-08,2.9589582e-08
25.446,4.7036625e-05,-0.0005174029,0.00013744467,-5.539721e-09,-5.03611e-10,-1.4715905e-09
25.484,4.7036625e-05,-0.0017391334,-0.00047342057,-6.247264e-08,-1.6896363e-09,1.7006075e-08
25.504,0.00065790187,-0.0005174029,-0.00047342057,-9.912317e-09,-1.2603973e-08,9.069711e-09
25.545,-0.0017855591,-0.0005174029,0.00013744467,-2.0226688e-08,6.980237e-08,-5.3730855e-09
25.584,0.0012687672,0.0013151928,-0.00047342057,4.9463992e-08,-4.771794e-08,1.7805203e-08
25.604,4.7036625e-05,9.346238e-05,-0.0010842859,2.0283686e-09,-1.020813e-09,2.353173e-08
25.644,0.00065790187,0.0019260582,-0.0010842859,8.849234e-08,-3.022716e-08,4.9817288e-08
25.684,0.00065790187,9.346238e-05,0.00013744467,1.2635337e-09,-8.894286e-09,-1.8581376e-09
25.705,-0.0005638286,-0.0005174029,0.0007483099,-1.1033017e-08,1.2022992e-08,-1.5956841e-08
25.744,-0.0005638286,0.0013151928,0.00013744467,3.76672e-08,1.6148086e-08,-3.936424e-09
25.783,4.7036625e-05,0.0013151928,-0.00047342057,3.664674e-08,-1.3106356e-09,1.3191465e-08
25.824,0.00065790187,-0.0011282681,-0.0010842859,-3.815708e-08,-2.2249688e-08,3.666964e-08
25.844,4.7036625e-05,-0.0023499988,0.0007483099,-1.1548879e-07,-2.3115745e-09,-3.6775084e-08
25.884,4.7036625e-05,9.346238e-05,-0.00047342057,9.0280367e-10,-4.5435217e-10,4.573025e-09
25.924,0.00065790187,0.00070432766,0.00013744467,1.3661154e-08,-1.2760678e-08,-2.6658797e-09
25.943,0.0012687672,9.346238e-05,0.0007483099,2.7483142e-09,-3.7308823e-08,-2.2004478e-08
25.984,0.0012687672,9.346238e-05,-0.00047342057,2.5276081e-09,-3.431269e-08,1.2803243e-08
26.023,-0.0005638286,-0.0011282681,0.00013744467,-2.8519992e-08,1.4252276e-08,-3.4742813e-09
26.044,-0.0005638286,-0.0017391334,-0.0010842859,-7.364909e-08,2.38771e-08,4.5917506e-08
26.084,4.7036625e-05,9.346238e-05,-0.00047342057,9.503196e-10,-4.782654e-10,4.8137108e-09
26.124,4.7036625e-05,0.00070432766,-0.0010842859,1.8155221e-08,-1.2124474e-09,2.794928e-08
26.144,-0.0005638286,0.00070432766,-0.00047342057,1.4297146e-08,1.1445156e-08,9.6099635e-09
26.186,0.00065790187,0.00070432766,-0.00047342057,1.5067815e-08,-1.407462e-08,1.0127977e-08
26.224,4.7036625e-05,-0.0005174029,-0.0010842859,-1.2393831e-08,-1.126712e-09,2.5972904e-08
26.244,0.00065790187,-0.0017391334,-0.00047342057,-6.648161e-08,-2.5149525e-08,1.8097383e-08
26.283,-0.0005638286,9.346238e-05,0.00013744467,1.0945425e-09,6.603024e-09,-1.6096211e-09
26.324,4.7036625e-05,9.346238e-05,-0.00047342057,9.0280367e-10,-4.5435217e-10,4.573025e-09
26.344,-0.0005638286,-0.0023499988,-0.0010842859,-1.2401328e-07,2.9754156e-08,5.7219545e-08
26.384,-0.0005638286,-0.0011282681,0.00013744467,-2.8519992e-08,1.4252276e-08,-3.4742813e-09
26.423,0.0018796324,9.346238e-05,-0.00047342057,3.6134635e-09,-7.267075e-08,1.8303489e-08
26.463,0.00065790187,0.00070432766,0.00013744467,1.3661154e-08,-1.2760678e-08,-2.6658797e-09
26.483,4.7036625e-05,0.00070432766,0.00013744467,1.0091356e-08,-6.73924e-10,-1.9692583e-09
26.524,4.7036625e-05,0.00070432766,0.0007483099,1.4435237e-08,-9.640185e-10,-1.5336656e-08
26.564,4.7036625e-05,-0.0011282681,-0.0010842859,-3.519059e-08,-1.4670691e-09,3.381879e-08
26.584,-0.0005638286,-0.0005174029,-0.00047342057,-9.275855e-09,1.0108162e-08,8.487352e-09
26.626,4.7036625e-05,0.00070432766,0.00013744467,1.062248e-08,-7.093937e-10,-2.0729034e-09
26.664,-0.0005638286,-0.0005174029,-0.00047342057,-9.275855e-09,1.0108162e-08,8.487352e-09
26.684,-0.0011746938,-0.0005174029,-0.00047342057,-1.4102787e-08,3.2018484e-08,1.2903967e-08
26.724,-0.0011746938,0.0019260582,0.00013744467,8.673003e-08,5.289624e-08,-6.1891097e-09
26.763,-0.0005638286,-0.0017391334,0.00013744467,-6.3525064e-08,2.0594884e-08,-5.0204205e-09
26.783,-0.0011746938,-0.0029608638,-0.00047342057,-1.8996644e-07,7.536734e-08,3.037426e-08
26.824,0.00065790187,9.346238e-05,-0.00047342057,1.5192481e-09,-1.0694315e-08,7.6955375e-09
26.864,4.7036625e-05,0.0019260582,0.00013744467,7.411807e-08,-1.8100513e-09,-5.28911e-09
26.884,4.7036625e-05,0.0013151928,0.0007483099,3.9668148e-08,-1.4186942e-09,-2.2570125e-08
26.923,0.0012687672,0.0025369234,0.0007483099,1.4827039e-07,-7.415304e-08,-4.3734932e-08
26.963,4.7036625e-05,0.0013151928,-0.0010842859,4.4679858e-08,-1.597932e-09,3.6835466e-08
26.984,-0.0011746938,-0.0017391334,-0.00047342057,-7.4543884e-08,5.0350504e-08,2.0292068e-08
27.024,-0.0011746938,-0.0005174029,0.0007483099,-1.531583e-08,3.4772533e-08,-2.215099e-08
27.063,0.0012687672,0.0013151928,0.00013744467,4.8018514e-08,-4.6323485e-08,-5.01819e-09
27.084,-0.0011746938,-0.0017391334,-0.00047342057,-7.4543884e-08,5.0350504e-08,2.0292068e-08
27.124,4.7036625e-05,-0.0005174029,0.0007483099,-9.390561e-09,-8.536873e-10,-1.35813885e-08
27.166,0.00065790187,0.0013151928,0.00013744467,4.0737348e-08,-2.0378137e-08,-4.25727e-09
27.183,0.0012687672,0.00070432766,-0.00047342057,2.141923e-08,-3.8584336e-08,1.439714e-08
27.225,-0.0005638286,-0.0005174029,-0.0010842859,-1.36803475e-08,1.4907863e-08,2.866897e-08
27.263,0.00065790187,0.0013151928,-0.00047342057,4.0480074e-08,-2.024944e-08,1.4571324e-08
27.285,-0.0011746938,0.00070432766,-0.00047342057,2.033524e-08,3.391558e-08,1.3668526e-08
27.322,-0.0005638286,-0.0011282681,-0.00047342057,-3.0283516e-08,1.5133562e-08,1.2706945e-08
27.364,-0.0005638286,-0.0005174029,0.00013744467,-8.014572e-09,8.733707e-09,-2.1290183e-09
27.385,-0.0005638286,9.346238e-05,-0.00047342057,1.38189e-09,8.3365e-09,6.99977e-09
27.424,0.0012687672,0.00070432766,0.00013744467,2.045413e-08,-3.684582e-08,-3.991482e-09
27.466,4.7036625e-05,-0.0005174029,-0.00047342057,-7.2454562e-09,-6.586778e-10,6.6295494e-09
27.485,-0.0005638286,9.346238e-05,0.00013744467,1.0945425e-09,6.603024e-09,-1.6096211e-09
27.524,4.7036625e-05,-0.0005174029,-0.00047342057,-7.2454562e-09,-6.586778e-10,6.6295494e-09
27.564,-0.0005638286,-0.0017391334,0.00013744467,-6.3525064e-08,2.0594884e-08,-5.0204205e-09
27.604,-0.0005638286,-0.0011282681,0.00013744467,-2.8519992e-08,1.4252276e-08,-3.4742813e-09
27.624,-0.0011746938,0.0013151928,-0.00047342057,4.7842118e-08,4.273126e-08,1.7221385e-08
27.664,-0.0017855591,-0.0017391334,0.00013744467,-8.6494715e-08,8.8803674e-08,-6.8357213e-09
27.706,0.0018796324,-0.0023499988,0.00013744467,-1.4103607e-07,-1.12806845e-07,-8.248802e-09
27.725,0.0012687672,-0.0017391334,-0.00047342057,-8.0392056e-08,-5.864921e-08,2.188403e-08
27.765,0.0012687672,0.00070432766,-0.00047342057,2.141923e-08,-3.8584336e-08,1.439714e-08
27.804,0.00065790187,0.0025369234,0.0007483099,1.377589e-07,-3.5725105e-08,-4.0634394e-08
27.825,4.7036625e-05,0.00070432766,0.0007483099,1.4435237e-08,-9.640185e-10,-1.5336656e-08
27.865,0.0012687672,-0.0005174029,-0.00047342057,-1.4943685e-08,-3.6644668e-08,1.3673382e-08
27.903,-0.0011746938,-0.0023499988,-0.00047342057,-1.2498565e-07,6.2476566e-08,2.517907e-08
27.923,4.7036625e-05,-0.0017391334,-0.00047342057,-6.247264e-08,-1.6896363e-09,1.7006075e-08
27.964,-0.0005638286,-0.0005174029,0.00013744467,-8.014572e-09,8.733707e-09,-2.1290183e-09
28.005,0.0012687672,0.00070432766,0.0007483099,2.291096e-08,-4.1271523e-08,-2.4341652e-08
28.023,-0.0005638286,-0.0005174029,-0.00047342057,-9.275855e-09,1.0108162e-08,8.487352e-09
28.064,4.7036625e-05,9.346238e-05,0.0007483099,1.4069421e-09,-7.080689e-10,-1.1264731e-08
28.103,4.7036625e-05,-0.0005174029,0.00013744467,-5.539721e-09,-5.03611e-10,-1.4715905e-09
28.125,4.7036625e-05,-0.0011282681,0.00013744467,-2.5571042e-08,-1.0660369e-09,-3.115043e-09
28.164,4.7036625e-05,-0.0005174029,-0.00047342057,-7.2454562e-09,-6.586778e-10,6.6295494e-09
28.205,-0.0005638286,-0.0005174029,-0.00047342057,-9.275855e-09,1.0108162e-08,8.487352e-09
28.224,4.7036625e-05,-0.0011282681,-0.0010842859,-3.519059e-08,-1.4670691e-09,3.381879e-08
28.264,-0.0011746938,-0.0005174029,-0.00047342057,-1.4845039e-08,3.3703667e-08,1.3583122e-08
28.305,-0.0005638286,-0.0011282681,0.00013744467,-2.8519992e-08,1.4252276e-08,-3.4742813e-09
28.325,0.0012687672,9.346238e-05,-0.00047342057,2.5276081e-09,-3.431269e-08,1.2803243e-08
28.365,-0.0005638286,9.346238e-05,0.0007483099,1.7532976e-09,1.0577082e-08,-1.40378384e-08
28.405,-0.0005638286,-0.0023499988,0.0007483099,-1.1844685e-07,2.8418622e-08,-3.771702e-08
28.445,-0.0011746938,-0.0017391334,0.0007483099,-7.7200895e-08,5.2145175e-08,-3.3217802e-08
28.464,0.00065790187,-0.0011282681,-0.00047342057,-3.122762e-08,-1.8209068e-08,1.310309e-08
28.505,0.00065790187,9.346238e-05,-0.00047342057,1.5192481e-09,-1.0694315e-08,7.6955375e-09
28.544,-0.0005638286,9.346238e-05,-0.00047342057,1.38189e-09,8.3365e-09,6.99977e-09
28.564,-0.0005638286,0.0019260582,0.00013744467,7.7190236e-08,2.2596444e-08,-5.5083427e-09
28.604,-0.0017855591,-0.0005174029,-0.0016951511,-2.5933785e-08,8.949756e-08,8.496605e-08
28.644,0.00065790187,-0.0017391334,-0.00047342057,-6.648161e-08,-2.5149525e-08,1.8097383e-08
28.665,4.7036625e-05,-0.0017391334,0.0007483099,-6.562025e-08,-1.7747651e-09,-2.8234913e-08
28.704,-0.0005638286,-0.0005174029,0.0007483099,-1.1033017e-08,1.2022992e-08,-1.5956841e-08
28.744,0.00065790187,0.0013151928,-0.00047342057,4.0480074e-08,-2.024944e-08,1.4571324e-08
28.764,4.7036625e-05,-0.0017391334,0.00013744467,-6.0468494e-08,-1.6354316e-09,-4.778858e-09
28.804,-0.0005638286,-0.0005174029,0.00013744467,-8.436392e-09,9.193376e-09,-2.241072e-09
28.845,4.7036625e-05,-0.0011282681,-0.0010842859,-3.519059e-08,-1.4670691e-09,3.381879e-08
28.865,-0.0011746938,-0.0005174029,-0.00047342057,-1.4102787e-08,3.2018484e-08,1.2903967e-08
28.904,4.7036625e-05,-0.0005174029,0.00013744467,-5.539721e-09,-5.03611e-10,-1.4715905e-09
28.944,-0.0005638286,9.346238e-05,0.00013744467,1.0945425e-09,6.603024e-09,-1.6096211e-09
28.965,0.00065790187,-0.0005174029,-0.0010842859,-1.4119648e-08,-1.795379e-08,2.9589582e-08
29.005,-0.0005638286,9.346238e-05,0.0007483099,1.7532976e-09,1.0577082e-08,-1.40378384e-08
29.045,-0.0005638286,0.0013151928,0.0007483099,4.231201e-08,1.8139334e-08,-2.4074414e-08
29.064,0.00065790187,9.346238e-05,0.00013744467,1.2635337e-09,-8.894286e-09,-1.8581376e-09
29.105,4.7036625e-05,0.00070432766,0.0007483099,1.4435237e-08,-9.640185e-10,-1.5336656e-08
29.146,-0.0017855591,-0.0005174029,-0.0010842859,-2.218442e-08,7.65585e-08,4.649037e-08
29.167,-0.0005638286,9.346238e-05,-0.00047342057,1.38189e-09,8.3365e-09,6.99977e-09
29.206,-0.0005638286,-0.0005174029,0.0013591752,-1.607868e-08,1.7521392e-08,-4.2237378e-08
29.246,-0.0011746938,0.00070432766,0.00013744467,1.9316055e-08,3.221576e-08,-3.769395e-09
29.267,-0.0017855591,-0.0005174029,0.00013744467,-1.9215355e-08,6.631225e-08,-5.104432e-09
29.306,-0.0004801401,0.0014391985,0.0008252789,4.9521574e-08,1.6521206e-08,-2.8397134e-08
29.345,-0.0004801401,-0.0016151277,0.0002144137,-5.7533473e-08,1.7103371e-08,-7.637763e-09
29.386,-0.0010910053,0.00021746803,0.0008252789,6.0013523e-09,3.0107906e-08,-2.2774794e-08
29.406,0.00013072517,0.00021746803,0.0002144137,1.4392766e-09,-8.6518315e-10,-1.419062e-09
29.446,-0.0010910053,0.00021746803,0.0008252789,6.0013523e-09,3.0107906e-08,-2.2774794e-08
29.486,-0.0010910053,0.0014391985,0.0008252789,5.6933704e-08,4.3159417e-08,-3.2647467e-08
29.507,0.0007415904,0.00021746803,0.0002144137,3.4747962e-09,-1.1849445e-08,-3.4259928e-09
29.546,-0.0010910053,-0.0016151277,0.0002144137,-6.309619e-08,4.262095e-08,-8.376232e-09
29.586,0.00013072517,-0.0010042625,0.0008252789,-2.6138556e-08,-3.4024639e-09,-2.148004e-08
29.607,0.0007415904,0.0014391985,0.0002144137,4.68278e-08,-2.4129436e-08,-6.9764674e-09
29.647,0.00013072517,0.00021746803,0.0002144137,1.4392766e-09,-8.6518315e-10,-1.419062e-09
29.689,0.00013072517,0.00021746803,0.0002144137,1.4392766e-09,-8.6518315e-10,-1.419062e-09
29.707,-0.0004801401,0.00021746803,-0.00039645153,2.8575504e-09,6.309086e-09,5.2094107e-09
29.746,-0.0010910053,-0.002225993,-0.0010073169,-1.1866826e-07,5.816177e-08,5.3700326e-08
29.788,0.00013072517,-0.0003933972,0.0002144137,-3.6579464e-09,-1.2155288e-09,-1.9936943e-09
29.806,-0.002312736,-0.0010042625,0.0002144137,-5.062924e-08,1.16595075e-07,-1.0809525e-08
29.844,-0.0010910053,-0.0003933972,-0.00039645153,-9.6062225e-09,2.6640858e-08,9.680805e-09
29.888,0.00013072517,-0.0003933972,-0.00039645153,-4.732331e-09,-1.572545e-09,4.769073e-09
29.906,-0.0004801401,-0.0010042625,0.0002144137,-2.2680933e-08,1.0843803e-08,-4.8424615e-09
29.945,0.00013072517,-0.0016151277,-0.00039645153,-5.3679596e-08,-4.3447184e-09,1.317627e-08
29.986,-0.0004801401,-0.0003933972,-0.00039645153,-5.7726144e-09,7.0454584e-09,5.8174328e-09
30.006,0.0007415904,0.00021746803,0.0002144137,3.4747962e-09,-1.1849445e-08,-3.4259928e-09
30.045,-0.0010910053,0.00021746803,-0.00039645153,5.1168008e-09,2.5670241e-08,9.3281e-09
30.085,0.00013072517,-0.0003933972,-0.00039645153,-4.4957145e-09,-1.4939177e-09,4.5306194e-09
30.107,0.0007415904,-0.0003933972,0.0002144137,-6.7907133e-09,-1.2801127e-08,-3.7011496e-09
30.146,-0.0004801401,0.00082833326,0.0002144137,1.6191663e-08,9.385433e-09,-4.1912047e-09
30.185,0.00013072517,0.00082833326,0.0002144137,1.4284235e-08,-2.2542967e-09,-3.6974679e-09
30.207,0.001963321,0.00021746803,0.0002144137,8.608583e-09,-7.7719065e-08,-8.487676e-09
30.246,-0.0004801401,-0.0010042625,-0.00039645153,-2.3641912e-08,1.130325e-08,9.33309e-09
30.286,0.0013524556,-0.0016151277,0.0008252789,-7.280261e-08,-6.096254e-08,-3.7199822e-08
30.326,-0.0004801401,-0.0003933972,0.0002144137,-5.1470566e-09,6.281967e-09,-2.8053058e-09
30.345,0.0007415904,-0.0003933972,-0.0010073169,-1.0277178e-08,-1.9373438e-08,2.6315323e-08
30.385,0.00013072517,-0.0003933972,0.0014361442,-1.1715516e-08,-3.8930437e-09,-4.276891e-08
30.426,0.00013072517,0.0020500638,-0.0010073169,9.344586e-08,-5.958703e-09,4.5915446e-08
30.446,-0.0010910053,0.00082833326,-0.00039645153,2.4772396e-08,3.262795e-08,1.1856405e-08
30.486,0.0007415904,-0.0003933972,0.0008252789,-9.2264685e-09,-1.7392752e-08,-1.9355527e-08
30.525,0.00013072517,-0.0010042625,-0.00039645153,-2.175993e-08,-2.8324971e-09,8.590143e-09
30.547,-0.0010910053,-0.0003933972,0.0002144137,-9.243844e-09,2.5635876e-08,-5.038182e-09
30.585,0.0007415904,0.0014391985,0.0002144137,4.68278e-08,-2.4129436e-08,-6.9764674e-09
30.626,-0.0004801401,0.00021746803,0.0008252789,4.242661e-09,9.367223e-09,-1.6100659e-08
30.646,-0.0010910053,0.00021746803,0.0002144137,4.9085895e-09,2.4625674e-08,-4.8396482e-09
30.685,0.00013072517,-0.0010042625,-0.00039645153,-2.175993e-08,-2.8324971e-09,8.590143e-09
30.726,-0.0010910053,0.00021746803,0.0002144137,4.9085895e-09,2.4625674e-08,-4.8396482e-09
30.747,0.00013072517,-0.0010042625,0.0002144137,-2.0711818e-08,-2.696064e-09,-4.4220485e-09
30.787,-0.0010910053,-0.0003933972,0.0002144137,-9.243844e-09,2.5635876e-08,-5.038182e-09
30.828,-0.0004801401,0.00021746803,0.0008252789,4.242661e-09,9.367223e-09,-1.6100659e-08
30.847,-0.0004801401,-0.0010042625,0.0002144137,-2.2680933e-08,1.0843803e-08,-4.8424615e-09
30.887,-0.0017018706,-0.0003933972,0.0002144137,-1.3793112e-08,5.967021e-08,-7.5176745e-09
30.927,0.00013072517,0.00021746803,0.0002144137,1.4392766e-09,-8.6518315e-10,-1.419062e-09
30.947,0.00013072517,-0.0003933972,0.0002144137,-3.6579464e-09,-1.2155288e-09,-1.9936943e-09
30.986,0.00013072517,0.00021746803,-0.00039645153,2.0393414e-09,-1.2258963e-09,3.717788e-09
31.027,-0.0010910053,-0.0016151277,-0.0010073169,-7.059861e-08,4.7688772e-08,4.403068e-08
31.067,-0.0010910053,0.00021746803,0.0002144137,5.166936e-09,2.5921763e-08,-5.0943667e-09
31.087,-0.0004801401,0.00021746803,-0.00039645153,2.8575504e-09,6.309086e-09,5.2094107e-09
31.126,0.0007415904,0.0014391985,0.0002144137,4.68278e-08,-2.4129436e-08,-6.9764674e-09
31.165,-0.0004801401,0.00082833326,0.0008252789,2.0859975e-08,1.20914025e-08,-2.0783059e-08
31.186,-0.0004801401,-0.0016151277,0.0002144137,-5.4656798e-08,1.6248203e-08,-7.255876e-09
31.227,0.0007415904,0.00082833326,0.0002144137,1.8685887e-08,-1.6729105e-08,-4.8368336e-09
31.266,0.00013072517,-0.0003933972,0.0008252789,-7.6193745e-09,-2.5319042e-09,-1.5984122e-08
31.286,0.00013072517,-0.0010042625,0.0002144137,-2.0711818e-08,-2.696064e-09,-4.4220485e-09
31.326,-0.0017018706,0.00082833326,0.0008252789,3.40758e-08,7.00112e-08,-3.395015e-08
31.369,0.00013072517,0.00021746803,0.0002144137,1.4392766e-09,-8.6518315e-10,-1.419062e-09
31.387,-0.0004801401,-0.0028368584,0.0002144137,-1.6306635e-07,2.7599084e-08,-1.23247785e-08
31.426,-0.0004801401,-0.0016151277,0.0002144137,-5.4656798e-08,1.6248203e-08,-7.255876e-09
31.464,0.0007415904,0.00082833326,0.0002144137,1.8685887e-08,-1.6729105e-08,-4.8368336e-09
31.485,0.0013524556,0.0020500638,0.0008252789,1.0582266e-07,-6.981268e-08,-4.2600234e-08
31.526,0.0007415904,0.00082833326,0.0002144137,1.8685887e-08,-1.6729105e-08,-4.8368336e-09
31.565,0.0007415904,0.00021746803,0.0002144137,3.4747962e-09,-1.1849445e-08,-3.4259928e-09
31.585,0.00013072517,-0.0003933972,-0.00039645153,-4.4957145e-09,-1.4939177e-09,4.5306194e-09
31.624,-0.0010910053,-0.0016151277,-0.00039645153,-6.4002094e-08,4.323288e-08,1.5710047e-08
31.665,0.0007415904,0.00082833326,0.0008252789,2.285019e-08,-2.0457323e-08,-2.2765933e-08
31.685,-0.0010910053,0.0020500638,0.0002144137,9.5253625e-08,5.0692183e-08,-9.962465e-09
31.725,0.0007415904,0.00082833326,-0.0010073169,2.4758544e-08,-2.2165834e-08,3.010829e-08
31.766,-0.0010910053,0.00021746803,0.0002144137,4.9085895e-09,2.4625674e-08,-4.8396482e-09
31.788,0.00013072517,0.00021746803,0.0002144137,1.4392766e-09,-8.6518315e-10,-1.419062e-09
31.828,-0.0004801401,0.00021746803,0.0002144137,2.4653999e-09,5.4432707e-09,-2.4307736e-09
31.865,0.00013072517,0.00082833326,-0.0010073169,2.163013e-08,-3.4136045e-09,2.63039e-08
31.906,-0.0017018706,0.00082833326,-0.00039645153,3.1913572e-08,6.556874e-08,1.5274267e-08
31.925,0.0013524556,-0.0003933972,-0.00039645153,-1.1468334e-08,-3.942685e-08,1.1557375e-08
31.998,-0.0010910053,-0.0028368584,-0.00039645153,-1.732387e-07,6.662452e-08,2.421015e-08
32.024,0.0007415904,0.0020500638,-0.00039645153,9.050172e-08,-3.2738107e-08,1.7501675e-08
32.063,0.0007415904,-0.0003933972,0.0002144137,-6.7907133e-09,-1.2801127e-08,-3.7011496e-09
32.104,0.0007415904,-0.0003933972,-0.00039645153,-7.276308e-09,-1.3716519e-08,7.332801e-09
32.126,-0.0010910053,-0.0016151277,0.0008252789,-6.8108314e-08,4.60066e-08,-3.4801186e-08
32.164,0.0007415904,0.00021746803,-0.0010073169,5.500762e-09,-1.8758215e-08,2.5479652e-08
32.206,0.00013072517,0.00021746803,0.0002144137,1.4392766e-09,-8.6518315e-10,-1.419062e-09
32.224,0.00013072517,0.0014391985,0.0008252789,4.771691e-08,-4.334219e-09,-2.7362285e-08
32.265,-0.0010910053,-0.0016151277,-0.00039645153,-6.4002094e-08,4.323288e-08,1.5710047e-08
32.306,-0.0004801401,-0.0010042625,-0.0010073169,-3.0036897e-08,1.4360706e-08,3.0128252e-08
32.327,-0.0017018706,-0.0003933972,-0.0010073169,-1.5803689e-08,6.836813e-08,4.046628e-08
32.365,0.0007415904,0.00021746803,0.0002144137,3.6576802e-09,-1.24731e-08,-3.6063081e-09
32.405,0.0007415904,0.0020500638,0.0008252789,9.5207874e-08,-3.4440514e-08,-3.8327123e-08
32.424,-0.0004801401,0.00082833326,-0.0010073169,2.2934538e-08,1.32939135e-08,2.789016e-08
32.467,0.00013072517,-0.0016151277,0.0002144137,-5.2596178e-08,-4.2570285e-09,-6.982322e-09
32.507,-0.0004801401,-0.0028368584,0.0002144137,-1.6306635e-07,2.7599084e-08,-1.23247785e-08
32.543,-0.0017018706,-0.002225993,-0.00039645153,-1.2550329e-07,9.595284e-08,2.2352264e-08
32.564,-0.0010910053,0.00021746803,0.0002144137,4.9085895e-09,2.4625674e-08,-4.8396482e-09
32.606,0.00013072517,0.00021746803,0.0002144137,1.4392766e-09,-8.6518315e-10,-1.419062e-09
32.645,0.00013072517,-0.0003933972,-0.00039645153,-4.4957145e-09,-1.4939177e-09,4.5306194e-09
32.665,-0.0004801401,-0.0010042625,0.0002144137,-2.2680933e-08,1.0843803e-08,-4.8424615e-09
32.705,0.00013072517,-0.0003933972,0.0008252789,-7.2384063e-09,-2.405309e-09,-1.5184918e-08
32.745,0.0007415904,-0.0003933972,-0.00039645153,-7.276308e-09,-1.3716519e-08,7.332801e-09
32.765,-0.0004801401,-0.0010042625,0.0002144137,-2.2680933e-08,1.0843803e-08,-4.8424615e-09
32.806,-0.0004801401,-0.0003933972,0.0002144137,-5.1470566e-09,6.281967e-09,-2.8053058e-09
32.844,-0.0010910053,-0.0016151277,0.0002144137,-6.309619e-08,4.262095e-08,-8.376232e-09
32.864,-0.0004801401,-0.002225993,0.0002144137,-1.01436115e-07,2.187947e-08,-9.770602e-09
32.904,0.00013072517,0.00021746803,-0.00039645153,2.146675e-09,-1.2904171e-09,3.913461e-09
32.944,-0.0010910053,-0.0010042625,-0.00039645153,-3.071067e-08,3.3363293e-08,1.2123617e-08
32.963,-0.0004801401,0.00021746803,0.0002144137,2.4653999e-09,5.4432707e-09,-2.4307736e-09
33.004,-0.0010910053,-0.0016151277,-0.00039645153,-6.4002094e-08,4.323288e-08,1.5710047e-08
33.045,0.0007415904,-0.0003933972,0.0002144137,-6.7907133e-09,-1.2801127e-08,-3.7011496e-09
33.064,0.0013524556,0.00021746803,-0.00039645153,6.178484e-09,-3.8424613e-08,1.1263584e-08
33.105,-0.0010910053,-0.0003933972,-0.00039645153,-9.6062225e-09,2.6640858e-08,9.680805e-09
33.145,-0.0010910053,0.00021746803,0.0008252789,6.0013523e-09,3.0107906e-08,-2.2774794e-08
33.166,0.00013072517,0.0014391985,0.0002144137,4.4094445e-08,-4.0051833e-09,-6.5692487e-09
33.205,-0.0010910053,-0.0016151277,0.0002144137,-6.309619e-08,4.262095e-08,-8.376232e-09
33.245,-0.0004801401,-0.0016151277,0.0008252789,-6.037367e-08,1.7947698e-08,-3.0849026e-08
33.265,0.0007415904,-0.0003933972,-0.0010073169,-1.0277178e-08,-1.9373438e-08,2.6315323e-08
33.304,-0.0004801401,0.0014391985,0.0002144137,4.3934403e-08,1.4657234e-08,-6.545406e-09
33.346,0.0007415904,-0.0003933972,0.0002144137,-6.7907133e-09,-1.2801127e-08,-3.7011496e-09
33.369,0.0008338311,0.00035308013,0.0007403687,8.227794e-09,-1.9430688e-08,-1.7252743e-08
33.404,-0.00038789943,-0.0033121114,-0.0004813618,-2.2233074e-07,2.6038363e-08,3.231218e-08
33.444,0.0008338311,-0.0014795157,-0.0004813618,-5.477025e-08,-3.0867625e-08,1.7819552e-08
33.486,-0.0009987646,0.0021856758,-0.0004813618,1.0672031e-07,4.8766825e-08,2.3503521e-08
33.503,-0.0009987646,0.002796541,0.00012950343,1.656062e-07,5.914507e-08,-7.668969e-09
33.545,-0.00038789943,-0.00025778514,0.0007403687,-4.492215e-09,6.7596124e-09,-1.2901811e-08
33.584,0.00022296583,0.00035308013,0.0007403687,5.9793397e-09,-3.7758805e-09,-1.2537992e-08
33.604,0.0014446963,0.00035308013,-0.0004813618,1.0996006e-08,-4.4992305e-08,1.4991093e-08
33.645,-0.00038789943,0.00035308013,0.00012950343,3.8005448e-09,4.1753383e-09,-1.3939713e-09
33.684,-0.00038789943,-0.0008686504,0.00012950343,-1.6615548e-08,7.4197417e-09,-2.477142e-09
33.704,-0.00038789943,0.0015748106,-0.0004813618,5.3080143e-08,1.3074434e-08,1.6224652e-08
33.744,-0.0009987646,-0.0014795157,0.0007403687,-5.696363e-08,3.8453976e-08,-2.850533e-08
33.784,0.0014446963,-0.0008686504,0.0007403687,-3.186314e-08,-5.2993197e-08,-2.7157613e-08
33.804,-0.0009987646,-0.00025778514,-0.0004813618,-5.846049e-09,2.2649974e-08,1.09163185e-08
33.844,0.00022296583,0.00096394535,0.00012950343,1.9163059e-08,-4.43252e-09,-2.5745048e-09
33.884,-0.0016096298,-0.0014795157,0.0013512339,-7.575874e-08,8.242125e-08,-6.9190065e-08
33.906,-0.00038789943,0.00096394535,0.00012950343,2.0109253e-08,8.092127e-09,-2.7016234e-09
33.944,0.0008338311,-0.0008686504,-0.0010922271,-2.8133881e-08,-2.7006152e-08,3.537509e-08
33.983,-0.00038789943,-0.0008686504,-0.0004813618,-1.9422421e-08,8.673163e-09,1.0762917e-08
34.004,0.0008338311,0.00035308013,0.0007403687,8.227794e-09,-1.9430688e-08,-1.7252743e-08
34.044,-0.0009987646,0.0021856758,-0.0004813618,1.0672031e-07,4.8766825e-08,2.3503521e-08
34.084,-0.0009987646,-0.0014795157,-0.0004813618,-5.4496955e-08,3.678882e-08,1.7730637e-08
34.104,-0.00038789943,-0.002701246,-0.0004813618,-1.4913077e-07,2.1415206e-08,2.6575094e-08
34.144,-0.0009987646,-0.0014795157,-0.0010922271,-6.168552e-08,4.164154e-08,4.5538275e-08
34.185,-0.0009987646,-0.0008686504,0.0013512339,-3.2735098e-08,3.7638458e-08,-5.0921265e-08
34.205,0.00022296583,0.00096394535,0.00012950343,1.9163059e-08,-4.43252e-09,-2.5745048e-09
34.244,-0.00038789943,0.00096394535,0.0007403687,2.4502295e-08,9.859923e-09,-1.8819254e-08
34.284,-0.0009987646,-0.00025778514,0.0007403687,-6.520957e-09,2.5264846e-08,-1.8728437e-08
34.324,-0.0016096298,-0.002090381,-0.0004813618,-1.11689715e-07,8.600303e-08,2.5719318e-08
34.343,-0.0016096298,-0.002701246,-0.0004813618,-1.711961e-07,1.0201306e-07,3.0507138e-08
34.384,0.00022296583,0.00035308013,-0.0010922271,8.22555e-09,-5.1943356e-09,2.5445127e-08
34.424,-0.00038789943,0.00035308013,-0.0010922271,8.523213e-09,9.363737e-09,2.6365925e-08
34.444,0.0008338311,0.0015748106,0.00012950343,5.605551e-08,-2.9680283e-08,-4.609684e-09
34.484,-0.00038789943,0.00035308013,0.00012950343,3.8005448e-09,4.1753383e-09,-1.3939713e-09
34.524,0.0008338311,-0.00025778514,0.0007403687,-6.1873178e-09,-2.001348e-08,-1.777021e-08
34.544,-0.00038789943,-0.0008686504,0.00012950343,-1.6615548e-08,7.4197417e-09,-2.477142e-09
34.584,-0.00038789943,0.00096394535,0.00012950343,2.0109253e-08,8.092127e-09,-2.7016234e-09
34.624,0.0014446963,-0.0008686504,-0.0004813618,-3.0339528e-08,-5.04592e-08,1.681262e-08
34.644,-0.0009987646,-0.002090381,-0.0004813618,-9.854431e-08,4.708356e-08,2.2692262e-08
34.684,-0.00038789943,0.00096394535,-0.0004813618,2.199216e-08,8.849823e-09,1.0982143e-08
34.724,-0.00038789943,-0.00025778514,-0.0004813618,-3.4399708e-09,5.176259e-09,6.423452e-09
34.744,-0.00038789943,-0.0008686504,-0.0004813618,-1.84513e-08,8.239504e-09,1.022477e-08
34.784,-0.00038789943,-0.0014795157,0.00012950343,-4.524593e-08,1.1862578e-08,-3.960419e-09
34.826,0.0008338311,-0.00025778514,0.00012950343,-4.5314823e-09,-1.46575205e-08,-2.2764792e-09
34.844,0.00022296583,-0.00025778514,0.00012950343,-1.8725617e-09,-1.6196327e-09,-9.407181e-10
34.885,0.0008338311,-0.00025778514,0.00012950343,-4.5314823e-09,-1.46575205e-08,-2.2764792e-09
34.923,0.0008338311,-0.0008686504,-0.0004813618,-2.2441494e-08,-2.154194e-08,1.2435933e-08
34.964,-0.00038789943,-0.0008686504,0.00012950343,-1.6615548e-08,7.4197417e-09,-2.477142e-09
34.983,-0.0009987646,0.00035308013,-0.0004813618,8.185044e-09,2.3153193e-08,1.1158848e-08
35.025,-0.0022204951,0.00035308013,-0.0010922271,1.7583488e-08,1.1058129e-07,5.439322e-08
35.064,0.0008338311,-0.0008686504,0.00012950343,-2.095821e-08,-2.0118113e-08,-3.1245715e-09
35.084,-0.0009987646,-0.002090381,0.00012950343,-1.017203e-07,4.8601017e-08,-6.301781e-09
35.124,0.00022296583,0.002796541,0.00012950343,1.5647109e-07,-1.2475307e-08,-7.24593e-09
35.164,0.0014446963,0.0015748106,0.00012950343,6.7174064e-08,-6.1624e-08,-5.5240093e-09
35.184,0.00022296583,0.00096394535,-0.0010922271,2.8302333e-08,-6.5464842e-09,3.2068805e-08
35.224,0.0014446963,0.00096394535,0.00012950343,3.3446444e-08,-5.0127277e-08,-4.4934376e-09
35.265,0.0014446963,-0.00025778514,0.00012950343,-7.566212e-09,-4.2403055e-08,-3.801035e-09
35.284,-0.00038789943,-0.0014795157,-0.0010922271,-5.539972e-08,1.4524698e-08,4.089789e-08
35.324,-0.0016096298,-0.00025778514,-0.0004813618,-8.729523e-09,5.4507794e-08,1.6300623e-08
35.363,0.0008338311,0.00096394535,0.00012950343,2.4603194e-08,-2.1282231e-08,-3.3053718e-09
35.384,-0.00038789943,-0.00025778514,-0.0004813618,-3.4399708e-09,5.176259e-09,6.423452e-09
35.424,0.00022296583,-0.00025778514,0.00012950343,-1.8725617e-09,-1.6196327e-09,-9.407181e-10
35.464,-0.0028313603,-0.0014795157,0.00012950343,-9.424281e-08,1.8035317e-07,-8.249155e-09
35.484,0.0038881574,0.00096394535,-0.0004813618,7.74846e-08,-3.1254083e-07,3.8693205e-08
35.524,-0.0016096298,-0.0008686504,-0.0004813618,-3.2731688e-08,6.0652596e-08,1.8138236e-08
35.564,-0.00038789943,-0.00025778514,-0.0004813618,-3.4399708e-09,5.176259e-09,6.423452e-09
35.584,-0.0009987646,0.00096394535,-0.0004813618,2.821467e-08,2.9233831e-08,1.4089455e-08
35.624,-0.0009987646,-0.00025778514,-0.0004813618,-6.1537357e-09,2.384208e-08,1.1490862e-08
35.664,0.0014446963,0.00096394535,0.0007403687,3.6258033e-08,-5.43411e-08,-2.7848374e-08
35.684,0.00022296583,0.00096394535,0.0013512339,3.2162667e-08,-7.4394015e-09,-4.5084803e-08
35.724,0.0008338311,0.0021856758,0.0007403687,1.068462e-07,-4.0761623e-08,-3.619273e-08
35.764,0.0008338311,-0.00025778514,0.00012950343,-4.5314823e-09,-1.46575205e-08,-2.2764792e-09
35.785,0.00022296583,0.00035308013,0.00012950343,3.075491e-09,-1.9421353e-09,-1.1280347e-09
35.824,0.0014446963,0.00096394535,0.00012950343,3.3446444e-08,-5.0127277e-08,-4.4934376e-09
35.864,0.0014446963,0.00035308013,0.00012950343,1.0501258e-08,-4.2967947e-08,-3.851672e-09
35.904,-0.0016096298,0.00096394535,-0.0004813618,3.7198568e-08,6.2115475e-08,1.857571e-08
35.924,0.00022296583,0.00096394535,0.00012950343,1.9163059e-08,-4.43252e-09,-2.5745048e-09
35.964,0.00022296583,-0.0014795157,-0.0004813618,-4.632931e-08,-6.981915e-09,1.5073283e-08
36.004,-0.00038789943,-0.0008686504,-0.0004813618,-1.84513e-08,8.239504e-09,1.022477e-08
36.024,0.0020555616,0.00035308013,0.0007403687,1.556835e-08,-9.0635815e-08,-3.2645055e-08
36.064,0.003277292,0.0021856758,0.0007403687,1.7453905e-07,-2.6171105e-07,-5.9122772e-08
36.104,0.0026664268,0.0015748106,0.0013512339,1.0600661e-07,-1.7948756e-07,-9.0956796e-08
36.124,0.0020555616,0.00096394535,0.0007403687,4.586116e-08,-9.779646e-08,-3.5224158e-08
36.164,-0.0009987646,-0.0014795157,0.0007403687,-5.9961714e-08,4.0477868e-08,-3.0005612e-08
36.204,0.003277292,-0.0014795157,-0.0004813618,-1.0693571e-07,-2.3687453e-07,3.4791622e-08
36.224,-0.004053091,-0.0008686504,-0.0010922271,-7.418447e-08,3.46142e-07,9.327836e-08
36.265,0.0008338311,-0.0008686504,0.00012950343,-2.095821e-08,-2.0118113e-08,-3.1245715e-09
36.304,0.00022296583,-0.0014795157,0.0013512339,-5.9426114e-08,-8.9556265e-09,-5.427356e-08
36.324,-0.0034422257,-0.002701246,-0.0004813618,-2.368999e-07,3.01884e-07,4.221558e-08
36.364,-0.0022204951,0.00096394535,0.00012950343,4.655513e-08,1.07242016e-07,-6.2545578e-09
36.405,-0.0009987646,-0.00025778514,-0.0004813618,-5.846049e-09,2.2649974e-08,1.09163185e-08
36.424,-0.00038789943,-0.00025778514,0.00012950343,-2.4827427e-09,3.7358805e-09,-1.2472545e-09
36.465,0.0020555616,-0.002090381,-0.0004813618,-1.2373114e-07,-1.2167017e-07,2.8492144e-08
36.505,-0.0009987646,0.00096394535,-0.0004813618,2.821467e-08,2.9233831e-08,1.4089455e-08
36.527,-0.0009987646,-0.0014795157,0.0007403687,-5.696363e-08,3.8453976e-08,-2.850533e-08
36.567,-0.00038789943,-0.002090381,0.00012950343,-8.8707424e-08,1.6460904e-08,-5.4956075e-09
36.605,0.0014446963,0.0015748106,-0.0004813618,6.87309e-08,-6.3052205e-08,2.1008516e-08
36.624,0.0014446963,-0.0008686504,0.0007403687,-3.186314e-08,-5.2993197e-08,-2.7157613e-08
36.664,0.0026664268,-0.0008686504,0.00012950343,-4.8584027e-08,-1.4913451e-07,-7.2431914e-09
36.704,-0.0009987646,-0.0008686504,0.00012950343,-2.4228198e-08,2.7857315e-08,-3.6120795e-09
36.744,-0.0022204951,-0.002701246,0.00012950343,-1.8831334e-07,1.5479851e-07,-9.028125e-09
36.764,0.003277292,0.00096394535,0.00012950343,6.565232e-08,-2.2320958e-07,-8.820204e-09
36.805,-0.0016096298,-0.0008686504,0.00012950343,-3.1733094e-08,5.880218e-08,-4.7309525e-09
36.844,0.00022296583,0.0015748106,-0.0004813618,5.2137537e-08,-7.381769e-09,1.5936532e-08
36.864,-0.0009987646,0.00035308013,0.0007403687,9.091374e-09,2.5716947e-08,-1.9063572e-08
36.903,-0.00038789943,-0.0014795157,0.0007403687,-5.0088723e-08,1.3132262e-08,-2.506504e-08
36.944,0.0008338311,-0.0014795157,0.00012950343,-5.02051e-08,-2.8294782e-08,-4.3945017e-09
36.964,-0.00038789943,-0.002090381,0.0007403687,-9.375843e-08,1.739819e-08,-3.320725e-08
37.004,0.0008338311,0.00096394535,0.00012950343,2.4603194e-08,-2.1282231e-08,-3.3053718e-09
37.044,0.0008338311,0.0015748106,0.00012950343,5.605551e-08,-2.9680283e-08,-4.609684e-09
37.064,0.0008338311,0.0015748106,0.00012950343,5.605551e-08,-2.9680283e-08,-4.609684e-09
37.105,0.00022296583,-0.0008686504,-0.0004813618,-1.7614628e-08,-4.5213358e-09,9.76113e-09
37.144,-0.0016096298,-0.002701246,-0.0004813618,-1.711961e-07,1.0201306e-07,3.0507138e-08
37.164,-0.00038789943,-0.0008686504,-0.0004813618,-1.84513e-08,8.239504e-09,1.022477e-08
37.206,0.00022296583,0.00096394535,-0.0004813618,2.1130449e-08,-4.8875886e-09,1.0551834e-08
37.246,-0.00038789943,0.00096394535,0.00012950343,2.1167635e-08,8.518028e-09,-2.843814e-09
37.264,-0.00038789943,-0.0008686504,0.0013512339,-2.8598791e-08,1.277091e-08,-4.4487006e-08
37.305,-0.00038789943,-0.0014795157,0.0007403687,-5.0088723e-08,1.3132262e-08,-2.506504e-08
37.345,0.0014446963,0.00035308013,0.0013512339,1.4134838e-08,-5.7835457e-08,-5.409388e-08
37.369,-0.00038789943,-0.00025778514,0.00012950343,-2.4827427e-09,3.7358805e-09,-1.2472545e-09
37.405,0.0008338311,0.00035308013,0.0007403687,8.227794e-09,-1.9430688e-08,-1.7252743e-08
37.443,-0.0016059647,-0.0019590447,0.00011728613,-9.897561e-08,8.1137166e-08,-5.9255707e-09
37.485,-0.0009950994,-0.00012644911,-0.00049357914,-2.8164062e-09,2.2163887e-08,1.09935065e-08
37.505,0.000226631,-0.00012644911,0.00011728613,-7.174615e-10,-1.285885e-09,-6.6547146e-10
37.545,0.000226631,-0.00012644911,0.00011728613,-7.174615e-10,-1.285885e-09,-6.6547146e-10
37.565,-0.00038423424,-0.0025699101,0.00011728613,-1.3317785e-07,1.991178e-08,-6.077999e-09
37.604,0.0008374963,-0.00073731435,0.00011728613,-1.6480962e-08,-1.87203e-08,-2.6216613e-09
37.645,-0.0009950994,0.00048441612,0.0013390167,1.6765664e-08,3.4440436e-08,-4.634343e-08
37.685,-0.00038423424,-0.0013481795,0.00011728613,-3.778522e-08,1.0768874e-08,-3.2871599e-09
37.704,-0.00038423424,-0.0013481795,0.00072815135,-4.2430077e-08,1.2092669e-08,-2.291647e-08
37.744,0.0008374963,-0.00073731435,-0.00049357914,-1.792268e-08,-2.035791e-08,1.199795e-08
37.784,-0.0009950994,-0.00012644911,-0.0011044444,-3.7586587e-09,2.9579002e-08,3.2829245e-08
37.804,-0.0009950994,0.0035387422,0.00011728613,2.729445e-07,7.675239e-08,-9.0463335e-09
37.844,-0.00038423424,-0.00073731435,-0.00049357914,-1.4203199e-08,7.401667e-09,9.508024e-09
37.884,-0.0009950994,-0.0025699101,0.00072815135,-1.4594174e-07,5.6510363e-08,-4.1350734e-08
37.904,0.000226631,-0.0025699101,0.00011728613,-1.3222692e-07,-1.166061e-08,-6.0346026e-09
37.944,0.0014483616,0.0023170118,0.00011728613,1.2625077e-07,-7.891922e-08,-6.390754e-09
37.983,-0.00038423424,-0.00012644911,0.00011728613,-1.0610194e-09,3.2240635e-09,-9.841339e-10
38.004,0.000226631,0.0017061466,0.0013390167,7.412372e-08,-9.846009e-09,-5.817372e-08
38.049,0.000226631,-0.0013481795,-0.00049357914,-3.903973e-08,-6.5626375e-09,1.4292753e-08
38.085,0.000226631,-0.0019590447,0.00011728613,-7.710734e-08,-8.920119e-09,-4.616343e-09
38.103,0.000226631,-0.0019590447,-0.0011044444,-8.821988e-08,-1.020567e-08,4.973544e-08
38.146,-0.0016059647,0.00048441612,-0.00049357914,1.6875179e-08,5.594558e-08,1.7194383e-08
38.186,-0.00038423424,0.00048441612,0.00011728613,6.0736203e-09,4.817538e-09,-1.4705361e-09
38.204,-0.00038423424,-0.0019590447,-0.00049357914,-8.026431e-08,1.5742517e-08,2.0222503e-08
38.244,-0.00038423424,0.00048441612,-0.00049357914,7.635366e-09,6.0562995e-09,7.779794e-09
38.284,-0.00038423424,-0.00073731435,0.00011728613,-1.2334123e-08,6.4276415e-09,-1.9620146e-09
38.306,-0.00038423424,0.0010952813,0.00072815135,2.9899713e-08,1.0489081e-08,-1.9877557e-08
38.344,0.0014483616,-0.00012644911,0.00011728613,-3.8679437e-09,-4.4303835e-08,-3.5876577e-09
38.386,-0.00038423424,-0.00012644911,-0.00049357914,-1.6076724e-09,4.885149e-09,6.275359e-09
38.405,0.0008374963,-0.00012644911,0.00011728613,-2.1541264e-09,-1.4267185e-08,-1.9980302e-09
38.445,-0.00038423424,-0.0013481795,0.00011728613,-3.778522e-08,1.0768874e-08,-3.2871599e-09
38.484,-0.00038423424,-0.00012644911,-0.00049357914,-1.6076724e-09,4.885149e-09,6.275359e-09
38.506,-0.00038423424,0.0010952813,0.00072815135,2.9899713e-08,1.0489081e-08,-1.9877557e-08
38.545,-0.00038423424,0.0010952813,0.00011728613,2.5457371e-08,8.930668e-09,-2.7260547e-09
38.585,0.0014483616,0.0010952813,-0.00049357914,4.106227e-08,-5.4299303e-08,1.850436e-08
38.629,-0.0009950994,-0.0025699101,-0.00049357914,-1.4334478e-07,5.5504778e-08,2.7530923e-08
38.645,-0.00038423424,0.00048441612,-0.0011044444,1.2215629e-08,9.6893205e-09,2.7851021e-08
38.685,0.0014483616,0.0010952813,0.00072815135,4.2691585e-08,-5.6453853e-08,-2.8381688e-08
38.724,-0.00038423424,0.0010952813,0.00011728613,2.5457371e-08,8.930668e-09,-2.7260547e-09
38.745,0.000226631,0.0010952813,0.0013390167,3.807144e-08,-7.877583e-09,-4.6543562e-08
38.785,-0.00038423424,-0.00012644911,0.00011728613,-1.0610194e-09,3.2240635e-09,-9.841339e-10
38.824,-0.0009950994,-0.0019590447,-0.00049357914,-8.7897114e-08,4.4647457e-08,2.2145581e-08
38.844,0.0014483616,-0.00073731435,0.00011728613,-2.3935906e-08,-4.7019086e-08,-3.807535e-09
38.884,0.0020592269,0.0010952813,0.00011728613,5.3642093e-08,-1.00851935e-07,-5.74416e-09
38.925,0.000226631,0.00048441612,0.00072815135,8.719208e-09,-4.079226e-09,-1.31063e-08
38.944,0.0026700918,0.0023170118,0.00072815135,1.6661839e-07,-1.9200868e-07,-5.2361997e-08
38.985,0.0008374963,0.00048441612,0.00011728613,9.405711e-09,-1.6261325e-08,-2.277297e-09
39.024,-0.00221683,-0.0019590447,0.00011728613,-1.1555727e-07,1.3076313e-07,-6.9182957e-09
39.044,0.000226631,-0.00012644911,-0.0011044444,-2.8581406e-09,-5.122561e-09,2.4963855e-08
39.084,-0.00038423424,0.00048441612,0.00011728613,6.0736203e-09,4.817538e-09,-1.4705361e-09
39.124,-0.0009950994,0.00048441612,0.00011728613,1.07409885e-08,2.2064402e-08,-2.6005929e-09
39.144,0.000226631,0.00048441612,0.00072815135,8.719208e-09,-4.079226e-09,-1.31063e-08
39.186,0.0008374963,0.00048441612,0.00072815135,1.1686328e-08,-2.0204235e-08,-1.7566334e-08
39.226,-0.0016059647,-0.00073731435,0.00072815135,-2.8075574e-08,6.1152186e-08,-2.7726664e-08
39.245,0.0008374963,0.00048441612,0.00011728613,9.405711e-09,-1.6261325e-08,-2.277297e-09
39.285,0.0014483616,0.0010952813,0.00011728613,3.9707132e-08,-5.2507314e-08,-4.2519623e-09
39.326,0.000226631,0.00048441612,-0.00049357914,7.02365e-09,-3.2859702e-09,7.1565065e-09
39.346,-0.00038423424,-0.00012644911,0.0013390167,-3.5238654e-09,1.0707785e-08,-3.7315527e-08
39.386,0.000226631,0.00048441612,0.00072815135,8.719208e-09,-4.079226e-09,-1.31063e-08
39.424,-0.00038423424,-0.0019590447,0.00011728613,-8.216057e-08,1.6114436e-08,-4.9188738e-09
39.464,0.0008374963,-0.00012644911,0.00072815135,-2.8138825e-09,-1.8636872e-08,-1.6203611e-08
39.484,0.000226631,0.0010952813,0.00072815135,2.912302e-08,-6.0260135e-09,-1.9361206e-08
39.524,0.000226631,0.00048441612,0.00011728613,5.2840994e-09,-2.4721323e-09,-1.2793785e-09
39.564,0.0008374963,0.0017061466,0.00011728613,6.4727566e-08,-3.1772824e-08,-4.449585e-09
39.584,0.0014483616,0.0017061466,0.00011728613,7.617762e-08,-6.4667795e-08,-5.2366973e-09
39.624,-0.00038423424,-0.00012644911,0.00072815135,-2.0984363e-09,6.3764074e-09,-1.2083747e-08
39.665,-0.00038423424,-0.00012644911,0.00011728613,-1.0610194e-09,3.2240635e-09,-9.841339e-10
39.686,-0.0016059647,0.0017061466,0.00011728613,7.974469e-08,7.5062225e-08,-5.4819154e-09
39.724,-0.00038423424,-0.0019590447,-0.00049357914,-8.026431e-08,1.5742517e-08,2.0222503e-08
39.765,-0.0016059647,-0.0025699101,0.00072815135,-1.5957515e-07,9.972025e-08,-4.5213582e-08
39.784,0.000226631,-0.0013481795,0.00011728613,-3.685466e-08,-6.1953243e-09,-3.2062057e-09
39.824,0.0008374963,0.0023170118,0.00011728613,1.13858555e-07,-4.1154784e-08,-5.7634684e-09
39.863,0.000226631,0.0017061466,0.00011728613,5.8639497e-08,-7.789207e-09,-4.0310715e-09
39.884,-0.00038423424,-0.0019590447,0.00011728613,-7.805254e-08,1.5308714e-08,-4.67293e-09
39.923,-0.00038423424,0.0010952813,0.00011728613,2.5457371e-08,8.930668e-09,-2.7260547e-09
39.965,-0.00038423424,-0.0013481795,0.00011728613,-3.778522e-08,1.0768874e-08,-3.2871599e-09
39.986,-0.0016059647,-0.0025699101,0.00011728613,-1.6344755e-07,1.0214015e-07,-7.459447e-09
40.024,0.000226631,-0.00073731435,0.00011728613,-1.14610845e-08,-3.5228354e-09,-1.8231386e-09
40.065,-0.0016059647,0.00048441612,0.00011728613,1.6228423e-08,5.380142e-08,-3.9292027e-09
40.104,-0.00038423424,-0.0013481795,-0.00049357914,-3.991938e-08,1.1377114e-08,1.4614799e-08
40.125,0.0008374963,-0.00073731435,0.00072815135,-1.957196e-08,-2.2231285e-08,-1.932873e-08
40.165,-0.00038423424,0.00048441612,0.00011728613,6.0736203e-09,4.817538e-09,-1.4705361e-09
40.204,-0.00038423424,-0.0019590447,-0.00049357914,-8.026431e-08,1.5742517e-08,2.0222503e-08
40.224,-0.0009950994,0.00048441612,-0.0011044444,1.5089784e-08,3.0997803e-08,3.440395e-08
40.265,0.000226631,-0.0019590447,-0.00049357914,-7.934545e-08,-9.179035e-09,1.9990997e-08
40.306,-0.00038423424,-0.0019590447,-0.00049357914,-8.026431e-08,1.5742517e-08,2.0222503e-08
40.323,0.000226631,-0.00073731435,-0.00049357914,-1.3452016e-08,-4.134795e-09,9.005161e-09
40.364,0.000226631,-0.00073731435,0.00011728613,-1.14610845e-08,-3.5228354e-09,-1.8231386e-09
40.404,0.000226631,0.0010952813,0.00072815135,2.912302e-08,-6.0260135e-09,-1.9361206e-08
40.425,-0.00038423424,-0.00073731435,0.00011728613,-1.2334123e-08,6.4276415e-09,-1.9620146e-09
40.464,-0.0009950994,-0.00073731435,-0.00049357914,-1.9584299e-08,2.64315e-08,1.3110284e-08
40.504,-0.00038423424,-0.0013481795,-0.00049357914,-3.991938e-08,1.1377114e-08,1.4614799e-08
40.524,0.000226631,-0.00073731435,0.00011728613,-1.20643e-08,-3.708248e-09,-1.9190933e-09
40.568,0.0014483616,-0.0013481795,0.00011728613,-5.3241163e-08,-5.7197465e-08,-4.6317656e-09
40.604,-0.0009950994,0.0010952813,0.00072815135,3.5988947e-08,3.2697155e-08,-2.3925725e-08
40.625,-0.00038423424,0.0035387422,-0.00049357914,2.533565e-07,2.7509282e-08,3.5337827e-08
40.664,-0.0016059647,-0.0013481795,0.00011728613,-5.6408368e-08,6.71942e-08,-4.907297e-09
40.704,-0.00038423424,-0.00012644911,0.00072815135,-2.0984363e-09,6.3764074e-09,-1.2083747e-08
40.724,-0.00038423424,-0.00073731435,-0.00049357914,-1.4203199e-08,7.401667e-09,9.508024e-09
40.764,-0.00038423424,-0.00073731435,-0.00049357914,-1.4203199e-08,7.401667e-09,9.508024e-09
40.804,-0.0016059647,-0.00012644911,-0.00049357914,-4.244549e-09,5.390782e-08,1.6568093e-08
40.825,0.0008374963,0.0010952813,-0.00049357914,3.1956453e-08,-2.4435195e-08,1.4400903e-08
40.865,0.0014483616,-0.00073731435,-0.00049357914,-2.4950507e-08,-4.9012144e-08,1.6702577e-08
40.906,0.000226631,-0.0013481795,-0.00049357914,-3.903973e-08,-6.5626375e-09,1.4292753e-08
40.925,-0.0016059647,-0.00012644911,0.00072815135,-4.4536517e-09,5.6563533e-08,-2.564615e-08
40.966,0.0014483616,0.00048441612,0.0019498819,2.3903409e-08,-7.1469096e-08,-9.621652e-08
41.004,0.000226631,-0.00012644911,-0.0011044444,-2.8581406e-09,-5.122561e-09,2.4963855e-08
41.026,0.000226631,-0.0019590447,0.00011728613,-7.710734e-08,-8.920119e-09,-4.616343e-09
41.064,0.000226631,-0.00012644911,0.00072815135,-2.04991e-09,-3.6739929e-09,-1.1804311e-08
41.106,0.000226631,-0.0013481795,0.00011728613,-3.685466e-08,-6.1953243e-09,-3.2062057e-09
41.146,0.0020592269,0.00048441612,0.00011728613,2.0447427e-08,-8.692091e-08,-4.9507007e-09
41.166,0.0014483616,0.0017061466,0.00072815135,7.99984e-08,-6.791128e-08,-3.414181e-08
41.207,0.0008374963,-0.0013481795,-0.0011044444,-5.193576e-08,-3.2262772e-08,4.254638e-08
41.247,0.000226631,0.00048441612,-0.0011044444,1.1842907e-08,-5.540629e-09,2.7001233e-08
41.266,-0.00038423424,-0.00073731435,-0.00049357914,-1.4203199e-08,7.401667e-09,9.508024e-09
41.306,0.0008374963,-0.00073731435,0.00011728613,-1.6480962e-08,-1.87203e-08,-2.6216613e-09
41.345,0.000226631,-0.0013481795,0.00072815135,-4.3793204e-08,-7.3617032e-09,-2.3652696e-08
41.366,0.0008374963,0.0017061466,-0.00049357914,6.6747646e-08,-3.276442e-08,1.930974e-08
41.405,0.0008374963,0.00048441612,0.00011728613,9.405711e-09,-1.6261325e-08,-2.277297e-09
41.446,-0.0009950994,-0.0019590447,0.00011728613,-8.5882135e-08,4.362395e-08,-5.1416795e-09
41.465,0.0008374963,0.00048441612,-0.00049357914,1.048224e-08,-1.8122513e-08,1.0680518e-08
41.505,0.0020592269,-0.00073731435,0.00011728613,-3.217566e-08,-8.9862596e-08,-5.1182503e-09
41.545,-0.0010537425,-0.00062063907,8.307768e-05,-1.5156372e-08,2.5733012e-08,-2.0288056e-09
41.566,-0.0022754732,0.0024336872,8.307768e-05,1.6159456e-07,1.510893e-07,-5.516292e-09
41.605,-0.0004428773,-9.773844e-06,-0.00052778755,-1.4123706e-10,6.3998034e-09,7.6268e-09
41.645,0.00016798795,-9.773844e-06,-0.0011386528,-2.2413076e-10,-3.8522487e-09,2.611124e-08
41.665,-0.0010537425,-9.773844e-06,8.307768e-05,-2.0583418e-10,2.2191498e-08,-1.7495907e-09
41.705,0.0020005836,0.0012119566,8.307768e-05,5.6513812e-08,-9.328767e-08,-3.8739283e-09
41.745,0.00016798795,0.00060109136,0.0006939429,1.1176991e-08,-3.1236511e-09,-1.2903518e-08
41.765,0.00016798795,0.0012119566,8.307768e-05,2.9611392e-08,-4.104402e-09,-2.0298134e-09
41.805,0.0013897184,-0.00062063907,-0.00052778755,-1.9918984e-08,-4.4602054e-08,1.6938978e-08
41.846,0.00016798795,-0.0012315044,-0.00052778755,-3.313053e-08,-4.519294e-09,1.4198797e-08
41.866,-0.0004428773,-0.0012315044,8.307768e-05,-3.2174285e-08,1.1570613e-08,-2.1704873e-09
41.904,-0.0010537425,0.0012119566,-0.00052778755,4.0818247e-08,3.5489652e-08,1.7775687e-08
41.946,0.00016798795,0.00060109136,-0.00052778755,9.7883985e-09,-2.735579e-09,8.594691e-09
41.985,-0.0010537425,-9.773844e-06,0.0006939429,-2.456934e-10,2.6488843e-08,-1.7444247e-08
42.004,0.0007788532,-0.00062063907,-0.00052778755,-1.39366e-08,-1.7489338e-08,1.1851597e-08
42.045,0.0007788532,0.00060109136,0.0006939429,1.4417837e-08,-1.868165e-08,-1.6644982e-08
42.085,0.0013897184,0.00060109136,-0.00052778755,1.9202638e-08,-4.4396344e-08,1.6860854e-08
42.105,-0.0004428773,-9.773844e-06,8.307768e-05,-8.776356e-11,3.976786e-09,-7.4599027e-10
42.145,-0.0004428773,0.0018228219,8.307768e-05,7.177913e-08,1.7439634e-08,-3.2714356e-09
42.185,0.0007788532,-9.773844e-06,0.0006939429,-2.0313577e-10,-1.6187373e-08,-1.4422631e-08
42.205,-0.0010537425,0.00060109136,8.307768e-05,1.4561875e-08,2.5527678e-08,-2.0126174e-09
42.245,0.0013897184,0.0012119566,8.307768e-05,4.456874e-08,-5.1105786e-08,-3.0551142e-09
42.287,-0.0004428773,0.00060109136,8.307768e-05,8.996414e-09,6.628456e-09,-1.243407e-09
42.305,0.0013897184,0.0018228219,-0.0011386528,9.2947104e-08,-7.086282e-08,5.8060795e-08
42.344,0.0013897184,0.0012119566,0.0006939429,4.7572094e-08,-5.4549652e-08,-2.7238858e-08
42.385,0.00016798795,0.00060109136,8.307768e-05,7.5401285e-09,-2.1072515e-09,-1.0421317e-09
42.406,0.00016798795,0.0012119566,0.0006939429,3.396419e-08,-4.707739e-09,-1.9447238e-08
42.447,0.0007788532,-0.00062063907,8.307768e-05,-1.2356962e-08,-1.5507014e-08,-1.6540818e-09
42.485,-0.0004428773,0.0012119566,-0.00052778755,3.3661788e-08,1.2300805e-08,1.4659166e-08
42.505,-0.0016646078,0.0012119566,8.307768e-05,4.9758157e-08,6.8342224e-08,-3.4108434e-09
42.546,-0.0004428773,-0.0018423696,8.307768e-05,-6.961819e-08,1.6735141e-08,-3.139281e-09
42.585,0.0007788532,-0.0018423696,0.0006939429,-7.7712365e-08,-3.2852544e-08,-2.9270971e-08
42.605,0.0007788532,-9.773844e-06,-0.0011386528,-2.6863645e-10,-2.1406994e-08,3.1296185e-08
42.646,0.0007788532,0.00060109136,0.0006939429,1.4417837e-08,-1.868165e-08,-1.6644982e-08
42.685,0.0013897184,0.0012119566,0.0006939429,4.7572094e-08,-5.4549652e-08,-2.7238858e-08
42.706,-0.0004428773,0.00060109136,0.0006939429,1.2849309e-08,9.467225e-09,-1.4834162e-08
42.746,0.0020005836,0.0012119566,8.307768e-05,5.6513812e-08,-9.328767e-08,-3.8739283e-09
42.785,-0.0010537425,-0.0012315044,8.307768e-05,-3.9818723e-08,3.4071075e-08,-2.686183e-09
42.826,-0.0004428773,0.0024336872,-0.00052778755,1.2263786e-07,2.2317382e-08,2.6596158e-08
42.848,0.00016798795,0.0018228219,8.307768e-05,6.6546505e-08,-6.1328045e-09,-3.0329506e-09
42.887,-0.0010537425,-9.773844e-06,8.307768e-05,-2.0583418e-10,2.2191498e-08,-1.7495907e-09
42.928,0.0007788532,0.0018228219,0.0006939429,7.627089e-08,-3.2588936e-08,-2.90361e-08
42.946,0.0007788532,0.0018228219,8.307768e-05,7.205033e-08,-3.078558e-08,-3.283794e-09
42.984,0.0013897184,-9.773844e-06,8.307768e-05,-2.71101e-10,-3.8547164e-08,-2.3043583e-09
43.025,-0.0004428773,-9.773844e-06,0.0006939429,-1.6031243e-10,7.264159e-09,-1.1382185e-08
43.045,0.00016798795,0.0012119566,8.307768e-05,2.9611392e-08,-4.104402e-09,-2.0298134e-09
43.084,-0.0010537425,0.0012119566,-0.00052778755,4.0818247e-08,3.5489652e-08,1.7775687e-08
43.125,-0.0004428773,0.00060109136,-0.00052778755,1.0949643e-08,8.067573e-09,9.614321e-09
43.145,0.00016798795,-0.0012315044,0.0006939429,-3.4926085e-08,-4.7642223e-09,-1.968057e-08
43.186,-0.0004428773,0.0012119566,8.307768e-05,3.1220747e-08,1.1408791e-08,-2.140132e-09
43.226,-0.0010537425,-9.773844e-06,8.307768e-05,-2.0583418e-10,2.2191498e-08,-1.7495907e-09
43.246,0.0013897184,0.00060109136,8.307768e-05,1.9115689e-08,-4.4195318e-08,-2.6420055e-09
43.285,-0.0004428773,-0.0012315044,8.307768e-05,-3.2174285e-08,1.1570613e-08,-2.1704873e-09
43.325,0.00016798795,0.0018228219,8.307768e-05,6.6546505e-08,-6.1328045e-09,-3.0329506e-09
43.345,0.0007788532,-9.773844e-06,-0.00052778755,-1.8321288e-10,-1.4599782e-08,9.8934985e-09
43.386,-0.0004428773,0.00060109136,8.307768e-05,8.996414e-09,6.628456e-09,-1.243407e-09
43.425,-0.0004428773,0.0018228219,-0.00052778755,7.0768465e-08,1.7194079e-08,2.04906e-08
43.446,-0.0016646078,-0.0012315044,8.307768e-05,-5.0844257e-08,6.872549e-08,-3.4299679e-09
43.486,0.00016798795,-0.00062063907,-0.0011386528,-1.6169011e-08,-4.376455e-09,2.9664406e-08
43.525,0.0007788532,0.0012119566,8.307768e-05,3.484318e-08,-2.239166e-08,-2.3884434e-09
43.547,0.00016798795,0.0012119566,8.307768e-05,2.9611392e-08,-4.104402e-09,-2.0298134e-09
43.586,0.0007788532,0.0018228219,-0.00052778755,7.449514e-08,-3.1830197e-08,2.156964e-08
43.625,0.0013897184,0.0018228219,0.0006939429,8.6973195e-08,-6.630831e-08,-3.311043e-08
43.665,0.00016798795,-0.0012315044,8.307768e-05,-3.0563058e-08,-4.169068e-09,-2.0617936e-09
43.685,-0.0004428773,-0.002453235,-0.0011386528,-1.3394992e-07,2.4181691e-08,6.217197e-08
43.726,0.00016798795,0.0012119566,8.307768e-05,2.9611392e-08,-4.104402e-09,-2.0298134e-09
43.764,0.00016798795,0.0012119566,-0.00052778755,3.2174764e-08,-4.4597077e-09,1.4011591e-08
43.787,0.00016798795,0.0018228219,-0.00052778755,7.2827454e-08,-6.711645e-09,2.1086768e-08
43.825,-0.0010537425,0.0012119566,0.0013048082,4.9963234e-08,4.3440814e-08,-5.3791066e-08
43.864,0.0007788532,0.00060109136,0.0006939429,1.4417837e-08,-1.868165e-08,-1.6644982e-08
43.885,0.0013897184,0.00060109136,-0.00052778755,1.9202638e-08,-4.4396344e-08,1.6860854e-08
43.926,0.0013897184,0.0018228219,0.0006939429,8.6973195e-08,-6.630831e-08,-3.311043e-08
43.967,0.0013897184,0.0030445524,8.307768e-05,2.0306342e-07,-9.269046e-08,-5.541047e-09
43.986,0.0013897184,0.0018228219,8.307768e-05,8.329668e-08,-6.350535e-08,-3.796361e-09
44.026,0.0007788532,-0.0012315044,-0.00052778755,-3.8023806e-08,-2.4047795e-08,1.6295916e-08
44.065,0.00016798795,0.00060109136,8.307768e-05,7.936976e-09,-2.2181594e-09,-1.0969806e-09
44.085,0.00016798795,0.0012119566,8.307768e-05,2.9611392e-08,-4.104402e-09,-2.0298134e-09
44.125,0.0007788532,0.00060109136,8.307768e-05,1.1823808e-08,-1.5320483e-08,-1.6341848e-09
44.165,0.00016798795,0.00060109136,-0.00052778755,9.7883985e-09,-2.735579e-09,8.594691e-09
44.184,0.0007788532,0.00060109136,-0.00052778755,1.3370176e-08,-1.7324163e-08,1.1739667e-08
44.224,0.0013897184,0.00060109136,0.0006939429,1.9946272e-08,-4.611562e-08,-2.3027404e-08
44.264,-0.0004428773,0.0012119566,8.307768e-05,3.1220747e-08,1.1408791e-08,-2.140132e-09
44.286,0.00016798795,0.0012119566,-0.0011386528,4.0357275e-08,-5.593876e-09,3.7916312e-08
44.327,0.00016798795,-0.00062063907,-0.00052778755,-1.0827132e-08,-2.9305725e-09,9.207325e-09
44.366,-0.0004428773,-0.0018423696,-0.00052778755,-7.219898e-08,1.7355523e-08,2.0682995e-08
44.406,0.0007788532,0.00060109136,8.307768e-05,1.1823808e-08,-1.5320483e-08,-1.6341848e-09
44.426,0.00016798795,0.00060109136,8.307768e-05,7.5401285e-09,-2.1072515e-09,-1.0421317e-09
44.466,0.0007788532,0.0012119566,8.307768e-05,3.484318e-08,-2.239166e-08,-2.3884434e-09
44.506,0.0007788532,0.0012119566,-0.00052778755,3.7046295e-08,-2.3807475e-08,1.6133065e-08
44.525,0.0007788532,0.0012119566,-0.00052778755,3.7046295e-08,-2.3807475e-08,1.6133065e-08
44.567,-0.0010537425,-0.0012315044,-0.0011386528,-4.8598924e-08,4.15839e-08,4.493472e-08
44.605,-0.0010537425,-9.773844e-06,8.307768e-05,-2.1666755e-10,2.335947e-08,-1.8416745e-09
44.625,-0.0004428773,0.0012119566,0.0006939429,3.5376075e-08,1.2927245e-08,-2.0255655e-08
44.665,0.00016798795,-9.773844e-06,8.307768e-05,-3.654243e-11,-6.2807304e-10,-3.1061068e-10
44.705,-0.0016646078,-0.0012315044,-0.00052778755,-5.2427758e-08,7.0865894e-08,2.246904e-08
44.726,-0.0010537425,-0.0012315044,8.307768e-05,-3.9818723e-08,3.4071075e-08,-2.686183e-09
44.766,0.00016798795,-9.773844e-06,8.307768e-05,-3.654243e-11,-6.2807304e-10,-3.1061068e-10
44.805,-0.0016646078,0.00060109136,-0.00052778755,2.2116758e-08,6.124814e-08,1.9419593e-08
44.826,0.0013897184,0.0018228219,-0.00052778755,8.542022e-08,-6.5124325e-08,2.4732936e-08
44.865,0.0007788532,0.00060109136,-0.00052778755,1.407387e-08,-1.8235962e-08,1.2357545e-08
44.905,0.00016798795,-9.773844e-06,-0.00052778755,-1.0786977e-10,-1.8540118e-09,5.8249676e-09
44.925,0.00016798795,-0.0012315044,-0.0011386528,-4.135729e-08,-5.641496e-09,3.823908e-08
44.964,0.00016798795,-0.00062063907,-0.00052778755,-1.0285776e-08,-2.7840439e-09,8.746959e-09
45.004,-0.0022754732,-0.0018423696,8.307768e-05,-1.0750997e-07,1.3278338e-07,-4.847923e-09
45.026,-0.0004428773,-9.773844e-06,-0.0017495181,-3.514242e-10,1.5923886e-08,6.2904846e-08
45.066,0.00016798795,-0.0012315044,8.307768e-05,-3.0563058e-08,-4.169068e-09,-2.0617936e-09
45.107,-0.0010537425,-9.773844e-06,8.307768e-05,-2.0583418e-10,2.2191498e-08,-1.7495907e-09
45.125,0.00016798795,-9.773844e-06,8.307768e-05,-3.654243e-11,-6.2807304e-10,-3.1061068e-10
45.166,0.0007788532,-9.773844e-06,0.0006939429,-2.0313577e-10,-1.6187373e-08,-1.4422631e-08
45.205,-0.0016646078,0.0012119566,8.307768e-05,4.9758157e-08,6.8342224e-08,-3.4108434e-09
45.227,-0.0004428773,-9.773844e-06,0.0006939429,-1.6031243e-10,7.264159e-09,-1.1382185e-08
45.267,0.0013897184,-9.773844e-06,-0.00052778755,-2.8947553e-10,-4.1159847e-08,1.5631695e-08
45.306,0.0007788532,-0.0018423696,-0.00052778755,-7.593232e-08,-3.2100036e-08,2.1752491e-08
45.350,-0.0004428773,-0.0012315044,0.0006939429,-3.6344396e-08,1.3070281e-08,-2.0479778e-08
45.368,-0.0004428773,-9.773844e-06,8.307768e-05,-8.776356e-11,3.976786e-09,-7.4599027e-10
45.405,0.0007788532,0.0018228219,8.307768e-05,7.205033e-08,-3.078558e-08,-3.283794e-09
45.445,0.00016798795,0.00060109136,-0.0011386528,1.555001e-08,-4.345785e-09,2.945652e-08
45.466,-0.0004428773,-9.773844e-06,-0.00052778755,-1.3417521e-10,6.079813e-09,7.24546e-09
45.509,-0.0004428773,-0.0018423696,-0.0011386528,-8.114303e-08,1.9505533e-08,5.0149406e-08
45.545,-0.0004428773,0.00060109136,8.307768e-05,8.996414e-09,6.628456e-09,-1.243407e-09
45.564,-0.0004428773,-9.773844e-06,8.307768e-05,-8.776356e-11,3.976786e-09,-7.4599027e-10
45.604,0.0013585642,0.00042760567,0.00010445796,1.2166173e-08,-3.8653667e-08,-2.9720222e-09
45.646,-0.00047403143,-0.00079412485,0.00010445796,-1.4725305e-08,8.789875e-09,-1.936944e-09
45.665,-0.00047403143,0.0010384709,0.00010445796,2.3716574e-08,1.0825919e-08,-2.3856086e-09
45.705,0.00013683381,-0.00018325957,0.00010445796,-9.180029e-10,-6.8544215e-10,-5.232617e-10
45.750,-0.00047403143,0.0010384709,0.00010445796,2.3716574e-08,1.0825919e-08,-2.3856086e-09
45.769,-0.0016957619,0.0010384709,-0.00050640723,4.2453507e-08,6.932408e-08,2.0702323e-08
45.806,-0.00047403143,-0.0020158554,0.0007153232,-8.7990635e-08,2.0691132e-08,-3.1223344e-08
45.845,-0.00047403143,-0.00079412485,-0.00050640723,-1.66822e-08,9.95799e-09,1.0638109e-08
45.864,0.00013683381,0.0010384709,0.0007153232,2.6242382e-08,-3.4578203e-09,-1.8076372e-08
45.906,-0.00047403143,0.00042760567,-0.00050640723,6.9419457e-09,7.695643e-09,8.221246e-09
45.944,0.00074769906,0.00042760567,0.00010445796,7.3916304e-09,-1.2924794e-08,-1.8056698e-09
45.985,-0.00047403143,-0.00079412485,0.00010445796,-1.4725305e-08,8.789875e-09,-1.936944e-09
46.006,-0.0010848967,-0.0020158554,-0.0011172725,-1.0230594e-07,5.5059193e-08,5.6702294e-08
46.045,0.00013683381,-0.00079412485,0.00010445796,-1.285591e-08,-2.215172e-09,-1.6910466e-09
46.084,0.00013683381,0.0010384709,0.0013261884,3.496399e-08,-4.6070205e-09,-4.465107e-08
46.103,-0.0010848967,0.00042760567,0.00010445796,9.974189e-09,2.5305942e-08,-2.436552e-09
46.144,-0.00047403143,-0.00018325957,0.00010445796,-1.8943438e-09,4.900036e-09,-1.079776e-09
46.184,-0.00047403143,-0.0014049901,0.00010445796,-4.1608782e-08,1.40384415e-08,-3.0935223e-09
46.205,-0.0010848967,-0.0026267206,0.00010445796,-1.4882521e-07,6.146828e-08,-5.9183938e-09
46.245,0.0013585642,0.00042760567,0.00010445796,1.2806498e-08,-4.068807e-08,-3.1284446e-09
46.286,0.0019694294,0.0016493362,0.0007153232,8.7622844e-08,-1.04628164e-07,-3.8002348e-08
46.304,0.00074769906,0.0022602014,0.00010445796,1.0730416e-07,-3.5497376e-08,-4.959191e-09
46.346,0.0013585642,0.0016493362,-0.0011172725,7.9234e-08,-6.526533e-08,5.3673702e-08
46.385,0.00074769906,-0.0026267206,0.00010445796,-1.4302661e-07,-4.071269e-08,-5.687806e-09
46.403,0.00013683381,-0.0014049901,0.00010445796,-3.962194e-08,-3.8588324e-09,-2.9458054e-09
46.447,-0.0010848967,0.00042760567,0.0007153232,1.1654562e-08,2.956929e-08,-1.9496417e-08
46.484,0.00013683381,0.0010384709,0.0007153232,2.6242382e-08,-3.4578203e-09,-1.8076372e-08
46.505,0.00013683381,-0.00018325957,-0.00050640723,-2.1355224e-09,-1.5945234e-09,5.90116e-09
46.545,0.0013585642,-0.0014049901,0.00010445796,-5.478485e-08,-5.2974563e-08,-4.073136e-09
46.583,0.00074769906,-0.00018325957,-0.0011172725,-4.953811e-09,-2.0211552e-08,3.020174e-08
46.604,-0.00047403143,0.00042760567,0.00010445796,5.5109437e-09,6.109275e-09,-1.3462449e-09
46.644,0.00013683381,0.00042760567,0.00010445796,3.9269703e-09,-1.2566305e-09,-9.593027e-10
46.684,-0.0010848967,-0.00079412485,0.00010445796,-2.1335584e-08,2.914769e-08,-2.8064497e-09
46.704,-0.0016957619,-0.0014049901,-0.0011172725,-6.912212e-08,8.3427395e-08,5.4967117e-08
46.745,0.00013683381,-0.00018325957,0.00010445796,-9.180029e-10,-6.8544215e-10,-5.232617e-10
46.786,-0.00047403143,0.00042760567,0.00010445796,5.8009935e-09,6.430816e-09,-1.4170999e-09
46.807,-0.00047403143,-0.00018325957,-0.00050640723,-2.6194695e-09,6.7756947e-09,7.238467e-09
46.846,-0.0010848967,-0.00018325957,0.00010445796,-4.0352113e-09,2.3888454e-08,-2.3000706e-09
46.887,-0.00047403143,-0.00079412485,0.00010445796,-1.4725305e-08,8.789875e-09,-1.936944e-09
46.907,-0.0010848967,-0.00079412485,0.0007153232,-2.4094774e-08,3.2917168e-08,-2.170383e-08
46.944,0.0019694294,0.00042760567,0.0007153232,1.821824e-08,-8.3908006e-08,-3.0476514e-08
46.984,-0.0010848967,-0.00018325957,-0.0011172725,-5.7251803e-09,3.3893066e-08,3.4904513e-08
47.025,-0.0016957619,0.0010384709,0.00010445796,4.1197058e-08,6.7272374e-08,-4.143941e-09
47.044,-0.0010848967,-0.00079412485,0.0007153232,-2.5362919e-08,3.4649652e-08,-2.2846137e-08
47.085,-0.0010848967,-0.0020158554,-0.00050640723,-9.416307e-08,5.0676853e-08,2.3654902e-08
47.137,0.0013585642,0.00042760567,-0.00050640723,1.287773e-08,-4.0914383e-08,1.525091e-08
47.145,0.0013585642,0.0016493362,0.00010445796,7.029902e-08,-5.7905563e-08,-4.4522697e-09
47.184,-0.0010848967,0.00042760567,0.0007153232,1.1654562e-08,2.956929e-08,-1.9496417e-08
47.225,0.0013585642,0.0010384709,0.00010445796,3.5444927e-08,-4.6370303e-08,-3.565342e-09
47.244,0.00074769906,0.0010384709,0.00010445796,2.6563018e-08,-1.9125373e-08,-2.6719271e-09
47.286,-0.00047403143,-0.0020158554,0.00010445796,-8.327435e-08,1.9582089e-08,-4.3151247e-09
47.325,-0.00047403143,-0.00018325957,-0.00050640723,-2.7573364e-09,7.1323103e-09,7.619438e-09
47.344,0.0013585642,0.0010384709,-0.0011172725,4.2261185e-08,-5.5287572e-08,4.5468063e-08
47.387,0.00013683381,0.0010384709,-0.00050640723,2.407088e-08,-3.1716925e-09,1.1738093e-08
47.425,-0.0010848967,-0.00079412485,-0.00050640723,-2.2730342e-08,3.1053144e-08,1.4494962e-08
47.444,0.0013585642,-0.00079412485,0.00010445796,-2.495177e-08,-4.2686718e-08,-3.282118e-09
47.484,-0.00047403143,-0.00018325957,-0.0011172725,-4.4814383e-09,1.1591987e-08,2.7321835e-08
47.528,-0.00047403143,-0.00018325957,0.00010445796,-1.8943438e-09,4.900036e-09,-1.079776e-09
47.544,-0.00047403143,0.0010384709,0.00010445796,2.3716574e-08,1.0825919e-08,-2.3856086e-09
47.585,0.00074769906,-0.00018325957,0.0013261884,-5.598668e-09,-2.2842565e-08,-4.0515694e-08
47.625,-0.00047403143,0.00042760567,0.00010445796,5.5109437e-09,6.109275e-09,-1.3462449e-09
47.645,0.00013683381,0.00042760567,-0.0011172725,1.0257964e-08,-3.2825485e-09,2.6802596e-08
47.685,-0.00047403143,-0.00079412485,-0.00050640723,-1.66822e-08,9.95799e-09,1.0638109e-08
47.725,0.00013683381,0.00042760567,-0.00050640723,5.7655196e-09,-1.8449662e-09,6.8280217e-09
47.748,0.00013683381,0.00042760567,0.00010445796,3.9269703e-09,-1.2566305e-09,-9.593027e-10
47.784,0.00074769906,-0.0014049901,0.00010445796,-4.4645954e-08,-2.3759412e-08,-3.3193301e-09
47.824,0.0019694294,0.00042760567,0.00010445796,1.7191855e-08,-7.9180765e-08,-4.1997237e-09
47.865,0.00074769906,0.00042760567,-0.00050640723,8.960135e-09,-1.5667435e-08,1.0611358e-08
47.885,-0.0016957619,0.00042760567,0.00010445796,1.4925241e-08,5.918924e-08,-3.6460237e-09
47.925,-0.0023066273,-0.00079412485,0.00010445796,-3.8631452e-08,1.1220951e-07,-5.0815196e-09
47.964,0.00074769906,-0.0014049901,-0.0011172725,-5.4431478e-08,-2.8967014e-08,4.3284857e-08
47.984,0.0013585642,-0.00018325957,-0.00050640723,-5.335722e-09,-3.9555488e-08,1.4744379e-08
48.023,0.00074769906,-0.00079412485,-0.0011172725,-2.4703466e-08,-2.3259261e-08,3.4755875e-08
48.065,0.0013585642,0.0016493362,0.00010445796,7.029902e-08,-5.7905563e-08,-4.4522697e-09
48.084,0.00074769906,0.0010384709,0.00010445796,2.6563018e-08,-1.9125373e-08,-2.6719271e-09
48.125,0.00074769906,0.0010384709,0.00010445796,2.6563018e-08,-1.9125373e-08,-2.6719271e-09
48.166,0.00074769906,-0.0014049901,-0.0017281377,-6.576231e-08,-3.4996987e-08,8.088763e-08
48.186,-0.0010848967,-0.00079412485,0.00010445796,-2.1335584e-08,2.914769e-08,-2.8064497e-09
48.225,0.00013683381,-0.0014049901,0.00010445796,-3.962194e-08,-3.8588324e-09,-2.9458054e-09
48.264,-0.0010848967,-0.00079412485,0.00010445796,-2.1335584e-08,2.914769e-08,-2.8064497e-09
48.288,0.00074769906,0.0016493362,0.00010445796,5.9604467e-08,-2.7020691e-08,-3.774949e-09
48.325,0.0019694294,0.0016493362,0.00010445796,8.448105e-08,-1.00876626e-07,-5.3504623e-09
48.367,0.0013585642,0.0010384709,0.00010445796,3.5444927e-08,-4.6370303e-08,-3.565342e-09
48.384,-0.00047403143,-0.00018325957,0.00010445796,-1.8943438e-09,4.900036e-09,-1.079776e-09
48.424,0.0019694294,0.00042760567,0.0007153232,1.821824e-08,-8.3908006e-08,-3.0476514e-08
48.467,-0.0010848967,-0.00079412485,-0.00050640723,-2.2730342e-08,3.1053144e-08,1.4494962e-08
48.504,0.00074769906,0.0010384709,-0.0017281377,4.4489116e-08,-3.2032162e-08,7.403512e-08
48.524,0.00074769906,-0.00018325957,-0.00050640723,-3.3643106e-09,-1.3726387e-08,9.29671e-09
48.564,0.00074769906,0.00042760567,-0.00050640723,8.512128e-09,-1.4884063e-08,1.00807895e-08
48.587,-0.00047403143,0.0016493362,-0.00050640723,5.8794544e-08,1.6897987e-08,1.80521e-08
48.624,-0.00047403143,-0.00079412485,0.00010445796,-1.4725305e-08,8.789875e-09,-1.936944e-09
48.665,0.00013683381,-0.00079412485,-0.0011172725,-2.1794705e-08,-3.7553956e-09,3.066347e-08
48.705,-0.0010848967,0.00042760567,0.00010445796,9.974189e-09,2.5305942e-08,-2.436552e-09
48.723,0.0013585642,0.00042760567,0.00010445796,1.2166173e-08,-3.8653667e-08,-2.9720222e-09
48.765,-0.0010848967,-0.00079412485,0.00010445796,-2.1335584e-08,2.914769e-08,-2.8064497e-09
48.805,-0.0016957619,0.00042760567,0.00010445796,1.4925241e-08,5.918924e-08,-3.6460237e-09
48.825,-0.0010848967,-0.00018325957,0.00010445796,-4.0352113e-09,2.3888454e-08,-2.3000706e-09
48.864,-0.00047403143,-0.0020158554,0.00010445796,-8.327435e-08,1.9582089e-08,-4.3151247e-09
48.904,-0.0010848967,-0.00079412485,-0.00050640723,-2.2730342e-08,3.1053144e-08,1.4494962e-08
48.924,-0.0010848967,-0.00018325957,0.00010445796,-4.0352113e-09,2.3888454e-08,-2.3000706e-09
48.964,0.00013683381,0.0010384709,0.0013261884,3.68042e-08,-4.849495e-09,-4.7001127e-08
49.004,-0.00047403143,-0.00079412485,0.0007153232,-1.849826e-08,1.1042038e-08,-1.6662662e-08
49.025,0.00013683381,0.00042760567,0.0007153232,7.194823e-09,-2.3023432e-09,-1.2035911e-08
49.065,-0.0010848967,-0.0020158554,-0.00050640723,-9.416307e-08,5.0676853e-08,2.3654902e-08
49.104,0.00074769906,0.00042760567,-0.00050640723,8.512128e-09,-1.4884063e-08,1.00807895e-08
49.125,-0.00047403143,-0.00079412485,0.00010445796,-1.4725305e-08,8.789875e-09,-1.936944e-09
49.166,-0.0010848967,-0.00079412485,-0.0011172725,-2.7657581e-08,3.7784513e-08,3.8912088e-08
49.204,0.0013585642,-0.00079412485,0.00010445796,-2.495177e-08,-4.2686718e-08,-3.282118e-09
49.224,0.00074769906,0.00042760567,-0.00050640723,8.960135e-09,-1.5667435e-08,1.0611358e-08
49.265,0.00013683381,-0.00079412485,0.0007153232,-1.7047741e-08,-2.9374565e-09,-1.5356079e-08
49.305,0.00013683381,0.0016493362,0.0007153232,5.9245107e-08,-4.9151505e-09,-2.5694822e-08
49.325,0.00013683381,0.00042760567,0.00010445796,3.9269703e-09,-1.2566305e-09,-9.593027e-10
49.365,-0.00047403143,-0.0014049901,0.00010445796,-4.1608782e-08,1.40384415e-08,-3.0935223e-09
49.406,-0.0023066273,-0.0014049901,0.00010445796,-7.5657134e-08,1.242093e-07,-5.6249387e-09
49.431,0.00074769906,0.00042760567,0.00010445796,7.3916304e-09,-1.2924794e-08,-1.8056698e-09
49.467,0.0019694294,0.0010384709,0.00010445796,4.6114558e-08,-8.745489e-08,-4.6385797e-09
49.504,0.00074769906,0.00042760567,0.00010445796,7.780664e-09,-1.3605047e-08,-1.9007051e-09
49.548,0.00013683381,0.00042760567,-0.00050640723,5.7655196e-09,-1.8449662e-09,6.8280217e-09
49.565,0.00013683381,-0.00079412485,-0.00050640723,-1.5057743e-08,-2.594565e-09,9.602206e-09
49.605,0.00074769906,-0.00079412485,0.00010445796,-1.73357e-08,-1.6322229e-08,-2.2803117e-09
49.644,0.00013683381,0.00042760567,0.00010445796,3.9269703e-09,-1.2566305e-09,-9.593027e-10
49.665,-0.0016957619,0.00042760567,-0.00050640723,1.5510736e-08,6.1511145e-08,1.836914e-08
49.705,-0.00045875978,0.00043860124,0.00014599679,5.6909055e-09,5.952465e-09,-1.8943265e-09
49.744,0.0007629707,-0.000172264,-0.00046486847,-3.1227518e-09,-1.38309115e-08,8.427e-09
49.764,-0.001069625,-0.0026157252,0.00014599679,-1.5522747e-07,6.347578e-08,-8.6640215e-09
49.804,-0.001069625,-0.000172264,0.00014599679,-3.7518713e-09,2.3296192e-08,-3.1797773e-09
49.829,-0.00045875978,0.0010494665,-0.00046486847,2.5844951e-08,1.1297763e-08,1.14482e-08
49.864,0.001373836,0.0016603317,0.00075686205,7.5553984e-08,-6.25169e-08,-3.4441275e-08
49.907,-0.001069625,-0.000172264,0.00014599679,-3.7518713e-09,2.3296192e-08,-3.1797773e-09
49.944,-0.00045875978,-0.0007831292,0.0013677273,-2.5610635e-08,1.5002799e-08,-4.472872e-08
49.965,-0.001069625,-0.0026157252,0.00014599679,-1.474661e-07,6.030199e-08,-8.230821e-09
50.004,-0.001069625,-0.000172264,0.00014599679,-3.7518713e-09,2.3296192e-08,-3.1797773e-09
50.044,-0.00045875978,0.00043860124,0.0013677273,1.3869095e-08,1.4506533e-08,-4.3249173e-08
50.064,0.0007629707,0.0010494665,-0.00046486847,2.8817347e-08,-2.0950445e-08,1.27648425e-08
50.105,0.0007629707,0.00043860124,0.00075686205,1.0142879e-08,-1.764409e-08,-1.7502824e-08
50.145,-0.0016804902,0.00043860124,0.00014599679,1.5229942e-08,5.8353155e-08,-5.0695768e-09
50.167,0.0007629707,-0.000172264,0.00014599679,-2.730795e-09,-1.2094905e-08,-2.3143971e-09
50.205,0.00015210545,0.0010494665,0.00014599679,2.2381151e-08,-3.2438339e-09,-3.1135592e-09
50.245,-0.001069625,-0.0013939944,-0.00046486847,-5.0477343e-08,3.873174e-08,1.6833157e-08
50.285,-0.00045875978,-0.000172264,0.00014599679,-1.7548613e-09,4.6734066e-09,-1.487276e-09
50.305,0.00015210545,-0.000172264,-0.00046486847,-1.7797314e-09,-1.571465e-09,4.80275e-09
50.345,-0.00045875978,-0.000172264,0.00075686205,-3.0944736e-09,8.2409555e-09,-1.3595932e-08
50.385,0.0007629707,0.0010494665,-0.00046486847,2.8817347e-08,-2.0950445e-08,1.27648425e-08
50.404,0.0007629707,0.0016603317,-0.00046486847,6.236829e-08,-2.8660041e-08,1.7462204e-08
50.446,0.00015210545,0.00043860124,0.00075686205,7.758579e-09,-2.6906493e-09,-1.3388411e-08
50.486,-0.00045875978,0.00043860124,0.00075686205,8.631281e-09,9.027983e-09,-1.4894368e-08
50.506,0.00015210545,-0.000172264,0.00075686205,-2.714652e-09,-2.39698e-09,-1.1927141e-08
50.544,0.0007629707,-0.000172264,0.00075686205,-3.7354346e-09,-1.6544531e-08,-1.641207e-08
50.570,0.00015210545,-0.000172264,0.0013677273,-4.759846e-09,-4.2028425e-09,-3.7791825e-08
50.604,-0.00045875978,0.0016603317,-0.0016865989,7.974489e-08,2.2034005e-08,8.100649e-08
50.645,-0.00045875978,0.00043860124,0.00075686205,8.631281e-09,9.027983e-09,-1.4894368e-08
50.685,-0.00045875978,-0.000172264,0.00014599679,-1.7548613e-09,4.6734066e-09,-1.487276e-09
50.705,-0.0016804902,-0.0020048597,-0.00046486847,-1.0612751e-07,8.8956966e-08,2.4607877e-08
50.746,0.0007629707,0.0016603317,-0.00046486847,6.236829e-08,-2.8660041e-08,1.7462204e-08
50.788,0.0007629707,0.0016603317,-0.00046486847,6.236829e-08,-2.8660041e-08,1.7462204e-08
50.805,0.00015210545,0.0010494665,-0.00046486847,2.4208884e-08,-3.5087377e-09,1.0723492e-08
50.844,-0.001069625,-0.000172264,0.00014599679,-3.7518713e-09,2.3296192e-08,-3.1797773e-09
50.884,-0.001069625,-0.0013939944,-0.0010757337,-5.7217502e-08,4.3903526e-08,4.4154262e-08
50.905,0.0007629707,-0.000172264,0.00014599679,-2.730795e-09,-1.2094905e-08,-2.3143971e-09
50.945,0.00015210545,0.0010494665,0.00014599679,2.2381151e-08,-3.2438339e-09,-3.1135592e-09
50.985,0.0007629707,0.0010494665,0.00075686205,3.140688e-08,-2.2833058e-08,-2.2650246e-08
51.006,0.00015210545,0.0010494665,-0.00046486847,2.4208884e-08,-3.5087377e-09,1.0723492e-08
51.045,0.00015210545,0.0010494665,0.00014599679,2.2381151e-08,-3.2438339e-09,-3.1135592e-09
51.085,0.0007629707,-0.0013939944,0.00014599679,-4.432003e-08,-2.4257545e-08,-4.6417563e-09
51.124,-0.001069625,0.0010494665,0.00014599679,3.3136335e-08,3.3772828e-08,-4.6097695e-09
51.146,-0.00045875978,-0.000172264,0.00075686205,-3.0944736e-09,8.2409555e-09,-1.3595932e-08
51.185,-0.001069625,0.00043860124,0.00014599679,1.0182132e-08,2.4831355e-08,-3.389317e-09
51.224,-0.0016804902,-0.0007831292,-0.00046486847,-2.9822086e-08,6.399419e-08,1.7702504e-08
51.244,0.00015210545,-0.000172264,-0.0010757337,-3.775228e-09,-3.3334462e-09,2.3575094e-08
51.284,-0.001069625,-0.000172264,0.00075686205,-4.5357207e-09,2.816329e-08,-1.9928223e-08
51.325,0.00015210545,0.00043860124,0.00014599679,4.252404e-09,-1.4747196e-09,-1.4154938e-09
51.345,0.00015210545,0.0016603317,-0.00046486847,5.72552e-08,-5.2452336e-09,1.6030615e-08
51.384,0.0007629707,-0.000172264,0.00075686205,-3.7354346e-09,-1.6544531e-08,-1.641207e-08
51.424,-0.00045875978,0.00043860124,0.00075686205,8.631281e-09,9.027983e-09,-1.4894368e-08
51.444,0.00015210545,0.00043860124,0.00075686205,7.758579e-09,-2.6906493e-09,-1.3388411e-08
51.484,0.00015210545,-0.000172264,0.00014599679,-9.344012e-10,-8.250564e-10,-7.919216e-10
51.525,-0.00045875978,0.0016603317,0.00014599679,5.7183843e-08,1.5800245e-08,-5.028307e-09
51.545,0.00015210545,0.002271197,0.00075686205,1.085438e-07,-7.269342e-09,-3.6171535e-08
51.585,0.00015210545,-0.000172264,0.00014599679,-9.344012e-10,-8.250564e-10,-7.919216e-10
51.624,0.00015210545,-0.0026157252,-0.00046486847,-1.3867583e-07,-8.064056e-09,2.4645564e-08
51.644,0.00015210545,0.00043860124,0.00014599679,4.252404e-09,-1.4747196e-09,-1.4154938e-09
51.685,0.0032064316,0.0016603317,0.00014599679,1.2582976e-07,-2.4300235e-07,-1.1064485e-08
51.724,0.00015210545,0.0010494665,0.00014599679,2.2381151e-08,-3.2438339e-09,-3.1135592e-09
51.744,0.00015210545,0.002271197,-0.00046486847,1.051254e-07,-7.040404e-09,2.1517062e-08
51.785,-0.001069625,-0.0007831292,0.00014599679,-2.0808406e-08,2.842084e-08,-3.879258e-09
51.825,-0.001069625,-0.0020048597,0.00014599679,-9.0950834e-08,4.8523738e-08,-6.623169e-09
51.864,0.00015210545,0.0016603317,0.00075686205,6.056815e-08,-5.5487384e-09,-2.7609984e-08
51.884,-0.00045875978,0.0010494665,0.00075686205,2.8703907e-08,1.2547516e-08,-2.0700897e-08
51.924,-0.0016804902,-0.000172264,0.00014599679,-5.8192873e-09,5.6769004e-08,-4.931949e-09
51.964,0.00015210545,0.0010494665,0.00014599679,2.2381151e-08,-3.2438339e-09,-3.1135592e-09
51.984,0.00015210545,-0.000172264,0.00014599679,-9.344012e-10,-8.250564e-10,-7.919216e-10
52.024,-0.00045875978,0.00043860124,0.00075686205,8.631281e-09,9.027983e-09,-1.4894368e-08
52.064,0.00015210545,0.0010494665,-0.00046486847,2.4208884e-08,-3.5087377e-09,1.0723492e-08
52.084,0.0007629707,0.00043860124,0.00014599679,7.795216e-09,-1.3560202e-08,-2.5947864e-09
52.125,-0.0016804902,-0.0007831292,0.00014599679,-2.9016197e-08,6.226487e-08,-5.409415e-09
52.164,-0.001069625,-0.0007831292,0.00075686205,-2.3816956e-08,3.2530025e-08,-2.3018105e-08
52.184,0.00015210545,-0.000172264,0.00014599679,-9.344012e-10,-8.250564e-10,-7.919216e-10
52.224,0.0007629707,-0.0007831292,0.00014599679,-1.8115928e-08,-1.7649606e-08,-3.3773067e-09
52.264,0.001373836,0.002271197,-0.00046486847,1.2193613e-07,-7.3758564e-08,2.4957885e-08
52.284,0.001373836,0.0016603317,0.00014599679,7.1448774e-08,-5.9120048e-08,-6.2826526e-09
52.324,0.0007629707,-0.000172264,0.0013677273,-5.4074274e-09,-2.3949916e-08,-4.2933436e-08
52.365,0.00015210545,-0.000172264,0.00014599679,-9.344012e-10,-8.250564e-10,-7.919216e-10
52.384,0.00015210545,-0.0013939944,0.00075686205,-4.425504e-08,-4.8288804e-09,-2.4028045e-08
52.424,0.00015210545,0.0016603317,-0.00046486847,5.72552e-08,-5.2452336e-09,1.6030615e-08
52.463,-0.001069625,0.0016603317,0.00075686205,6.9964685e-08,4.507291e-08,-3.1893396e-08
52.484,0.001373836,0.002271197,-0.0010757337,1.3641753e-07,-8.2518284e-08,6.461304e-08
52.524,0.0007629707,-0.0007831292,-0.00046486847,-1.8536603e-08,-1.8059454e-08,1.1003398e-08
52.564,-0.00045875978,-0.0013939944,-0.00046486847,-4.275323e-08,1.4069972e-08,1.4257322e-08
52.584,0.00015210545,-0.0020048597,0.00075686205,-8.58112e-08,-6.5103554e-09,-3.2394905e-08
52.625,-0.00045875978,0.00043860124,0.00075686205,8.631281e-09,9.027983e-09,-1.4894368e-08
52.665,0.0007629707,0.002271197,0.00014599679,1.0861417e-07,-3.6487116e-08,-6.98192e-09
52.704,0.0007629707,-0.0007831292,0.00014599679,-1.721013e-08,-1.6767125e-08,-3.208441e-09
52.724,-0.00045875978,-0.0013939944,0.00014599679,-4.0958476e-08,1.34793225e-08,-4.289691e-09
52.764,-0.001069625,-0.0020048597,0.00014599679,-9.573772e-08,5.1077617e-08,-6.9717565e-09
52.805,-0.001069625,-0.0007831292,-0.00046486847,-2.1918185e-08,2.993662e-08,1.3010718e-08
52.824,-0.00045875978,0.00043860124,0.00014599679,5.6909055e-09,5.952465e-09,-1.8943265e-09
52.864,0.00015210545,0.00043860124,-0.00046486847,5.7407554e-09,-1.9908748e-09,6.0845613e-09
52.904,0.0019847013,0.0010494665,0.00014599679,4.7040484e-08,-8.8960725e-08,-6.5440457e-09
52.924,0.00015210545,0.0010494665,-0.00046486847,2.4208884e-08,-3.5087377e-09,1.0723492e-08
52.964,-0.001069625,0.00043860124,0.00014599679,1.0182132e-08,2.4831355e-08,-3.389317e-09
53.004,-0.001069625,-0.000172264,0.00014599679,-3.7518713e-09,2.3296192e-08,-3.1797773e-09
53.024,0.00015210545,0.00043860124,-0.00046486847,5.7407554e-09,-1.9908748e-09,6.0845613e-09
53.065,-0.0016804902,-0.0007831292,0.00014599679,-2.9016197e-08,6.226487e-08,-5.409415e-09
53.108,0.00015210545,-0.000172264,0.00075686205,-2.714652e-09,-2.39698e-09,-1.1927141e-08
53.124,-0.00045875978,-0.0013939944,0.00014599679,-4.0958476e-08,1.34793225e-08,-4.289691e-09
53.165,-0.00045875978,0.0010494665,0.00014599679,2.4141404e-08,1.0553081e-08,-3.3584373e-09
53.204,0.0019847013,0.0016603317,-0.00046486847,8.696517e-08,-1.0395506e-07,2.4348974e-08
53.226,0.00015210545,0.00043860124,0.00014599679,4.252404e-09,-1.4747196e-09,-1.4154938e-09
53.264,-0.001069625,-0.000172264,-0.0010757337,-5.2398272e-09,3.2535233e-08,3.2721044e-08
53.305,0.00015210545,0.0016603317,0.00014599679,5.8276463e-08,-5.338793e-09,-5.1243836e-09
53.325,0.00015210545,-0.000172264,-0.00046486847,-1.7797314e-09,-1.571465e-09,4.80275e-09
53.364,0.0007629707,-0.000172264,-0.00046486847,-3.1227518e-09,-1.38309115e-08,8.427e-09
53.404,-0.0029022207,-0.0007831292,0.00014599679,-4.6955975e-08,1.7401548e-07,-8.753879e-09
53.424,-0.00045875978,0.00043860124,-0.00046486847,6.8745716e-09,7.1905335e-09,7.28628e-09
53.464,0.00015210545,-0.0020048597,0.00014599679,-8.052111e-08,-6.1090057e-09,-5.8636647e-09
53.505,0.0007629707,-0.0020048597,-0.00046486847,-8.767119e-08,-3.3364206e-08,2.032839e-08
53.525,0.00015210545,0.0010494665,0.00014599679,2.2381151e-08,-3.2438339e-09,-3.1135592e-09
53.565,0.0007629707,0.002271197,0.00014599679,1.0861417e-07,-3.6487116e-08,-6.98192e-09
53.605,-0.0016804902,-0.0007831292,0.00075686205,-3.1244156e-08,6.704577e-08,-3.0196187e-08
53.644,-0.00045875978,-0.0007831292,0.00014599679,-1.4342751e-08,8.402033e-09,-2.6738827e-09
53.664,0.0019847013,-0.0013939944,-0.0010757337,-7.368588e-08,-1.0491037e-07,5.686277e-08
53.704,0.0007629707,-0.0007831292,-0.00046486847,-1.8536603e-08,-1.8059454e-08,1.1003398e-08
53.745,-0.00045875978,0.0016603317,0.00014599679,5.7183843e-08,1.5800245e-08,-5.028307e-09
53.763,0.00017287486,0.0015406022,0.00012767084,4.7744074e-08,-5.357483e-09,-3.956586e-09
53.804,-0.0016597209,-0.00029199358,0.00073853607,-1.0703598e-08,6.0840335e-08,-2.7072492e-08
53.844,0.0007837401,0.00092973694,0.00073853607,2.6352938e-08,-2.2214728e-08,-2.0933443e-08
53.864,-0.00043799035,0.00031887164,-0.0010940597,8.164114e-09,1.1213927e-08,2.8011359e-08
53.904,-0.0010488557,-0.00090285885,0.00073853607,-2.8216403e-08,3.2779138e-08,-2.308094e-08
53.943,0.003227201,0.0015406022,-0.00048319442,1.1075896e-07,-2.3201409e-07,3.473845e-08
53.963,-0.0028814513,-0.00090285885,0.00073853607,-5.5916146e-08,1.7845498e-07,-4.5739252e-08
54.003,-0.0028814513,0.00092973694,0.00012767084,5.6132844e-08,1.7396755e-07,-7.708128e-09
54.045,0.00017287486,-0.00029199358,-0.0010940597,-6.6636527e-09,-3.945217e-09,2.4967788e-08
54.064,-0.0010488557,0.00092973694,0.00012767084,2.6069632e-08,2.9409696e-08,-3.5798642e-09
54.105,0.0007837401,-0.00029199358,0.00012767084,-4.9218145e-09,-1.3210644e-08,-2.1520068e-09
54.144,0.00017287486,0.00031887164,0.00012767084,2.4428768e-09,-1.324395e-09,-9.780868e-10
54.164,-0.0016597209,-0.0015137241,0.00012767084,-6.7854025e-08,7.4398464e-08,-5.722956e-09
54.205,0.00017287486,-0.00029199358,-0.00048319442,-3.4348258e-09,-2.0335893e-09,5.68399e-09
54.245,-0.0010488557,-0.00090285885,0.00012767084,-2.4999228e-08,2.904173e-08,-3.535073e-09
54.264,0.00017287486,-0.00029199358,-0.00048319442,-3.4348258e-09,-2.0335893e-09,5.68399e-09
54.304,-0.00043799035,0.0015406022,0.00012767084,4.9315982e-08,1.4020443e-08,-4.086852e-09
54.344,0.0013946054,0.0033731977,-0.0010940597,2.5608486e-07,-1.05875e-07,8.305833e-08
54.384,0.0007837401,0.00031887164,-0.0010940597,8.786479e-09,-2.1595888e-08,3.0146715e-08
54.405,0.00017287486,-0.00334632,0.00012767084,-2.3531989e-07,-1.2156904e-08,-8.978069e-09
54.444,-0.00043799035,-0.00090285885,0.00073853607,-2.2411902e-08,1.0872349e-08,-1.8332873e-08
54.485,0.0007837401,0.0021514674,0.00012767084,9.8300276e-08,-3.5808984e-08,-5.8332628e-09
54.504,0.0020054705,0.0015406022,0.00073853607,8.086282e-08,-1.0526273e-07,-3.8764128e-08
54.544,0.0013946054,0.0027623328,-0.00048319442,1.7236111e-07,-8.701911e-08,3.014986e-08
54.584,0.0020054705,0.00092973694,0.0013494013,4.7971618e-08,-1.03476225e-07,-6.962504e-08
54.608,-0.0016597209,-0.00090285885,0.00012767084,-3.406326e-08,6.261832e-08,-4.8167927e-09
54.644,-0.0010488557,-0.00090285885,-0.00048319442,-2.6367214e-08,3.0630925e-08,1.4111276e-08
54.685,0.0013946054,0.0027623328,-0.00048319442,1.7236111e-07,-8.701911e-08,3.014986e-08
54.706,-0.0010488557,-0.00029199358,0.00073853607,-7.6533135e-09,2.749109e-08,-1.935744e-08
54.744,-0.00043799035,-0.00029199358,-0.00048319442,-4.1567665e-09,6.2351493e-09,6.878666e-09
54.785,0.0007837401,-0.00029199358,0.00073853607,-6.490853e-09,-1.7422101e-08,-1.6417243e-08
54.804,-0.0010488557,-0.00029199358,-0.00048319442,-6.9293553e-09,2.4890594e-08,1.1466779e-08
54.844,-0.0010488557,0.00031887164,0.00073853607,8.397351e-09,2.7621176e-08,-1.9449038e-08
54.885,0.0007837401,0.0015406022,0.00012767084,5.3197866e-08,-2.706299e-08,-4.4085455e-09
54.904,-0.0010488557,0.00031887164,-0.00048319442,7.610861e-09,2.5034197e-08,1.1532935e-08
54.944,0.0013946054,-0.00029199358,0.00073853607,-9.827525e-09,-4.693774e-08,-2.4856647e-08
54.985,-0.0010488557,-0.00029199358,0.00012767084,-6.3770136e-09,2.2906555e-08,-2.7882758e-09
55.004,-0.00043799035,0.00031887164,0.00012767084,3.5360654e-09,4.8570095e-09,-1.415781e-09
55.043,0.00017287486,0.0015406022,-0.0010940597,5.823899e-08,-6.5351426e-09,4.1358458e-08
55.084,-0.00043799035,0.00031887164,-0.00048319442,4.6118083e-09,6.33461e-09,6.988392e-09
55.104,-0.00043799035,0.00031887164,0.00012767084,3.5360654e-09,4.8570095e-09,-1.415781e-09
55.145,0.0007837401,-0.00029199358,0.00012767084,-4.9218145e-09,-1.3210644e-08,-2.1520068e-09
55.185,-0.00043799035,-0.00090285885,0.00012767084,-1.8195863e-08,8.827086e-09,-2.573028e-09
55.224,0.00017287486,0.00031887164,-0.0010940597,7.707823e-09,-4.1787622e-09,2.6445809e-08
55.244,-0.002270586,0.00031887164,0.00012767084,1.4588833e-08,1.03882556e-07,-5.841124e-09
55.284,-0.00043799035,-0.00090285885,-0.00048319442,-2.003392e-08,9.718755e-09,1.07218066e-08
55.324,0.00017287486,-0.0015137241,-0.00048319442,-4.8202793e-08,-5.5050005e-09,1.5386767e-08
55.344,0.00017287486,0.00031887164,-0.00048319442,3.838315e-09,-2.0809257e-09,5.816298e-09
55.384,0.003227201,0.00092973694,0.00012767084,6.2253974e-08,-2.1608918e-07,-8.548666e-09
55.424,0.00017287486,0.0033731977,0.00012767084,2.2715209e-07,-1.1641443e-08,-8.5973895e-09
55.443,0.0007837401,0.0021514674,-0.00048319442,1.0030933e-07,-3.6540847e-08,2.2528305e-08
55.486,0.00017287486,0.00031887164,-0.00048319442,4.0403316e-09,-2.1904483e-09,6.122419e-09
55.525,0.0007837401,-0.00090285885,-0.0010940597,-2.9150854e-08,-2.5304832e-08,3.5324206e-08
55.545,-0.00043799035,-0.00029199358,-0.00048319442,-4.1567665e-09,6.2351493e-09,6.878666e-09
55.584,0.00017287486,-0.00090285885,0.00012767084,-1.6694008e-08,-3.1964844e-09,-2.3606546e-09
55.624,0.00017287486,0.00092973694,0.00012767084,1.7675697e-08,-3.2866112e-09,-2.4272147e-09
55.645,-0.00043799035,0.00031887164,-0.00048319442,4.6118083e-09,6.33461e-09,6.988392e-09
55.684,0.0007837401,-0.00029199358,0.00012767084,-4.9218145e-09,-1.3210644e-08,-2.1520068e-09
55.725,-0.00043799035,-0.00090285885,0.00073853607,-2.2411902e-08,1.0872349e-08,-1.8332873e-08
55.744,-0.0010488557,-0.0027354546,0.00012767084,-1.5981215e-07,6.127679e-08,-7.458846e-09
55.784,0.0007837401,0.00031887164,0.00012767084,5.4361626e-09,-1.3361296e-08,-2.1765478e-09
55.828,-0.00043799035,-0.00029199358,0.00012767084,-3.151038e-09,4.726557e-09,-1.3777552e-09
55.846,-0.0010488557,-0.0015137241,-0.0010940597,-6.459994e-08,4.4761137e-08,4.6690268e-08
55.883,-0.0010488557,-0.0015137241,0.00012767084,-5.567172e-08,3.8574797e-08,-4.695475e-09
55.924,-0.00043799035,0.00031887164,-0.00048319442,4.6118083e-09,6.33461e-09,6.988392e-09
55.944,0.0013946054,-0.00029199358,0.00012767084,-8.322064e-09,-3.974743e-08,-3.6387269e-09
55.984,0.0007837401,0.00092973694,0.00012767084,2.2647917e-08,-1.9091509e-08,-3.1099963e-09
56.025,0.0013946054,0.00092973694,0.00012767084,3.2775397e-08,-4.9163095e-08,-4.500694e-09
56.045,0.0007837401,0.00092973694,-0.0010940597,3.0298857e-08,-2.554102e-08,3.5653912e-08
56.085,-0.00043799035,-0.00090285885,0.00012767084,-1.8195863e-08,8.827086e-09,-2.573028e-09
56.125,0.0020054705,0.0015406022,0.00012767084,7.7719406e-08,-1.01170805e-07,-6.44066e-09
56.164,0.00017287486,-0.00090285885,-0.00048319442,-1.8680426e-08,-3.5768337e-09,9.99744e-09
56.184,-0.00043799035,0.00031887164,-0.00048319442,4.6118083e-09,6.33461e-09,6.988392e-09
56.225,-0.00043799035,0.00092973694,0.00073853607,2.344238e-08,1.1043485e-08,-1.8621442e-08
56.267,0.0007837401,-0.0027354546,0.00073853607,-1.6021386e-07,-4.5903164e-08,-4.32556e-08
56.285,-0.0010488557,-0.0015137241,0.00012767084,-5.567172e-08,3.8574797e-08,-4.695475e-09
56.326,0.00017287486,-0.00090285885,0.00073853607,-2.12107e-08,-4.061318e-09,-1.7350294e-08
56.350,0.0044489317,0.0015406022,0.00012767084,1.4456118e-07,-4.1746196e-07,-1.19798615e-08
56.385,-0.0016597209,0.0015406022,0.00012767084,6.961656e-08,7.4999285e-08,-5.7691785e-09
56.426,0.00017287486,0.00092973694,0.00012767084,1.7675697e-08,-3.2866112e-09,-2.4272147e-09
56.466,0.00017287486,-0.00029199358,-0.00048319442,-3.4348258e-09,-2.0335893e-09,5.68399e-09
56.486,0.00017287486,-0.0021245892,-0.0010940597,-1.0141731e-07,-8.252187e-09,5.222496e-08
56.526,0.00017287486,-0.00029199358,-0.00048319442,-3.4348258e-09,-2.0335893e-09,5.68399e-09
56.566,-0.00043799035,0.00092973694,-0.0010940597,2.7804475e-08,1.3098429e-08,3.271867e-08
56.587,0.00017287486,0.00092973694,-0.00048319442,2.0706224e-08,-3.850106e-09,1.0761251e-08
56.626,0.0007837401,-0.0015137241,0.00012767084,-5.1550582e-08,-2.6690635e-08,-4.347891e-09
56.666,-0.00043799035,0.00031887164,0.0013494013,9.237677e-09,1.2688535e-08,-3.9092015e-08
56.686,0.0013946054,0.0021514674,0.00012767084,1.1003533e-07,-7.132614e-08,-6.5296337e-09
56.728,0.0013946054,0.00092973694,-0.00048319442,3.2311057e-08,-4.8466585e-08,1.679241e-08
56.766,0.0007837401,0.00031887164,0.00012767084,5.4361626e-09,-1.3361296e-08,-2.1765478e-09
56.784,-0.0016597209,-0.00029199358,0.00073853607,-1.0703598e-08,6.0840335e-08,-2.7072492e-08
56.825,0.00017287486,-0.00090285885,0.00073853607,-2.12107e-08,-4.061318e-09,-1.7350294e-08
56.867,0.0013946054,-0.00029199358,-0.00048319442,-8.752508e-09,-4.18033e-08,1.4483754e-08
56.885,0.0026163359,0.0021514674,-0.00048319442,1.4666294e-07,-1.7835247e-07,3.2938797e-08
56.925,0.0007837401,0.00031887164,0.00073853607,7.134926e-09,-1.753661e-08,-1.6525146e-08
56.965,0.00017287486,0.00092973694,0.00012767084,1.7675697e-08,-3.2866112e-09,-2.4272147e-09
56.987,0.00017287486,-0.00029199358,0.00012767084,-2.1091147e-09,-1.2487018e-09,-9.221861e-10
57.027,-0.00043799035,-0.00029199358,-0.00048319442,-4.1567665e-09,6.2351493e-09,6.878666e-09
57.065,0.0007837401,0.00092973694,0.00012767084,2.2647917e-08,-1.9091509e-08,-3.1099963e-09
57.106,0.0013946054,-0.00029199358,0.00012767084,-8.322064e-09,-3.974743e-08,-3.6387269e-09
57.124,-0.0010488557,0.00031887164,-0.00048319442,8.011433e-09,2.6351788e-08,1.2139933e-08
57.165,-0.002270586,0.00092973694,0.00012767084,4.5509072e-08,1.11141404e-07,-6.249277e-09
57.205,0.0013946054,-0.00029199358,-0.0010940597,-1.0450484e-08,-4.9913094e-08,3.9156525e-08
57.227,0.0020054705,0.00031887164,-0.00048319442,1.3260704e-08,-8.340017e-08,2.0094285e-08
57.264,0.0007837401,-0.00029199358,0.00012767084,-4.9218145e-09,-1.3210644e-08,-2.1520068e-09
57.305,0.0013946054,0.0021514674,0.00012767084,1.1003533e-07,-7.132614e-08,-6.5296337e-09
57.324,0.0007837401,0.0021514674,0.00073853607,1.0312671e-07,-3.7567172e-08,-3.540039e-08
57.365,0.0007837401,0.0015406022,0.00073853607,5.769317e-08,-2.9349856e-08,-2.7657034e-08
57.404,0.00017287486,-0.00090285885,0.00012767084,-1.6694008e-08,-3.1964844e-09,-2.3606546e-09
57.425,0.00017287486,-0.0015137241,-0.00048319442,-4.8202793e-08,-5.5050005e-09,1.5386767e-08
57.465,-0.0010488557,0.00092973694,-0.00048319442,2.7461612e-08,3.098002e-08,1.4272099e-08
57.503,-0.00043799035,0.0015406022,0.00073853607,5.41346e-08,1.5390366e-08,-2.595112e-08
57.526,-0.00043799035,0.00092973694,-0.0010940597,2.7804475e-08,1.3098429e-08,3.271867e-08
57.564,-0.00043799035,-0.0015137241,0.00073853607,-5.2483585e-08,1.5185927e-08,-2.5606397e-08
57.604,0.00017287486,-0.00029199358,0.00012767084,-2.1091147e-09,-1.2487018e-09,-9.221861e-10
57.625,0.0013946054,0.00092973694,0.00012767084,3.113663e-08,-4.6704944e-08,-4.2756594e-09
57.666,0.0013946054,0.0015406022,-0.00048319442,6.8931016e-08,-6.23987e-08,2.1619524e-08
57.706,0.0007837401,0.00092973694,-0.00048319442,2.4237217e-08,-2.0431239e-08,1.2596346e-08
57.725,0.0013946054,-0.00090285885,-0.00048319442,-3.1121964e-08,-4.8072696e-08,1.6655935e-08
57.766,0.0007837401,-0.00029199358,0.00012767084,-4.9218145e-09,-1.3210644e-08,-2.1520068e-09
57.806,-0.00043799035,-0.00029199358,0.00073853607,-5.2759788e-09,7.913968e-09,-1.3344474e-08
57.829,0.00017287486,-0.00029199358,0.00012767084,-2.1091147e-09,-1.2487018e-09,-9.221861e-10
57.865,4.5814893e-05,0.00019547688,-0.00046670105,1.9786084e-09,-4.6373633e-10,4.7239275e-09
57.906,0.0012675454,0.0020280725,0.00014416421,9.6808414e-08,-6.050526e-08,-6.8815598e-09
57.945,0.00065668015,0.0008063421,-0.00046670105,1.9274879e-08,-1.5697344e-08,1.1156066e-08
57.965,-0.0017867808,0.0008063421,0.00014416421,3.1576683e-08,6.997106e-08,-5.64553e-09
58.005,4.5814893e-05,0.00019547688,0.00014416421,9.626014e-10,-2.2560971e-10,-7.099186e-10
58.047,0.0018784106,-0.00041538838,0.00014416421,-1.5965476e-08,-7.219682e-08,-5.54096e-09
58.064,4.5814893e-05,-0.002247984,-0.00046670105,-1.02846535e-07,-2.0960582e-09,2.1351836e-08
58.106,-0.00056505034,0.0014172074,0.00014416421,4.3269925e-08,1.7252017e-08,-4.4015964e-09
58.144,4.5814893e-05,0.00019547688,0.00014416421,9.626014e-10,-2.2560971e-10,-7.099186e-10
58.164,-0.0011759156,-0.0010262536,-0.00046670105,-3.3307415e-08,3.816475e-08,1.5146945e-08
58.204,-0.00056505034,-0.0016371189,-0.00046670105,-6.158182e-08,2.1254918e-08,1.7555415e-08
58.246,0.0012675454,0.0014172074,0.00014416421,5.3838725e-08,-4.815317e-08,-5.476697e-09
58.264,0.0018784106,0.002638938,0.00075502944,1.7486751e-07,-1.2447165e-07,-5.0031524e-08
58.306,0.0012675454,0.00019547688,0.00014416421,5.026236e-09,-3.2592e-08,-3.706849e-09
58.345,-0.00056505034,0.0008063421,-0.00046670105,1.7504485e-08,1.22664e-08,1.0131384e-08
58.364,0.00065668015,-0.00041538838,-0.00046670105,-7.501263e-09,-1.1858614e-08,8.4278895e-09
58.406,-0.00056505034,-0.0010262536,-0.0010775663,-3.2544644e-08,1.7918927e-08,3.417188e-08
58.444,4.5814893e-05,0.00019547688,-0.0016884315,6.6218804e-09,-1.552003e-09,5.7196488e-08
58.464,-0.00056505034,0.0020280725,-0.00046670105,8.7130736e-08,2.4275884e-08,2.0050567e-08
58.504,0.00065668015,0.00019547688,-0.00046670105,3.2285405e-09,-1.0845879e-08,7.708141e-09
58.546,-0.00056505034,0.00019547688,-0.0010775663,4.799286e-09,1.3872936e-08,2.6456064e-08
58.584,-0.0011759156,0.0008063421,0.00014416421,2.3022181e-08,3.3574015e-08,-4.116088e-09
58.606,0.00065668015,0.0014172074,0.00014416421,4.4289184e-08,-2.0521927e-08,-4.505279e-09
58.644,4.5814893e-05,0.0014172074,-0.00046670105,4.21485e-08,-1.362559e-09,1.3879937e-08
58.684,0.00065668015,-0.0016371189,0.00014416421,-5.7723994e-08,-2.3154215e-08,-5.0831592e-09
58.704,-0.00056505034,0.00019547688,-0.0010775663,4.799286e-09,1.3872936e-08,2.6456064e-08
58.744,-0.0011759156,0.0008063421,-0.0010775663,3.0222086e-08,4.4073875e-08,4.0387697e-08
58.784,-0.0030085114,-0.0016371189,-0.00046670105,-1.1274608e-07,2.0719196e-07,3.2141056e-08
58.808,4.5814893e-05,-0.00041538838,0.00014416421,-3.6585015e-09,-4.035112e-10,-1.2697153e-09
58.847,0.00065668015,0.0008063421,-0.00046670105,1.8311134e-08,-1.4912477e-08,1.0598263e-08
58.886,-0.00056505034,0.0008063421,-0.00046670105,1.7504485e-08,1.22664e-08,1.0131384e-08
58.904,4.5814893e-05,-0.00041538838,0.00014416421,-3.6585015e-09,-4.035112e-10,-1.2697153e-09
58.945,-0.00056505034,-0.00041538838,-0.0010775663,-1.06399956e-08,1.4473523e-08,2.76014e-08
58.985,0.00065668015,-0.0016371189,-0.00046670105,-5.951185e-08,-2.3871358e-08,1.6965318e-08
59.004,0.002489276,0.0014172074,0.00014416421,8.0979454e-08,-1.4223762e-07,-8.23756e-09
59.044,-0.0011759156,-0.0016371189,0.00014416421,-6.591157e-08,4.73432e-08,-5.804152e-09
59.084,4.5814893e-05,0.0008063421,0.00014416421,1.3179623e-08,-7.488422e-10,-2.3563569e-09
59.104,0.0012675454,0.0020280725,0.00014416421,9.6808414e-08,-6.050526e-08,-6.8815598e-09
59.145,0.00065668015,-0.0016371189,0.00014416421,-5.7723994e-08,-2.3154215e-08,-5.0831592e-09
59.186,0.00065668015,0.0008063421,0.00014416421,1.6865647e-08,-1.3735281e-08,-3.0153733e-09
59.207,0.00065668015,-0.00041538838,0.00014416421,-6.5402563e-09,-1.0339376e-08,-2.2698539e-09
59.244,-0.00056505034,0.002638938,0.00075502944,1.473364e-07,3.1547717e-08,-4.2154582e-08
59.288,-0.00056505034,0.0008063421,0.00014416421,1.5986224e-08,1.1202467e-08,-2.8581433e-09
59.306,4.5814893e-05,0.0020280725,-0.00046670105,8.853338e-08,-2.0000004e-09,2.0373347e-08
59.346,4.5814893e-05,-0.00041538838,0.00014416421,-3.6585015e-09,-4.035112e-10,-1.2697153e-09
59.387,0.00065668015,0.0014172074,0.00014416421,4.4289184e-08,-2.0521927e-08,-4.505279e-09
59.426,-0.00056505034,0.00019547688,0.00075502944,3.750771e-09,1.0842071e-08,-1.4487352e-08
59.446,0.00065668015,0.0020280725,0.00014416421,8.632999e-08,-2.7953236e-08,-6.1367094e-09
59.487,0.00065668015,0.00019547688,0.00014416421,2.7267537e-09,-9.160188e-09,-2.010981e-09
59.507,0.0018784106,0.0008063421,0.00014416421,3.2920493e-08,-7.668979e-08,-5.8857843e-09
59.546,0.00065668015,0.00019547688,0.0013658947,5.9511707e-09,-1.9992216e-08,-4.1583807e-08
59.586,0.0012675454,0.0008063421,0.00014416421,2.4244631e-08,-3.811183e-08,-4.334646e-09
59.626,4.5814893e-05,0.0008063421,0.00014416421,1.3179623e-08,-7.488422e-10,-2.3563569e-09
59.645,0.00065668015,0.0008063421,0.00075502944,2.0644782e-08,-1.6812985e-08,-1.9331022e-08
59.686,-0.00056505034,0.00019547688,-0.0010775663,4.799286e-09,1.3872936e-08,2.6456064e-08
59.725,0.00065668015,0.00019547688,-0.00046670105,3.2285405e-09,-1.0845879e-08,7.708141e-09
59.746,-0.00056505034,-0.00041538838,0.00014416421,-5.9251937e-09,8.060006e-09,-2.0563908e-09
59.786,0.0012675454,0.0014172074,0.00014416421,5.3838725e-08,-4.815317e-08,-5.476697e-09
59.824,4.5814893e-05,0.0014172074,-0.00046670105,4.21485e-08,-1.362559e-09,1.3879937e-08
59.845,0.0012675454,0.00019547688,0.00075502944,6.1010903e-09,-3.956176e-08,-2.3565462e-08
59.885,-0.00056505034,0.00019547688,-0.00046670105,2.9539098e-09,8.538645e-09,7.0524595e-09
59.925,0.00065668015,0.00019547688,0.00014416421,2.7267537e-09,-9.160188e-09,-2.010981e-09
59.945,0.00065668015,0.0008063421,0.00014416421,1.6865647e-08,-1.3735281e-08,-3.0153733e-09
59.985,-0.00056505034,0.0008063421,-0.0010775663,2.3449074e-08,1.6432116e-08,3.133649e-08
