timestamp,x,y,z,roll,pitch,yaw
00.014,-0.00085521134,-0.00041538838,0.00014172074,-6.699071e-09,1.3792205e-08,-2.2855655e-09
00.034,0.00036651915,-0.00041538838,-0.00046914452,-5.059079e-09,-4.463893e-09,5.7137832e-09
00.072,0.00036651915,0.0008063421,-0.00046914452,1.3559392e-08,-6.16336e-09,7.889101e-09
00.093,0.0009773844,0.00019547688,0.00014172074,4.9526165e-09,-2.4763084e-08,-3.5906471e-09
00.133,-0.0002443461,-0.00041538838,-0.00046914452,-4.687174e-09,2.7571612e-09,5.2937494e-09
00.172,0.00036651915,0.0008063421,0.0013634512,2.1995346e-08,-9.997884e-09,-3.719213e-08
00.197,-0.00085521134,0.00019547688,0.00014172074,2.9143488e-09,1.27502755e-08,-2.1129027e-09
00.234,0.0009773844,0.0008063421,-0.00046914452,1.8278385e-08,-2.2155618e-08,1.0634697e-08
00.273,-0.00085521134,-0.00041538838,0.00014172074,-6.699071e-09,1.3792205e-08,-2.2855655e-09
00.313,-0.0020769418,0.00019547688,-0.00046914452,1.0518633e-08,1.1176049e-07,2.5244724e-08
00.335,-0.0002443461,-0.00041538838,0.000752586,-6.2280097e-09,3.6635348e-09,-1.1283688e-08
00.374,-0.00085521134,0.0008063421,-0.00046914452,1.712087e-08,1.8158499e-08,9.961234e-09
00.394,-0.0014660766,-0.00041538838,0.00014172074,-1.0665197e-08,3.764187e-08,-3.638714e-09
00.434,-0.0002443461,0.00019547688,0.00014172074,1.1265698e-09,1.4082123e-09,-8.1676316e-10
00.505,0.00036651915,0.0020280725,-0.00046914452,1.0787664e-07,-1.9495777e-08,2.49546e-08
00.532,-0.0014660766,-0.00041538838,-0.00046914452,-1.111128e-08,3.9216282e-08,1.2549211e-08
00.575,-0.0002443461,0.00019547688,-0.00046914452,2.774143e-09,3.4676786e-09,6.657943e-09
00.613,0.00036651915,0.0014172074,0.00014172074,5.2452062e-08,-1.3565188e-08,-5.2452056e-09
00.633,-0.0002443461,-0.00041538838,-0.00046914452,-4.687174e-09,2.7571612e-09,5.2937494e-09
00.672,-0.0002443461,-0.00041538838,-0.00046914452,-7.030761e-09,4.1357415e-09,7.940624e-09
00.712,0.0009773844,0.00019547688,0.00014172074,3.3017444e-09,-1.6508722e-08,-2.3937647e-09
00.734,0.00036651915,0.00019547688,0.00014172074,2.1590914e-09,-4.0482964e-09,-1.5653413e-09
00.775,-0.0002443461,0.00019547688,-0.0010800097,5.531437e-09,6.9142967e-09,3.056119e-08
00.814,0.00036651915,-0.00041538838,0.00014172074,-3.98499e-09,-3.5161678e-09,-1.3595849e-09
00.834,-0.0002443461,0.0008063421,0.00014172074,1.7337449e-08,5.253772e-09,-3.0471878e-09
00.874,-0.0002443461,-0.0010262536,0.00014172074,-2.7490213e-08,6.545289e-09,-3.7962677e-09
00.915,-0.0002443461,-0.00041538838,0.000752586,-6.2280097e-09,3.6635348e-09,-1.1283688e-08
00.934,-0.00085521134,-0.00041538838,0.00014172074,-1.0048606e-08,2.0688308e-08,-3.428348e-09
00.973,-0.0002443461,-0.00041538838,0.00014172074,-3.5007808e-09,2.0592827e-09,-1.1943839e-09
01.014,-0.00085521134,0.00019547688,0.000752586,3.7906687e-09,1.6584174e-08,-1.4594074e-08
01.033,0.0009773844,0.00019547688,0.000752586,6.1440066e-09,-3.0720035e-08,-2.3654428e-08
01.073,-0.0002443461,0.00019547688,0.000752586,2.6729943e-09,3.3412428e-09,-1.0291028e-08
01.116,0.00036651915,0.0008063421,-0.00046914452,1.3559392e-08,-6.16336e-09,7.889101e-09
01.134,0.00036651915,-0.00041538838,0.000752586,-9.768764e-09,-8.619497e-09,-1.7698701e-08
01.175,0.00036651915,0.00019547688,0.00014172074,1.4393944e-09,-2.6988645e-09,-1.0435609e-09
01.215,0.00037934733,0.00023396139,0.00010567969,1.7979505e-09,-2.915215e-09,-8.121291e-10
01.235,0.00037934733,-0.0009877691,0.0007165449,-2.117738e-08,-8.133057e-09,-1.536244e-08
01.273,0.00037934733,0.00023396139,0.00010567969,1.7979505e-09,-2.915215e-09,-8.121291e-10
01.314,0.00037934733,-0.0009877691,0.00010567969,-1.7622222e-08,-6.767718e-09,-1.8853707e-09
01.355,0.0009902125,0.00084482663,0.00010567969,2.7764798e-08,-3.2542832e-08,-3.473109e-09
01.374,0.0009902125,-0.0009877691,0.00010567969,-2.324444e-08,-2.330194e-08,-2.4868823e-09
01.414,0.0058771344,-0.00037690386,-0.0011160509,-3.790257e-08,-5.9102257e-07,1.1223347e-07
01.453,0.00037934733,0.00084482663,0.0007165449,2.489482e-08,-1.11783685e-08,-2.1114696e-08
01.473,0.0034336736,0.00023396139,0.0007165449,1.3798857e-08,-2.0251541e-07,-4.2261263e-08
01.514,0.004044539,-0.0015986344,0.00010567969,-1.16677754e-07,-2.9519427e-07,-7.713143e-09
01.537,0.006488,-0.0015986344,0.00010567969,-1.792392e-07,-7.274358e-07,-1.1848892e-08
01.575,0.008320596,-0.00037690386,0.00010567969,-5.2672636e-08,-1.1628102e-06,-1.4768855e-08
01.615,0.005266269,-0.0009877691,0.00010567969,-1.3321778e-07,-7.1024766e-07,-1.4252784e-08
01.655,0.006488,0.00084482663,0.0007165449,1.3993596e-07,-1.0746642e-06,-1.18687524e-07
01.674,0.0058771344,-0.00037690386,0.0013274102,-3.8174083e-08,-5.952552e-07,-1.3444442e-07
01.715,0.004044539,0.00023396139,0.00010567969,2.386148e-08,-4.1249837e-07,-1.0778158e-08
01.755,0.005266269,0.00084482663,0.00010567969,1.1341869e-07,-7.0700116e-07,-1.418755e-08
01.774,0.0034336736,-0.0009877691,0.00010567969,-5.9236484e-08,-2.059173e-07,-6.337614e-09
01.815,0.0028228082,-0.0015986344,0.0007165449,-1.336571e-07,-2.3600664e-07,-5.990822e-08
01.854,0.0028228082,0.0014556919,0.0007165449,7.951647e-08,-1.5419454e-07,-3.9140915e-08
01.874,0.0009902125,0.00023396139,-0.00050518557,6.6885115e-09,-2.8308294e-08,1.4442295e-08
01.913,0.01687271,0.0057317484,-0.031659313,5.240582e-06,-1.5426116e-05,2.8945162e-05
01.955,0.012596652,-0.0015986344,-0.8648795,-2.2051157e-05,-0.00018293968,0.012550874
01.975,0.018705305,0.002066557,-0.8770968,4.9619986e-05,-0.00041249936,0.019364139
02.018,0.010764056,0.00084482663,-0.42994344,9.414691e-06,-0.00011647896,0.004653329
02.054,0.007098865,0.0026774222,-0.053650465,2.4340975e-06,-6.4532414e-06,4.8771548e-05
02.081,-0.0045075747,-0.0015986344,-0.040822294,-1.6536505e-06,4.662388e-06,4.2224663e-05
02.118,0.007098865,0.0014556919,-0.05609392,1.3815147e-06,-6.7362193e-06,5.3228654e-05
02.155,-0.0020641135,-0.0015986344,-0.21675149,-5.81678e-06,7.504357e-06,0.00078826933
02.193,-0.0014532484,-0.0009877691,-0.3835177,-6.3672214e-06,9.342914e-06,0.0024677021
02.213,0.004655404,0.00084482663,-0.40917405,5.844799e-06,-3.1952164e-05,0.002809068
02.255,0.006488,0.0014556919,-0.14161505,3.4649931e-06,-1.5431264e-05,0.00033683446
02.294,0.004044539,0.00084482663,-0.23874263,3.3921453e-06,-1.6200907e-05,0.0009564093
02.315,0.006488,0.00084482663,-0.32487464,4.6369537e-06,-3.5365712e-05,0.0017710781
02.354,0.010764056,-0.0009877691,-0.61503565,-9.841228e-06,-0.00011111738,0.0063472087
02.393,0.018705305,0.00084482663,-0.7598107,1.8757772e-05,-0.00035763835,0.014532578
02.413,0.013818382,-0.00037690386,-0.75492376,-3.937373e-06,-0.00017506446,0.009562993
02.453,0.015650978,0.002066557,-0.94856805,3.4771518e-05,-0.00024885053,0.0150978565
02.494,0.013818382,0.0014556919,-0.58632493,2.2366963e-05,-0.00020385193,0.008653654
02.513,0.010153191,0.0026774222,-0.44949114,2.032616e-05,-7.655326e-05,0.003390607
02.556,0.004044539,0.00084482663,-0.21125369,3.0002109e-06,-1.4336442e-05,0.00074887736
02.594,0.00037934733,-0.00037690386,0.00010567969,-5.1702833e-09,-5.2038023e-09,-1.4496905e-09
02.615,0.00037934733,-0.00037690386,-0.00050518557,-4.651775e-09,-4.6819326e-09,6.2350374e-09
02.654,-0.00023151793,0.00023396139,0.00010567969,2.0354076e-09,2.0141502e-09,-9.1938784e-10
02.693,0.0009902125,0.00023396139,-0.00050518557,6.6885115e-09,-2.8308294e-08,1.4442295e-08
02.714,-0.00084238313,0.00023396139,-0.00050518557,3.9634225e-09,1.4270391e-08,8.558096e-09
02.755,-0.00023151793,-0.0015986344,0.0007165449,-7.1092416e-08,1.0295769e-08,-3.1865266e-08
02.794,0.00037934733,-0.00037690386,0.00010567969,-5.1702833e-09,-5.2038023e-09,-1.4496905e-09
02.814,-0.00023151793,0.00023396139,0.00010567969,1.3569385e-09,1.3427668e-09,-6.1292527e-10
02.853,0.00037934733,-0.00037690386,0.00010567969,-5.1702833e-09,-5.2038023e-09,-1.4496905e-09
02.894,-0.00084238313,-0.00037690386,-0.00050518557,-6.6527375e-09,1.4868922e-08,8.91704e-09
02.914,-0.00084238313,0.00023396139,0.00010567969,5.1850213e-09,1.8668784e-08,-2.3420594e-09
02.953,0.00037934733,0.00023396139,0.00010567969,2.6969256e-09,-4.372822e-09,-1.2181935e-09
02.993,-0.00084238313,-0.00037690386,0.00010567969,-5.8737317e-09,1.31278375e-08,-1.6469297e-09
03.015,0.0009902125,-0.0009877691,0.00010567969,-3.486666e-08,-3.495291e-08,-3.7303236e-09
03.054,0.0009902125,0.00084482663,0.00010567969,2.7764798e-08,-3.2542832e-08,-3.473109e-09
03.094,-0.00023151793,-0.0009877691,0.00010567969,-1.6903913e-08,3.962018e-09,-1.8085201e-09
03.133,0.00037934733,-0.0009877691,-0.00050518557,-1.9431031e-08,-7.462381e-09,9.937825e-09
03.153,0.00037934733,0.00023396139,0.00010567969,1.7979505e-09,-2.915215e-09,-8.121291e-10
03.194,-0.00084238313,-0.0015986344,0.00010567969,-4.854764e-08,2.5581654e-08,-3.2093006e-09
03.233,-0.00084238313,-0.00037690386,-0.00050518557,-6.6527375e-09,1.4868922e-08,8.91704e-09
03.254,-0.00023151793,0.0014556919,0.00010567969,3.60908e-08,5.739997e-09,-2.6201044e-09
03.294,-0.00084238313,-0.0009877691,-0.00050518557,-2.3085178e-08,1.968736e-08,1.1806706e-08
03.317,-0.00023151793,-0.00037690386,0.00010567969,-4.313636e-09,2.6497051e-09,-1.2094961e-09
03.352,-0.00023151793,0.00084482663,0.00010567969,1.2505959e-08,3.4271572e-09,-1.5643752e-09
03.392,-0.00084238313,-0.00037690386,0.0007165449,-7.388106e-09,1.6512477e-08,-1.4045783e-08
03.436,-0.00023151793,-0.00037690386,-0.00050518557,-6.36894e-09,3.9122017e-09,8.5366505e-09
03.453,-0.00084238313,-0.0009877691,0.00010567969,-2.1584789e-08,1.8407807e-08,-2.3093187e-09
03.493,-0.00023151793,-0.00037690386,0.00010567969,-2.8757574e-09,1.7664701e-09,-8.0633067e-10
03.537,-0.00023151793,-0.00037690386,-0.00050518557,-6.36894e-09,3.9122017e-09,8.5366505e-09
03.555,-0.00084238313,0.00023396139,0.0007165449,4.4370343e-09,1.597564e-08,-1.3589141e-08
03.593,0.00037934733,0.00084482663,0.0007165449,2.489482e-08,-1.11783685e-08,-2.1114696e-08
03.634,0.0009902125,0.00023396139,-0.00050518557,6.6885115e-09,-2.8308294e-08,1.4442295e-08
03.673,-0.00023151793,0.0014556919,-0.0011160509,4.515321e-08,7.1813133e-09,3.4618097e-08
03.694,-0.00023151793,-0.0009877691,-0.00050518557,-2.8173044e-08,6.6033294e-09,1.4408848e-08
03.736,0.0009902125,-0.00037690386,-0.00050518557,-1.11335385e-08,-2.925035e-08,1.4922913e-08
03.754,-0.00084238313,-0.0009877691,0.00010567969,-2.1584789e-08,1.8407807e-08,-2.3093187e-09
03.794,0.00037934733,0.00084482663,0.0007165449,2.489482e-08,-1.11783685e-08,-2.1114696e-08
03.833,0.00037934733,0.00084482663,-0.00050518557,1.4952215e-08,-6.713902e-09,8.941058e-09
03.875,0.0009902125,0.00023396139,0.00010567969,4.015305e-09,-1.6994282e-08,-1.8137019e-09
03.894,-0.00084238313,0.00023396139,-0.00050518557,5.945134e-09,2.1405587e-08,1.2837144e-08
03.933,0.00037934733,-0.0009877691,-0.0011160509,-2.5486239e-08,-9.787851e-09,2.8796142e-08
03.973,0.00037934733,-0.00037690386,0.00010567969,-3.4468557e-09,-3.4692018e-09,-9.664604e-10
03.994,-0.00023151793,0.00023396139,0.00010567969,2.0354076e-09,2.0141502e-09,-9.1938784e-10
04.035,-0.00084238313,-0.00037690386,-0.00050518557,-6.6527375e-09,1.4868922e-08,8.91704e-09
04.073,-0.00023151793,0.00023396139,-0.00050518557,2.366719e-09,2.3420013e-09,5.110383e-09
04.095,-0.00084238313,0.00023396139,0.00010567969,3.4566812e-09,1.2445857e-08,-1.561373e-09
04.133,-0.00023151793,-0.00037690386,-0.00050518557,-4.2459605e-09,2.6081344e-09,5.691101e-09
04.173,-0.00023151793,-0.00037690386,-0.00050518557,-4.2459605e-09,2.6081344e-09,5.691101e-09
04.194,0.00037934733,0.00023396139,-0.00050518557,2.6443716e-09,-4.2876107e-09,5.70991e-09
04.234,-0.00023151793,0.00023396139,0.00010567969,1.3569385e-09,1.3427668e-09,-6.1292527e-10
04.274,-0.0014532484,-0.00037690386,0.0013274102,-1.26720705e-08,4.8860382e-08,-4.4629516e-08
04.294,-0.00023151793,-0.00037690386,0.00010567969,-2.8757574e-09,1.7664701e-09,-8.0633067e-10
04.335,0.00037934733,0.00023396139,0.00010567969,1.7979505e-09,-2.915215e-09,-8.121291e-10
04.373,-0.00023151793,-0.00037690386,-0.00050518557,-6.36894e-09,3.9122017e-09,8.5366505e-09
04.393,0.0009902125,-0.0009877691,0.00010567969,-2.324444e-08,-2.330194e-08,-2.4868823e-09
04.434,-0.00023151793,-0.0015986344,0.0007165449,-4.7394945e-08,6.863846e-09,-2.124351e-08
04.474,0.0016010778,0.00084482663,0.00010567969,3.8553853e-08,-7.306555e-08,-4.822715e-09
04.494,-0.00023151793,0.002066557,0.00010567969,7.219103e-08,8.087615e-09,-3.6917085e-09
04.535,0.00037934733,0.00084482663,-0.00050518557,1.4952215e-08,-6.713902e-09,8.941058e-09
04.574,-0.00084238313,-0.0015986344,0.00010567969,-7.282146e-08,3.837248e-08,-4.8139506e-09
04.594,-0.00023151793,-0.00037690386,0.0007165449,-5.3247877e-09,3.2708176e-09,-1.0123137e-08
04.634,-0.00023151793,-0.0009877691,0.0007165449,-3.087527e-08,7.2366904e-09,-2.239746e-08
04.674,0.00037934733,0.00023396139,0.0007165449,4.9684328e-09,-8.055866e-09,-1.5216637e-08
04.713,0.00037934733,0.00023396139,0.00010567969,1.7979505e-09,-2.915215e-09,-8.121291e-10
04.733,-0.00023151793,0.00084482663,0.00010567969,1.8758938e-08,5.140736e-09,-2.3465627e-09
04.776,0.0009902125,-0.00037690386,0.00010567969,-1.0099492e-08,-2.6533673e-08,-2.8317866e-09
04.813,-0.00084238313,-0.00037690386,0.00010567969,-5.8737317e-09,1.31278375e-08,-1.6469297e-09
04.832,-0.00023151793,0.00023396139,0.00010567969,2.0354076e-09,2.0141502e-09,-9.1938784e-10
04.875,-0.00084238313,-0.00037690386,-0.00050518557,-6.6527375e-09,1.4868922e-08,8.91704e-09
04.914,0.00037934733,0.0014556919,0.0007165449,4.069385e-08,-1.060465e-08,-2.0031004e-08
04.932,0.00037934733,-0.0009877691,0.00010567969,-2.643333e-08,-1.01515765e-08,-2.828056e-09
04.973,0.00037934733,-0.00037690386,0.00010567969,-3.4468557e-09,-3.4692018e-09,-9.664604e-10
05.014,0.0009902125,-0.0009877691,0.00010567969,-2.324444e-08,-2.330194e-08,-2.4868823e-09
05.035,0.0009902125,0.00023396139,0.00010567969,6.0229572e-09,-2.549142e-08,-2.7205527e-09
05.076,-0.00023151793,-0.00037690386,-0.00050518557,-4.2459605e-09,2.6081344e-09,5.691101e-09
05.114,0.0016010778,0.00084482663,0.00010567969,2.5702569e-08,-4.8710366e-08,-3.2151437e-09
05.136,0.002211943,-0.00037690386,0.00010567969,-1.4204323e-08,-8.3361186e-08,-3.982736e-09
05.172,-0.0045075747,-0.0015986344,0.0007165449,-1.2970568e-07,3.6572348e-07,-5.813707e-08
05.213,-0.007561901,0.00023396139,0.00010567969,2.9699239e-08,9.599133e-07,-1.3415072e-08
05.235,-0.010005361,-0.00037690386,-0.00050518557,-6.339336e-08,1.6828502e-06,8.496967e-08
05.275,0.002211943,0.002066557,0.0013274102,1.1460018e-07,-1.2266251e-07,-7.3611055e-08
05.314,0.002211943,-0.00037690386,0.0007165449,-1.48945025e-08,-8.741165e-08,-2.831645e-08
05.333,0.00037934733,-0.0015986344,0.0019382754,-6.815e-08,-1.6171624e-08,-8.2628944e-08
05.373,-0.005729305,-0.0022094997,-0.0017269161,-2.3645734e-07,6.131415e-07,1.84812e-07
05.414,-0.00023151793,0.00023396139,0.00010567969,2.0354076e-09,2.0141502e-09,-9.1938784e-10
05.453,0.0009902125,-0.00037690386,0.0013274102,-1.610958e-08,-4.2323542e-08,-5.6736003e-08
05.473,0.0009902125,0.00023396139,-0.00050518557,4.459008e-09,-1.8872198e-08,9.628198e-09
05.514,0.002211943,0.00023396139,0.00010567969,1.3110968e-08,-1.2395513e-07,-5.922186e-09
05.535,0.0016010778,0.00084482663,0.00010567969,2.5702569e-08,-4.8710366e-08,-3.2151437e-09
05.574,0.0028228082,0.00084482663,0.0007165449,4.2980663e-08,-1.4361075e-07,-3.6454313e-08
05.615,0.0016010778,-0.00037690386,0.00010567969,-1.5633656e-08,-6.641137e-08,-4.3835056e-09
05.654,0.038863856,0.0038991529,0.0007165449,2.5555412e-06,-2.5471794e-05,-4.695988e-07
05.675,0.010764056,-0.0015986344,-0.00050518557,-4.3826932e-07,-2.9509922e-06,1.384972e-07
05.713,-0.0014532484,0.00023396139,0.00010567969,8.688963e-09,5.3971398e-08,-3.9247805e-09
05.752,0.00770973,0.002066557,-0.0023377812,2.883664e-07,-1.0758115e-06,3.2621284e-07
05.775,0.004655404,0.00084482663,0.0013274102,1.04477785e-07,-5.7572345e-07,-1.6415784e-07
05.813,0.0028228082,0.00084482663,-0.0011160509,4.465895e-08,-1.4921835e-07,5.8996317e-08
05.853,0.0028228082,-0.0009877691,-0.00050518557,-5.0263072e-08,-1.4363987e-07,2.570659e-08
05.874,0.004044539,0.00084482663,0.00010567969,8.787458e-08,-4.2069243e-07,-1.0992247e-08
05.914,0.0009902125,-0.00037690386,0.00010567969,-6.732995e-09,-1.7689116e-08,-1.8878576e-09
05.953,-0.0014532484,0.00084482663,0.00010567969,2.3872849e-08,4.1065444e-08,-2.9862643e-09
05.973,0.0016010778,0.00023396139,0.00010567969,9.547288e-09,-6.533536e-08,-4.3124824e-09
06.013,0.0009902125,0.00084482663,0.0013274102,2.6350653e-08,-3.0885328e-08,-4.140273e-08
06.053,-0.0014532484,-0.0015986344,0.00010567969,-5.8014034e-08,5.2738013e-08,-3.835088e-09
06.073,-0.00084238313,0.00023396139,-0.00050518557,3.9634225e-09,1.4270391e-08,8.558096e-09
06.113,-0.0014532484,-0.0015986344,0.0007165449,-6.104862e-08,5.549662e-08,-2.73634e-08
06.153,0.002211943,0.00023396139,0.0013274102,1.016734e-08,-9.6125184e-08,-5.7685735e-08
06.173,0.002211943,0.00023396139,0.0013274102,1.016734e-08,-9.6125184e-08,-5.7685735e-08
06.213,-0.00084238313,-0.00037690386,0.0007165449,-7.388106e-09,1.6512477e-08,-1.4045783e-08
06.255,-0.0038967095,-0.0009877691,-0.00050518557,-6.7142736e-08,2.6487538e-07,3.4339553e-08
06.274,-0.00084238313,-0.0015986344,-0.00050518557,-5.0323212e-08,2.6517272e-08,1.5902673e-08
06.315,-0.0020641135,0.0014556919,0.0007165449,6.412019e-08,9.091988e-08,-3.156231e-08
06.354,-0.002674979,0.00023396139,-0.00050518557,1.6087316e-08,1.839331e-07,3.4736853e-08
06.397,-0.00023151793,0.00023396139,0.00010567969,2.0354076e-09,2.0141502e-09,-9.1938784e-10
06.413,-0.00023151793,-0.00037690386,0.0007165449,-5.3247877e-09,3.2708176e-09,-1.0123137e-08
06.454,-0.00084238313,-0.00037690386,-0.00050518557,-9.979106e-09,2.2303384e-08,1.3375561e-08
06.493,-0.0020641135,-0.0022094997,-0.0011160509,-1.7921384e-07,1.6742146e-07,9.0523564e-08
06.515,0.00037934733,0.00084482663,0.0007165449,1.6596546e-08,-7.452246e-09,-1.40764636e-08
06.554,-0.00023151793,0.00023396139,0.00010567969,2.0354076e-09,2.0141502e-09,-9.1938784e-10
06.593,-0.00084238313,-0.0009877691,0.00010567969,-2.1584789e-08,1.8407807e-08,-2.3093187e-09
06.613,0.00037934733,-0.00037690386,0.0007165449,-8.480533e-09,-8.535513e-09,-1.6122634e-08
06.654,-0.00084238313,-0.00037690386,0.00010567969,-8.810598e-09,1.9691756e-08,-2.4703943e-09
06.693,-0.0014532484,-0.0009877691,0.00010567969,-2.9172336e-08,4.2919595e-08,-3.1210965e-09
06.712,-0.00023151793,0.00084482663,-0.00050518557,2.1499083e-08,5.8916507e-09,1.2855923e-08
06.754,0.002211943,0.00084482663,-0.0011160509,5.5652826e-08,-1.457114e-07,7.351968e-08
06.793,0.0009902125,0.00084482663,0.00010567969,1.8509867e-08,-2.1695223e-08,-2.3154063e-09
06.815,-0.00023151793,0.00023396139,0.00010567969,2.0354076e-09,2.0141502e-09,-9.1938784e-10
06.853,0.00037934733,-0.00037690386,-0.00050518557,-4.651775e-09,-4.6819326e-09,6.2350374e-09
06.894,0.0009902125,-0.00037690386,-0.00050518557,-7.422359e-09,-1.9500234e-08,9.948608e-09
06.915,0.00037934733,0.00023396139,0.00010567969,2.6969256e-09,-4.372822e-09,-1.2181935e-09
06.954,-0.002674979,-0.0009877691,0.00010567969,-4.7287973e-08,1.2806063e-07,-5.0592543e-09
06.993,-0.0014532484,-0.0009877691,0.0007165449,-3.1447797e-08,4.6267353e-08,-2.281278e-08
07.014,-0.002674979,-0.0015986344,0.00010567969,-1.2544261e-07,2.0990187e-07,-8.292525e-09
07.056,-0.0014532484,-0.00037690386,0.00010567969,-9.516987e-09,3.6695155e-08,-2.6684581e-09
07.095,-0.0020641135,-0.0009877691,0.00010567969,-3.796193e-08,7.932798e-08,-4.061479e-09
07.136,-0.00023151793,-0.00037690386,0.0013274102,-1.3271255e-08,8.1520355e-09,-4.673977e-08
07.152,-0.00084238313,0.00023396139,-0.00050518557,3.9634225e-09,1.4270391e-08,8.558096e-09
07.195,-0.00511844,-0.0009877691,0.00010567969,-8.640568e-08,4.477385e-07,-9.244372e-09
07.215,-0.003285844,-0.0009877691,-0.00050518557,-5.74733e-08,1.9118669e-07,2.9394204e-08
07.254,-0.0045075747,-0.0009877691,0.00010567969,-7.6492164e-08,3.4906353e-07,-8.18375e-09
07.295,-0.0020641135,-0.0009877691,-0.00050518557,-3.8834653e-08,8.115169e-08,1.9861634e-08
07.334,-0.003285844,-0.0022094997,0.00010567969,-2.202491e-07,3.2754212e-07,-1.0534411e-08
07.355,-0.0045075747,-0.0009877691,0.0007165449,-7.738856e-08,3.5315415e-07,-5.6139e-08
07.395,-0.003285844,-0.0015986344,-0.00050518557,-1.4840596e-07,3.050346e-07,4.6897885e-08
07.435,-0.00084238313,0.00084482663,0.00010567969,2.5464225e-08,2.5390575e-08,-3.18533e-09
07.454,-0.0020641135,-0.0015986344,0.00010567969,-7.008024e-08,9.0485706e-08,-4.6327373e-09
07.495,-0.002674979,-0.0015986344,-0.00050518557,-1.2700725e-07,2.1251995e-07,4.0135664e-08
07.534,-0.0020641135,-0.0009877691,-0.00050518557,-5.8251985e-08,1.2172754e-07,2.9792453e-08
07.555,0.0009902125,0.00023396139,-0.00050518557,4.459008e-09,-1.8872198e-08,9.628198e-09
07.595,-0.00023151793,-0.0009877691,0.0007165449,-3.087527e-08,7.2366904e-09,-2.239746e-08
07.635,-0.0014532484,0.00023396139,-0.00050518557,9.162874e-09,5.6915095e-08,1.9785112e-08
07.654,-0.0014532484,0.00023396139,-0.00050518557,6.108583e-09,3.7943394e-08,1.3190075e-08
07.695,0.00037934733,0.00023396139,-0.00050518557,3.9665573e-09,-6.431416e-09,8.564864e-09
07.734,-0.00084238313,0.00023396139,-0.00050518557,3.9634225e-09,1.4270391e-08,8.558096e-09
07.755,-0.0014532484,-0.00037690386,0.0007165449,-1.5779001e-08,6.083995e-08,-2.999801e-08
07.794,-0.0020641135,-0.0009877691,-0.0011160509,-6.32871e-08,1.3224926e-07,7.15062e-08
07.835,-0.0014532484,0.00023396139,0.0007165449,6.42599e-09,3.9914962e-08,-1.9680643e-08
07.854,-0.00023151793,-0.0009877691,0.0007165449,-3.087527e-08,7.2366904e-09,-2.239746e-08
07.896,-0.00023151793,0.00023396139,0.00010567969,2.0354076e-09,2.0141502e-09,-9.1938784e-10
07.933,-0.00023151793,-0.00037690386,0.00010567969,-2.8757574e-09,1.7664701e-09,-8.0633067e-10
07.954,-0.0014532484,0.00023396139,-0.00050518557,9.162874e-09,5.6915095e-08,1.9785112e-08
07.995,-0.00023151793,0.00023396139,-0.00050518557,2.366719e-09,2.3420013e-09,5.110383e-09
08.035,-0.00084238313,0.00023396139,0.00010567969,3.4566812e-09,1.2445857e-08,-1.561373e-09
08.075,0.00037934733,0.00023396139,0.00010567969,1.7979505e-09,-2.915215e-09,-8.121291e-10
08.094,0.0016010778,-0.00037690386,0.00010567969,-1.0422438e-08,-4.4274245e-08,-2.922337e-09
08.137,0.00037934733,-0.00037690386,0.00010567969,-3.4468557e-09,-3.4692018e-09,-9.664604e-10
08.173,-0.00084238313,-0.0009877691,0.0007165449,-2.4573197e-08,2.0956362e-08,-1.7825824e-08
08.194,0.00037934733,0.00023396139,0.00010567969,1.7979505e-09,-2.915215e-09,-8.121291e-10
08.234,-0.0020641135,-0.0009877691,0.00010567969,-3.796193e-08,7.932798e-08,-4.061479e-09
08.274,-0.002674979,-0.00037690386,0.00010567969,-2.5642649e-08,1.8199215e-07,-7.189914e-09
08.296,-0.003285844,-0.0009877691,0.0007165449,-5.8086968e-08,1.9322809e-07,-4.2137295e-08
08.334,-0.003285844,-0.00037690386,-0.00050518557,-2.1156506e-08,1.8444219e-07,2.8357261e-08
08.375,0.0009902125,0.00023396139,-0.0011160509,8.892045e-09,-3.7634475e-08,4.2417145e-08
08.394,0.006488,0.002066557,-0.00050518557,2.3673013e-07,-7.4321923e-07,5.787056e-08
08.435,-0.0020641135,0.00023396139,0.0007165449,8.6254355e-09,7.609749e-08,-2.64168e-08
08.474,-0.0038967095,0.00084482663,-0.0017269161,9.23811e-08,4.261022e-07,1.8883694e-07
08.497,0.0034336736,-0.00037690386,0.0013274102,-2.3400158e-08,-2.1318029e-07,-8.241252e-08
08.535,-0.002674979,-0.0015986344,0.00010567969,-1.2544261e-07,2.0990187e-07,-8.292525e-09
08.574,-0.0038967095,-0.0009877691,0.00010567969,-9.996264e-08,3.9434863e-07,-1.0694809e-08
08.596,-0.0014532484,-0.00037690386,0.00010567969,-9.516987e-09,3.6695155e-08,-2.6684581e-09
08.634,-0.00084238313,0.00023396139,0.00010567969,5.1850213e-09,1.8668784e-08,-2.3420594e-09
08.675,-0.0014532484,-0.0015986344,0.00010567969,-8.702105e-08,7.910702e-08,-5.7526295e-09
08.693,-0.0014532484,-0.00037690386,-0.0011160509,-1.1829245e-08,4.561065e-08,3.50276e-08
08.736,-0.00084238313,0.00023396139,0.00010567969,5.1850213e-09,1.8668784e-08,-2.3420594e-09
08.773,-0.0020641135,-0.0009877691,0.00010567969,-3.796193e-08,7.932798e-08,-4.061479e-09
08.794,-0.003285844,-0.0009877691,0.00010567969,-8.533085e-08,2.838557e-07,-9.129387e-09
08.835,-0.0038967095,-0.0015986344,0.00010567969,-1.6950148e-07,4.1316392e-07,-1.1205069e-08
08.875,-0.0038967095,-0.0009877691,-0.00050518557,-6.7142736e-08,2.6487538e-07,3.4339553e-08
08.915,-0.00084238313,-0.0009877691,-0.0011160509,-2.8370915e-08,2.4195108e-08,3.2055453e-08
08.934,-0.0014532484,-0.0009877691,0.00010567969,-4.37585e-08,6.437939e-08,-4.6816444e-09
08.976,-0.0014532484,0.00084482663,-0.00050518557,2.4878522e-08,4.2795374e-08,1.4876744e-08
08.996,-0.0014532484,0.00023396139,0.00010567969,8.688963e-09,5.3971398e-08,-3.9247805e-09
09.034,-0.00084238313,-0.0015986344,0.00010567969,-4.854764e-08,2.5581654e-08,-3.2093006e-09
09.075,-0.00084238313,-0.0009877691,0.00010567969,-2.1584789e-08,1.8407807e-08,-2.3093187e-09
09.117,0.00037934733,0.00084482663,0.00010567969,1.321139e-08,-5.93223e-09,-1.6526179e-09
09.134,0.0009902125,0.0014556919,-0.00050518557,4.473226e-08,-3.042845e-08,1.5523954e-08
09.173,-0.00023151793,-0.0009877691,-0.00050518557,-1.8782028e-08,4.4022195e-09,9.605899e-09
09.215,0.002211943,0.00084482663,-0.00050518557,5.1474032e-08,-1.3477039e-07,3.0780207e-08
09.234,0.00037934733,0.00023396139,0.0013274102,5.496234e-09,-8.911649e-09,-3.1183596e-08
09.276,0.00037934733,0.00084482663,-0.0011160509,2.0555516e-08,-9.229917e-09,2.7154686e-08
09.314,0.0016010778,-0.00037690386,-0.00050518557,-1.6320758e-08,-6.9330156e-08,2.1875636e-08
09.334,0.00037934733,0.00023396139,-0.00050518557,2.6443716e-09,-4.2876107e-09,5.70991e-09
09.375,0.00037934733,-0.0015986344,0.00010567969,-4.4158075e-08,-1.0478473e-08,-2.919124e-09
09.414,0.0009902125,0.00023396139,0.00010567969,6.0229572e-09,-2.549142e-08,-2.7205527e-09
09.435,-0.00084238313,-0.00037690386,-0.00050518557,-6.6527375e-09,1.4868922e-08,8.91704e-09
09.474,0.0009902125,0.00023396139,0.00010567969,6.0229572e-09,-2.549142e-08,-2.7205527e-09
09.514,-0.00023151793,-0.0009877691,-0.00050518557,-2.8173044e-08,6.6033294e-09,1.4408848e-08
09.533,-0.00084238313,-0.00037690386,0.00010567969,-5.8737317e-09,1.31278375e-08,-1.6469297e-09
09.574,-0.00023151793,-0.00037690386,0.00010567969,-4.313636e-09,2.6497051e-09,-1.2094961e-09
09.615,0.00037934733,0.00023396139,-0.00050518557,3.9665573e-09,-6.431416e-09,8.564864e-09
09.635,0.00037934733,0.00023396139,-0.00050518557,2.6443716e-09,-4.2876107e-09,5.70991e-09
09.675,-0.00084238313,-0.00037690386,-0.00050518557,-9.979106e-09,2.2303384e-08,1.3375561e-08
09.714,-0.00084238313,0.00084482663,0.00010567969,1.697615e-08,1.692705e-08,-2.1235533e-09
09.735,0.0009902125,0.00023396139,0.00010567969,6.0229572e-09,-2.549142e-08,-2.7205527e-09
09.775,-0.00023151793,-0.0009877691,0.00010567969,-2.535587e-08,5.943027e-09,-2.7127802e-09
09.815,0.00037934733,0.00023396139,0.00010567969,1.7979505e-09,-2.915215e-09,-8.121291e-10
09.854,-0.0020641135,-0.00037690386,0.0007165449,-1.4020352e-08,7.678245e-08,-2.6654577e-08
09.874,-0.00023151793,0.00023396139,-0.00050518557,3.5500785e-09,3.5130021e-09,7.665575e-09
09.915,-0.00023151793,-0.0009877691,0.0007165449,-2.0583515e-08,4.8244604e-09,-1.4931642e-08
09.954,-0.00023151793,-0.0009877691,0.00010567969,-1.6903913e-08,3.962018e-09,-1.8085201e-09
09.974,0.00037934733,0.00084482663,0.00010567969,1.321139e-08,-5.93223e-09,-1.6526179e-09
10.014,0.00037934733,0.00084482663,0.00010567969,1.321139e-08,-5.93223e-09,-1.6526179e-09
10.053,0.00037934733,-0.00037690386,0.00010567969,-3.4468557e-09,-3.4692018e-09,-9.664604e-10
10.073,0.0009902125,-0.00037690386,0.0013274102,-1.073972e-08,-2.8215696e-08,-3.7824005e-08
10.115,-0.00084238313,-0.00037690386,0.00010567969,-5.8737317e-09,1.31278375e-08,-1.6469297e-09
10.153,0.00037934733,-0.0009877691,0.00010567969,-1.7622222e-08,-6.767718e-09,-1.8853707e-09
10.173,0.0009902125,0.00084482663,0.0007165449,2.105991e-08,-2.4684102e-08,-1.7862092e-08
10.214,0.0009902125,0.00023396139,0.0007165449,4.8848032e-09,-2.0674324e-08,-1.4960507e-08
10.255,-0.00084238313,-0.00037690386,0.00010567969,-8.810598e-09,1.9691756e-08,-2.4703943e-09
10.273,0.0009902125,-0.00037690386,0.0007165449,-8.088053e-09,-2.1249164e-08,-1.5376477e-08
10.313,0.00037934733,-0.00037690386,-0.00050518557,-4.651775e-09,-4.6819326e-09,6.2350374e-09
10.352,0.0009902125,-0.00037690386,0.0007165449,-1.21320785e-08,-3.1873743e-08,-2.3064713e-08
10.373,0.00037934733,-0.00037690386,0.0007165449,-5.6536886e-09,-5.6903415e-09,-1.0748423e-08
10.414,0.00037934733,0.00023396139,-0.00050518557,2.6443716e-09,-4.2876107e-09,5.70991e-09
10.454,0.00037934733,0.00023396139,-0.00050518557,3.9665573e-09,-6.431416e-09,8.564864e-09
10.493,-0.00023151793,-0.00037690386,0.00010567969,-2.8757574e-09,1.7664701e-09,-8.0633067e-10
10.513,0.00037934733,-0.00037690386,0.00010567969,-5.1702833e-09,-5.2038023e-09,-1.4496905e-09
10.553,0.00037934733,0.00023396139,0.00010567969,2.6969256e-09,-4.372822e-09,-1.2181935e-09
10.593,-0.00084238313,-0.00037690386,0.00010567969,-5.8737317e-09,1.31278375e-08,-1.6469297e-09
10.615,-0.00023151793,0.00023396139,0.00010567969,2.0354076e-09,2.0141502e-09,-9.1938784e-10
10.655,0.00037934733,0.00084482663,-0.0011160509,3.083327e-08,-1.3844875e-08,4.0732026e-08
10.693,0.0009902125,0.00084482663,0.00010567969,1.8509867e-08,-2.1695223e-08,-2.3154063e-09
10.715,0.00037934733,0.00084482663,0.0007165449,2.489482e-08,-1.11783685e-08,-2.1114696e-08
10.753,-0.00084238313,-0.00037690386,0.00010567969,-5.8737317e-09,1.31278375e-08,-1.6469297e-09
10.794,-0.00023151793,0.00084482663,0.00010567969,1.2505959e-08,3.4271572e-09,-1.5643752e-09
10.814,0.00037934733,-0.00037690386,-0.00050518557,-6.977662e-09,-7.0228983e-09,9.352555e-09
10.853,0.0009902125,0.0014556919,0.00010567969,4.3074508e-08,-2.9300788e-08,-3.127104e-09
10.895,-0.00023151793,0.00023396139,0.00010567969,1.3569385e-09,1.3427668e-09,-6.1292527e-10
10.914,-0.00084238313,-0.0009877691,-0.00050518557,-3.4627767e-08,2.9531037e-08,1.7710057e-08
10.955,-0.0020641135,-0.0015986344,0.00010567969,-7.008024e-08,9.0485706e-08,-4.6327373e-09
10.993,0.0009902125,-0.00037690386,0.00010567969,-6.732995e-09,-1.7689116e-08,-1.8878576e-09
11.015,0.00037934733,0.0014556919,0.00010567969,3.6829448e-08,-9.597603e-09,-2.6737281e-09
11.057,0.00037934733,0.00023396139,-0.00050518557,2.6443716e-09,-4.2876107e-09,5.70991e-09
11.093,-0.00084238313,-0.00037690386,-0.00050518557,-6.6527375e-09,1.4868922e-08,8.91704e-09
11.113,-0.00023151793,0.00023396139,-0.00050518557,2.366719e-09,2.3420013e-09,5.110383e-09
11.152,-0.00084238313,0.00023396139,0.00010567969,3.4566812e-09,1.2445857e-08,-1.561373e-09
11.195,0.00037934733,0.00084482663,0.0007165449,1.6596546e-08,-7.452246e-09,-1.40764636e-08
11.214,0.00037934733,0.00023396139,0.00010567969,1.7979505e-09,-2.915215e-09,-8.121291e-10
11.254,0.00037934733,-0.0009877691,0.0007165449,-2.117738e-08,-8.133057e-09,-1.536244e-08
11.294,-0.00084238313,0.00084482663,0.00010567969,2.5464225e-08,2.5390575e-08,-3.18533e-09
11.314,0.0016010778,-0.00037690386,0.0007165449,-1.134507e-08,-4.819356e-08,-2.1568502e-08
11.354,-0.00084238313,-0.0009877691,-0.0017269161,-3.580298e-08,3.0533275e-08,6.2594324e-08
11.393,-0.0045075747,-0.0015986344,-0.00050518557,-1.934815e-07,5.455483e-07,6.1142266e-08
11.435,0.00037934733,-0.0009877691,-0.00050518557,-1.9431031e-08,-7.462381e-09,9.937825e-09
11.454,-0.003285844,-0.0015986344,0.0013274102,-1.5640693e-07,3.2147992e-07,-1.2987093e-07
11.494,-0.0045075747,0.0014556919,-0.00050518557,1.745105e-07,5.403748e-07,6.056235e-08
11.535,0.006488,0.00023396139,0.00010567969,2.5486756e-08,-7.0677515e-07,-1.1512288e-08
11.553,0.004655404,0.00023396139,-0.00050518557,2.7605552e-08,-5.492997e-07,5.9607785e-08
11.593,0.00037934733,0.00023396139,0.00010567969,2.6969256e-09,-4.372822e-09,-1.2181935e-09
11.634,0.0016010778,0.00023396139,-0.00050518557,6.6536843e-09,-4.5533437e-08,1.4367093e-08
11.653,0.0034336736,-0.00037690386,-0.00050518557,-3.3112872e-08,-3.0166532e-07,4.4383064e-08
11.694,0.00037934733,0.00023396139,0.00010567969,1.7979505e-09,-2.915215e-09,-8.121291e-10
11.734,0.00037934733,0.00023396139,0.0007165449,3.3122887e-09,-5.3705778e-09,-1.0144424e-08
11.753,0.002211943,0.00084482663,0.0013274102,5.771205e-08,-1.5110294e-07,-9.067845e-08
11.795,0.00037934733,0.00023396139,-0.00050518557,2.6443716e-09,-4.2876107e-09,5.70991e-09
11.835,0.00037934733,-0.0009877691,0.00010567969,-1.7622222e-08,-6.767718e-09,-1.8853707e-09
11.854,0.00037934733,0.00084482663,0.0013274102,3.4411272e-08,-1.5451485e-08,-5.406775e-08
11.894,-0.0014532484,-0.0009877691,-0.0017269161,-4.0828613e-08,6.006881e-08,7.1380626e-08
11.933,-0.00084238313,-0.00037690386,-0.00050518557,-6.6527375e-09,1.4868922e-08,8.91704e-09
11.955,0.002211943,0.00023396139,0.0007165449,9.17265e-09,-8.6721066e-08,-2.8092739e-08
11.993,-0.00023151793,-0.00037690386,0.00010567969,-2.8757574e-09,1.7664701e-09,-8.0633067e-10
12.034,0.0016010778,-0.00037690386,0.0013274102,-1.33654625e-08,-5.6776134e-08,-4.7071552e-08
12.073,0.0009902125,-0.0009877691,0.0019382754,-5.9415978e-08,-5.956295e-08,-1.1659053e-07
12.093,-0.00023151793,-0.0015986344,0.00010567969,-4.3416307e-08,6.28765e-09,-2.8700882e-09
12.133,-0.00084238313,0.00023396139,0.00010567969,3.4566812e-09,1.2445857e-08,-1.561373e-09
12.173,-0.00023151793,-0.0015986344,-0.00050518557,-6.808956e-08,9.860886e-09,2.151703e-08
12.194,0.0009902125,0.00023396139,0.00010567969,4.015305e-09,-1.6994282e-08,-1.8137019e-09
12.233,0.0009902125,0.00023396139,0.0007165449,7.3272046e-09,-3.1011485e-08,-2.244076e-08
12.274,0.00037934733,0.00084482663,-0.00050518557,2.2428322e-08,-1.0070853e-08,1.34115865e-08
12.293,0.002211943,0.00023396139,0.00010567969,8.7406455e-09,-8.263675e-08,-3.948124e-09
12.338,0.0034336736,0.00084482663,-0.00050518557,7.5943056e-08,-3.0865937e-07,4.5412087e-08
12.375,0.00037934733,0.0014556919,-0.00050518557,5.8132883e-08,-1.514919e-08,2.0174527e-08
12.394,-0.00084238313,0.002066557,-0.0011160509,8.6509964e-08,3.5263746e-08,4.671999e-08
12.434,0.00037934733,0.00023396139,0.00010567969,2.6969256e-09,-4.372822e-09,-1.2181935e-09
12.474,-0.00084238313,-0.00037690386,0.00010567969,-5.8737317e-09,1.31278375e-08,-1.6469297e-09
12.493,-0.00023151793,0.00023396139,-0.00050518557,3.5500785e-09,3.5130021e-09,7.665575e-09
12.534,0.00037934733,-0.0015986344,0.00010567969,-6.623711e-08,-1.5717708e-08,-4.378686e-09
12.574,-0.00084238313,-0.0009877691,0.0013274102,-3.0769172e-08,2.6240377e-08,-4.134905e-08
12.594,0.00037934733,0.00084482663,-0.00050518557,2.2428322e-08,-1.0070853e-08,1.34115865e-08
12.635,-0.0020641135,0.00023396139,0.00010567969,1.2246788e-08,1.0804672e-07,-5.5318394e-09
12.673,-0.0020641135,-0.0015986344,0.00010567969,-7.008024e-08,9.0485706e-08,-4.6327373e-09
12.693,0.0009902125,-0.0009877691,-0.00050518557,-3.6965986e-08,-3.7057426e-08,1.8905919e-08
12.733,-0.00084238313,-0.0015986344,-0.0011160509,-5.6963458e-08,3.0016277e-08,3.9767762e-08
12.773,-0.00084238313,-0.00037690386,0.0007165449,-7.388106e-09,1.6512477e-08,-1.4045783e-08
12.793,-0.00084238313,-0.0015986344,-0.00050518557,-7.548481e-08,3.977591e-08,2.385401e-08
12.835,-0.00084238313,0.00023396139,-0.0011160509,5.564845e-09,2.003635e-08,2.6545623e-08
12.875,-0.0014532484,0.00023396139,0.00010567969,5.7926433e-09,3.5980936e-08,-2.6165203e-09
12.895,0.0009902125,0.0014556919,0.0007165449,6.963288e-08,-4.7366722e-08,-3.4275857e-08
12.935,-0.0014532484,-0.0009877691,0.0007165449,-3.1447797e-08,4.6267353e-08,-2.281278e-08
12.974,-0.0014532484,-0.0009877691,-0.00050518557,-3.0299297e-08,4.457763e-08,1.5496301e-08
13.015,0.00037934733,0.00084482663,0.00010567969,1.9817087e-08,-8.898344e-09,-2.4789268e-09
13.034,-0.0020641135,-0.0015986344,-0.0011160509,-7.6152496e-08,9.832604e-08,5.3164168e-08
13.074,-0.0014532484,-0.0009877691,0.00010567969,-2.9172336e-08,4.2919595e-08,-3.1210965e-09
13.118,0.00037934733,0.00084482663,0.0007165449,2.489482e-08,-1.11783685e-08,-2.1114696e-08
13.132,0.00037934733,-0.00037690386,0.00010567969,-3.4468557e-09,-3.4692018e-09,-9.664604e-10
13.173,-0.00084238313,0.00023396139,-0.00050518557,3.9634225e-09,1.4270391e-08,8.558096e-09
13.214,0.0009902125,0.00023396139,0.00010567969,6.0229572e-09,-2.549142e-08,-2.7205527e-09
13.234,0.0009902125,-0.0009877691,0.0007165449,-2.6043097e-08,-2.610752e-08,-1.8892116e-08
13.272,0.0009902125,0.00084482663,0.00010567969,2.7764798e-08,-3.2542832e-08,-3.473109e-09
13.313,-0.00084238313,-0.0009877691,0.00010567969,-3.2377184e-08,2.7611708e-08,-3.4639775e-09
13.334,0.00037934733,0.00023396139,-0.00050518557,2.6443716e-09,-4.2876107e-09,5.70991e-09
13.374,0.00037934733,0.00023396139,-0.00050518557,3.9665573e-09,-6.431416e-09,8.564864e-09
13.414,-0.00084238313,-0.0009877691,-0.0011160509,-2.8370915e-08,2.4195108e-08,3.2055453e-08
13.434,0.00037934733,0.00023396139,-0.00050518557,3.9665573e-09,-6.431416e-09,8.564864e-09
13.473,-0.00023151793,-0.00037690386,0.00010567969,-4.313636e-09,2.6497051e-09,-1.2094961e-09
13.515,0.0016010778,0.00084482663,0.0007165449,2.7595775e-08,-5.2298283e-08,-2.3405526e-08
13.535,-0.00023151793,-0.00037690386,0.00010567969,-4.313636e-09,2.6497051e-09,-1.2094961e-09
13.573,-0.00023151793,0.00023396139,0.0007165449,4.6427147e-09,4.5942268e-09,-1.4219071e-08
13.613,0.00037934733,0.00023396139,0.00010567969,1.7979505e-09,-2.915215e-09,-8.121291e-10
13.633,0.0009902125,0.00084482663,-0.00050518557,2.9684958e-08,-3.4793434e-08,1.7750876e-08
13.675,0.00037934733,0.00023396139,0.00010567969,1.7979505e-09,-2.915215e-09,-8.121291e-10
13.714,-0.0014532484,0.0014556919,-0.00050518557,5.1728254e-08,5.1641425e-08,1.7951852e-08
13.733,-0.00084238313,0.00084482663,0.0007165449,2.9588206e-08,2.9502628e-08,-2.509542e-08
13.774,-0.00023151793,-0.00037690386,-0.00050518557,-4.2459605e-09,2.6081344e-09,5.691101e-09
13.814,0.00037934733,-0.00037690386,0.0007165449,-5.6536886e-09,-5.6903415e-09,-1.0748423e-08
13.854,-0.00023151793,0.00023396139,0.00010567969,1.3569385e-09,1.3427668e-09,-6.1292527e-10
13.874,0.0009902125,0.00023396139,0.00010567969,4.015305e-09,-1.6994282e-08,-1.8137019e-09
13.914,-0.00084238313,0.00023396139,0.00010567969,3.4566812e-09,1.2445857e-08,-1.561373e-09
13.954,-0.00084238313,-0.00037690386,0.00010567969,-8.810598e-09,1.9691756e-08,-2.4703943e-09
13.973,0.0009902125,0.00023396139,0.00010567969,4.015305e-09,-1.6994282e-08,-1.8137019e-09
14.014,-0.00023151793,0.00084482663,0.00010567969,1.2505959e-08,3.4271572e-09,-1.5643752e-09
14.054,0.00037934733,0.00023396139,0.0007165449,4.9684328e-09,-8.055866e-09,-1.5216637e-08
14.073,-0.0014532484,-0.00037690386,0.00010567969,-9.516987e-09,3.6695155e-08,-2.6684581e-09
14.115,-0.00023151793,0.00023396139,0.0007165449,3.0951433e-09,3.062818e-09,-9.479381e-09
14.140,-0.00084238313,-0.00037690386,-0.00050518557,-6.6527375e-09,1.4868922e-08,8.91704e-09
14.173,-0.00023151793,-0.0009877691,-0.00050518557,-1.8782028e-08,4.4022195e-09,9.605899e-09
14.214,0.00037934733,-0.00037690386,0.00010567969,-5.1702833e-09,-5.2038023e-09,-1.4496905e-09
14.255,-0.00023151793,0.00023396139,0.0007165449,4.6427147e-09,4.5942268e-09,-1.4219071e-08
14.273,0.00037934733,0.00023396139,-0.0011160509,4.717148e-09,-7.64843e-09,2.2501906e-08
14.314,-0.00023151793,-0.0009877691,-0.00050518557,-2.8173044e-08,6.6033294e-09,1.4408848e-08
14.353,-0.0014532484,-0.0009877691,0.00010567969,-4.37585e-08,6.437939e-08,-4.6816444e-09
14.375,-0.0014532484,-0.0015986344,0.00010567969,-5.8014034e-08,5.2738013e-08,-3.835088e-09
14.413,0.00037934733,-0.00037690386,0.00010567969,-5.1702833e-09,-5.2038023e-09,-1.4496905e-09
14.453,-0.00023151793,0.00023396139,0.00010567969,1.3569385e-09,1.3427668e-09,-6.1292527e-10
14.473,0.00037934733,-0.00037690386,0.00010567969,-5.1702833e-09,-5.2038023e-09,-1.4496905e-09
14.514,0.00037934733,0.00023396139,0.00010567969,2.6969256e-09,-4.372822e-09,-1.2181935e-09
14.553,-0.00084238313,-0.00037690386,-0.0011160509,-9.15744e-09,2.046695e-08,2.7116116e-08
14.573,-0.00023151793,-0.00037690386,0.0007165449,-7.987182e-09,4.9062265e-09,-1.5184705e-08
14.614,-0.00084238313,-0.00037690386,0.0007165449,-1.1082159e-08,2.4768713e-08,-2.1068674e-08
14.653,-0.00023151793,-0.00037690386,-0.00050518557,-4.2459605e-09,2.6081344e-09,5.691101e-09
14.694,-0.0014532484,0.00023396139,-0.00050518557,6.108583e-09,3.7943394e-08,1.3190075e-08
14.714,-0.00084238313,0.00023396139,0.0013274102,6.238959e-09,2.2463508e-08,-3.539754e-08
14.753,0.00037934733,0.00023396139,0.00010567969,1.7979505e-09,-2.915215e-09,-8.121291e-10
14.793,0.00037934733,-0.0009877691,-0.00050518557,-1.9431031e-08,-7.462381e-09,9.937825e-09
14.812,0.00037934733,-0.0009877691,0.0007165449,-2.117738e-08,-8.133057e-09,-1.536244e-08
14.854,-0.00084238313,-0.00037690386,-0.00050518557,-6.6527375e-09,1.4868922e-08,8.91704e-09
14.894,-0.00023151793,-0.00037690386,0.00010567969,-2.8757574e-09,1.7664701e-09,-8.0633067e-10
14.913,-0.00084238313,-0.0009877691,0.00010567969,-2.1584789e-08,1.8407807e-08,-2.3093187e-09
14.953,-0.00084238313,0.00023396139,0.00010567969,3.4566812e-09,1.2445857e-08,-1.561373e-09
14.995,-0.00084238313,0.00023396139,0.00010567969,5.1850213e-09,1.8668784e-08,-2.3420594e-09
15.014,-0.00084238313,0.00023396139,-0.00050518557,3.9634225e-09,1.4270391e-08,8.558096e-09
15.053,0.0016010778,0.00023396139,0.00010567969,6.3648593e-09,-4.355691e-08,-2.8749885e-09
15.093,-0.00084238313,-0.0009877691,0.0007165449,-3.685979e-08,3.1434542e-08,-2.6738736e-08
15.112,-0.00023151793,-0.00037690386,0.0007165449,-5.3247877e-09,3.2708176e-09,-1.0123137e-08
15.153,-0.00023151793,-0.00037690386,0.00010567969,-2.8757574e-09,1.7664701e-09,-8.0633067e-10
15.193,0.00037934733,0.00023396139,0.00010567969,2.6969256e-09,-4.372822e-09,-1.2181935e-09
15.214,0.00037934733,0.00023396139,0.0007165449,3.3122887e-09,-5.3705778e-09,-1.0144424e-08
15.253,-0.00084238313,0.00084482663,-0.00050518557,2.7545228e-08,2.7465559e-08,1.647137e-08
15.295,-0.0020641135,-0.0009877691,0.00010567969,-5.6942895e-08,1.1899197e-07,-6.092217e-09
15.314,-0.0045075747,-0.0022094997,0.00010567969,-1.8612783e-07,3.7971722e-07,-8.9024015e-09
15.352,-0.0063401703,-0.0009877691,-0.0023377812,-1.6976189e-07,1.0896453e-06,4.0177986e-07
15.393,-0.00023151793,-0.0009877691,0.0007165449,-3.087527e-08,7.2366904e-09,-2.239746e-08
15.414,-0.00084238313,-0.0009877691,0.0007165449,-2.4573197e-08,2.0956362e-08,-1.7825824e-08
15.454,-0.00084238313,-0.0015986344,0.00010567969,-7.282146e-08,3.837248e-08,-4.8139506e-09
15.494,0.00037934733,-0.00037690386,0.00010567969,-3.4468557e-09,-3.4692018e-09,-9.664604e-10
15.534,-0.00023151793,-0.0009877691,-0.00050518557,-1.8782028e-08,4.4022195e-09,9.605899e-09
15.555,0.0009902125,0.00023396139,-0.00050518557,6.6885115e-09,-2.8308294e-08,1.4442295e-08
15.594,-0.00084238313,-0.0009877691,0.0007165449,-2.4573197e-08,2.0956362e-08,-1.7825824e-08
15.634,0.00037934733,0.00023396139,0.00010567969,1.7979505e-09,-2.915215e-09,-8.121291e-10
15.654,-0.00023151793,0.00023396139,0.00010567969,1.3569385e-09,1.3427668e-09,-6.1292527e-10
15.695,-0.00084238313,-0.00037690386,0.0007165449,-7.388106e-09,1.6512477e-08,-1.4045783e-08
15.732,0.00037934733,-0.00037690386,-0.00050518557,-4.651775e-09,-4.6819326e-09,6.2350374e-09
15.753,-0.00023151793,-0.00037690386,0.00010567969,-2.8757574e-09,1.7664701e-09,-8.0633067e-10
15.793,0.0016010778,-0.00037690386,-0.0011160509,-1.2569216e-08,-5.339371e-08,3.7218737e-08
15.835,-0.00023151793,0.00023396139,0.00010567969,1.3569385e-09,1.3427668e-09,-6.1292527e-10
15.854,-0.00023151793,-0.0009877691,-0.00050518557,-1.8782028e-08,4.4022195e-09,9.605899e-09
15.896,-0.00023151793,-0.00037690386,-0.00050518557,-4.2459605e-09,2.6081344e-09,5.691101e-09
15.938,0.0016010778,0.00023396139,0.00010567969,9.547288e-09,-6.533536e-08,-4.3124824e-09
15.953,0.00037934733,-0.00037690386,0.00010567969,-3.4468557e-09,-3.4692018e-09,-9.664604e-10
15.994,0.0009902125,-0.00037690386,-0.00050518557,-7.422359e-09,-1.9500234e-08,9.948608e-09
16.035,-0.00023151793,-0.00037690386,-0.00050518557,-6.36894e-09,3.9122017e-09,8.5366505e-09
16.054,0.00037934733,0.00084482663,0.00010567969,1.321139e-08,-5.93223e-09,-1.6526179e-09
16.095,0.00037934733,0.00084482663,-0.00050518557,1.4952215e-08,-6.713902e-09,8.941058e-09
16.133,-0.00084238313,-0.00037690386,0.00010567969,-8.810598e-09,1.9691756e-08,-2.4703943e-09
16.153,-0.00084238313,-0.00037690386,0.0007165449,-7.388106e-09,1.6512477e-08,-1.4045783e-08
16.192,0.0016010778,0.00023396139,-0.00050518557,9.980526e-09,-6.8300146e-08,2.1550639e-08
16.234,-0.00023151793,0.00023396139,0.00010567969,2.0354076e-09,2.0141502e-09,-9.1938784e-10
16.254,0.00037934733,0.00023396139,0.00010567969,1.7979505e-09,-2.915215e-09,-8.121291e-10
16.296,-0.00023151793,0.00023396139,0.00010567969,2.0354076e-09,2.0141502e-09,-9.1938784e-10
16.335,0.00037934733,-0.00037690386,0.00010567969,-5.1702833e-09,-5.2038023e-09,-1.4496905e-09
16.354,-0.0014532484,-0.0009877691,-0.0011160509,-3.449682e-08,5.075321e-08,3.8976932e-08
16.394,0.00037934733,-0.0009877691,0.00010567969,-2.643333e-08,-1.01515765e-08,-2.828056e-09
16.435,-0.0014532484,-0.00037690386,-0.00050518557,-1.00165485e-08,3.8621344e-08,1.3425747e-08
16.475,-0.00084238313,-0.0009877691,0.00010567969,-2.1584789e-08,1.8407807e-08,-2.3093187e-09
16.494,-0.00084238313,-0.00037690386,-0.00050518557,-9.979106e-09,2.2303384e-08,1.3375561e-08
16.535,-0.00023151793,-0.00037690386,-0.00050518557,-4.2459605e-09,2.6081344e-09,5.691101e-09
16.575,0.00037934733,0.00023396139,-0.00050518557,2.6443716e-09,-4.2876107e-09,5.70991e-09
16.595,-0.00023151793,-0.0009877691,0.00010567969,-2.535587e-08,5.943027e-09,-2.7127802e-09
16.633,-0.00023151793,0.00023396139,0.00010567969,1.3569385e-09,1.3427668e-09,-6.1292527e-10
16.674,-0.00084238313,-0.00037690386,-0.00050518557,-6.6527375e-09,1.4868922e-08,8.91704e-09
16.695,0.00037934733,-0.00037690386,0.00010567969,-5.1702833e-09,-5.2038023e-09,-1.4496905e-09
16.733,-0.00084238313,-0.0009877691,-0.0011160509,-2.8370915e-08,2.4195108e-08,3.2055453e-08
16.775,0.00037934733,0.00023396139,0.0007165449,3.3122887e-09,-5.3705778e-09,-1.0144424e-08
16.794,0.00037934733,0.0014556919,0.0007165449,4.069385e-08,-1.060465e-08,-2.0031004e-08
16.834,-0.00023151793,0.00023396139,-0.00050518557,2.366719e-09,2.3420013e-09,5.110383e-09
16.875,0.0009902125,-0.0009877691,0.00010567969,-2.324444e-08,-2.330194e-08,-2.4868823e-09
16.894,-0.00084238313,0.00023396139,0.00010567969,3.4566812e-09,1.2445857e-08,-1.561373e-09
16.935,-0.00084238313,-0.0009877691,-0.0011160509,-2.8370915e-08,2.4195108e-08,3.2055453e-08
16.974,0.00037934733,-0.0009877691,-0.00050518557,-1.9431031e-08,-7.462381e-09,9.937825e-09
16.994,0.0009902125,-0.00037690386,-0.00050518557,-7.422359e-09,-1.9500234e-08,9.948608e-09
17.034,0.00037934733,0.00023396139,0.0007165449,3.3122887e-09,-5.3705778e-09,-1.0144424e-08
17.073,0.0009902125,0.0014556919,0.00010567969,6.461176e-08,-4.3951182e-08,-4.6906554e-09
17.093,0.0009902125,0.00023396139,-0.0011160509,5.92803e-09,-2.5089651e-08,2.8278098e-08
17.132,-0.00084238313,-0.0009877691,-0.00050518557,-2.3085178e-08,1.968736e-08,1.1806706e-08
17.173,0.00037934733,0.00023396139,-0.00050518557,3.9665573e-09,-6.431416e-09,8.564864e-09
17.214,0.0009902125,0.00084482663,-0.00050518557,2.9684958e-08,-3.4793434e-08,1.7750876e-08
17.234,0.0009902125,-0.00037690386,-0.00050518557,-7.422359e-09,-1.9500234e-08,9.948608e-09
17.274,-0.00084238313,-0.0009877691,0.00010567969,-3.2377184e-08,2.7611708e-08,-3.4639775e-09
17.295,-0.00023151793,0.00023396139,0.00010567969,1.3569385e-09,1.3427668e-09,-6.1292527e-10
17.335,0.00037934733,0.00023396139,-0.0017269161,1.0500962e-08,-1.7026363e-08,7.75097e-08
17.374,0.00037934733,-0.00037690386,0.00010567969,-5.1702833e-09,-5.2038023e-09,-1.4496905e-09
17.412,0.00037934733,-0.00037690386,-0.00050518557,-4.651775e-09,-4.6819326e-09,6.2350374e-09
17.434,-0.00023151793,0.00023396139,-0.00050518557,3.5500785e-09,3.5130021e-09,7.665575e-09
17.474,-0.00084238313,-0.0009877691,0.0007165449,-3.685979e-08,3.1434542e-08,-2.6738736e-08
17.514,-0.0020641135,0.00023396139,0.0007165449,8.6254355e-09,7.609749e-08,-2.64168e-08
17.534,-0.0020641135,0.00023396139,0.00010567969,1.2246788e-08,1.0804672e-07,-5.5318394e-09
17.573,-0.00023151793,0.00023396139,-0.00050518557,2.366719e-09,2.3420013e-09,5.110383e-09
17.613,-0.00023151793,-0.00037690386,0.0007165449,-5.3247877e-09,3.2708176e-09,-1.0123137e-08
17.634,-0.00023151793,0.00023396139,-0.00050518557,3.5500785e-09,3.5130021e-09,7.665575e-09
17.674,-0.00023151793,-0.00037690386,-0.00050518557,-4.2459605e-09,2.6081344e-09,5.691101e-09
17.714,0.0009902125,0.0014556919,0.00010567969,4.3074508e-08,-2.9300788e-08,-3.127104e-09
17.734,-0.0020641135,-0.0009877691,0.0007165449,-5.960583e-08,1.2455664e-07,-4.3239105e-08
17.774,0.00037934733,-0.0009877691,-0.00050518557,-1.9431031e-08,-7.462381e-09,9.937825e-09
17.813,-0.00023151793,-0.00037690386,-0.00050518557,-4.2459605e-09,2.6081344e-09,5.691101e-09
17.834,0.00037934733,0.00023396139,-0.00050518557,2.6443716e-09,-4.2876107e-09,5.70991e-09
17.874,-0.00084238313,0.00023396139,0.00010567969,3.4566812e-09,1.2445857e-08,-1.561373e-09
17.915,0.00037934733,-0.00037690386,-0.00050518557,-4.651775e-09,-4.6819326e-09,6.2350374e-09
17.933,0.0028228082,0.00084482663,-0.00050518557,4.2372882e-08,-1.4157995e-07,2.5337943e-08
17.974,0.00037934733,-0.0015986344,0.0007165449,-4.807536e-08,-1.1408023e-08,-2.154849e-08
18.013,0.0016010778,0.00023396139,-0.00050518557,6.6536843e-09,-4.5533437e-08,1.4367093e-08
18.036,0.00037934733,-0.00037690386,0.0007165449,-5.6536886e-09,-5.6903415e-09,-1.0748423e-08
18.073,0.00037934733,-0.0009877691,0.0007165449,-2.117738e-08,-8.133057e-09,-1.536244e-08
18.115,0.0009902125,-0.0015986344,0.00010567969,-7.5772306e-08,-4.693424e-08,-5.009023e-09
18.153,0.00037934733,0.0014556919,0.0013274102,7.349562e-08,-1.9152658e-08,-6.701888e-08
18.174,0.00037934733,0.00084482663,-0.00050518557,1.4952215e-08,-6.713902e-09,8.941058e-09
18.214,0.00037934733,0.00023396139,0.00010567969,2.6969256e-09,-4.372822e-09,-1.2181935e-09
18.254,0.00037934733,0.00023396139,0.00010567969,2.6969256e-09,-4.372822e-09,-1.2181935e-09
18.274,-0.00084238313,-0.0009877691,0.0007165449,-2.4573197e-08,2.0956362e-08,-1.7825824e-08
18.315,0.0016010778,-0.00037690386,0.0007165449,-1.7017603e-08,-7.2290334e-08,-3.235275e-08
18.353,-0.00084238313,-0.0009877691,0.00010567969,-2.1584789e-08,1.8407807e-08,-2.3093187e-09
18.375,-0.00084238313,-0.0009877691,0.0007165449,-3.685979e-08,3.1434542e-08,-2.6738736e-08
18.415,-0.00023151793,-0.00037690386,-0.0011160509,-1.1386962e-08,6.994584e-09,3.3717956e-08
18.455,0.00037934733,-0.00037690386,0.00010567969,-3.4468557e-09,-3.4692018e-09,-9.664604e-10
18.473,-0.00084238313,0.00084482663,-0.00050518557,2.7545228e-08,2.7465559e-08,1.647137e-08
18.515,-0.00023151793,0.00023396139,0.00010567969,2.0354076e-09,2.0141502e-09,-9.1938784e-10
18.553,-0.00023151793,-0.00037690386,0.00010567969,-2.8757574e-09,1.7664701e-09,-8.0633067e-10
18.574,-0.00023151793,-0.00037690386,0.00010567969,-4.313636e-09,2.6497051e-09,-1.2094961e-09
18.613,-0.00023151793,-0.0009877691,0.00010567969,-1.6903913e-08,3.962018e-09,-1.8085201e-09
18.656,-0.00023151793,-0.00037690386,-0.00050518557,-4.2459605e-09,2.6081344e-09,5.691101e-09
18.674,-0.00023151793,0.00023396139,0.00010567969,2.0354076e-09,2.0141502e-09,-9.1938784e-10
18.714,-0.00023151793,0.00023396139,-0.00050518557,2.366719e-09,2.3420013e-09,5.110383e-09
18.753,-0.00023151793,0.00023396139,0.00010567969,1.3569385e-09,1.3427668e-09,-6.1292527e-10
18.792,-0.00023151793,0.00023396139,0.00010567969,1.3569385e-09,1.3427668e-09,-6.1292527e-10
18.812,-0.00023151793,-0.00037690386,0.0007165449,-5.3247877e-09,3.2708176e-09,-1.0123137e-08
18.852,0.0009902125,-0.0015986344,-0.00050518557,-5.2223605e-08,-3.2347902e-08,1.6503218e-08
18.875,0.00037934733,0.00084482663,0.00010567969,1.321139e-08,-5.93223e-09,-1.6526179e-09
18.914,0.0016010778,0.00084482663,0.00010567969,2.5702569e-08,-4.8710366e-08,-3.2151437e-09
18.954,0.0009902125,-0.0009877691,0.00010567969,-2.324444e-08,-2.330194e-08,-2.4868823e-09
18.994,-0.00023151793,-0.00037690386,0.00010567969,-4.313636e-09,2.6497051e-09,-1.2094961e-09
19.014,0.00037934733,-0.00037690386,0.0013274102,-9.049263e-09,-9.1079295e-09,-3.1870417e-08
19.054,0.0009902125,0.00084482663,0.00010567969,2.7764798e-08,-3.2542832e-08,-3.473109e-09
19.094,0.00037934733,-0.00037690386,0.0007165449,-8.480533e-09,-8.535513e-09,-1.6122634e-08
19.113,-0.00023151793,-0.0009877691,0.0007165449,-2.0583515e-08,4.8244604e-09,-1.4931642e-08
19.153,-0.00023151793,-0.00037690386,0.00010567969,-4.313636e-09,2.6497051e-09,-1.2094961e-09
19.192,0.0009902125,0.00084482663,0.00010567969,2.7764798e-08,-3.2542832e-08,-3.473109e-09
19.213,-0.00023151793,0.00084482663,-0.00050518557,1.4332723e-08,3.927767e-09,8.570616e-09
19.254,0.0009902125,-0.0009877691,-0.0011160509,-4.4479734e-08,-4.4589765e-08,5.0256325e-08
19.294,0.00037934733,-0.00037690386,0.0007165449,-5.6536886e-09,-5.6903415e-09,-1.0748423e-08
19.315,-0.00023151793,-0.00037690386,0.00010567969,-4.313636e-09,2.6497051e-09,-1.2094961e-09
19.354,0.0009902125,0.00023396139,0.00010567969,6.0229572e-09,-2.549142e-08,-2.7205527e-09
19.395,0.0016010778,0.00084482663,-0.00050518557,2.6639258e-08,-5.0485536e-08,1.5929622e-08
19.416,-0.00084238313,-0.00037690386,0.0007165449,-1.1082159e-08,2.4768713e-08,-2.1068674e-08
19.456,0.00037934733,-0.00037690386,0.0013274102,-1.3573894e-08,-1.3661894e-08,-4.7805628e-08
19.500,-0.00023151793,-0.00037690386,0.00010567969,-2.8757574e-09,1.7664701e-09,-8.0633067e-10
19.514,0.0009902125,-0.00037690386,-0.00050518557,-1.11335385e-08,-2.925035e-08,1.4922913e-08
19.555,0.00037934733,0.00084482663,0.0007165449,2.489482e-08,-1.11783685e-08,-2.1114696e-08
19.596,-0.0014532484,0.00023396139,-0.00050518557,6.108583e-09,3.7943394e-08,1.3190075e-08
19.614,-0.00084238313,-0.00037690386,-0.00050518557,-9.979106e-09,2.2303384e-08,1.3375561e-08
19.656,0.0009902125,-0.00037690386,0.00010567969,-6.732995e-09,-1.7689116e-08,-1.8878576e-09
19.696,-0.00023151793,0.00023396139,0.00010567969,1.3569385e-09,1.3427668e-09,-6.1292527e-10
19.717,0.0009902125,0.00084482663,-0.00050518557,2.9684958e-08,-3.4793434e-08,1.7750876e-08
19.754,-0.00023151793,0.00023396139,-0.0011160509,4.5672905e-09,4.5195905e-09,2.1787052e-08
19.795,-0.00023151793,0.0014556919,0.00010567969,3.60908e-08,5.739997e-09,-2.6201044e-09
19.816,-0.00023151793,-0.00037690386,-0.00050518557,-6.36894e-09,3.9122017e-09,8.5366505e-09
19.855,-0.00023151793,-0.00037690386,-0.00050518557,-4.2459605e-09,2.6081344e-09,5.691101e-09
19.897,0.00037934733,0.0014556919,0.00010567969,3.6829448e-08,-9.597603e-09,-2.6737281e-09
19.937,-0.00023151793,-0.0009877691,0.00010567969,-1.6903913e-08,3.962018e-09,-1.8085201e-09
19.955,-0.00023151793,-0.0009877691,0.00010567969,-1.6903913e-08,3.962018e-09,-1.8085201e-09
19.996,0.00037934733,0.00084482663,-0.00050518557,1.4952215e-08,-6.713902e-09,8.941058e-09
20.016,-0.00084238313,0.00084482663,0.0007165449,1.9725473e-08,1.966842e-08,-1.6730281e-08
20.054,0.00037934733,0.00023396139,-0.00050518557,2.6443716e-09,-4.2876107e-09,5.70991e-09
20.096,-0.0014532484,-0.0009877691,0.00010567969,-2.9172336e-08,4.2919595e-08,-3.1210965e-09
20.133,-0.00023151793,-0.0009877691,-0.0011160509,-3.749244e-08,8.787652e-09,4.236159e-08
20.154,-0.00023151793,-0.00037690386,-0.00050518557,-4.2459605e-09,2.6081344e-09,5.691101e-09
20.195,0.0009902125,0.00084482663,0.0007165449,3.1589863e-08,-3.702615e-08,-2.6793137e-08
20.234,-0.00084238313,-0.0015986344,0.00010567969,-7.282146e-08,3.837248e-08,-4.8139506e-09
20.255,0.00037934733,-0.0015986344,0.00010567969,-4.4158075e-08,-1.0478473e-08,-2.919124e-09
20.295,0.00037934733,0.00084482663,0.00010567969,1.9817087e-08,-8.898344e-09,-2.4789268e-09
20.335,-0.00084238313,0.00023396139,0.00010567969,5.1850213e-09,1.8668784e-08,-2.3420594e-09
20.355,-0.00023151793,0.00023396139,-0.00050518557,2.366719e-09,2.3420013e-09,5.110383e-09
20.395,-0.00084238313,-0.00037690386,0.00010567969,-8.810598e-09,1.9691756e-08,-2.4703943e-09
20.436,-0.00023151793,-0.0009877691,0.00010567969,-1.6903913e-08,3.962018e-09,-1.8085201e-09
20.456,-0.00023151793,0.00023396139,-0.00050518557,3.5500785e-09,3.5130021e-09,7.665575e-09
20.496,-0.00023151793,-0.00037690386,0.0007165449,-7.987182e-09,4.9062265e-09,-1.5184705e-08
20.534,0.00037934733,0.00084482663,0.00010567969,1.321139e-08,-5.93223e-09,-1.6526179e-09
20.556,0.0009902125,0.00023396139,-0.00050518557,6.6885115e-09,-2.8308294e-08,1.4442295e-08
20.594,-0.00084238313,-0.00037690386,0.00010567969,-8.810598e-09,1.9691756e-08,-2.4703943e-09
20.634,-0.00023151793,-0.00037690386,0.00010567969,-2.8757574e-09,1.7664701e-09,-8.0633067e-10
20.675,0.00037934733,-0.00037690386,-0.00050518557,-4.651775e-09,-4.6819326e-09,6.2350374e-09
20.696,-0.00084238313,-0.00037690386,-0.00050518557,-6.6527375e-09,1.4868922e-08,8.91704e-09
20.735,-0.00084238313,-0.00037690386,-0.00050518557,-6.6527375e-09,1.4868922e-08,8.91704e-09
20.774,-0.00023151793,0.00023396139,0.0007165449,3.0951433e-09,3.062818e-09,-9.479381e-09
20.795,-0.00023151793,0.00023396139,-0.00050518557,2.366719e-09,2.3420013e-09,5.110383e-09
20.836,0.0009902125,-0.0009877691,-0.00050518557,-2.4643992e-08,-2.4704955e-08,1.2603946e-08
20.875,-0.0014532484,0.00023396139,0.0007165449,6.42599e-09,3.9914962e-08,-1.9680643e-08
20.896,-0.00023151793,-0.00037690386,0.00010567969,-2.8757574e-09,1.7664701e-09,-8.0633067e-10
20.935,0.0016010778,-0.0009877691,0.00010567969,-3.1225415e-08,-5.061337e-08,-3.3407537e-09
20.975,-0.00023151793,-0.00037690386,0.00010567969,-4.313636e-09,2.6497051e-09,-1.2094961e-09
20.995,0.00037934733,-0.0009877691,0.0007165449,-2.117738e-08,-8.133057e-09,-1.536244e-08
21.036,-0.00084238313,-0.00037690386,0.00010567969,-5.8737317e-09,1.31278375e-08,-1.6469297e-09
21.076,-0.00023151793,0.00023396139,0.00010567969,2.0354076e-09,2.0141502e-09,-9.1938784e-10
21.096,-0.0014532484,-0.00037690386,0.0007165449,-1.05193365e-08,4.0559968e-08,-1.9998673e-08
21.134,-0.00023151793,-0.00037690386,0.00010567969,-2.8757574e-09,1.7664701e-09,-8.0633067e-10
21.174,0.00037934733,-0.00037690386,0.0007165449,-8.480533e-09,-8.535513e-09,-1.6122634e-08
21.194,-0.0014532484,-0.0009877691,0.0007165449,-3.1447797e-08,4.6267353e-08,-2.281278e-08
21.234,-0.0014532484,-0.00037690386,-0.00050518557,-1.5024822e-08,5.7932017e-08,2.013862e-08
21.273,-0.00023151793,-0.00037690386,0.00010567969,-4.313636e-09,2.6497051e-09,-1.2094961e-09
21.294,-0.00023151793,-0.00037690386,-0.0011160509,-7.591308e-09,4.663056e-09,2.247864e-08
21.335,-0.00023151793,-0.0009877691,0.0013274102,-4.15308e-08,9.734183e-09,-5.581103e-08
21.375,0.00037934733,-0.0009877691,-0.0011160509,-3.822936e-08,-1.4681778e-08,4.3194213e-08
21.395,0.00037934733,0.00023396139,0.00010567969,1.7979505e-09,-2.915215e-09,-8.121291e-10
21.435,0.00037934733,-0.00037690386,-0.00050518557,-6.977662e-09,-7.0228983e-09,9.352555e-09
21.475,-0.00084238313,-0.00037690386,0.00010567969,-5.8737317e-09,1.31278375e-08,-1.6469297e-09
21.495,0.0009902125,0.00023396139,0.0013274102,9.847432e-09,-4.167804e-08,-5.5870686e-08
21.535,-0.00023151793,0.00084482663,-0.0011160509,3.0164077e-08,8.266223e-09,3.9847993e-08
21.576,-0.00084238313,-0.00037690386,0.0007165449,-7.388106e-09,1.6512477e-08,-1.4045783e-08
21.614,-0.00023151793,-0.00037690386,-0.00050518557,-4.2459605e-09,2.6081344e-09,5.691101e-09
21.634,0.0009902125,0.00023396139,0.00010567969,6.0229572e-09,-2.549142e-08,-2.7205527e-09
21.676,0.00037934733,0.00023396139,0.00010567969,1.7979505e-09,-2.915215e-09,-8.121291e-10
21.715,-0.0014532484,-0.0009877691,0.0007165449,-3.1447797e-08,4.6267353e-08,-2.281278e-08
21.735,-0.00084238313,-0.00037690386,0.0007165449,-7.388106e-09,1.6512477e-08,-1.4045783e-08
21.775,-0.00023151793,-0.0009877691,0.00010567969,-1.6903913e-08,3.962018e-09,-1.8085201e-09
21.816,-0.00023151793,0.00084482663,0.00010567969,1.2505959e-08,3.4271572e-09,-1.5643752e-09
21.837,-0.00023151793,0.00023396139,0.0007165449,3.0951433e-09,3.062818e-09,-9.479381e-09
21.877,-0.00023151793,-0.00037690386,0.0007165449,-5.3247877e-09,3.2708176e-09,-1.0123137e-08
21.916,0.00036774087,0.00090102624,9.162979e-05,1.4776364e-08,-6.03076e-09,-1.5026811e-09
21.935,-0.00024312436,0.00090102624,9.162979e-05,1.4175524e-08,3.8249888e-09,-1.4415787e-09
21.975,0.00036774087,0.00029016097,9.162979e-05,2.3235789e-09,-2.9448306e-09,-7.3376183e-10
22.016,-0.00024312436,-0.00032070425,0.00070249505,-6.5341474e-09,4.953506e-09,-1.4312895e-08
22.035,-0.00024312436,-0.00032070425,9.162979e-05,-2.2207731e-09,1.6835575e-09,-6.345066e-10
22.075,-0.00024312436,0.00090102624,9.162979e-05,1.4175524e-08,3.8249888e-09,-1.4415787e-09
22.106,-0.00024312436,-0.00032070425,9.162979e-05,-2.2207731e-09,1.6835575e-09,-6.345066e-10
22.136,-0.0008539896,-0.00032070425,-0.00051923544,-5.647641e-09,1.503886e-08,9.1437995e-09
22.174,0.000978606,0.00029016097,-0.0011301007,7.4132465e-09,-2.5002148e-08,2.8872645e-08
22.214,0.00036774087,0.00029016097,0.00070249505,6.1655574e-09,-7.814033e-09,-1.492714e-08
22.235,0.000978606,0.00090102624,-0.00051923544,2.1586345e-08,-2.3444963e-08,1.2439588e-08
22.276,0.00036774087,-0.0009315695,-0.00051923544,-1.7631589e-08,-6.9601414e-09,9.827442e-09
22.316,-0.0014648548,-0.0009315695,-0.00051923544,-4.2479247e-08,6.679687e-08,2.3676959e-08
22.335,-0.00024312436,0.00029016097,9.162979e-05,1.896051e-09,1.5886913e-09,-5.9875305e-10
22.376,-0.00024312436,-0.0009315695,-0.00051923544,-2.5644212e-08,6.692719e-09,1.4293495e-08
22.416,-0.0008539896,-0.0009315695,-0.00051923544,-3.2030712e-08,2.9363237e-08,1.7853184e-08
22.456,0.000978606,0.00029016097,0.00070249505,6.0320415e-09,-2.0343855e-08,-1.4603891e-08
22.476,-0.00024312436,0.00029016097,9.162979e-05,2.8440765e-09,2.3830369e-09,-8.981295e-10
22.516,-0.0008539896,-0.00032070425,0.00070249505,-9.292447e-09,2.474446e-08,-2.0354886e-08
22.536,0.000978606,0.00029016097,-0.00051923544,5.5749094e-09,-1.8802115e-08,9.976154e-09
22.575,0.000978606,-0.0009315695,0.00070249505,-3.5700634e-08,-3.750322e-08,-2.692179e-08
22.615,-0.0008539896,0.0015118915,9.162979e-05,4.4105853e-08,2.4913126e-08,-2.6730824e-09
22.656,0.0022003367,0.00090102624,-0.00051923544,3.6789665e-08,-8.984161e-08,2.1200826e-08
22.675,0.0015894714,0.00029016097,-0.00051923544,1.23926105e-08,-6.7885416e-08,2.217625e-08
22.715,0.000978606,-0.00032070425,9.162979e-05,-5.5628404e-09,-1.697461e-08,-1.5893831e-09
22.755,-0.00024312436,-0.0015424347,0.00070249505,-4.430854e-08,6.984079e-09,-2.0180128e-08
22.776,-0.00024312436,0.0015118915,-0.00051923544,6.152174e-08,9.893194e-09,2.1128677e-08
22.815,0.000978606,0.0015118915,-0.0011301007,5.393109e-08,-3.490812e-08,4.0312127e-08
22.855,-0.00207572,-0.0015424347,-0.00051923544,-6.825709e-08,9.185647e-08,2.2977638e-08
22.876,-0.0014648548,-0.0009315695,0.0013133603,-3.40218e-08,5.349788e-08,-4.796516e-08
22.916,-0.00024312436,0.00029016097,-0.00051923544,3.1281362e-09,2.6210492e-09,5.597718e-09
22.956,-0.00024312436,-0.00032070425,9.162979e-05,-2.2207731e-09,1.6835575e-09,-6.345066e-10
22.975,-0.00024312436,0.00029016097,-0.00051923544,3.1281362e-09,2.6210492e-09,5.597718e-09
23.016,-0.0008539896,-0.00032070425,9.162979e-05,-4.9329327e-09,1.3135696e-08,-1.4094094e-09
23.054,-0.00024312436,0.00029016097,-0.00051923544,3.1281362e-09,2.6210492e-09,5.597718e-09
23.075,0.00036774087,0.00029016097,-0.00051923544,3.4042982e-09,-4.3145003e-09,6.0919025e-09
23.117,0.00036774087,-0.00032070425,0.0013133603,-7.538496e-09,-8.644142e-09,-3.0871938e-08
23.154,-0.00024312436,-0.0015424347,9.162979e-05,-6.07156e-08,9.570221e-09,-3.606867e-09
23.195,-0.00024312436,0.00090102624,9.162979e-05,2.1263286e-08,5.7374834e-09,-2.162368e-09
23.215,-0.00024312436,-0.0009315695,0.00070249505,-1.8627096e-08,4.8613664e-09,-1.40466625e-08
23.256,-0.00024312436,-0.0009315695,-0.00051923544,-2.5644212e-08,6.692719e-09,1.4293495e-08
23.296,0.00036774087,0.00090102624,-0.00051923544,2.5011401e-08,-1.0208042e-08,1.441335e-08
23.316,0.000978606,-0.0009315695,9.162979e-05,-2.1165157e-08,-2.2233822e-08,-2.081819e-09
23.356,-0.0008539896,-0.00032070425,-0.00051923544,-8.471461e-09,2.2558291e-08,1.3715699e-08
23.378,-0.00024312436,0.00090102624,9.162979e-05,1.4175524e-08,3.8249888e-09,-1.4415787e-09
23.416,0.00036774087,0.00090102624,0.00070249505,2.7215568e-08,-1.1107642e-08,-2.1218918e-08
23.457,-0.0014648548,-0.0015424347,-0.00051923544,-8.499434e-08,8.071938e-08,2.861196e-08
23.497,-0.00024312436,-0.0009315695,-0.00051923544,-1.7096143e-08,4.461813e-09,9.528998e-09
23.517,-0.00024312436,0.00029016097,9.162979e-05,2.8440765e-09,2.3830369e-09,-8.981295e-10
23.556,0.00036774087,0.00090102624,-0.00051923544,1.6674269e-08,-6.805362e-09,9.6089e-09
23.596,-0.00024312436,-0.00032070425,9.162979e-05,-2.2207731e-09,1.6835575e-09,-6.345066e-10
23.616,0.0015894714,0.00090102624,9.162979e-05,4.1481513e-08,-7.31762e-08,-4.2184576e-09
23.656,0.00036774087,-0.0009315695,0.00070249505,-1.9119714e-08,-7.547585e-09,-1.4418145e-08
23.696,0.00036774087,0.00090102624,-0.00051923544,1.6674269e-08,-6.805362e-09,9.6089e-09
23.716,-0.0008539896,-0.0009315695,9.162979e-05,-2.9705285e-08,2.7231469e-08,-2.921831e-09
23.755,0.000978606,-0.00032070425,0.00070249505,-6.7073804e-09,-2.0467091e-08,-1.4692358e-08
23.795,-0.0008539896,0.00090102624,-0.00051923544,2.034168e-08,1.9279774e-08,1.1722324e-08
23.814,-0.0014648548,0.00029016097,9.162979e-05,7.283274e-09,3.6769038e-08,-2.2999818e-09
23.856,-0.00207572,-0.00032070425,0.00070249505,-1.1916329e-08,7.7127034e-08,-2.610244e-08
23.893,-0.00024312436,-0.0009315695,-0.00051923544,-1.7096143e-08,4.461813e-09,9.528998e-09
23.916,0.00036774087,0.00090102624,-0.00051923544,1.6674269e-08,-6.805362e-09,9.6089e-09
23.955,0.00036774087,0.00090102624,-0.00051923544,1.6674269e-08,-6.805362e-09,9.6089e-09
23.995,-0.00024312436,0.00029016097,-0.00051923544,3.1281362e-09,2.6210492e-09,5.597718e-09
24.016,-0.0014648548,-0.0009315695,0.00070249505,-2.9269176e-08,4.6024578e-08,-2.2071838e-08
24.056,0.000978606,0.00029016097,-0.00051923544,5.5749094e-09,-1.8802115e-08,9.976154e-09
24.097,0.000978606,-0.0009315695,-0.00051923544,-3.3933485e-08,-3.5646845e-08,1.8913745e-08
24.135,-0.00024312436,0.00029016097,9.162979e-05,2.8440765e-09,2.3830369e-09,-8.981295e-10
24.154,0.000978606,0.00029016097,-0.00051923544,5.5749094e-09,-1.8802115e-08,9.976154e-09
24.195,0.00036774087,-0.00032070425,-0.00051923544,-5.750626e-09,-6.5940515e-09,9.310538e-09
24.216,-0.0014648548,-0.00032070425,-0.00051923544,-8.538362e-09,3.8999982e-08,1.3824014e-08
24.254,-0.0008539896,-0.00032070425,-0.00051923544,-5.647641e-09,1.503886e-08,9.1437995e-09
24.295,-0.0008539896,0.00029016097,0.00070249505,8.348076e-09,2.4569708e-08,-2.0211132e-08
24.336,-0.0008539896,-0.0015424347,-0.00051923544,-4.7561663e-08,2.633315e-08,1.6010857e-08
24.355,-0.00024312436,-0.0009315695,0.0013133603,-3.8176893e-08,9.963544e-09,-5.382316e-08
24.396,-0.00024312436,0.00029016097,9.162979e-05,2.8440765e-09,2.3830369e-09,-8.981295e-10
24.435,-0.00024312436,0.00029016097,-0.0011301007,5.8018816e-09,4.8613664e-09,2.2596804e-08
24.457,-0.0008539896,-0.0009315695,9.162979e-05,-2.9705285e-08,2.7231469e-08,-2.921831e-09
24.496,0.000978606,-0.00032070425,9.162979e-05,-8.34426e-09,-2.5461913e-08,-2.3840745e-09
24.535,-0.00024312436,0.0015118915,0.00070249505,4.2734555e-08,6.872061e-09,-1.9856461e-08
24.555,-0.0014648548,-0.0015424347,9.162979e-05,-8.264663e-08,7.848975e-08,-4.909698e-09
24.595,0.00036774087,0.00090102624,0.00070249505,1.8143714e-08,-7.4050948e-09,-1.4145946e-08
24.635,0.00036774087,0.00090102624,9.162979e-05,1.4776364e-08,-6.03076e-09,-1.5026811e-09
24.656,-0.0014648548,-0.0009315695,0.0013133603,-5.1032693e-08,8.024682e-08,-7.194774e-08
24.696,0.000978606,-0.00032070425,-0.00051923544,-6.2054184e-09,-1.893539e-08,1.0046867e-08
24.735,0.00036774087,-0.00032070425,-0.0011301007,-6.6231e-09,-7.594488e-09,2.3338544e-08
24.755,-0.00024312436,-0.00032070425,-0.0011301007,-9.681877e-09,7.339785e-09,3.411709e-08
24.794,-0.00024312436,-0.00032070425,-0.00051923544,-3.534665e-09,2.6796128e-09,5.722791e-09
24.834,-0.00024312436,0.00029016097,0.00070249505,3.8847325e-09,3.254997e-09,-9.405142e-09
24.855,0.00036774087,0.00029016097,0.00070249505,4.1103716e-09,-5.2093556e-09,-9.951427e-09
24.896,-0.00024312436,0.00029016097,9.162979e-05,1.896051e-09,1.5886913e-09,-5.9875305e-10
24.935,0.0064763934,0.0033444872,0.0013133603,4.1557962e-07,-8.0474456e-07,-1.6319551e-07
24.977,-0.013071295,-0.0009315695,-0.00051923544,-3.0745835e-07,4.3140894e-06,1.7137069e-07
24.996,-0.0057409117,-0.0015424347,-0.0035735616,-1.7948719e-07,6.680472e-07,4.1584136e-07
25.035,-0.0063517764,-0.0015424347,0.00070249505,-1.7012073e-07,7.0056063e-07,-7.748069e-08
25.058,0.013195911,0.0021227568,0.00070249505,4.7665714e-07,-2.9630942e-06,-1.5774201e-07
25.095,-0.00024312436,0.00090102624,-0.0011301007,2.2155579e-08,5.9782512e-09,2.7788353e-08
25.134,-0.00207572,-0.0009315695,0.00070249505,-5.5823286e-08,1.2438527e-07,-4.209625e-08
25.175,-0.0026865855,0.00029016097,9.162979e-05,1.974325e-08,1.8280174e-07,-6.2347127e-09
25.195,-0.0026865855,0.00029016097,-0.0029626966,1.9520675e-08,1.8074108e-07,1.9931656e-07
25.235,-0.0039083157,-0.00032070425,9.162979e-05,-3.1657837e-08,3.8580347e-07,-9.04509e-09
25.261,0.004032932,0.0015118915,-0.00051923544,1.10039835e-07,-2.9352844e-07,3.7791473e-08
25.295,-0.0014648548,-0.0015424347,9.162979e-05,-5.5097754e-08,5.2326502e-08,-3.2731327e-09
25.336,-0.0032974505,-0.00032070425,-0.00051923544,-2.7064994e-08,2.7827963e-07,4.3819508e-08
25.375,-0.00207572,0.00090102624,-0.00051923544,3.509574e-08,8.0851066e-08,2.0224661e-08
25.394,-0.0008539896,0.00029016097,9.162979e-05,6.6199752e-09,1.9483634e-08,-2.0905186e-09
25.434,-0.0014648548,0.00029016097,9.162979e-05,1.0924911e-08,5.5153553e-08,-3.4499723e-09
25.476,-0.0032974505,-0.0009315695,9.162979e-05,-5.3572627e-08,1.8962953e-07,-5.2694342e-09
25.495,-0.0008539896,-0.0015424347,-0.00051923544,-7.134249e-08,3.9499724e-08,2.4016286e-08
25.533,-0.0014648548,-0.00032070425,9.162979e-05,-8.083415e-09,3.6921957e-08,-2.3095468e-09
25.574,0.00036774087,0.00090102624,9.162979e-05,1.4776364e-08,-6.03076e-09,-1.5026811e-09
25.614,0.000978606,-0.0009315695,9.162979e-05,-2.1165157e-08,-2.2233822e-08,-2.081819e-09
25.633,-0.0032974505,-0.00032070425,-0.00051923544,-1.804333e-08,1.8551975e-07,2.9213005e-08
25.674,-0.0014648548,-0.0021533,9.162979e-05,-9.414299e-08,6.404394e-08,-4.0060817e-09
25.716,0.00036774087,0.00029016097,-0.00051923544,3.4042982e-09,-4.3145003e-09,6.0919025e-09
25.735,-0.0008539896,-0.00032070425,9.162979e-05,-4.9329327e-09,1.3135696e-08,-1.4094094e-09
25.775,0.00036774087,0.00029016097,9.162979e-05,2.3235789e-09,-2.9448306e-09,-7.3376183e-10
25.815,0.0015894714,0.00090102624,9.162979e-05,4.1481513e-08,-7.31762e-08,-4.2184576e-09
25.835,-0.0008539896,-0.00032070425,-0.0011301007,-7.814324e-09,2.0808429e-08,2.7536188e-08
25.874,0.00036774087,0.0015118915,0.0019242256,6.2769296e-08,-1.5267522e-08,-7.9888196e-08
25.914,0.0022003367,0.00029016097,9.162979e-05,1.6220072e-08,-1.2299938e-07,-5.1221276e-09
25.935,-0.00024312436,-0.0009315695,0.00070249505,-1.8627096e-08,4.8613664e-09,-1.40466625e-08
25.974,-0.00024312436,0.00029016097,0.00070249505,3.8847325e-09,3.254997e-09,-9.405142e-09
26.015,0.0015894714,0.00090102624,9.162979e-05,4.1481513e-08,-7.31762e-08,-4.2184576e-09
26.036,-0.0008539896,-0.00032070425,-0.0011301007,-7.814324e-09,2.0808429e-08,2.7536188e-08
26.075,-0.0008539896,0.00029016097,9.162979e-05,6.6199752e-09,1.9483634e-08,-2.0905186e-09
26.114,0.000978606,-0.0009315695,0.00070249505,-3.5700634e-08,-3.750322e-08,-2.692179e-08
26.134,0.00036774087,-0.0009315695,9.162979e-05,-1.5718374e-08,-6.2048926e-09,-1.5460696e-09
26.173,0.0015894714,0.0015118915,-0.0011301007,9.388964e-08,-9.870741e-08,7.018014e-08
26.216,0.0022003367,0.00029016097,-0.00051923544,1.6643883e-08,-1.262132e-07,2.9783791e-08
26.234,-0.0008539896,0.00029016097,0.00070249505,5.565384e-09,1.6379806e-08,-1.3474089e-08
26.274,0.000978606,0.0015118915,-0.00051923544,7.1314275e-08,-4.6159784e-08,2.4491774e-08
26.315,0.0022003367,-0.0015424347,-0.00051923544,-7.08228e-08,-1.0103118e-07,2.3841336e-08
26.336,-0.00024312436,-0.00032070425,9.162979e-05,-3.3311593e-09,2.525336e-09,-9.517598e-10
26.375,-0.00024312436,0.00029016097,9.162979e-05,2.8440765e-09,2.3830369e-09,-8.981295e-10
26.414,0.000978606,0.0021227568,0.00070249505,8.692478e-08,-4.0072944e-08,-2.8766472e-08
26.436,-0.00207572,-0.00032070425,-0.00051923544,-1.746178e-08,1.1301928e-07,2.8271451e-08
26.476,0.000978606,0.00029016097,-0.00051923544,8.362364e-09,-2.8203173e-08,1.496423e-08
26.515,0.0015894714,0.00029016097,0.0013133603,1.0136309e-08,-5.552564e-08,-4.5880142e-08
26.555,-0.0008539896,0.00090102624,-0.0011301007,2.5377505e-08,2.4052714e-08,3.1829412e-08
26.574,0.0015894714,0.00029016097,-0.00051923544,8.261741e-09,-4.5256947e-08,1.4784168e-08
26.616,0.00036774087,0.00090102624,9.162979e-05,1.4776364e-08,-6.03076e-09,-1.5026811e-09
26.655,-0.0026865855,0.00029016097,0.0019242256,1.6149007e-08,1.4952275e-07,-1.0709337e-07
26.675,0.0015894714,0.00090102624,9.162979e-05,2.7654345e-08,-4.8784138e-08,-2.8123055e-09
26.716,0.0015894714,-0.0015424347,9.162979e-05,-5.7364172e-08,-5.9113496e-08,-3.4077745e-09
26.738,0.000978606,0.0015118915,-0.0011301007,8.0896626e-08,-5.2362175e-08,6.046819e-08
26.775,0.000978606,0.00029016097,0.00070249505,6.0320415e-09,-2.0343855e-08,-1.4603891e-08
26.816,-0.0014648548,-0.0009315695,-0.00051923544,-2.8319501e-08,4.4531255e-08,1.578464e-08
26.855,0.0015894714,0.0015118915,-0.0011301007,9.388964e-08,-9.870741e-08,7.018014e-08
26.876,0.00036774087,-0.0009315695,-0.0011301007,-2.3600434e-08,-9.316368e-09,2.8630035e-08
26.915,0.00036774087,0.00029016097,-0.00051923544,3.4042982e-09,-4.3145003e-09,6.0919025e-09
26.955,-0.0014648548,-0.00032070425,9.162979e-05,-1.2125122e-08,5.5382937e-08,-3.4643202e-09
26.976,0.00036774087,-0.0009315695,-0.00051923544,-1.7631589e-08,-6.9601414e-09,9.827442e-09
27.016,0.00036774087,-0.00032070425,-0.00051923544,-3.833751e-09,-4.3960346e-09,6.2070256e-09
27.056,-0.0008539896,-0.00032070425,-0.00051923544,-8.471461e-09,2.2558291e-08,1.3715699e-08
27.075,0.00036774087,0.00029016097,9.162979e-05,2.3235789e-09,-2.9448306e-09,-7.3376183e-10
27.114,0.000978606,-0.00032070425,-0.0011301007,-1.2339723e-08,-3.7653784e-08,4.348284e-08
27.154,-0.0014648548,0.00029016097,9.162979e-05,1.0924911e-08,5.5153553e-08,-3.4499723e-09
27.173,-0.0008539896,0.00029016097,0.00070249505,5.565384e-09,1.6379806e-08,-1.3474089e-08
27.215,-0.0008539896,0.00029016097,9.162979e-05,6.6199752e-09,1.9483634e-08,-2.0905186e-09
27.255,-0.00024312436,0.00029016097,-0.00051923544,4.6922044e-09,3.9315737e-09,8.396577e-09
27.276,0.00036774087,0.00090102624,9.162979e-05,1.4776364e-08,-6.03076e-09,-1.5026811e-09
27.314,0.00036774087,-0.0009315695,-0.0011301007,-3.540065e-08,-1.3974552e-08,4.294505e-08
27.356,0.00036774087,0.00090102624,-0.00051923544,1.6674269e-08,-6.805362e-09,9.6089e-09
27.377,-0.0008539896,-0.00032070425,9.162979e-05,-7.3993993e-09,1.9703544e-08,-2.114114e-09
27.415,-0.0014648548,0.00029016097,0.00070249505,1.2050727e-08,6.083714e-08,-2.9175444e-08
27.455,-0.0014648548,-0.00032070425,9.162979e-05,-8.083415e-09,3.6921957e-08,-2.3095468e-09
27.496,0.0015894714,0.00029016097,-0.0011301007,9.598592e-09,-5.2580077e-08,3.7383987e-08
27.516,-0.0008539896,-0.00032070425,0.00070249505,-9.292447e-09,2.474446e-08,-2.0354886e-08
27.554,0.00036774087,-0.0009315695,9.162979e-05,-1.5718374e-08,-6.2048926e-09,-1.5460696e-09
27.576,-0.0014648548,0.00090102624,0.0013133603,4.9067104e-08,7.977146e-08,-7.1521534e-08
27.615,-0.00024312436,-0.0009315695,-0.00051923544,-1.7096143e-08,4.461813e-09,9.528998e-09
27.654,-0.0008539896,-0.00032070425,0.00070249505,-6.1949645e-09,1.6496307e-08,-1.3569923e-08
27.696,-0.00024312436,0.00090102624,0.00070249505,1.7657827e-08,4.7646203e-09,-1.3767119e-08
27.715,-0.0014648548,-0.00032070425,-0.00051923544,-8.538362e-09,3.8999982e-08,1.3824014e-08
27.755,-0.00024312436,-0.00032070425,9.162979e-05,-2.2207731e-09,1.6835575e-09,-6.345066e-10
27.794,0.00036774087,-0.00032070425,9.162979e-05,-4.0068877e-09,-4.5945647e-09,-1.1448251e-09
27.815,-0.00024312436,0.00029016097,9.162979e-05,1.896051e-09,1.5886913e-09,-5.9875305e-10
27.855,-0.0008539896,-0.00032070425,9.162979e-05,-4.9329327e-09,1.3135696e-08,-1.4094094e-09
27.896,-0.0008539896,0.00029016097,9.162979e-05,6.6199752e-09,1.9483634e-08,-2.0905186e-09
27.916,-0.00024312436,0.00029016097,-0.00051923544,3.1281362e-09,2.6210492e-09,5.597718e-09
27.953,0.000978606,0.00090102624,0.00070249505,2.2740565e-08,-2.4698565e-08,-1.7729933e-08
27.994,0.00036774087,-0.0015424347,-0.00051923544,-6.4766155e-08,-1.5441278e-08,2.180247e-08
28.015,-0.00207572,-0.0009315695,0.00070249505,-3.7215525e-08,8.292351e-08,-2.8064166e-08
28.056,-0.0008539896,0.00029016097,-0.00051923544,7.599479e-09,2.236647e-08,1.3599069e-08
28.094,-0.0014648548,0.00029016097,0.0013133603,1.4521731e-08,7.33118e-08,-6.5729935e-08
28.114,0.00036774087,-0.00032070425,9.162979e-05,-2.6712588e-09,-3.0630434e-09,-7.632168e-10
28.154,0.0015894714,-0.00032070425,-0.00051923544,-1.37413885e-08,-6.8104946e-08,2.2247963e-08
28.196,-0.00024312436,-0.0009315695,9.162979e-05,-2.2672957e-08,5.91727e-09,-2.230127e-09
28.216,-0.00024312436,-0.0009315695,9.162979e-05,-1.5115305e-08,3.9448467e-09,-1.4867513e-09
28.256,-0.00024312436,-0.00032070425,0.0013133603,-1.1086323e-08,8.404489e-09,-4.5401134e-08
28.294,-0.00024312436,0.00029016097,9.162979e-05,1.896051e-09,1.5886913e-09,-5.9875305e-10
28.335,0.0015894714,0.00090102624,-0.0011301007,3.247594e-08,-5.728976e-08,4.0732534e-08
28.355,-0.0014648548,-0.00032070425,0.00070249505,-1.3364768e-08,6.104517e-08,-2.9275208e-08
28.395,0.00036774087,0.00029016097,9.162979e-05,2.3235789e-09,-2.9448306e-09,-7.3376183e-10
28.416,-0.00024312436,-0.00032070425,0.00070249505,-6.5341474e-09,4.953506e-09,-1.4312895e-08
28.455,0.00036774087,0.00029016097,0.00070249505,6.1655574e-09,-7.814033e-09,-1.492714e-08
28.495,0.00036774087,0.00029016097,9.162979e-05,2.3235789e-09,-2.9448306e-09,-7.3376183e-10
28.536,0.00036774087,-0.00032070425,9.162979e-05,-2.6712588e-09,-3.0630434e-09,-7.632168e-10
28.554,0.00036774087,-0.0009315695,-0.00051923544,-1.7631589e-08,-6.9601414e-09,9.827442e-09
28.595,-0.00024312436,-0.00032070425,-0.0011301007,-6.454585e-09,4.8931903e-09,2.2744729e-08
28.634,-0.0014648548,-0.0009315695,0.00070249505,-2.9269176e-08,4.6024578e-08,-2.2071838e-08
28.655,0.00036774087,-0.00032070425,9.162979e-05,-2.6712588e-09,-3.0630434e-09,-7.632168e-10
28.696,0.00036774087,0.00029016097,9.162979e-05,2.3235789e-09,-2.9448306e-09,-7.3376183e-10
28.734,0.000978606,0.00029016097,9.162979e-05,4.9889266e-09,-1.6825812e-08,-1.5754507e-09
28.756,0.00036774087,-0.0009315695,-0.00051923544,-1.7631589e-08,-6.9601414e-09,9.827442e-09
28.795,0.00036774087,0.0015118915,9.162979e-05,3.9536122e-08,-9.616463e-09,-2.3961284e-09
28.835,-0.00024312436,-0.00032070425,9.162979e-05,-3.3311593e-09,2.525336e-09,-9.517598e-10
28.854,0.00036774087,0.00029016097,-0.00051923544,3.4042982e-09,-4.3145003e-09,6.0919025e-09
28.895,0.000978606,-0.0009315695,-0.0011301007,-2.7529568e-08,-2.8919583e-08,3.3396525e-08
28.935,-0.0008539896,-0.0009315695,9.162979e-05,-2.9705285e-08,2.7231469e-08,-2.921831e-09
28.955,0.00036774087,-0.00032070425,-0.00051923544,-3.833751e-09,-4.3960346e-09,6.2070256e-09
28.995,0.00036774087,0.00029016097,0.00070249505,4.1103716e-09,-5.2093556e-09,-9.951427e-09
29.034,-0.00024312436,-0.00032070425,-0.00051923544,-5.3019975e-09,4.019419e-09,8.584187e-09
29.055,0.00036774087,-0.0009315695,9.162979e-05,-1.5718374e-08,-6.2048926e-09,-1.5460696e-09
29.094,0.00036774087,-0.0009315695,-0.0011301007,-3.540065e-08,-1.3974552e-08,4.294505e-08
29.133,0.00036774087,0.00029016097,9.162979e-05,3.4853682e-09,-4.4172457e-09,-1.1006427e-09
29.173,-0.0014648548,-0.00032070425,-0.00051923544,-8.538362e-09,3.8999982e-08,1.3824014e-08
29.195,0.00036774087,-0.0009315695,-0.00051923544,-2.6447381e-08,-1.0440211e-08,1.4741163e-08
29.236,-0.0008539896,-0.00032070425,9.162979e-05,-7.3993993e-09,1.9703544e-08,-2.114114e-09
29.256,-0.00024312436,-0.0021533,0.00070249505,-8.229609e-08,9.291871e-09,-2.684837e-08
29.294,-0.0008539896,-0.0009315695,-0.00051923544,-3.2030712e-08,2.9363237e-08,1.7853184e-08
29.333,0.00036774087,-0.00032070425,0.00070249505,-4.6021067e-09,-5.2770823e-09,-1.00808055e-08
29.375,0.00036774087,-0.00032070425,9.162979e-05,-2.6712588e-09,-3.0630434e-09,-7.632168e-10
29.396,0.00036774087,0.00090102624,-0.00051923544,2.5011401e-08,-1.0208042e-08,1.441335e-08
29.434,-0.00024312436,0.00090102624,0.00070249505,1.7657827e-08,4.7646203e-09,-1.3767119e-08
29.475,-0.0008539896,-0.0009315695,0.0013133603,-2.8486381e-08,2.6114073e-08,-4.0161126e-08
29.497,0.00036774087,-0.00032070425,0.00070249505,-6.9031594e-09,-7.915623e-09,-1.5121207e-08
29.535,-0.0014648548,-0.00032070425,9.162979e-05,-8.083415e-09,3.6921957e-08,-2.3095468e-09
29.575,-0.0014648548,0.00029016097,-0.0011301007,9.116627e-09,4.6024578e-08,3.550687e-08
29.595,-0.0008539896,-0.00032070425,9.162979e-05,-4.9329327e-09,1.3135696e-08,-1.4094094e-09
29.636,-0.00024312436,-0.00032070425,9.162979e-05,-2.2207731e-09,1.6835575e-09,-6.345066e-10
29.674,-0.0014648548,-0.00032070425,0.00070249505,-8.909846e-09,4.0696783e-08,-1.9516806e-08
29.695,-0.00024312436,-0.00032070425,-0.00051923544,-3.534665e-09,2.6796128e-09,5.722791e-09
29.735,-0.00024312436,-0.00032070425,-0.00051923544,-3.534665e-09,2.6796128e-09,5.722791e-09
29.775,-0.00024312436,-0.0021533,0.00070249505,-8.229609e-08,9.291871e-09,-2.684837e-08
29.796,-0.00024312436,0.00090102624,9.162979e-05,1.4175524e-08,3.8249888e-09,-1.4415787e-09
29.834,0.00036774087,0.00029016097,-0.00051923544,3.4042982e-09,-4.3145003e-09,6.0919025e-09
29.874,0.000978606,-0.00032070425,-0.00051923544,-9.308128e-09,-2.8403084e-08,1.50703e-08
29.896,0.00036774087,0.00029016097,9.162979e-05,2.3235789e-09,-2.9448306e-09,-7.3376183e-10
29.934,-0.0008539896,-0.00032070425,9.162979e-05,-4.9329327e-09,1.3135696e-08,-1.4094094e-09
29.974,0.000978606,0.00090102624,9.162979e-05,3.023458e-08,-3.283783e-08,-3.0747027e-09
30.015,-0.00024312436,-0.0009315695,-0.00051923544,-1.7096143e-08,4.461813e-09,9.528998e-09
30.034,0.00036774087,0.00090102624,9.162979e-05,2.2164544e-08,-9.046139e-09,-2.2540214e-09
30.074,-0.00024312436,0.00029016097,9.162979e-05,2.8440765e-09,2.3830369e-09,-8.981295e-10
30.096,-0.00024312436,0.00029016097,-0.00051923544,3.1281362e-09,2.6210492e-09,5.597718e-09
30.135,-0.0008539896,-0.0009315695,0.00070249505,-3.3897205e-08,3.107429e-08,-2.5561826e-08
30.177,-0.00024312436,0.00029016097,0.00070249505,5.8270984e-09,4.8824953e-09,-1.4107713e-08
30.216,-0.0014648548,-0.0021533,0.0013133603,-1.0537152e-07,7.168252e-08,-6.4269145e-08
30.234,-0.00024312436,0.00029016097,-0.00051923544,4.6922044e-09,3.9315737e-09,8.396577e-09
30.275,0.000978606,-0.00032070425,-0.00051923544,-6.2054184e-09,-1.893539e-08,1.0046867e-08
30.314,0.000978606,0.00029016097,9.162979e-05,4.9889266e-09,-1.6825812e-08,-1.5754507e-09
30.338,0.00036774087,-0.00032070425,-0.0011301007,-9.9346495e-09,-1.1391731e-08,3.500781e-08
30.374,-0.0008539896,-0.00032070425,-0.00051923544,-5.647641e-09,1.503886e-08,9.1437995e-09
30.416,-0.00024312436,-0.00032070425,-0.0011301007,-6.454585e-09,4.8931903e-09,2.2744729e-08
30.436,0.00036774087,0.00029016097,9.162979e-05,3.4853682e-09,-4.4172457e-09,-1.1006427e-09
30.475,0.000978606,-0.00032070425,0.00070249505,-6.7073804e-09,-2.0467091e-08,-1.4692358e-08
30.514,0.0015894714,0.002733622,-0.00051923544,1.4696582e-07,-8.545364e-08,2.7915302e-08
30.534,-0.0014648548,-0.0009315695,-0.00051923544,-2.8319501e-08,4.4531255e-08,1.578464e-08
30.573,0.000978606,-0.00032070425,-0.00051923544,-6.2054184e-09,-1.893539e-08,1.0046867e-08
30.621,0.00036774087,-0.00032070425,9.162979e-05,-2.6712588e-09,-3.0630434e-09,-7.632168e-10
30.653,-0.00024312436,0.00029016097,9.162979e-05,2.8440765e-09,2.3830369e-09,-8.981295e-10
30.674,-0.00024312436,-0.00032070425,9.162979e-05,-2.2207731e-09,1.6835575e-09,-6.345066e-10
30.714,0.000978606,0.00029016097,9.162979e-05,4.9889266e-09,-1.6825812e-08,-1.5754507e-09
30.735,-0.00024312436,-0.0015424347,-0.00051923544,-4.258303e-08,6.7120967e-09,1.4334881e-08
30.774,0.0015894714,0.00090102624,9.162979e-05,2.7654345e-08,-4.8784138e-08,-2.8123055e-09
30.814,-0.00024312436,-0.0009315695,9.162979e-05,-2.2672957e-08,5.91727e-09,-2.230127e-09
30.855,0.00036774087,0.00029016097,9.162979e-05,3.4853682e-09,-4.4172457e-09,-1.1006427e-09
30.875,-0.0008539896,-0.0009315695,-0.00051923544,-2.135381e-08,1.9575491e-08,1.1902123e-08
30.914,0.00036774087,-0.00032070425,9.162979e-05,-4.0068877e-09,-4.5945647e-09,-1.1448251e-09
30.954,-0.00024312436,0.00090102624,9.162979e-05,2.1263286e-08,5.7374834e-09,-2.162368e-09
30.975,0.00036774087,0.00029016097,0.00070249505,4.1103716e-09,-5.2093556e-09,-9.951427e-09
31.014,-0.0008539896,0.00029016097,0.00070249505,8.348076e-09,2.4569708e-08,-2.0211132e-08
31.055,-0.00024312436,0.00029016097,-0.00051923544,3.1281362e-09,2.6210492e-09,5.597718e-09
31.074,0.00036774087,0.00029016097,9.162979e-05,3.4853682e-09,-4.4172457e-09,-1.1006427e-09
31.116,-0.00024312436,-0.0009315695,-0.00051923544,-2.5644212e-08,6.692719e-09,1.4293495e-08
31.154,-0.00024312436,-0.0015424347,9.162979e-05,-4.047707e-08,6.380148e-09,-2.404578e-09
31.175,0.00036774087,0.00090102624,0.00070249505,2.7215568e-08,-1.1107642e-08,-2.1218918e-08
31.215,0.00036774087,0.00090102624,9.162979e-05,2.2164544e-08,-9.046139e-09,-2.2540214e-09
31.255,0.000978606,0.00029016097,9.162979e-05,4.9889266e-09,-1.6825812e-08,-1.5754507e-09
31.275,0.00036774087,0.00029016097,9.162979e-05,3.4853682e-09,-4.4172457e-09,-1.1006427e-09
31.315,0.000978606,-0.00032070425,-0.0011301007,-8.2264835e-09,-2.5102526e-08,2.898856e-08
31.355,0.00036774087,0.00029016097,9.162979e-05,2.3235789e-09,-2.9448306e-09,-7.3376183e-10
31.375,-0.0014648548,0.00090102624,9.162979e-05,3.9051468e-08,6.348842e-08,-3.971337e-09
31.415,0.000978606,-0.00032070425,9.162979e-05,-5.5628404e-09,-1.697461e-08,-1.5893831e-09
31.456,0.000978606,0.00029016097,-0.00051923544,5.5749094e-09,-1.8802115e-08,9.976154e-09
31.476,0.00036774087,0.00029016097,0.0013133603,1.0182079e-08,-1.2904446e-08,-4.6087308e-08
31.515,-0.00024312436,0.00090102624,0.00070249505,1.7657827e-08,4.7646203e-09,-1.3767119e-08
31.555,0.00036774087,-0.00032070425,9.162979e-05,-2.6712588e-09,-3.0630434e-09,-7.632168e-10
31.575,-0.00207572,-0.00032070425,9.162979e-05,-1.696759e-08,1.0982071e-07,-4.847882e-09
31.615,0.00036774087,-0.00032070425,-0.00051923544,-3.833751e-09,-4.3960346e-09,6.2070256e-09
31.654,-0.0014648548,-0.00032070425,9.162979e-05,-8.083415e-09,3.6921957e-08,-2.3095468e-09
31.695,-0.0014648548,-0.0009315695,-0.00051923544,-4.2479247e-08,6.679687e-08,2.3676959e-08
31.716,-0.00024312436,-0.0009315695,0.00070249505,-1.8627096e-08,4.8613664e-09,-1.40466625e-08
31.756,-0.00024312436,0.00029016097,-0.00051923544,3.1281362e-09,2.6210492e-09,5.597718e-09
31.776,-0.0008539896,-0.0009315695,-0.0011301007,-2.649703e-08,2.4290392e-08,3.2143937e-08
31.815,-0.00024312436,-0.0009315695,9.162979e-05,-1.5115305e-08,3.9448467e-09,-1.4867513e-09
31.856,-0.0014648548,-0.00032070425,9.162979e-05,-8.083415e-09,3.6921957e-08,-2.3095468e-09
31.895,0.00036774087,-0.0009315695,0.00070249505,-2.8679569e-08,-1.1321377e-08,-2.1627216e-08
31.916,-0.0008539896,-0.0009315695,9.162979e-05,-1.9803524e-08,1.8154314e-08,-1.9478874e-09
31.955,0.0015894714,0.00029016097,9.162979e-05,1.1817309e-08,-6.473398e-08,-3.7317816e-09
31.996,-0.0014648548,-0.00032070425,9.162979e-05,-1.2125122e-08,5.5382937e-08,-3.4643202e-09
32.016,0.00036774087,0.00029016097,9.162979e-05,2.3235789e-09,-2.9448306e-09,-7.3376183e-10
32.056,-0.0008539896,-0.00032070425,-0.0011301007,-1.1721486e-08,3.1212643e-08,4.1304283e-08
32.095,-0.00207572,0.00029016097,9.162979e-05,1.5319191e-08,1.0958866e-07,-4.8376405e-09
32.114,-0.0014648548,0.00029016097,9.162979e-05,7.283274e-09,3.6769038e-08,-2.2999818e-09
32.154,0.0015894714,0.00029016097,-0.00051923544,1.23926105e-08,-6.7885416e-08,2.217625e-08
32.195,-0.0014648548,-0.0009315695,-0.00051923544,-2.8319501e-08,4.4531255e-08,1.578464e-08
32.215,-0.00024312436,0.00029016097,-0.00051923544,4.6922044e-09,3.9315737e-09,8.396577e-09
32.255,0.00036774087,0.00029016097,0.00070249505,6.1655574e-09,-7.814033e-09,-1.492714e-08
32.295,0.00036774087,-0.0009315695,0.00070249505,-1.9119714e-08,-7.547585e-09,-1.4418145e-08
32.316,0.0015894714,0.0015118915,0.00070249505,8.764043e-08,-9.213753e-08,-4.0721815e-08
32.356,0.00036774087,-0.00032070425,9.162979e-05,-4.0068877e-09,-4.5945647e-09,-1.1448251e-09
32.394,0.0015894714,0.00090102624,9.162979e-05,2.7654345e-08,-4.8784138e-08,-2.8123055e-09
32.415,0.00036774087,0.00029016097,-0.00051923544,5.1064473e-09,-6.4717502e-09,9.137853e-09
32.455,-0.0014648548,-0.0009315695,9.162979e-05,-2.7169623e-08,4.272312e-08,-2.6724214e-09
32.496,0.000978606,-0.0009315695,9.162979e-05,-2.1165157e-08,-2.2233822e-08,-2.081819e-09
32.534,-0.0008539896,-0.0009315695,9.162979e-05,-1.9803524e-08,1.8154314e-08,-1.9478874e-09
32.556,0.000978606,0.00029016097,-0.00051923544,5.5749094e-09,-1.8802115e-08,9.976154e-09
32.596,-0.0008539896,-0.0009315695,-0.00051923544,-2.135381e-08,1.9575491e-08,1.1902123e-08
32.634,-0.00024312436,-0.00032070425,-0.0011301007,-6.454585e-09,4.8931903e-09,2.2744729e-08
32.655,-0.0014648548,-0.00032070425,9.162979e-05,-8.083415e-09,3.6921957e-08,-2.3095468e-09
32.694,-0.0014648548,0.00090102624,-0.00051923544,2.7156505e-08,4.415003e-08,1.564951e-08
32.734,0.00036774087,0.00090102624,-0.00051923544,2.5011401e-08,-1.0208042e-08,1.441335e-08
32.755,-0.00024312436,-0.0009315695,9.162979e-05,-1.5115305e-08,3.9448467e-09,-1.4867513e-09
32.796,-0.00024312436,-0.00032070425,0.00070249505,-4.3560986e-09,3.3023375e-09,-9.541931e-09
32.834,-0.0008539896,-0.00032070425,0.00070249505,-9.292447e-09,2.474446e-08,-2.0354886e-08
32.855,-0.0014648548,0.00090102624,0.00070249505,2.8082711e-08,4.5655824e-08,-2.1894996e-08
32.895,-0.00024312436,-0.00032070425,-0.0011301007,-6.454585e-09,4.8931903e-09,2.2744729e-08
32.934,0.000978606,-0.0015424347,-0.00051923544,-7.3714624e-08,-4.6768644e-08,2.4814822e-08
32.955,-0.00024312436,-0.0009315695,-0.00051923544,-1.7096143e-08,4.461813e-09,9.528998e-09
32.995,-0.00024312436,0.0015118915,0.00070249505,6.410183e-08,1.0308091e-08,-2.978469e-08
33.036,-0.00024312436,-0.00032070425,9.162979e-05,-3.3311593e-09,2.525336e-09,-9.517598e-10
33.055,-0.00024312436,-0.0009315695,0.00070249505,-1.8627096e-08,4.8613664e-09,-1.40466625e-08
33.095,0.000978606,0.00090102624,-0.0011301007,3.957852e-08,-4.2986297e-08,4.9640857e-08
33.120,-0.00024312436,-0.00032070425,9.162979e-05,-2.2207731e-09,1.6835575e-09,-6.345066e-10
33.155,-0.0008539896,0.00090102624,-0.00051923544,2.034168e-08,1.9279774e-08,1.1722324e-08
33.193,-0.00024312436,-0.0009315695,-0.0011301007,-3.4804707e-08,9.083457e-09,4.22221e-08
33.234,0.00036774087,-0.0015424347,-0.00051923544,-4.317744e-08,-1.0294186e-08,1.453498e-08
33.274,-0.0008539896,-0.0009315695,9.162979e-05,-1.9803524e-08,1.8154314e-08,-1.9478874e-09
33.294,0.00036774087,0.00090102624,0.00070249505,2.7215568e-08,-1.1107642e-08,-2.1218918e-08
33.333,-0.0014648548,-0.00032070425,0.00070249505,-8.909846e-09,4.0696783e-08,-1.9516806e-08
33.374,-0.0008539896,-0.00032070425,-0.00051923544,-5.647641e-09,1.503886e-08,9.1437995e-09
33.394,0.00036774087,-0.00032070425,9.162979e-05,-2.6712588e-09,-3.0630434e-09,-7.632168e-10
33.433,0.00036774087,0.0015118915,-0.00051923544,4.1607297e-08,-1.012024e-08,1.4289374e-08
33.474,-0.0014648548,-0.00032070425,9.162979e-05,-8.083415e-09,3.6921957e-08,-2.3095468e-09
33.495,-0.00024312436,0.00090102624,9.162979e-05,1.4175524e-08,3.8249888e-09,-1.4415787e-09
33.533,0.0015894714,-0.00032070425,-0.0011301007,-1.0634395e-08,-5.2706092e-08,3.7473587e-08
33.574,-0.0008539896,-0.00032070425,9.162979e-05,-4.9329327e-09,1.3135696e-08,-1.4094094e-09
33.596,-0.00024312436,-0.00032070425,9.162979e-05,-2.2207731e-09,1.6835575e-09,-6.345066e-10
33.635,-0.0008539896,0.00029016097,-0.00051923544,5.0663194e-09,1.491098e-08,9.066046e-09
33.674,-0.00024312436,0.00029016097,9.162979e-05,2.8440765e-09,2.3830369e-09,-8.981295e-10
33.696,0.00036774087,-0.00032070425,-0.00051923544,-3.833751e-09,-4.3960346e-09,6.2070256e-09
33.734,-0.0008539896,-0.0009315695,0.00070249505,-2.2598135e-08,2.0716193e-08,-1.7041218e-08
33.774,0.0015894714,0.00029016097,-0.00051923544,1.23926105e-08,-6.7885416e-08,2.217625e-08
33.794,-0.00024312436,-0.00032070425,-0.00051923544,-3.534665e-09,2.6796128e-09,5.722791e-09
33.834,0.00036774087,-0.0009315695,9.162979e-05,-1.5718374e-08,-6.2048926e-09,-1.5460696e-09
33.875,-0.00024312436,0.0015118915,-0.0011301007,7.2411765e-08,1.1644398e-08,5.4125966e-08
33.895,-0.00024312436,-0.0009315695,0.00070249505,-1.8627096e-08,4.8613664e-09,-1.40466625e-08
33.939,-0.00024312436,-0.0009315695,0.00070249505,-2.7940642e-08,7.2920496e-09,-2.1069992e-08
33.975,0.00036774087,0.00090102624,-0.00051923544,2.5011401e-08,-1.0208042e-08,1.441335e-08
33.997,-0.00024312436,-0.00032070425,-0.00051923544,-3.534665e-09,2.6796128e-09,5.722791e-09
34.036,0.00036774087,0.00029016097,0.00070249505,6.1655574e-09,-7.814033e-09,-1.492714e-08
34.076,-0.00024312436,0.00090102624,0.00070249505,2.6486738e-08,7.1469293e-09,-2.0650678e-08
34.103,-0.0008539896,0.00090102624,-0.00051923544,2.034168e-08,1.9279774e-08,1.1722324e-08
34.136,-0.00024312436,0.00029016097,-0.00051923544,4.6922044e-09,3.9315737e-09,8.396577e-09
34.176,-0.00024312436,-0.0009315695,9.162979e-05,-2.2672957e-08,5.91727e-09,-2.230127e-09
34.216,0.00036774087,0.00090102624,9.162979e-05,1.4776364e-08,-6.03076e-09,-1.5026811e-09
34.235,-0.0014648548,-0.00032070425,0.00070249505,-1.3364768e-08,6.104517e-08,-2.9275208e-08
34.276,-0.0008539896,-0.00032070425,9.162979e-05,-4.9329327e-09,1.3135696e-08,-1.4094094e-09
34.297,-0.0008539896,-0.00032070425,0.0013133603,-1.2905852e-08,3.4366444e-08,-5.2852542e-08
34.336,-0.0008539896,-0.00032070425,-0.001740966,-1.5862971e-08,4.2240824e-08,8.611327e-08
34.384,-0.0008539896,-0.00032070425,9.162979e-05,-4.9329327e-09,1.3135696e-08,-1.4094094e-09
34.397,-0.0008539896,0.00029016097,-0.0011301007,1.0558144e-08,3.107429e-08,4.1121197e-08
34.436,-0.00024312436,-0.0009315695,-0.00051923544,-2.5644212e-08,6.692719e-09,1.4293495e-08
34.481,-0.00024312436,-0.00032070425,9.162979e-05,-2.2207731e-09,1.6835575e-09,-6.345066e-10
34.517,-0.00024312436,-0.00032070425,9.162979e-05,-2.2207731e-09,1.6835575e-09,-6.345066e-10
34.537,0.00036774087,-0.00032070425,9.162979e-05,-2.6712588e-09,-3.0630434e-09,-7.632168e-10
34.576,-0.00024312436,0.00029016097,-0.00051923544,3.1281362e-09,2.6210492e-09,5.597718e-09
34.616,-0.00024312436,0.00090102624,9.162979e-05,1.4175524e-08,3.8249888e-09,-1.4415787e-09
34.637,-0.0008539896,-0.00032070425,-0.00051923544,-5.647641e-09,1.503886e-08,9.1437995e-09
34.676,-0.0014648548,-0.00032070425,9.162979e-05,-8.083415e-09,3.6921957e-08,-2.3095468e-09
34.717,-0.0008539896,-0.0009315695,0.0013133603,-2.8486381e-08,2.6114073e-08,-4.0161126e-08
34.736,0.0015894714,0.00090102624,-0.00051923544,2.8713291e-08,-5.065219e-08,1.6546641e-08
34.776,0.000978606,0.0015118915,-0.0011301007,5.393109e-08,-3.490812e-08,4.0312127e-08
34.817,0.00036774087,-0.00032070425,9.162979e-05,-4.0068877e-09,-4.5945647e-09,-1.1448251e-09
34.836,-0.0008539896,0.00029016097,0.00070249505,5.565384e-09,1.6379806e-08,-1.3474089e-08
34.876,0.000978606,-0.00032070425,-0.00051923544,-6.2054184e-09,-1.893539e-08,1.0046867e-08
34.916,-0.00024312436,0.00029016097,9.162979e-05,2.8440765e-09,2.3830369e-09,-8.981295e-10
34.938,-0.0008539896,-0.00032070425,9.162979e-05,-4.9329327e-09,1.3135696e-08,-1.4094094e-09
34.978,-0.00024312436,-0.0009315695,9.162979e-05,-1.5115305e-08,3.9448467e-09,-1.4867513e-09
35.016,-0.0014648548,-0.0009315695,-0.00051923544,-4.2479247e-08,6.679687e-08,2.3676959e-08
35.036,-0.00024312436,-0.0009315695,9.162979e-05,-1.5115305e-08,3.9448467e-09,-1.4867513e-09
35.077,0.00036774087,0.00090102624,-0.00051923544,1.6674269e-08,-6.805362e-09,9.6089e-09
35.116,-0.0008539896,0.00029016097,9.162979e-05,6.6199752e-09,1.9483634e-08,-2.0905186e-09
35.136,-0.0008539896,-0.0009315695,-0.0011301007,-2.649703e-08,2.4290392e-08,3.2143937e-08
35.176,-0.0008539896,-0.0009315695,0.00070249505,-3.3897205e-08,3.107429e-08,-2.5561826e-08
35.217,0.00036774087,0.00029016097,9.162979e-05,3.4853682e-09,-4.4172457e-09,-1.1006427e-09
35.258,-0.00024312436,0.00090102624,-0.0011301007,2.2155579e-08,5.9782512e-09,2.7788353e-08
35.276,0.00036774087,-0.00032070425,9.162979e-05,-4.0068877e-09,-4.5945647e-09,-1.1448251e-09
35.317,0.00036774087,0.002733622,9.162979e-05,1.8985503e-07,-2.5540274e-08,-6.3638534e-09
35.355,-0.00024312436,-0.0009315695,9.162979e-05,-1.5115305e-08,3.9448467e-09,-1.4867513e-09
35.377,-0.00024312436,0.0015118915,-0.00051923544,6.152174e-08,9.893194e-09,2.1128677e-08
35.417,-0.00024312436,-0.00032070425,-0.00051923544,-3.534665e-09,2.6796128e-09,5.722791e-09
35.457,-0.00024312436,-0.00032070425,-0.0011301007,-6.454585e-09,4.8931903e-09,2.2744729e-08
35.478,-0.0008539896,0.00029016097,0.00070249505,8.348076e-09,2.4569708e-08,-2.0211132e-08
35.517,-0.0008539896,-0.00032070425,0.00070249505,-6.1949645e-09,1.6496307e-08,-1.3569923e-08
35.556,0.000978606,0.0021227568,0.00070249505,8.692478e-08,-4.0072944e-08,-2.8766472e-08
35.575,0.000978606,0.00090102624,-0.00051923544,3.2379518e-08,-3.5167446e-08,1.8659382e-08
35.617,-0.0008539896,-0.0009315695,0.00070249505,-2.2598135e-08,2.0716193e-08,-1.7041218e-08
35.657,0.00036774087,0.00090102624,-0.0023518312,3.8475495e-08,-1.5703217e-08,1.00427556e-07
35.676,0.0015894714,-0.00032070425,0.0013133603,-1.1227372e-08,-5.564499e-08,-4.597876e-08
35.716,-0.0008539896,-0.00032070425,-0.00051923544,-5.647641e-09,1.503886e-08,9.1437995e-09
35.756,-0.0008539896,0.00090102624,9.162979e-05,1.8817378e-08,1.7835047e-08,-1.9136317e-09
35.778,0.00036774087,-0.00032070425,-0.00051923544,-3.833751e-09,-4.3960346e-09,6.2070256e-09
35.817,-0.00024312436,0.00090102624,-0.00051923544,1.6144218e-08,4.3562025e-09,9.303448e-09
35.857,-0.0008539896,-0.00032070425,-0.00051923544,-5.647641e-09,1.503886e-08,9.1437995e-09
35.876,0.00036774087,0.00090102624,0.00070249505,1.8143714e-08,-7.4050948e-09,-1.4145946e-08
35.918,-0.0008539896,0.00029016097,0.0013133603,7.7560305e-09,2.2827223e-08,-3.5106247e-08
35.956,-0.00024312436,-0.0009315695,9.162979e-05,-2.2672957e-08,5.91727e-09,-2.230127e-09
35.978,0.0015894714,-0.00032070425,-0.00051923544,-9.160927e-09,-4.54033e-08,1.48319765e-08
36.018,0.00036774087,-0.0009315695,-0.00051923544,-1.7631589e-08,-6.9601414e-09,9.827442e-09
36.057,0.00036774087,0.00090102624,0.00070249505,2.7215568e-08,-1.1107642e-08,-2.1218918e-08
36.077,0.00036774087,0.00029016097,-0.00051923544,3.4042982e-09,-4.3145003e-09,6.0919025e-09
36.117,-0.0014648548,-0.00032070425,0.00070249505,-8.909846e-09,4.0696783e-08,-1.9516806e-08
36.156,0.000978606,0.00029016097,-0.0011301007,1.11198695e-08,-3.750322e-08,4.3308965e-08
36.197,-0.0008539896,-0.00032070425,9.162979e-05,-4.9329327e-09,1.3135696e-08,-1.4094094e-09
36.217,0.000978606,-0.00032070425,0.00070249505,-1.0061071e-08,-3.0700637e-08,-2.2038538e-08
36.257,-0.00024312436,-0.0009315695,0.00070249505,-2.7940642e-08,7.2920496e-09,-2.1069992e-08
36.297,0.0015894714,0.00090102624,-0.00051923544,2.8713291e-08,-5.065219e-08,1.6546641e-08
36.317,-0.00024312436,-0.00032070425,-0.00051923544,-5.3019975e-09,4.019419e-09,8.584187e-09
36.356,-0.0008539896,-0.00032070425,-0.00051923544,-8.471461e-09,2.2558291e-08,1.3715699e-08
36.397,0.00036774087,0.00090102624,-0.0011301007,2.2544734e-08,-9.201308e-09,2.8276446e-08
36.416,0.0015894714,0.00029016097,-0.00051923544,1.23926105e-08,-6.7885416e-08,2.217625e-08
36.456,0.000978606,0.0015118915,-0.00051923544,4.7542855e-08,-3.077319e-08,1.6327848e-08
36.498,-0.0008539896,0.00029016097,-0.0011301007,7.0387625e-09,2.0716193e-08,2.7414131e-08
36.515,-0.0014648548,-0.0009315695,9.162979e-05,-4.0754436e-08,6.408468e-08,-4.0086316e-09
36.556,-0.00024312436,-0.00032070425,9.162979e-05,-2.2207731e-09,1.6835575e-09,-6.345066e-10
36.597,-0.0014648548,-0.00032070425,9.162979e-05,-8.083415e-09,3.6921957e-08,-2.3095468e-09
36.616,0.0022003367,0.00090102624,0.00070249505,3.7478557e-08,-9.152391e-08,-2.9220569e-08
36.658,-0.0014648548,-0.0009315695,0.00070249505,-2.9269176e-08,4.6024578e-08,-2.2071838e-08
36.697,-0.0008539896,-0.00032070425,0.00070249505,-6.1949645e-09,1.6496307e-08,-1.3569923e-08
36.716,-0.0008539896,-0.00032070425,0.00070249505,-6.1949645e-09,1.6496307e-08,-1.3569923e-08
36.756,0.00036774087,0.00090102624,9.162979e-05,1.4776364e-08,-6.03076e-09,-1.5026811e-09
36.795,0.0022003367,0.0015118915,-0.00051923544,6.8986715e-08,-1.0040006e-07,2.369241e-08
36.816,0.00036774087,-0.0009315695,9.162979e-05,-1.5718374e-08,-6.2048926e-09,-1.5460696e-09
36.857,-0.00024312436,-0.0009315695,9.162979e-05,-1.5115305e-08,3.9448467e-09,-1.4867513e-09
36.896,0.00036774087,-0.00032070425,-0.00051923544,-5.750626e-09,-6.5940515e-09,9.310538e-09
36.937,0.000978606,-0.0009315695,9.162979e-05,-3.174773e-08,-3.335073e-08,-3.1227283e-09
36.957,-0.0008539896,-0.0009315695,0.00070249505,-2.2598135e-08,2.0716193e-08,-1.7041218e-08
36.997,0.00036774087,0.00090102624,9.162979e-05,2.2164544e-08,-9.046139e-09,-2.2540214e-09
37.037,0.00036774087,0.00029016097,9.162979e-05,3.4853682e-09,-4.4172457e-09,-1.1006427e-09
37.057,0.0015894714,-0.00032070425,0.00070249505,-9.50812e-09,-4.7124047e-08,-2.0827308e-08
37.096,0.00036774087,0.00029016097,9.162979e-05,3.4853682e-09,-4.4172457e-09,-1.1006427e-09
37.126,-0.00024312436,-0.0009315695,0.00070249505,-1.8627096e-08,4.8613664e-09,-1.40466625e-08
37.155,0.00036774087,-0.00032070425,0.00070249505,-6.9031594e-09,-7.915623e-09,-1.5121207e-08
37.196,0.00036774087,-0.00032070425,9.162979e-05,-4.0068877e-09,-4.5945647e-09,-1.1448251e-09
37.236,-0.00024312436,-0.00032070425,-0.00051923544,-3.534665e-09,2.6796128e-09,5.722791e-09
37.256,0.00036774087,0.00090102624,0.00070249505,2.7215568e-08,-1.1107642e-08,-2.1218918e-08
37.297,-0.00024312436,0.00029016097,-0.00051923544,4.6922044e-09,3.9315737e-09,8.396577e-09
37.335,0.00036774087,-0.00032070425,9.162979e-05,-2.6712588e-09,-3.0630434e-09,-7.632168e-10
37.356,-0.00024312436,-0.00032070425,9.162979e-05,-3.3311593e-09,2.525336e-09,-9.517598e-10
37.396,-0.0014648548,0.0015118915,0.00070249505,5.629226e-08,5.4540944e-08,-2.6156002e-08
37.437,-0.0008539896,0.00029016097,-0.00051923544,5.0663194e-09,1.491098e-08,9.066046e-09
37.456,0.00036774087,-0.0009315695,-0.00051923544,-2.6447381e-08,-1.0440211e-08,1.4741163e-08
37.496,-0.00024312436,0.00090102624,9.162979e-05,1.4175524e-08,3.8249888e-09,-1.4415787e-09
37.541,-0.0008539896,-0.0009315695,-0.00051923544,-2.135381e-08,1.9575491e-08,1.1902123e-08
37.556,0.00036774087,-0.0009315695,-0.00051923544,-2.6447381e-08,-1.0440211e-08,1.4741163e-08
37.598,-0.00024312436,-0.00032070425,-0.00051923544,-3.534665e-09,2.6796128e-09,5.722791e-09
37.636,-0.0008539896,0.00029016097,9.162979e-05,4.413317e-09,1.2989089e-08,-1.3936791e-09
37.656,0.0015894714,0.00029016097,-0.00051923544,8.261741e-09,-4.5256947e-08,1.4784168e-08
37.697,0.00036774087,-0.00032070425,-0.00051923544,-3.833751e-09,-4.3960346e-09,6.2070256e-09
37.737,0.0015894714,-0.00032070425,9.162979e-05,-8.738453e-09,-4.3309434e-08,-2.4967008e-09
37.757,0.00036774087,0.00090102624,9.162979e-05,1.4776364e-08,-6.03076e-09,-1.5026811e-09
37.798,-0.00024312436,0.00029016097,9.162979e-05,1.896051e-09,1.5886913e-09,-5.9875305e-10
37.836,-0.00024312436,-0.00032070425,9.162979e-05,-2.2207731e-09,1.6835575e-09,-6.345066e-10
37.878,-0.00024312436,0.00029016097,9.162979e-05,2.8440765e-09,2.3830369e-09,-8.981295e-10
37.898,0.00036774087,-0.00032070425,-0.00051923544,-3.833751e-09,-4.3960346e-09,6.2070256e-09
37.936,-0.00024312436,0.00029016097,-0.00051923544,4.6922044e-09,3.9315737e-09,8.396577e-09
37.977,-0.0014648548,-0.00032070425,0.00070249505,-1.3364768e-08,6.104517e-08,-2.9275208e-08
37.997,0.00036774087,-0.00032070425,9.162979e-05,-2.6712588e-09,-3.0630434e-09,-7.632168e-10
38.037,0.00036774087,-0.00032070425,9.162979e-05,-4.0068877e-09,-4.5945647e-09,-1.1448251e-09
38.078,-0.00207572,-0.0009315695,0.00070249505,-5.5823286e-08,1.2438527e-07,-4.209625e-08
38.096,0.00036774087,-0.0009315695,9.162979e-05,-1.5718374e-08,-6.2048926e-09,-1.5460696e-09
38.135,0.000978606,0.00029016097,9.162979e-05,7.48339e-09,-2.5238718e-08,-2.3631759e-09
38.175,-0.00024312436,0.00029016097,0.00070249505,3.8847325e-09,3.254997e-09,-9.405142e-09
38.197,-0.00024312436,-0.0009315695,0.00070249505,-2.7940642e-08,7.2920496e-09,-2.1069992e-08
38.236,-0.00024312436,-0.00032070425,-0.0011301007,-9.681877e-09,7.339785e-09,3.411709e-08
38.276,-0.0014648548,-0.00032070425,9.162979e-05,-8.083415e-09,3.6921957e-08,-2.3095468e-09
38.298,-0.00024312436,-0.00032070425,9.162979e-05,-3.3311593e-09,2.525336e-09,-9.517598e-10
38.337,0.000978606,0.0015118915,-0.00051923544,7.1314275e-08,-4.6159784e-08,2.4491774e-08
38.376,-0.0008539896,-0.0009315695,0.00070249505,-2.2598135e-08,2.0716193e-08,-1.7041218e-08
38.397,0.00036774087,-0.0009315695,0.00070249505,-2.8679569e-08,-1.1321377e-08,-2.1627216e-08
38.438,0.00036774087,0.00090102624,9.162979e-05,1.4776364e-08,-6.03076e-09,-1.5026811e-09
38.474,-0.00024312436,-0.0021533,9.162979e-05,-7.8355164e-08,8.846909e-09,-3.3342618e-09
38.516,-0.00024312436,0.00029016097,9.162979e-05,1.896051e-09,1.5886913e-09,-5.9875305e-10
38.536,0.00036774087,-0.00032070425,-0.00051923544,-3.833751e-09,-4.3960346e-09,6.2070256e-09
38.577,-0.0008539896,0.00029016097,-0.0011301007,7.0387625e-09,2.0716193e-08,2.7414131e-08
38.597,0.00036774087,0.00029016097,0.00070249505,6.1655574e-09,-7.814033e-09,-1.492714e-08
38.636,0.00036774087,0.00090102624,9.162979e-05,1.4776364e-08,-6.03076e-09,-1.5026811e-09
38.676,0.00036774087,0.00029016097,-0.00051923544,3.4042982e-09,-4.3145003e-09,6.0919025e-09
38.717,0.000978606,-0.00032070425,9.162979e-05,-8.34426e-09,-2.5461913e-08,-2.3840745e-09
38.736,-0.0008539896,0.00029016097,9.162979e-05,4.413317e-09,1.2989089e-08,-1.3936791e-09
38.776,-0.00024312436,0.00029016097,9.162979e-05,1.896051e-09,1.5886913e-09,-5.9875305e-10
38.816,-0.0014648548,0.00090102624,9.162979e-05,3.9051468e-08,6.348842e-08,-3.971337e-09
38.837,0.000978606,0.00090102624,-0.0011301007,2.6385681e-08,-2.8657531e-08,3.3093905e-08
38.875,0.00036774087,0.0015118915,-0.0011301007,7.316874e-08,-1.7797001e-08,5.4691785e-08
38.916,0.00036774087,0.00090102624,-0.00051923544,2.5011401e-08,-1.0208042e-08,1.441335e-08
38.935,0.00036774087,-0.00032070425,9.162979e-05,-2.6712588e-09,-3.0630434e-09,-7.632168e-10
38.975,-0.00024312436,-0.00032070425,9.162979e-05,-3.3311593e-09,2.525336e-09,-9.517598e-10
39.015,0.00036774087,0.00029016097,9.162979e-05,3.4853682e-09,-4.4172457e-09,-1.1006427e-09
39.036,0.000978606,0.00029016097,0.00070249505,6.0320415e-09,-2.0343855e-08,-1.4603891e-08
39.076,0.000978606,0.00029016097,-0.0011301007,1.11198695e-08,-3.750322e-08,4.3308965e-08
39.115,-0.00024312436,0.00029016097,0.00070249505,3.8847325e-09,3.254997e-09,-9.405142e-09
39.137,-0.0008539896,-0.00032070425,-0.00051923544,-8.471461e-09,2.2558291e-08,1.3715699e-08
39.175,0.00036774087,0.00090102624,9.162979e-05,2.2164544e-08,-9.046139e-09,-2.2540214e-09
39.218,-0.00024312436,0.00029016097,-0.0011301007,5.8018816e-09,4.8613664e-09,2.2596804e-08
39.236,-0.00207572,-0.0015424347,0.0013133603,-1.12585866e-07,1.5151161e-07,-9.58652e-08
39.277,-0.0008539896,-0.00032070425,9.162979e-05,-7.3993993e-09,1.9703544e-08,-2.114114e-09
39.315,0.000978606,0.00029016097,9.162979e-05,4.9889266e-09,-1.6825812e-08,-1.5754507e-09
39.337,-0.00024312436,-0.0015424347,0.00070249505,-6.64628e-08,1.0476119e-08,-3.027019e-08
39.376,-0.00024312436,0.00090102624,0.00070249505,1.7657827e-08,4.7646203e-09,-1.3767119e-08
39.416,-0.00024312436,0.00029016097,-0.00051923544,3.1281362e-09,2.6210492e-09,5.597718e-09
39.456,0.0015894714,-0.00032070425,9.162979e-05,-8.738453e-09,-4.3309434e-08,-2.4967008e-09
39.477,-0.00024312436,-0.0009315695,0.00070249505,-1.8627096e-08,4.8613664e-09,-1.40466625e-08
39.517,-0.0008539896,-0.00032070425,-0.00051923544,-5.647641e-09,1.503886e-08,9.1437995e-09
39.556,0.000978606,0.00090102624,9.162979e-05,2.0156387e-08,-2.1891884e-08,-2.0498019e-09
39.577,0.000978606,0.00090102624,0.00070249505,2.2740565e-08,-2.4698565e-08,-1.7729933e-08
39.618,-0.00024312436,-0.0009315695,-0.00051923544,-1.7096143e-08,4.461813e-09,9.528998e-09
39.657,-0.00024312436,-0.0009315695,-0.00051923544,-2.5644212e-08,6.692719e-09,1.4293495e-08
39.677,-0.0008539896,-0.0009315695,-0.00051923544,-2.135381e-08,1.9575491e-08,1.1902123e-08
39.717,-0.0008539896,-0.00032070425,-0.001740966,-1.0575315e-08,2.816055e-08,5.7408847e-08
39.757,0.000978606,0.00090102624,9.162979e-05,3.023458e-08,-3.283783e-08,-3.0747027e-09
39.777,-0.00024312436,-0.0009315695,-0.00051923544,-1.7096143e-08,4.461813e-09,9.528998e-09
39.817,-0.00024312436,-0.00032070425,-0.00051923544,-3.534665e-09,2.6796128e-09,5.722791e-09
39.857,0.00036774087,0.00029016097,9.162979e-05,3.4853682e-09,-4.4172457e-09,-1.1006427e-09
39.877,-0.0008539896,0.00029016097,9.162979e-05,4.413317e-09,1.2989089e-08,-1.3936791e-09
39.916,0.00036774087,-0.00032070425,-0.0011301007,-9.9346495e-09,-1.1391731e-08,3.500781e-08
39.956,0.00036774087,0.0021227568,9.162979e-05,1.1519273e-07,-1.9955689e-08,-4.9723465e-09
39.977,-0.00024312436,-0.00032070425,9.162979e-05,-2.2207731e-09,1.6835575e-09,-6.345066e-10
40.016,-0.0014648548,-0.00032070425,-0.0011301007,-1.5154564e-08,6.922026e-08,5.3401788e-08
40.056,0.000978606,0.00090102624,9.162979e-05,3.023458e-08,-3.283783e-08,-3.0747027e-09
40.096,0.000978606,0.00090102624,9.162979e-05,2.0156387e-08,-2.1891884e-08,-2.0498019e-09
40.117,0.00036774087,0.00090102624,-0.00051923544,2.5011401e-08,-1.0208042e-08,1.441335e-08
40.154,0.00036774087,-0.00032070425,0.00070249505,-4.6021067e-09,-5.2770823e-09,-1.00808055e-08
40.194,0.00036774087,-0.0015424347,-0.00051923544,-4.317744e-08,-1.0294186e-08,1.453498e-08
40.215,0.00036774087,-0.00032070425,9.162979e-05,-4.0068877e-09,-4.5945647e-09,-1.1448251e-09
40.254,0.000978606,0.00029016097,0.00070249505,6.0320415e-09,-2.0343855e-08,-1.4603891e-08
40.295,-0.0008539896,0.00029016097,9.162979e-05,4.413317e-09,1.2989089e-08,-1.3936791e-09
40.315,0.00036774087,-0.00032070425,-0.00051923544,-5.750626e-09,-6.5940515e-09,9.310538e-09
40.355,-0.00024312436,-0.0009315695,0.00070249505,-1.8627096e-08,4.8613664e-09,-1.40466625e-08
40.395,-0.0008539896,-0.00032070425,9.162979e-05,-4.9329327e-09,1.3135696e-08,-1.4094094e-09
40.416,-0.00024312436,0.00029016097,-0.00051923544,3.1281362e-09,2.6210492e-09,5.597718e-09
40.460,-0.0014648548,-0.0009315695,0.00070249505,-2.9269176e-08,4.6024578e-08,-2.2071838e-08
40.494,0.00036774087,-0.00032070425,9.162979e-05,-2.6712588e-09,-3.0630434e-09,-7.632168e-10
40.516,0.000978606,0.00090102624,-0.00051923544,2.1586345e-08,-2.3444963e-08,1.2439588e-08
40.554,0.0015894714,-0.00032070425,9.162979e-05,-8.738453e-09,-4.3309434e-08,-2.4967008e-09
40.596,0.00036774087,-0.00032070425,0.0013133603,-7.538496e-09,-8.644142e-09,-3.0871938e-08
40.615,-0.00024312436,-0.00032070425,-0.00051923544,-3.534665e-09,2.6796128e-09,5.722791e-09
40.656,0.00036774087,0.00029016097,-0.00051923544,3.4042982e-09,-4.3145003e-09,6.0919025e-09
40.694,-0.0008539896,-0.0009315695,-0.00051923544,-3.2030712e-08,2.9363237e-08,1.7853184e-08
40.716,0.00036774087,-0.00032070425,0.00070249505,-4.6021067e-09,-5.2770823e-09,-1.00808055e-08
40.754,-0.00025534167,0.000299324,0.000100792764,2.039586e-09,1.7398916e-09,-6.867993e-10
40.796,0.00035552357,-0.00031154128,0.000711658,-6.69826e-09,-7.643896e-09,-1.5300927e-08
40.816,-0.00025534167,0.000299324,0.000100792764,2.039586e-09,1.7398916e-09,-6.867993e-10
40.857,0.001577254,0.000299324,-0.0011209378,9.832811e-09,-5.1812886e-08,3.682287e-08
40.898,0.00035552357,-0.0009224065,0.000100792764,-2.3066294e-08,-8.890453e-09,-2.5204892e-09
40.917,0.00035552357,-0.00031154128,0.000711658,-4.4655066e-09,-5.0959312e-09,-1.0200617e-08
40.956,0.00035552357,-0.00031154128,0.000100792764,-3.789451e-09,-4.3244324e-09,-1.2259989e-09
40.998,0.00096638885,0.00091018924,0.000100792764,3.049561e-08,-3.237856e-08,-3.3770298e-09
41.019,-0.00086620694,-0.0015332717,0.0013225232,-5.6653075e-08,3.2005605e-08,-4.88661e-08
41.058,0.00096638885,0.000299324,-0.00051007245,8.5345455e-09,-2.7554387e-08,1.454356e-08
41.099,0.00096638885,-0.00031154128,0.000711658,-9.721277e-09,-3.015502e-08,-2.2206446e-08
41.117,0.00096638885,0.00091018924,0.000100792764,2.0330406e-08,-2.1585706e-08,-2.2513533e-09
41.168,0.00096638885,0.000299324,0.0013225232,1.2542783e-08,-4.049527e-08,-5.541862e-08
41.199,-0.0014770721,0.000299324,-0.00051007245,7.990083e-09,3.942861e-08,1.3615752e-08
41.238,0.0021881193,0.000299324,0.000100792764,1.1102228e-08,-8.115955e-08,-3.7385046e-09
41.258,0.00035552357,-0.00031154128,0.0019333885,-1.5604634e-08,-1.7807642e-08,-9.684052e-08
41.297,-0.00025534167,0.00091018924,-0.0011209378,2.239162e-08,6.281676e-09,2.7576256e-08
41.338,0.0027989845,0.000299324,0.000711658,1.4580907e-08,-1.3634637e-07,-3.4666854e-08
41.357,0.00096638885,0.000299324,-0.0011209378,1.1374189e-08,-3.6722376e-08,4.2595172e-08
41.398,0.00035552357,0.00091018924,0.000100792764,1.500083e-08,-5.859385e-09,-1.6611658e-09
41.438,0.00035552357,-0.0009224065,0.000100792764,-1.537753e-08,-5.926969e-09,-1.6803262e-09
41.457,-0.00025534167,0.00091018924,0.000711658,1.8068882e-08,5.068988e-09,-1.4127681e-08
41.498,-0.00025534167,-0.0009224065,-0.0011209378,-2.2810015e-08,6.3142953e-09,2.7719457e-08
41.539,0.00035552357,0.00091018924,-0.00051007245,1.683226e-08,-6.5747483e-09,9.432843e-09
41.558,0.00035552357,0.000299324,0.000100792764,2.3881452e-09,-2.8365315e-09,-8.041713e-10
41.597,-0.00025534167,-0.0009224065,0.000100792764,-1.4893364e-08,4.122799e-09,-1.6274206e-09
41.636,-0.00086620694,-0.00031154128,0.000100792764,-4.840169e-09,1.3457568e-08,-1.565937e-09
41.658,0.00035552357,0.000299324,-0.00051007245,3.4652974e-09,-4.1159245e-09,5.9051493e-09
41.697,0.001577254,0.000299324,0.000711658,8.818673e-09,-4.6469008e-08,-2.0966844e-08
41.737,0.001577254,-0.00031154128,-0.00051007245,-8.816043e-09,-4.4633378e-08,1.4434109e-08
41.757,-0.0014770721,-0.00031154128,0.000711658,-8.723045e-09,4.1357495e-08,-1.9926171e-08
41.797,-0.00086620694,-0.00031154128,0.000711658,-6.081595e-09,1.6909219e-08,-1.389227e-08
41.838,0.001577254,0.000299324,0.000100792764,1.21169e-08,-6.384864e-08,-4.0801797e-09
41.856,-0.00025534167,0.000299324,0.000100792764,2.039586e-09,1.7398916e-09,-6.867993e-10
41.897,-0.00086620694,-0.00031154128,-0.00051007245,-5.5006812e-09,1.529405e-08,9.006016e-09
41.938,0.00096638885,0.000299324,0.000711658,9.317355e-09,-3.0081743e-08,-2.2152483e-08
41.958,-0.00025534167,0.000299324,0.000100792764,2.039586e-09,1.7398916e-09,-6.867993e-10
41.997,-0.0014770721,-0.00031154128,-0.00051007245,-8.328458e-09,3.9486686e-08,1.3635807e-08
42.036,0.00035552357,-0.00031154128,0.000711658,-6.69826e-09,-7.643896e-09,-1.5300927e-08
42.077,0.00096638885,0.000299324,0.000100792764,5.1056444e-09,-1.6483938e-08,-1.7192475e-09
42.097,-0.00025534167,-0.00031154128,0.000100792764,-3.2554888e-09,2.6682239e-09,-1.0532463e-09
42.138,-0.0014770721,-0.00031154128,0.000711658,-1.3084567e-08,6.203624e-08,-2.9889257e-08
42.176,0.0021881193,0.000299324,0.000100792764,1.1102228e-08,-8.115955e-08,-3.7385046e-09
42.197,0.0021881193,0.00091018924,-0.00051007245,5.5526673e-08,-1.334876e-07,3.1117295e-08
42.237,-0.00086620694,-0.00031154128,0.000711658,-6.081595e-09,1.6909219e-08,-1.389227e-08
42.277,-0.0020879374,-0.0015332717,0.000711658,-6.9105596e-08,9.4104756e-08,-3.2074905e-08
42.296,-0.0014770721,-0.0009224065,0.000711658,-4.3669257e-08,6.992865e-08,-3.3691844e-08
42.337,0.00035552357,-0.00031154128,0.000100792764,-2.5263007e-09,-2.882955e-09,-8.173326e-10
42.378,-0.00086620694,0.000299324,0.000711658,5.826973e-09,1.6862547e-08,-1.3853924e-08
42.396,-0.00086620694,0.000299324,-0.00051007245,7.900697e-09,2.2863649e-08,1.3463431e-08
42.438,-0.00086620694,-0.00031154128,-0.00051007245,-5.5006812e-09,1.529405e-08,9.006016e-09
42.479,0.001577254,0.000299324,0.000711658,8.818673e-09,-4.6469008e-08,-2.0966844e-08
42.499,-0.00086620694,-0.00031154128,0.000711658,-6.081595e-09,1.6909219e-08,-1.389227e-08
42.538,-0.0014770721,0.000299324,-0.00051007245,7.990083e-09,3.942861e-08,1.3615752e-08
42.579,0.00035552357,0.000299324,0.000100792764,2.3881452e-09,-2.8365315e-09,-8.041713e-10
42.598,-0.00025534167,0.000299324,-0.00051007245,3.234959e-09,2.7596179e-09,5.5126335e-09
42.637,-0.0014770721,-0.00031154128,0.000100792764,-7.907778e-09,3.7492175e-08,-2.5583986e-09
42.676,-0.0020879374,0.000299324,0.000711658,1.1179097e-08,7.797989e-08,-2.6578867e-08
42.697,-0.00086620694,-0.00031154128,-0.00051007245,-5.5006812e-09,1.529405e-08,9.006016e-09
42.736,0.00035552357,-0.00031154128,0.000100792764,-2.5263007e-09,-2.882955e-09,-8.173326e-10
42.776,0.00035552357,-0.00031154128,-0.0011209378,-9.537866e-09,-1.0884388e-08,3.4317615e-08
42.797,0.00035552357,0.00091018924,0.0013225232,2.5110053e-08,-9.808089e-09,-3.648541e-08
42.837,-0.00086620694,0.000299324,0.0019333885,1.0744709e-08,3.109387e-08,-6.9402034e-08
42.877,0.00096638885,0.000299324,-0.00051007245,8.5345455e-09,-2.7554387e-08,1.454356e-08
42.917,0.0021881193,0.00091018924,0.0013225232,6.216419e-08,-1.494444e-07,-9.032582e-08
42.937,-0.00025534167,-0.0009224065,-0.00051007245,-1.6783561e-08,4.6460453e-09,9.280975e-09
42.976,0.00035552357,0.000299324,0.000100792764,3.5822174e-09,-4.254797e-09,-1.2062568e-09
43.017,0.00096638885,0.000299324,0.0013225232,8.361855e-09,-2.6996847e-08,-3.694575e-08
43.037,0.00035552357,0.000299324,0.000100792764,3.5822174e-09,-4.254797e-09,-1.2062568e-09
43.076,0.00035552357,0.000299324,-0.00051007245,5.1979456e-09,-6.1738863e-09,8.8577226e-09
43.117,0.001577254,0.000299324,0.000711658,8.818673e-09,-4.6469008e-08,-2.0966844e-08
43.136,-0.0014770721,-0.0009224065,-0.0011209378,-4.8074572e-08,7.6982985e-08,5.842175e-08
43.177,-0.00025534167,0.000299324,0.000100792764,3.059379e-09,2.6098375e-09,-1.0301989e-09
43.216,0.00096638885,0.000299324,-0.00051007245,5.689697e-09,-1.8369592e-08,9.695707e-09
43.236,0.00035552357,-0.0009224065,0.0013225232,-3.8328356e-08,-1.4772915e-08,-5.495423e-08
43.276,0.00096638885,-0.00031154128,-0.00051007245,-5.939119e-09,-1.8422913e-08,9.723851e-09
43.317,0.00096638885,0.000299324,-0.00051007245,5.689697e-09,-1.8369592e-08,9.695707e-09
43.337,-0.00025534167,0.000299324,0.000100792764,3.059379e-09,2.6098375e-09,-1.0301989e-09
43.376,0.00035552357,0.000299324,0.000100792764,2.3881452e-09,-2.8365315e-09,-8.041713e-10
43.418,-0.00025534167,0.000299324,0.000100792764,2.039586e-09,1.7398916e-09,-6.867993e-10
43.437,-0.00025534167,-0.00031154128,-0.00051007245,-5.09571e-09,4.176484e-09,8.342976e-09
43.476,-0.00086620694,0.00091018924,-0.0011209378,2.5712723e-08,2.4470229e-08,3.166634e-08
43.521,0.00035552357,0.00091018924,0.000100792764,1.500083e-08,-5.859385e-09,-1.6611658e-09
43.556,-0.0014770721,-0.00031154128,0.0013225232,-1.573491e-08,7.460199e-08,-6.679624e-08
43.577,-0.00086620694,-0.00031154128,0.000100792764,-4.840169e-09,1.3457568e-08,-1.565937e-09
43.619,0.00096638885,0.00091018924,0.000100792764,2.0330406e-08,-2.1585706e-08,-2.2513533e-09
43.637,0.00096638885,0.00091018924,0.000100792764,2.0330406e-08,-2.1585706e-08,-2.2513533e-09
43.677,0.00096638885,0.00091018924,-0.00051007245,2.171694e-08,-2.305785e-08,1.2170229e-08
43.716,0.00035552357,-0.0009224065,-0.00051007245,-1.7214646e-08,-6.6350494e-09,9.519357e-09
43.757,-0.00025534167,-0.00031154128,0.000100792764,-3.2554888e-09,2.6682239e-09,-1.0532463e-09
43.777,0.00035552357,-0.0009224065,0.000100792764,-1.537753e-08,-5.926969e-09,-1.6803262e-09
43.819,-0.00025534167,-0.00031154128,0.000100792764,-3.2554888e-09,2.6682239e-09,-1.0532463e-09
43.858,-0.0014770721,-0.00031154128,0.000711658,-1.3084567e-08,6.203624e-08,-2.9889257e-08
43.877,0.00035552357,-0.00031154128,-0.0011209378,-6.358577e-09,-7.2562587e-09,2.287841e-08
43.917,0.00035552357,-0.00031154128,-0.00051007245,-5.4523395e-09,-6.222081e-09,8.926868e-09
43.957,0.00035552357,-0.00031154128,0.000100792764,-3.789451e-09,-4.3244324e-09,-1.2259989e-09
43.978,0.00096638885,0.000299324,-0.00051007245,5.689697e-09,-1.8369592e-08,9.695707e-09
44.018,0.00096638885,0.00091018924,0.000100792764,3.049561e-08,-3.237856e-08,-3.3770298e-09
44.059,-0.00086620694,-0.0015332717,0.000711658,-4.8860045e-08,2.7603006e-08,-2.2678067e-08
44.076,0.00096638885,0.000299324,0.000100792764,7.658467e-09,-2.4725905e-08,-2.5788711e-09
44.116,0.00035552357,-0.0009224065,-0.0011209378,-3.4693574e-08,-1.3371961e-08,4.2160735e-08
44.155,-0.00025534167,-0.00031154128,0.000100792764,-2.1703257e-09,1.778816e-09,-7.021642e-10
44.176,0.00035552357,-0.0009224065,0.000100792764,-2.3066294e-08,-8.890453e-09,-2.5204892e-09
44.217,0.00096638885,-0.00031154128,0.000100792764,-7.9997795e-09,-2.4815003e-08,-2.588164e-09
44.257,-0.00086620694,0.000299324,0.000100792764,4.6300785e-09,1.339888e-08,-1.559108e-09
44.277,-0.00086620694,-0.00031154128,-0.00051007245,-8.251021e-09,2.2941075e-08,1.3509024e-08
44.317,0.00035552357,-0.0015332717,-0.00051007245,-4.2561364e-08,-9.868811e-09,1.4158859e-08
44.356,-0.00086620694,0.000299324,-0.00051007245,5.2671316e-09,1.5242433e-08,8.975621e-09
44.377,-0.00025534167,0.000299324,0.000100792764,3.059379e-09,2.6098375e-09,-1.0301989e-09
44.417,0.0021881193,0.0015210545,0.000100792764,6.8053325e-08,-9.7898386e-08,-4.5095536e-09
44.458,0.001577254,0.00091018924,0.000711658,2.985608e-08,-5.1737178e-08,-2.3343846e-08
44.478,-0.00086620694,-0.0009224065,0.000100792764,-1.964407e-08,1.8447214e-08,-2.1465372e-09
44.517,-0.00025534167,-0.0009224065,-0.00051007245,-1.6783561e-08,4.6460453e-09,9.280975e-09
44.555,-0.00025534167,0.00091018924,0.000711658,1.8068882e-08,5.068988e-09,-1.4127681e-08
44.597,0.00035552357,0.00091018924,0.000100792764,2.2501247e-08,-8.789078e-09,-2.4917488e-09
44.618,-0.00025534167,0.00091018924,0.000711658,1.8068882e-08,5.068988e-09,-1.4127681e-08
44.657,0.00035552357,-0.00031154128,0.000711658,-4.4655066e-09,-5.0959312e-09,-1.0200617e-08
44.695,-0.00025534167,-0.00031154128,0.0013225232,-1.0839119e-08,8.883827e-09,-4.601312e-08
44.716,-0.0014770721,0.000299324,0.000711658,8.36973e-09,4.1302048e-08,-1.9899456e-08
44.756,0.00035552357,-0.0009224065,0.000100792764,-2.3066294e-08,-8.890453e-09,-2.5204892e-09
44.797,-0.00086620694,-0.00031154128,-0.00051007245,-8.251021e-09,2.2941075e-08,1.3509024e-08
44.816,0.00096638885,0.00091018924,0.000100792764,2.0330406e-08,-2.1585706e-08,-2.2513533e-09
44.858,0.00035552357,0.000299324,-0.00051007245,5.1979456e-09,-6.1738863e-09,8.8577226e-09
44.896,0.00035552357,-0.0009224065,0.000100792764,-2.3066294e-08,-8.890453e-09,-2.5204892e-09
44.917,-0.00025534167,-0.0009224065,0.000711658,-1.8457245e-08,5.109357e-09,-1.4240192e-08
44.956,-0.00025534167,-0.0009224065,0.000711658,-2.7685868e-08,7.664035e-09,-2.1360288e-08
44.997,0.00096638885,0.0015210545,0.000100792764,4.605942e-08,-2.9263454e-08,-3.0521292e-09
45.016,-0.00025534167,-0.0009224065,-0.00051007245,-2.5175341e-08,6.969068e-09,1.3921463e-08
45.057,0.00096638885,-0.00031154128,-0.00051007245,-8.908678e-09,-2.763437e-08,1.4585775e-08
45.098,0.00096638885,0.00091018924,0.000100792764,2.0330406e-08,-2.1585706e-08,-2.2513533e-09
45.140,-0.00025534167,0.000299324,-0.0011209378,5.9658243e-09,5.089213e-09,2.2341402e-08
45.157,-0.00025534167,-0.0009224065,-0.00051007245,-2.5175341e-08,6.969068e-09,1.3921463e-08
45.195,-0.0014770721,-0.0009224065,-0.00051007245,-2.8081583e-08,4.4967727e-08,1.5528558e-08
45.235,-0.0014770721,0.000299324,0.000711658,8.36973e-09,4.1302048e-08,-1.9899456e-08
45.255,0.00035552357,0.000299324,0.000100792764,2.3881452e-09,-2.8365315e-09,-8.041713e-10
45.297,0.00096638885,-0.0009224065,0.000100792764,-2.0733012e-08,-2.1721608e-08,-2.265528e-09
45.337,-0.00086620694,-0.00031154128,0.000711658,-6.081595e-09,1.6909219e-08,-1.389227e-08
45.357,-0.00086620694,0.000299324,0.0013225232,8.080263e-09,2.338329e-08,-3.5701568e-08
45.396,-0.00086620694,-0.0009224065,-0.00051007245,-2.1113149e-08,1.9826786e-08,1.16751515e-08
45.437,-0.00025534167,-0.0009224065,0.000100792764,-1.4893364e-08,4.122799e-09,-1.6274206e-09
45.457,-0.00025534167,0.000299324,0.000100792764,2.039586e-09,1.7398916e-09,-6.867993e-10
45.497,-0.00086620694,0.00091018924,0.000100792764,1.9248741e-08,1.8318602e-08,-2.1315723e-09
45.536,0.00035552357,0.0015210545,-0.00051007245,6.290021e-08,-1.4701976e-08,2.109304e-08
45.556,0.00096638885,0.00091018924,-0.00051007245,2.171694e-08,-2.305785e-08,1.2170229e-08
45.596,-0.00025534167,-0.00031154128,-0.00051007245,-3.3971403e-09,2.7843228e-09,5.561984e-09
45.637,-0.00086620694,-0.00031154128,0.000100792764,-7.260254e-09,2.0186354e-08,-2.3489057e-09
45.657,0.00035552357,0.000299324,0.000100792764,2.3881452e-09,-2.8365315e-09,-8.041713e-10
45.695,-0.00025534167,-0.0009224065,-0.00051007245,-1.6783561e-08,4.6460453e-09,9.280975e-09
45.737,0.00035552357,-0.00031154128,0.000100792764,-3.789451e-09,-4.3244324e-09,-1.2259989e-09
45.756,-0.0014770721,-0.0009224065,0.000100792764,-2.6994439e-08,4.322686e-08,-2.949723e-09
45.796,-0.00025534167,0.000299324,0.000711658,6.1254206e-09,5.2253584e-09,-1.4563498e-08
45.837,0.00035552357,0.000299324,0.000711658,6.402598e-09,-7.604718e-09,-1.5222502e-08
45.857,0.00035552357,0.000299324,0.000100792764,2.3881452e-09,-2.8365315e-09,-8.041713e-10
45.897,-0.00025534167,-0.00031154128,-0.00051007245,-5.09571e-09,4.176484e-09,8.342976e-09
45.937,-0.00025534167,0.000299324,0.000711658,6.1254206e-09,5.2253584e-09,-1.4563498e-08
45.956,0.00035552357,-0.00031154128,0.000711658,-4.4655066e-09,-5.0959312e-09,-1.0200617e-08
45.997,-0.00025534167,-0.00031154128,-0.00051007245,-5.09571e-09,4.176484e-09,8.342976e-09
46.036,-0.00025534167,-0.00031154128,-0.0011209378,-6.225723e-09,5.102651e-09,2.2400396e-08
46.057,-0.00086620694,0.000299324,0.000100792764,6.9451174e-09,2.009832e-08,-2.338662e-09
46.096,0.00035552357,0.00091018924,-0.00051007245,2.524839e-08,-9.862123e-09,1.4149265e-08
46.135,0.00035552357,0.000299324,-0.00051007245,3.4652974e-09,-4.1159245e-09,5.9051493e-09
46.175,0.001577254,-0.00031154128,0.000711658,-9.18972e-09,-4.65252e-08,-2.09922e-08
46.196,0.00035552357,0.00091018924,0.000100792764,2.2501247e-08,-8.789078e-09,-2.4917488e-09
46.238,-0.00086620694,0.00091018924,0.000100792764,1.9248741e-08,1.8318602e-08,-2.1315723e-09
46.277,-0.00025534167,-0.00031154128,-0.00051007245,-3.3971403e-09,2.7843228e-09,5.561984e-09
46.296,0.00096638885,-0.00031154128,-0.00051007245,-5.939119e-09,-1.8422913e-08,9.723851e-09
46.336,0.00035552357,-0.00031154128,0.000100792764,-2.5263007e-09,-2.882955e-09,-8.173326e-10
46.377,0.00096638885,0.000299324,0.000100792764,5.1056444e-09,-1.6483938e-08,-1.7192475e-09
46.396,0.00035552357,0.000299324,0.0013225232,7.039621e-09,-8.3613445e-09,-3.1103628e-08
46.436,0.00035552357,0.000299324,0.000100792764,2.3881452e-09,-2.8365315e-09,-8.041713e-10
46.476,-0.00025534167,0.000299324,0.000100792764,3.059379e-09,2.6098375e-09,-1.0301989e-09
46.497,0.00096638885,0.00091018924,-0.0011209378,2.6532158e-08,-2.8170387e-08,3.2675512e-08
46.537,0.00096638885,0.000299324,0.000100792764,5.1056444e-09,-1.6483938e-08,-1.7192475e-09
46.576,-0.00025534167,-0.00031154128,-0.00051007245,-5.09571e-09,4.176484e-09,8.342976e-09
46.597,-0.00086620694,-0.0009224065,0.000711658,-2.2466574e-08,2.1097751e-08,-1.7333482e-08
46.636,-0.0020879374,-0.0015332717,-0.00051007245,-6.791621e-08,9.248511e-08,2.2593643e-08
46.676,-0.00086620694,0.000299324,-0.00051007245,7.900697e-09,2.2863649e-08,1.3463431e-08
46.696,0.00035552357,0.000299324,0.000711658,4.268399e-09,-5.069812e-09,-1.0148335e-08
46.737,0.00035552357,0.000299324,-0.0011209378,9.140698e-09,-1.085691e-08,3.423098e-08
46.776,-0.00025534167,-0.0009224065,-0.00051007245,-2.5175341e-08,6.969068e-09,1.3921463e-08
46.815,0.00096638885,-0.00031154128,-0.00051007245,-5.939119e-09,-1.8422913e-08,9.723851e-09
46.835,0.00035552357,0.0015210545,-0.0011209378,7.359556e-08,-1.720185e-08,5.4236082e-08
46.874,-0.00025534167,-0.0015332717,-0.00051007245,-6.31244e-08,1.051235e-08,2.0999552e-08
46.917,0.00035552357,0.000299324,0.000711658,4.268399e-09,-5.069812e-09,-1.0148335e-08
46.935,-0.00022540927,0.00035063666,-0.0005357288,5.989716e-09,3.8505314e-09,9.151535e-09
46.976,0.00038545596,0.0009615019,-0.0005357288,1.8812663e-08,-7.541798e-09,1.0482024e-08
47.017,0.00038545596,0.00035063666,-0.0005357288,4.396424e-09,-4.8330024e-09,6.717184e-09
47.037,-0.00022540927,-0.0008710939,-0.0005357288,-2.2956412e-08,5.9403336e-09,1.4118354e-08
47.076,0.0009963212,-0.0002602286,-0.0011465941,-6.7283956e-09,-2.5760594e-08,2.9646007e-08
47.115,0.00038545596,0.00035063666,-0.0005357288,4.396424e-09,-4.8330024e-09,6.717184e-09
47.135,0.0009963212,0.00035063666,0.0006860017,1.1113413e-08,-3.1578356e-08,-2.1742792e-08
47.176,-0.0008362745,0.0009615019,7.513642e-05,2.0591852e-08,1.7909938e-08,-1.6091473e-09
47.217,0.00038545596,0.0009615019,0.0006860017,2.0042226e-08,-8.034717e-09,-1.4299504e-08
47.236,0.0009963212,-0.0008710939,7.513642e-05,-1.9372418e-08,-2.2157371e-08,-1.6709729e-09
47.277,-0.0008362745,-0.0002602286,7.513642e-05,-3.837831e-09,1.2333311e-08,-1.108106e-09
47.318,0.00038545596,0.00035063666,-0.0005357288,4.396424e-09,-4.8330024e-09,6.717184e-09
47.338,-0.0014471398,-0.0014819591,-0.0005357288,-5.319448e-08,5.194465e-08,1.9229827e-08
47.377,0.00038545596,0.0009615019,0.0006860017,2.0042226e-08,-8.034717e-09,-1.4299504e-08
47.416,-0.00022540927,0.0009615019,7.513642e-05,1.597686e-08,3.745528e-09,-1.2485093e-09
47.437,-0.0008362745,-0.0002602286,7.513642e-05,-3.837831e-09,1.2333311e-08,-1.108106e-09
47.475,-0.00022540927,0.0009615019,-0.0011465941,2.441098e-08,5.722778e-09,2.911017e-08
47.516,0.0009963212,-0.0002602286,-0.0005357288,-7.601709e-09,-2.9104193e-08,1.5649526e-08
47.536,0.00038545596,0.00035063666,-0.0005357288,4.396424e-09,-4.8330024e-09,6.717184e-09
47.577,-0.0008362745,0.00035063666,0.0006860017,6.6889747e-09,1.595332e-08,-1.3086617e-08
47.614,0.0009963212,0.00035063666,-0.0011465941,1.3756141e-08,-3.9087567e-08,4.4983057e-08
47.636,-0.00022540927,-0.0002602286,-0.0005357288,-2.780279e-09,2.4082696e-09,5.7237193e-09
47.677,-0.0008362745,-0.0002602286,7.513642e-05,-3.837831e-09,1.2333311e-08,-1.108106e-09
47.717,0.00038545596,0.0009615019,-0.0011465941,3.7389945e-08,-1.4989235e-08,4.4587626e-08
47.736,-0.0014471398,-0.0014819591,0.0012968669,-6.076118e-08,5.9333566e-08,-5.317229e-08
47.777,0.0009963212,0.00035063666,-0.0005357288,1.0450487e-08,-2.9694673e-08,1.5967032e-08
47.816,-0.0008362745,-0.0002602286,0.0012968669,-1.0248375e-08,3.293433e-08,-5.1073474e-08
47.856,0.0009963212,0.00035063666,7.513642e-05,6.229138e-09,-1.7699866e-08,-1.3348151e-09
47.877,-0.0008362745,0.0009615019,7.513642e-05,3.0887772e-08,2.6864907e-08,-2.4137208e-09
47.917,-0.00022540927,-0.0002602286,7.513642e-05,-2.3077091e-09,1.998931e-09,-6.6631034e-10
47.938,-0.0008362745,-0.0008710939,7.513642e-05,-1.7681801e-08,1.6975024e-08,-1.525148e-09
47.977,-0.0008362745,0.0009615019,7.513642e-05,3.0887772e-08,2.6864907e-08,-2.4137208e-09
48.017,-0.00022540927,-0.0002602286,-0.0005357288,-2.780279e-09,2.4082696e-09,5.7237193e-09
48.057,0.0009963212,-0.0014819591,0.0006860017,-4.7562473e-08,-3.1976253e-08,-2.2016758e-08
48.075,0.0009963212,0.00035063666,7.513642e-05,9.343707e-09,-2.65498e-08,-2.0022226e-09
48.117,-0.00022540927,0.00035063666,7.513642e-05,2.4916642e-09,1.6017839e-09,-5.3392796e-10
48.155,-0.0014471398,-0.0002602286,-0.0005357288,-6.832251e-09,3.799437e-08,1.4065454e-08
48.176,0.00038545596,0.00035063666,-0.0005357288,6.594636e-09,-7.249503e-09,1.0075776e-08
48.216,0.0009963212,0.0009615019,7.513642e-05,2.2368438e-08,-2.3178476e-08,-1.747978e-09
48.257,-0.00022540927,-0.0002602286,0.0006860017,-3.351037e-09,2.9026586e-09,-8.833836e-09
48.275,-0.0008362745,0.00035063666,0.0006860017,6.6889747e-09,1.595332e-08,-1.3086617e-08
48.316,0.0016071864,0.0009615019,0.0006860017,3.2174338e-08,-5.378061e-08,-2.2955389e-08
48.341,0.00038545596,-0.0008710939,0.0006860017,-2.5733415e-08,-1.1386945e-08,-2.0265514e-08
48.376,-0.00022540927,0.00035063666,0.0006860017,4.722146e-09,3.0356648e-09,-9.238623e-09
48.417,-0.00022540927,-0.0002602286,7.513642e-05,-1.5384728e-09,1.3326207e-09,-4.4420687e-10
48.456,0.00038545596,0.00035063666,7.513642e-05,3.097053e-09,-3.4046e-09,-6.6365413e-10
48.477,0.00038545596,0.00035063666,-0.0005357288,4.396424e-09,-4.8330024e-09,6.717184e-09
48.518,-0.00022540927,0.00035063666,-0.0005357288,3.993144e-09,2.567021e-09,6.101023e-09
48.557,0.00038545596,0.00035063666,7.513642e-05,4.645579e-09,-5.1068993e-09,-9.954811e-10
48.576,-0.00022540927,0.00035063666,-0.0005357288,3.993144e-09,2.567021e-09,6.101023e-09
48.615,-0.00022540927,0.00035063666,-0.0005357288,3.993144e-09,2.567021e-09,6.101023e-09
48.656,-0.0014471398,-0.0002602286,-0.0005357288,-1.0248376e-08,5.699155e-08,2.109818e-08
48.696,0.0009963212,-0.0002602286,7.513642e-05,-4.5077275e-09,-1.7258458e-08,-1.3015269e-09
48.716,0.00038545596,-0.0008710939,0.0006860017,-2.5733415e-08,-1.1386945e-08,-2.0265514e-08
48.756,-0.00022540927,-0.0002602286,0.0006860017,-5.026555e-09,4.353988e-09,-1.3250754e-08
48.797,0.0009963212,0.00035063666,0.0006860017,7.408943e-09,-2.1052239e-08,-1.4495196e-08
48.816,0.0009963212,0.0009615019,7.513642e-05,3.3552656e-08,-3.4767712e-08,-2.6219666e-09
48.857,-0.00022540927,0.00035063666,-0.0005357288,5.989716e-09,3.8505314e-09,9.151535e-09
48.896,0.00038545596,-0.0002602286,-0.0011465941,-5.4020517e-09,-8.00163e-09,2.3801997e-08
48.915,-0.0008362745,-0.0002602286,0.0012968669,-1.0248375e-08,3.293433e-08,-5.1073474e-08
48.955,-0.00022540927,-0.0002602286,7.513642e-05,-1.5384728e-09,1.3326207e-09,-4.4420687e-10
48.996,-0.0014471398,-0.0002602286,-0.0011465941,-8.140536e-09,4.526978e-08,3.5868037e-08
49.017,0.0009963212,-0.0002602286,7.513642e-05,-6.7615913e-09,-2.5887687e-08,-1.95229e-09
49.056,-0.00022540927,-0.0008710939,7.513642e-05,-1.3195709e-08,3.4145977e-09,-1.1381992e-09
49.094,-0.0008362745,-0.0002602286,7.513642e-05,-3.837831e-09,1.2333311e-08,-1.108106e-09
49.117,-0.00022540927,-0.0002602286,7.513642e-05,-2.3077091e-09,1.998931e-09,-6.6631034e-10
49.157,0.00038545596,0.00035063666,0.0006860017,5.067742e-09,-5.570984e-09,-9.914762e-09
49.183,-0.0008362745,-0.0008710939,7.513642e-05,-2.6522699e-08,2.5462533e-08,-2.2877216e-09
49.235,-0.00022540927,-0.0002602286,-0.0005357288,-4.1704182e-09,3.6124042e-09,8.5855785e-09
49.255,-0.00022540927,-0.0002602286,0.0006860017,-3.351037e-09,2.9026586e-09,-8.833836e-09
49.296,0.0009963212,0.00035063666,7.513642e-05,6.229138e-09,-1.7699866e-08,-1.3348151e-09
49.338,0.0009963212,0.00035063666,-0.0005357288,1.0450487e-08,-2.9694673e-08,1.5967032e-08
49.356,-0.0014471398,0.00035063666,7.513642e-05,8.770572e-09,3.6197708e-08,-1.8794082e-09
49.396,0.00038545596,-0.0008710939,0.0006860017,-1.715561e-08,-7.5912965e-09,-1.3510343e-08
49.417,0.00038545596,-0.0008710939,-0.0005357288,-1.5971924e-08,-7.0675203e-09,9.822846e-09
49.457,0.00038545596,-0.0014819591,0.0006860017,-4.1718092e-08,-1.08508305e-08,-1.9311384e-08
49.496,-0.00022540927,-0.0002602286,-0.0005357288,-4.1704182e-09,3.6124042e-09,8.5855785e-09
49.517,-0.0014471398,0.00035063666,-0.0011465941,1.1055478e-08,4.5627925e-08,3.61518e-08
49.555,0.00038545596,-0.0002602286,7.513642e-05,-2.0568063e-09,-3.0465837e-09,-5.938665e-10
49.596,0.0009963212,0.0009615019,-0.0005357288,3.592374e-08,-3.7224662e-08,2.001596e-08
49.634,0.00038545596,-0.0008710939,7.513642e-05,-2.0946803e-08,-9.268886e-09,-1.8067718e-09
49.655,0.00038545596,0.00035063666,-0.0005357288,4.396424e-09,-4.8330024e-09,6.717184e-09
49.697,0.00038545596,0.0009615019,0.0006860017,3.0063337e-08,-1.2052075e-08,-2.1449255e-08
49.736,-0.00022540927,-0.0008710939,7.513642e-05,-1.3195709e-08,3.4145977e-09,-1.1381992e-09
49.755,-0.00022540927,-0.0002602286,7.513642e-05,-2.3077091e-09,1.998931e-09,-6.6631034e-10
49.796,-0.00022540927,-0.0008710939,0.0006860017,-2.4803734e-08,6.418358e-09,-1.9533376e-08
49.836,-0.0014471398,0.00035063666,0.0006860017,9.644335e-09,3.9803883e-08,-1.886862e-08
49.856,0.00038545596,0.00035063666,0.0006860017,7.601612e-09,-8.3564755e-09,-1.48721435e-08
49.896,-0.0008362745,0.00035063666,-0.0005357288,9.293819e-09,2.216592e-08,1.419979e-08
49.937,0.00038545596,0.00035063666,7.513642e-05,3.097053e-09,-3.4046e-09,-6.6365413e-10
49.954,0.00038545596,-0.0002602286,0.0006860017,-5.4276383e-09,-8.039529e-09,-1.4308069e-08
49.996,-0.0008362745,-0.0002602286,-0.0011465941,-6.299259e-09,2.0243391e-08,2.7755181e-08
50.036,-0.0014471398,-0.0002602286,0.0006860017,-7.083724e-09,3.939282e-08,-1.867376e-08
50.057,-0.0008362745,-0.0002602286,-0.0005357288,-6.723615e-09,2.1607109e-08,1.3841808e-08
50.095,0.00038545596,-0.0002602286,0.0012968669,-6.0150773e-09,-8.909656e-09,-2.9976547e-08
50.136,-0.00022540927,-0.0008710939,-0.0005357288,-1.5304275e-08,3.9602224e-09,9.412236e-09
50.175,-0.0008362745,-0.0002602286,-0.0005357288,-4.4824104e-09,1.44047405e-08,9.227873e-09
50.196,-0.00022540927,0.00035063666,-0.0005357288,3.993144e-09,2.567021e-09,6.101023e-09
50.236,-0.00022540927,-0.0014819591,7.513642e-05,-3.731674e-08,5.675959e-09,-1.8919863e-09
50.256,0.00038545596,-0.0008710939,7.513642e-05,-1.3964535e-08,-6.1792576e-09,-1.2045145e-09
50.297,-0.0008362745,0.00035063666,-0.0005357288,6.19588e-09,1.4777281e-08,9.466527e-09
50.337,0.0009963212,0.0009615019,7.513642e-05,2.2368438e-08,-2.3178476e-08,-1.747978e-09
50.376,-0.00022540927,-0.0002602286,7.513642e-05,-2.3077091e-09,1.998931e-09,-6.6631034e-10
50.396,-0.00022540927,0.0009615019,7.513642e-05,1.597686e-08,3.745528e-09,-1.2485093e-09
50.436,-0.00022540927,0.00035063666,0.0006860017,4.722146e-09,3.0356648e-09,-9.238623e-09
50.475,0.00038545596,-0.0008710939,7.513642e-05,-2.0946803e-08,-9.268886e-09,-1.8067718e-09
50.497,0.00038545596,0.00035063666,-0.0005357288,4.396424e-09,-4.8330024e-09,6.717184e-09
50.536,-0.00022540927,0.00035063666,-0.0005357288,5.989716e-09,3.8505314e-09,9.151535e-09
50.576,-0.00022540927,-0.0002602286,-0.0005357288,-4.1704182e-09,3.6124042e-09,8.5855785e-09
50.597,-0.00022540927,-0.0002602286,7.513642e-05,-1.5384728e-09,1.3326207e-09,-4.4420687e-10
50.636,0.0016071864,-0.0002602286,0.0006860017,-1.1570137e-08,-7.1457805e-08,-3.0500615e-08
50.677,0.00038545596,-0.0002602286,0.0006860017,-5.4276383e-09,-8.039529e-09,-1.4308069e-08
50.697,-0.00022540927,0.00035063666,7.513642e-05,2.4916642e-09,1.6017839e-09,-5.3392796e-10
50.737,-0.00022540927,-0.0002602286,-0.0005357288,-4.1704182e-09,3.6124042e-09,8.5855785e-09
50.776,0.0009963212,0.0009615019,7.513642e-05,2.2368438e-08,-2.3178476e-08,-1.747978e-09
50.798,0.0009963212,0.00035063666,7.513642e-05,9.343707e-09,-2.65498e-08,-2.0022226e-09
50.837,0.00038545596,-0.0002602286,-0.0005357288,-4.6460076e-09,-6.8817614e-09,9.564667e-09
50.876,0.00038545596,0.0009615019,7.513642e-05,1.675413e-08,-6.716554e-09,-1.3092488e-09
50.897,0.0009963212,-0.0008710939,0.0006860017,-3.267788e-08,-3.737561e-08,-2.5734403e-08
50.937,0.0009963212,-0.0002602286,0.0006860017,-8.103076e-09,-3.102375e-08,-2.1360927e-08
50.977,-0.00022540927,-0.0008710939,0.0006860017,-1.6535823e-08,4.278905e-09,-1.3022251e-08
50.997,-0.0008362745,0.00035063666,-0.0005357288,9.293819e-09,2.216592e-08,1.419979e-08
51.038,0.0003848451,0.00096394535,6.291912e-05,1.6816532e-08,-6.713824e-09,-1.0976569e-09
51.077,-0.00022602014,-0.00025778514,0.00067378435,-3.269602e-09,2.8667126e-09,-8.545903e-09
51.096,-0.00022602014,-0.00025778514,-0.0005479461,-4.1931894e-09,3.6764929e-09,8.913011e-09
51.137,-0.00022602014,0.00096394535,-0.0005479461,1.830061e-08,4.2910178e-09,1.0402818e-08
51.177,-0.00022602014,-0.00025778514,6.291912e-05,-1.5075117e-09,1.3217519e-09,-3.6794714e-10
51.217,-0.00022602014,-0.00025778514,-0.0005479461,-2.7954599e-09,2.4509954e-09,5.9420073e-09
51.236,0.0003848451,0.00096394535,6.291912e-05,1.6816532e-08,-6.713824e-09,-1.0976569e-09
51.276,-0.0014477507,-0.0008686504,6.291912e-05,-2.4622349e-08,4.103725e-08,-1.7834748e-09
51.317,-0.00022602014,-0.00025778514,0.00067378435,-3.269602e-09,2.8667126e-09,-8.545903e-09
51.337,0.0003848451,-0.0008686504,0.00067378435,-1.6974539e-08,-7.520365e-09,-1.3166607e-08
51.377,0.0003848451,0.00096394535,0.00067378435,2.0012433e-08,-7.989754e-09,-1.398841e-08
51.416,0.0003848451,0.00035308013,-0.0005479461,6.7261707e-09,-7.331293e-09,1.0438364e-08
51.436,-0.00022602014,-0.00025778514,-0.0005479461,-2.7954599e-09,2.4509954e-09,5.9420073e-09
51.477,-0.0014477507,0.00035308013,-0.0005479461,9.405249e-09,3.8564778e-08,1.4596034e-08
51.518,-0.0008368854,0.00035308013,-0.0005479461,9.425756e-09,2.2341323e-08,1.4627858e-08
51.535,0.0009957104,0.00035308013,-0.0005479461,7.049826e-09,-1.9880996e-08,1.0940646e-08
51.577,-0.0008368854,-0.0014795157,0.00067378435,-4.5386745e-08,2.5672932e-08,-2.066952e-08
51.616,-0.0008368854,0.00096394535,0.00067378435,3.5015944e-08,3.0400408e-08,-2.4475655e-08
51.638,0.0003848451,-0.0008686504,6.291912e-05,-1.38764085e-08,-6.1477756e-09,-1.0051125e-09
51.677,-0.00022602014,0.00035308013,6.291912e-05,3.766777e-09,2.4112585e-09,-6.7124223e-10
51.717,0.0003848451,-0.0008686504,-0.0005479461,-2.3975721e-08,-1.0622155e-08,1.5123925e-08
51.737,-0.00022602014,-0.00025778514,0.00067378435,-3.269602e-09,2.8667126e-09,-8.545903e-09
51.775,-0.0008368854,-0.00025778514,-0.0005479461,-6.701416e-09,2.1755781e-08,1.4244477e-08
51.817,-0.00022602014,-0.0008686504,6.291912e-05,-1.966938e-08,5.117912e-09,-1.424716e-09
51.838,0.0003848451,0.00035308013,6.291912e-05,3.1161718e-09,-3.396519e-09,-5.553039e-10
51.879,0.0009957104,0.00096394535,6.291912e-05,3.3653677e-08,-3.476267e-08,-2.1966589e-09
51.915,0.0009957104,-0.0008686504,-0.0005479461,-2.0846969e-08,-2.3896314e-08,1.3150302e-08
51.939,0.0003848451,0.00035308013,6.291912e-05,4.6742574e-09,-5.094779e-09,-8.3295587e-10
51.975,0.0009957104,0.00035308013,-0.0005479461,1.0574738e-08,-2.9821493e-08,1.6410967e-08
52.017,0.0009957104,-0.00025778514,-0.0005479461,-5.0402207e-09,-1.9468152e-08,1.0713454e-08
52.038,0.0003848451,-0.0008686504,6.291912e-05,-2.0814612e-08,-9.221663e-09,-1.5076689e-09
52.077,0.0003848451,-0.0008686504,0.00067378435,-1.6974539e-08,-7.520365e-09,-1.3166607e-08
52.122,0.0009957104,-0.0008686504,-0.0005479461,-2.0846969e-08,-2.3896314e-08,1.3150302e-08
52.155,0.0009957104,0.00035308013,0.00067378435,7.4225897e-09,-2.0932216e-08,-1.4164559e-08
52.177,-0.0014477507,-0.0008686504,-0.0005479461,-2.5868662e-08,4.311444e-08,1.6317994e-08
52.217,-0.0014477507,-0.00025778514,6.291912e-05,-6.365705e-09,3.5750524e-08,-1.5537146e-09
52.257,-0.00022602014,0.00035308013,0.00067378435,4.7008073e-09,3.0091674e-09,-8.970571e-09
52.278,-0.00022602014,0.00035308013,-0.0005479461,4.086906e-09,2.6161853e-09,6.3424808e-09
52.316,0.0009957104,0.00035308013,-0.0005479461,7.049826e-09,-1.9880996e-08,1.0940646e-08
52.356,0.0003848451,0.00035308013,6.291912e-05,4.6742574e-09,-5.094779e-09,-8.3295587e-10
52.377,0.0003848451,0.00035308013,0.00067378435,5.0499573e-09,-5.5042784e-09,-9.636855e-09
52.419,-0.00022602014,-0.00025778514,6.291912e-05,-1.5075117e-09,1.3217519e-09,-3.6794714e-10
52.456,0.0003848451,-0.00025778514,6.291912e-05,-3.0325804e-09,-4.527312e-09,-7.401796e-10
52.477,-0.00022602014,-0.00025778514,6.291912e-05,-1.5075117e-09,1.3217519e-09,-3.6794714e-10
52.516,-0.0008368854,0.00035308013,6.291912e-05,5.393502e-09,1.27839055e-08,-9.611257e-10
52.557,-0.00022602014,-0.0008686504,-0.0005479461,-2.298851e-08,5.9815393e-09,1.45011905e-08
52.577,-0.0014477507,-0.0008686504,-0.0005479461,-2.5868662e-08,4.311444e-08,1.6317994e-08
52.616,-0.00022602014,-0.0014795157,0.00067378435,-6.111285e-08,9.335985e-09,-2.7831325e-08
52.657,-0.0014477507,0.00096394535,0.0012846496,5.2453863e-08,7.8780516e-08,-6.990524e-08
52.676,-0.0008368854,-0.00025778514,-0.0011588114,-6.28182e-09,2.0393585e-08,2.8238416e-08
52.717,-0.0008368854,0.00035308013,-0.0011588114,1.3082858e-08,3.1009545e-08,4.2938034e-08
52.757,0.0003848451,-0.0008686504,-0.0005479461,-2.3975721e-08,-1.0622155e-08,1.5123925e-08
52.777,0.0003848451,0.00035308013,6.291912e-05,3.1161718e-09,-3.396519e-09,-5.553039e-10
52.817,-0.0014477507,-0.0008686504,6.291912e-05,-3.693352e-08,6.155587e-08,-2.6752116e-09
52.857,-0.00022602014,-0.00025778514,-0.0005479461,-2.7954599e-09,2.4509954e-09,5.9420073e-09
52.877,-0.00022602014,-0.0008686504,6.291912e-05,-1.966938e-08,5.117912e-09,-1.424716e-09
52.917,-0.00022602014,-0.00025778514,6.291912e-05,-2.2612676e-09,1.9826278e-09,-5.5192073e-10
52.957,0.0003848451,0.00035308013,-0.0005479461,4.4841135e-09,-4.887528e-09,6.958909e-09
52.996,-0.00022602014,-0.00025778514,-0.0005479461,-2.7954599e-09,2.4509954e-09,5.9420073e-09
53.017,-0.00022602014,-0.00025778514,0.00067378435,-4.9044027e-09,4.3000683e-09,-1.2818853e-08
53.057,0.0003848451,0.0015748106,6.291912e-05,4.2864606e-08,-1.0475058e-08,-1.7125887e-09
53.095,0.0009957104,0.0015748106,-0.0005479461,5.131183e-08,-3.244309e-08,1.785365e-08
53.121,-0.00022602014,-0.0008686504,6.291912e-05,-1.3112921e-08,3.4119416e-09,-9.498108e-10
53.155,0.0003848451,-0.00025778514,0.00067378435,-3.536249e-09,-5.2792344e-09,-9.24285e-09
53.195,-0.0008368854,-0.00025778514,6.291912e-05,-3.7970436e-09,1.2326895e-08,-9.267665e-10
53.216,0.0003848451,0.00035308013,-0.0011588114,7.52943e-09,-8.2068174e-09,2.471164e-08
53.258,-0.0008368854,0.00035308013,0.0012846496,9.319938e-09,2.2090509e-08,-3.3909735e-08
53.296,-0.00022602014,-0.00025778514,6.291912e-05,-1.5075117e-09,1.3217519e-09,-3.6794714e-10
53.318,-0.00022602014,-0.00025778514,-0.0005479461,-2.7954599e-09,2.4509954e-09,5.9420073e-09
53.356,-0.0014477507,0.00035308013,-0.0005479461,9.405249e-09,3.8564778e-08,1.4596034e-08
53.396,0.0003848451,0.00096394535,-0.0005479461,2.847186e-08,-1.1367092e-08,1.6184574e-08
53.416,-0.00022602014,-0.00025778514,6.291912e-05,-1.5075117e-09,1.3217519e-09,-3.6794714e-10
53.456,0.0009957104,0.00096394535,-0.0011588114,2.9215434e-08,-3.0178175e-08,3.512147e-08
53.496,0.0009957104,0.00096394535,0.00067378435,3.7381795e-08,-3.8613646e-08,-2.6129355e-08
53.516,-0.00022602014,-0.0008686504,6.291912e-05,-1.3112921e-08,3.4119416e-09,-9.498108e-10
53.555,-0.00022602014,0.00035308013,-0.0005479461,4.086906e-09,2.6161853e-09,6.3424808e-09
53.595,-0.00022602014,-0.00025778514,-0.0005479461,-4.1931894e-09,3.6764929e-09,8.913011e-09
53.634,-0.00022602014,-0.00025778514,6.291912e-05,-1.5075117e-09,1.3217519e-09,-3.6794714e-10
53.654,0.0003848451,-0.0014795157,0.00067378435,-6.220354e-08,-1.6180111e-08,-2.8328037e-08
53.694,0.0003848451,0.00035308013,6.291912e-05,4.6742574e-09,-5.094779e-09,-8.3295587e-10
53.736,-0.00022602014,0.00035308013,6.291912e-05,2.5111848e-09,1.6075058e-09,-4.4749485e-10
53.755,0.0009957104,0.00035308013,0.00067378435,1.1133884e-08,-3.1398322e-08,-2.1246839e-08
53.796,0.0003848451,-0.0008686504,-0.0011588114,-3.2757665e-08,-1.45128904e-08,4.3699924e-08
53.836,0.0003848451,0.00035308013,0.00067378435,5.0499573e-09,-5.5042784e-09,-9.636855e-09
53.856,-0.00022602014,-0.0014795157,6.291912e-05,-5.577546e-08,8.520611e-09,-2.3719535e-09
53.896,0.0003848451,0.00035308013,0.00067378435,5.0499573e-09,-5.5042784e-09,-9.636855e-09
53.938,0.0003848451,-0.00025778514,-0.0005479461,-3.1031204e-09,-4.6326205e-09,6.5959687e-09
53.957,-0.00022602014,0.00035308013,6.291912e-05,3.766777e-09,2.4112585e-09,-6.7124223e-10
53.997,-0.0008368854,-0.0008686504,6.291912e-05,-1.760257e-08,1.6958877e-08,-1.2750102e-09
54.036,-0.00022602014,-0.00025778514,-0.0011588114,-5.226501e-09,4.582477e-09,2.3494483e-08
54.057,-0.0014477507,-0.00025778514,0.00067378435,-6.9957053e-09,3.9288683e-08,-1.8284984e-08
54.096,0.0016065756,-0.0008686504,6.291912e-05,-2.6632499e-08,-4.9257014e-08,-1.9290776e-09
54.137,-0.0008368854,0.00035308013,-0.0005479461,6.283837e-09,1.4894216e-08,9.751905e-09
54.156,-0.00022602014,0.00096394535,6.291912e-05,1.604433e-08,3.7619787e-09,-1.0472535e-09
54.196,-0.00022602014,0.00096394535,6.291912e-05,1.604433e-08,3.7619787e-09,-1.0472535e-09
54.236,0.0003848451,0.0015748106,6.291912e-05,4.2864606e-08,-1.0475058e-08,-1.7125887e-09
54.256,-0.0014477507,0.00035308013,6.291912e-05,8.8352685e-09,3.622766e-08,-1.574451e-09
54.296,0.0003848451,0.0015748106,6.291912e-05,4.2864606e-08,-1.0475058e-08,-1.7125887e-09
54.338,-0.0014477507,-0.0014795157,-0.0005479461,-7.972776e-08,7.801602e-08,2.952758e-08
54.377,-0.0008368854,-0.0008686504,6.291912e-05,-2.6403855e-08,2.5438313e-08,-1.912515e-09
54.396,-0.00022602014,0.00096394535,0.00067378435,1.9368072e-08,4.54131e-09,-1.35380125e-08
54.436,0.0016065756,0.0021856758,-0.0005479461,1.5221904e-07,-1.1188823e-07,3.8161122e-08
54.458,0.0016065756,-0.00025778514,0.00067378435,-7.6166735e-09,-4.7468838e-08,-1.9908033e-08
54.496,0.0009957104,-0.00025778514,6.291912e-05,-4.456661e-09,-1.7214116e-08,-1.0877632e-09
54.536,0.0009957104,-0.0008686504,6.291912e-05,-2.8918059e-08,-3.3147987e-08,-2.0946278e-09
54.577,-0.00022602014,0.00096394535,-0.0005479461,1.830061e-08,4.2910178e-09,1.0402818e-08
54.598,0.0009957104,0.00096394535,-0.0005479461,3.6151434e-08,-3.7342737e-08,2.0549958e-08
54.638,-0.0008368854,0.00035308013,6.291912e-05,8.090253e-09,1.917586e-08,-1.4416887e-09
54.678,-0.0008368854,-0.00025778514,-0.0005479461,-4.4676103e-09,1.4503854e-08,9.496318e-09
54.698,-0.00022602014,0.00035308013,6.291912e-05,3.766777e-09,2.4112585e-09,-6.7124223e-10
54.737,0.0003848451,0.00035308013,-0.0005479461,6.7261707e-09,-7.331293e-09,1.0438364e-08
54.777,-0.0008368854,-0.00025778514,6.291912e-05,-3.7970436e-09,1.2326895e-08,-9.267665e-10
54.797,0.0003848451,0.00035308013,6.291912e-05,4.6742574e-09,-5.094779e-09,-8.3295587e-10
54.836,-0.002058616,-0.0008686504,6.291912e-05,-4.8863576e-08,1.1580187e-07,-3.539342e-09
54.878,-0.0008368854,-0.00025778514,-0.0005479461,-4.4676103e-09,1.4503854e-08,9.496318e-09
54.897,-0.00022602014,0.00096394535,0.00067378435,2.905211e-08,6.8119648e-09,-2.030702e-08
54.937,-0.0008368854,-0.0008686504,-0.0005479461,-1.9307462e-08,1.8601424e-08,1.2179179e-08
54.978,-0.0008368854,-0.0008686504,6.291912e-05,-1.760257e-08,1.6958877e-08,-1.2750102e-09
54.999,0.0003848451,0.00096394535,0.00067378435,3.0018647e-08,-1.1984631e-08,-2.0982615e-08
55.037,-0.00022602014,-0.00025778514,6.291912e-05,-1.5075117e-09,1.3217519e-09,-3.6794714e-10
55.079,-0.0014477507,0.00096394535,-0.0005479461,2.9491401e-08,4.4293174e-08,1.6764123e-08
55.104,-0.00018570304,-0.00020891592,7.6358156e-05,-1.5234358e-09,1.3541652e-09,-5.568113e-10
55.138,0.0010360274,0.0010128145,7.6358156e-05,2.4653207e-08,-2.5218242e-08,-1.8586555e-09
55.180,0.0004251622,-0.0008197812,-0.0005345071,-1.4675223e-08,-7.6109945e-09,9.56842e-09
55.198,0.0004251622,-0.00020891592,-0.0005345071,-3.755028e-09,-7.641811e-09,9.607161e-09
55.237,-0.0007965683,0.00040194934,0.0006872234,7.594733e-09,1.505096e-08,-1.29849145e-08
55.278,0.0010360274,-0.0014306464,-0.0005345071,-4.4295717e-08,-3.2077512e-08,1.6549425e-08
55.297,0.0016468926,0.0016236799,0.0006872234,6.572251e-08,-6.66621e-08,-2.7817087e-08
55.338,0.0016468926,0.0010128145,7.6358156e-05,3.28784e-08,-5.346211e-08,-2.478769e-09
55.378,0.0010360274,-0.00020891592,0.0006872234,-4.4186637e-09,-2.1912436e-08,-1.4535077e-08
55.397,0.0010360274,0.0010128145,-0.0005345071,2.6240961e-08,-2.6842386e-08,1.3848519e-08
55.438,-0.00018570304,-0.00020891592,7.6358156e-05,-1.0156239e-09,9.027768e-10,-3.7120754e-10
55.478,0.0004251622,-0.0008197812,-0.0005345071,-1.4675223e-08,-7.6109945e-09,9.56842e-09
55.499,-0.0007965683,-0.00020891592,-0.0005345071,-3.4411172e-09,1.3120517e-08,8.804028e-09
55.541,-0.00018570304,-0.00020891592,-0.0005345071,-2.1141717e-09,1.8792639e-09,5.409065e-09
55.577,-0.0007965683,-0.00020891592,-0.0005345071,-3.4411172e-09,1.3120517e-08,8.804028e-09
55.619,0.0004251622,0.00040194934,7.6358156e-05,5.968564e-09,-6.3132526e-09,-1.1338457e-09
55.639,0.0004251622,-0.00020891592,0.0006872234,-2.9255638e-09,-5.9537784e-09,-9.623565e-09
55.679,-0.00018570304,0.00040194934,-0.0005345071,7.020885e-09,3.2436918e-09,9.336283e-09
55.718,-0.00018570304,-0.0008197812,-0.0005345071,-2.0550106e-08,4.6551656e-09,1.3398913e-08
55.737,0.0004251622,0.00040194934,7.6358156e-05,3.979043e-09,-4.2088355e-09,-7.558972e-10
55.780,-0.0007965683,-0.00020891592,7.6358156e-05,-4.348204e-09,1.6579117e-08,-1.5892558e-09
55.819,0.0004251622,-0.00020891592,-0.0011453724,-6.5165655e-09,-1.3261782e-08,3.5726785e-08
55.839,-0.00018570304,-0.0014306464,-0.0005345071,-3.6927094e-08,4.793269e-09,1.37964165e-08
55.879,-0.00018570304,-0.0008197812,0.0006872234,-2.2399055e-08,5.0740034e-09,-1.877715e-08
55.920,-0.0007965683,-0.00020891592,-0.0011453724,-4.944506e-09,1.8852734e-08,2.7108035e-08
55.940,0.012642467,0.0046780063,-0.0005345071,1.5882154e-06,-4.292204e-06,1.814722e-07
55.979,-0.013624739,-0.0038741073,0.002519819,-1.4026798e-06,4.933054e-06,-9.12337e-07
56.019,-0.002018299,-0.0014306464,-0.0011453724,-6.543493e-08,9.2312995e-08,5.238707e-08
56.039,0.004701219,0.00040194934,0.0012980887,4.9501363e-08,-5.789709e-07,-1.5986396e-07
56.079,0.0034794884,-0.0008197812,0.0006872234,-7.509932e-08,-3.1875234e-07,-6.295584e-08
56.118,0.0022577578,-0.00020891592,-0.0005345071,-8.165144e-09,-8.824086e-08,2.0890356e-08
56.140,-0.0032400293,-0.0020415115,-0.0011453724,-2.053603e-07,3.2592192e-07,1.1521565e-07
56.178,-0.00018570304,0.0010128145,7.6358156e-05,1.754489e-08,3.2169163e-09,-1.3227451e-09
56.217,0.0016468926,0.0010128145,7.6358156e-05,3.28784e-08,-5.346211e-08,-2.478769e-09
56.237,-0.0014074335,-0.0008197812,0.0006872234,-3.647095e-08,6.26148e-08,-3.0573634e-08
56.278,0.0010360274,0.00040194934,0.0006872234,8.811146e-09,-2.2710795e-08,-1.5064648e-08
56.319,0.0040903534,0.00040194934,7.6358156e-05,2.7721311e-08,-2.8210013e-07,-5.2662026e-09
56.339,-0.00018570304,-0.00020891592,-0.0005345071,-3.1712575e-09,2.8188956e-09,8.113597e-09
56.379,0.0010360274,0.0010128145,-0.0005345071,2.6240961e-08,-2.6842386e-08,1.3848519e-08
56.418,0.0010360274,-0.00020891592,0.0006872234,-4.4186637e-09,-2.1912436e-08,-1.4535077e-08
56.457,0.0010360274,0.00040194934,7.6358156e-05,1.1267408e-08,-2.9041828e-08,-2.1404647e-09
56.478,0.0004251622,0.0010128145,-0.0005345071,2.0757312e-08,-8.713565e-09,1.0954555e-08
56.518,0.0010360274,-0.00020891592,-0.0011453724,-5.4625335e-09,-2.7089056e-08,2.9948104e-08
56.557,0.0016468926,0.00040194934,7.6358156e-05,1.7165332e-08,-7.0330906e-08,-3.2608907e-09
56.578,0.0010360274,-0.0008197812,7.6358156e-05,-1.820073e-08,-2.3001814e-08,-1.695299e-09
56.621,-0.00018570304,0.00040194934,-0.0005345071,7.020885e-09,3.2436918e-09,9.336283e-09
56.658,0.0004251622,0.0016236799,-0.0005345071,7.197608e-08,-1.884701e-08,2.3694158e-08
56.677,0.0004251622,0.0010128145,7.6358156e-05,1.8709851e-08,-7.8540765e-09,-1.410574e-09
56.717,0.0004251622,-0.00020891592,0.0006872234,-4.3883457e-09,-8.930668e-09,-1.4435346e-08
56.757,0.0016468926,0.00040194934,-0.0011453724,2.0695044e-08,-8.479306e-08,5.897144e-08
56.779,0.0016468926,0.0016236799,7.6358156e-05,6.303425e-08,-6.393542e-08,-2.9643625e-09
56.817,0.0010360274,0.00040194934,7.6358156e-05,1.1267408e-08,-2.9041828e-08,-2.1404647e-09
56.858,-0.00018570304,0.00040194934,7.6358156e-05,3.0299625e-09,1.3998612e-09,-5.756008e-10
56.879,0.0010360274,0.0010128145,7.6358156e-05,3.6979806e-08,-3.782736e-08,-2.7879827e-09
56.918,-0.0007965683,0.00040194934,7.6358156e-05,9.058297e-09,1.7951399e-08,-1.7208013e-09
56.957,-0.0014074335,-0.0014306464,-0.0011453724,-5.546287e-08,5.456296e-08,4.4403453e-08
56.979,0.0004251622,-0.0008197812,7.6358156e-05,-1.9116715e-08,-9.914481e-09,-1.7806181e-09
57.019,0.0004251622,-0.0008197812,-0.0005345071,-2.2012834e-08,-1.1416491e-08,1.4352629e-08
57.058,0.0004251622,-0.0008197812,7.6358156e-05,-1.2744477e-08,-6.6096537e-09,-1.1870787e-09
57.078,0.0010360274,0.00040194934,-0.0005345071,1.2473604e-08,-3.215081e-08,1.658724e-08
57.117,-0.0007965683,-0.0014306464,-0.0005345071,-4.1343633e-08,2.3019684e-08,1.544649e-08
57.157,-0.0007965683,-0.0008197812,-0.0005345071,-1.735501e-08,1.6863584e-08,1.1315672e-08
57.197,-0.00018570304,0.0010128145,-0.0005345071,1.9713719e-08,3.6145786e-09,1.0403803e-08
57.218,-0.00018570304,0.0010128145,-0.0005345071,1.9713719e-08,3.6145786e-09,1.0403803e-08
57.258,0.0004251622,-0.0008197812,-0.0011453724,-2.0235545e-08,-1.04947375e-08,2.8272463e-08
57.279,-0.00018570304,-0.0008197812,-0.0005345071,-2.0550106e-08,4.6551656e-09,1.3398913e-08
57.317,-0.00018570304,-0.00020891592,0.0012980887,-4.6541246e-09,4.1369996e-09,-2.8918171e-08
57.357,-0.00018570304,0.00040194934,-0.0005345071,4.68059e-09,2.162461e-09,6.2241887e-09
57.398,-0.0007965683,-0.00020891592,-0.0005345071,-5.161676e-09,1.9680774e-08,1.3206042e-08
57.419,0.0004251622,-0.00020891592,7.6358156e-05,-1.6818265e-09,-3.4226642e-09,-6.147026e-10
57.459,0.0010360274,0.00040194934,-0.0005345071,8.3157365e-09,-2.1433875e-08,1.1058161e-08
57.499,-0.00018570304,-0.00020891592,0.0019089539,-1.0143426e-08,9.01638e-09,-9.268481e-08
57.520,0.0040903534,0.00040194934,7.6358156e-05,2.7721311e-08,-2.8210013e-07,-5.2662026e-09
57.559,-0.0007965683,-0.0014306464,-0.0005345071,-4.1343633e-08,2.3019684e-08,1.544649e-08
57.600,0.0010360274,-0.0008197812,-0.0005345071,-2.9401797e-08,-3.715756e-08,1.917032e-08
57.620,-0.00018570304,0.0010128145,-0.0005345071,1.9713719e-08,3.6145786e-09,1.0403803e-08
57.659,-0.0014074335,-0.00020891592,7.6358156e-05,-4.9943205e-09,3.364595e-08,-1.8254094e-09
57.699,0.0016468926,-0.00020891592,7.6358156e-05,-8.737223e-09,-6.8875885e-08,-3.1934297e-09
57.720,0.0010360274,0.0016236799,0.0006872234,5.5707094e-08,-3.554523e-08,-2.3578055e-08
57.759,-0.0007965683,0.00040194934,7.6358156e-05,9.058297e-09,1.7951399e-08,-1.7208013e-09
57.800,0.0010360274,0.00040194934,-0.0005345071,1.2473604e-08,-3.215081e-08,1.658724e-08
57.818,-0.0007965683,0.0010128145,-0.0011453724,2.9294643e-08,2.303994e-08,3.312875e-08
57.860,0.0010360274,0.00040194934,-0.0005345071,1.2473604e-08,-3.215081e-08,1.658724e-08
57.900,-0.0007965683,-0.0014306464,-0.0005345071,-6.2015445e-08,3.452952e-08,2.3169735e-08
57.920,-0.00018570304,-0.00020891592,-0.0005345071,-2.1141717e-09,1.8792639e-09,5.409065e-09
57.960,-0.0014074335,0.00040194934,-0.0005345071,1.5762257e-08,5.5191855e-08,2.096045e-08
58.000,-0.0007965683,-0.0014306464,7.6358156e-05,-3.934542e-08,2.1907098e-08,-2.0999897e-09
58.019,-0.0014074335,-0.0008197812,7.6358156e-05,-3.3639314e-08,5.7753333e-08,-3.133318e-09
58.059,-0.0007965683,0.0010128145,-0.0005345071,3.555607e-08,2.796449e-08,1.8764515e-08
58.111,-0.00018570304,0.00040194934,7.6358156e-05,3.0299625e-09,1.3998612e-09,-5.756008e-10
58.121,-0.002018299,-0.0008197812,7.6358156e-05,-4.4969703e-08,1.1071528e-07,-4.18868e-09
58.157,0.0010360274,0.00040194934,7.6358156e-05,1.1267408e-08,-2.9041828e-08,-2.1404647e-09
58.199,-0.00018570304,0.00040194934,-0.0005345071,4.68059e-09,2.162461e-09,6.2241887e-09
58.220,-0.0014074335,-0.00020891592,0.0006872234,-8.307564e-09,5.5966755e-08,-2.7327516e-08
58.259,-0.0007965683,0.0010128145,7.6358156e-05,2.193341e-08,1.7250404e-08,-1.6536048e-09
58.298,0.0010360274,0.00040194934,7.6358156e-05,7.511606e-09,-1.936122e-08,-1.4269765e-09
58.339,0.0010360274,0.00040194934,0.0006872234,8.811146e-09,-2.2710795e-08,-1.5064648e-08
58.360,-0.00018570304,0.00040194934,7.6358156e-05,3.0299625e-09,1.3998612e-09,-5.756008e-10
58.399,0.0004251622,0.00040194934,-0.0005345071,5.3441584e-09,-5.6527876e-09,7.1065935e-09
58.438,0.0010360274,-0.00020891592,-0.0005345071,-4.1511963e-09,-2.0586048e-08,1.06207505e-08
58.458,-0.0007965683,0.0010128145,0.0006872234,2.4814383e-08,1.951626e-08,-1.6837264e-08
58.500,0.0010360274,-0.00020891592,0.0006872234,-4.4186637e-09,-2.1912436e-08,-1.4535077e-08
58.540,0.0010360274,-0.00020891592,7.6358156e-05,-5.571082e-09,-2.7627351e-08,-2.036214e-09
58.559,0.0010360274,0.0010128145,-0.0005345071,2.6240961e-08,-2.6842386e-08,1.3848519e-08
58.599,0.0010360274,0.0010128145,-0.0005345071,2.6240961e-08,-2.6842386e-08,1.3848519e-08
58.637,0.0016468926,0.0016236799,0.0006872234,9.858377e-08,-9.999316e-08,-4.172563e-08
58.658,0.0010360274,0.0010128145,-0.0005345071,2.6240961e-08,-2.6842386e-08,1.3848519e-08
58.697,0.0004251622,-0.0008197812,-0.0005345071,-1.4675223e-08,-7.6109945e-09,9.56842e-09
58.737,0.0010360274,0.002234545,7.6358156e-05,1.385733e-07,-6.424831e-08,-4.735278e-09
58.758,0.0010360274,0.0016236799,7.6358156e-05,5.2508558e-08,-3.350433e-08,-2.4693632e-09
58.799,-0.00018570304,0.00040194934,0.0006872234,8.269443e-09,3.8205332e-09,-1.4138485e-08
58.839,0.0010360274,0.00040194934,-0.0005345071,1.2473604e-08,-3.215081e-08,1.658724e-08
58.859,-0.00018570304,0.00040194934,-0.0005345071,4.68059e-09,2.162461e-09,6.2241887e-09
58.899,-0.00018570304,-0.0008197812,7.6358156e-05,-1.7412376e-08,3.944383e-09,-1.621868e-09
58.939,0.0004251622,0.00040194934,7.6358156e-05,5.968564e-09,-6.3132526e-09,-1.1338457e-09
58.959,0.0016468926,0.00040194934,-0.0005345071,1.1986751e-08,-4.9112888e-08,1.5939829e-08
58.999,0.0004251622,0.00040194934,7.6358156e-05,5.968564e-09,-6.3132526e-09,-1.1338457e-09
59.038,-0.00018570304,0.0016236799,7.6358156e-05,4.4567297e-08,5.097238e-09,-2.095904e-09
59.079,-0.00018570304,-0.0008197812,0.0006872234,-1.4932704e-08,3.382669e-09,-1.25181e-08
59.098,-0.00018570304,-0.00020891592,-0.0011453724,-6.1985705e-09,5.5098406e-09,3.398339e-08
59.142,-0.00018570304,-0.00020891592,-0.0005345071,-2.1141717e-09,1.8792639e-09,5.409065e-09
59.178,0.0004251622,-0.00020891592,-0.0005345071,-2.503352e-09,-5.0945403e-09,6.4047745e-09
59.200,0.0004251622,0.0010128145,7.6358156e-05,2.8064777e-08,-1.1781114e-08,-2.1158608e-09
59.238,-0.00018570304,0.00040194934,7.6358156e-05,3.0299625e-09,1.3998612e-09,-5.756008e-10
59.279,-0.0014074335,-0.0008197812,7.6358156e-05,-2.2426208e-08,3.8502222e-08,-2.0888788e-09
59.299,-0.00018570304,-0.00020891592,7.6358156e-05,-1.0156239e-09,9.027768e-10,-3.7120754e-10
59.338,0.0004251622,0.00040194934,-0.0005345071,5.3441584e-09,-5.6527876e-09,7.1065935e-09
59.381,0.0010360274,-0.00020891592,-0.0005345071,-4.1511963e-09,-2.0586048e-08,1.06207505e-08
59.399,0.0004251622,0.00040194934,7.6358156e-05,3.979043e-09,-4.2088355e-09,-7.558972e-10
59.439,0.0004251622,0.0010128145,-0.0005345071,2.0757312e-08,-8.713565e-09,1.0954555e-08
59.478,0.0004251622,0.00040194934,7.6358156e-05,3.979043e-09,-4.2088355e-09,-7.558972e-10
59.500,0.0010360274,-0.00020891592,0.0006872234,-4.4186637e-09,-2.1912436e-08,-1.4535077e-08
59.539,-0.0014074335,0.00040194934,0.0006872234,1.0904427e-08,3.8182066e-08,-1.8643586e-08
59.579,-0.00018570304,0.00040194934,-0.0011453724,1.2421457e-08,5.7387886e-09,3.539549e-08
59.599,0.0010360274,0.0010128145,-0.0005345071,2.6240961e-08,-2.6842386e-08,1.3848519e-08
59.640,-0.00018570304,-0.0008197812,0.0006872234,-1.4932704e-08,3.382669e-09,-1.25181e-08
59.680,-0.0007965683,-0.0008197812,0.0006872234,-2.7515492e-08,2.6736362e-08,-2.3066264e-08
59.698,0.0016468926,-0.00020891592,7.6358156e-05,-5.8248157e-09,-4.5917258e-08,-2.1289532e-09
59.738,-0.0014074335,-0.0014306464,7.6358156e-05,-4.8204818e-08,4.7422674e-08,-2.5728435e-09
59.779,0.0004251622,-0.0008197812,7.6358156e-05,-1.9116715e-08,-9.914481e-09,-1.7806181e-09
59.799,-0.0007965683,-0.0008197812,7.6358156e-05,-1.5756138e-08,1.5309986e-08,-1.4675983e-09
59.838,-0.00018570304,-0.0008197812,7.6358156e-05,-1.7412376e-08,3.944383e-09,-1.621868e-09
59.879,0.0004251622,0.00040194934,0.0006872234,9.129673e-09,-9.656918e-09,-1.5609242e-08
59.919,-0.00018570304,0.00040194934,7.6358156e-05,3.0299625e-09,1.3998612e-09,-5.756008e-10
59.940,-0.00018570304,-0.00020891592,0.0006872234,-3.9005403e-09,3.467147e-09,-1.2830724e-08
59.978,0.0004251622,-0.00020891592,7.6358156e-05,-1.6818265e-09,-3.4226642e-09,-6.147026e-10
