timestamp,value
00.000,88.48
00.015,63.15
00.031,40.48
00.046,24.58
00.062,18.21
00.078,23.05
00.093,39.37
00.109,65.13
00.125,95.0
00.140,121.23
00.156,135.96
00.171,134.26
00.187,116.47
00.203,88.25
00.218,57.95
00.234,33.23
00.250,18.1
00.265,11.82
00.281,10.25
00.296,8.18
00.312,1.41
00.328,-11.53
00.343,-29.21
00.359,-48.22
00.375,-64.52
00.390,-74.63
00.406,-77.28
00.421,-73.32
00.437,-64.8
00.453,-54.01
00.468,-42.24
00.484,-29.78
00.500,-16.68
00.515,-3.94
00.531,6.58
00.546,12.46
00.562,11.85
00.578,4.22
00.593,-9.86
00.609,-29.44
00.625,-54.45
00.640,-85.85
00.656,-124.22
00.671,-167.57
00.687,-209.71
00.703,-240.92
00.718,-251.44
00.734,-236.4
00.750,-198.89
00.765,-149.5
00.781,-101.89
00.796,-66.78
00.812,-47.59
00.828,-40.54
00.843,-38.23
00.859,-34.53
00.875,-27.62
00.890,-20.09
00.906,-16.02
00.921,-17.91
00.937,-25.2
00.953,-34.65
00.968,-42.36
00.984,-45.6
01.000,-43.45
01.015,-37.01
01.031,-28.68
01.046,-21.35
01.062,-17.37
01.078,-17.76
01.093,-21.96
01.109,-28.13
01.125,-34.24
01.140,-38.93
01.156,-41.81
01.171,-43.35
01.187,-44.26
01.203,-45.35
01.218,-47.96
01.234,-54.5
01.250,-68.71
01.265,-94.39
01.281,-133.05
01.296,-181.6
01.312,-231.59
01.328,-271.5
01.343,-291.42
01.359,-287.57
01.375,-263.89
01.390,-229.84
01.406,-195.44
01.421,-166.56
01.437,-143.54
01.453,-123.36
01.468,-103.72
01.484,-85.94
01.500,-74.63
01.515,-74.32
01.531,-85.62
01.546,-103.68
01.562,-120.13
01.578,-127.45
01.593,-122.95
01.609,-110.11
01.625,-96.9
01.640,-91.74
01.656,-99.33
01.671,-118.54
01.687,-142.88
01.703,-163.07
01.718,-170.93
01.734,-162.12
01.750,-137.35
01.765,-101.51
01.781,-60.93
01.796,-20.67
01.812,17.06
01.828,52.8
01.843,88.39
01.859,125.05
01.875,162.05
01.890,196.66
01.906,225.11
01.921,244.2
01.937,252.65
01.953,251.84
01.968,245.1
01.984,236.42
02.000,228.77
02.015,223.02
02.031,217.96
02.046,210.83
02.062,198.84
02.078,180.21
02.093,154.82
02.109,124.3
02.125,91.17
02.140,58.16
02.156,27.74
02.171,1.79
02.187,-18.9
02.203,-34.46
02.218,-45.43
02.234,-51.84
02.250,-52.62
02.265,-46.24
02.281,-31.88
02.296,-10.63
02.312,14.36
02.328,38.88
02.343,59.28
02.359,73.75
02.375,82.21
02.390,85.56
02.406,84.68
02.421,79.86
02.437,70.97
02.453,58.51
02.468,43.64
02.484,28.2
02.500,14.07
02.515,2.41
02.531,-6.08
02.546,-11.19
02.562,-13.36
02.578,-14.43
02.593,-17.48
02.609,-25.61
02.625,-40.1
02.640,-59.07
02.656,-77.73
02.671,-90.04
02.687,-91.2
02.703,-79.54
02.718,-56.97
02.734,-27.72
02.750,3.61
02.765,33.66
02.781,60.92
02.796,85.14
02.812,106.54
02.828,124.74
02.843,138.63
02.859,146.71
02.875,147.95
02.890,142.4
02.906,131.77
02.921,118.96
02.937,107.06
02.953,98.28
02.968,92.84
02.984,88.94
03.000,83.85
03.015,75.14
03.031,61.71
03.046,43.99
03.062,23.4
03.078,1.49
03.093,-20.75
03.109,-42.95
03.125,-65.1
03.140,-86.85
03.156,-107.51
03.171,-126.41
03.187,-143.34
03.203,-158.33
03.218,-170.91
03.234,-179.23
03.250,-180.08
03.265,-170.12
03.281,-147.81
03.296,-115.0
03.312,-76.65
03.328,-38.84
03.343,-6.04
03.359,20.4
03.375,41.77
03.390,59.81
03.406,74.39
03.421,83.07
03.437,82.46
03.453,70.95
03.468,50.38
03.484,25.78
03.500,3.01
03.515,-13.63
03.531,-22.7
03.546,-25.1
03.562,-22.26
03.578,-14.72
03.593,-2.21
03.609,15.15
03.625,35.77
03.640,56.43
03.656,73.86
03.671,86.57
03.687,96.04
03.703,106.62
03.718,123.5
03.734,150.09
03.750,186.08
03.765,227.51
03.781,268.45
03.796,303.43
03.812,329.27
03.828,345.27
03.843,352.18
03.859,350.64
03.875,340.38
03.890,321.08
03.906,293.93
03.921,262.79
03.937,233.71
03.953,212.81
03.968,203.29
03.984,203.81
04.000,208.7
04.015,210.7
04.031,204.36
04.046,187.79
04.062,162.83
04.078,133.35
04.093,103.09
04.109,73.92
04.125,45.92
04.140,17.68
04.156,-12.66
04.171,-46.24
04.187,-82.77
04.203,-119.85
04.218,-153.41
04.234,-179.09
04.250,-194.09
04.265,-198.78
04.281,-196.51
04.296,-192.21
04.312,-189.91
04.328,-190.83
04.343,-193.37
04.359,-194.82
04.375,-193.67
04.390,-190.89
04.406,-189.49
04.421,-192.53
04.437,-201.3
04.453,-214.79
04.468,-230.63
04.484,-246.77
04.500,-262.78
04.515,-279.72
04.531,-299.08
04.546,-321.72
04.562,-347.12
04.578,-373.42
04.593,-398.23
04.609,-419.37
04.625,-435.36
04.640,-445.21
04.656,-448.11
04.671,-443.28
04.687,-430.23
04.703,-409.02
04.718,-380.45
04.734,-346.13
04.750,-307.98
04.765,-267.83
04.781,-226.65
04.796,-184.39
04.812,-140.18
04.828,-92.86
04.843,-41.51
04.859,14.33
04.875,74.45
04.890,138.14
04.906,204.21
04.921,271.21
04.937,337.65
04.953,402.21
04.968,463.89
04.984,521.76
05.000,574.51
05.015,619.99
05.031,655.35
05.046,677.6
05.062,684.49
05.078,675.08
05.093,649.96
05.109,610.94
05.125,560.62
05.140,502.09
05.156,438.75
05.171,374.28
05.187,312.04
05.203,254.35
05.218,201.72
05.234,152.89
05.250,105.54
05.265,57.53
05.281,7.84
05.296,-43.07
05.312,-93.8
05.328,-142.82
05.343,-189.43
05.359,-234.02
05.375,-277.96
05.390,-323.26
05.406,-371.94
05.421,-425.31
05.437,-483.04
05.453,-542.51
05.468,-598.75
05.484,-645.54
05.500,-676.98
05.515,-689.38
05.531,-682.21
05.546,-657.95
05.562,-620.87
05.578,-575.49
05.593,-525.37
05.609,-472.75
05.625,-419.06
05.640,-365.46
05.656,-313.36
05.671,-264.28
05.687,-219.57
05.703,-180.1
05.718,-146.37
05.734,-118.59
05.750,-96.92
05.765,-81.54
05.781,-72.56
05.796,-69.8
05.812,-72.49
05.828,-79.16
05.843,-87.87
05.859,-96.44
05.875,-102.92
05.890,-105.81
05.906,-104.3
05.921,-98.12
05.937,-87.57
05.953,-73.34
05.968,-56.3
05.984,-37.44
06.000,-17.66
06.015,2.2
06.031,21.53
06.046,40.04
06.062,57.7
06.078,74.55
06.093,90.61
06.109,105.71
06.125,119.59
06.140,132.02
06.156,142.96
06.171,152.64
06.187,161.57
06.203,170.32
06.218,179.29
06.234,188.64
06.250,198.41
06.265,208.55
06.281,218.87
06.296,228.88
06.312,237.55
06.328,243.42
06.343,245.02
06.359,241.58
06.375,233.46
06.390,222.24
06.406,210.13
06.421,199.01
06.437,189.6
06.453,181.2
06.468,172.16
06.484,160.72
06.500,145.8
06.515,127.23
06.531,105.48
06.546,80.94
06.562,53.41
06.578,22.31
06.593,-12.52
06.609,-49.8
06.625,-86.34
06.640,-117.52
06.656,-138.77
06.671,-147.21
06.687,-142.63
06.703,-127.69
06.718,-106.7
06.734,-83.97
06.750,-62.53
06.765,-43.7
06.781,-27.59
06.796,-13.85
06.812,-2.29
06.828,7.15
06.843,14.65
06.859,20.94
06.875,27.49
06.890,36.22
06.906,48.94
06.921,66.64
06.937,88.67
06.953,112.59
06.968,134.35
06.984,149.57
07.000,154.91
07.015,149.25
07.031,134.06
07.046,112.72
07.062,89.24
07.078,66.92
07.093,47.76
07.109,32.66
07.125,22.26
07.140,17.45
07.156,19.23
07.171,28.04
07.187,43.21
07.203,62.75
07.218,83.75
07.234,103.33
07.250,119.61
07.265,132.02
07.281,141.26
07.296,148.38
07.312,154.18
07.328,158.64
07.343,161.05
07.359,160.4
07.375,156.08
07.390,148.1
07.406,137.15
07.421,124.29
07.437,110.49
07.453,96.58
07.468,83.28
07.484,71.3
07.500,61.4
07.515,54.11
07.531,49.57
07.546,47.16
07.562,45.78
07.578,44.31
07.593,42.27
07.609,40.14
07.625,39.25
07.640,41.15
07.656,46.65
07.671,55.3
07.687,65.41
07.703,74.7
07.718,81.34
07.734,84.79
07.750,85.97
07.765,86.76
07.781,89.1
07.796,94.16
07.812,101.97
07.828,111.5
07.843,121.12
07.859,128.98
07.875,133.57
07.890,134.0
07.906,130.14
07.921,122.79
07.937,113.41
07.953,103.77
07.968,95.47
07.984,89.56
08.000,86.41
08.015,85.78
08.031,87.11
08.046,89.42
08.062,91.5
08.078,92.01
08.093,89.9
08.109,85.03
08.125,78.45
08.140,72.27
08.156,68.89
08.171,70.1
08.187,76.3
08.203,86.46
08.218,98.57
08.234,110.43
08.250,120.28
08.265,127.1
08.281,130.67
08.296,131.4
08.312,130.05
08.328,127.37
08.343,123.7
08.359,118.65
08.375,111.11
08.390,99.76
08.406,83.79
08.421,63.27
08.437,39.11
08.453,12.68
08.468,-14.93
08.484,-42.95
08.500,-70.78
08.515,-97.42
08.531,-121.29
08.546,-140.9
08.562,-155.59
08.578,-166.34
08.593,-175.22
08.609,-183.94
08.625,-192.54
08.640,-198.66
08.656,-198.57
08.671,-188.95
08.687,-169.02
08.703,-141.3
08.718,-110.56
08.734,-81.9
08.750,-58.83
08.765,-42.76
08.781,-33.59
08.796,-31.08
08.812,-35.39
08.828,-46.89
08.843,-64.85
08.859,-86.62
08.875,-107.79
08.890,-123.53
08.906,-130.16
08.921,-126.66
08.937,-114.63
08.953,-97.24
08.968,-77.65
08.984,-57.93
09.000,-38.88
09.015,-21.02
09.031,-5.41
09.046,6.02
09.062,11.29
09.078,9.29
09.093,0.68
09.109,-11.91
09.125,-24.71
09.140,-33.98
09.156,-37.28
09.171,-33.71
09.187,-23.92
09.203,-9.46
09.218,7.74
09.234,25.77
09.250,42.91
09.265,57.86
09.281,69.96
09.296,79.19
09.312,85.98
09.328,90.87
09.343,94.12
09.359,95.65
09.375,95.08
09.390,91.91
09.406,85.8
09.421,76.71
09.437,64.97
09.453,51.3
09.468,36.65
09.484,21.87
09.500,7.64
09.515,-5.61
09.531,-17.56
09.546,-27.83
09.562,-36.0
09.578,-41.71
09.593,-44.93
09.609,-46.02
09.625,-45.56
09.640,-43.9
09.656,-40.92
09.671,-36.03
09.687,-28.63
09.703,-18.67
09.718,-6.93
09.734,5.04
09.750,15.56
09.765,23.51
09.781,28.73
09.796,32.0
09.812,34.6
09.828,37.77
09.843,42.38
09.859,48.78
09.875,56.88
09.890,66.29
09.906,76.36
09.921,86.33
09.937,95.43
09.953,103.02
09.968,108.75
09.984,112.45
10.000,114.24
10.015,114.35
10.031,113.25
10.046,111.72
10.062,110.75
10.078,111.45
10.093,114.65
10.109,120.46
10.125,128.23
10.140,136.8
10.156,144.92
10.171,151.82
10.187,157.47
10.203,162.34
10.218,167.16
10.234,172.42
10.250,178.09
10.265,183.8
10.281,188.83
10.296,192.41
10.312,193.76
10.328,192.16
10.343,186.87
10.359,177.42
10.375,163.71
10.390,146.18
10.406,125.78
10.421,103.89
10.437,81.77
10.453,60.43
10.468,40.37
10.484,21.58
10.500,3.91
10.515,-12.75
10.531,-28.31
10.546,-42.6
10.562,-55.58
10.578,-67.56
10.593,-79.03
10.609,-90.39
10.625,-101.59
10.640,-111.96
10.656,-120.29
10.671,-125.24
10.687,-125.63
10.703,-120.95
10.718,-111.56
10.734,-98.83
10.750,-85.09
10.765,-73.31
10.781,-66.41
10.796,-66.67
10.812,-75.03
10.828,-90.72
10.843,-111.43
10.859,-133.89
10.875,-154.81
10.890,-171.87
10.906,-184.38
10.921,-193.3
10.937,-200.78
10.953,-209.38
10.968,-221.08
10.984,-236.66
11.000,-255.46
11.015,-275.72
11.031,-294.95
11.046,-310.67
11.062,-320.74
11.078,-323.74
11.093,-319.19
11.109,-307.63
11.125,-290.65
11.140,-270.45
11.156,-249.34
11.171,-229.11
11.187,-210.67
11.203,-193.98
11.218,-178.27
11.234,-162.58
11.250,-146.11
11.265,-128.46
11.281,-109.56
11.296,-89.56
11.312,-68.7
11.328,-47.22
11.343,-25.43
11.359,-3.73
11.375,17.36
11.390,37.22
11.406,55.17
11.421,70.53
11.437,82.76
11.453,91.52
11.468,96.88
11.484,99.26
11.500,99.51
11.515,98.49
11.531,96.8
11.546,94.4
11.562,90.65
11.578,84.58
11.593,75.61
11.609,63.97
11.625,50.86
11.640,38.22
11.656,27.83
11.671,20.73
11.687,17.0
11.703,15.87
11.718,16.34
11.734,17.59
11.750,19.42
11.765,22.12
11.781,26.17
11.796,31.84
11.812,38.89
11.828,46.6
11.843,53.83
11.859,59.5
11.875,62.55
11.890,62.41
11.906,58.84
11.921,51.93
11.937,42.03
11.953,29.62
11.968,15.53
11.984,0.91
12.000,-12.69
12.015,-23.89
12.031,-31.76
12.046,-36.36
12.062,-38.57
12.078,-39.66
12.093,-40.56
12.109,-41.35
12.125,-41.49
12.140,-40.09
12.156,-36.68
12.171,-31.47
12.187,-25.26
12.203,-18.9
12.218,-12.85
12.234,-7.02
12.250,-1.03
12.265,5.32
12.281,11.77
12.296,17.63
12.312,22.23
12.328,25.33
12.343,27.25
12.359,28.79
12.375,30.39
12.390,31.71
12.406,31.3
12.421,27.16
12.437,17.76
12.453,3.09
12.468,-14.76
12.484,-32.21
12.500,-45.24
12.515,-50.84
12.531,-47.79
12.546,-36.75
12.562,-19.56
12.578,1.51
12.593,24.12
12.609,46.12
12.625,65.37
12.640,79.9
12.656,88.24
12.671,89.87
12.687,85.42
12.703,76.63
12.718,65.85
12.734,55.49
12.750,47.5
12.765,43.02
12.781,42.29
12.796,44.77
12.812,49.54
12.828,55.89
12.843,63.55
12.859,72.75
12.875,83.84
12.890,96.81
12.906,111.06
12.921,125.54
12.937,139.3
12.953,151.94
12.968,163.78
12.984,175.51
13.000,187.57
13.015,199.57
13.031,209.93
13.046,216.12
13.062,215.16
13.078,204.48
13.093,182.68
13.109,150.15
13.125,109.1
13.140,63.19
13.156,16.75
13.171,-26.17
13.187,-62.55
13.203,-90.91
13.218,-111.2
13.234,-124.69
13.250,-133.49
13.265,-140.11
13.281,-146.63
13.296,-154.0
13.312,-161.65
13.328,-167.72
13.343,-170.04
13.359,-167.42
13.375,-160.33
13.390,-150.67
13.406,-140.77
13.421,-132.22
13.437,-125.15
13.453,-118.66
13.468,-111.72
13.484,-103.99
13.500,-95.64
13.515,-86.73
13.531,-76.84
13.546,-65.55
13.562,-53.7
13.578,-44.1
13.593,-40.63
13.609,-46.08
13.625,-59.98
13.640,-77.92
13.656,-93.37
13.671,-100.79
13.687,-98.23
13.703,-88.09
13.718,-75.11
13.734,-63.55
13.750,-54.98
13.765,-48.17
13.781,-40.57
13.796,-30.45
13.812,-18.04
13.828,-5.22
13.843,5.78
13.859,13.37
13.875,17.2
13.890,17.94
13.906,16.71
13.921,14.45
13.937,11.63
13.953,8.14
13.968,3.72
13.984,-1.69
14.000,-7.63
14.015,-13.23
14.031,-17.65
14.046,-20.35
14.062,-21.44
14.078,-21.67
14.093,-22.12
14.109,-23.71
14.125,-27.08
14.140,-32.26
14.156,-38.83
14.171,-46.06
14.187,-52.98
14.203,-58.69
14.218,-62.41
14.234,-63.49
14.250,-61.31
14.265,-55.39
14.281,-45.36
14.296,-31.31
14.312,-14.05
14.328,4.92
14.343,23.59
14.359,39.98
14.375,52.71
14.390,61.2
14.406,65.6
14.421,66.52
14.437,64.71
14.453,60.83
14.468,55.43
14.484,49.07
14.500,42.34
14.515,35.88
14.531,30.14
14.546,25.26
14.562,21.15
14.578,17.49
14.593,14.0
14.609,10.5
14.625,6.97
14.640,3.48
14.656,0.05
14.671,-3.5
14.687,-7.49
14.703,-12.25
14.718,-17.85
14.734,-23.87
14.750,-29.32
14.765,-32.79
14.781,-32.95
14.796,-28.99
14.812,-20.92
14.828,-9.59
14.843,3.64
14.859,17.2
14.875,29.8
14.890,40.57
14.906,49.12
14.921,55.32
14.937,59.29
14.953,61.21
14.968,61.37
14.984,60.17
15.000,58.06
15.015,55.53
15.031,53.01
15.046,50.79
15.062,48.89
15.078,47.17
15.093,45.51
15.109,43.94
15.125,42.72
15.140,42.28
15.156,43.0
15.171,45.0
15.187,48.08
15.203,51.79
15.218,55.67
15.234,59.52
15.250,63.46
15.265,67.88
15.281,73.15
15.296,79.43
15.312,86.4
15.328,93.29
15.343,98.89
15.359,101.97
15.375,101.51
15.390,96.97
15.406,88.55
15.421,77.04
15.437,63.76
15.453,50.15
15.468,37.44
15.484,26.44
15.500,17.47
15.515,10.56
15.531,5.64
15.546,2.76
15.562,2.06
15.578,3.57
15.593,7.0
15.609,11.66
15.625,16.61
15.640,21.04
15.656,24.59
15.671,27.42
15.687,30.0
15.703,32.71
15.718,35.66
15.734,38.8
15.750,42.06
15.765,45.45
15.781,48.91
15.796,51.93
15.812,53.24
15.828,50.98
15.843,43.24
15.859,28.93
15.875,8.41
15.890,-16.7
15.906,-44.24
15.921,-72.48
15.937,-100.65
15.953,-128.82
15.968,-157.12
15.984,-184.93
16.000,-210.62
16.015,-231.91
16.031,-246.56
16.046,-253.24
16.062,-252.05
16.078,-244.33
16.093,-232.13
16.109,-217.74
16.125,-203.13
16.140,-189.59
16.156,-177.27
16.171,-165.06
16.187,-151.11
16.203,-133.81
16.218,-112.75
16.234,-89.0
16.250,-64.69
16.265,-41.92
16.281,-21.91
16.296,-4.6
16.312,10.79
16.328,24.82
16.343,37.25
16.359,47.14
16.375,53.8
16.390,57.57
16.406,60.07
16.421,63.52
16.437,69.64
16.453,78.69
16.468,89.22
16.484,98.84
16.500,105.18
16.515,106.58
16.531,102.5
16.546,93.56
16.562,80.94
16.578,65.86
16.593,49.44
16.609,32.44
16.625,15.74
16.640,0.4
16.656,-12.64
16.671,-22.93
16.687,-30.91
16.703,-38.03
16.718,-46.23
16.734,-56.91
16.750,-69.93
16.765,-83.28
16.781,-93.85
16.796,-99.0
16.812,-97.96
16.828,-92.08
16.843,-83.94
16.859,-75.7
16.875,-67.76
16.890,-58.78
16.906,-46.9
16.921,-31.26
16.937,-12.86
16.953,5.78
16.968,21.97
16.984,34.17
17.000,42.53
17.015,48.52
17.031,53.93
17.046,59.69
17.062,65.56
17.078,70.46
17.093,73.18
17.109,73.04
17.125,70.22
17.140,65.63
17.156,60.19
17.171,54.31
17.187,47.48
17.203,38.69
17.218,27.12
17.234,12.77
17.250,-3.11
17.265,-18.42
17.281,-30.95
17.296,-39.08
17.312,-42.05
17.328,-39.87
17.343,-32.83
17.359,-21.34
17.375,-6.03
17.390,11.93
17.406,30.74
17.421,48.28
17.437,62.74
17.453,73.3
17.468,80.22
17.484,84.53
17.500,87.36
17.515,89.34
17.531,90.46
17.546,90.18
17.562,87.75
17.578,82.72
17.593,75.1
17.609,65.1
17.625,52.9
17.640,38.31
17.656,20.74
17.671,-0.33
17.687,-24.91
17.703,-51.69
17.718,-77.77
17.734,-99.12
17.750,-111.69
17.765,-112.74
17.781,-102.04
17.796,-81.99
17.812,-56.82
17.828,-31.19
17.843,-8.95
17.859,7.83
17.875,18.85
17.890,25.06
17.906,28.0
17.921,29.1
17.937,29.17
17.953,28.17
17.968,25.37
17.984,19.6
18.000,9.83
18.015,-4.36
18.031,-22.5
18.046,-43.06
18.062,-63.92
18.078,-82.89
18.093,-98.12
18.109,-108.32
18.125,-112.95
18.140,-112.01
18.156,-105.92
18.171,-95.51
18.187,-81.8
18.203,-65.89
18.218,-48.6
18.234,-30.38
18.250,-11.52
18.265,7.43
18.281,25.32
18.296,40.37
18.312,50.7
18.328,55.13
18.343,53.77
18.359,48.16
18.375,40.57
18.390,33.17
18.406,27.07
18.421,21.99
18.437,16.62
18.453,9.32
18.468,-0.92
18.484,-14.19
18.500,-29.6
18.515,-45.72
18.531,-61.01
18.546,-73.99
18.562,-83.47
18.578,-88.42
18.593,-88.3
18.609,-82.96
18.625,-73.08
18.640,-60.06
18.656,-45.76
18.671,-32.07
18.687,-20.21
18.703,-10.56
18.718,-2.53
18.734,5.16
18.750,14.21
18.765,26.24
18.781,42.42
18.796,63.13
18.812,87.66
18.828,114.1
18.843,139.64
18.859,161.46
18.875,177.47
18.890,187.32
18.906,192.27
18.921,194.78
18.937,197.43
18.953,201.68
18.968,207.16
18.984,211.78
19.000,212.7
19.015,207.62
19.031,195.96
19.046,179.3
19.062,160.87
19.078,144.58
19.093,133.61
19.109,129.16
19.125,129.82
19.140,131.61
19.156,129.21
19.171,117.75
19.187,94.96
19.203,62.46
19.218,25.4
19.234,-9.17
19.250,-35.0
19.265,-48.72
19.281,-51.08
19.296,-46.0
19.312,-38.72
19.328,-33.88
19.343,-34.21
19.359,-40.19
19.375,-50.06
19.390,-60.34
19.406,-66.86
19.421,-66.31
19.437,-58.11
19.453,-45.42
19.468,-34.56
19.484,-32.47
19.500,-43.33
19.515,-66.17
19.531,-94.99
19.546,-121.37
19.562,-138.32
19.578,-143.1
19.593,-137.45
19.609,-125.79
19.625,-112.19
19.640,-98.58
19.656,-84.59
19.671,-69.19
19.687,-52.22
19.703,-35.16
19.718,-20.64
19.734,-11.14
19.750,-7.94
19.765,-10.39
19.781,-16.45
19.796,-23.67
19.812,-30.24
19.828,-35.71
19.843,-41.02
19.859,-48.04
19.875,-58.66
19.890,-73.91
19.906,-93.6
19.921,-116.39
19.937,-140.35
19.953,-163.58
19.968,-184.58
19.984,-202.36
20.000,-216.3
20.015,-225.89
20.031,-230.66
20.046,-230.25
20.062,-224.56
20.078,-213.92
20.093,-199.17
20.109,-181.61
20.125,-162.82
20.140,-144.25
20.156,-126.79
20.171,-110.55
20.187,-94.91
20.203,-79.04
20.218,-62.51
20.234,-45.67
20.250,-29.52
20.265,-15.28
20.281,-3.85
20.296,4.6
20.312,10.51
20.328,14.73
20.343,18.1
20.359,21.2
20.375,24.19
20.390,27.02
20.406,29.35
20.421,30.74
20.437,30.86
20.453,29.58
20.468,27.17
20.484,24.21
20.500,21.42
20.515,19.28
20.531,17.91
20.546,17.02
20.562,16.06
20.578,14.56
20.593,12.31
20.609,9.45
20.625,6.49
20.640,4.18
20.656,3.29
20.671,4.48
20.687,8.21
20.703,14.64
20.718,23.61
20.734,34.55
20.750,46.5
20.765,58.14
20.781,68.05
20.796,75.0
20.812,78.31
20.828,78.1
20.843,75.26
20.859,71.24
20.875,67.5
20.890,65.17
20.906,64.71
20.921,65.87
20.937,67.83
20.953,69.47
20.968,69.85
20.984,68.56
21.000,66.15
21.015,63.76
21.031,62.82
21.046,64.15
21.062,67.44
21.078,71.4
21.093,74.15
21.109,74.37
21.125,71.89
21.140,67.9
21.156,64.13
21.171,62.2
21.187,63.29
21.203,68.19
21.218,77.22
21.234,89.69
21.250,103.15
21.265,113.19
21.281,114.54
21.296,103.37
21.312,79.5
21.328,47.22
21.343,13.76
21.359,-13.72
21.375,-31.32
21.390,-39.43
21.406,-41.59
21.421,-41.94
21.437,-42.8
21.453,-44.17
21.468,-44.71
21.484,-43.6
21.500,-41.35
21.515,-39.58
21.531,-39.75
21.546,-42.11
21.562,-45.64
21.578,-48.46
21.593,-48.96
21.609,-46.48
21.625,-41.66
21.640,-35.77
21.656,-30.21
21.671,-25.78
21.687,-22.5
21.703,-19.75
21.718,-16.5
21.734,-12.03
21.750,-6.0
21.765,1.11
21.781,8.28
21.796,14.13
21.812,17.21
21.828,16.32
21.843,10.68
21.859,0.46
21.875,-13.28
21.890,-28.54
21.906,-43.01
21.921,-54.7
21.937,-62.59
21.953,-66.78
21.968,-68.24
21.984,-68.33
22.000,-68.16
22.015,-68.27
22.031,-68.55
22.046,-68.4
22.062,-67.08
22.078,-63.65
22.093,-57.17
22.109,-46.72
22.125,-31.73
22.140,-12.24
22.156,10.78
22.171,35.61
22.187,60.14
22.203,82.32
22.218,100.55
22.234,113.75
22.250,121.49
22.265,123.95
22.281,121.87
22.296,116.48
22.312,109.16
22.328,101.21
22.343,93.37
22.359,85.78
22.375,78.04
22.390,69.33
22.406,58.66
22.421,44.84
22.437,26.79
22.453,3.81
22.468,-23.68
22.484,-53.8
22.500,-83.37
22.515,-108.69
22.531,-126.77
22.546,-136.18
22.562,-137.36
22.578,-131.82
22.593,-121.2
22.609,-106.6
22.625,-88.49
22.640,-67.3
22.656,-43.92
22.671,-19.74
22.687,3.81
22.703,25.8
22.718,46.26
22.734,65.86
22.750,85.37
22.765,105.02
22.781,124.25
22.796,141.9
22.812,156.77
22.828,168.16
22.843,175.86
22.859,180.03
22.875,180.75
22.890,177.85
22.906,171.32
22.921,161.67
22.937,150.35
22.953,139.74
22.968,132.36
22.984,129.77
23.000,131.41
23.015,134.39
23.031,134.07
23.046,125.95
23.062,107.65
23.078,80.16
23.093,47.79
23.109,16.21
23.125,-9.31
23.140,-25.26
23.156,-30.25
23.171,-24.78
23.187,-10.97
23.203,7.3
23.218,24.47
23.234,33.96
23.250,29.8
23.265,9.06
23.281,-26.4
23.296,-70.18
23.312,-113.42
23.328,-148.1
23.343,-169.76
23.359,-178.32
23.375,-176.86
23.390,-169.65
23.406,-160.13
23.421,-149.94
23.437,-139.62
23.453,-128.99
23.468,-118.06
23.484,-107.33
23.500,-97.74
23.515,-89.84
23.531,-83.61
23.546,-78.28
23.562,-72.69
23.578,-65.96
23.593,-57.55
23.609,-47.29
23.625,-35.24
23.640,-21.34
23.656,-5.54
23.671,11.68
23.687,28.94
23.703,44.15
23.718,55.57
23.734,63.33
23.750,69.65
23.765,78.08
23.781,91.92
23.796,112.57
23.812,139.0
23.828,168.29
23.843,196.92
23.859,221.76
23.875,240.67
23.890,252.51
23.906,257.04
23.921,255.16
23.937,248.77
23.953,240.32
23.968,231.72
23.984,223.62
24.000,215.36
24.015,206.13
24.031,196.06
24.046,186.62
24.062,179.69
24.078,176.02
24.093,174.4
24.109,172.39
24.125,167.98
24.140,160.99
24.156,153.17
24.171,146.96
24.187,143.63
24.203,142.16
24.218,139.69
24.234,133.17
24.250,121.15
24.265,104.57
24.281,85.99
24.296,68.08
24.312,52.34
24.328,38.71
24.343,26.37
24.359,14.62
24.375,3.56
24.390,-6.05
24.406,-13.59
24.421,-19.4
24.437,-25.12
24.453,-33.12
24.468,-45.57
24.484,-63.28
24.500,-85.47
24.515,-110.13
24.531,-134.76
24.546,-157.34
24.562,-176.79
24.578,-192.92
24.593,-206.1
24.609,-217.11
24.625,-226.89
24.640,-236.61
24.656,-247.5
24.671,-260.31
24.687,-274.73
24.703,-289.27
24.718,-301.45
24.734,-308.73
24.750,-309.73
24.765,-304.82
24.781,-296.03
24.796,-286.24
24.812,-277.82
24.828,-271.94
24.843,-268.36
24.859,-266.05
24.875,-263.95
24.890,-261.5
24.906,-258.61
24.921,-255.28
24.937,-251.31
24.953,-246.09
24.968,-239.03
24.984,-229.9
25.000,-218.97
25.015,-206.91
25.031,-194.44
25.046,-181.96
25.062,-169.43
25.078,-156.86
25.093,-144.44
25.109,-132.91
25.125,-123.28
25.140,-116.42
25.156,-112.53
25.171,-110.97
25.187,-110.62
25.203,-110.34
25.218,-109.39
25.234,-107.33
25.250,-103.98
25.265,-99.38
25.281,-93.9
25.296,-88.51
25.312,-84.52
25.328,-82.97
25.343,-83.8
25.359,-85.43
25.375,-85.12
25.390,-79.95
25.406,-68.11
25.421,-49.73
25.437,-26.93
25.453,-2.99
25.468,18.87
25.484,36.42
25.500,48.73
25.515,55.98
25.531,58.98
25.546,58.89
25.562,57.02
25.578,54.55
25.593,52.35
25.609,50.82
25.625,49.91
25.640,49.13
25.656,47.82
25.671,45.46
25.687,41.84
25.703,36.88
25.718,30.22
25.734,20.93
25.750,7.35
25.765,-12.31
25.781,-39.09
25.796,-72.18
25.812,-108.62
25.828,-143.73
25.843,-172.36
25.859,-190.48
25.875,-196.29
25.890,-190.55
25.906,-175.9
25.921,-155.7
25.937,-132.87
25.953,-109.42
25.968,-86.5
25.984,-64.99
26.000,-45.92
26.015,-30.45
26.031,-19.64
26.046,-13.77
26.062,-12.09
26.078,-12.87
26.093,-13.86
26.109,-13.03
26.125,-9.22
26.140,-2.42
26.156,6.5
26.171,16.43
26.187,26.55
26.203,36.71
26.218,47.15
26.234,58.14
26.250,69.48
26.265,80.39
26.281,89.87
26.296,97.25
26.312,102.69
26.328,107.12
26.343,112.02
26.359,118.79
26.375,128.4
26.390,141.18
26.406,156.93
26.421,174.97
26.437,194.17
26.453,213.0
26.468,229.69
26.484,242.93
26.500,252.35
26.515,258.78
26.531,263.71
26.546,268.34
26.562,272.71
26.578,275.21
26.593,273.37
26.609,265.06
26.625,249.8
26.640,229.18
26.656,206.32
26.671,184.45
26.687,165.44
26.703,148.97
26.718,132.67
26.734,113.26
26.750,88.1
26.765,56.6
26.781,20.52
26.796,-16.33
26.812,-49.72
26.828,-76.53
26.843,-95.95
26.859,-109.49
26.875,-119.97
26.890,-130.21
26.906,-141.95
26.921,-155.64
26.937,-170.83
26.953,-186.99
26.968,-203.9
26.984,-221.57
27.000,-239.83
27.015,-257.85
27.031,-274.09
27.046,-286.54
27.062,-293.36
27.078,-293.3
27.093,-286.12
27.109,-272.61
27.125,-254.26
27.140,-232.97
27.156,-210.44
27.171,-187.84
27.187,-165.56
27.203,-143.55
27.218,-121.55
27.234,-99.5
27.250,-77.69
27.265,-56.4
27.281,-35.9
27.296,-16.45
27.312,1.25
27.328,15.69
27.343,24.39
27.359,24.99
27.375,16.68
27.390,1.07
27.406,-17.76
27.421,-34.75
27.437,-45.7
27.453,-48.9
27.468,-45.4
27.484,-38.19
27.500,-30.41
27.515,-23.82
27.531,-18.55
27.546,-13.44
27.562,-7.03
27.578,1.68
27.593,13.1
27.609,27.18
27.625,43.88
27.640,63.53
27.656,87.07
27.671,115.61
27.687,150.11
27.703,190.1
27.718,233.24
27.734,275.32
27.750,311.31
27.765,337.21
27.781,351.47
27.796,355.38
27.812,352.09
27.828,345.0
27.843,335.69
27.859,323.19
27.875,304.78
27.890,277.37
27.906,238.97
27.921,189.56
27.937,131.51
27.953,69.45
27.968,9.65
27.984,-41.26
28.000,-78.4
28.015,-100.0
28.031,-108.34
28.046,-108.88
28.062,-108.14
28.078,-110.86
28.093,-118.33
28.109,-128.46
28.125,-137.36
28.140,-141.63
28.156,-139.71
28.171,-132.73
28.187,-124.01
28.203,-118.49
28.218,-121.01
28.234,-134.57
28.250,-158.77
28.265,-188.78
28.281,-216.52
28.296,-233.18
28.312,-232.71
28.328,-213.86
28.343,-180.12
28.359,-137.6
28.375,-92.25
28.390,-48.18
28.406,-7.67
28.421,27.19
28.437,53.33
28.453,67.0
28.468,65.75
28.484,50.55
28.500,26.57
28.515,1.81
28.531,-15.73
28.546,-21.02
28.562,-13.89
28.578,1.13
28.593,16.72
28.609,25.45
28.625,22.21
28.640,5.56
28.656,-21.92
28.671,-54.35
28.687,-84.04
28.703,-103.65
28.718,-108.24
28.734,-96.29
28.750,-69.84
28.765,-33.27
28.781,8.3
28.796,50.32
28.812,89.5
28.828,123.59
28.843,150.86
28.859,170.1
28.875,180.65
28.890,182.55
28.906,176.58
28.921,163.91
28.937,145.9
28.953,123.81
28.968,98.91
28.984,72.41
29.000,45.55
29.015,19.34
29.031,-5.23
29.046,-27.18
29.062,-45.26
29.078,-57.79
29.093,-63.1
29.109,-60.23
29.125,-49.56
29.140,-33.09
29.156,-14.1
29.171,4.05
29.187,18.81
29.203,29.12
29.218,35.6
29.234,39.89
29.250,44.15
29.265,50.26
29.281,59.34
29.296,71.34
29.312,85.12
29.328,98.6
29.343,109.42
29.359,115.58
29.375,116.05
29.390,111.08
29.406,101.95
29.421,90.44
29.437,78.28
29.453,66.88
29.468,57.29
29.484,50.5
29.500,47.58
29.515,49.51
29.531,57.1
29.546,70.5
29.562,89.08
29.578,111.36
29.593,135.41
29.609,159.04
29.625,180.1
29.640,196.62
29.656,207.01
29.671,210.32
29.687,206.17
29.703,194.66
29.718,176.41
29.734,152.63
29.750,125.17
29.765,96.68
29.781,70.18
29.796,48.37
29.812,32.83
29.828,23.56
29.843,19.34
29.859,18.63
29.875,20.6
29.890,25.57
29.906,34.63
29.921,48.57
29.937,66.81
29.953,87.22
29.968,106.63
29.984,122.19
30.000,132.41
30.015,137.31
30.031,138.08
30.046,136.13
30.062,132.43
30.078,126.99
30.093,119.32
30.109,108.62
30.125,94.51
30.140,77.11
30.156,57.11
30.171,35.62
30.187,14.3
30.203,-4.84
30.218,-19.89
30.234,-29.71
30.250,-35.04
30.265,-39.03
30.281,-46.88
30.296,-64.14
30.312,-94.0
30.328,-134.84
30.343,-179.6
30.359,-217.52
30.375,-237.96
30.390,-234.54
30.406,-207.62
30.421,-163.89
30.437,-113.17
30.453,-64.51
30.468,-23.33
30.484,9.14
30.500,34.26
30.515,53.83
30.531,68.5
30.546,77.83
30.562,81.24
30.578,79.63
30.593,75.71
30.609,73.16
30.625,75.18
30.640,83.08
30.656,95.92
30.671,110.93
30.687,125.01
30.703,136.17
30.718,144.21
30.734,150.46
30.750,156.42
30.765,162.64
30.781,168.06
30.796,170.61
30.812,167.98
30.828,158.79
30.843,142.73
30.859,120.16
30.875,91.51
30.890,57.1
30.906,17.9
30.921,-24.09
30.937,-65.31
30.953,-101.53
30.968,-129.22
30.984,-147.34
31.000,-158.04
31.015,-165.56
31.031,-174.06
31.046,-185.28
31.062,-198.19
31.078,-209.71
31.093,-216.87
31.109,-218.45
31.125,-215.61
31.140,-211.0
31.156,-207.07
31.171,-204.91
31.187,-204.06
31.203,-203.37
31.218,-202.19
31.234,-200.86
31.250,-200.48
31.265,-201.99
31.281,-205.42
31.296,-209.5
31.312,-212.38
31.328,-212.35
31.343,-208.54
31.359,-200.93
31.375,-190.28
31.390,-177.68
31.406,-163.87
31.421,-149.22
31.437,-133.6
31.453,-116.89
31.468,-99.05
31.484,-80.27
31.500,-60.86
31.515,-41.07
31.531,-21.08
31.546,-1.04
31.562,18.85
31.578,38.33
31.593,57.13
31.609,75.25
31.625,92.85
31.640,109.97
31.656,126.22
31.671,140.8
31.687,152.67
31.703,160.94
31.718,165.25
31.734,165.75
31.750,163.07
31.765,157.88
31.781,150.67
31.796,141.84
31.812,131.75
31.828,120.79
31.843,109.3
31.859,97.44
31.875,85.23
31.890,72.75
31.906,60.24
31.921,48.13
31.937,36.93
31.953,26.69
31.968,16.97
31.984,6.82
32.000,-4.73
32.015,-18.06
32.031,-32.56
32.046,-46.84
32.062,-59.08
32.078,-67.43
32.093,-70.71
32.109,-68.39
32.125,-60.74
32.140,-48.81
32.156,-34.2
32.171,-18.84
32.187,-4.51
32.203,7.36
32.218,16.1
32.234,21.58
32.250,24.26
32.265,24.88
32.281,24.22
32.296,22.99
32.312,21.69
32.328,20.65
32.343,19.96
32.359,19.27
32.375,17.68
32.390,14.06
32.406,7.4
32.421,-2.84
32.437,-16.27
32.453,-31.77
32.468,-47.55
32.484,-61.6
32.500,-72.07
32.515,-77.67
32.531,-77.64
32.546,-71.9
32.562,-61.12
32.578,-46.45
32.593,-29.49
32.609,-11.78
32.625,5.44
32.640,21.22
32.656,34.99
32.671,46.34
32.687,55.01
32.703,60.87
32.718,64.06
32.734,64.78
32.750,63.31
32.765,59.99
32.781,55.31
32.796,50.24
32.812,46.15
32.828,44.51
32.843,46.38
32.859,51.86
32.875,59.84
32.890,68.45
32.906,75.84
32.921,80.73
32.937,82.78
32.953,82.31
32.968,79.84
32.984,75.88
33.000,70.92
33.015,65.61
33.031,60.83
33.046,57.55
33.062,56.43
33.078,57.43
33.093,59.73
33.109,61.84
33.125,62.12
33.140,59.35
33.156,53.34
33.171,45.18
33.187,37.14
33.203,32.02
33.218,32.17
33.234,38.54
33.250,50.24
33.265,64.84
33.281,79.18
33.296,90.47
33.312,96.9
33.328,97.7
33.343,92.71
33.359,82.13
33.375,66.46
33.390,46.78
33.406,25.14
33.421,4.14
33.437,-13.68
33.453,-26.8
33.468,-35.17
33.484,-39.96
33.500,-42.64
33.515,-43.8
33.531,-42.65
33.546,-37.46
33.562,-26.85
33.578,-11.07
33.593,7.49
33.609,24.99
33.625,37.37
33.640,41.79
33.656,37.28
33.671,24.72
33.687,6.39
33.703,-14.65
33.718,-34.98
33.734,-51.55
33.750,-62.14
33.765,-66.01
33.781,-64.07
33.796,-58.51
33.812,-51.92
33.828,-46.45
33.843,-43.24
33.859,-42.48
33.875,-44.0
33.890,-47.62
33.906,-53.18
33.921,-60.18
33.937,-67.57
33.953,-74.01
33.968,-78.47
33.984,-80.84
34.000,-81.99
34.015,-83.32
34.031,-85.85
34.046,-89.83
34.062,-94.59
34.078,-98.95
34.093,-101.88
34.109,-102.83
34.125,-101.81
34.140,-99.14
34.156,-95.22
34.171,-90.29
34.187,-84.61
34.203,-78.53
34.218,-72.47
34.234,-66.98
34.250,-62.28
34.265,-58.15
34.281,-53.9
34.296,-48.66
34.312,-41.69
34.328,-32.88
34.343,-22.88
34.359,-12.87
34.375,-4.18
34.390,2.4
34.406,6.88
34.421,10.05
34.437,13.07
34.453,16.87
34.468,21.83
34.484,27.75
34.500,34.13
34.515,40.31
34.531,45.71
34.546,49.76
34.562,51.84
34.578,51.46
34.593,48.32
34.609,42.58
34.625,34.89
34.640,26.28
34.656,17.82
34.671,10.43
34.687,4.61
34.703,0.36
34.718,-2.57
34.734,-4.63
34.750,-6.18
34.765,-7.53
34.781,-8.8
34.796,-10.11
34.812,-11.49
34.828,-12.99
34.843,-14.71
34.859,-16.41
34.875,-17.37
34.890,-16.29
34.906,-11.57
34.921,-1.94
34.937,12.87
34.953,31.84
34.968,52.69
34.984,72.5
35.000,88.65
35.015,99.47
35.031,104.54
35.046,104.46
35.062,100.36
35.078,93.45
35.093,84.73
35.109,74.92
35.125,64.42
35.140,53.17
35.156,40.57
35.171,25.8
35.187,8.39
35.203,-11.27
35.218,-31.59
35.234,-49.9
35.250,-63.27
35.265,-69.35
35.281,-67.2
35.296,-57.63
35.312,-42.91
35.328,-26.05
35.343,-10.26
35.359,1.74
35.375,8.15
35.390,8.13
35.406,2.14
35.421,-8.0
35.437,-19.26
35.453,-27.76
35.468,-29.67
35.484,-22.51
35.500,-6.18
35.515,16.64
35.531,40.91
35.546,60.91
35.562,72.18
35.578,72.76
35.593,63.52
35.609,47.35
35.625,27.81
35.640,8.22
35.656,-9.06
35.671,-22.67
35.687,-31.94
35.703,-36.71
35.718,-37.19
35.734,-33.53
35.750,-25.7
35.765,-13.12
35.781,5.17
35.796,29.95
35.812,61.05
35.828,96.93
35.843,134.5
35.859,169.68
35.875,198.21
35.890,216.47
35.906,222.13
35.921,214.82
35.937,196.04
35.953,168.63
35.968,136.0
35.984,100.95
36.000,64.89
36.015,28.02
36.031,-10.06
36.046,-49.41
36.062,-88.99
36.078,-126.8
36.093,-160.38
36.109,-187.61
36.125,-207.24
36.140,-219.0
36.156,-223.23
36.171,-220.61
36.187,-212.05
36.203,-198.71
36.218,-182.04
36.234,-163.72
36.250,-145.4
36.265,-128.53
36.281,-114.07
36.296,-102.33
36.312,-92.83
36.328,-84.33
36.343,-74.98
36.359,-62.8
36.375,-46.34
36.390,-25.33
36.406,-1.0
36.421,24.2
36.437,47.28
36.453,65.67
36.468,78.01
36.484,84.43
36.500,86.47
36.515,86.43
36.531,86.53
36.546,88.3
36.562,91.91
36.578,95.91
36.593,97.4
36.609,92.56
36.625,77.7
36.640,50.62
36.656,11.94
36.671,-34.58
36.687,-82.4
36.703,-123.8
36.718,-151.96
36.734,-162.71
36.750,-155.48
36.765,-133.1
36.781,-100.62
36.796,-64.12
36.812,-29.75
36.828,-2.61
36.843,13.97
36.859,19.35
36.875,15.8
36.890,7.81
36.906,0.57
36.921,-1.91
36.937,1.95
36.953,11.12
36.968,23.05
36.984,35.14
37.000,45.94
37.015,55.4
37.031,64.3
37.046,73.31
37.062,82.67
37.078,91.92
37.093,100.24
37.109,106.76
37.125,110.32
37.140,109.13
37.156,101.14
37.171,84.36
37.187,57.82
37.203,22.92
37.218,-15.83
37.234,-51.34
37.250,-75.56
37.265,-82.29
37.281,-69.66
37.296,-40.9
37.312,-3.25
37.328,34.73
37.343,66.2
37.359,87.73
37.375,99.19
37.390,102.29
37.406,98.9
37.421,90.15
37.437,76.7
37.453,59.53
37.468,40.61
37.484,22.86
37.500,9.32
37.515,2.06
37.531,1.67
37.546,7.26
37.562,16.93
37.578,28.55
37.593,39.95
37.609,49.11
37.625,54.18
37.640,53.79
37.656,47.51
37.671,36.56
37.687,23.44
37.703,11.26
37.718,2.76
37.734,-0.73
37.750,0.65
37.765,5.91
37.781,13.85
37.796,23.48
37.812,33.95
37.828,44.05
37.843,51.91
37.859,55.38
37.875,52.76
37.890,43.46
37.906,28.24
37.921,8.81
37.937,-12.79
37.953,-34.7
37.968,-55.25
37.984,-72.87
38.000,-85.87
38.015,-92.69
38.031,-92.44
38.046,-85.33
38.062,-72.77
38.078,-56.83
38.093,-39.64
38.109,-22.67
38.125,-6.78
38.140,7.55
38.156,19.65
38.171,28.4
38.187,32.35
38.203,30.44
38.218,22.92
38.234,11.6
38.250,-0.32
38.265,-9.49
38.281,-13.75
38.296,-13.09
38.312,-9.43
38.328,-5.7
38.343,-4.4
38.359,-6.54
38.375,-11.79
38.390,-19.25
38.406,-28.64
38.421,-40.31
38.437,-54.33
38.453,-69.53
38.468,-83.59
38.484,-94.35
38.500,-101.43
38.515,-106.77
38.531,-113.32
38.546,-122.74
38.562,-133.81
38.578,-142.55
38.593,-144.42
38.609,-137.08
38.625,-121.7
38.640,-102.17
38.656,-82.77
38.671,-65.88
38.687,-51.38
38.703,-37.81
38.718,-24.04
38.734,-10.57
38.750,0.82
38.765,8.3
38.781,11.02
38.796,9.34
38.812,4.55
38.828,-1.73
38.843,-8.21
38.859,-13.93
38.875,-18.52
38.890,-21.87
38.906,-23.91
38.921,-24.39
38.937,-22.88
38.953,-18.69
38.968,-11.26
38.984,-0.55
39.000,12.73
39.015,27.03
39.031,40.4
39.046,51.16
39.062,58.55
39.078,62.94
39.093,65.66
39.109,68.1
39.125,71.02
39.140,74.22
39.156,76.63
39.171,76.82
39.187,73.44
39.203,65.52
39.218,52.51
39.234,34.48
39.250,12.33
39.265,-12.13
39.281,-36.3
39.296,-57.4
39.312,-73.09
39.328,-82.24
39.343,-85.07
39.359,-82.8
39.375,-77.05
39.390,-69.39
39.406,-61.37
39.421,-54.62
39.437,-50.74
39.453,-50.92
39.468,-55.38
39.484,-62.98
39.500,-71.51
39.515,-78.4
39.531,-81.58
39.546,-80.27
39.562,-74.86
39.578,-66.37
39.593,-55.81
39.609,-43.88
39.625,-31.15
39.640,-18.37
39.656,-6.84
39.671,2.07
39.687,7.38
39.703,9.28
39.718,9.3
39.734,9.56
39.750,11.98
39.765,17.42
39.781,25.4
39.796,34.21
39.812,41.87
39.828,46.66
39.843,47.65
39.859,44.9
39.875,39.28
39.890,32.49
39.906,26.84
39.921,24.79
39.937,28.43
39.953,38.98
39.968,56.29
39.984,78.96
40.000,104.54
40.015,130.04
40.031,152.53
40.046,169.5
40.062,179.07
40.078,180.33
40.093,173.56
40.109,160.09
40.125,142.25
40.140,122.7
40.156,103.73
40.171,86.79
40.187,72.04
40.203,58.54
40.218,44.91
40.234,30.03
40.250,13.67
40.265,-3.31
40.281,-19.19
40.296,-32.01
40.312,-40.15
40.328,-42.87
40.343,-40.45
40.359,-33.91
40.375,-24.67
40.390,-14.14
40.406,-3.4
40.421,6.72
40.437,15.44
40.453,21.95
40.468,25.3
40.484,24.65
40.500,19.52
40.515,9.88
40.531,-4.02
40.546,-21.83
40.562,-43.19
40.578,-67.6
40.593,-93.9
40.609,-120.1
40.625,-143.5
40.640,-161.15
40.656,-170.92
40.671,-172.0
40.687,-165.2
40.703,-152.48
40.718,-136.58
40.734,-120.2
40.750,-105.79
40.765,-95.35
40.781,-90.07
40.796,-90.28
40.812,-94.98
40.828,-101.94
40.843,-108.15
40.859,-110.76
40.875,-107.87
40.890,-99.32
40.906,-86.56
40.921,-71.98
40.937,-57.95
40.953,-45.91
40.968,-36.18
40.984,-28.13
41.000,-20.75
41.015,-13.1
41.031,-4.63
41.046,4.92
41.062,15.67
41.078,27.76
41.093,41.21
41.109,55.6
41.125,69.89
41.140,82.47
41.156,91.53
41.171,95.47
41.187,93.27
41.203,84.76
41.218,70.3
41.234,50.75
41.250,27.31
41.265,1.53
41.281,-24.44
41.296,-48.01
41.312,-66.57
41.328,-78.11
41.343,-81.76
41.359,-78.01
41.375,-68.29
41.390,-54.48
41.406,-38.3
41.421,-21.13
41.437,-4.13
41.453,11.67
41.468,25.35
41.484,36.19
41.500,43.91
41.515,48.69
41.531,51.03
41.546,51.42
41.562,50.07
41.578,46.81
41.593,41.34
41.609,33.68
41.625,24.61
41.640,15.71
41.656,9.19
41.671,7.04
41.687,10.45
41.703,19.53
41.718,33.4
41.734,50.83
41.750,70.66
41.765,91.92
41.781,113.67
41.796,134.59
41.812,153.01
41.828,167.17
41.843,175.85
41.859,178.88
41.875,177.11
41.890,172.07
41.906,165.13
41.921,157.1
41.937,147.99
41.953,137.2
41.968,123.98
41.984,107.69
42.000,87.98
42.015,64.83
42.031,38.95
42.046,11.78
42.062,-14.34
42.078,-36.59
42.093,-52.44
42.109,-60.63
42.125,-61.54
42.140,-57.28
42.156,-50.82
42.171,-44.9
42.187,-41.22
42.203,-40.05
42.218,-40.58
42.234,-41.54
42.250,-41.82
42.265,-40.8
42.281,-38.22
42.296,-34.03
42.312,-28.08
42.328,-20.22
42.343,-10.43
42.359,0.86
42.375,12.66
42.390,23.63
42.406,32.51
42.421,38.66
42.437,42.35
42.453,44.55
42.468,46.24
42.484,47.68
42.500,47.85
42.515,44.63
42.531,35.67
42.546,19.61
42.562,-3.06
42.578,-29.83
42.593,-56.89
42.609,-80.48
42.625,-98.14
42.640,-109.24
42.656,-114.68
42.671,-116.01
42.687,-114.5
42.703,-110.65
42.718,-104.46
42.734,-95.74
42.750,-84.72
42.765,-72.05
42.781,-58.48
42.796,-44.53
42.812,-30.5
42.828,-16.59
42.843,-3.16
42.859,9.05
42.875,19.28
42.890,26.88
42.906,31.67
42.921,33.87
42.937,34.01
42.953,32.62
42.968,30.35
42.984,27.96
43.000,26.16
43.015,25.53
43.031,26.08
43.046,27.35
43.062,28.63
43.078,29.52
43.093,30.35
43.109,32.11
43.125,35.97
43.140,42.63
43.156,51.91
43.171,62.85
43.187,74.09
43.203,84.18
43.218,91.6
43.234,94.63
43.250,91.39
43.265,80.37
43.281,61.24
43.296,35.57
43.312,6.61
43.328,-21.7
43.343,-46.14
43.359,-65.28
43.375,-79.55
43.390,-90.37
43.406,-98.92
43.421,-105.44
43.437,-109.36
43.453,-110.08
43.468,-107.71
43.484,-103.08
43.500,-97.43
43.515,-91.61
43.531,-85.87
43.546,-79.93
43.562,-73.43
43.578,-66.15
43.593,-58.01
43.609,-48.79
43.625,-38.02
43.640,-25.22
43.656,-10.33
43.671,5.92
43.687,22.23
43.703,37.2
43.718,49.92
43.734,60.11
43.750,67.75
43.765,72.56
43.781,73.7
43.796,69.96
43.812,60.4
43.828,45.04
43.843,25.07
43.859,2.59
43.875,-19.97
43.890,-40.55
43.906,-57.83
43.921,-71.2
43.937,-80.4
43.953,-85.41
43.968,-86.42
43.984,-84.08
44.000,-79.58
44.015,-74.45
44.031,-70.1
44.046,-67.37
44.062,-66.26
44.078,-66.04
44.093,-65.64
44.109,-64.12
44.125,-61.09
44.140,-56.87
44.156,-52.32
44.171,-48.57
44.187,-46.57
44.203,-46.63
44.218,-48.23
44.234,-50.09
44.250,-50.67
44.265,-48.73
44.281,-43.85
44.296,-36.45
44.312,-27.45
44.328,-17.62
44.343,-7.35
44.359,3.41
44.375,14.76
44.390,26.54
44.406,38.04
44.421,48.26
44.437,56.11
44.453,60.69
44.468,61.54
44.484,58.54
44.500,51.97
44.515,42.62
44.531,31.9
44.546,21.67
44.562,13.87
44.578,9.96
44.593,10.48
44.609,15.02
44.625,22.42
44.640,31.26
44.656,40.09
44.671,47.76
44.687,53.47
44.703,56.7
44.718,57.32
44.734,55.63
44.750,52.39
44.765,48.55
44.781,45.03
44.796,42.3
44.812,40.49
44.828,39.62
44.843,39.89
44.859,41.69
44.875,45.57
44.890,51.96
44.906,60.98
44.921,72.51
44.937,86.16
44.953,101.26
44.968,116.81
44.984,131.56
45.000,144.27
45.015,154.0
45.031,160.43
45.046,163.86
45.062,164.84
45.078,163.67
45.093,160.07
45.109,153.36
45.125,142.95
45.140,128.84
45.156,111.48
45.171,91.33
45.187,68.18
45.203,41.11
45.218,9.1
45.234,-27.85
45.250,-67.91
45.265,-107.32
45.281,-141.48
45.296,-166.53
45.312,-180.54
45.328,-183.84
45.343,-178.34
45.359,-166.57
45.375,-151.03
45.390,-134.14
45.406,-118.42
45.421,-106.43
45.437,-100.23
45.453,-100.59
45.468,-106.55
45.484,-115.66
45.500,-125.04
45.515,-132.44
45.531,-137.01
45.546,-139.17
45.562,-139.98
45.578,-140.44
45.593,-140.92
45.609,-141.16
45.625,-140.46
45.640,-137.89
45.656,-132.58
45.671,-123.95
45.687,-111.84
45.703,-96.67
45.718,-79.34
45.734,-61.0
45.750,-42.81
45.765,-25.45
45.781,-8.97
45.796,7.09
45.812,23.32
45.828,40.04
45.843,56.71
45.859,71.94
45.875,83.87
45.890,90.71
45.906,91.79
45.921,87.8
45.937,80.78
45.953,73.33
45.968,67.71
45.984,65.12
46.000,65.56
46.015,68.18
46.031,71.88
46.046,75.79
46.062,79.2
46.078,81.47
46.093,81.68
46.109,78.79
46.125,72.1
46.140,61.82
46.156,49.5
46.171,37.7
46.187,29.19
46.203,25.84
46.218,28.04
46.234,34.92
46.250,45.04
46.265,57.13
46.281,70.49
46.296,84.46
46.312,97.84
46.328,108.61
46.343,114.4
46.359,113.54
46.375,105.95
46.390,93.24
46.406,78.06
46.421,62.9
46.437,49.22
46.453,37.2
46.468,26.26
46.484,15.52
46.500,4.18
46.515,-8.66
46.531,-24.08
46.546,-43.06
46.562,-65.96
46.578,-91.73
46.593,-117.84
46.609,-140.69
46.625,-156.77
46.640,-163.78
46.656,-161.38
46.671,-151.2
46.687,-136.14
46.703,-119.45
46.718,-103.81
46.734,-90.86
46.750,-81.01
46.765,-73.75
46.781,-68.11
46.796,-63.08
46.812,-58.1
46.828,-53.13
46.843,-48.57
46.859,-44.94
46.875,-42.57
46.890,-41.43
46.906,-41.09
46.921,-40.98
46.937,-40.55
46.953,-39.43
46.968,-37.22
46.984,-33.6
47.000,-28.31
47.015,-21.22
47.031,-12.43
47.046,-2.22
47.062,8.92
47.078,20.47
47.093,31.73
47.109,42.03
47.125,50.82
47.140,57.89
47.156,63.43
47.171,68.04
47.187,72.55
47.203,77.47
47.218,82.84
47.234,88.0
47.250,91.89
47.265,93.49
47.281,92.29
47.296,88.64
47.312,83.64
47.328,78.8
47.343,75.35
47.359,73.91
47.375,74.11
47.390,74.83
47.406,74.77
47.421,73.09
47.437,69.9
47.453,66.46
47.468,64.85
47.484,67.31
47.500,75.66
47.515,90.84
47.531,112.58
47.546,139.55
47.562,169.31
47.578,198.74
47.593,224.4
47.609,243.32
47.625,253.69
47.640,255.47
47.656,250.41
47.671,241.29
47.687,230.96
47.703,220.98
47.718,211.12
47.734,199.62
47.750,184.34
47.765,163.76
47.781,137.92
47.796,108.08
47.812,75.8
47.828,42.15
47.843,7.37
47.859,-28.48
47.875,-64.89
47.890,-99.95
47.906,-130.64
47.921,-153.68
47.937,-166.82
47.953,-169.42
47.968,-162.21
47.984,-146.76
48.000,-124.82
48.015,-98.22
48.031,-68.97
48.046,-39.51
48.062,-12.63
48.078,9.05
48.093,23.56
48.109,29.98
48.125,28.36
48.140,19.45
48.156,4.5
48.171,-14.48
48.187,-34.77
48.203,-53.08
48.218,-66.3
48.234,-72.74
48.250,-72.97
48.265,-70.21
48.281,-69.17
48.296,-74.17
48.312,-87.34
48.328,-107.79
48.343,-131.93
48.359,-154.91
48.375,-172.54
48.390,-182.55
48.406,-184.73
48.421,-180.28
48.437,-170.97
48.453,-158.63
48.468,-145.1
48.484,-132.38
48.500,-122.63
48.515,-117.8
48.531,-119.07
48.546,-126.55
48.562,-139.34
48.578,-155.82
48.593,-174.09
48.609,-192.0
48.625,-207.26
48.640,-217.35
48.656,-220.14
48.671,-214.26
48.687,-199.82
48.703,-178.57
48.718,-153.4
48.734,-127.58
48.750,-103.77
48.765,-83.5
48.781,-66.83
48.796,-52.64
48.812,-39.39
48.828,-26.06
48.843,-12.89
48.859,-1.44
48.875,6.17
48.890,8.42
48.906,5.48
48.921,-0.73
48.937,-7.32
48.953,-11.76
48.968,-12.99
48.984,-11.42
49.000,-8.37
49.015,-4.88
49.031,-1.08
49.046,3.47
49.062,9.0
49.078,14.89
49.093,19.81
49.109,22.35
49.125,21.96
49.140,19.41
49.156,16.28
49.171,14.39
49.187,14.86
49.203,17.74
49.218,22.08
49.234,26.49
49.250,29.75
49.265,31.12
49.281,30.44
49.296,28.01
49.312,24.52
49.328,20.84
49.343,17.63
49.359,15.02
49.375,12.5
49.390,9.09
49.406,3.86
49.421,-3.56
49.437,-12.71
49.453,-22.58
49.468,-32.07
49.484,-40.74
49.500,-48.98
49.515,-57.43
49.531,-66.55
49.546,-76.09
49.562,-85.06
49.578,-92.12
49.593,-95.86
49.609,-95.29
49.625,-90.52
49.640,-82.98
49.656,-75.21
49.671,-70.08
49.687,-69.23
49.703,-71.69
49.718,-73.91
49.734,-71.16
49.750,-59.79
49.765,-39.23
49.781,-12.24
49.796,16.67
49.812,43.29
49.828,65.45
49.843,83.02
49.859,96.7
49.875,106.58
49.890,111.77
49.906,110.86
49.921,103.21
49.937,89.8
49.953,72.86
49.968,55.12
49.984,38.71
50.000,24.45
50.015,12.35
50.031,2.15
50.046,-6.1
50.062,-11.82
50.078,-14.17
50.093,-12.67
50.109,-7.49
50.125,0.26
50.140,8.79
50.156,16.32
50.171,21.72
50.187,24.79
50.203,26.36
50.218,27.83
50.234,30.62
50.250,35.92
50.265,44.47
50.281,56.43
50.296,71.48
50.312,88.85
50.328,107.31
50.343,125.26
50.359,141.04
50.375,153.18
50.390,160.81
50.406,163.74
50.421,161.82
50.437,154.49
50.453,140.47
50.468,118.26
50.484,87.12
50.500,47.95
50.515,3.89
50.531,-40.24
50.546,-79.24
50.562,-109.14
50.578,-127.73
50.593,-134.63
50.609,-130.7
50.625,-117.84
50.640,-98.92
50.656,-77.57
50.671,-57.63
50.687,-42.17
50.703,-32.66
50.718,-28.56
50.734,-27.99
50.750,-29.02
50.765,-30.65
50.781,-33.11
50.796,-37.13
50.812,-42.91
50.828,-49.5
50.843,-55.16
50.859,-58.11
50.875,-57.43
50.890,-53.29
50.906,-46.42
50.921,-37.59
50.937,-27.35
50.953,-16.41
50.968,-5.74
50.984,3.34
51.000,9.43
51.015,11.57
51.031,9.58
51.046,4.28
51.062,-2.85
51.078,-10.19
51.093,-16.3
51.109,-20.11
51.125,-20.93
51.140,-18.44
51.156,-12.72
51.171,-4.33
51.187,5.65
51.203,15.87
51.218,25.11
51.234,32.73
51.250,38.9
51.265,44.39
51.281,50.02
51.296,56.28
51.312,63.06
51.328,69.66
51.343,75.14
51.359,78.63
51.375,79.66
51.390,78.18
51.406,74.46
51.421,69.02
51.437,62.58
51.453,56.1
51.468,50.69
51.484,47.48
51.500,47.29
51.515,50.39
51.531,56.26
51.546,63.53
51.562,70.42
51.578,75.28
51.593,77.29
51.609,76.56
51.625,73.93
51.640,70.24
51.656,65.61
51.671,59.39
51.687,50.32
51.703,37.19
51.718,19.44
51.734,-2.66
51.750,-27.92
51.765,-54.34
51.781,-79.55
51.796,-101.17
51.812,-117.19
51.828,-126.49
51.843,-129.17
51.859,-126.35
51.875,-119.58
51.890,-110.21
51.906,-98.78
51.921,-85.14
51.937,-69.07
51.953,-50.65
51.968,-30.7
51.984,-10.46
52.000,8.88
52.015,26.78
52.031,43.12
52.046,57.93
52.062,70.93
52.078,81.13
52.093,87.44
52.109,89.05
52.125,86.28
52.140,80.73
52.156,74.54
52.171,69.47
52.187,66.18
52.203,64.12
52.218,62.21
52.234,59.79
52.250,56.94
52.265,54.31
52.281,52.42
52.296,50.95
52.312,48.81
52.328,44.78
52.343,38.33
52.359,30.16
52.375,21.92
52.390,15.33
52.406,11.37
52.421,9.99
52.437,10.4
52.453,11.94
52.468,14.62
52.484,19.15
52.500,26.32
52.515,36.43
52.531,48.5
52.546,60.3
52.562,68.85
52.578,71.24
52.593,65.61
52.609,51.78
52.625,31.1
52.640,6.14
52.656,-20.22
52.671,-45.39
52.687,-67.77
52.703,-86.82
52.718,-102.71
52.734,-115.78
52.750,-125.95
52.765,-132.68
52.781,-135.05
52.796,-131.91
52.812,-122.32
52.828,-105.78
52.843,-82.55
52.859,-53.87
52.875,-21.9
52.890,10.52
52.906,40.45
52.921,65.58
52.937,84.75
52.953,98.0
52.968,106.37
52.984,111.3
53.000,114.19
53.015,116.24
53.031,118.6
53.046,122.35
53.062,128.35
53.078,136.83
53.093,146.73
53.109,155.7
53.125,160.4
53.140,157.59
53.156,145.14
53.171,123.2
53.187,94.36
53.203,62.89
53.218,33.57
53.234,9.88
53.250,-6.56
53.265,-16.17
53.281,-20.43
53.296,-20.91
53.312,-18.35
53.328,-12.73
53.343,-3.64
53.359,8.97
53.375,24.31
53.390,40.6
53.406,55.4
53.421,66.16
53.437,70.9
53.453,68.74
53.468,60.26
53.484,47.23
53.500,32.1
53.515,17.25
53.531,4.34
53.546,-5.9
53.562,-13.75
53.578,-20.16
53.593,-26.52
53.609,-34.5
53.625,-45.86
53.640,-61.93
53.656,-83.02
53.671,-107.82
53.687,-133.18
53.703,-154.91
53.718,-168.87
53.734,-172.41
53.750,-165.11
53.765,-148.77
53.781,-126.35
53.796,-100.88
53.812,-74.32
53.828,-47.29
53.843,-19.59
53.859,8.97
53.875,37.84
53.890,65.47
53.906,89.72
53.921,108.67
53.937,121.26
53.953,127.61
53.968,128.84
53.984,126.48
54.000,121.84
54.015,115.62
54.031,107.96
54.046,98.88
54.062,88.82
54.078,78.82
54.093,70.21
54.109,63.99
54.125,60.14
54.140,57.56
54.156,54.74
54.171,50.99
54.187,47.51
54.203,47.38
54.218,54.17
54.234,69.7
54.250,92.41
54.265,117.19
54.281,137.19
54.296,146.58
54.312,142.76
54.328,127.16
54.343,104.08
54.359,78.65
54.375,54.83
54.390,34.43
54.406,17.21
54.421,1.7
54.437,-13.8
54.453,-30.51
54.468,-48.76
54.484,-67.95
54.500,-86.86
54.515,-104.16
54.531,-118.95
54.546,-131.09
54.562,-141.2
54.578,-150.16
54.593,-158.54
54.609,-166.29
54.625,-172.73
54.640,-177.05
54.656,-178.81
54.671,-178.33
54.687,-176.72
54.703,-175.5
54.718,-176.06
54.734,-179.13
54.750,-184.45
54.765,-190.72
54.781,-196.03
54.796,-198.33
54.812,-196.08
54.828,-188.5
54.843,-175.59
54.859,-157.91
54.875,-136.37
54.890,-112.08
54.906,-86.25
54.921,-60.18
54.937,-35.13
54.953,-12.28
54.968,7.48
54.984,23.77
55.000,36.76
55.015,47.24
55.031,56.2
55.046,64.44
55.062,72.19
55.078,79.07
55.093,84.42
55.109,87.79
55.125,89.36
55.140,89.84
55.156,90.27
55.171,91.28
55.187,92.87
55.203,94.35
55.218,95.02
55.234,94.9
55.250,95.07
55.265,97.53
55.281,104.36
55.296,116.7
55.312,134.05
55.328,154.13
55.343,173.39
55.359,187.94
55.375,194.5
55.390,191.16
55.406,177.87
55.421,156.46
55.437,130.33
55.453,103.75
55.468,80.77
55.484,64.3
55.500,55.44
55.515,53.52
55.531,56.59
55.546,62.52
55.562,69.63
55.578,77.07
55.593,84.52
55.609,91.51
55.625,97.09
55.640,99.64
55.656,97.34
55.671,88.57
55.687,72.42
55.703,48.89
55.718,18.88
55.734,-15.73
55.750,-52.37
55.765,-87.91
55.781,-119.22
55.796,-143.82
55.812,-160.48
55.828,-169.5
55.843,-172.35
55.859,-170.9
55.875,-166.5
55.890,-159.69
55.906,-150.46
55.921,-138.97
55.937,-126.07
55.953,-113.19
55.968,-101.88
55.984,-93.25
56.000,-87.98
56.015,-86.63
56.031,-90.21
56.046,-100.0
56.062,-116.59
56.078,-138.56
56.093,-162.01
56.109,-181.81
56.125,-193.66
56.140,-196.16
56.156,-190.93
56.171,-181.14
56.187,-169.21
56.203,-155.17
56.218,-137.08
56.234,-112.73
56.250,-81.88
56.265,-47.13
56.281,-13.04
56.296,15.95
56.312,37.47
56.328,51.73
56.343,60.89
56.359,67.3
56.375,72.45
56.390,76.46
56.406,78.79
56.421,78.89
56.437,76.63
56.453,72.32
56.468,66.18
56.484,58.09
56.500,47.47
56.515,33.84
56.531,17.45
56.546,-0.33
56.562,-17.13
56.578,-30.39
56.593,-38.26
56.609,-40.37
56.625,-37.8
56.640,-32.64
56.656,-26.96
56.671,-22.07
56.687,-18.11
56.703,-14.25
56.718,-9.27
56.734,-1.87
56.750,8.65
56.765,22.11
56.781,37.44
56.796,53.12
56.812,67.77
56.828,80.68
56.843,91.84
56.859,101.53
56.875,109.94
56.890,116.52
56.906,119.96
56.921,118.39
56.937,109.96
56.953,93.33
56.968,68.11
56.984,34.99
57.000,-4.31
57.015,-46.88
57.031,-88.84
57.046,-125.76
57.062,-153.6
57.078,-169.88
57.093,-174.32
57.109,-168.89
57.125,-156.86
57.140,-141.76
57.156,-126.2
57.171,-111.69
57.187,-98.81
57.203,-87.73
57.218,-78.74
57.234,-72.09
57.250,-67.83
57.265,-65.33
57.281,-63.69
57.296,-61.96
57.312,-59.82
57.328,-57.66
57.343,-56.14
57.359,-55.58
57.375,-55.33
57.390,-53.69
57.406,-48.33
57.421,-37.45
57.437,-20.47
57.453,1.44
57.468,25.85
57.484,49.88
57.500,71.09
57.515,88.15
57.531,100.87
57.546,109.82
57.562,115.81
57.578,119.57
57.593,121.66
57.609,122.49
57.625,122.37
57.640,121.17
57.656,118.41
57.671,113.41
57.687,105.7
57.703,95.75
57.718,85.15
57.734,76.34
57.750,71.68
57.765,72.63
57.781,79.16
57.796,90.06
57.812,103.6
57.828,118.18
57.843,132.75
57.859,146.75
57.875,159.85
57.890,171.83
57.906,182.72
57.921,192.91
57.937,203.27
57.953,214.9
57.968,228.29
57.984,242.74
58.000,255.91
58.015,264.46
58.031,265.38
58.046,257.5
58.062,242.33
58.078,223.7
58.093,206.34
58.109,194.01
58.125,188.08
58.140,187.14
58.156,187.8
58.171,186.26
58.187,179.62
58.203,166.69
58.218,147.7
58.234,123.82
58.250,96.41
58.265,66.72
58.281,35.88
58.296,5.01
58.312,-24.76
58.328,-52.31
58.343,-76.88
58.359,-98.4
58.375,-117.52
58.390,-135.68
58.406,-154.84
58.421,-177.08
58.437,-203.95
58.453,-235.39
58.468,-269.15
58.484,-300.59
58.500,-324.07
58.515,-335.07
58.531,-332.4
58.546,-319.08
58.562,-301.1
58.578,-284.51
58.593,-272.49
58.609,-264.45
58.625,-257.19
58.640,-247.73
58.656,-235.42
58.671,-222.1
58.687,-210.45
58.703,-201.7
58.718,-194.91
58.734,-187.72
58.750,-178.61
58.765,-168.26
58.781,-159.37
58.796,-154.68
58.812,-154.98
58.828,-158.27
58.843,-160.8
58.859,-159.4
58.875,-153.12
58.890,-143.31
58.906,-132.33
58.921,-121.83
58.937,-111.82
58.953,-100.98
58.968,-87.94
58.984,-72.24
59.000,-54.76
59.015,-37.13
59.031,-20.92
59.046,-7.03
59.062,4.16
59.078,12.48
59.093,17.66
59.109,19.47
59.125,17.95
59.140,13.75
59.156,7.99
59.171,1.85
59.187,-3.72
59.203,-8.19
59.218,-11.42
59.234,-13.42
59.250,-14.38
59.265,-14.58
59.281,-14.52
59.296,-14.62
59.312,-15.22
59.328,-16.41
59.343,-17.87
59.359,-19.01
59.375,-19.14
59.390,-17.72
59.406,-14.48
59.421,-9.65
59.437,-3.79
59.453,2.21
59.468,7.48
59.484,11.16
59.500,12.64
59.515,11.52
59.531,7.72
59.546,1.55
59.562,-6.26
59.578,-14.62
59.593,-22.25
59.609,-28.03
59.625,-31.3
59.640,-32.0
59.656,-30.5
59.671,-27.25
59.687,-22.34
59.703,-15.29
59.718,-5.29
59.734,8.39
59.750,25.69
59.765,45.48
59.781,65.54
59.796,83.16
59.812,95.9
59.828,102.49
59.843,103.08
59.859,99.08
59.875,92.62
59.890,85.58
59.906,79.11
59.921,73.45
59.937,68.3
59.953,63.22
59.968,58.32
59.984,54.15
