timestamp,x,y,z
00.002,-0.0670397,-0.057462595,9.768641
00.035,-0.06943397,-0.057462595,9.763853
00.074,-0.057462595,-0.047885496,9.780613
00.102,-0.0670397,-0.035914123,9.77343
00.136,-0.052674048,-0.043096945,9.778218
00.176,-0.07422252,-0.043096945,9.754275
00.203,-0.071828246,-0.052674048,9.783007
00.247,-0.057462595,-0.031125572,9.783007
00.275,-0.05506832,-0.047885496,9.768641
00.303,-0.06464542,-0.038308397,9.759064
00.336,-0.06464542,-0.05506832,9.785401
00.376,-0.07422252,-0.05027977,9.780613
00.416,-0.05985687,-0.026337024,9.780613
00.444,-0.06943397,-0.06464542,9.77343
00.476,-0.06943397,-0.045491222,9.775824
00.515,-0.05027977,-0.031125572,9.775824
00.543,-0.06464542,-0.047885496,9.768641
00.575,-0.06464542,-0.038308397,9.778218
00.616,-0.07901107,-0.043096945,9.778218
00.643,-0.0670397,-0.057462595,9.759064
00.677,-0.08140534,-0.043096945,9.775824
00.716,-0.076616794,-0.04070267,9.787795
00.744,-0.076616794,-0.043096945,9.775824
00.776,-0.045491222,-0.047885496,9.766247
00.816,-0.057462595,-0.028731298,9.783007
00.845,-0.07901107,-0.045491222,9.778218
00.876,-0.06943397,-0.038308397,9.787795
00.918,-0.062251143,-0.04070267,9.778218
00.944,-0.071828246,-0.031125572,9.780613
00.975,-0.062251143,-0.062251143,9.771035
01.014,-0.05985687,-0.028731298,9.783007
01.054,-0.05985687,-0.047885496,9.785401
01.082,-0.06464542,-0.03351985,9.766247
01.114,-0.062251143,-0.04070267,9.783007
01.154,-0.05506832,-0.03351985,9.794978
01.182,-0.06464542,-0.03351985,9.771035
01.218,-0.05027977,-0.057462595,9.775824
01.256,-0.062251143,-0.04070267,9.77343
01.284,-0.08858817,-0.04070267,9.778218
01.316,-0.05027977,-0.05027977,9.783007
01.356,-0.05985687,-0.052674048,9.787795
01.383,-0.06943397,-0.05506832,9.79019
01.416,-0.06943397,-0.043096945,9.787795
01.454,-0.05027977,-0.047885496,9.775824
01.483,-0.05985687,-0.062251143,9.771035
01.516,-0.047885496,-0.043096945,9.77343
01.556,-0.05985687,-0.05027977,9.775824
01.582,-0.043096945,-0.052674048,9.79019
01.616,-0.062251143,-0.043096945,9.775824
01.655,-0.05506832,-0.05027977,9.778218
01.683,-0.076616794,-0.052674048,9.763853
01.716,-0.057462595,-0.043096945,9.768641
01.757,-0.06943397,-0.052674048,9.778218
01.783,-0.05985687,-0.028731298,9.783007
01.815,-0.0670397,-0.052674048,9.780613
01.855,-0.0670397,-0.038308397,9.783007
01.882,-0.05985687,-0.043096945,9.768641
01.923,-0.076616794,-0.047885496,9.780613
01.954,-0.05985687,-0.05027977,9.77343
01.994,-0.062251143,-0.035914123,9.775824
02.017,-0.062251143,-0.057462595,9.778218
02.055,-0.06943397,-0.038308397,9.759064
02.095,-0.071828246,-0.035914123,9.771035
02.123,-0.05985687,-0.045491222,9.778218
02.156,-0.062251143,-0.057462595,9.768641
02.184,-0.06464542,-0.043096945,9.771035
02.224,-0.071828246,-0.04070267,9.785401
02.255,-0.062251143,-0.028731298,9.771035
02.296,-0.07901107,-0.031125572,9.766247
02.322,-0.06943397,-0.06464542,9.766247
02.356,-0.05985687,-0.05027977,9.785401
02.395,-0.06943397,-0.052674048,9.778218
02.423,-0.076616794,-0.047885496,9.77343
02.456,-0.05506832,-0.038308397,9.783007
02.495,-0.06464542,-0.035914123,9.778218
02.524,-0.047885496,-0.052674048,9.778218
02.557,-0.062251143,-0.05506832,9.780613
02.596,-0.071828246,-0.047885496,9.780613
02.623,-0.06943397,-0.045491222,9.768641
02.656,-0.06464542,-0.047885496,9.783007
02.696,-0.062251143,-0.043096945,9.783007
02.723,-0.08858817,-0.043096945,9.787795
02.756,-0.06943397,-0.045491222,9.771035
02.797,-0.083799616,-0.045491222,9.778218
02.836,-0.071828246,-0.043096945,9.783007
02.862,-0.05985687,-0.031125572,9.771035
02.895,-0.052674048,-0.047885496,9.775824
02.936,-0.08140534,-0.05985687,9.77343
02.962,-0.052674048,-0.047885496,9.783007
02.996,-0.07901107,-0.05027977,9.778218
03.035,-0.06943397,-0.052674048,9.787795
03.062,-0.083799616,-0.05027977,9.775824
03.096,-0.057462595,-0.038308397,9.775824
03.136,-0.057462595,-0.06464542,9.768641
03.164,-0.057462595,-0.05027977,9.785401
03.198,-0.057462595,-0.057462595,9.775824
03.237,-0.062251143,-0.045491222,9.783007
03.264,-0.0670397,-0.047885496,9.775824
03.296,-0.05506832,-0.05027977,9.783007
03.337,-0.062251143,-0.062251143,9.77343
03.364,-0.057462595,-0.045491222,9.75667
03.396,-0.06943397,-0.052674048,9.775824
03.437,-0.07901107,-0.038308397,9.766247
03.463,-0.03351985,-0.031125572,9.775824
03.497,-0.05985687,-0.045491222,9.785401
03.538,-0.057462595,-0.057462595,9.778218
03.564,-0.04070267,-0.043096945,9.780613
03.598,-0.071828246,-0.03351985,9.761458
03.637,-0.05985687,-0.035914123,9.780613
03.664,-0.062251143,-0.04070267,9.79019
03.697,-0.05027977,-0.035914123,9.771035
03.737,-0.06943397,-0.05027977,9.792584
03.764,-0.047885496,-0.05027977,9.775824
03.803,-0.08619389,-0.04070267,9.771035
03.837,-0.05985687,-0.04070267,9.775824
03.875,-0.05985687,-0.045491222,9.787795
03.907,-0.071828246,-0.05506832,9.775824
03.936,-0.057462595,-0.03351985,9.780613
03.976,-0.062251143,-0.057462595,9.787795
04.003,-0.07901107,-0.03351985,9.785401
04.036,-0.062251143,-0.052674048,9.778218
04.075,-0.06943397,-0.043096945,9.780613
04.104,-0.06464542,-0.062251143,9.759064
04.137,-0.071828246,-0.047885496,9.780613
04.177,-0.07901107,-0.05506832,9.771035
04.203,-0.083799616,-0.047885496,9.792584
04.236,-0.057462595,-0.05506832,9.771035
04.277,-0.06943397,-0.038308397,9.775824
04.304,-0.05985687,-0.05985687,9.778218
04.337,-0.062251143,-0.047885496,9.778218
04.376,-0.052674048,-0.05027977,9.766247
04.404,-0.06464542,-0.05506832,9.778218
04.438,-0.07422252,-0.045491222,9.780613
04.476,-0.062251143,-0.05985687,9.771035
04.504,-0.062251143,-0.052674048,9.780613
04.537,-0.05985687,-0.05506832,9.775824
04.576,-0.052674048,-0.045491222,9.77343
04.604,-0.06943397,-0.038308397,9.780613
04.638,-0.07422252,-0.045491222,9.785401
04.677,-0.062251143,-0.043096945,9.775824
04.704,-0.07422252,-0.035914123,9.780613
04.744,-0.062251143,-0.043096945,9.785401
04.777,-0.07901107,-0.031125572,9.799767
04.817,-0.076616794,-0.057462595,9.778218
04.843,-0.05027977,-0.052674048,9.785401
04.876,-0.06464542,-0.045491222,9.785401
04.920,-0.06943397,-0.05985687,9.783007
04.943,-0.07422252,-0.026337024,9.79019
04.975,-0.062251143,-0.031125572,9.79019
05.016,-0.05506832,-0.031125572,9.780613
05.043,-0.06943397,-0.04070267,9.775824
05.076,-0.05985687,-0.045491222,9.775824
05.118,-0.076616794,-0.04070267,9.775824
05.144,-0.076616794,-0.05027977,9.787795
05.177,-0.05506832,-0.043096945,9.771035
05.217,-0.0670397,-0.04070267,9.778218
05.244,-0.07422252,-0.05027977,9.780613
05.276,-0.071828246,-0.05985687,9.783007
05.317,-0.07422252,-0.045491222,9.761458
05.345,-0.0670397,-0.038308397,9.783007
05.376,-0.06943397,-0.038308397,9.75667
05.417,-0.06464542,-0.057462595,9.783007
05.444,-0.05985687,-0.045491222,9.783007
05.484,-0.062251143,-0.047885496,9.77343
05.517,-0.052674048,-0.05506832,9.780613
05.544,-0.05506832,-0.04070267,9.780613
05.584,-0.06464542,-0.043096945,9.77343
05.617,-0.0670397,-0.04070267,9.77343
05.656,-0.05027977,-0.06464542,9.77343
05.684,-0.05506832,-0.052674048,9.766247
05.718,-0.062251143,-0.038308397,9.775824
05.757,-0.0670397,-0.05027977,9.77343
05.784,-0.062251143,-0.035914123,9.785401
05.817,-0.0670397,-0.052674048,9.77343
05.857,-0.06464542,-0.035914123,9.775824
05.884,-0.052674048,-0.045491222,9.763853
05.917,-0.06943397,-0.057462595,9.775824
05.955,-0.0670397,-0.047885496,9.780613
05.983,-0.0670397,-0.05027977,9.768641
06.018,-0.047885496,-0.045491222,9.778218
06.056,-0.0670397,-0.035914123,9.792584
06.082,-0.057462595,-0.05027977,9.766247
06.116,-0.06943397,-0.05985687,9.778218
06.156,-0.057462595,-0.035914123,9.771035
06.183,-0.06464542,-0.047885496,9.785401
06.223,-0.07901107,-0.04070267,9.771035
06.256,-0.05985687,-0.052674048,9.792584
06.296,-0.057462595,-0.043096945,9.775824
06.317,-0.0670397,-0.052674048,9.771035
06.357,-0.071828246,-0.045491222,9.799767
06.384,-0.052674048,-0.057462595,9.771035
06.424,-0.047885496,-0.03351985,9.780613
06.456,-0.0670397,-0.04070267,9.783007
06.496,-0.057462595,-0.038308397,9.77343
06.520,-0.0670397,-0.047885496,9.751882
06.557,-0.062251143,-0.03351985,9.768641
06.587,-0.05506832,-0.038308397,9.768641
06.624,-0.0670397,-0.047885496,9.778218
06.656,-0.052674048,-0.038308397,9.778218
06.696,-0.07901107,-0.05985687,9.783007
06.724,-0.052674048,-0.045491222,9.77343
06.757,-0.05506832,-0.062251143,9.775824
06.798,-0.06943397,-0.047885496,9.785401
06.823,-0.08140534,-0.05027977,9.775824
06.855,-0.076616794,-0.05027977,9.778218
06.897,-0.07422252,-0.04070267,9.771035
06.929,-0.06464542,-0.052674048,9.761458
06.962,-0.06464542,-0.043096945,9.771035
06.995,-0.07422252,-0.043096945,9.771035
07.023,-0.05985687,-0.035914123,9.771035
07.063,-0.062251143,-0.04070267,9.763853
07.095,-0.05985687,-0.045491222,9.778218
07.124,-0.06464542,-0.052674048,9.77343
07.157,-0.062251143,-0.057462595,9.775824
07.197,-0.07422252,-0.035914123,9.780613
07.224,-0.052674048,-0.028731298,9.771035
07.263,-0.057462595,-0.047885496,9.75667
07.296,-0.06464542,-0.043096945,9.768641
07.339,-0.06943397,-0.045491222,9.799767
07.363,-0.031125572,-0.031125572,9.783007
07.396,-0.076616794,-0.04070267,9.775824
07.437,-0.05985687,-0.045491222,9.794978
07.463,-0.071828246,-0.052674048,9.778218
07.497,-0.08140534,-0.057462595,9.771035
07.537,-0.07422252,-0.05506832,9.792584
07.564,-0.062251143,-0.038308397,9.792584
07.596,-0.071828246,-0.047885496,9.785401
07.638,-0.045491222,-0.0670397,9.771035
07.663,-0.0670397,-0.03351985,9.787795
07.696,-0.062251143,-0.047885496,9.768641
07.737,-0.06464542,-0.057462595,9.771035
07.764,-0.05985687,-0.04070267,9.778218
07.798,-0.07422252,-0.035914123,9.766247
07.836,-0.0670397,-0.026337024,9.763853
07.863,-0.07901107,-0.052674048,9.766247
07.896,-0.057462595,-0.05985687,9.77343
07.936,-0.06943397,-0.05027977,9.768641
07.975,-0.05506832,-0.047885496,9.744699
08.003,-0.05985687,-0.03351985,9.794978
08.036,-0.06943397,-0.06943397,9.77343
08.076,-0.0670397,-0.03351985,9.775824
08.104,-0.062251143,-0.047885496,9.766247
08.137,-0.07422252,-0.047885496,9.783007
08.177,-0.047885496,-0.045491222,9.763853
08.204,-0.062251143,-0.043096945,9.785401
08.238,-0.062251143,-0.057462595,9.77343
08.277,-0.045491222,-0.057462595,9.778218
08.306,-0.071828246,-0.071828246,9.787795
08.339,-0.071828246,-0.05027977,9.771035
08.377,-0.071828246,-0.05027977,9.783007
08.404,-0.05985687,-0.035914123,9.751882
08.437,-0.07422252,-0.05506832,9.754275
08.476,-0.045491222,-0.043096945,9.799767
08.503,-0.083799616,-0.057462595,9.783007
08.536,-0.047885496,-0.05506832,9.759064
08.577,-0.057462595,-0.06943397,9.780613
08.604,-0.05985687,-0.047885496,9.763853
08.637,-0.071828246,-0.04070267,9.77343
08.676,-0.06943397,-0.052674048,9.775824
08.704,-0.07422252,-0.038308397,9.775824
08.737,-0.071828246,-0.052674048,9.778218
08.778,-0.071828246,-0.03351985,9.780613
08.804,-0.06464542,-0.05027977,9.783007
08.843,-0.043096945,-0.05506832,9.780613
08.876,-0.05506832,-0.043096945,9.759064
08.916,-0.047885496,-0.031125572,9.768641
08.943,-0.04070267,-0.047885496,9.778218
08.975,-0.071828246,-0.05506832,9.778218
09.017,-0.05506832,-0.047885496,9.785401
09.043,-0.071828246,-0.05027977,9.775824
09.075,-0.052674048,-0.047885496,9.783007
09.117,-0.057462595,-0.05027977,9.775824
09.144,-0.06464542,-0.047885496,9.775824
09.177,-0.0670397,-0.052674048,9.783007
09.217,-0.071828246,-0.04070267,9.79019
09.244,-0.071828246,-0.05027977,9.783007
09.277,-0.07901107,-0.05027977,9.780613
09.317,-0.06464542,-0.043096945,9.775824
09.344,-0.0670397,-0.038308397,9.766247
09.377,-0.076616794,-0.047885496,9.778218
09.417,-0.06464542,-0.057462595,9.771035
09.444,-0.045491222,-0.05027977,9.783007
09.477,-0.05506832,-0.052674048,9.754275
09.516,-0.0670397,-0.021548472,9.763853
09.543,-0.06464542,-0.047885496,9.778218
09.589,-0.08858817,-0.045491222,9.780613
09.615,-0.06943397,-0.05506832,9.766247
09.656,-0.062251143,-0.04070267,9.792584
09.683,-0.07422252,-0.047885496,9.761458
09.716,-0.057462595,-0.0670397,9.780613
09.755,-0.08140534,-0.043096945,9.768641
09.783,-0.06464542,-0.052674048,9.766247
09.815,-0.06464542,-0.04070267,9.775824
09.855,-0.052674048,-0.03351985,9.768641
09.882,-0.062251143,-0.05506832,9.787795
09.916,-0.05506832,-0.045491222,9.79019
09.955,-0.062251143,-0.038308397,9.771035
09.982,-0.0670397,-0.05027977,9.759064
10.016,-0.0670397,-0.047885496,9.775824
10.055,-0.052674048,-0.047885496,9.771035
10.083,-0.08619389,-0.0670397,9.775824
10.117,-0.047885496,-0.038308397,9.77343
10.156,-0.071828246,-0.043096945,9.778218
10.183,-0.05506832,-0.047885496,9.768641
10.217,-0.06943397,-0.05506832,9.766247
10.256,-0.047885496,-0.05506832,9.778218
10.283,-0.0670397,-0.043096945,9.775824
10.316,-0.0670397,-0.04070267,9.761458
10.355,-0.076616794,-0.045491222,9.77343
10.385,-0.06464542,-0.045491222,9.775824
10.419,-0.071828246,-0.028731298,9.787795
10.458,-0.05985687,-0.05027977,9.780613
10.485,-0.0670397,-0.03351985,9.77343
10.517,-0.06464542,-0.04070267,9.763853
10.557,-0.08140534,-0.043096945,9.775824
10.585,-0.05506832,-0.028731298,9.761458
10.624,-0.06943397,-0.038308397,9.77343
10.658,-0.052674048,-0.04070267,9.783007
10.685,-0.07901107,-0.05506832,9.775824
10.724,-0.05027977,-0.062251143,9.771035
10.757,-0.08858817,-0.043096945,9.761458
10.797,-0.05985687,-0.052674048,9.75667
10.824,-0.07422252,-0.04070267,9.778218
10.856,-0.045491222,-0.05506832,9.787795
10.897,-0.06943397,-0.045491222,9.783007
10.924,-0.071828246,-0.047885496,9.792584
10.957,-0.07422252,-0.038308397,9.75667
10.998,-0.06464542,-0.04070267,9.783007
11.024,-0.057462595,-0.035914123,9.785401
11.057,-0.057462595,-0.06464542,9.77343
11.096,-0.06943397,-0.047885496,9.763853
11.123,-0.06943397,-0.05506832,9.771035
11.156,-0.05506832,-0.05027977,9.780613
11.197,-0.076616794,-0.05985687,9.775824
11.225,-0.07422252,-0.038308397,9.761458
11.257,-0.062251143,-0.038308397,9.768641
11.299,-0.05985687,-0.04070267,9.771035
11.324,-0.06464542,-0.057462595,9.780613
11.365,-0.05985687,-0.03351985,9.768641
11.398,-0.04070267,-0.043096945,9.780613
11.424,-0.057462595,-0.035914123,9.766247
11.466,-0.057462595,-0.045491222,9.780613
11.498,-0.07422252,-0.05027977,9.775824
11.525,-0.0670397,-0.052674048,9.766247
11.565,-0.057462595,-0.05027977,9.77343
11.597,-0.076616794,-0.04070267,9.775824
11.630,-0.04070267,-0.043096945,9.771035
11.664,-0.076616794,-0.031125572,9.792584
11.698,-0.057462595,-0.045491222,9.783007
11.737,-0.06943397,-0.038308397,9.79019
11.765,-0.04070267,-0.06464542,9.75667
11.797,-0.10055954,-0.019154198,9.792584
11.837,-0.05506832,-0.038308397,9.749487
11.864,-0.076616794,-0.023942748,9.780613
11.898,-0.057462595,-0.04070267,9.802161
11.937,-0.05506832,-0.038308397,9.785401
11.964,-0.04070267,-0.038308397,9.747093
11.996,-0.08858817,-0.038308397,9.785401
12.037,-0.047885496,-0.05027977,9.775824
12.064,-0.07422252,-0.06464542,9.780613
12.096,-0.05506832,-0.043096945,9.763853
12.137,-0.05506832,-0.038308397,9.787795
12.165,-0.062251143,-0.035914123,9.763853
12.204,-0.05985687,-0.057462595,9.768641
12.238,-0.05985687,-0.038308397,9.778218
12.264,-0.06943397,-0.035914123,9.785401
12.304,-0.07422252,-0.04070267,9.778218
12.337,-0.05027977,-0.057462595,9.766247
12.379,-0.0670397,-0.043096945,9.775824
12.405,-0.05506832,-0.04070267,9.761458
12.438,-0.05985687,-0.043096945,9.778218
12.477,-0.057462595,-0.031125572,9.768641
12.505,-0.06464542,-0.045491222,9.77343
12.539,-0.043096945,-0.04070267,9.751882
12.577,-0.07901107,-0.045491222,9.792584
12.604,-0.06464542,-0.045491222,9.771035
12.637,-0.06943397,-0.052674048,9.77343
12.677,-0.057462595,-0.05506832,9.77343
12.704,-0.071828246,-0.05506832,9.759064
12.739,-0.05506832,-0.038308397,9.75667
12.768,-0.07901107,-0.05506832,9.766247
12.805,-0.047885496,-0.038308397,9.771035
12.839,-0.071828246,-0.05027977,9.763853
12.878,-0.0670397,-0.045491222,9.763853
12.905,-0.071828246,-0.038308397,9.778218
12.939,-0.06464542,-0.05027977,9.77343
12.978,-0.05985687,-0.05027977,9.766247
13.004,-0.057462595,-0.04070267,9.780613
13.037,-0.076616794,-0.045491222,9.77343
13.078,-0.05027977,-0.045491222,9.77343
13.105,-0.062251143,-0.047885496,9.763853
13.145,-0.057462595,-0.057462595,9.766247
13.177,-0.05506832,-0.047885496,9.771035
13.206,-0.062251143,-0.062251143,9.75667
13.239,-0.05985687,-0.035914123,9.771035
13.278,-0.07422252,-0.05027977,9.775824
13.318,-0.05506832,-0.038308397,9.759064
13.345,-0.06464542,-0.047885496,9.778218
13.378,-0.0670397,-0.043096945,9.775824
13.417,-0.045491222,-0.038308397,9.759064
13.445,-0.06464542,-0.03351985,9.763853
13.477,-0.062251143,-0.038308397,9.778218
13.518,-0.04070267,-0.035914123,9.778218
13.544,-0.06464542,-0.03351985,9.766247
13.579,-0.052674048,-0.035914123,9.783007
13.618,-0.06464542,-0.05027977,9.780613
13.645,-0.071828246,-0.047885496,9.775824
13.677,-0.05506832,-0.04070267,9.77343
13.717,-0.05985687,-0.04070267,9.761458
13.745,-0.076616794,-0.03351985,9.768641
13.777,-0.047885496,-0.05506832,9.761458
13.819,-0.071828246,-0.0670397,9.780613
13.844,-0.057462595,-0.06464542,9.787795
13.877,-0.05506832,-0.05985687,9.783007
13.918,-0.0670397,-0.052674048,9.75667
13.944,-0.052674048,-0.06943397,9.771035
13.984,-0.047885496,-0.062251143,9.763853
14.016,-0.0670397,-0.045491222,9.778218
14.057,-0.04070267,-0.05985687,9.771035
14.084,-0.0670397,-0.05506832,9.768641
14.117,-0.05985687,-0.05027977,9.771035
14.158,-0.062251143,-0.04070267,9.780613
14.184,-0.047885496,-0.04070267,9.766247
14.217,-0.076616794,-0.028731298,9.763853
14.257,-0.035914123,-0.023942748,9.778218
14.284,-0.06464542,-0.05506832,9.780613
14.318,-0.045491222,-0.052674048,9.771035
14.359,-0.05985687,-0.023942748,9.792584
14.385,-0.045491222,-0.05027977,9.775824
14.418,-0.052674048,-0.05027977,9.77343
14.457,-0.05985687,-0.06464542,9.775824
14.485,-0.0670397,-0.031125572,9.763853
14.518,-0.038308397,-0.047885496,9.77343
14.557,-0.062251143,-0.047885496,9.763853
14.586,-0.05985687,-0.052674048,9.761458
14.618,-0.06464542,-0.043096945,9.771035
14.658,-0.07901107,-0.05506832,9.783007
14.685,-0.047885496,-0.04070267,9.778218
14.718,-0.0670397,-0.045491222,9.783007
14.758,-0.047885496,-0.04070267,9.77343
14.784,-0.06464542,-0.047885496,9.79019
14.824,-0.0670397,-0.04070267,9.775824
14.856,-0.062251143,-0.016759925,9.775824
14.885,-0.057462595,-0.052674048,9.778218
14.924,-0.06464542,-0.04070267,9.751882
14.957,-0.0670397,-0.035914123,9.778218
14.997,-0.0670397,-0.090982445,9.79019
15.024,-0.08140534,-0.062251143,9.778218
15.057,-0.06943397,0.009577099,9.778218
15.096,-0.08619389,-0.10055954,9.79019
15.125,-0.031125572,-0.098165266,9.754275
15.159,-0.102953814,-0.0670397,9.79019
15.198,-0.038308397,-0.026337024,9.763853
15.226,-0.08619389,-0.031125572,9.794978
15.262,-0.031125572,-0.045491222,9.77343
15.299,-0.06943397,-0.035914123,9.783007
15.326,-0.043096945,-0.03351985,9.775824
15.359,-0.07901107,-0.023942748,9.771035
15.399,-0.06464542,-0.05985687,9.768641
15.425,-0.071828246,-0.045491222,9.783007
15.458,-0.0670397,-0.047885496,9.771035
15.498,-0.052674048,-0.031125572,9.787795
15.526,-0.052674048,-0.03351985,9.780613
15.558,-0.05027977,-0.038308397,9.763853
15.599,-0.07422252,-0.05027977,9.768641
15.627,-0.06464542,-0.047885496,9.771035
15.659,-0.071828246,-0.05027977,9.771035
15.699,-0.05506832,-0.03351985,9.785401
15.726,-0.06943397,-0.038308397,9.768641
15.766,-0.05506832,-0.045491222,9.783007
15.800,-0.05985687,-0.047885496,9.785401
15.833,-0.0670397,-0.05985687,9.775824
15.867,-0.052674048,-0.038308397,9.768641
15.899,-0.06464542,-0.043096945,9.771035
15.927,-0.07422252,-0.05506832,9.771035
15.966,-0.062251143,-0.045491222,9.783007
15.998,-0.052674048,-0.047885496,9.775824
16.038,-0.071828246,-0.057462595,9.785401
16.066,-0.05985687,-0.043096945,9.775824
16.098,-0.071828246,-0.038308397,9.775824
16.139,-0.05506832,-0.062251143,9.780613
16.166,-0.06464542,-0.05506832,9.775824
16.199,-0.083799616,-0.035914123,9.787795
16.239,-0.076616794,-0.05027977,9.792584
16.267,-0.05985687,-0.06464542,9.77343
16.299,-0.057462595,-0.06943397,9.768641
16.341,-0.05506832,-0.043096945,9.761458
16.367,-0.071828246,-0.052674048,9.768641
16.400,-0.071828246,-0.026337024,9.754275
16.440,-0.071828246,-0.043096945,9.754275
16.466,-0.06464542,-0.057462595,9.771035
16.500,-0.047885496,-0.052674048,9.77343
16.539,-0.043096945,-0.045491222,9.761458
16.567,-0.06464542,-0.035914123,9.775824
16.600,-0.05027977,-0.047885496,9.761458
16.640,-0.07901107,-0.043096945,9.763853
16.667,-0.05985687,-0.035914123,9.775824
16.702,-0.071828246,-0.052674048,9.763853
16.739,-0.05027977,-0.05985687,9.759064
16.767,-0.06943397,-0.035914123,9.763853
16.800,-0.038308397,-0.045491222,9.771035
16.839,-0.047885496,-0.035914123,9.785401
16.879,-0.06464542,-0.043096945,9.771035
16.906,-0.052674048,-0.052674048,9.771035
16.938,-0.038308397,-0.057462595,9.768641
16.981,-0.062251143,-0.052674048,9.780613
17.007,-0.05985687,-0.052674048,9.775824
17.040,-0.05985687,-0.05027977,9.780613
17.079,-0.062251143,-0.047885496,9.761458
17.107,-0.071828246,-0.038308397,9.763853
17.140,-0.047885496,-0.04070267,9.778218
17.180,-0.062251143,-0.0670397,9.77343
17.207,-0.071828246,-0.03351985,9.761458
17.241,-0.03351985,-0.04070267,9.775824
17.280,-0.0670397,-0.05027977,9.761458
17.308,-0.057462595,-0.047885496,9.775824
17.340,-0.05985687,-0.043096945,9.77343
17.380,-0.07901107,-0.05506832,9.763853
17.407,-0.05985687,-0.045491222,9.763853
17.440,-0.083799616,-0.038308397,9.780613
17.478,-0.07422252,-0.052674048,9.775824
17.507,-0.07901107,-0.05506832,9.761458
17.540,-0.052674048,-0.038308397,9.763853
17.579,-0.07422252,-0.05027977,9.768641
17.607,-0.043096945,-0.0670397,9.763853
17.640,-0.052674048,-0.047885496,9.785401
17.679,-0.05027977,-0.047885496,9.775824
17.720,-0.047885496,-0.043096945,9.771035
17.742,-0.06464542,-0.043096945,9.778218
17.782,-0.0670397,-0.05506832,9.763853
17.819,-0.06943397,-0.05985687,9.763853
17.848,-0.062251143,-0.043096945,9.77343
17.878,-0.076616794,-0.045491222,9.768641
17.918,-0.052674048,-0.043096945,9.787795
17.946,-0.05027977,-0.038308397,9.77343
17.979,-0.08619389,-0.052674048,9.771035
18.019,-0.05985687,-0.035914123,9.775824
18.046,-0.05985687,-0.04070267,9.783007
18.078,-0.057462595,-0.028731298,9.780613
18.119,-0.06464542,-0.045491222,9.785401
18.147,-0.071828246,-0.05027977,9.771035
18.179,-0.06464542,-0.035914123,9.783007
18.219,-0.05985687,-0.043096945,9.775824
18.247,-0.043096945,-0.026337024,9.778218
18.279,-0.062251143,-0.038308397,9.77343
18.320,-0.062251143,-0.038308397,9.79019
18.346,-0.06464542,-0.031125572,9.783007
18.387,-0.071828246,-0.05027977,9.794978
18.420,-0.052674048,-0.035914123,9.768641
18.459,-0.08858817,-0.04070267,9.780613
18.482,-0.052674048,-0.05027977,9.775824
18.519,-0.05027977,-0.057462595,9.766247
18.559,-0.05027977,-0.031125572,9.787795
18.588,-0.071828246,-0.026337024,9.75667
18.621,-0.05027977,-0.05506832,9.761458
18.660,-0.071828246,-0.043096945,9.775824
18.686,-0.0670397,-0.04070267,9.771035
18.720,-0.05985687,-0.052674048,9.77343
18.759,-0.0670397,-0.05027977,9.763853
18.787,-0.07901107,-0.052674048,9.783007
18.818,-0.05985687,-0.05985687,9.77343
18.859,-0.05985687,-0.038308397,9.766247
18.886,-0.038308397,-0.038308397,9.771035
18.919,-0.06464542,-0.04070267,9.778218
18.958,-0.05506832,-0.057462595,9.775824
18.987,-0.0670397,-0.04070267,9.763853
19.020,-0.05985687,-0.045491222,9.783007
19.060,-0.05027977,-0.035914123,9.780613
19.086,-0.06464542,-0.05027977,9.77343
19.120,-0.0670397,-0.05027977,9.778218
19.160,-0.052674048,-0.05027977,9.761458
19.187,-0.071828246,-0.045491222,9.754275
19.222,-0.08619389,-0.038308397,9.780613
19.259,-0.031125572,-0.047885496,9.761458
19.299,-0.057462595,-0.05027977,9.77343
19.320,-0.071828246,-0.04070267,9.780613
19.360,-0.07422252,-0.04070267,9.778218
19.399,-0.062251143,-0.047885496,9.766247
19.427,-0.06464542,-0.031125572,9.766247
19.460,-0.05027977,-0.03351985,9.778218
19.500,-0.06464542,-0.052674048,9.768641
19.528,-0.062251143,-0.03351985,9.787795
19.559,-0.043096945,-0.038308397,9.794978
19.599,-0.06943397,-0.057462595,9.780613
19.627,-0.045491222,-0.045491222,9.766247
19.659,-0.045491222,-0.038308397,9.79019
19.700,-0.05027977,-0.04070267,9.780613
19.727,-0.07901107,-0.052674048,9.77343
19.761,-0.0670397,-0.05506832,9.744699
19.800,-0.07422252,-0.04070267,9.780613
19.827,-0.06943397,-0.043096945,9.771035
19.859,-0.057462595,-0.031125572,9.787795
19.898,-0.0670397,-0.05027977,9.787795
19.926,-0.06464542,-0.05027977,9.763853
19.959,-0.07422252,-0.028731298,9.775824
19.998,-0.05027977,-0.04070267,9.771035
20.027,-0.043096945,-0.06464542,9.79019
20.067,-0.06943397,-0.03351985,9.771035
20.100,-0.071828246,-0.05506832,9.780613
20.127,-0.052674048,-0.031125572,9.780613
20.160,-0.076616794,-0.04070267,9.771035
20.200,-0.071828246,-0.047885496,9.766247
20.228,-0.076616794,-0.04070267,9.79019
20.267,-0.057462595,-0.05027977,9.780613
20.300,-0.05506832,-0.031125572,9.778218
20.340,-0.047885496,-0.05027977,9.775824
20.366,-0.08619389,-0.057462595,9.792584
20.400,-0.05506832,-0.052674048,9.778218
20.440,-0.05985687,-0.03351985,9.77343
20.467,-0.0670397,-0.047885496,9.778218
20.499,-0.07422252,-0.052674048,9.75667
20.540,-0.06464542,-0.05506832,9.775824
20.566,-0.05506832,-0.05985687,9.783007
20.599,-0.05027977,-0.038308397,9.771035
20.641,-0.06943397,-0.052674048,9.77343
20.667,-0.05027977,-0.043096945,9.77343
20.699,-0.057462595,-0.026337024,9.77343
20.740,-0.052674048,-0.028731298,9.766247
20.768,-0.071828246,-0.047885496,9.771035
20.799,-0.05985687,-0.019154198,9.768641
20.839,-0.08858817,-0.03351985,9.792584
20.880,-0.043096945,-0.052674048,9.759064
20.906,-0.07422252,-0.045491222,9.771035
20.938,-0.062251143,-0.035914123,9.778218
20.978,-0.076616794,-0.035914123,9.787795
21.007,-0.062251143,-0.031125572,9.775824
21.039,-0.047885496,-0.038308397,9.763853
21.078,-0.05985687,-0.05027977,9.77343
21.106,-0.06464542,-0.047885496,9.77343
21.139,-0.05027977,-0.052674048,9.761458
21.178,-0.06943397,-0.0670397,9.766247
21.207,-0.05985687,-0.047885496,9.783007
21.240,-0.05985687,-0.043096945,9.787795
21.279,-0.0670397,-0.038308397,9.763853
21.306,-0.06464542,-0.05027977,9.792584
21.339,-0.062251143,-0.03351985,9.780613
21.378,-0.05506832,-0.038308397,9.766247
21.406,-0.0670397,-0.04070267,9.783007
21.440,-0.062251143,-0.052674048,9.77343
21.478,-0.06943397,-0.047885496,9.766247
21.506,-0.062251143,-0.071828246,9.785401
21.539,-0.071828246,-0.047885496,9.79019
21.579,-0.047885496,-0.031125572,9.780613
21.606,-0.06943397,-0.047885496,9.768641
21.641,-0.05506832,-0.028731298,9.763853
21.679,-0.062251143,-0.05506832,9.77343
21.706,-0.05506832,-0.045491222,9.778218
21.741,-0.06943397,-0.05506832,9.768641
21.779,-0.07422252,-0.045491222,9.766247
21.823,-0.05506832,-0.05506832,9.761458
21.840,-0.08140534,-0.05985687,9.778218
21.879,-0.06943397,-0.05027977,9.771035
21.919,-0.06464542,-0.045491222,9.75667
21.946,-0.057462595,-0.057462595,9.79019
21.978,-0.047885496,-0.05027977,9.79019
22.019,-0.05506832,-0.05985687,9.77343
22.048,-0.071828246,-0.06464542,9.766247
22.079,-0.057462595,-0.052674048,9.785401
22.118,-0.05506832,-0.04070267,9.77343
22.146,-0.043096945,-0.045491222,9.792584
22.178,-0.057462595,-0.05027977,9.775824
22.219,-0.052674048,-0.05506832,9.778218
22.246,-0.062251143,-0.062251143,9.77343
22.279,-0.06464542,-0.047885496,9.771035
22.318,-0.06943397,-0.052674048,9.794978
22.346,-0.071828246,-0.052674048,9.783007
22.380,-0.062251143,-0.03351985,9.761458
22.419,-0.062251143,-0.043096945,9.780613
22.448,-0.0670397,-0.05027977,9.754275
22.480,-0.06464542,-0.043096945,9.778218
22.519,-0.07422252,-0.057462595,9.783007
22.547,-0.0670397,-0.03351985,9.775824
22.580,-0.071828246,-0.028731298,9.766247
22.621,-0.06943397,-0.045491222,9.771035
22.648,-0.045491222,-0.043096945,9.771035
22.680,-0.071828246,-0.05985687,9.79019
22.720,-0.05506832,-0.047885496,9.768641
22.759,-0.057462595,-0.047885496,9.766247
22.787,-0.06464542,-0.04070267,9.780613
22.820,-0.076616794,-0.038308397,9.783007
22.860,-0.06464542,-0.028731298,9.77343
22.887,-0.0670397,-0.04070267,9.778218
22.919,-0.076616794,-0.05027977,9.75667
22.958,-0.057462595,-0.043096945,9.775824
22.985,-0.07422252,-0.05506832,9.785401
23.018,-0.076616794,-0.05027977,9.775824
23.059,-0.06943397,-0.03351985,9.771035
23.088,-0.071828246,-0.047885496,9.763853
23.118,-0.057462595,-0.057462595,9.77343
23.159,-0.0670397,-0.043096945,9.761458
23.186,-0.062251143,-0.05506832,9.780613
23.219,-0.043096945,-0.05506832,9.771035
23.260,-0.05985687,-0.05506832,9.759064
23.290,-0.0670397,-0.038308397,9.77343
23.320,-0.06943397,-0.05027977,9.77343
23.361,-0.0670397,-0.043096945,9.778218
23.387,-0.06943397,-0.043096945,9.775824
23.421,-0.06464542,-0.05027977,9.768641
23.460,-0.06464542,-0.05506832,9.785401
23.487,-0.06943397,-0.052674048,9.75667
23.526,-0.05506832,-0.05506832,9.754275
23.559,-0.071828246,-0.05027977,9.761458
23.600,-0.06943397,-0.03351985,9.771035
23.626,-0.07901107,-0.043096945,9.768641
23.661,-0.071828246,-0.043096945,9.763853
23.699,-0.043096945,-0.057462595,9.775824
23.727,-0.05027977,-0.047885496,9.778218
23.760,-0.06464542,-0.03351985,9.759064
23.799,-0.062251143,-0.062251143,9.785401
23.823,-0.05985687,-0.035914123,9.771035
23.862,-0.057462595,-0.05027977,9.754275
23.898,-0.06943397,-0.038308397,9.771035
23.926,-0.05027977,-0.05027977,9.763853
23.958,-0.047885496,-0.057462595,9.778218
23.999,-0.062251143,-0.045491222,9.768641
24.026,-0.057462595,-0.045491222,9.775824
24.059,-0.05027977,-0.043096945,9.766247
24.098,-0.071828246,-0.04070267,9.783007
24.127,-0.05506832,-0.05027977,9.771035
24.160,-0.06943397,-0.05027977,9.783007
24.200,-0.05985687,-0.045491222,9.75667
24.226,-0.071828246,-0.052674048,9.778218
24.266,-0.043096945,-0.04070267,9.763853
24.299,-0.05506832,-0.05027977,9.771035
24.339,-0.07422252,-0.038308397,9.768641
24.360,-0.057462595,-0.06464542,9.77343
24.399,-0.05027977,-0.062251143,9.775824
24.441,-0.05027977,-0.04070267,9.77343
24.467,-0.062251143,-0.045491222,9.768641
24.499,-0.071828246,-0.043096945,9.778218
24.540,-0.052674048,-0.05027977,9.775824
24.567,-0.05506832,-0.05027977,9.768641
24.600,-0.07422252,-0.05506832,9.77343
24.639,-0.0670397,-0.062251143,9.783007
24.667,-0.062251143,-0.05027977,9.780613
24.699,-0.076616794,-0.038308397,9.780613
24.739,-0.06464542,-0.05506832,9.763853
24.767,-0.062251143,-0.04070267,9.780613
24.800,-0.105348095,-0.07422252,9.72315
24.839,-0.045491222,-0.047885496,9.783007
24.865,-0.057462595,-0.047885496,9.761458
24.909,-0.07422252,-0.038308397,9.768641
24.944,-0.05506832,-0.028731298,9.778218
24.967,-0.062251143,-0.019154198,9.775824
25.005,-0.052674048,-0.062251143,9.771035
25.038,-0.062251143,-0.05027977,9.747093
25.066,-0.05985687,-0.043096945,9.751882
25.100,-0.05506832,-0.043096945,9.775824
25.138,-0.06943397,-0.052674048,9.761458
25.182,-0.05985687,-0.05027977,9.780613
25.205,-0.0670397,-0.04070267,9.763853
25.238,-0.062251143,-0.052674048,9.775824
25.278,-0.05506832,-0.05027977,9.778218
25.306,-0.057462595,-0.047885496,9.768641
25.339,-0.06943397,-0.047885496,9.771035
25.378,-0.06464542,-0.062251143,9.763853
25.406,-0.047885496,-0.04070267,9.77343
25.438,-0.043096945,-0.05506832,9.763853
25.478,-0.07422252,-0.043096945,9.787795
25.506,-0.057462595,-0.038308397,9.77343
25.538,-0.071828246,-0.057462595,9.768641
25.577,-0.06464542,-0.047885496,9.775824
25.605,-0.06943397,-0.045491222,9.771035
25.638,-0.047885496,-0.031125572,9.771035
25.678,-0.062251143,-0.057462595,9.766247
25.705,-0.05985687,-0.04070267,9.771035
25.739,-0.045491222,-0.043096945,9.763853
25.778,-0.062251143,-0.052674048,9.751882
25.807,-0.062251143,-0.05985687,9.771035
25.839,-0.045491222,-0.043096945,9.759064
25.878,-0.06464542,-0.043096945,9.77343
25.906,-0.06943397,-0.052674048,9.775824
25.940,-0.057462595,-0.05506832,9.759064
25.978,-0.07422252,-0.026337024,9.778218
26.018,-0.057462595,-0.045491222,9.771035
26.045,-0.06943397,-0.038308397,9.761458
26.077,-0.05985687,-0.052674048,9.778218
26.122,-0.071828246,-0.043096945,9.761458
26.146,-0.05985687,-0.05506832,9.775824
26.178,-0.07422252,-0.05506832,9.771035
26.218,-0.043096945,-0.052674048,9.780613
26.246,-0.062251143,-0.05027977,9.763853
26.279,-0.05506832,-0.05027977,9.783007
26.319,-0.06943397,-0.052674048,9.780613
26.346,-0.07901107,-0.043096945,9.766247
26.379,-0.05027977,-0.052674048,9.771035
26.420,-0.05506832,-0.05027977,9.761458
26.446,-0.08140534,-0.04070267,9.775824
26.481,-0.05985687,-0.057462595,9.783007
26.519,-0.057462595,-0.05506832,9.783007
26.546,-0.0670397,-0.04070267,9.754275
26.578,-0.06464542,-0.05506832,9.778218
26.619,-0.06464542,-0.035914123,9.780613
26.645,-0.038308397,-0.04070267,9.778218
26.686,-0.05027977,-0.043096945,9.771035
26.718,-0.062251143,-0.045491222,9.783007
26.746,-0.076616794,-0.062251143,9.794978
26.786,-0.07422252,-0.05027977,9.780613
26.818,-0.06943397,-0.04070267,9.799767
26.859,-0.076616794,-0.04070267,9.794978
26.886,-0.047885496,-0.043096945,9.775824
26.918,-0.08140534,-0.038308397,9.780613
26.959,-0.047885496,-0.047885496,9.768641
26.985,-0.06943397,-0.047885496,9.792584
27.019,-0.045491222,-0.045491222,9.775824
27.059,-0.071828246,-0.038308397,9.771035
27.089,-0.05985687,-0.03351985,9.778218
27.118,-0.07422252,-0.045491222,9.780613
27.160,-0.057462595,-0.043096945,9.768641
27.185,-0.062251143,-0.06943397,9.766247
27.218,-0.052674048,-0.038308397,9.759064
27.259,-0.07901107,-0.052674048,9.787795
27.286,-0.05985687,-0.057462595,9.771035
27.319,-0.07422252,-0.057462595,9.77343
27.361,-0.05985687,-0.05506832,9.766247
27.387,-0.07422252,-0.031125572,9.759064
27.423,-0.057462595,-0.052674048,9.778218
27.461,-0.07901107,-0.028731298,9.768641
27.487,-0.07422252,-0.047885496,9.766247
27.519,-0.07422252,-0.043096945,9.768641
27.559,-0.05027977,-0.052674048,9.75667
27.587,-0.052674048,-0.052674048,9.771035
27.627,-0.06464542,-0.047885496,9.771035
27.659,-0.076616794,-0.05027977,9.763853
27.699,-0.057462595,-0.045491222,9.759064
27.727,-0.06943397,-0.045491222,9.771035
27.758,-0.06464542,-0.047885496,9.768641
27.789,-0.071828246,-0.043096945,9.778218
27.826,-0.052674048,-0.038308397,9.792584
27.862,-0.083799616,-0.043096945,9.763853
27.891,-0.05985687,-0.047885496,9.771035
27.924,-0.06464542,-0.047885496,9.766247
27.960,-0.06464542,-0.038308397,9.77343
28.000,-0.047885496,-0.035914123,9.766247
28.028,-0.06464542,-0.03351985,9.771035
28.058,-0.08140534,-0.045491222,9.766247
28.100,-0.06464542,-0.047885496,9.775824
28.126,-0.06464542,-0.045491222,9.768641
28.160,-0.045491222,-0.045491222,9.761458
28.200,-0.0670397,-0.038308397,9.792584
28.226,-0.06464542,-0.052674048,9.792584
28.259,-0.071828246,-0.05506832,9.785401
28.298,-0.057462595,-0.05985687,9.780613
28.326,-0.08619389,-0.045491222,9.778218
28.366,-0.06943397,-0.057462595,9.77343
28.401,-0.05985687,-0.035914123,9.771035
28.427,-0.07422252,-0.038308397,9.77343
28.460,-0.057462595,-0.047885496,9.778218
28.500,-0.06464542,-0.045491222,9.768641
28.528,-0.05985687,-0.05027977,9.785401
28.561,-0.06464542,-0.035914123,9.771035
28.601,-0.06943397,-0.045491222,9.775824
28.628,-0.057462595,-0.043096945,9.783007
28.662,-0.071828246,-0.035914123,9.787795
28.701,-0.07901107,-0.07422252,9.79019
28.728,-0.047885496,-0.052674048,9.797373
28.762,-0.06943397,-0.05506832,9.780613
28.800,-0.057462595,-0.05027977,9.754275
28.841,-0.08140534,-0.038308397,9.761458
28.867,-0.057462595,-0.035914123,9.75667
28.901,-0.06943397,-0.045491222,9.783007
28.939,-0.05985687,-0.045491222,9.766247
28.966,-0.07901107,-0.052674048,9.766247
29.001,-0.071828246,-0.04070267,9.785401
29.039,-0.09337672,-0.05985687,9.744699
29.066,-0.05506832,-0.05027977,9.771035
29.099,-0.06943397,-0.043096945,9.797373
29.139,-0.057462595,-0.03351985,9.79019
29.166,-0.06943397,-0.043096945,9.775824
29.199,-0.062251143,-0.04070267,9.763853
29.239,-0.0670397,-0.057462595,9.766247
29.266,-0.057462595,-0.045491222,9.766247
29.308,-0.06464542,-0.038308397,9.780613
29.340,-0.062251143,-0.05985687,9.763853
29.380,-0.09577099,-0.038308397,9.77343
29.400,-0.06943397,-0.031125572,9.763853
29.439,-0.062251143,-0.04070267,9.771035
29.480,-0.07901107,-0.04070267,9.785401
29.507,-0.06464542,-0.03351985,9.79019
29.541,-0.045491222,-0.052674048,9.771035
29.579,-0.08140534,-0.031125572,9.79019
29.608,-0.05027977,-0.045491222,9.768641
29.640,-0.062251143,-0.038308397,9.783007
29.680,-0.062251143,-0.0670397,9.775824
29.707,-0.057462595,-0.045491222,9.780613
29.740,-0.052674048,-0.043096945,9.77343
29.779,-0.071828246,-0.05985687,9.778218
29.807,-0.057462595,-0.052674048,9.768641
29.841,-0.07422252,-0.047885496,9.768641
29.882,-0.05506832,-0.045491222,9.77343
29.909,-0.05985687,-0.05985687,9.766247
29.941,-0.06943397,-0.04070267,9.763853
29.979,-0.062251143,-0.05506832,9.775824
30.007,-0.062251143,-0.05027977,9.771035
30.039,-0.057462595,-0.05027977,9.778218
30.081,-0.071828246,-0.03351985,9.787795
30.107,-0.071828246,-0.05985687,9.778218
30.140,-0.0670397,-0.047885496,9.775824
30.179,-0.052674048,-0.047885496,9.768641
30.208,-0.062251143,-0.038308397,9.783007
30.241,-0.057462595,-0.047885496,9.780613
30.279,-0.07901107,-0.045491222,9.768641
30.319,-0.062251143,-0.043096945,9.768641
30.341,-0.057462595,-0.03351985,9.768641
30.380,-0.0670397,-0.052674048,9.766247
30.420,-0.06464542,-0.045491222,9.785401
30.447,-0.057462595,-0.06464542,9.783007
30.480,-0.062251143,-0.057462595,9.77343
30.520,-0.06943397,-0.057462595,9.775824
30.547,-0.076616794,-0.05506832,9.775824
30.583,-0.052674048,-0.052674048,9.778218
30.622,-0.0670397,-0.035914123,9.771035
30.648,-0.0670397,-0.038308397,9.783007
30.681,-0.0670397,-0.04070267,9.775824
30.721,-0.06943397,-0.045491222,9.778218
30.749,-0.071828246,-0.038308397,9.775824
30.781,-0.0670397,-0.05027977,9.759064
30.819,-0.07901107,-0.057462595,9.778218
30.849,-0.052674048,-0.06464542,9.77343
30.883,-0.07422252,-0.05506832,9.802161
30.920,-0.031125572,-0.043096945,9.783007
30.946,-0.062251143,-0.052674048,9.77343
30.986,-0.047885496,-0.052674048,9.763853
31.019,-0.09337672,-0.04070267,9.79019
31.059,-0.062251143,-0.038308397,9.775824
31.086,-0.08140534,-0.043096945,9.768641
31.119,-0.047885496,-0.071828246,9.771035
31.160,-0.062251143,-0.031125572,9.77343
31.187,-0.043096945,-0.05506832,9.763853
31.220,-0.057462595,-0.057462595,9.77343
31.259,-0.06943397,-0.045491222,9.77343
31.286,-0.071828246,-0.05506832,9.775824
31.319,-0.05506832,-0.043096945,9.785401
31.359,-0.08858817,-0.045491222,9.763853
31.387,-0.052674048,-0.047885496,9.778218
31.420,-0.08140534,-0.031125572,9.775824
31.460,-0.057462595,-0.035914123,9.761458
31.487,-0.0670397,-0.035914123,9.780613
31.521,-0.062251143,-0.038308397,9.79019
31.560,-0.071828246,-0.052674048,9.768641
31.586,-0.071828246,-0.045491222,9.766247
31.620,-0.06464542,-0.052674048,9.771035
31.659,-0.0670397,-0.047885496,9.771035
31.687,-0.057462595,-0.043096945,9.766247
31.719,-0.071828246,-0.043096945,9.768641
31.759,-0.07901107,-0.028731298,9.771035
31.787,-0.07901107,-0.05027977,9.761458
31.826,-0.057462595,-0.03351985,9.763853
31.860,-0.08140534,-0.047885496,9.768641
31.887,-0.05506832,-0.045491222,9.783007
31.920,-0.06943397,-0.038308397,9.787795
31.959,-0.06943397,-0.05985687,9.778218
31.988,-0.05985687,-0.04070267,9.778218
32.026,-0.06943397,-0.045491222,9.768641
32.060,-0.05985687,-0.05506832,9.766247
32.100,-0.062251143,-0.047885496,9.79019
32.127,-0.071828246,-0.045491222,9.771035
32.161,-0.035914123,-0.035914123,9.79019
32.199,-0.06943397,-0.043096945,9.778218
32.229,-0.0670397,-0.04070267,9.759064
32.260,-0.062251143,-0.05985687,9.775824
32.301,-0.05506832,-0.043096945,9.79019
32.327,-0.057462595,-0.04070267,9.778218
32.361,-0.047885496,-0.045491222,9.761458
32.399,-0.05985687,-0.028731298,9.761458
32.428,-0.06464542,-0.043096945,9.787795
32.461,-0.0670397,-0.05985687,9.771035
32.501,-0.052674048,-0.05027977,9.77343
32.529,-0.0670397,-0.035914123,9.775824
32.560,-0.06943397,-0.05985687,9.778218
32.601,-0.0670397,-0.047885496,9.780613
32.628,-0.071828246,-0.06943397,9.759064
32.660,-0.06464542,-0.06464542,9.771035
32.702,-0.045491222,-0.057462595,9.759064
32.728,-0.05985687,-0.043096945,9.778218
32.767,-0.0670397,-0.035914123,9.775824
32.798,-0.047885496,-0.028731298,9.763853
32.840,-0.05506832,-0.045491222,9.794978
32.866,-0.057462595,-0.028731298,9.759064
32.901,-0.06943397,-0.043096945,9.783007
32.939,-0.052674048,-0.045491222,9.771035
32.966,-0.08619389,-0.05506832,9.79019
32.999,-0.043096945,-0.0670397,9.77343
33.039,-0.05985687,-0.045491222,9.792584
33.066,-0.06464542,-0.043096945,9.780613
33.099,-0.071828246,-0.04070267,9.780613
33.139,-0.07901107,-0.05027977,9.797373
33.166,-0.0670397,-0.031125572,9.771035
33.199,-0.07422252,-0.031125572,9.775824
33.240,-0.05985687,-0.052674048,9.794978
33.266,-0.07422252,-0.028731298,9.771035
33.300,-0.0670397,-0.045491222,9.766247
33.340,-0.06943397,-0.05027977,9.792584
33.367,-0.0670397,-0.062251143,9.771035
33.399,-0.057462595,-0.05506832,9.804555
33.442,-0.057462595,-0.045491222,9.785401
33.466,-0.071828246,-0.052674048,9.768641
33.507,-0.05985687,-0.06943397,9.775824
33.540,-0.06464542,-0.038308397,9.775824
33.567,-0.057462595,-0.038308397,9.766247
33.602,-0.07422252,-0.043096945,9.787795
33.643,-0.045491222,-0.05506832,9.792584
33.679,-0.057462595,-0.038308397,9.761458
33.712,-0.071828246,-0.043096945,9.780613
33.739,-0.07422252,-0.05506832,9.768641
33.779,-0.05985687,-0.035914123,9.768641
33.809,-0.05506832,-0.028731298,9.766247
33.841,-0.045491222,-0.057462595,9.771035
33.880,-0.05985687,-0.035914123,9.785401
33.906,-0.071828246,-0.047885496,9.783007
33.941,-0.07422252,-0.052674048,9.792584
33.979,-0.05985687,-0.038308397,9.785401
34.007,-0.06464542,-0.045491222,9.802161
34.039,-0.057462595,-0.043096945,9.785401
34.079,-0.0670397,-0.052674048,9.768641
34.106,-0.04070267,-0.038308397,9.766247
34.141,-0.06943397,-0.045491222,9.792584
34.180,-0.057462595,-0.045491222,9.77343
34.208,-0.076616794,-0.03351985,9.804555
34.241,-0.06943397,-0.028731298,9.797373
34.279,-0.057462595,-0.043096945,9.787795
34.307,-0.06464542,-0.035914123,9.771035
34.340,-0.06464542,-0.045491222,9.780613
34.379,-0.06464542,-0.043096945,9.794978
34.419,-0.05506832,-0.05027977,9.787795
34.446,-0.06943397,-0.038308397,9.785401
34.479,-0.062251143,-0.05027977,9.780613
34.520,-0.06943397,-0.047885496,9.794978
34.547,-0.0670397,-0.052674048,9.79019
34.579,-0.057462595,-0.06464542,9.783007
34.619,-0.045491222,-0.05506832,9.75667
34.646,-0.06464542,-0.043096945,9.775824
34.679,-0.05506832,-0.038308397,9.75667
34.719,-0.0670397,-0.05985687,9.778218
34.747,-0.062251143,-0.038308397,9.771035
34.779,-0.071828246,-0.047885496,9.787795
34.819,-0.07422252,-0.05506832,9.775824
34.847,-0.0670397,-0.05027977,9.775824
34.881,-0.057462595,-0.045491222,9.79019
34.921,-0.06464542,-0.03351985,9.763853
34.947,-0.05985687,-0.028731298,9.785401
34.980,-0.057462595,-0.028731298,9.780613
35.020,-0.0670397,-0.045491222,9.792584
35.047,-0.052674048,-0.031125572,9.794978
35.080,-0.057462595,-0.05027977,9.783007
35.120,-0.06464542,-0.038308397,9.771035
35.148,-0.06464542,-0.035914123,9.780613
35.181,-0.071828246,-0.057462595,9.780613
35.221,-0.06943397,-0.05027977,9.787795
35.249,-0.062251143,-0.05985687,9.77343
35.281,-0.07901107,-0.05027977,9.783007
35.320,-0.06464542,-0.06464542,9.792584
35.360,-0.06464542,-0.028731298,9.778218
35.387,-0.06943397,-0.045491222,9.787795
35.421,-0.07422252,-0.03351985,9.77343
35.448,-0.057462595,-0.038308397,9.794978
35.482,-0.06943397,-0.04070267,9.77343
35.522,-0.06464542,-0.045491222,9.787795
35.549,-0.057462595,-0.047885496,9.766247
35.590,-0.07901107,-0.04070267,9.778218
35.620,-0.0670397,-0.038308397,9.780613
35.661,-0.047885496,-0.023942748,9.780613
35.688,-0.076616794,-0.038308397,9.785401
35.720,-0.057462595,-0.05985687,9.771035
35.761,-0.071828246,-0.045491222,9.775824
35.788,-0.062251143,-0.038308397,9.785401
35.820,-0.071828246,-0.031125572,9.778218
35.856,-0.05506832,-0.052674048,9.787795
35.889,-0.062251143,-0.057462595,9.766247
35.922,-0.0670397,-0.045491222,9.787795
35.961,-0.06464542,-0.031125572,9.780613
35.987,-0.071828246,-0.038308397,9.775824
36.020,-0.071828246,-0.043096945,9.785401
36.061,-0.06943397,-0.05027977,9.794978
36.088,-0.0670397,-0.031125572,9.792584
36.122,-0.06464542,-0.0670397,9.785401
36.161,-0.07422252,-0.038308397,9.787795
36.188,-0.057462595,-0.045491222,9.780613
36.228,-0.05506832,-0.045491222,9.794978
36.260,-0.06943397,-0.052674048,9.766247
36.288,-0.09577099,-0.028731298,9.783007
36.327,-0.07901107,-0.035914123,9.785401
36.360,-0.045491222,-0.04070267,9.780613
36.400,-0.08140534,-0.04070267,9.787795
36.428,-0.052674048,-0.062251143,9.783007
36.460,-0.06464542,-0.035914123,9.783007
36.501,-0.062251143,-0.023942748,9.787795
36.528,-0.06464542,-0.043096945,9.780613
36.560,-0.045491222,-0.045491222,9.783007
36.601,-0.06464542,-0.03351985,9.77343
36.629,-0.05506832,-0.035914123,9.79019
36.663,-0.071828246,-0.03351985,9.783007
36.701,-0.0670397,-0.047885496,9.787795
36.729,-0.06943397,-0.06464542,9.794978
36.761,-0.071828246,-0.045491222,9.775824
36.801,-0.071828246,-0.05506832,9.80695
36.826,-0.045491222,-0.05506832,9.794978
36.863,-0.052674048,-0.038308397,9.792584
36.902,-0.057462595,-0.045491222,9.771035
36.928,-0.05985687,-0.04070267,9.797373
36.961,-0.071828246,-0.045491222,9.785401
37.004,-0.05027977,-0.05506832,9.794978
37.028,-0.062251143,-0.05027977,9.783007
37.067,-0.045491222,-0.05027977,9.794978
37.100,-0.06943397,-0.043096945,9.771035
37.129,-0.05506832,-0.043096945,9.783007
37.168,-0.06943397,-0.05506832,9.778218
37.201,-0.07901107,-0.052674048,9.797373
37.241,-0.057462595,-0.047885496,9.787795
37.267,-0.071828246,-0.035914123,9.780613
37.300,-0.071828246,-0.031125572,9.802161
37.342,-0.05985687,-0.047885496,9.792584
37.366,-0.062251143,-0.05985687,9.775824
37.404,-0.06464542,-0.031125572,9.77343
37.443,-0.07422252,-0.045491222,9.775824
37.468,-0.07422252,-0.028731298,9.792584
37.501,-0.07422252,-0.038308397,9.787795
37.542,-0.057462595,-0.038308397,9.794978
37.569,-0.076616794,-0.045491222,9.783007
37.600,-0.05027977,-0.03351985,9.79019
37.641,-0.062251143,-0.03351985,9.794978
37.669,-0.052674048,-0.04070267,9.79019
37.701,-0.0670397,-0.035914123,9.794978
37.741,-0.06943397,-0.043096945,9.787795
37.768,-0.0670397,-0.043096945,9.780613
37.801,-0.071828246,-0.045491222,9.778218
37.840,-0.057462595,-0.062251143,9.79019
37.868,-0.05027977,-0.045491222,9.79019
37.908,-0.045491222,-0.038308397,9.783007
37.941,-0.07422252,-0.038308397,9.792584
37.969,-0.06943397,-0.045491222,9.785401
38.008,-0.05985687,-0.052674048,9.79019
38.041,-0.076616794,-0.045491222,9.766247
38.080,-0.05506832,-0.057462595,9.797373
38.108,-0.057462595,-0.06464542,9.794978
38.140,-0.06943397,-0.045491222,9.792584
38.179,-0.06464542,-0.043096945,9.780613
38.208,-0.06943397,-0.047885496,9.780613
38.240,-0.071828246,-0.028731298,9.771035
38.280,-0.07422252,-0.047885496,9.792584
38.308,-0.06943397,-0.06464542,9.768641
38.340,-0.07422252,-0.05985687,9.787795
38.381,-0.05506832,-0.04070267,9.771035
38.407,-0.0670397,-0.05027977,9.785401
38.441,-0.04070267,-0.035914123,9.792584
38.481,-0.07422252,-0.047885496,9.780613
38.508,-0.071828246,-0.038308397,9.79019
38.541,-0.047885496,-0.05985687,9.778218
38.582,-0.052674048,-0.057462595,9.799767
38.611,-0.06464542,-0.03351985,9.804555
38.643,-0.071828246,-0.047885496,9.787795
38.681,-0.083799616,-0.038308397,9.799767
38.708,-0.05985687,-0.043096945,9.775824
38.742,-0.06464542,-0.028731298,9.799767
38.782,-0.057462595,-0.062251143,9.799767
38.811,-0.06464542,-0.03351985,9.785401
38.844,-0.071828246,-0.05027977,9.787795
38.883,-0.052674048,-0.035914123,9.811738
38.910,-0.07422252,-0.038308397,9.809344
38.949,-0.062251143,-0.047885496,9.792584
38.981,-0.047885496,-0.062251143,9.77343
39.012,-0.071828246,-0.05027977,9.79019
39.051,-0.071828246,-0.047885496,9.804555
39.082,-0.057462595,-0.052674048,9.792584
39.112,-0.062251143,-0.038308397,9.787795
39.149,-0.05985687,-0.035914123,9.787795
39.183,-0.0670397,-0.038308397,9.802161
39.221,-0.062251143,-0.05027977,9.783007
39.249,-0.06943397,-0.04070267,9.794978
39.282,-0.047885496,-0.045491222,9.787795
39.322,-0.07901107,-0.05027977,9.794978
39.348,-0.07422252,-0.05985687,9.783007
39.382,-0.06464542,-0.035914123,9.783007
39.422,-0.076616794,-0.043096945,9.79019
39.449,-0.071828246,-0.047885496,9.775824
39.482,-0.076616794,-0.04070267,9.785401
39.523,-0.06943397,-0.035914123,9.778218
39.549,-0.05027977,-0.038308397,9.787795
39.582,-0.06943397,-0.035914123,9.794978
39.622,-0.10055954,-0.05506832,9.80695
39.650,-0.05985687,-0.045491222,9.778218
39.682,-0.047885496,-0.045491222,9.797373
39.724,-0.05985687,-0.035914123,9.814133
39.750,-0.062251143,-0.05027977,9.79019
39.784,-0.062251143,-0.047885496,9.778218
39.821,-0.057462595,-0.043096945,9.778218
39.850,-0.071828246,-0.05027977,9.785401
39.890,-0.047885496,-0.03351985,9.780613
39.917,-0.052674048,-0.052674048,9.79019
39.963,-0.05027977,-0.043096945,9.799767
39.988,-0.062251143,-0.06464542,9.79019
40.023,-0.06943397,-0.043096945,9.780613
40.062,-0.07901107,-0.052674048,9.785401
40.089,-0.062251143,-0.05985687,9.787795
40.121,-0.08619389,-0.043096945,9.787795
40.161,-0.06464542,-0.04070267,9.79019
40.189,-0.07901107,-0.043096945,9.794978
40.222,-0.038308397,-0.052674048,9.79019
40.261,-0.05985687,-0.038308397,9.785401
40.289,-0.06464542,-0.04070267,9.79019
40.321,-0.05985687,-0.031125572,9.792584
40.361,-0.05027977,-0.047885496,9.794978
40.388,-0.062251143,-0.05027977,9.792584
40.422,-0.071828246,-0.043096945,9.785401
40.462,-0.05027977,-0.03351985,9.780613
40.489,-0.05985687,-0.047885496,9.79019
40.522,-0.06464542,-0.05985687,9.787795
40.562,-0.052674048,-0.038308397,9.785401
40.589,-0.071828246,-0.05027977,9.802161
40.624,-0.05985687,-0.047885496,9.79019
40.662,-0.052674048,-0.052674048,9.792584
40.701,-0.06464542,-0.035914123,9.787795
40.729,-0.062251143,-0.05027977,9.792584
40.761,-0.0670397,-0.05506832,9.79019
40.801,-0.0670397,-0.031125572,9.79019
40.829,-0.0670397,-0.05985687,9.797373
40.862,-0.057462595,-0.04070267,9.77343
40.903,-0.06464542,-0.052674048,9.794978
40.928,-0.05985687,-0.052674048,9.792584
40.960,-0.05506832,-0.047885496,9.79019
41.001,-0.076616794,-0.045491222,9.771035
41.029,-0.062251143,-0.03351985,9.780613
41.061,-0.07901107,-0.04070267,9.785401
41.101,-0.06464542,-0.045491222,9.785401
41.129,-0.062251143,-0.026337024,9.77343
41.163,-0.071828246,-0.04070267,9.794978
41.200,-0.06464542,-0.05506832,9.79019
41.229,-0.062251143,-0.04070267,9.797373
41.261,-0.076616794,-0.035914123,9.780613
41.301,-0.045491222,-0.04070267,9.783007
41.328,-0.071828246,-0.038308397,9.787795
41.362,-0.047885496,-0.052674048,9.783007
41.401,-0.057462595,-0.04070267,9.794978
41.429,-0.05985687,-0.045491222,9.787795
41.463,-0.06943397,-0.038308397,9.77343
41.502,-0.05985687,-0.05506832,9.771035
41.543,-0.062251143,-0.047885496,9.780613
41.569,-0.07901107,-0.045491222,9.797373
41.601,-0.06464542,-0.043096945,9.775824
41.642,-0.05027977,-0.057462595,9.775824
41.669,-0.071828246,-0.05506832,9.77343
41.703,-0.071828246,-0.03351985,9.787795
41.741,-0.06464542,-0.05027977,9.797373
41.769,-0.05506832,-0.047885496,9.792584
41.801,-0.057462595,-0.047885496,9.797373
41.841,-0.06464542,-0.047885496,9.775824
41.868,-0.090982445,-0.05027977,9.787795
41.904,-0.0670397,-0.057462595,9.780613
41.941,-0.083799616,-0.047885496,9.775824
41.968,-0.057462595,-0.04070267,9.799767
42.001,-0.07422252,-0.04070267,9.799767
42.041,-0.062251143,-0.05506832,9.804555
42.068,-0.062251143,-0.04070267,9.785401
42.101,-0.047885496,-0.03351985,9.783007
42.141,-0.062251143,-0.052674048,9.792584
42.168,-0.05985687,-0.06464542,9.787795
42.210,-0.08140534,-0.045491222,9.794978
42.242,-0.047885496,-0.05027977,9.771035
42.270,-0.071828246,-0.052674048,9.80695
42.308,-0.07901107,-0.038308397,9.802161
42.341,-0.06943397,-0.038308397,9.79019
42.370,-0.057462595,-0.052674048,9.785401
42.409,-0.071828246,-0.047885496,9.79019
42.442,-0.06464542,-0.045491222,9.778218
42.482,-0.05985687,-0.047885496,9.785401
42.509,-0.062251143,-0.045491222,9.775824
42.542,-0.05985687,-0.043096945,9.787795
42.582,-0.071828246,-0.035914123,9.785401
42.609,-0.038308397,-0.043096945,9.783007
42.642,-0.06943397,-0.045491222,9.787795
42.681,-0.057462595,-0.045491222,9.780613
42.709,-0.06943397,-0.045491222,9.792584
42.742,-0.062251143,-0.045491222,9.780613
42.783,-0.06464542,-0.05985687,9.785401
42.810,-0.05027977,-0.052674048,9.775824
42.842,-0.057462595,-0.045491222,9.792584
42.883,-0.07901107,-0.05027977,9.802161
42.913,-0.06464542,-0.043096945,9.778218
42.943,-0.062251143,-0.052674048,9.797373
42.981,-0.062251143,-0.03351985,9.792584
43.008,-0.071828246,-0.05027977,9.775824
43.043,-0.05985687,-0.05027977,9.780613
43.083,-0.07901107,-0.052674048,9.792584
43.110,-0.07901107,-0.043096945,9.785401
43.143,-0.057462595,-0.038308397,9.783007
43.182,-0.0670397,-0.052674048,9.77343
43.210,-0.08619389,-0.043096945,9.79019
43.249,-0.045491222,-0.047885496,9.787795
43.281,-0.0670397,-0.047885496,9.794978
43.322,-0.06943397,-0.043096945,9.79019
43.348,-0.06464542,-0.035914123,9.794978
43.381,-0.062251143,-0.047885496,9.780613
43.421,-0.0670397,-0.052674048,9.785401
43.449,-0.043096945,-0.052674048,9.780613
43.480,-0.06464542,-0.043096945,9.79019
43.526,-0.062251143,-0.043096945,9.797373
43.549,-0.05506832,-0.04070267,9.775824
43.581,-0.071828246,-0.031125572,9.799767
43.622,-0.05027977,-0.04070267,9.785401
43.649,-0.071828246,-0.04070267,9.797373
43.683,-0.076616794,-0.047885496,9.787795
43.722,-0.06943397,-0.045491222,9.794978
43.749,-0.062251143,-0.04070267,9.780613
43.783,-0.06943397,-0.045491222,9.780613
43.822,-0.047885496,-0.052674048,9.780613
43.849,-0.071828246,-0.05506832,9.794978
43.883,-0.05506832,-0.062251143,9.768641
43.921,-0.071828246,-0.04070267,9.792584
43.949,-0.06464542,-0.043096945,9.785401
43.988,-0.062251143,-0.05027977,9.792584
44.021,-0.05506832,-0.035914123,9.792584
44.052,-0.08140534,-0.035914123,9.780613
44.090,-0.06464542,-0.03351985,9.771035
44.122,-0.05027977,-0.038308397,9.768641
44.164,-0.05506832,-0.045491222,9.787795
44.189,-0.057462595,-0.047885496,9.766247
44.224,-0.07422252,-0.035914123,9.780613
44.262,-0.045491222,-0.052674048,9.783007
44.289,-0.0670397,-0.03351985,9.771035
44.321,-0.057462595,-0.057462595,9.783007
44.361,-0.071828246,-0.062251143,9.77343
44.391,-0.05985687,-0.04070267,9.761458
44.422,-0.052674048,-0.04070267,9.783007
44.464,-0.057462595,-0.045491222,9.797373
44.489,-0.05985687,-0.035914123,9.79019
44.521,-0.045491222,-0.038308397,9.79019
44.561,-0.06943397,-0.052674048,9.780613
44.589,-0.062251143,-0.05027977,9.79019
44.622,-0.076616794,-0.04070267,9.783007
44.661,-0.045491222,-0.057462595,9.785401
44.689,-0.07901107,-0.031125572,9.799767
44.729,-0.05506832,-0.06943397,9.778218
44.762,-0.08140534,-0.0670397,9.79019
44.789,-0.06464542,-0.052674048,9.768641
44.829,-0.062251143,-0.04070267,9.775824
44.861,-0.05985687,-0.043096945,9.794978
44.900,-0.06943397,-0.031125572,9.783007
44.928,-0.07422252,-0.052674048,9.780613
44.961,-0.047885496,-0.023942748,9.780613
45.002,-0.057462595,-0.05027977,9.763853
45.028,-0.06943397,-0.05506832,9.783007
45.061,-0.05985687,-0.028731298,9.787795
45.101,-0.083799616,-0.05027977,9.771035
45.130,-0.07422252,-0.05506832,9.77343
45.161,-0.06464542,-0.052674048,9.785401
45.201,-0.05027977,-0.038308397,9.77343
45.228,-0.05985687,-0.043096945,9.785401
45.261,-0.06464542,-0.045491222,9.771035
45.302,-0.06464542,-0.043096945,9.799767
45.328,-0.07422252,-0.05506832,9.787795
45.362,-0.047885496,-0.043096945,9.775824
45.401,-0.08619389,-0.043096945,9.787795
45.429,-0.05985687,-0.04070267,9.783007
45.462,-0.07422252,-0.052674048,9.783007
45.503,-0.07422252,-0.05027977,9.759064
45.529,-0.06943397,-0.057462595,9.771035
45.570,-0.0670397,-0.045491222,9.766247
45.602,-0.05506832,-0.031125572,9.771035
45.630,-0.057462595,-0.035914123,9.792584
45.670,-0.06464542,-0.038308397,9.763853
45.701,-0.062251143,-0.043096945,9.77343
45.730,-0.06464542,-0.05506832,9.787795
45.770,-0.057462595,-0.043096945,9.780613
45.802,-0.052674048,-0.05506832,9.766247
45.831,-0.05506832,-0.05506832,9.766247
45.871,-0.06464542,-0.03351985,9.802161
45.904,-0.06464542,-0.045491222,9.775824
45.942,-0.076616794,-0.045491222,9.792584
45.969,-0.062251143,-0.03351985,9.775824
46.001,-0.062251143,-0.047885496,9.783007
46.042,-0.057462595,-0.045491222,9.794978
46.070,-0.06464542,-0.045491222,9.792584
46.102,-0.047885496,-0.04070267,9.785401
46.143,-0.05506832,-0.045491222,9.77343
46.171,-0.076616794,-0.045491222,9.79019
46.204,-0.05985687,-0.03351985,9.785401
46.243,-0.071828246,-0.038308397,9.780613
46.270,-0.06943397,-0.038308397,9.792584
46.302,-0.0670397,-0.052674048,9.785401
46.342,-0.06943397,-0.047885496,9.792584
46.369,-0.06943397,-0.05027977,9.77343
46.402,-0.052674048,-0.045491222,9.778218
46.443,-0.062251143,-0.05506832,9.77343
46.469,-0.076616794,-0.052674048,9.771035
46.510,-0.06464542,-0.047885496,9.768641
46.542,-0.062251143,-0.045491222,9.79019
46.570,-0.05985687,-0.045491222,9.787795
46.610,-0.07901107,-0.03351985,9.771035
46.642,-0.05985687,-0.052674048,9.780613
46.682,-0.076616794,-0.05027977,9.771035
46.710,-0.052674048,-0.045491222,9.775824
46.742,-0.057462595,-0.047885496,9.77343
46.782,-0.05985687,-0.035914123,9.79019
46.810,-0.07422252,-0.05506832,9.79019
46.841,-0.05027977,-0.047885496,9.775824
46.881,-0.05506832,-0.04070267,9.79019
46.910,-0.08140534,-0.05985687,9.778218
46.944,-0.07422252,-0.05027977,9.771035
46.983,-0.062251143,-0.03351985,9.780613
47.010,-0.0670397,-0.045491222,9.79019
47.043,-0.0670397,-0.035914123,9.77343
47.082,-0.06464542,-0.04070267,9.79019
47.111,-0.06943397,-0.05506832,9.794978
47.143,-0.05506832,-0.043096945,9.775824
47.188,-0.047885496,-0.04070267,9.77343
47.211,-0.0670397,-0.035914123,9.775824
47.244,-0.06943397,-0.026337024,9.778218
47.284,-0.05506832,-0.05027977,9.783007
47.312,-0.071828246,-0.05027977,9.792584
47.345,-0.07901107,-0.043096945,9.761458
47.385,-0.05985687,-0.023942748,9.780613
47.411,-0.06464542,-0.05506832,9.79019
47.445,-0.052674048,-0.04070267,9.787795
47.486,-0.062251143,-0.05027977,9.77343
47.512,-0.057462595,-0.05506832,9.747093
47.551,-0.057462595,-0.026337024,9.783007
47.583,-0.05985687,-0.043096945,9.771035
47.628,-0.0670397,-0.052674048,9.771035
47.650,-0.06464542,-0.05985687,9.761458
47.682,-0.05506832,-0.047885496,9.794978
47.723,-0.057462595,-0.038308397,9.763853
47.750,-0.062251143,-0.03351985,9.79019
47.783,-0.045491222,-0.038308397,9.771035
47.823,-0.05506832,-0.038308397,9.797373
47.850,-0.043096945,-0.043096945,9.780613
47.883,-0.08140534,-0.047885496,9.775824
47.923,-0.045491222,-0.05985687,9.768641
47.950,-0.0670397,-0.047885496,9.778218
47.982,-0.05506832,-0.04070267,9.775824
48.024,-0.05506832,-0.062251143,9.783007
48.050,-0.062251143,-0.035914123,9.771035
48.082,-0.083799616,-0.047885496,9.79019
48.123,-0.05027977,-0.047885496,9.763853
48.150,-0.057462595,-0.038308397,9.787795
48.183,-0.06943397,-0.043096945,9.783007
48.223,-0.062251143,-0.045491222,9.77343
48.250,-0.06943397,-0.043096945,9.766247
48.290,-0.06464542,-0.045491222,9.775824
48.323,-0.05027977,-0.05027977,9.768641
48.363,-0.043096945,-0.047885496,9.780613
48.384,-0.076616794,-0.043096945,9.775824
48.424,-0.071828246,-0.047885496,9.778218
48.463,-0.05985687,-0.043096945,9.780613
48.490,-0.0670397,-0.047885496,9.792584
48.523,-0.057462595,-0.062251143,9.785401
48.564,-0.057462595,-0.043096945,9.775824
48.591,-0.07422252,-0.04070267,9.787795
48.624,-0.05027977,-0.038308397,9.79019
48.664,-0.07901107,-0.045491222,9.766247
48.691,-0.0670397,-0.047885496,9.797373
48.725,-0.0670397,-0.047885496,9.778218
48.763,-0.090982445,-0.045491222,9.775824
48.792,-0.07422252,-0.045491222,9.785401
48.823,-0.06464542,-0.05506832,9.766247
48.864,-0.071828246,-0.038308397,9.771035
48.891,-0.07901107,-0.045491222,9.778218
48.924,-0.0670397,-0.035914123,9.771035
48.963,-0.062251143,-0.03351985,9.771035
48.990,-0.05985687,-0.052674048,9.780613
49.023,-0.071828246,-0.043096945,9.771035
49.063,-0.06464542,-0.052674048,9.771035
49.090,-0.062251143,-0.052674048,9.785401
49.132,-0.06464542,-0.05506832,9.77343
49.162,-0.062251143,-0.04070267,9.794978
49.191,-0.071828246,-0.043096945,9.783007
49.230,-0.05027977,-0.043096945,9.771035
49.263,-0.05027977,-0.057462595,9.778218
49.302,-0.06943397,-0.052674048,9.79019
49.330,-0.045491222,-0.047885496,9.785401
49.363,-0.05985687,-0.026337024,9.783007
49.403,-0.045491222,-0.043096945,9.77343
49.431,-0.076616794,-0.052674048,9.775824
49.463,-0.0670397,-0.052674048,9.768641
49.503,-0.05985687,-0.043096945,9.780613
49.530,-0.05985687,-0.057462595,9.785401
49.563,-0.06464542,-0.04070267,9.768641
49.603,-0.057462595,-0.045491222,9.77343
49.630,-0.062251143,-0.043096945,9.771035
49.665,-0.071828246,-0.05027977,9.783007
49.703,-0.0670397,-0.062251143,9.766247
49.730,-0.038308397,-0.05985687,9.77343
49.762,-0.062251143,-0.052674048,9.778218
49.803,-0.05506832,-0.043096945,9.787795
49.830,-0.08140534,-0.043096945,9.780613
49.863,-0.0670397,-0.04070267,9.780613
49.902,-0.062251143,-0.05027977,9.792584
49.930,-0.05985687,-0.052674048,9.775824
49.970,-0.06943397,-0.05027977,9.785401
50.003,-0.05506832,-0.04070267,9.783007
50.043,-0.05506832,-0.05027977,9.780613
50.070,-0.062251143,-0.05506832,9.778218
50.103,-0.057462595,-0.038308397,9.785401
50.142,-0.057462595,-0.05027977,9.763853
50.171,-0.057462595,-0.057462595,9.771035
50.202,-0.071828246,-0.045491222,9.768641
50.243,-0.0670397,-0.04070267,9.75667
50.270,-0.06464542,-0.047885496,9.763853
50.303,-0.057462595,-0.04070267,9.785401
50.343,-0.05985687,-0.04070267,9.763853
50.370,-0.07422252,-0.052674048,9.79019
50.404,-0.06464542,-0.06943397,9.79019
50.443,-0.062251143,-0.028731298,9.785401
50.471,-0.062251143,-0.05027977,9.787795
50.503,-0.071828246,-0.05506832,9.778218
50.544,-0.035914123,-0.045491222,9.79019
50.570,-0.05027977,-0.05506832,9.780613
50.603,-0.05985687,-0.05027977,9.79019
50.645,-0.05985687,-0.057462595,9.771035
50.671,-0.045491222,-0.05985687,9.785401
50.707,-0.0670397,-0.052674048,9.775824
50.744,-0.062251143,-0.05506832,9.77343
50.771,-0.062251143,-0.04070267,9.766247
50.810,-0.06464542,-0.043096945,9.79019
50.843,-0.057462595,-0.038308397,9.768641
50.883,-0.06464542,-0.04070267,9.802161
50.904,-0.052674048,-0.062251143,9.763853
50.943,-0.062251143,-0.05985687,9.768641
50.982,-0.05985687,-0.062251143,9.792584
51.010,-0.07901107,-0.035914123,9.77343
51.043,-0.057462595,-0.05027977,9.778218
51.083,-0.06464542,-0.045491222,9.797373
51.110,-0.071828246,-0.035914123,9.77343
51.143,-0.0670397,-0.05506832,9.771035
51.184,-0.047885496,-0.05027977,9.785401
51.211,-0.06943397,-0.038308397,9.797373
51.245,-0.047885496,-0.05506832,9.775824
51.283,-0.047885496,-0.05506832,9.783007
51.311,-0.057462595,-0.043096945,9.775824
51.343,-0.0670397,-0.04070267,9.771035
51.383,-0.05985687,-0.031125572,9.780613
51.411,-0.062251143,-0.043096945,9.780613
51.444,-0.05985687,-0.043096945,9.77343
51.483,-0.062251143,-0.045491222,9.766247
51.511,-0.06464542,-0.038308397,9.783007
51.543,-0.05506832,-0.035914123,9.775824
51.582,-0.0670397,-0.052674048,9.780613
51.611,-0.062251143,-0.047885496,9.804555
51.650,-0.057462595,-0.043096945,9.780613
51.682,-0.06464542,-0.05985687,9.79019
51.723,-0.06943397,-0.05027977,9.780613
51.750,-0.057462595,-0.038308397,9.783007
51.783,-0.05985687,-0.045491222,9.768641
51.823,-0.052674048,-0.045491222,9.787795
51.845,-0.052674048,-0.057462595,9.785401
51.883,-0.05985687,-0.047885496,9.79019
51.923,-0.090982445,-0.045491222,9.785401
51.951,-0.0670397,-0.047885496,9.771035
51.983,-0.0670397,-0.05027977,9.775824
52.023,-0.06464542,-0.052674048,9.768641
52.050,-0.043096945,-0.052674048,9.778218
52.083,-0.0670397,-0.05027977,9.751882
52.123,-0.071828246,-0.05506832,9.778218
52.151,-0.043096945,-0.031125572,9.79019
52.183,-0.06943397,-0.05506832,9.778218
52.223,-0.06464542,-0.052674048,9.766247
52.251,-0.07901107,-0.047885496,9.787795
52.284,-0.0670397,-0.062251143,9.775824
52.324,-0.07422252,-0.045491222,9.771035
52.350,-0.05506832,-0.052674048,9.77343
52.383,-0.05027977,-0.047885496,9.783007
52.424,-0.06943397,-0.04070267,9.787795
52.451,-0.06943397,-0.05027977,9.783007
52.491,-0.062251143,-0.043096945,9.783007
52.525,-0.052674048,-0.047885496,9.778218
52.551,-0.0670397,-0.05027977,9.768641
52.584,-0.05985687,-0.05027977,9.77343
52.623,-0.062251143,-0.035914123,9.771035
52.662,-0.0670397,-0.05027977,9.799767
52.691,-0.057462595,-0.06464542,9.771035
52.723,-0.05985687,-0.052674048,9.787795
52.763,-0.07422252,-0.05506832,9.775824
52.791,-0.052674048,-0.035914123,9.778218
52.823,-0.05027977,-0.038308397,9.783007
52.863,-0.05985687,-0.045491222,9.77343
52.890,-0.04070267,-0.05027977,9.79019
52.923,-0.062251143,-0.052674048,9.77343
52.963,-0.057462595,-0.047885496,9.778218
52.990,-0.062251143,-0.035914123,9.780613
53.023,-0.0670397,-0.04070267,9.778218
53.064,-0.052674048,-0.043096945,9.792584
53.091,-0.05027977,-0.045491222,9.759064
53.123,-0.05985687,-0.04070267,9.785401
53.163,-0.05506832,-0.05506832,9.763853
53.191,-0.062251143,-0.05027977,9.785401
53.224,-0.057462595,-0.05027977,9.780613
53.263,-0.06943397,-0.043096945,9.792584
53.290,-0.05985687,-0.05506832,9.780613
53.331,-0.06943397,-0.04070267,9.79019
53.363,-0.057462595,-0.038308397,9.783007
53.404,-0.057462595,-0.057462595,9.775824
53.425,-0.05985687,-0.035914123,9.787795
53.464,-0.071828246,-0.045491222,9.783007
53.492,-0.06464542,-0.03351985,9.778218
53.532,-0.0670397,-0.043096945,9.77343
53.564,-0.05985687,-0.052674048,9.79019
53.592,-0.06464542,-0.057462595,9.778218
53.631,-0.06943397,-0.052674048,9.775824
53.665,-0.052674048,-0.043096945,9.799767
53.704,-0.076616794,-0.05506832,9.768641
53.732,-0.047885496,-0.05027977,9.768641
53.764,-0.06943397,-0.047885496,9.778218
53.802,-0.076616794,-0.043096945,9.792584
53.830,-0.06464542,-0.045491222,9.77343
53.862,-0.07422252,-0.05506832,9.778218
53.902,-0.06943397,-0.05506832,9.771035
53.930,-0.057462595,-0.047885496,9.780613
53.963,-0.05027977,-0.031125572,9.768641
54.003,-0.076616794,-0.043096945,9.778218
54.030,-0.071828246,-0.062251143,9.778218
54.063,-0.05506832,-0.05027977,9.778218
54.103,-0.05027977,-0.052674048,9.771035
54.131,-0.05506832,-0.052674048,9.77343
54.171,-0.076616794,-0.04070267,9.780613
54.203,-0.08858817,-0.031125572,9.787795
54.244,-0.052674048,-0.05985687,9.77343
54.271,-0.08140534,-0.047885496,9.785401
54.303,-0.06464542,-0.038308397,9.780613
54.343,-0.0670397,-0.038308397,9.792584
54.370,-0.052674048,-0.05027977,9.771035
54.402,-0.062251143,-0.047885496,9.79019
54.444,-0.062251143,-0.038308397,9.766247
54.471,-0.06943397,-0.057462595,9.780613
54.504,-0.0670397,-0.05027977,9.787795
54.543,-0.0670397,-0.04070267,9.761458
54.570,-0.06464542,-0.04070267,9.778218
54.603,-0.071828246,-0.043096945,9.783007
54.644,-0.05027977,-0.052674048,9.780613
54.671,-0.06464542,-0.05027977,9.778218
54.703,-0.07422252,-0.028731298,9.780613
54.744,-0.05985687,-0.05506832,9.794978
54.770,-0.07422252,-0.045491222,9.766247
54.803,-0.0670397,-0.045491222,9.768641
54.844,-0.06943397,-0.045491222,9.787795
54.871,-0.05985687,-0.038308397,9.778218
54.903,-0.076616794,-0.047885496,9.785401
54.943,-0.057462595,-0.05027977,9.780613
54.971,-0.076616794,-0.045491222,9.785401
55.010,-0.07422252,-0.045491222,9.75667
55.045,-0.076616794,-0.016759925,9.794978
55.072,-0.052674048,-0.05027977,9.785401
55.111,-0.07901107,-0.035914123,9.787795
55.144,-0.06943397,-0.045491222,9.763853
55.182,-0.08858817,-0.035914123,9.77343
55.210,-0.05985687,-0.057462595,9.794978
55.243,-0.07422252,-0.028731298,9.766247
55.282,-0.05506832,-0.057462595,9.792584
55.312,-0.05985687,-0.043096945,9.783007
55.343,-0.07422252,-0.038308397,9.792584
55.383,-0.06464542,-0.05027977,9.79019
55.411,-0.06943397,-0.05027977,9.780613
55.445,-0.06464542,-0.047885496,9.783007
55.483,-0.07901107,-0.052674048,9.783007
55.511,-0.05027977,-0.052674048,9.780613
55.543,-0.0670397,-0.05506832,9.771035
55.583,-0.076616794,-0.05027977,9.79019
55.611,-0.05985687,-0.043096945,9.768641
55.643,-0.062251143,-0.016759925,9.792584
55.683,-0.06464542,-0.03351985,9.787795
55.711,-0.05985687,-0.043096945,9.766247
55.745,-0.05506832,-0.057462595,9.780613
55.783,-0.062251143,-0.052674048,9.785401
55.811,-0.083799616,-0.04070267,9.780613
55.850,-0.05985687,-0.04070267,9.785401
55.883,-0.08140534,-0.047885496,9.775824
55.911,-0.062251143,-0.045491222,9.768641
55.950,-0.0670397,-0.043096945,9.797373
55.983,-0.057462595,-0.045491222,9.783007
56.022,-0.04070267,-0.04070267,9.780613
56.050,-0.07422252,-0.0670397,9.792584
56.083,-0.08619389,-0.035914123,9.771035
56.123,-0.0670397,-0.052674048,9.778218
56.150,-0.05506832,-0.04070267,9.780613
56.183,-0.052674048,-0.026337024,9.771035
56.223,-0.052674048,-0.062251143,9.783007
56.251,-0.05985687,-0.047885496,9.754275
56.285,-0.07901107,-0.047885496,9.778218
56.323,-0.06943397,-0.06464542,9.780613
56.351,-0.08858817,-0.045491222,9.783007
56.383,-0.06943397,-0.052674048,9.778218
56.424,-0.071828246,-0.045491222,9.768641
56.452,-0.06464542,-0.038308397,9.775824
56.484,-0.062251143,-0.038308397,9.77343
56.525,-0.05506832,-0.062251143,9.775824
56.551,-0.05985687,-0.043096945,9.771035
56.584,-0.04070267,-0.043096945,9.785401
56.624,-0.0670397,-0.052674048,9.77343
56.651,-0.05985687,-0.052674048,9.771035
56.684,-0.08140534,-0.03351985,9.783007
56.723,-0.045491222,-0.05027977,9.787795
56.751,-0.083799616,-0.03351985,9.778218
56.791,-0.07422252,-0.05506832,9.787795
56.824,-0.062251143,-0.05506832,9.787795
56.862,-0.05506832,-0.052674048,9.785401
56.891,-0.06464542,-0.047885496,9.792584
56.923,-0.052674048,-0.043096945,9.785401
56.963,-0.05027977,-0.038308397,9.794978
56.990,-0.06464542,-0.04070267,9.768641
57.023,-0.071828246,-0.05985687,9.763853
57.063,-0.06943397,-0.03351985,9.809344
57.090,-0.062251143,-0.047885496,9.792584
57.123,-0.062251143,-0.06943397,9.785401
57.163,-0.038308397,-0.045491222,9.768641
57.191,-0.04070267,-0.06464542,9.787795
57.223,-0.062251143,-0.052674048,9.768641
57.263,-0.062251143,-0.043096945,9.787795
57.290,-0.0670397,-0.05027977,9.771035
57.323,-0.043096945,-0.04070267,9.785401
57.363,-0.06943397,-0.05506832,9.775824
57.391,-0.0670397,-0.05506832,9.775824
57.423,-0.062251143,-0.05027977,9.775824
57.462,-0.052674048,-0.043096945,9.797373
57.490,-0.0670397,-0.035914123,9.79019
57.530,-0.06464542,-0.047885496,9.775824
57.563,-0.062251143,-0.05506832,9.783007
57.591,-0.071828246,-0.043096945,9.787795
57.630,-0.06464542,-0.045491222,9.778218
57.664,-0.06943397,-0.043096945,9.797373
57.703,-0.0670397,-0.045491222,9.768641
57.731,-0.062251143,-0.05027977,9.780613
57.762,-0.062251143,-0.05027977,9.787795
57.792,-0.06464542,-0.028731298,9.79019
57.826,-0.057462595,-0.043096945,9.780613
57.862,-0.062251143,-0.052674048,9.775824
57.903,-0.083799616,-0.04070267,9.77343
57.929,-0.05027977,-0.043096945,9.783007
57.963,-0.057462595,-0.05027977,9.768641
58.003,-0.076616794,-0.043096945,9.778218
58.030,-0.045491222,-0.05506832,9.792584
58.062,-0.057462595,-0.043096945,9.783007
58.103,-0.07422252,-0.05985687,9.780613
58.130,-0.062251143,-0.04070267,9.794978
58.164,-0.05985687,-0.045491222,9.787795
58.203,-0.057462595,-0.05027977,9.763853
58.230,-0.07901107,-0.05985687,9.77343
58.263,-0.06464542,-0.045491222,9.77343
58.302,-0.06464542,-0.038308397,9.778218
58.330,-0.06943397,-0.047885496,9.785401
58.370,-0.062251143,-0.043096945,9.787795
58.403,-0.05506832,-0.043096945,9.768641
58.433,-0.0670397,-0.047885496,9.775824
58.470,-0.057462595,-0.05027977,9.768641
58.505,-0.07422252,-0.057462595,9.771035
58.543,-0.06464542,-0.045491222,9.766247
58.570,-0.071828246,-0.043096945,9.768641
58.603,-0.07422252,-0.05506832,9.780613
58.644,-0.0670397,-0.052674048,9.778218
58.672,-0.07901107,-0.05027977,9.768641
58.703,-0.062251143,-0.062251143,9.763853
58.745,-0.06943397,-0.057462595,9.792584
58.770,-0.083799616,-0.038308397,9.778218
58.803,-0.05027977,-0.052674048,9.771035
58.843,-0.07422252,-0.03351985,9.79019
58.869,-0.057462595,-0.052674048,9.785401
58.902,-0.05985687,-0.03351985,9.778218
58.943,-0.071828246,-0.03351985,9.787795
58.969,-0.07422252,-0.05027977,9.780613
59.002,-0.06464542,-0.031125572,9.785401
59.043,-0.0670397,-0.016759925,9.780613
59.069,-0.05506832,-0.05027977,9.780613
59.104,-0.05506832,-0.03351985,9.780613
59.143,-0.062251143,-0.047885496,9.794978
59.170,-0.06464542,-0.045491222,9.787795
59.210,-0.06943397,-0.05506832,9.778218
59.243,-0.06943397,-0.043096945,9.780613
59.272,-0.057462595,-0.04070267,9.792584
59.310,-0.06943397,-0.052674048,9.778218
59.343,-0.0670397,-0.045491222,9.77343
59.383,-0.05027977,-0.04070267,9.771035
59.410,-0.062251143,-0.052674048,9.785401
59.443,-0.07901107,-0.0670397,9.775824
59.484,-0.05985687,-0.047885496,9.799767
59.510,-0.05985687,-0.06943397,9.780613
59.543,-0.05027977,-0.043096945,9.783007
59.583,-0.052674048,-0.047885496,9.787795
59.610,-0.05027977,-0.052674048,9.794978
59.643,-0.05027977,-0.057462595,9.787795
59.683,-0.071828246,-0.045491222,9.771035
59.710,-0.047885496,-0.031125572,9.780613
59.743,-0.05027977,-0.047885496,9.792584
59.782,-0.06464542,-0.057462595,9.792584
59.810,-0.057462595,-0.052674048,9.792584
59.844,-0.05506832,-0.038308397,9.775824
59.883,-0.07422252,-0.047885496,9.763853
59.909,-0.057462595,-0.043096945,9.787795
59.943,-0.06464542,-0.047885496,9.79019
59.983,-0.076616794,-0.03351985,9.775824
