timestamp,x,y,z
00.008,-4.5,-70.38,-42.12
00.028,-4.38,-70.38,-42.6
00.049,-4.56,-70.02,-42.36
00.088,-5.04,-70.14,-41.82
00.129,-4.7999997,-70.619995,-41.94
00.149,-5.16,-70.56,-41.82
00.190,-4.98,-70.38,-42.18
00.231,-4.68,-70.5,-41.879997
00.250,-5.16,-70.439995,-42.059998
00.290,-5.52,-69.84,-42.18
00.329,-5.2799997,-69.84,-42.18
00.350,-5.22,-69.84,-41.94
00.389,-5.16,-69.84,-42.18
00.430,-4.92,-69.84,-42.12
00.449,-5.3399997,-69.84,-41.879997
00.489,-5.52,-70.979996,-42.18
00.528,-4.74,-71.159996,-41.82
00.549,-4.5,-70.799995,-41.34
00.588,-4.68,-70.5,-42.36
00.629,-5.1,-70.26,-42.3
00.650,-4.8599997,-70.439995,-41.94
00.688,-4.92,-70.32,-42.059998
00.730,-5.22,-70.32,-41.879997
00.751,-4.74,-70.38,-41.76
00.790,-4.8599997,-69.9,-42.36
00.828,-5.46,-70.32,-42.48
00.851,-5.16,-70.619995,-42.059998
00.889,-4.92,-70.74,-41.82
00.930,-4.74,-70.5,-42.12
00.969,-4.92,-70.92,-42.3
00.988,-4.7999997,-70.799995,-42.12
01.028,-4.8599997,-71.28,-42.54
01.069,-4.8599997,-70.74,-42.239998
01.094,-5.04,-70.619995,-42.059998
01.128,-4.7999997,-69.96,-42.239998
01.172,-4.74,-70.38,-42.36
01.191,-4.74,-70.56,-42.239998
01.229,-5.64,-70.86,-41.76
01.268,-5.8799996,-70.799995,-41.04
01.290,-5.7599998,-71.1,-41.76
01.330,-5.04,-70.86,-42.12
01.370,-4.68,-70.32,-42.54
01.390,-4.7999997,-70.32,-42.18
01.429,-5.3399997,-70.32,-41.7
01.470,-5.46,-69.9,-41.94
01.489,-5.46,-70.38,-42.0
01.528,-5.22,-70.5,-41.52
01.569,-5.2799997,-70.26,-41.94
01.589,-5.4,-70.32,-42.12
01.631,-5.46,-70.32,-42.66
01.671,-5.1,-70.02,-42.6
01.690,-5.2799997,-69.96,-42.66
01.730,-4.68,-70.74,-42.719997
01.771,-4.2,-71.04,-41.94
01.811,-4.68,-70.14,-41.7
01.830,-4.92,-70.56,-42.18
01.870,-5.2799997,-70.32,-41.94
01.910,-4.3199997,-70.2,-41.219997
01.930,-3.8999999,-70.2,-41.04
01.969,-4.38,-70.439995,-40.98
02.011,-4.7999997,-70.08,-40.98
02.035,-4.38,-70.08,-41.579998
02.070,-4.56,-69.54,-42.899998
02.111,-4.92,-69.78,-42.719997
02.129,-4.74,-69.6,-42.96
02.173,-4.68,-70.26,-43.2
02.211,-4.5,-70.32,-42.84
02.232,-4.5,-70.38,-42.66
02.271,-4.5,-70.56,-42.78
02.310,-5.16,-70.38,-42.12
02.330,-5.04,-70.5,-42.239998
02.375,-4.92,-70.32,-41.46
02.413,-5.22,-70.74,-41.399998
02.430,-4.74,-70.619995,-41.76
02.471,-4.92,-70.439995,-42.12
02.513,-4.92,-70.439995,-42.36
02.531,-4.74,-69.84,-41.94
02.571,-4.74,-70.38,-42.18
02.611,-5.58,-70.5,-42.42
02.651,-5.58,-70.68,-41.94
02.671,-5.3399997,-70.74,-41.879997
02.710,-5.04,-70.74,-42.42
02.751,-4.98,-70.86,-41.82
02.772,-4.74,-70.799995,-41.76
02.811,-4.7999997,-71.04,-41.82
02.832,-4.56,-71.28,-41.879997
02.872,-4.7999997,-70.619995,-42.66
02.913,-4.98,-70.2,-42.66
02.951,-5.2799997,-70.26,-41.82
02.971,-5.64,-70.08,-41.879997
03.011,-6.12,-70.619995,-41.879997
03.050,-5.58,-70.799995,-42.239998
03.070,-5.22,-70.74,-42.0
03.109,-5.2799997,-70.56,-42.059998
03.151,-5.22,-70.26,-42.0
03.170,-5.04,-69.9,-41.879997
03.210,-4.92,-70.14,-41.64
03.251,-4.74,-70.68,-41.76
03.272,-4.5,-70.38,-41.219997
03.311,-4.98,-70.799995,-41.34
03.352,-5.1,-70.619995,-41.879997
03.371,-4.98,-70.14,-41.879997
03.412,-4.74,-70.32,-42.3
03.453,-4.8599997,-70.02,-42.0
03.490,-4.44,-69.84,-41.94
03.512,-4.8599997,-69.78,-42.059998
03.550,-5.1,-70.14,-42.239998
03.590,-5.22,-70.38,-42.12
03.613,-4.8599997,-70.08,-42.54
03.650,-4.74,-70.26,-42.239998
03.690,-4.8599997,-70.74,-42.3
03.710,-4.98,-70.619995,-42.42
03.751,-5.22,-70.5,-42.18
03.791,-4.92,-71.04,-42.059998
03.811,-5.46,-71.159996,-41.579998
03.852,-5.58,-70.68,-41.399998
03.891,-4.7999997,-70.5,-41.879997
03.910,-5.22,-70.2,-42.18
03.955,-5.46,-70.56,-42.899998
03.990,-4.7999997,-70.08,-41.64
04.011,-4.68,-69.78,-41.28
04.049,-4.62,-69.84,-41.34
04.089,-5.22,-69.84,-42.3
04.110,-5.22,-70.02,-42.48
04.153,-4.5,-70.68,-42.48
04.191,-4.02,-70.5,-42.059998
04.210,-4.5,-70.619995,-41.94
04.253,-5.22,-70.38,-42.18
04.291,-4.92,-70.619995,-41.94
04.331,-4.44,-70.26,-41.579998
04.351,-4.68,-70.56,-41.52
04.391,-4.68,-70.86,-41.7
04.430,-4.92,-70.56,-41.579998
04.451,-4.92,-69.96,-41.76
04.491,-4.8599997,-70.02,-41.46
04.529,-5.4,-70.32,-41.399998
04.549,-5.2799997,-70.619995,-42.0
04.592,-4.92,-70.2,-42.42
04.631,-4.7999997,-70.14,-42.0
04.650,-5.04,-70.32,-41.52
04.694,-5.22,-70.74,-40.98
04.729,-5.58,-70.86,-41.52
04.751,-5.3399997,-71.22,-41.7
04.791,-5.2799997,-70.799995,-42.42
04.832,-5.1,-70.02,-42.48
04.851,-5.3399997,-69.96,-42.48
04.891,-4.98,-70.56,-42.12
04.932,-4.38,-70.619995,-41.94
04.951,-4.68,-70.439995,-41.82
04.991,-4.2599998,-70.26,-41.399998
05.030,-5.22,-70.08,-41.28
05.051,-5.22,-69.96,-41.28
05.097,-5.52,-69.54,-41.579998
05.129,-5.3399997,-69.84,-41.82
05.153,-5.2799997,-70.56,-41.64
05.191,-4.8599997,-70.38,-42.42
05.231,-4.3199997,-69.78,-42.719997
05.270,-4.44,-70.02,-42.719997
05.290,-4.02,-70.5,-42.6
05.330,-4.44,-70.56,-41.82
05.370,-5.04,-70.439995,-41.879997
05.391,-4.98,-70.14,-41.879997
05.431,-5.04,-69.659996,-41.52
05.473,-5.52,-69.6,-41.28
05.490,-5.7599998,-69.96,-41.52
05.531,-5.7599998,-70.14,-42.0
05.570,-4.74,-70.08,-42.3
05.591,-4.68,-70.14,-42.54
05.634,-4.44,-69.96,-42.6
05.670,-5.16,-69.96,-41.879997
05.689,-5.1,-69.96,-41.64
05.729,-4.7999997,-70.26,-41.46
05.769,-4.68,-70.2,-41.82
05.789,-4.7999997,-69.9,-42.0
05.829,-5.64,-69.659996,-41.94
05.870,-5.22,-69.24,-42.12
05.890,-4.68,-69.54,-42.54
05.930,-4.98,-69.479996,-42.12
05.970,-4.62,-69.6,-41.579998
06.010,-4.74,-70.14,-41.879997
06.030,-4.98,-69.84,-41.76
06.071,-5.04,-70.02,-41.46
06.111,-5.04,-70.14,-40.86
06.131,-4.98,-70.26,-41.219997
06.169,-5.04,-70.38,-41.64
06.211,-5.3399997,-70.56,-41.76
06.230,-5.2799997,-70.74,-41.82
06.270,-4.92,-70.439995,-42.54
06.309,-5.22,-70.14,-42.059998
06.329,-5.58,-70.14,-41.82
06.370,-5.58,-70.2,-41.76
06.409,-5.22,-70.92,-42.239998
06.430,-5.4,-71.1,-42.18
06.469,-5.58,-72.0,-41.82
06.509,-5.8199997,-71.04,-41.52
06.529,-5.8799996,-70.439995,-41.579998
06.569,-4.7999997,-69.96,-41.879997
06.612,-4.56,-70.02,-42.96
06.629,-4.2,-70.619995,-42.0
06.670,-4.38,-70.2,-41.64
06.710,-4.74,-70.439995,-41.82
06.730,-4.68,-70.68,-41.28
06.769,-5.7,-69.96,-41.28
06.809,-5.64,-69.9,-42.239998
06.849,-4.74,-69.78,-42.059998
06.870,-4.62,-69.6,-42.12
06.910,-4.7999997,-69.84,-42.78
06.949,-5.1,-70.619995,-42.48
06.970,-5.1,-70.32,-42.059998
07.010,-4.56,-69.479996,-41.879997
07.051,-4.02,-69.119995,-41.82
07.069,-4.38,-69.36,-41.76
07.110,-4.5,-69.9,-42.059998
07.151,-4.02,-69.6,-42.12
07.170,-4.38,-69.54,-42.0
07.210,-4.92,-69.6,-41.76
07.251,-4.8599997,-70.2,-41.64
07.271,-5.64,-70.14,-41.94
07.311,-5.2799997,-69.9,-42.0
07.351,-4.7999997,-69.78,-41.879997
07.370,-5.1,-69.84,-41.64
07.410,-4.92,-69.78,-40.92
07.451,-5.52,-69.36,-41.52
07.470,-5.16,-69.0,-41.879997
07.512,-5.16,-69.96,-42.239998
07.553,-5.04,-70.619995,-41.46
07.590,-4.98,-69.72,-41.52
07.610,-5.16,-69.84,-41.94
07.651,-5.46,-69.24,-42.12
07.692,-5.7599998,-69.54,-41.04
07.711,-5.7599998,-69.72,-41.04
07.751,-5.7,-70.2,-41.04
07.791,-4.56,-70.08,-41.76
07.810,-4.8599997,-70.08,-41.52
07.851,-5.1,-69.78,-42.059998
07.889,-4.08,-69.72,-41.879997
07.909,-4.44,-70.02,-41.82
07.951,-4.56,-70.439995,-41.579998
07.991,-5.04,-70.92,-42.3
08.011,-5.46,-71.159996,-42.36
08.050,-5.94,-70.38,-42.059998
08.090,-4.7999997,-70.08,-41.76
08.110,-4.68,-70.08,-41.7
08.150,-5.04,-69.9,-41.64
08.190,-5.22,-70.2,-41.7
08.211,-5.3399997,-69.96,-41.82
08.250,-4.98,-70.2,-42.12
08.295,-4.56,-70.14,-42.059998
08.314,-4.8599997,-69.72,-41.82
08.351,-4.7999997,-69.9,-42.54
08.393,-4.44,-70.02,-42.84
08.413,-4.68,-69.84,-42.239998
08.449,-4.62,-70.2,-41.579998
08.497,-4.68,-70.38,-41.399998
08.530,-4.68,-69.6,-42.3
08.550,-4.74,-70.02,-42.48
08.590,-4.2599998,-70.619995,-42.059998
08.629,-4.38,-70.439995,-42.18
08.651,-4.3199997,-70.2,-42.059998
08.691,-5.22,-70.26,-42.42
08.712,-5.22,-70.08,-42.239998
08.750,-4.92,-69.78,-41.16
08.790,-5.1,-70.02,-41.219997
08.831,-5.46,-70.439995,-41.879997
08.850,-5.22,-70.5,-42.12
08.890,-5.52,-70.38,-42.3
08.930,-5.8799996,-70.26,-42.66
08.950,-5.46,-70.38,-42.54
08.989,-4.8599997,-70.26,-41.82
09.030,-5.1,-69.78,-42.0
09.048,-5.1,-69.6,-42.059998
09.091,-4.5,-69.9,-42.42
09.130,-4.8599997,-69.84,-42.059998
09.150,-5.1,-69.54,-41.94
09.190,-4.98,-70.08,-41.76
09.230,-5.3399997,-70.74,-41.34
09.251,-4.98,-70.68,-41.579998
09.289,-4.74,-70.86,-41.64
09.330,-4.92,-70.799995,-41.76
09.371,-4.98,-70.08,-42.42
09.391,-5.4,-70.38,-42.36
09.430,-4.7999997,-70.56,-41.94
09.469,-4.38,-69.96,-41.64
09.490,-4.62,-69.96,-41.16
09.530,-5.4,-69.84,-41.7
09.569,-5.52,-70.2,-42.3
09.590,-5.3399997,-69.78,-42.42
09.629,-4.92,-69.9,-42.42
09.671,-4.92,-70.439995,-42.66
09.689,-5.4,-70.5,-42.899998
09.730,-5.7,-70.32,-42.66
09.771,-4.74,-70.26,-42.18
09.790,-5.52,-70.32,-41.879997
09.830,-5.94,-70.439995,-42.18
09.869,-5.16,-70.979996,-41.34
09.892,-5.46,-70.74,-41.16
09.929,-5.3399997,-70.619995,-41.219997
09.970,-5.2799997,-70.5,-42.0
09.990,-4.7999997,-70.5,-42.48
10.028,-4.62,-71.04,-41.94
10.069,-5.2799997,-71.22,-41.94
10.109,-4.98,-71.4,-42.12
10.129,-5.2799997,-70.979996,-41.879997
10.170,-5.7,-70.14,-41.64
10.211,-5.16,-69.96,-41.52
10.229,-4.38,-70.68,-41.219997
10.269,-4.68,-70.86,-41.219997
10.309,-4.44,-70.32,-41.94
10.329,-4.14,-70.5,-42.18
10.369,-4.08,-70.38,-41.7
10.409,-4.56,-70.14,-41.879997
10.429,-4.7999997,-70.02,-42.239998
10.470,-4.68,-69.9,-42.3
10.509,-5.04,-70.799995,-42.48
10.528,-5.22,-70.74,-42.48
10.569,-5.58,-70.38,-42.059998
10.608,-5.22,-70.56,-41.64
10.629,-5.22,-70.08,-41.64
10.668,-5.58,-70.26,-41.34
10.709,-5.2799997,-70.32,-41.34
10.731,-5.04,-70.26,-41.1
10.768,-5.4,-70.14,-40.92
10.810,-5.1,-70.38,-41.64
10.829,-4.8599997,-70.2,-41.399998
10.870,-4.74,-69.84,-41.34
10.909,-5.4,-69.84,-41.1
10.930,-5.2799997,-70.08,-41.46
10.971,-4.92,-70.26,-41.579998
11.010,-4.98,-70.74,-42.6
11.050,-5.1,-70.08,-42.66
11.069,-4.92,-69.96,-42.54
11.110,-5.22,-69.54,-42.42
11.148,-5.04,-69.9,-42.719997
11.170,-4.7999997,-69.9,-42.48
11.210,-5.16,-69.96,-41.579998
11.250,-5.8799996,-69.659996,-41.28
11.269,-6.0,-69.84,-41.16
11.309,-5.4,-69.9,-41.94
11.350,-5.22,-70.02,-41.879997
11.370,-5.2799997,-70.08,-42.059998
11.410,-5.22,-70.32,-42.12
11.450,-4.56,-69.78,-41.879997
11.469,-4.62,-69.72,-42.0
11.510,-4.38,-69.659996,-42.239998
11.549,-4.74,-69.96,-41.82
11.570,-4.74,-70.38,-42.3
11.609,-4.8599997,-70.26,-42.059998
11.651,-4.62,-70.38,-42.059998
11.669,-4.62,-70.32,-42.059998
11.709,-4.62,-69.9,-42.12
11.748,-4.02,-70.32,-42.239998
11.770,-4.2599998,-70.02,-41.82
11.810,-5.04,-69.78,-42.0
11.849,-5.2799997,-69.479996,-42.059998
11.893,-4.5,-70.14,-41.879997
11.910,-4.7999997,-70.02,-42.12
11.951,-5.2799997,-69.96,-42.12
11.989,-5.1,-70.08,-41.16
12.011,-4.98,-70.32,-41.219997
12.050,-5.16,-69.96,-41.94
12.089,-5.22,-70.02,-42.54
12.109,-5.16,-70.38,-42.54
12.149,-5.46,-70.68,-42.059998
12.190,-5.7,-70.619995,-41.34
12.210,-5.52,-70.979996,-41.34
12.250,-5.58,-70.68,-41.16
12.290,-5.2799997,-70.2,-41.94
12.310,-5.4,-70.38,-41.94
12.350,-4.7999997,-70.08,-42.239998
12.389,-4.92,-69.659996,-42.12
12.412,-4.98,-69.6,-42.059998
12.449,-5.52,-70.5,-41.76
12.491,-6.12,-70.799995,-41.34
12.530,-5.94,-70.86,-41.879997
12.548,-5.7,-70.68,-41.879997
12.587,-4.98,-70.68,-42.54
12.628,-4.5,-70.799995,-41.7
12.647,-4.92,-70.799995,-41.34
12.688,-5.4,-70.38,-41.28
12.730,-5.52,-70.38,-41.46
12.750,-5.3399997,-70.38,-41.76
12.789,-4.74,-70.619995,-41.76
12.828,-4.56,-70.439995,-41.46
12.849,-4.68,-70.38,-41.16
12.890,-5.3399997,-70.2,-41.64
12.929,-4.62,-70.08,-42.239998
12.950,-4.68,-70.38,-41.879997
12.989,-4.74,-69.84,-41.46
13.030,-5.4,-70.26,-41.7
13.049,-4.98,-70.68,-41.82
13.090,-5.16,-70.38,-42.6
13.129,-4.8599997,-70.14,-42.18
13.150,-4.74,-70.38,-42.66
13.189,-4.98,-70.26,-42.66
13.236,-4.7999997,-70.5,-41.94
13.249,-5.04,-70.86,-41.7
13.289,-5.52,-71.22,-41.1
13.330,-4.8599997,-70.5,-42.059998
13.350,-5.3399997,-70.5,-42.54
13.390,-6.12,-71.04,-42.18
13.429,-6.0,-70.5,-41.579998
13.468,-5.52,-69.72,-41.46
13.488,-6.12,-70.14,-42.0
13.528,-6.2999997,-70.74,-42.239998
13.552,-5.04,-70.439995,-42.42
13.588,-4.56,-70.32,-41.52
13.630,-5.8799996,-70.26,-41.7
13.669,-5.46,-70.619995,-42.239998
13.689,-4.74,-70.26,-42.48
13.730,-4.62,-69.84,-42.719997
13.768,-4.3199997,-69.479996,-41.7
13.789,-4.74,-69.6,-41.82
13.828,-5.4,-69.119995,-41.28
13.870,-4.44,-68.7,-41.399998
13.889,-4.5,-68.82,-41.64
13.931,-4.44,-69.9,-41.76
13.968,-4.5,-70.92,-41.1
13.990,-4.44,-70.439995,-41.16
14.029,-4.56,-70.2,-41.46
14.071,-4.2,-70.56,-41.64
14.089,-3.9599998,-70.32,-41.76
14.129,-4.56,-70.38,-42.12
14.170,-5.2799997,-70.14,-42.18
14.190,-6.06,-70.38,-41.64
14.231,-6.0,-69.9,-41.82
14.268,-5.04,-69.6,-42.36
14.309,-5.04,-69.42,-42.239998
14.329,-5.2799997,-69.78,-42.0
14.367,-5.22,-70.02,-41.82
14.409,-5.1,-70.439995,-41.82
14.429,-4.7999997,-70.26,-41.52
14.469,-4.38,-70.56,-41.34
14.509,-3.8999999,-70.38,-41.82
14.528,-4.62,-70.38,-41.94
14.569,-5.7,-69.96,-41.579998
14.610,-4.98,-70.38,-41.399998
14.629,-4.62,-70.32,-41.46
14.670,-4.74,-70.08,-41.64
14.711,-5.16,-70.14,-41.7
14.730,-5.16,-70.08,-41.64
14.771,-5.1,-70.14,-41.28
14.809,-5.46,-70.08,-41.219997
14.831,-5.46,-70.26,-41.46
14.870,-5.1,-70.02,-41.34
14.908,-5.2799997,-70.02,-40.92
14.929,-5.64,-70.08,-41.219997
14.969,-5.64,-69.78,-41.64
15.009,-5.2799997,-70.14,-41.82
15.029,-5.4,-70.32,-41.76
15.069,-4.7999997,-70.86,-42.0
15.108,-4.8599997,-70.979996,-41.219997
15.130,-4.98,-70.74,-41.399998
15.169,-5.22,-70.5,-41.76
15.208,-4.56,-70.5,-42.059998
15.249,-3.8999999,-70.799995,-41.7
15.269,-3.9599998,-71.04,-41.94
15.310,-4.92,-70.439995,-42.42
15.349,-5.2799997,-70.439995,-42.36
15.369,-4.68,-70.5,-42.059998
15.409,-4.5,-70.92,-41.28
15.448,-4.98,-70.979996,-41.7
15.469,-4.62,-70.14,-41.76
15.509,-4.8599997,-70.14,-42.18
15.548,-5.58,-70.38,-42.48
15.570,-5.94,-70.14,-42.84
15.610,-5.8199997,-69.96,-42.719997
15.649,-5.4,-69.42,-42.059998
15.668,-5.04,-69.42,-41.94
15.709,-4.62,-69.9,-41.94
15.750,-4.62,-70.2,-42.18
15.769,-5.04,-70.439995,-42.36
15.809,-4.74,-70.68,-41.76
15.849,-4.8599997,-70.14,-41.16
15.870,-5.04,-70.02,-41.34
15.910,-5.1,-69.54,-42.0
15.950,-5.8199997,-70.02,-41.7
15.990,-6.12,-70.5,-41.46
16.008,-6.06,-70.74,-41.64
16.049,-5.7,-69.96,-42.42
16.090,-5.1,-70.439995,-42.66
16.110,-4.38,-70.799995,-43.14
16.149,-4.3199997,-71.28,-42.6
16.188,-5.04,-70.68,-41.7
16.209,-5.7599998,-70.799995,-41.76
16.248,-5.64,-70.56,-41.7
16.288,-4.98,-70.2,-42.059998
16.308,-4.5,-70.38,-42.059998
16.349,-4.7999997,-70.439995,-41.94
16.390,-4.74,-70.86,-41.579998
16.409,-4.2599998,-70.5,-41.94
16.450,-4.56,-69.84,-42.239998
16.496,-4.7999997,-69.84,-42.48
16.509,-5.04,-70.14,-42.48
16.547,-5.1,-70.38,-42.18
16.590,-4.7999997,-70.26,-42.12
16.609,-4.68,-69.54,-42.54
16.650,-4.92,-69.78,-42.0
16.690,-5.3399997,-70.26,-41.64
16.710,-5.46,-70.26,-41.64
16.749,-5.8199997,-70.02,-41.76
16.790,-5.4,-69.9,-41.82
16.829,-4.56,-69.84,-42.18
16.849,-4.98,-69.54,-42.36
16.889,-5.3399997,-70.26,-42.48
16.929,-5.1,-70.619995,-42.059998
16.950,-5.2799997,-70.439995,-42.6
16.989,-5.04,-70.619995,-42.18
17.028,-4.74,-70.619995,-41.219997
17.048,-4.8599997,-70.56,-41.879997
17.090,-4.5,-70.08,-42.42
17.130,-4.7999997,-70.14,-42.239998
17.150,-5.22,-70.38,-41.94
17.187,-5.58,-70.92,-41.76
17.230,-4.92,-70.74,-41.46
17.250,-4.7999997,-70.26,-41.64
17.289,-4.5,-69.54,-42.36
17.328,-4.68,-69.42,-42.42
17.349,-4.92,-69.9,-42.6
17.388,-4.92,-69.42,-42.36
17.429,-5.1,-69.54,-41.94
17.449,-4.98,-69.9,-41.579998
17.496,-5.16,-69.96,-41.52
17.528,-4.98,-69.72,-41.82
17.568,-4.62,-69.84,-41.879997
17.588,-4.62,-70.02,-42.12
17.627,-4.68,-70.26,-42.059998
17.669,-5.2799997,-70.32,-41.879997
17.688,-5.3399997,-70.5,-42.3
17.729,-4.2599998,-71.159996,-41.879997
17.770,-3.6,-71.76,-42.36
17.789,-3.6599998,-72.06,-42.66
17.828,-3.0,-72.119995,-42.42
17.868,-3.24,-72.42,-41.64
17.890,-3.54,-72.42,-41.64
17.928,-3.3,-72.9,-41.879997
17.971,-3.06,-72.299995,-41.7
17.989,-3.54,-72.18,-41.64
18.028,-4.62,-72.42,-42.66
18.069,-4.2599998,-72.54,-43.079998
18.089,-3.78,-72.18,-43.2
18.129,-4.02,-72.0,-42.6
18.168,-3.8999999,-72.659996,-42.0
18.189,-3.6599998,-72.36,-41.76
18.228,-3.8999999,-71.4,-41.879997
18.268,-4.2,-72.119995,-42.54
18.289,-3.9599998,-72.24,-42.3
18.328,-3.4199998,-72.06,-41.879997
18.368,-3.12,-72.06,-42.0
18.389,-3.1799998,-72.06,-41.64
18.429,-3.8999999,-72.6,-42.12
18.468,-4.08,-71.76,-42.48
18.508,-3.84,-72.299995,-42.3
18.528,-3.78,-72.18,-42.239998
18.568,-4.74,-71.52,-42.3
18.608,-5.22,-71.52,-42.18
18.629,-5.04,-71.1,-41.64
18.670,-4.74,-71.4,-41.76
18.708,-4.56,-71.22,-42.239998
18.730,-4.8599997,-70.86,-42.239998
18.767,-4.92,-70.5,-42.239998
18.808,-4.68,-70.38,-42.3
18.827,-5.22,-70.799995,-42.059998
18.866,-5.4,-70.26,-41.399998
18.908,-5.3399997,-70.32,-41.64
18.927,-5.2799997,-69.96,-41.879997
18.968,-5.58,-70.08,-41.76
19.008,-5.22,-70.2,-42.48
19.029,-5.46,-70.26,-42.54
19.068,-4.7999997,-69.72,-41.879997
19.109,-4.8599997,-69.36,-41.399998
19.129,-5.3399997,-69.72,-41.219997
19.168,-5.3399997,-70.32,-41.52
19.209,-4.92,-70.619995,-42.18
19.229,-5.1,-70.68,-41.82
19.270,-4.98,-70.5,-41.82
19.309,-4.98,-70.32,-42.239998
19.349,-5.46,-70.26,-42.42
19.368,-5.58,-70.92,-42.6
19.409,-4.7999997,-70.5,-42.3
19.450,-5.64,-70.08,-41.46
19.468,-5.46,-69.96,-41.04
19.509,-5.16,-70.26,-41.46
19.548,-5.2799997,-70.74,-42.42
19.570,-5.4,-70.38,-42.0
19.608,-5.7599998,-70.2,-42.059998
19.649,-5.52,-70.08,-41.82
19.668,-5.04,-70.5,-42.059998
19.709,-4.8599997,-71.1,-41.76
19.749,-5.64,-70.5,-41.7
19.770,-5.7599998,-70.68,-42.059998
19.810,-5.16,-71.159996,-41.879997
19.849,-4.8599997,-70.86,-41.76
19.869,-5.16,-70.619995,-41.64
19.909,-5.7,-70.32,-41.04
19.949,-5.8199997,-69.84,-41.399998
19.969,-5.16,-69.9,-41.399998
20.010,-4.74,-70.38,-42.18
20.051,-4.44,-69.96,-42.239998
20.069,-4.3199997,-69.96,-42.42
20.110,-4.98,-70.02,-42.239998
20.151,-5.8799996,-70.08,-42.0
20.170,-5.58,-69.84,-41.82
20.210,-5.1,-70.02,-41.82
20.250,-5.04,-70.02,-41.46
20.290,-4.74,-69.659996,-41.46
20.309,-4.68,-69.78,-41.46
20.348,-5.04,-70.08,-42.42
20.388,-5.2799997,-70.2,-41.76
20.410,-5.64,-70.08,-41.1
20.449,-4.98,-69.659996,-42.12
20.489,-5.1,-69.72,-42.48
20.510,-4.8599997,-69.299995,-42.12
20.548,-5.16,-69.96,-42.18
20.589,-4.98,-70.38,-42.059998
20.609,-5.1,-70.14,-41.94
20.651,-5.16,-70.02,-41.28
20.690,-4.8599997,-70.2,-41.52
20.709,-4.98,-70.26,-41.82
20.750,-4.98,-70.26,-41.7
20.790,-4.56,-69.72,-42.48
20.809,-4.7999997,-70.2,-42.48
20.850,-5.3399997,-70.799995,-42.239998
20.890,-5.46,-70.86,-41.879997
20.909,-5.4,-70.439995,-41.34
20.949,-4.8599997,-69.9,-41.7
20.989,-4.92,-70.56,-42.059998
21.011,-4.56,-70.14,-42.12
21.049,-4.62,-70.2,-41.82
21.089,-5.1,-70.619995,-41.52
21.130,-5.46,-70.92,-42.48
21.150,-5.64,-70.74,-42.54
21.190,-5.46,-70.26,-42.42
21.229,-4.8599997,-70.619995,-42.3
21.250,-5.22,-70.619995,-42.059998
21.290,-5.22,-70.2,-42.3
21.329,-5.8199997,-70.32,-41.7
21.348,-5.7599998,-69.96,-41.52
21.390,-4.8599997,-69.78,-42.059998
21.430,-4.5,-70.68,-42.54
21.452,-4.8599997,-70.56,-42.239998
21.488,-5.2799997,-70.2,-41.82
21.528,-4.92,-70.439995,-41.34
21.548,-4.8599997,-70.5,-40.92
21.590,-4.14,-70.5,-40.62
21.629,-4.56,-70.799995,-40.5
21.649,-4.7999997,-70.86,-40.739998
21.689,-5.1,-70.979996,-41.52
21.730,-4.62,-70.56,-41.34
21.750,-4.2,-70.56,-41.46
21.790,-4.74,-70.26,-41.04
21.828,-5.16,-69.78,-40.92
21.868,-5.2799997,-70.02,-41.16
21.889,-5.22,-69.84,-41.52
21.929,-5.1,-69.84,-41.879997
21.969,-5.04,-70.68,-41.46
21.989,-4.92,-70.799995,-41.04
22.030,-5.4,-70.5,-41.34
22.070,-5.8799996,-70.14,-41.76
22.090,-5.8799996,-70.02,-41.76
22.130,-5.2799997,-70.38,-41.46
22.170,-4.92,-71.04,-41.16
22.188,-5.04,-70.32,-41.1
22.228,-4.7999997,-70.38,-41.34
22.269,-4.68,-70.5,-40.92
22.288,-5.04,-70.26,-41.579998
22.329,-5.64,-70.86,-41.399998
22.368,-5.2799997,-70.74,-41.579998
22.390,-4.8599997,-70.56,-41.82
22.429,-4.98,-70.02,-41.7
22.468,-4.7999997,-69.96,-42.239998
22.488,-4.92,-69.78,-42.36
22.531,-5.52,-69.9,-41.7
22.569,-5.8199997,-69.659996,-41.82
22.589,-5.3399997,-69.36,-41.28
22.630,-4.44,-70.32,-41.399998
22.670,-4.8599997,-70.86,-41.46
22.695,-4.8599997,-70.56,-41.1
22.729,-5.8799996,-70.68,-41.64
22.770,-4.56,-70.92,-41.7
22.810,-4.68,-71.159996,-41.28
22.829,-4.92,-70.979996,-41.16
22.870,-5.4,-70.439995,-41.219997
22.910,-5.7599998,-69.78,-41.399998
22.931,-6.0,-69.72,-41.64
22.971,-6.24,-70.26,-41.579998
22.992,-5.94,-70.439995,-41.879997
23.031,-5.58,-70.32,-41.219997
23.071,-5.16,-70.32,-41.28
23.111,-5.16,-70.68,-41.82
23.131,-5.04,-70.74,-41.579998
23.174,-4.62,-70.14,-41.28
23.210,-5.3399997,-70.26,-41.7
23.232,-5.64,-70.56,-41.82
23.271,-5.7599998,-70.68,-42.3
23.311,-5.3399997,-70.619995,-42.18
23.330,-5.3399997,-70.619995,-42.12
23.370,-5.46,-70.14,-42.42
23.411,-4.8599997,-69.72,-42.36
23.432,-4.7999997,-69.659996,-42.18
23.470,-4.2599998,-70.5,-40.62
23.513,-4.5,-70.68,-40.8
23.531,-5.04,-70.74,-41.1
23.571,-4.92,-70.38,-41.7
23.611,-4.62,-70.439995,-41.76
23.652,-4.62,-70.619995,-41.76
23.670,-4.8599997,-69.84,-41.64
23.711,-5.2799997,-69.42,-41.219997
23.751,-5.22,-70.979996,-41.52
23.771,-5.16,-71.1,-41.34
23.811,-5.04,-70.979996,-41.52
23.832,-5.46,-70.08,-41.64
23.871,-6.0,-69.36,-42.6
23.912,-5.7,-69.54,-42.66
23.950,-5.7599998,-70.38,-41.76
23.972,-5.7,-70.32,-41.879997
24.011,-4.8599997,-71.28,-41.579998
24.050,-4.98,-71.34,-41.1
24.071,-5.22,-70.979996,-41.219997
24.111,-5.52,-70.56,-40.8
24.151,-4.8599997,-70.619995,-40.44
24.170,-5.3399997,-70.5,-40.5
24.211,-4.92,-70.2,-41.28
24.251,-4.56,-70.14,-41.46
24.271,-4.56,-70.02,-41.64
24.311,-5.04,-69.84,-41.52
24.351,-5.3399997,-70.14,-42.3
24.371,-4.8599997,-70.14,-42.239998
24.410,-3.9599998,-69.96,-41.28
24.450,-4.62,-69.96,-41.04
24.490,-5.7599998,-69.9,-40.86
24.511,-5.94,-70.08,-40.8
24.550,-5.46,-70.08,-41.399998
24.590,-5.1,-70.2,-41.399998
24.611,-5.22,-70.08,-41.34
24.651,-4.98,-70.08,-41.879997
24.690,-5.22,-69.9,-42.059998
24.711,-5.46,-69.72,-42.059998
24.751,-5.1,-70.2,-41.879997
24.791,-5.52,-69.6,-42.0
24.810,-6.0,-69.96,-42.3
24.851,-6.18,-70.439995,-42.239998
24.890,-5.2799997,-70.5,-41.46
24.912,-5.52,-70.68,-41.28
24.952,-4.74,-70.5,-41.64
24.991,-4.92,-71.04,-41.16
25.010,-4.98,-71.04,-40.68
25.050,-5.7,-70.619995,-41.04
25.091,-5.94,-70.979996,-41.399998
25.110,-5.4,-71.04,-41.579998
25.150,-5.2799997,-70.92,-41.7
25.189,-5.58,-71.1,-41.34
25.210,-5.2799997,-70.979996,-41.46
25.251,-4.68,-70.32,-41.399998
25.290,-4.92,-69.96,-41.52
25.311,-4.92,-69.78,-41.52
25.351,-5.1,-69.84,-41.579998
25.390,-4.68,-70.08,-41.64
25.430,-4.44,-70.26,-41.879997
25.451,-4.92,-70.26,-42.12
25.492,-5.46,-70.38,-41.879997
25.514,-5.7599998,-70.439995,-41.879997
25.550,-5.46,-70.68,-40.8
25.591,-4.98,-70.32,-40.86
25.631,-5.2799997,-70.02,-41.399998
25.650,-5.7,-69.96,-41.76
25.689,-5.16,-69.9,-41.219997
25.728,-5.4,-69.72,-41.46
25.749,-5.8199997,-69.6,-42.239998
25.790,-5.46,-70.5,-41.879997
25.830,-5.04,-70.92,-41.1
25.851,-5.04,-70.56,-40.98
25.891,-5.3399997,-70.14,-40.92
25.931,-5.46,-70.2,-41.579998
25.951,-5.46,-69.84,-42.12
25.991,-5.58,-70.08,-42.239998
26.031,-5.58,-70.32,-41.579998
26.051,-5.2799997,-70.5,-41.46
26.091,-5.58,-70.26,-42.239998
26.130,-6.3599997,-70.14,-42.84
26.151,-5.58,-70.26,-42.42
26.191,-4.8599997,-70.02,-41.94
26.230,-4.92,-69.96,-41.579998
26.270,-5.16,-69.9,-41.82
26.295,-5.22,-69.96,-42.48
26.331,-4.7999997,-69.9,-42.12
26.371,-4.68,-69.84,-41.94
26.390,-5.1,-70.38,-42.239998
26.429,-5.2799997,-69.96,-41.76
26.453,-5.3399997,-70.26,-41.52
26.490,-5.3399997,-70.26,-41.579998
26.529,-5.46,-70.08,-41.579998
26.571,-4.68,-69.36,-41.579998
26.591,-4.74,-69.659996,-41.82
26.631,-5.3399997,-70.08,-42.18
26.672,-5.46,-70.2,-42.059998
26.692,-5.22,-70.02,-41.76
26.725,-5.58,-70.2,-41.76
26.771,-4.98,-70.26,-41.52
26.791,-4.2,-69.72,-41.579998
26.832,-4.2599998,-69.84,-41.64
26.871,-4.7999997,-69.84,-41.7
26.891,-5.52,-70.08,-42.239998
26.930,-5.4,-69.84,-41.879997
26.970,-4.38,-69.9,-41.579998
26.991,-4.3199997,-70.2,-41.579998
27.030,-4.38,-70.5,-41.399998
27.071,-4.56,-71.159996,-41.82
27.109,-5.04,-71.22,-42.18
27.131,-5.22,-70.799995,-42.059998
27.170,-4.98,-69.9,-42.059998
27.210,-4.8599997,-70.439995,-41.879997
27.231,-5.04,-70.38,-42.239998
27.271,-5.04,-70.68,-41.219997
27.310,-5.94,-70.32,-40.739998
27.331,-5.58,-70.2,-41.16
27.372,-5.7,-70.38,-41.1
27.412,-5.7,-70.26,-41.46
27.431,-5.1,-70.439995,-41.82
27.470,-4.92,-70.619995,-41.579998
27.513,-5.16,-70.5,-41.64
27.529,-5.7,-70.2,-41.64
27.570,-5.8199997,-70.439995,-41.219997
27.610,-5.7,-70.08,-41.7
27.630,-5.8799996,-69.78,-42.18
27.672,-6.0,-69.659996,-42.059998
27.710,-5.64,-70.38,-42.12
27.731,-5.4,-70.68,-42.239998
27.771,-5.22,-70.38,-42.0
27.810,-4.8599997,-70.439995,-41.46
27.831,-4.74,-70.26,-41.16
27.871,-4.74,-70.08,-41.7
27.910,-5.16,-70.2,-41.7
27.951,-5.58,-70.32,-41.219997
27.970,-5.7,-70.38,-41.04
28.012,-5.22,-70.14,-41.52
28.051,-5.2799997,-70.2,-41.879997
28.070,-5.52,-70.26,-42.36
28.111,-5.7599998,-70.14,-42.54
28.150,-5.7,-70.14,-42.3
28.172,-5.58,-70.619995,-42.18
28.210,-5.7,-70.56,-42.3
28.251,-5.7599998,-69.6,-42.48
28.271,-5.4,-69.6,-41.76
28.310,-5.2799997,-69.54,-41.7
28.350,-4.74,-70.02,-41.94
28.370,-4.56,-70.32,-41.52
28.410,-5.16,-70.26,-42.12
28.449,-5.7,-69.96,-42.12
28.489,-5.16,-69.96,-41.76
28.511,-4.92,-70.38,-42.54
28.549,-4.98,-70.2,-42.66
28.570,-4.92,-70.2,-43.2
28.610,-4.56,-70.02,-41.7
28.651,-3.6599998,-70.02,-41.76
28.691,-3.72,-70.02,-42.6
28.711,-4.38,-69.6,-42.239998
28.752,-5.16,-69.54,-42.059998
28.792,-5.1,-69.78,-41.82
28.812,-5.1,-70.08,-41.76
28.852,-4.8599997,-70.38,-41.76
28.872,-5.2799997,-70.2,-41.7
28.911,-5.46,-70.5,-42.0
28.952,-5.22,-70.14,-41.399998
28.992,-5.22,-70.2,-40.92
29.012,-5.3399997,-70.38,-40.92
29.053,-4.98,-70.02,-41.76
29.092,-5.16,-69.9,-42.6
29.112,-5.8199997,-70.32,-42.48
29.151,-5.3399997,-70.08,-41.76
29.191,-5.16,-69.9,-41.46
29.211,-5.2799997,-69.72,-41.82
29.251,-5.52,-70.2,-41.76
29.292,-5.3399997,-69.84,-41.7
29.311,-5.46,-69.96,-41.82
29.352,-5.16,-70.02,-41.879997
29.391,-4.68,-70.5,-41.46
29.411,-4.74,-70.74,-41.46
29.451,-4.2599998,-69.84,-42.36
29.491,-4.98,-70.2,-42.36
29.511,-5.04,-70.619995,-42.18
29.550,-5.22,-70.5,-41.76
29.591,-5.2799997,-70.08,-42.18
29.631,-4.92,-69.9,-42.239998
29.652,-5.4,-70.14,-41.82
29.691,-4.98,-70.5,-41.579998
29.712,-5.7,-70.26,-41.76
29.752,-5.8199997,-70.38,-42.12
29.791,-6.06,-70.32,-42.3
29.831,-5.7,-70.439995,-42.0
29.852,-5.7,-70.5,-42.0
29.895,-5.4,-70.68,-42.239998
29.931,-5.4,-70.619995,-42.42
29.952,-5.7,-70.799995,-42.0
29.991,-5.3399997,-70.68,-42.0
30.032,-5.1,-70.38,-42.0
30.052,-5.04,-70.38,-41.46
30.093,-5.2799997,-70.08,-40.98
30.131,-5.04,-69.96,-41.82
30.152,-5.04,-69.96,-42.719997
30.191,-5.2799997,-70.26,-43.02
30.231,-5.52,-70.26,-42.18
30.253,-5.22,-70.14,-42.239998
30.292,-5.04,-69.36,-42.12
30.331,-5.04,-69.479996,-41.46
30.352,-5.22,-69.54,-41.1
30.392,-5.52,-69.9,-41.28
30.432,-5.8799996,-70.02,-41.94
30.471,-5.8799996,-70.32,-42.36
30.490,-5.64,-70.26,-42.899998
30.530,-4.92,-70.799995,-42.42
30.571,-4.56,-70.92,-41.46
30.590,-4.8599997,-70.86,-41.219997
30.630,-4.5,-70.439995,-41.1
30.670,-4.2,-70.799995,-41.219997
30.691,-5.04,-71.04,-41.16
30.731,-5.4,-70.26,-41.16
30.770,-5.22,-69.9,-41.76
30.791,-5.16,-69.72,-41.76
30.830,-4.8599997,-70.439995,-41.94
30.871,-5.04,-70.799995,-42.18
30.891,-5.3399997,-70.08,-42.42
30.930,-4.92,-70.02,-42.18
30.970,-4.74,-70.08,-42.0
30.991,-4.8599997,-70.26,-41.76
31.031,-5.3399997,-70.2,-42.0
31.072,-4.74,-70.439995,-41.94
31.090,-4.38,-70.56,-41.399998
31.130,-4.62,-70.5,-41.219997
31.171,-5.04,-70.32,-41.579998
31.211,-5.3399997,-70.02,-42.059998
31.231,-5.16,-69.6,-42.059998
31.270,-4.98,-69.78,-42.239998
31.311,-4.92,-70.32,-42.059998
31.331,-5.1,-70.32,-42.059998
31.371,-4.92,-70.92,-41.7
31.411,-4.62,-70.38,-42.12
31.431,-4.68,-70.2,-41.64
31.470,-5.22,-70.08,-41.579998
31.498,-5.22,-70.14,-41.34
31.531,-5.22,-69.479996,-41.1
31.571,-4.5,-69.659996,-41.52
31.611,-4.7999997,-70.02,-42.0
31.631,-4.68,-69.9,-42.239998
31.671,-4.98,-69.78,-42.42
31.711,-5.64,-70.02,-42.0
31.731,-5.2799997,-70.08,-42.059998
31.771,-4.8599997,-70.619995,-42.239998
31.811,-4.92,-70.56,-41.879997
31.830,-4.98,-70.5,-41.76
31.872,-4.74,-70.68,-41.94
31.911,-5.1,-70.32,-41.82
31.933,-4.68,-70.5,-41.7
31.970,-4.62,-70.799995,-41.879997
32.010,-4.8599997,-70.14,-41.879997
32.051,-5.4,-69.84,-41.7
32.074,-5.52,-69.96,-41.64
32.115,-5.64,-69.72,-42.36
32.150,-5.8799996,-69.9,-42.3
32.169,-6.12,-69.96,-42.42
32.210,-5.8199997,-69.9,-40.92
32.232,-5.64,-70.14,-41.16
32.274,-5.16,-70.56,-41.16
32.310,-5.2799997,-70.619995,-41.7
32.349,-4.92,-70.56,-41.64
32.369,-5.1,-70.68,-41.76
32.411,-5.3399997,-70.02,-42.12
32.450,-5.52,-70.08,-41.399998
32.470,-5.3399997,-70.439995,-41.64
32.509,-5.46,-70.74,-41.64
32.549,-5.8199997,-70.86,-41.28
32.571,-5.8799996,-70.68,-41.46
32.610,-6.06,-70.439995,-41.579998
32.651,-5.58,-69.84,-42.0
32.671,-4.98,-69.42,-41.76
32.711,-4.62,-69.72,-41.82
32.750,-5.46,-69.78,-41.52
32.772,-5.8199997,-70.08,-41.16
32.810,-5.94,-70.08,-41.28
32.851,-5.7,-69.78,-42.0
32.871,-5.7599998,-69.659996,-41.94
32.910,-5.7,-69.96,-42.0
32.951,-5.46,-70.26,-42.18
32.991,-5.22,-70.619995,-41.879997
33.012,-5.46,-71.1,-41.64
33.051,-5.04,-70.439995,-41.579998
33.091,-5.04,-69.9,-41.94
33.109,-4.98,-70.08,-41.879997
33.151,-5.3399997,-69.84,-42.3
33.191,-5.2799997,-70.2,-42.18
33.210,-5.16,-70.799995,-41.399998
33.250,-4.92,-70.619995,-42.059998
33.291,-5.22,-70.26,-42.78
33.312,-5.7,-70.14,-42.84
33.351,-5.46,-70.32,-42.66
33.390,-5.16,-70.2,-41.76
33.410,-5.2799997,-70.32,-41.579998
33.450,-4.3199997,-70.26,-41.579998
33.494,-4.3199997,-70.38,-42.0
33.512,-4.62,-70.439995,-41.64
33.550,-5.04,-70.86,-41.7
33.591,-4.5,-70.56,-41.579998
33.611,-4.5,-70.38,-41.7
33.650,-4.56,-70.2,-41.52
33.692,-4.68,-69.299995,-42.42
33.712,-4.8599997,-69.42,-42.3
33.752,-5.4,-70.32,-42.36
33.792,-5.46,-70.56,-42.18
33.831,-4.68,-70.5,-41.82
33.852,-4.38,-70.32,-42.059998
33.891,-4.2,-70.38,-42.54
33.932,-5.22,-70.56,-42.12
33.951,-5.46,-70.799995,-42.3
33.991,-5.58,-70.799995,-42.18
34.032,-5.46,-70.979996,-42.3
34.051,-5.04,-71.1,-42.0
34.091,-5.1,-70.5,-41.399998
34.131,-5.2799997,-69.9,-41.399998
34.151,-5.94,-70.26,-41.16
34.190,-5.7,-70.619995,-41.76
34.230,-5.4,-70.26,-42.12
34.250,-5.46,-69.9,-42.36
34.292,-5.2799997,-70.2,-42.36
34.331,-4.74,-70.2,-41.82
34.351,-4.92,-70.14,-41.28
34.391,-5.16,-69.479996,-41.34
34.431,-5.1,-69.479996,-41.94
34.451,-5.04,-69.9,-42.239998
34.493,-5.2799997,-69.9,-42.18
34.531,-5.4,-69.78,-42.0
34.571,-5.04,-69.6,-41.579998
34.591,-5.2799997,-69.84,-41.52
34.631,-5.3399997,-70.02,-41.64
34.670,-5.04,-70.439995,-41.94
34.691,-4.98,-70.26,-41.879997
34.731,-5.46,-69.84,-41.94
34.771,-4.7999997,-70.08,-42.36
34.790,-4.5,-70.5,-42.239998
34.830,-4.8599997,-70.439995,-42.059998
34.872,-5.22,-70.02,-41.52
34.891,-5.22,-70.2,-41.52
34.931,-5.64,-70.5,-40.98
34.971,-5.7,-70.08,-41.52
34.991,-5.58,-70.02,-41.399998
35.031,-5.8799996,-70.5,-41.52
35.071,-5.46,-70.08,-41.46
35.091,-5.52,-70.2,-41.76
35.130,-5.7,-70.619995,-41.64
35.170,-5.1,-70.619995,-41.52
35.190,-5.22,-70.799995,-41.64
35.231,-5.22,-70.5,-41.76
35.270,-5.7,-69.78,-42.12
35.292,-5.7599998,-70.02,-41.879997
35.330,-5.16,-69.659996,-41.46
35.371,-4.7999997,-70.26,-41.94
35.411,-4.8599997,-70.38,-42.0
35.431,-4.92,-70.2,-41.76
35.471,-4.92,-70.32,-41.82
35.507,-4.74,-69.9,-41.64
35.531,-4.98,-69.84,-42.0
35.569,-5.22,-70.14,-41.94
35.610,-5.2799997,-70.38,-41.7
35.630,-5.4,-70.68,-41.64
35.672,-5.2799997,-70.26,-41.28
35.709,-4.74,-69.72,-41.52
35.729,-4.98,-70.14,-41.04
35.771,-5.46,-70.32,-41.34
35.809,-5.22,-69.72,-42.059998
35.830,-5.22,-70.08,-42.0
35.869,-5.2799997,-70.14,-41.34
35.910,-5.46,-69.659996,-41.34
35.930,-4.92,-70.08,-41.34
35.970,-5.22,-70.979996,-42.059998
36.011,-5.3399997,-70.26,-42.48
36.030,-5.22,-70.02,-41.94
36.070,-4.98,-70.08,-41.76
36.110,-4.98,-70.5,-41.52
36.130,-5.2799997,-70.32,-41.579998
36.171,-4.44,-69.72,-41.04
36.211,-4.14,-70.439995,-41.16
36.251,-4.7999997,-70.38,-41.76
36.270,-4.92,-70.5,-42.0
36.310,-5.04,-70.92,-42.239998
36.351,-5.2799997,-70.38,-41.82
36.372,-5.4,-70.02,-42.059998
36.411,-5.52,-69.9,-42.239998
36.451,-5.1,-70.2,-41.219997
36.470,-4.8599997,-70.56,-41.04
36.522,-5.46,-70.68,-41.34
36.550,-6.3599997,-70.38,-41.28
36.569,-5.7,-70.14,-40.68
36.609,-6.24,-70.439995,-40.8
36.650,-5.8199997,-70.32,-41.579998
36.671,-5.04,-70.439995,-41.82
36.711,-5.4,-70.26,-42.12
36.751,-5.58,-70.02,-41.94
36.770,-5.52,-69.84,-41.82
36.811,-5.8799996,-69.6,-41.82
36.850,-5.46,-70.2,-41.399998
36.871,-5.46,-70.2,-41.34
36.910,-5.94,-70.32,-41.76
36.950,-6.12,-70.38,-40.8
36.970,-5.7599998,-69.96,-40.98
37.011,-4.92,-70.02,-41.28
37.051,-5.04,-70.26,-41.399998
37.071,-5.04,-70.5,-41.399998
37.111,-5.22,-70.02,-41.28
37.152,-5.22,-69.659996,-41.46
37.190,-5.3399997,-70.02,-41.04
37.211,-5.22,-70.08,-41.1
37.250,-5.2799997,-69.54,-40.559998
37.290,-5.1,-70.02,-41.16
37.310,-4.8599997,-70.2,-41.46
37.352,-4.74,-70.619995,-41.46
37.392,-4.92,-70.56,-41.16
37.409,-4.92,-70.5,-41.399998
37.450,-5.52,-69.24,-40.98
37.490,-6.06,-69.84,-40.98
37.510,-6.12,-70.02,-41.64
37.549,-6.18,-70.38,-41.94
37.590,-5.2799997,-70.68,-41.579998
37.610,-5.52,-70.14,-41.76
37.650,-5.64,-69.78,-41.46
37.691,-5.7,-70.26,-40.8
37.710,-5.94,-70.26,-40.739998
37.750,-5.22,-70.38,-41.34
37.789,-5.16,-70.2,-41.879997
37.810,-5.4,-70.2,-41.76
37.850,-5.58,-70.08,-41.579998
37.889,-5.22,-70.2,-41.76
37.931,-5.16,-70.2,-41.7
37.948,-5.2799997,-70.56,-41.64
37.990,-5.52,-70.5,-41.46
38.012,-5.4,-70.56,-41.64
38.053,-4.8599997,-69.9,-41.579998
38.089,-4.92,-69.84,-41.76
38.129,-4.92,-70.08,-41.879997
38.149,-4.2,-70.26,-41.52
38.191,-4.92,-70.26,-41.579998
38.229,-5.46,-70.2,-41.28
38.250,-4.98,-70.26,-40.98
38.290,-5.2799997,-69.78,-41.28
38.329,-5.8199997,-69.78,-42.239998
38.350,-5.58,-69.96,-41.219997
38.389,-5.1,-70.2,-41.64
38.430,-4.56,-70.74,-41.76
38.450,-5.04,-70.68,-41.579998
38.488,-4.74,-70.439995,-41.76
38.531,-4.44,-70.02,-41.82
38.550,-4.98,-70.2,-41.94
38.591,-4.7999997,-70.439995,-41.52
38.629,-5.04,-70.5,-41.82
38.650,-5.2799997,-69.96,-41.579998
38.689,-5.2799997,-69.96,-40.739998
38.730,-5.4,-70.5,-40.68
38.770,-4.92,-70.619995,-42.059998
38.790,-4.92,-70.439995,-41.94
38.830,-4.7999997,-70.619995,-41.579998
38.870,-4.98,-70.5,-41.52
38.890,-5.22,-70.56,-41.94
38.930,-4.74,-70.619995,-42.239998
38.970,-4.92,-70.619995,-41.7
38.990,-4.8599997,-70.979996,-41.52
39.030,-4.68,-70.5,-41.94
39.073,-5.1,-70.14,-41.64
39.090,-5.4,-69.9,-41.579998
39.129,-4.8599997,-70.74,-41.64
39.168,-4.74,-71.04,-42.0
39.188,-4.74,-71.04,-42.12
39.230,-4.8599997,-70.86,-41.7
39.269,-5.16,-70.26,-41.16
39.290,-4.98,-69.78,-40.92
39.329,-5.22,-69.54,-40.98
39.370,-5.2799997,-70.14,-41.1
39.390,-5.1,-70.5,-41.1
39.430,-4.74,-70.56,-41.28
39.470,-4.2,-70.2,-41.34
39.490,-4.02,-70.32,-41.52
39.534,-4.44,-70.5,-41.7
39.569,-4.38,-69.36,-41.94
39.610,-4.92,-69.84,-41.76
39.630,-4.62,-70.26,-41.82
39.670,-5.1,-69.9,-41.64
39.710,-5.1,-69.96,-41.399998
39.729,-4.92,-70.14,-41.219997
39.770,-4.92,-70.5,-41.879997
39.809,-5.22,-70.799995,-41.52
39.830,-4.74,-70.68,-41.94
39.869,-5.04,-70.56,-41.46
39.910,-5.22,-70.56,-40.98
39.929,-5.58,-70.86,-41.52
39.969,-5.58,-70.74,-41.879997
40.009,-5.16,-69.42,-40.92
40.030,-4.8599997,-69.18,-40.98
40.070,-5.04,-69.24,-41.399998
40.110,-4.7999997,-70.02,-41.28
40.129,-4.56,-70.68,-41.82
40.170,-4.3199997,-71.1,-41.46
40.210,-4.5,-70.56,-41.82
40.229,-4.74,-70.619995,-41.82
40.271,-4.92,-70.799995,-41.28
40.310,-4.7999997,-70.38,-41.28
40.350,-4.7999997,-70.14,-41.399998
40.369,-5.22,-69.84,-41.04
40.410,-5.04,-69.479996,-41.76
40.451,-4.7999997,-69.96,-41.76
40.469,-4.44,-69.78,-41.64
40.510,-4.5,-70.74,-41.82
40.548,-5.58,-70.68,-41.76
40.570,-5.94,-70.38,-41.399998
40.610,-6.12,-70.32,-42.059998
40.652,-5.3399997,-70.32,-41.82
40.671,-4.92,-70.26,-41.399998
40.710,-4.62,-70.38,-41.34
40.752,-4.7999997,-70.56,-41.82
40.771,-4.38,-70.5,-41.94
40.813,-4.5,-70.619995,-41.82
40.850,-4.5,-70.5,-41.399998
40.872,-4.38,-69.84,-41.1
40.912,-4.5,-70.5,-41.1
40.951,-4.8599997,-70.799995,-41.52
40.970,-4.62,-70.08,-42.0
41.010,-4.8599997,-70.08,-42.0
41.052,-4.3199997,-70.26,-41.46
41.071,-3.6599998,-70.2,-41.219997
41.110,-4.44,-69.96,-42.0
41.152,-5.16,-70.439995,-42.66
41.171,-5.2799997,-70.5,-41.879997
41.211,-4.68,-69.84,-41.28
41.250,-4.2,-69.54,-41.34
41.271,-4.38,-69.9,-41.34
41.311,-4.2599998,-70.08,-40.739998
41.351,-4.74,-69.84,-41.04
41.390,-5.22,-70.619995,-41.46
41.412,-4.62,-71.04,-41.94
41.451,-5.04,-70.56,-41.34
41.491,-4.56,-70.56,-41.219997
41.513,-4.08,-70.56,-41.16
41.549,-4.7999997,-70.38,-41.16
41.589,-5.2799997,-69.96,-41.7
41.610,-4.92,-69.84,-41.94
41.650,-4.5,-70.56,-42.78
41.691,-4.44,-70.32,-42.66
41.710,-4.8599997,-69.9,-42.3
41.752,-5.3399997,-70.5,-41.46
41.791,-5.4,-70.14,-41.46
41.812,-5.1,-70.02,-41.579998
41.851,-5.04,-69.54,-42.18
41.890,-5.4,-69.6,-41.579998
41.910,-5.2799997,-69.42,-41.579998
41.952,-5.04,-69.42,-41.76
41.990,-4.7999997,-69.9,-41.34
42.012,-4.74,-69.96,-41.399998
42.050,-4.62,-69.84,-41.52
42.091,-4.92,-69.54,-41.76
42.111,-4.98,-69.78,-41.64
42.152,-4.98,-70.14,-41.399998
42.190,-5.22,-70.32,-41.52
42.212,-4.8599997,-70.2,-41.7
42.250,-4.68,-69.6,-41.82
42.291,-5.2799997,-69.96,-41.579998
42.332,-5.04,-70.56,-42.0
42.353,-4.74,-70.619995,-42.54
42.390,-4.14,-70.2,-42.54
42.431,-3.9599998,-70.26,-42.059998
42.450,-4.02,-70.14,-42.3
42.500,-4.74,-70.2,-42.36
42.534,-5.3399997,-70.56,-41.52
42.550,-5.16,-70.5,-41.34
42.593,-4.92,-70.2,-41.1
42.630,-5.4,-69.84,-41.64
42.650,-5.7,-70.26,-41.64
42.691,-5.3399997,-70.26,-41.64
42.730,-4.44,-69.84,-41.76
42.750,-4.3199997,-70.08,-41.64
42.790,-4.5,-70.439995,-41.82
42.831,-4.92,-70.56,-41.46
42.851,-5.2799997,-70.92,-41.34
42.889,-5.1,-70.38,-41.1
42.930,-5.58,-70.02,-41.52
42.951,-5.58,-70.02,-41.52
42.990,-5.46,-69.96,-40.98
43.030,-5.3399997,-70.26,-40.739998
43.052,-5.7,-70.56,-40.8
43.090,-5.46,-70.26,-41.34
43.131,-4.98,-69.96,-41.52
43.170,-5.58,-69.84,-41.7
43.190,-5.16,-70.32,-41.76
43.233,-4.68,-71.04,-40.92
43.271,-4.38,-70.619995,-41.1
43.291,-4.7999997,-70.439995,-41.399998
43.331,-4.74,-70.26,-41.94
43.370,-4.56,-69.9,-42.0
43.390,-4.56,-70.2,-42.12
43.430,-4.92,-70.08,-42.059998
43.470,-4.62,-70.02,-41.64
43.489,-4.68,-70.2,-41.34
43.530,-4.38,-70.08,-41.879997
43.570,-4.92,-70.5,-42.18
43.591,-5.64,-70.5,-41.879997
43.630,-5.52,-70.32,-41.94
43.671,-4.8599997,-70.08,-41.82
43.691,-5.16,-70.38,-41.94
43.731,-4.38,-70.56,-42.059998
43.771,-3.9599998,-70.56,-42.18
43.811,-4.2,-70.14,-42.059998
43.830,-4.2599998,-69.96,-42.18
43.872,-4.5,-69.659996,-42.42
43.910,-4.92,-69.72,-42.0
43.930,-4.98,-69.659996,-42.059998
43.970,-4.68,-69.72,-41.579998
44.011,-4.56,-69.78,-41.7
44.030,-4.56,-70.14,-41.879997
44.071,-4.62,-70.02,-41.64
44.110,-4.56,-69.96,-41.94
44.137,-4.74,-70.439995,-42.42
44.169,-4.38,-70.14,-41.76
44.210,-4.8599997,-70.2,-41.76
44.229,-5.04,-70.32,-42.239998
44.270,-5.04,-70.439995,-42.239998
44.312,-4.8599997,-70.5,-42.36
44.330,-4.74,-70.86,-42.42
44.370,-4.68,-70.56,-42.48
44.411,-4.14,-70.08,-42.0
44.430,-4.14,-70.08,-41.82
44.471,-4.62,-69.84,-41.04
44.513,-5.7,-70.14,-41.76
44.530,-6.0,-70.439995,-41.94
44.570,-4.7999997,-70.2,-42.12
44.609,-4.62,-69.479996,-42.18
44.631,-4.62,-69.9,-42.059998
44.671,-4.3199997,-70.439995,-41.46
44.711,-4.44,-70.2,-41.16
44.750,-4.44,-69.0,-41.16
44.770,-4.3199997,-68.939995,-42.0
44.810,-3.8999999,-69.24,-41.76
44.832,-4.38,-69.78,-41.76
44.873,-5.1,-70.68,-41.219997
44.910,-5.7,-71.04,-42.18
44.951,-5.52,-70.38,-42.239998
44.969,-5.64,-70.32,-41.879997
45.010,-5.7599998,-70.26,-42.239998
45.051,-5.52,-70.619995,-42.48
45.070,-5.04,-70.68,-42.3
45.110,-4.62,-70.02,-42.54
45.150,-4.2599998,-69.72,-42.54
45.170,-4.3199997,-70.2,-42.12
45.210,-3.9599998,-70.86,-42.3
45.250,-4.68,-70.38,-42.18
45.270,-4.7999997,-70.799995,-41.82
45.310,-4.74,-70.32,-41.94
45.350,-4.92,-69.72,-41.82
45.370,-5.04,-69.299995,-41.46
45.411,-4.5,-69.42,-41.46
45.449,-4.38,-69.54,-40.98
45.490,-4.98,-70.68,-41.399998
45.511,-4.7999997,-71.04,-41.879997
45.548,-5.52,-70.619995,-42.059998
45.589,-5.64,-69.72,-42.3
45.610,-5.52,-69.36,-41.879997
45.649,-4.7999997,-69.479996,-42.3
45.689,-5.04,-70.38,-42.36
45.710,-4.74,-70.38,-41.82
45.750,-5.2799997,-70.68,-42.36
45.775,-4.7999997,-69.96,-42.42
45.812,-4.98,-70.02,-42.059998
45.849,-5.3399997,-70.68,-41.399998
45.888,-5.58,-70.439995,-41.52
45.909,-6.0,-70.2,-41.399998
45.949,-6.0,-70.799995,-40.92
45.989,-5.7,-70.26,-41.879997
46.009,-5.46,-69.78,-41.76
46.050,-5.58,-69.54,-41.52
46.090,-5.7599998,-69.659996,-41.34
46.110,-5.2799997,-69.84,-41.579998
46.150,-5.22,-70.32,-41.579998
46.190,-5.3399997,-69.96,-42.239998
46.211,-5.1,-69.96,-42.48
46.250,-5.16,-70.08,-41.879997
46.289,-5.2799997,-70.14,-41.7
46.330,-5.64,-70.02,-41.46
46.351,-6.06,-70.02,-41.76
46.390,-6.0,-70.2,-42.3
46.430,-5.2799997,-70.56,-41.7
46.450,-5.7,-70.02,-41.94
46.491,-5.58,-69.84,-40.92
46.529,-5.64,-69.9,-40.44
46.549,-6.0,-69.84,-40.86
46.590,-5.8799996,-69.84,-40.86
46.631,-5.7,-70.26,-41.28
46.650,-5.8199997,-70.08,-41.28
46.691,-5.2799997,-69.96,-41.52
46.731,-5.04,-69.96,-41.879997
46.750,-5.04,-69.9,-41.82
46.790,-5.4,-70.02,-41.399998
46.830,-5.22,-69.72,-41.399998
46.851,-5.04,-69.72,-41.16
46.889,-5.94,-70.2,-41.82
46.931,-5.8199997,-70.26,-42.0
46.952,-5.8799996,-69.72,-41.879997
46.992,-5.94,-70.02,-42.059998
47.030,-6.06,-70.38,-40.86
47.050,-5.64,-69.9,-40.92
47.089,-4.74,-69.6,-40.92
47.130,-4.92,-69.78,-40.739998
47.170,-5.52,-69.9,-39.96
47.190,-5.46,-69.9,-40.2
47.230,-5.8799996,-70.02,-40.62
47.270,-6.2999997,-70.2,-40.8
47.290,-6.6,-70.5,-41.04
47.329,-6.2999997,-70.74,-42.12
47.371,-5.46,-70.08,-41.76
47.390,-5.94,-69.9,-41.34
47.429,-5.58,-70.32,-41.1
47.470,-4.74,-70.26,-40.8
47.489,-5.22,-70.38,-40.86
47.530,-5.4,-69.42,-41.7
47.569,-5.04,-69.479996,-41.7
47.590,-4.5,-69.479996,-41.879997
47.629,-5.2799997,-69.84,-41.52
47.669,-5.4,-70.38,-41.52
47.689,-5.52,-69.72,-41.219997
47.730,-5.46,-69.9,-40.5
47.769,-5.7599998,-70.439995,-41.04
47.791,-5.58,-70.2,-41.219997
47.830,-5.4,-70.2,-41.76
47.870,-5.2799997,-70.26,-41.399998
47.895,-5.7599998,-70.02,-41.219997
47.930,-6.54,-69.42,-40.98
47.971,-6.18,-70.38,-40.739998
47.991,-6.18,-69.9,-40.739998
48.030,-6.24,-69.479996,-40.86
48.070,-5.7599998,-69.119995,-40.68
48.110,-5.3399997,-69.96,-40.68
48.132,-4.8599997,-70.32,-41.52
48.171,-6.0,-70.2,-41.579998
48.210,-6.06,-69.659996,-41.34
48.231,-5.8799996,-69.84,-41.579998
48.269,-6.0,-70.38,-41.64
48.311,-5.58,-70.38,-41.64
48.331,-5.64,-70.26,-41.34
48.373,-6.48,-70.619995,-41.52
48.412,-6.54,-70.619995,-41.34
48.433,-6.18,-70.56,-40.98
48.469,-5.94,-70.56,-41.219997
48.509,-5.94,-70.14,-41.399998
48.534,-5.8199997,-69.96,-41.399998
48.570,-5.7,-70.08,-41.94
48.611,-5.2799997,-70.32,-41.76
48.631,-5.04,-70.32,-41.94
48.671,-4.98,-70.2,-41.879997
48.709,-5.46,-70.26,-41.399998
48.731,-4.7999997,-70.2,-41.579998
48.769,-5.16,-70.619995,-41.7
48.810,-5.94,-70.38,-41.64
48.850,-6.2999997,-70.32,-41.46
48.870,-6.0,-70.38,-41.16
48.911,-5.04,-70.56,-40.86
48.950,-5.46,-70.38,-42.059998
48.972,-5.7,-70.02,-42.12
49.010,-5.8799996,-69.42,-41.7
49.049,-5.4,-69.659996,-40.92
49.070,-5.3399997,-69.9,-40.62
49.110,-5.8199997,-69.84,-41.16
49.150,-5.4,-70.32,-41.52
49.170,-5.4,-70.26,-41.399998
49.209,-5.04,-70.2,-40.86
49.250,-5.16,-69.36,-40.98
49.270,-4.92,-69.0,-41.1
49.311,-4.98,-68.7,-41.219997
49.351,-5.7,-69.299995,-41.16
49.371,-5.8799996,-69.659996,-41.1
49.411,-5.4,-69.9,-41.52
49.452,-5.46,-70.14,-42.36
49.471,-5.3399997,-70.5,-42.36
49.511,-5.64,-70.14,-42.42
49.551,-5.52,-69.54,-42.18
49.570,-5.3399997,-69.6,-42.18
49.610,-4.98,-70.38,-41.76
49.649,-4.74,-70.619995,-41.34
49.671,-4.5,-70.68,-41.04
49.711,-4.14,-70.74,-41.28
49.750,-5.46,-70.56,-41.34
49.790,-5.8199997,-70.32,-41.34
49.817,-5.8799996,-70.2,-41.64
49.849,-5.3399997,-70.38,-41.82
49.890,-5.3399997,-69.9,-41.82
49.910,-5.04,-69.84,-41.76
49.951,-5.1,-70.02,-42.3
49.991,-5.4,-70.02,-42.18
50.011,-5.58,-70.02,-42.239998
50.052,-5.22,-70.26,-42.48
50.091,-4.98,-69.84,-42.36
50.110,-4.38,-69.9,-42.12
50.151,-4.98,-70.439995,-41.76
50.190,-5.52,-70.32,-42.54
50.211,-5.7599998,-70.86,-42.6
50.251,-5.58,-70.86,-42.6
50.291,-5.4,-70.14,-41.52
50.310,-5.46,-70.619995,-41.219997
50.351,-4.62,-70.86,-40.98
50.392,-4.44,-70.08,-41.28
50.412,-4.74,-70.02,-41.219997
50.450,-5.22,-69.659996,-41.46
50.490,-4.7999997,-69.6,-41.34
50.511,-4.5,-69.78,-41.579998
50.550,-5.04,-70.14,-42.18
50.590,-5.52,-70.439995,-42.0
50.631,-4.98,-70.02,-42.48
50.652,-4.68,-69.84,-42.239998
50.691,-5.04,-70.08,-42.36
50.729,-4.8599997,-70.68,-42.48
50.750,-4.74,-70.5,-42.48
50.791,-5.64,-70.38,-41.7
50.831,-5.8199997,-70.32,-41.52
50.850,-5.8799996,-69.9,-41.94
50.890,-5.7,-70.2,-41.879997
50.930,-5.04,-71.1,-42.059998
50.951,-4.92,-70.979996,-42.12
50.989,-4.56,-69.96,-42.3
51.030,-4.92,-69.119995,-42.12
51.052,-5.16,-69.659996,-42.12
51.090,-5.46,-70.68,-41.579998
51.130,-4.56,-70.32,-41.64
51.150,-4.14,-70.2,-41.76
51.191,-4.68,-69.84,-41.879997
51.230,-4.98,-70.02,-41.879997
51.250,-4.68,-70.14,-41.64
51.290,-4.56,-70.14,-41.219997
51.330,-4.7999997,-70.74,-41.04
51.371,-4.8599997,-70.68,-41.82
51.391,-4.5,-70.38,-41.94
51.430,-4.56,-69.84,-41.28
51.470,-4.74,-69.9,-40.92
51.494,-4.74,-69.96,-41.82
51.530,-5.22,-70.92,-42.239998
51.571,-4.7999997,-70.92,-41.52
51.591,-4.62,-70.799995,-41.579998
51.631,-3.9599998,-70.619995,-42.0
51.653,-3.8999999,-70.439995,-41.879997
51.693,-4.02,-70.56,-41.94
51.730,-4.8599997,-71.1,-41.399998
51.772,-5.1,-70.979996,-40.739998
51.792,-4.3199997,-70.92,-41.04
51.832,-4.02,-70.74,-41.34
51.873,-4.56,-70.32,-40.92
51.892,-4.44,-70.2,-41.399998
51.931,-3.8999999,-69.78,-41.64
51.972,-4.2599998,-70.02,-41.64
51.991,-4.5,-70.26,-41.82
52.032,-4.56,-70.38,-41.82
52.071,-5.3399997,-70.32,-41.94
52.091,-4.7999997,-70.38,-41.94
52.131,-5.16,-70.32,-41.1
52.171,-5.46,-70.32,-41.04
52.211,-5.7,-70.02,-41.46
52.234,-5.58,-70.26,-41.34
52.271,-4.62,-70.14,-41.1
52.311,-4.38,-69.659996,-41.7
52.331,-4.68,-69.54,-41.7
52.371,-4.3199997,-69.659996,-42.36
52.392,-4.74,-69.659996,-42.36
52.431,-4.8599997,-69.479996,-42.6
52.470,-5.16,-69.6,-41.82
52.510,-5.22,-69.84,-41.399998
52.530,-5.4,-70.02,-40.8
52.570,-5.04,-70.14,-40.739998
52.610,-5.3399997,-69.78,-41.52
52.631,-5.7599998,-69.72,-41.52
52.670,-5.8799996,-69.9,-41.46
52.709,-5.4,-70.5,-41.28
52.730,-5.46,-70.38,-41.1
52.769,-5.64,-70.979996,-42.0
52.810,-6.42,-70.979996,-42.66
52.831,-6.18,-70.74,-42.3
52.871,-5.46,-71.1,-42.059998
52.911,-5.58,-71.28,-41.879997
52.932,-6.0,-70.979996,-42.12
52.971,-6.12,-70.38,-41.879997
53.011,-5.52,-69.54,-42.42
53.031,-5.2799997,-69.96,-42.78
53.071,-5.4,-70.26,-42.42
53.111,-5.58,-70.5,-41.879997
53.132,-5.1,-70.32,-41.76
53.170,-4.74,-69.6,-42.239998
53.211,-4.74,-70.38,-42.6
53.252,-5.1,-70.619995,-42.0
53.271,-5.3399997,-70.2,-41.82
53.311,-6.06,-70.26,-42.3
53.352,-5.46,-70.439995,-42.0
53.370,-5.7,-70.68,-41.76
53.412,-4.56,-70.799995,-41.94
53.450,-4.3199997,-70.32,-41.82
53.472,-4.62,-70.68,-41.82
53.511,-4.92,-70.439995,-42.3
53.554,-5.22,-70.14,-42.54
53.570,-5.2799997,-70.02,-42.54
53.610,-5.22,-70.14,-42.18
53.652,-4.98,-70.5,-42.899998
53.671,-4.98,-69.96,-43.02
53.711,-5.04,-70.56,-41.879997
53.752,-5.3399997,-70.619995,-41.7
53.773,-5.64,-70.32,-41.94
53.811,-5.2799997,-70.74,-42.18
53.851,-4.98,-70.619995,-41.94
53.891,-4.44,-70.68,-42.0
53.911,-4.5,-70.619995,-42.0
53.952,-5.16,-70.74,-41.76
53.992,-5.2799997,-70.68,-42.18
54.010,-5.1,-70.5,-42.3
54.052,-5.22,-70.26,-42.0
54.092,-4.8599997,-70.2,-42.48
54.110,-4.8599997,-69.659996,-42.12
54.149,-4.68,-70.08,-42.059998
54.191,-4.5,-69.96,-41.879997
54.210,-4.44,-70.26,-41.82
54.250,-5.3399997,-70.2,-42.059998
54.290,-5.52,-70.26,-42.0
54.311,-5.64,-70.26,-41.64
54.350,-5.58,-70.5,-41.76
54.391,-4.62,-70.38,-41.579998
54.411,-4.68,-70.26,-41.28
54.451,-4.38,-69.6,-41.76
54.491,-4.8599997,-70.32,-42.12
54.510,-5.04,-70.32,-41.579998
54.551,-5.7599998,-70.68,-41.34
54.590,-5.4,-70.68,-41.64
54.610,-5.2799997,-69.96,-42.42
54.651,-5.1,-69.9,-42.78
54.691,-5.16,-70.02,-42.54
54.711,-5.3399997,-70.26,-42.78
54.751,-5.46,-70.92,-42.18
54.791,-5.1,-70.2,-42.18
54.831,-4.8599997,-70.08,-41.399998
54.852,-4.7999997,-69.96,-41.399998
54.891,-5.52,-70.2,-42.54
54.912,-5.7599998,-69.78,-42.3
54.952,-4.98,-70.08,-41.879997
54.991,-4.92,-69.9,-42.3
55.033,-4.98,-70.38,-42.42
55.050,-4.62,-70.32,-42.3
55.096,-5.04,-70.619995,-41.7
55.131,-4.5,-70.26,-41.52
55.151,-4.3199997,-70.14,-41.399998
55.191,-5.2799997,-69.9,-41.94
55.232,-5.2799997,-70.38,-42.0
55.252,-4.74,-70.38,-41.94
55.291,-4.74,-70.5,-42.3
55.332,-5.1,-70.799995,-42.54
55.351,-4.7999997,-70.5,-43.02
55.392,-4.92,-69.84,-42.18
55.432,-5.16,-70.02,-40.86
55.450,-5.46,-70.14,-41.46
55.503,-4.68,-70.32,-41.879997
55.530,-4.7999997,-70.2,-41.579998
55.570,-4.92,-69.96,-41.579998
55.592,-4.74,-70.14,-41.879997
55.633,-4.74,-70.86,-41.7
55.652,-4.7999997,-70.86,-41.52
55.690,-5.1,-70.5,-41.399998
55.730,-5.1,-70.14,-41.94
55.770,-5.22,-70.32,-41.64
55.789,-5.22,-70.2,-42.0
55.831,-4.98,-70.14,-42.36
55.870,-5.46,-70.38,-42.42
55.891,-5.46,-70.619995,-42.42
55.930,-5.2799997,-70.74,-41.34
55.970,-5.52,-70.439995,-40.98
55.992,-5.7,-70.02,-41.399998
56.032,-5.94,-70.86,-41.7
56.071,-5.58,-71.159996,-41.879997
56.092,-5.3399997,-71.04,-42.3
56.132,-4.92,-70.619995,-41.94
56.171,-5.4,-70.56,-41.879997
56.191,-5.46,-70.56,-42.059998
56.231,-5.3399997,-70.38,-42.059998
56.270,-4.5,-70.74,-42.239998
56.291,-4.2599998,-70.799995,-42.66
56.331,-5.2799997,-70.5,-42.6
56.371,-5.4,-70.26,-42.36
56.391,-5.22,-69.84,-42.239998
56.431,-4.92,-69.78,-42.239998
56.473,-4.98,-70.26,-41.399998
56.511,-4.92,-70.56,-41.399998
56.537,-4.5,-70.5,-41.579998
56.571,-4.5,-70.799995,-41.04
56.611,-4.5,-70.5,-41.82
56.632,-4.38,-70.26,-41.94
56.670,-4.38,-70.619995,-42.12
56.711,-4.8599997,-71.04,-41.7
56.730,-5.3399997,-71.22,-41.579998
56.771,-5.7,-71.34,-41.16
56.810,-4.98,-70.56,-42.0
56.830,-5.1,-70.14,-42.48
56.870,-5.2799997,-70.2,-42.36
56.912,-4.74,-69.72,-41.7
56.930,-5.16,-70.08,-41.879997
56.970,-5.2799997,-69.659996,-40.8
57.011,-5.2799997,-69.54,-41.1
57.029,-5.7,-70.02,-41.579998
57.080,-5.22,-70.2,-41.879997
57.110,-5.2799997,-70.68,-41.879997
57.130,-5.7,-70.439995,-41.64
57.171,-5.22,-70.38,-41.219997
57.210,-4.62,-70.14,-41.7
57.232,-4.98,-70.08,-41.82
57.271,-5.1,-69.659996,-42.48
57.312,-5.2799997,-69.78,-42.18
57.349,-5.3399997,-70.02,-41.879997
57.373,-5.4,-70.02,-41.94
57.411,-4.14,-69.72,-42.6
57.450,-3.84,-70.14,-41.52
57.470,-4.08,-70.26,-41.219997
57.510,-4.98,-69.659996,-42.54
57.552,-5.4,-69.659996,-43.02
57.571,-5.2799997,-70.02,-42.84
57.613,-5.58,-70.439995,-41.94
57.651,-5.7,-70.38,-41.34
57.672,-5.8799996,-70.38,-41.46
57.713,-5.7,-70.619995,-41.52
57.752,-4.7999997,-70.68,-41.64
57.771,-4.98,-70.32,-41.7
57.811,-4.74,-70.38,-41.7
57.851,-5.04,-71.22,-41.34
57.871,-4.92,-71.159996,-41.7
57.912,-4.8599997,-71.04,-42.0
57.951,-5.22,-70.14,-41.879997
57.972,-4.62,-70.14,-41.34
58.011,-4.74,-70.26,-41.04
58.051,-4.7999997,-69.96,-41.879997
58.071,-5.04,-70.02,-42.3
58.112,-5.2799997,-70.26,-42.78
58.153,-5.1,-70.32,-42.42
58.172,-5.04,-70.14,-42.36
58.210,-4.56,-70.2,-42.059998
58.251,-4.74,-70.14,-42.12
58.290,-5.1,-69.9,-42.12
58.312,-5.46,-69.72,-42.0
58.350,-5.58,-69.36,-42.12
58.392,-4.92,-69.659996,-41.94
58.411,-4.38,-69.72,-41.579998
58.452,-5.04,-70.56,-42.18
58.491,-5.7599998,-70.32,-42.6
58.513,-5.7599998,-69.659996,-41.94
58.551,-5.4,-69.119995,-41.46
58.591,-4.8599997,-69.84,-41.579998
58.610,-4.62,-70.14,-42.059998
58.652,-4.62,-70.38,-42.6
58.695,-4.7999997,-70.14,-42.12
58.712,-4.38,-69.96,-41.76
58.752,-4.62,-69.9,-42.059998
58.792,-4.68,-70.14,-42.42
58.812,-5.16,-70.619995,-42.3
58.851,-5.64,-70.74,-42.3
58.892,-5.46,-70.02,-42.239998
58.912,-5.3399997,-69.72,-41.82
58.953,-5.2799997,-69.96,-41.7
58.993,-5.52,-70.68,-41.94
59.031,-5.52,-70.92,-42.18
59.052,-5.2799997,-70.799995,-42.36
59.092,-4.5,-69.9,-42.18
59.112,-4.3199997,-70.56,-41.879997
59.154,-4.68,-70.38,-41.76
59.191,-5.16,-70.2,-41.76
59.234,-4.62,-70.56,-41.64
59.251,-4.92,-70.56,-42.36
59.291,-4.92,-70.08,-42.3
59.331,-4.68,-70.2,-42.6
59.352,-4.92,-70.979996,-42.48
59.392,-4.8599997,-71.64,-42.3
59.430,-4.8599997,-70.74,-42.6
59.449,-5.58,-70.32,-42.78
59.490,-5.2799997,-69.479996,-42.3
59.531,-4.74,-69.54,-42.239998
59.550,-4.92,-69.84,-41.52
59.591,-6.0,-70.439995,-42.12
59.632,-5.8199997,-70.5,-42.36
59.650,-5.46,-70.68,-42.0
59.691,-5.64,-70.32,-42.239998
59.731,-5.7599998,-70.2,-42.48
59.752,-5.64,-70.2,-42.78
59.791,-4.8599997,-70.02,-42.48
59.831,-4.92,-70.74,-42.239998
59.870,-5.04,-71.1,-41.879997
59.891,-5.04,-70.86,-42.3
59.930,-5.4,-70.68,-42.239998
59.952,-5.8799996,-70.56,-42.42
59.990,-5.94,-70.68,-41.879997
