timestamp,x,y,z
00.012,32.399998,-1.68,48.12
00.031,32.1,-2.1599998,48.6
00.052,32.04,-2.58,48.059998
00.090,32.219997,-1.92,47.52
00.132,31.619999,-2.34,47.28
00.151,31.32,-2.22,46.8
00.191,31.679998,-2.3999999,47.34
00.231,32.04,-2.9399998,46.92
00.252,31.859999,-2.82,47.46
00.291,31.74,-1.5,47.879997
00.330,32.04,-2.34,47.7
00.351,31.679998,-2.58,48.12
00.390,32.34,-2.7,47.16
00.419,32.76,-2.82,46.92
00.475,32.1,-1.8,47.399998
00.489,32.52,-2.1599998,47.399998
00.530,31.859999,-2.76,47.879997
00.570,31.08,-2.8799999,47.82
00.589,31.38,-3.06,47.52
00.630,32.46,-2.1599998,47.879997
00.671,31.74,-2.76,48.059998
00.691,32.1,-2.3999999,48.12
00.731,32.16,-2.3999999,47.94
00.772,32.219997,-2.1599998,47.64
00.791,32.16,-1.8,47.76
00.832,31.98,-2.3999999,47.82
00.871,32.04,-1.8,47.82
00.891,32.16,-2.28,47.579998
00.931,31.8,-2.3999999,46.98
00.971,32.34,-2.6399999,48.18
00.991,31.8,-3.0,47.94
01.031,31.56,-2.6399999,46.98
01.071,32.219997,-1.62,48.42
01.091,32.1,-1.8,48.3
01.132,32.52,-2.8799999,48.12
01.171,32.399998,-1.74,47.76
01.191,32.82,-2.04,47.579998
01.230,32.399998,-2.82,47.46
01.272,31.679998,-2.58,47.399998
01.311,31.8,-2.1599998,47.399998
01.330,31.74,-2.28,47.219997
01.372,31.98,-3.06,47.7
01.410,32.52,-1.9799999,48.12
01.429,32.28,-1.86,48.899998
01.471,32.28,-1.56,47.52
01.510,31.199999,-1.8,48.6
01.531,30.599998,-1.92,47.76
01.570,31.38,-3.12,47.46
01.610,32.579998,-1.74,48.0
01.630,32.1,-2.58,47.399998
01.671,32.64,-1.86,47.34
01.710,32.28,-2.34,47.34
01.732,32.399998,-2.7,46.559998
01.771,32.579998,-3.06,46.86
01.811,31.92,-1.4399999,47.879997
01.831,32.16,-2.04,47.879997
01.872,32.64,-2.58,47.1
01.911,32.46,-2.1599998,47.879997
01.930,32.579998,-1.62,47.579998
01.972,33.3,-2.3999999,47.16
02.011,32.46,-2.28,47.28
02.032,31.859999,-2.3999999,47.1
02.072,32.16,-1.9799999,47.64
02.111,32.94,-2.52,47.039997
02.132,32.28,-2.7,47.7
02.173,32.219997,-2.3999999,47.28
02.212,32.399998,-3.1799998,47.64
02.250,32.219997,-2.58,47.82
02.272,32.04,-2.58,46.86
02.311,32.04,-1.9799999,47.82
02.351,31.619999,-2.76,47.82
02.372,31.8,-2.76,47.64
02.410,31.859999,-2.1599998,46.8
02.450,32.52,-1.74,47.879997
02.469,32.399998,-1.9799999,47.28
02.510,32.16,-2.46,47.879997
02.549,31.679998,-1.86,46.86
02.570,31.92,-2.22,46.86
02.609,31.26,-2.1599998,48.48
02.649,31.8,-2.1,47.64
02.670,32.1,-2.22,48.059998
02.711,32.1,-1.8,47.82
02.752,32.7,-1.62,47.399998
02.772,32.94,-2.1599998,47.34
02.812,32.219997,-2.8799999,48.18
02.851,32.52,-2.7,47.399998
02.872,32.219997,-2.6399999,47.039997
02.911,32.94,-2.22,47.34
02.951,31.859999,-2.6399999,46.92
02.990,32.399998,-1.5,47.219997
03.011,32.52,-2.04,47.34
03.051,31.859999,-2.3999999,46.559998
03.072,32.28,-1.9799999,46.559998
03.110,32.52,-2.9399998,48.0
03.151,32.219997,-2.28,47.399998
03.190,31.92,-2.3999999,47.399998
03.210,31.98,-1.68,47.039997
03.250,31.74,-2.1,48.12
03.290,32.579998,-2.7,47.94
03.310,31.92,-2.7,47.94
03.351,32.579998,-1.9799999,47.1
03.391,32.64,-2.9399998,47.039997
03.411,32.16,-2.9399998,46.8
03.451,31.98,-2.6399999,47.34
03.491,32.04,-2.22,47.82
03.514,32.52,-2.3999999,47.039997
03.551,31.32,-2.58,47.46
03.590,32.219997,-2.7,48.539997
03.612,32.28,-1.92,48.239998
03.651,31.98,-2.3999999,47.7
03.694,31.56,-1.8,47.82
03.712,31.26,-1.92,46.98
03.753,32.88,-1.86,47.399998
03.792,32.04,-1.62,47.34
03.812,32.34,-1.62,47.82
03.854,31.679998,-1.92,47.28
03.891,32.399998,-2.22,47.76
03.914,32.64,-2.46,47.34
03.952,32.16,-2.1599998,47.7
03.992,32.64,-2.1599998,46.92
04.032,31.74,-3.4199998,47.94
04.050,32.1,-3.12,46.98
04.091,31.679998,-2.28,47.34
04.130,31.859999,-2.52,47.16
04.151,31.8,-2.28,46.98
04.190,32.04,-2.22,47.94
04.231,31.199999,-3.12,47.82
04.252,32.04,-2.7,48.059998
04.290,31.679998,-1.9799999,47.1
04.332,31.019999,-2.46,47.76
04.352,31.619999,-2.6399999,47.46
04.391,31.92,-2.82,47.399998
04.431,32.219997,-2.1,46.68
04.450,32.399998,-1.86,47.219997
04.491,31.5,-2.9399998,47.039997
04.532,31.8,-2.28,47.76
04.569,31.619999,-2.6399999,47.399998
04.589,32.52,-1.8,47.46
04.630,31.74,-2.34,47.7
04.671,32.04,-3.6,48.12
04.691,32.579998,-2.76,47.52
04.732,32.399998,-2.34,48.18
04.752,32.52,-2.76,48.0
04.792,32.64,-2.7,48.059998
04.831,31.98,-2.7,47.399998
04.872,32.28,-2.3999999,48.48
04.892,32.7,-2.52,48.0
04.932,31.5,-2.76,48.18
04.971,32.34,-2.58,47.94
04.991,32.7,-2.6399999,48.059998
05.032,31.32,-2.1,47.52
05.072,32.1,-1.9799999,46.559998
05.091,31.859999,-2.22,46.739998
05.131,32.219997,-2.46,47.219997
05.171,31.8,-1.9799999,47.28
05.192,32.04,-2.1599998,47.34
05.232,32.46,-2.04,47.64
05.272,32.34,-1.86,48.0
05.292,32.04,-2.28,48.059998
05.331,32.399998,-3.12,48.12
05.372,32.399998,-1.74,47.64
05.395,32.579998,-2.04,47.82
05.431,32.1,-3.0,47.579998
05.470,31.859999,-2.46,47.46
05.496,32.04,-2.34,47.7
05.531,31.439999,-2.34,47.46
05.570,31.619999,-2.3999999,47.52
05.610,32.76,-3.0,46.62
05.631,32.46,-2.3999999,47.64
05.671,32.16,-1.9799999,47.039997
05.712,31.619999,-1.74,47.7
05.732,32.1,-2.52,48.18
05.772,32.34,-1.9799999,47.219997
05.812,32.399998,-3.06,47.46
05.830,32.52,-2.9399998,47.879997
05.872,32.46,-1.92,46.86
05.911,31.859999,-2.82,47.64
05.932,32.46,-2.28,47.82
05.971,31.859999,-3.12,47.879997
06.012,31.98,-2.6399999,46.86
06.032,32.16,-2.46,46.739998
06.071,31.859999,-1.9799999,48.239998
06.112,32.219997,-2.46,48.3
06.137,32.04,-2.22,47.34
06.170,31.619999,-2.04,48.0
06.209,32.16,-2.46,48.36
06.249,32.04,-2.34,47.579998
06.270,32.16,-1.92,47.7
06.310,31.5,-1.74,48.12
06.351,31.439999,-2.58,47.34
06.371,31.679998,-2.6399999,47.579998
06.412,31.56,-2.28,47.28
06.450,32.16,-2.22,46.98
06.471,31.92,-1.68,47.16
06.510,32.16,-1.8,47.1
06.549,31.92,-1.9799999,47.879997
06.570,32.219997,-1.9799999,47.52
06.610,31.92,-1.26,48.12
06.651,31.32,-2.28,47.219997
06.672,31.92,-2.52,47.52
06.710,31.98,-3.36,48.12
06.750,31.92,-2.6399999,47.579998
06.772,31.98,-2.8799999,47.64
06.811,32.219997,-2.34,47.7
06.852,32.52,-1.5,47.82
06.871,31.8,-1.56,47.879997
06.910,32.579998,-1.92,46.8
06.953,32.16,-3.0,47.039997
06.973,32.579998,-2.6399999,47.34
07.011,32.579998,-2.52,46.68
07.052,31.32,-2.9399998,47.219997
07.071,31.98,-2.1,47.16
07.112,32.88,-2.28,47.399998
07.152,31.859999,-1.92,47.1
07.195,31.38,-2.3999999,46.739998
07.213,31.859999,-2.1599998,47.219997
07.251,32.64,-2.46,47.64
07.274,32.1,-1.86,47.399998
07.312,32.399998,-2.8799999,47.64
07.353,32.28,-3.12,47.7
07.374,33.18,-2.1,47.579998
07.413,31.92,-1.86,47.52
07.451,31.8,-1.38,47.52
07.492,32.219997,-2.7,47.399998
07.510,32.579998,-2.1,47.399998
07.550,31.8,-2.1599998,48.239998
07.589,32.399998,-2.46,47.039997
07.610,32.16,-2.7,47.16
07.650,31.98,-2.3999999,47.52
07.692,32.219997,-2.1,47.94
07.712,32.16,-1.86,47.219997
07.752,32.219997,-1.68,47.399998
07.793,32.16,-2.1599998,48.0
07.811,32.04,-2.76,46.98
07.851,32.399998,-2.46,47.46
07.892,32.64,-1.74,47.46
07.913,32.219997,-1.74,46.86
07.951,31.679998,-2.22,47.1
07.991,31.92,-2.34,47.64
08.033,32.52,-2.1599998,48.0
08.052,31.74,-2.1599998,48.42
08.091,31.439999,-2.52,47.46
08.131,32.28,-2.34,47.879997
08.153,32.64,-2.28,47.52
08.191,31.679998,-2.1599998,46.98
08.231,32.76,-2.58,46.739998
08.251,32.76,-2.22,47.579998
08.292,31.32,-2.76,47.039997
08.331,32.16,-2.7,46.86
08.349,31.859999,-2.82,46.62
08.392,31.98,-2.1,47.7
08.430,32.7,-2.6399999,46.8
08.450,32.219997,-2.9399998,47.16
08.490,32.399998,-1.8,47.039997
08.532,32.1,-1.92,47.7
08.550,32.34,-1.86,47.46
08.589,31.859999,-1.9799999,47.82
08.630,32.399998,-2.76,47.879997
08.651,32.52,-2.7,47.579998
08.693,31.619999,-1.9799999,47.64
08.731,31.679998,-1.8,47.579998
08.752,32.579998,-2.28,47.039997
08.791,31.14,-1.86,47.579998
08.832,32.76,-2.28,47.879997
08.871,32.1,-2.1599998,47.879997
08.890,32.04,-2.58,47.64
08.931,31.56,-2.1,47.7
08.970,32.46,-1.86,47.7
08.995,33.0,-2.34,47.64
09.032,31.019999,-2.22,46.92
09.071,31.619999,-2.34,47.16
09.092,32.28,-1.9799999,47.219997
09.130,32.7,-1.4399999,47.34
09.171,31.56,-2.8799999,47.82
09.190,32.04,-2.34,48.239998
09.231,32.88,-2.04,48.0
09.273,31.74,-2.28,46.86
09.291,31.38,-2.58,46.92
09.332,32.28,-2.52,48.0
09.372,32.04,-2.1,47.16
09.392,31.98,-1.9799999,47.16
09.432,32.1,-1.5,47.399998
09.471,32.1,-2.22,46.98
09.490,32.64,-2.22,47.52
09.537,32.64,-1.68,46.86
09.569,32.28,-2.46,46.62
09.609,32.7,-2.1599998,47.7
09.630,32.76,-2.04,47.7
09.670,32.52,-2.04,48.18
09.712,32.1,-2.34,47.219997
09.731,31.26,-2.04,47.94
09.772,33.0,-1.9799999,47.399998
09.811,32.34,-1.62,47.579998
09.831,32.579998,-1.86,48.36
09.870,32.28,-2.34,47.76
09.912,32.16,-1.14,47.28
09.930,32.1,-1.5,46.5
09.971,32.46,-2.46,47.46
10.011,33.239998,-1.8,47.219997
10.031,32.7,-1.74,47.76
10.073,32.219997,-2.58,47.399998
10.112,31.859999,-1.8,47.64
10.132,31.92,-1.74,46.68
10.173,32.52,-1.92,47.64
10.212,31.74,-2.28,47.16
10.230,32.46,-2.1599998,46.98
10.271,31.859999,-1.8,47.76
10.312,32.219997,-2.28,47.76
10.330,32.04,-2.46,47.94
10.371,31.74,-2.1599998,47.399998
10.411,32.399998,-1.92,46.8
10.431,32.46,-2.28,46.86
10.471,31.98,-2.58,47.28
10.511,32.76,-2.58,46.98
10.533,32.52,-2.58,47.52
10.570,31.8,-3.36,47.52
10.610,32.46,-2.28,46.98
10.650,31.74,-2.34,48.18
10.671,32.34,-2.34,47.82
10.712,31.8,-3.4199998,47.52
10.752,32.28,-2.22,46.98
10.773,31.859999,-2.28,47.34
10.812,32.28,-1.92,47.219997
10.853,32.04,-2.82,46.62
10.871,32.399998,-2.04,47.1
10.913,31.8,-2.46,47.64
10.952,32.16,-2.22,46.62
10.971,31.74,-2.1599998,46.86
11.011,32.64,-1.9799999,47.039997
11.051,32.16,-1.8,47.579998
11.072,32.28,-1.9799999,48.3
11.112,32.7,-2.58,47.399998
11.152,32.46,-1.86,47.76
11.173,32.34,-1.68,48.059998
11.212,32.399998,-2.22,47.28
11.252,32.219997,-2.28,47.039997
11.272,31.8,-2.52,47.28
11.311,32.52,-2.3999999,47.1
11.351,32.399998,-2.58,47.579998
11.372,31.74,-1.8,47.039997
11.410,32.28,-2.52,47.46
11.450,31.98,-2.6399999,47.76
11.490,31.8,-3.0,47.16
11.511,32.1,-3.3,47.579998
11.540,31.439999,-1.9799999,47.64
11.590,33.059998,-2.9399998,47.82
11.610,32.399998,-2.46,47.579998
11.650,32.16,-3.24,47.399998
11.692,32.1,-2.82,47.94
11.711,32.34,-2.8799999,47.94
11.752,32.34,-3.0,47.82
11.792,32.46,-2.58,47.579998
11.811,32.52,-2.1,47.1
11.850,32.94,-2.58,46.8
11.892,32.64,-2.52,47.46
11.912,32.76,-2.3999999,47.28
11.951,32.46,-2.8799999,47.16
11.992,31.5,-1.68,47.76
12.012,31.92,-1.74,48.059998
12.052,31.38,-2.34,46.8
12.091,32.399998,-2.82,47.64
12.111,31.619999,-2.7,47.94
12.151,32.399998,-2.34,47.219997
12.191,32.1,-2.58,47.64
12.231,32.76,-2.82,47.34
12.251,32.399998,-3.54,47.46
12.292,32.04,-2.28,48.3
12.331,32.52,-2.52,46.68
12.352,32.219997,-2.58,47.52
12.392,32.219997,-2.9399998,47.579998
12.431,31.859999,-1.74,47.34
12.450,31.98,-1.56,47.94
12.490,31.92,-2.9399998,47.82
12.531,31.56,-1.9799999,47.399998
12.550,32.04,-2.34,47.52
12.596,31.859999,-2.8799999,48.239998
12.631,32.16,-3.0,47.579998
12.651,32.219997,-3.1799998,47.28
12.692,32.28,-2.82,47.94
12.730,31.679998,-2.82,47.52
12.751,31.26,-3.12,47.28
12.793,31.74,-2.28,47.34
12.832,32.579998,-2.28,47.76
12.853,32.46,-2.3999999,47.219997
12.892,31.619999,-2.34,46.8
12.931,31.98,-2.34,48.42
12.953,32.52,-2.58,47.7
12.990,32.28,-2.34,47.82
13.030,32.16,-2.6399999,47.219997
13.071,31.8,-2.1,47.879997
13.091,32.16,-2.1599998,47.94
13.132,31.38,-2.6399999,47.52
13.152,31.679998,-1.9799999,47.28
13.192,31.439999,-2.9399998,47.76
13.230,32.219997,-2.7,47.82
13.270,32.88,-2.1,47.64
13.292,32.34,-2.3999999,48.6
13.332,31.56,-1.9799999,47.399998
13.371,32.1,-2.6399999,46.98
13.391,32.219997,-3.3,46.98
13.431,32.34,-1.86,47.34
13.472,32.04,-2.76,46.559998
13.492,32.399998,-2.7,47.219997
13.525,32.1,-3.0,47.76
13.570,32.88,-3.24,48.36
13.590,32.76,-2.76,48.18
13.630,31.74,-2.7,47.46
13.671,32.399998,-1.8,48.3
13.691,32.399998,-1.9799999,47.16
13.732,31.98,-2.82,47.16
13.772,32.82,-2.04,47.579998
13.792,32.46,-2.04,47.399998
13.832,31.74,-2.04,46.739998
13.872,32.04,-1.4399999,48.0
13.911,31.74,-1.9799999,46.68
13.931,31.679998,-1.92,46.68
13.971,32.1,-3.3,48.059998
14.010,31.8,-2.76,47.1
14.030,31.619999,-2.22,46.5
14.075,32.1,-3.48,47.579998
14.110,31.859999,-2.52,47.82
14.129,32.46,-2.3999999,47.94
14.170,32.16,-2.04,47.28
14.210,31.679998,-2.1599998,47.52
14.230,31.439999,-2.9399998,46.98
14.272,32.1,-1.8,48.0
14.311,32.46,-2.76,47.52
14.331,32.399998,-2.58,47.34
14.371,32.16,-2.46,47.46
14.410,32.28,-2.46,47.399998
14.431,31.56,-2.34,47.7
14.471,31.98,-2.04,47.039997
14.511,32.7,-2.76,46.5
14.531,32.34,-3.0,46.98
14.569,32.28,-2.3999999,46.92
14.610,32.7,-2.7,47.52
14.651,32.399998,-2.52,47.039997
14.672,32.7,-2.8799999,47.039997
14.712,31.98,-2.34,47.219997
14.752,31.74,-2.3999999,46.98
14.771,32.399998,-2.8799999,47.399998
14.811,31.98,-2.34,46.86
14.852,32.28,-2.04,47.76
14.872,32.28,-2.3999999,47.399998
14.912,31.019999,-2.52,47.399998
14.933,31.439999,-3.06,47.28
14.972,31.859999,-2.28,47.579998
15.011,32.16,-2.04,47.039997
15.052,32.04,-2.34,47.46
15.070,31.56,-2.1599998,47.34
15.111,31.679998,-1.9799999,47.16
15.152,32.04,-2.1599998,46.5
15.172,32.28,-2.22,46.98
15.211,32.579998,-2.34,47.1
15.251,32.04,-2.6399999,47.039997
15.272,32.399998,-1.74,47.7
15.311,31.679998,-1.9799999,47.94
15.352,32.46,-2.7,47.579998
15.371,32.76,-2.22,47.82
15.413,32.04,-2.1,47.399998
15.449,31.56,-2.3999999,47.7
15.490,32.34,-2.58,47.16
15.510,32.399998,-2.46,46.8
15.552,32.16,-2.1,47.34
15.591,32.04,-2.58,47.039997
15.609,31.679998,-2.1,46.5
15.650,31.019999,-2.76,46.92
15.691,31.32,-2.04,48.3
15.712,32.04,-1.86,48.66
15.749,32.04,-2.28,47.1
15.791,31.92,-2.7,46.86
15.812,32.219997,-2.58,47.7
15.851,31.32,-2.04,47.219997
15.891,32.04,-2.52,47.879997
15.911,32.34,-2.1,47.52
15.952,31.92,-2.58,47.399998
15.990,32.64,-2.58,46.68
16.010,32.28,-2.58,47.039997
16.050,32.7,-2.22,47.879997
16.091,32.52,-2.82,47.039997
16.111,32.7,-2.28,46.5
16.150,32.52,-2.1,48.0
16.196,32.399998,-2.3999999,48.12
16.216,33.059998,-3.12,47.7
16.250,32.28,-2.52,48.059998
16.291,32.1,-2.22,47.16
16.312,32.16,-2.46,47.399998
16.352,32.399998,-2.22,47.039997
16.393,31.8,-2.76,47.039997
16.431,31.859999,-1.92,47.579998
16.451,31.92,-1.92,47.46
16.492,32.88,-2.3999999,47.579998
16.512,31.679998,-1.9799999,47.039997
16.551,31.8,-2.04,47.16
16.591,31.92,-1.9799999,47.94
16.631,31.92,-2.52,47.46
16.653,32.1,-2.52,47.64
16.693,32.28,-2.1,47.52
16.735,32.16,-2.9399998,47.039997
16.754,32.16,-2.58,47.28
16.792,31.98,-2.22,47.28
16.834,32.579998,-2.8799999,48.059998
16.851,32.16,-3.12,47.46
16.892,31.679998,-2.46,47.46
16.934,32.46,-2.52,47.52
16.952,32.579998,-2.22,47.52
16.993,32.579998,-2.82,47.46
17.032,32.399998,-2.8799999,48.18
17.052,32.64,-2.52,48.78
17.092,31.74,-2.22,46.739998
17.132,31.619999,-2.52,46.559998
17.152,31.92,-2.76,46.86
17.192,31.74,-2.76,47.399998
17.231,32.04,-2.82,47.76
17.252,32.28,-2.8799999,47.76
17.292,31.859999,-1.38,47.7
17.332,31.92,-3.0,47.52
17.353,32.28,-2.3999999,47.82
17.393,31.92,-2.52,47.34
17.420,32.219997,-2.46,47.1
17.453,33.239998,-2.52,48.0
17.498,31.74,-2.52,47.399998
17.534,31.679998,-3.48,47.64
17.572,31.56,-2.28,47.64
17.591,32.1,-2.52,47.7
17.634,32.28,-1.92,47.1
17.673,31.98,-1.86,48.18
17.693,32.1,-1.9799999,48.0
17.732,32.219997,-2.22,48.48
17.774,32.34,-1.86,48.18
17.795,32.1,-2.46,47.879997
17.833,31.619999,-1.9799999,47.879997
17.873,31.26,-2.34,47.28
17.892,31.8,-2.28,47.1
17.932,31.56,-2.9399998,47.28
17.972,32.579998,-2.76,47.28
17.995,31.74,-3.06,47.219997
18.033,32.28,-2.76,47.64
18.072,32.1,-2.46,47.64
18.093,32.399998,-2.34,47.28
18.133,32.04,-2.52,47.82
18.173,31.32,-2.8799999,47.82
18.193,31.019999,-2.52,47.7
18.233,33.239998,-1.86,47.52
18.273,32.219997,-2.7,47.28
18.294,32.16,-1.68,46.739998
18.332,32.52,-2.9399998,46.92
18.373,32.52,-2.1599998,47.28
18.413,31.859999,-2.22,48.0
18.433,31.679998,-2.52,47.219997
18.473,32.28,-3.36,47.64
18.512,33.0,-2.28,47.34
18.536,32.16,-2.58,46.739998
18.571,31.859999,-2.34,47.46
18.613,33.18,-2.3999999,47.46
18.631,32.34,-2.6399999,47.34
18.671,31.859999,-2.34,47.7
18.712,31.859999,-2.46,46.079998
18.733,31.859999,-2.58,47.039997
18.775,32.04,-2.58,47.879997
18.812,31.56,-2.6399999,48.059998
18.833,31.92,-2.3999999,47.399998
18.873,31.679998,-2.82,47.64
18.913,32.34,-2.04,47.28
18.933,32.76,-2.34,47.52
18.972,31.32,-1.86,46.68
19.012,31.619999,-1.92,47.879997
19.033,31.859999,-2.3999999,48.059998
19.072,31.679998,-2.52,47.219997
19.111,31.26,-2.22,47.76
19.151,31.56,-2.46,46.739998
19.171,31.8,-2.46,47.219997
19.213,32.399998,-2.34,47.579998
19.253,31.8,-2.46,48.12
19.276,31.859999,-2.28,47.579998
19.313,31.14,-2.6399999,47.579998
19.352,32.16,-2.82,47.039997
19.373,32.1,-2.82,47.039997
19.413,32.16,-2.7,47.16
19.453,31.859999,-3.06,48.36
19.474,31.92,-2.6399999,47.52
19.512,32.28,-2.28,47.52
19.551,32.219997,-1.74,47.52
19.571,31.859999,-1.86,47.579998
19.612,31.74,-1.38,47.52
19.651,32.219997,-2.76,47.1
19.671,31.5,-2.82,47.64
19.711,32.7,-1.86,47.34
19.751,32.46,-1.68,47.34
19.795,32.28,-2.52,47.82
19.814,31.74,-2.22,47.399998
19.853,31.859999,-2.1,48.3
19.873,32.64,-1.92,47.52
19.914,31.92,-2.76,47.039997
19.953,31.26,-2.9399998,46.92
19.973,32.04,-2.04,47.039997
20.014,32.46,-2.52,47.16
20.053,32.16,-2.3999999,47.46
20.093,31.8,-2.8799999,46.92
20.113,31.74,-2.8799999,47.1
20.153,31.679998,-2.1,46.86
20.193,32.76,-1.92,47.579998
20.213,32.28,-2.82,47.82
20.253,31.5,-2.34,47.28
20.293,32.46,-3.0,46.98
20.312,31.439999,-2.8799999,46.92
20.353,32.219997,-2.46,47.28
20.393,31.32,-2.1,48.059998
20.412,31.859999,-2.1,47.579998
20.452,32.64,-2.22,47.94
20.490,32.579998,-1.56,48.3
20.517,32.399998,-2.1599998,47.94
20.551,32.34,-2.1,47.579998
20.591,31.98,-2.76,48.78
20.632,31.5,-2.8799999,47.399998
20.652,31.679998,-3.24,47.94
20.693,31.859999,-2.76,46.92
20.713,31.619999,-2.46,46.68
20.754,32.76,-2.58,47.46
20.792,32.76,-2.6399999,47.34
20.813,32.16,-2.58,47.579998
20.853,31.679998,-1.8,46.68
20.893,32.52,-2.22,47.1
20.933,31.619999,-2.04,47.579998
20.955,31.8,-2.22,47.7
20.994,31.8,-1.92,46.739998
21.032,32.04,-2.1,46.86
21.052,32.579998,-2.6399999,47.76
21.092,32.399998,-2.58,47.82
21.132,32.1,-2.58,46.92
21.153,31.56,-2.82,47.7
21.192,32.219997,-1.9799999,47.1
21.233,32.52,-2.58,47.52
21.254,31.98,-2.1599998,47.28
21.292,31.859999,-1.92,46.98
21.331,31.619999,-2.1,47.16
21.352,32.399998,-1.68,47.7
21.394,31.08,-2.3999999,46.079998
21.432,31.74,-2.46,46.98
21.471,32.399998,-2.28,47.82
21.499,32.7,-2.1,47.16
21.532,31.8,-2.82,47.28
21.570,31.14,-2.1,47.64
21.591,32.1,-2.6399999,47.46
21.631,32.04,-2.34,47.28
21.671,31.32,-2.7,47.7
21.693,31.5,-2.7,48.059998
21.733,32.04,-1.14,47.16
21.772,32.1,-2.52,46.98
21.794,32.16,-3.0,47.52
21.833,31.859999,-1.9799999,46.8
21.871,31.679998,-2.1599998,45.84
21.891,31.619999,-1.9799999,46.8
21.932,31.56,-2.3999999,46.92
21.973,32.04,-2.04,46.98
21.992,31.74,-1.62,46.92
22.033,31.32,-3.12,47.7
22.072,31.859999,-1.38,47.879997
22.092,31.5,-2.76,47.76
22.132,31.679998,-2.22,46.559998
22.175,31.859999,-2.6399999,47.34
22.191,32.64,-2.34,47.76
22.231,32.46,-2.3999999,46.8
22.273,31.679998,-0.84,46.8
22.292,31.32,-1.5,47.28
22.332,32.579998,-2.3999999,47.1
22.372,32.64,-2.46,48.18
22.393,32.16,-2.04,48.3
22.433,31.56,-2.22,47.039997
22.472,32.579998,-2.22,47.28
22.528,31.74,-2.28,48.059998
22.570,32.16,-2.1599998,47.28
22.611,32.399998,-1.8,47.219997
22.630,33.059998,-2.22,47.46
22.671,31.38,-2.28,47.28
22.713,31.199999,-2.76,47.039997
22.733,32.399998,-1.68,47.7
22.773,31.56,-3.1799998,47.94
22.813,32.34,-1.92,47.34
22.833,32.399998,-1.86,46.92
22.873,31.98,-1.86,46.86
22.913,31.5,-1.68,46.86
22.933,32.219997,-2.52,46.8
22.971,32.219997,-2.04,47.82
23.013,32.16,-2.3999999,47.399998
23.032,32.7,-2.34,47.34
23.071,32.1,-1.92,46.98
23.112,32.219997,-2.22,47.7
23.132,32.04,-2.1,47.579998
23.172,32.16,-2.3999999,47.579998
23.213,32.34,-1.8,47.28
23.251,30.96,-3.24,47.64
23.272,31.8,-2.58,47.219997
23.312,32.04,-2.76,46.92
23.333,32.399998,-3.06,46.86
23.372,32.28,-2.6399999,46.92
23.412,31.859999,-2.6399999,47.1
23.452,31.74,-2.34,47.579998
23.472,32.219997,-2.34,46.98
23.512,32.1,-2.3999999,47.52
23.552,31.14,-2.22,47.039997
23.571,31.619999,-2.34,46.26
23.610,32.7,-1.92,46.98
23.651,32.52,-2.1,46.92
23.671,32.52,-1.68,47.219997
23.712,32.34,-1.8,48.18
23.754,31.98,-2.52,46.62
23.772,31.859999,-2.76,47.219997
23.813,32.7,-2.82,47.579998
23.852,31.5,-1.86,46.92
23.872,31.74,-1.9799999,46.86
23.913,31.619999,-2.76,47.219997
23.953,31.679998,-1.86,47.16
23.993,31.8,-2.76,47.1
24.012,31.679998,-2.3999999,46.92
24.053,32.16,-2.22,46.62
24.072,32.16,-2.28,47.64
24.111,31.8,-2.1,47.7
24.151,32.28,-1.4399999,46.44
24.191,32.64,-1.92,46.44
24.210,32.28,-1.56,46.32
24.250,31.38,-1.8,46.98
24.293,31.679998,-2.28,46.98
24.311,32.76,-2.1599998,47.039997
24.352,32.1,-2.04,46.8
24.392,31.92,-2.46,47.16
24.413,31.32,-2.34,47.039997
24.452,31.679998,-2.76,47.16
24.508,31.98,-2.34,46.92
24.510,32.52,-2.3999999,46.92
24.550,32.219997,-1.56,47.7
24.591,31.439999,-1.86,46.92
24.612,32.16,-2.22,47.039997
24.651,31.199999,-2.82,47.1
24.692,31.14,-2.9399998,47.34
24.731,32.04,-2.52,47.039997
24.753,32.219997,-2.3999999,47.16
24.792,32.52,-2.1599998,47.64
24.812,32.579998,-2.46,47.82
24.852,32.1,-2.9399998,47.1
24.893,32.28,-3.1799998,47.579998
24.912,32.219997,-2.58,47.039997
24.952,31.26,-2.52,47.039997
24.993,31.98,-1.92,47.219997
25.013,32.28,-2.6399999,47.399998
25.052,32.219997,-2.46,46.98
25.092,32.16,-2.28,47.579998
25.132,31.619999,-2.3999999,47.34
25.151,31.8,-2.46,47.76
25.192,32.579998,-2.7,47.46
25.231,31.74,-2.8799999,47.7
25.252,31.8,-2.34,47.34
25.292,32.16,-2.52,47.16
25.331,31.619999,-2.9399998,47.28
25.352,32.28,-3.12,47.7
25.392,31.32,-2.6399999,47.52
25.430,32.7,-2.58,47.219997
25.450,32.219997,-2.76,47.7
25.493,31.679998,-2.46,47.399998
25.531,31.98,-2.58,47.34
25.570,32.16,-2.8799999,46.739998
25.590,32.64,-2.52,46.8
25.629,31.74,-2.22,47.879997
25.671,32.28,-2.52,47.1
25.692,32.399998,-2.6399999,46.26
25.732,31.679998,-2.58,46.86
25.752,32.1,-2.1,47.16
25.792,32.1,-2.04,47.46
25.831,32.28,-1.9799999,47.46
25.872,31.679998,-2.3999999,47.039997
25.891,31.679998,-2.76,47.82
25.932,32.46,-2.7,48.0
25.973,32.399998,-2.1599998,47.1
25.992,31.92,-1.86,47.1
26.032,32.16,-2.76,47.52
26.072,31.859999,-3.24,47.1
26.092,31.8,-2.76,47.82
26.131,32.219997,-2.7,46.86
26.171,31.74,-2.22,47.7
26.191,32.16,-1.56,48.059998
26.231,32.04,-2.3999999,46.559998
26.271,31.08,-2.58,47.1
26.292,31.859999,-2.28,46.92
26.331,32.46,-2.82,47.52
26.375,31.74,-2.76,47.399998
26.395,30.9,-2.22,47.46
26.434,32.1,-1.74,46.68
26.470,31.74,-2.58,47.7
26.512,32.28,-1.92,47.52
26.530,31.32,-1.74,48.42
26.570,31.619999,-3.0,46.739998
26.610,32.34,-2.52,47.52
26.630,32.1,-3.12,47.64
26.670,31.5,-2.34,48.059998
26.711,32.16,-2.28,47.16
26.732,32.579998,-1.74,47.16
26.775,31.92,-2.1599998,47.16
26.813,32.1,-2.34,47.82
26.832,31.8,-3.6,47.94
26.871,32.04,-2.58,48.059998
26.911,31.92,-2.1,47.46
26.932,31.619999,-2.46,47.16
26.972,31.619999,-2.3999999,47.579998
27.013,32.16,-2.34,47.34
27.031,32.46,-2.1,47.039997
27.073,32.16,-1.62,46.739998
27.114,32.64,-2.58,46.8
27.132,32.76,-2.7,47.16
27.171,32.16,-2.6399999,47.879997
27.214,32.1,-2.6399999,47.219997
27.233,31.98,-2.3999999,48.239998
27.272,32.34,-2.34,47.1
27.312,32.46,-1.74,46.739998
27.332,32.46,-2.1,47.1
27.372,31.859999,-2.6399999,47.7
27.412,32.7,-2.22,47.399998
27.451,32.04,-2.46,47.399998
27.471,31.92,-2.76,47.399998
27.510,31.619999,-2.52,47.28
27.550,31.98,-1.86,47.52
27.570,31.98,-2.52,47.7
27.609,32.34,-1.68,47.579998
27.652,31.38,-2.6399999,48.059998
27.671,32.16,-2.3999999,48.0
27.712,31.8,-2.34,47.039997
27.751,32.34,-2.7,47.16
27.772,31.74,-2.58,47.039997
27.811,31.56,-2.6399999,47.399998
27.852,32.1,-1.9799999,47.039997
27.871,32.16,-2.7,47.039997
27.912,32.7,-2.52,47.7
27.952,32.82,-2.8799999,47.579998
27.972,32.28,-2.22,47.46
28.012,32.04,-1.8,47.94
28.052,32.88,-2.8799999,47.34
28.072,33.18,-3.0,47.1
28.111,32.34,-2.28,47.16
28.152,31.98,-2.22,47.039997
28.191,31.92,-2.6399999,47.76
28.212,31.8,-2.1599998,47.399998
28.251,31.98,-1.9799999,48.539997
28.272,32.16,-2.1,47.46
28.312,31.8,-1.86,47.219997
28.352,31.439999,-2.22,47.28
28.393,31.98,-2.52,47.399998
28.412,31.679998,-2.1,48.059998
28.451,31.92,-2.34,47.52
28.491,31.619999,-2.6399999,47.879997
28.511,31.74,-2.22,47.34
28.551,31.8,-3.36,46.92
28.580,32.34,-2.28,47.579998
28.613,32.1,-2.82,47.16
28.649,32.34,-2.28,48.36
28.691,32.52,-2.1,47.1
28.713,32.46,-1.74,46.62
28.752,32.76,-2.76,47.579998
28.792,31.92,-2.34,47.64
28.812,31.8,-3.0,47.64
28.852,31.859999,-1.92,47.28
28.894,31.859999,-2.34,47.34
28.912,32.46,-2.76,47.219997
28.951,32.16,-3.12,48.059998
28.992,32.16,-1.74,46.739998
29.013,32.219997,-1.86,47.1
29.052,33.48,-3.06,46.92
29.092,31.98,-2.6399999,46.2
29.131,32.7,-2.1,47.219997
29.151,32.82,-1.86,47.879997
29.190,32.579998,-2.6399999,47.879997
29.229,31.8,-2.3999999,47.52
29.250,32.16,-2.28,47.579998
29.291,31.26,-3.24,47.7
29.332,32.219997,-1.56,47.94
29.353,32.52,-1.9799999,47.64
29.391,31.679998,-2.8799999,47.34
29.430,31.679998,-3.06,47.039997
29.451,31.679998,-2.52,46.98
29.491,31.679998,-1.5,48.18
29.534,32.04,-1.92,47.1
29.551,32.52,-2.1599998,47.34
29.590,32.64,-2.1,48.36
29.630,31.74,-2.04,47.82
29.650,31.8,-2.6399999,48.48
29.691,31.439999,-1.86,47.7
29.730,31.92,-2.82,47.64
29.751,31.08,-2.46,47.28
29.791,32.28,-2.28,47.46
29.830,31.98,-1.86,47.52
29.871,32.1,-2.8799999,48.96
29.891,32.399998,-2.52,48.239998
29.931,32.34,-1.8,47.94
29.970,31.199999,-2.76,47.039997
29.991,31.38,-2.8799999,47.34
30.031,32.219997,-1.8,47.76
30.072,31.98,-2.9399998,47.34
30.090,32.04,-2.8799999,47.28
30.131,31.98,-2.1,47.76
30.171,32.399998,-2.22,47.039997
30.191,31.74,-2.22,47.7
30.232,32.1,-2.3999999,47.579998
30.272,31.98,-2.1,47.399998
30.292,32.46,-2.34,47.16
30.331,32.1,-1.86,46.5
30.370,31.859999,-2.1599998,48.059998
30.391,32.16,-2.82,47.64
30.433,31.679998,-2.76,47.1
30.471,32.46,-1.38,47.7
30.492,32.399998,-1.8,47.879997
30.531,32.399998,-2.76,47.1
30.569,31.679998,-2.52,47.039997
30.593,31.859999,-2.46,47.52
30.630,32.16,-2.34,47.94
30.670,31.679998,-2.34,47.46
30.692,31.8,-2.1599998,47.64
30.731,32.28,-3.12,47.039997
30.773,31.74,-3.0,47.28
30.792,31.619999,-2.8799999,47.46
30.833,32.1,-3.0,47.579998
30.872,32.219997,-2.82,47.64
30.913,32.28,-2.3999999,47.28
30.933,32.04,-3.06,47.399998
30.972,32.04,-3.6,47.82
31.012,32.28,-2.3999999,47.82
31.032,32.04,-3.12,47.879997
31.071,31.98,-2.28,47.16
31.111,32.46,-2.46,46.62
31.133,32.52,-2.76,47.1
31.171,31.8,-2.3999999,47.76
31.211,32.16,-2.82,47.52
31.230,31.439999,-2.6399999,47.64
31.270,31.619999,-2.6399999,47.219997
31.314,31.679998,-2.1,47.46
31.330,31.38,-2.1599998,46.14
31.371,31.5,-2.28,48.18
31.413,32.64,-2.58,47.579998
31.433,32.1,-2.52,47.219997
31.475,32.16,-1.92,47.46
31.510,32.46,-2.8799999,47.76
31.549,31.859999,-2.22,48.42
31.569,31.859999,-2.8799999,47.52
31.610,32.04,-3.06,47.7
31.649,31.859999,-2.82,48.239998
31.670,32.28,-2.1599998,48.059998
31.710,32.16,-2.9399998,47.76
31.751,32.04,-2.34,48.84
31.771,32.82,-2.52,47.94
31.811,31.56,-2.34,47.039997
31.851,32.04,-2.58,47.7
31.871,31.5,-2.7,47.7
31.909,31.679998,-2.04,48.3
31.951,32.34,-2.3999999,47.34
31.969,32.64,-2.22,46.8
32.009,32.399998,-3.06,47.52
32.050,32.1,-2.52,47.82
32.070,31.92,-2.52,47.52
32.109,31.92,-2.6399999,47.64
32.150,31.8,-2.28,47.399998
32.170,31.5,-2.22,47.579998
32.209,32.399998,-2.28,47.879997
32.249,32.28,-2.76,46.68
32.289,31.74,-2.28,48.42
32.309,31.26,-2.22,48.0
32.350,32.64,-2.34,47.82
32.390,32.04,-3.06,47.039997
32.415,31.5,-2.8799999,46.98
32.450,32.7,-1.8,47.82
32.489,32.34,-2.04,47.76
32.511,32.219997,-1.74,47.94
32.550,31.859999,-2.76,47.1
32.592,32.1,-1.86,47.94
32.609,31.56,-2.04,47.82
32.650,32.88,-2.58,47.94
32.691,32.399998,-3.06,47.1
32.711,32.579998,-2.1,47.219997
32.750,31.199999,-1.74,47.52
32.790,32.219997,-2.46,47.28
32.811,32.88,-2.3999999,47.94
32.850,32.399998,-2.1599998,47.579998
32.890,31.98,-2.04,46.739998
32.911,31.859999,-2.58,46.739998
32.952,32.28,-1.8,47.039997
32.991,32.399998,-2.1599998,47.82
33.011,31.98,-2.28,46.92
33.051,31.679998,-3.06,48.48
33.090,32.16,-1.8,47.7
33.131,32.04,-2.04,47.76
33.150,31.859999,-2.04,47.82
33.189,32.579998,-2.6399999,47.64
33.229,32.219997,-2.82,47.879997
33.249,32.04,-2.1599998,46.86
33.289,31.38,-1.92,47.1
33.330,32.579998,-1.92,47.16
33.350,32.28,-2.04,47.34
33.391,32.579998,-2.28,47.219997
33.429,31.859999,-2.3999999,47.82
33.449,31.32,-3.0,47.28
33.490,32.28,-2.1,47.28
33.531,31.74,-2.04,47.52
33.549,32.16,-2.52,47.34
33.589,32.579998,-2.04,47.579998
33.630,31.98,-2.34,47.7
33.650,31.859999,-2.34,47.7
33.691,32.219997,-2.82,47.219997
33.732,31.74,-2.1,47.399998
33.751,31.679998,-2.58,47.7
33.790,32.1,-1.86,47.1
33.830,32.04,-1.74,47.039997
33.851,32.16,-2.04,47.879997
33.894,32.28,-2.58,48.36
33.930,32.16,-2.1599998,47.16
33.952,32.28,-2.58,48.239998
33.990,32.04,-2.46,47.82
34.030,30.96,-2.7,47.46
34.071,31.56,-2.76,47.34
34.090,31.92,-2.46,47.219997
34.130,33.059998,-1.9799999,48.059998
34.170,31.859999,-2.58,47.399998
34.193,32.16,-2.46,47.28
34.229,33.18,-3.0,47.16
34.269,31.8,-2.28,47.46
34.290,31.8,-2.46,47.219997
34.331,32.1,-2.3999999,47.82
34.370,32.04,-1.4399999,48.18
34.390,32.399998,-2.76,47.16
34.429,32.219997,-2.3999999,47.34
34.469,31.32,-1.68,48.12
34.490,31.32,-1.74,47.46
34.534,32.16,-2.82,48.12
34.570,32.28,-2.52,48.059998
34.591,31.56,-2.76,47.7
34.629,32.16,-1.56,47.76
34.670,31.74,-2.28,48.36
34.690,31.619999,-2.1599998,48.12
34.731,31.92,-1.68,46.92
34.770,31.92,-2.34,47.219997
34.791,32.219997,-2.1,47.28
34.829,30.84,-2.1,48.18
34.869,30.72,-1.8,48.42
34.909,31.439999,-1.9799999,49.02
34.930,30.9,-2.28,48.899998
34.969,30.66,-1.62,48.12
34.992,30.66,-1.8,47.7
35.030,31.56,-2.1,47.64
35.071,32.16,-2.1,47.28
35.110,32.46,-1.92,47.579998
35.130,32.76,-2.28,47.16
35.170,32.28,-2.1599998,47.82
35.210,31.92,-2.6399999,47.46
35.230,31.8,-2.52,47.46
35.276,32.76,-2.22,47.1
35.313,31.199999,-1.74,47.34
35.332,31.14,-1.92,47.399998
35.371,32.34,-2.8799999,47.039997
35.412,31.08,-2.3999999,47.64
35.432,31.439999,-2.1,47.399998
35.470,32.04,-1.68,48.3
35.512,31.92,-2.28,48.059998
35.530,31.679998,-1.92,48.12
35.569,31.8,-2.8799999,47.879997
35.609,31.56,-3.1799998,48.18
35.649,32.579998,-1.5,47.879997
35.669,32.82,-1.92,47.1
35.710,31.439999,-2.82,48.059998
35.749,31.56,-1.62,47.94
35.769,31.5,-1.74,47.579998
35.810,32.219997,-2.8799999,47.64
35.850,31.859999,-2.58,47.82
35.870,31.98,-2.28,47.52
35.910,31.8,-1.86,47.52
35.950,32.34,-2.9399998,48.12
35.970,32.04,-3.12,47.219997
36.010,31.32,-1.9799999,47.52
36.052,31.98,-2.3999999,47.82
36.071,31.56,-2.8799999,47.82
36.111,31.32,-2.28,47.219997
36.149,31.019999,-2.3999999,48.84
36.171,31.74,-1.9799999,48.78
36.208,31.74,-1.8,47.94
36.249,31.679998,-2.52,48.66
36.270,31.74,-1.92,47.579998
36.310,32.64,-1.92,47.879997
36.350,32.34,-2.7,48.239998
36.370,31.98,-1.9799999,47.879997
36.410,32.16,-1.3199999,48.18
36.450,31.619999,-1.1999999,46.98
36.493,32.16,-1.92,47.82
36.508,32.04,-2.28,48.059998
36.548,31.619999,-1.9799999,47.82
36.589,30.48,-2.3999999,48.48
36.608,31.019999,-2.7,47.879997
36.650,31.619999,-2.82,47.399998
36.691,31.859999,-1.86,48.48
36.712,31.619999,-2.28,47.34
36.750,32.1,-2.58,47.76
36.791,31.679998,-1.92,47.879997
36.809,31.199999,-1.8,47.7
36.849,31.5,-2.1599998,48.0
36.890,31.199999,-2.3999999,48.18
36.910,30.9,-2.52,48.18
36.948,30.779999,-2.3999999,48.42
36.989,31.14,-1.1999999,48.66
37.009,31.26,-1.9799999,48.719997
37.049,31.56,-1.3199999,48.059998
37.089,31.26,-2.1599998,48.36
37.109,30.48,-2.46,48.3
37.149,30.9,-1.56,47.46
37.189,31.56,-2.22,47.64
37.229,31.38,-1.74,47.399998
37.249,31.019999,-2.04,47.76
37.289,31.199999,-2.1599998,48.12
37.328,31.679998,-2.34,48.66
37.352,31.8,-1.92,47.76
37.391,31.56,-2.04,46.5
37.429,31.56,-2.28,47.579998
37.450,31.74,-2.04,47.7
37.490,32.219997,-2.1,47.64
37.529,32.399998,-1.8,47.52
37.549,31.92,-2.22,47.28
37.588,31.92,-3.0,47.76
37.629,31.619999,-2.8799999,47.76
37.648,31.679998,-2.1,47.76
37.689,31.26,-1.62,47.52
37.730,31.26,-1.38,47.82
37.749,31.38,-1.38,48.36
37.793,30.72,-1.86,48.239998
37.829,30.779999,-1.8,47.46
37.850,31.08,-1.74,48.6
37.890,30.72,-1.14,47.64
37.930,31.32,-1.68,48.3
37.950,30.779999,-2.6399999,48.96
37.990,31.38,-1.26,48.539997
38.031,30.66,-2.1,48.84
38.050,30.72,-2.76,48.899998
38.089,30.72,-1.92,47.52
38.129,31.5,-1.4399999,47.76
38.169,31.5,-2.22,48.36
38.188,31.98,-1.9799999,47.52
38.229,31.5,-1.92,48.96
38.270,31.32,-2.04,48.12
38.289,31.199999,-1.9799999,48.719997
38.330,31.56,-1.74,48.84
38.369,31.08,-2.28,48.84
38.389,30.9,-1.38,48.899998
38.429,31.38,-1.8,48.66
38.468,31.38,-2.58,47.94
38.489,31.08,-2.04,48.42
38.529,31.019999,-1.86,47.94
38.568,31.14,-1.5,49.2
38.590,30.9,-2.04,48.18
38.629,32.46,-1.86,47.46
38.669,31.439999,-2.28,47.94
38.689,31.5,-2.22,47.879997
38.729,31.92,-2.8799999,48.239998
38.769,30.96,-2.1599998,47.64
38.789,31.439999,-2.28,48.059998
38.829,31.679998,-1.56,48.12
38.869,30.96,-2.28,48.239998
38.890,31.019999,-1.92,48.42
38.930,31.26,-1.92,48.239998
38.969,31.38,-1.74,48.0
39.009,31.439999,-1.5,48.899998
39.028,31.439999,-1.68,48.539997
39.070,31.859999,-1.3199999,48.78
39.108,31.32,-1.4399999,47.94
39.129,30.48,-1.8,48.42
39.170,31.199999,-1.86,48.66
39.208,31.859999,-2.76,47.219997
39.228,31.859999,-2.34,47.399998
39.270,31.38,-2.9399998,47.7
39.310,32.579998,-2.9399998,47.28
39.333,31.8,-2.6399999,47.16
39.370,31.32,-2.28,47.52
39.410,31.019999,-2.28,48.0
39.428,31.439999,-1.9799999,48.3
39.469,31.26,-1.56,48.84
39.510,31.019999,-2.22,48.719997
39.529,30.96,-1.86,48.96
39.568,31.619999,-1.92,48.059998
39.609,31.8,-1.8,47.82
39.651,31.98,-2.6399999,47.399998
39.669,31.5,-2.52,47.46
39.709,31.199999,-2.46,47.7
39.730,30.06,-2.28,47.82
39.769,31.679998,-2.7,47.82
39.808,32.16,-1.92,48.18
39.852,31.14,-2.04,48.66
39.869,31.619999,-3.12,47.94
39.909,31.859999,-2.52,47.82
39.950,31.859999,-2.34,48.12
39.970,31.38,-2.28,47.64
40.011,31.38,-2.04,47.76
40.051,32.52,-2.9399998,47.82
40.071,32.34,-2.58,47.579998
40.112,32.04,-1.9799999,46.8
40.149,31.5,-2.46,47.399998
40.169,32.16,-3.24,47.879997
40.209,32.34,-2.3999999,46.86
40.250,32.04,-2.7,47.1
40.270,31.92,-2.52,47.399998
40.311,33.059998,-1.92,47.1
40.348,32.82,-2.1,46.92
40.370,32.52,-1.74,46.92
40.409,32.76,-2.28,47.039997
40.448,32.04,-1.92,47.579998
40.469,32.579998,-2.04,48.18
40.509,31.56,-2.8799999,46.739998
40.550,33.059998,-2.7,47.16
40.588,31.74,-2.52,47.34
40.609,32.64,-2.46,47.64
40.648,31.8,-2.6399999,47.34
40.689,32.219997,-1.9799999,46.86
40.711,32.219997,-2.1,47.52
40.750,31.56,-1.68,47.399998
40.792,31.859999,-2.46,46.8
40.811,31.5,-1.9799999,47.039997
40.850,32.52,-2.82,47.76
40.890,31.619999,-2.34,47.399998
40.910,31.8,-2.58,47.16
40.950,32.1,-2.82,47.399998
40.990,32.1,-2.6399999,47.16
41.009,31.74,-2.52,47.039997
41.049,31.32,-3.48,47.76
41.090,31.619999,-2.22,47.399998
41.109,31.74,-2.1599998,47.46
41.152,32.46,-2.28,47.399998
41.190,32.34,-1.74,47.52
41.211,32.04,-2.04,48.0
41.250,32.16,-2.1599998,47.76
41.289,31.679998,-2.22,47.7
41.309,31.5,-2.28,47.94
41.351,32.34,-3.1799998,47.82
41.394,32.16,-2.04,46.739998
41.430,32.219997,-2.82,47.879997
41.451,31.92,-3.12,48.18
41.490,32.46,-2.22,47.52
41.529,32.46,-3.3,46.26
41.549,31.859999,-2.8799999,47.28
41.589,31.8,-2.04,46.98
41.630,31.8,-2.3999999,47.76
41.651,30.9,-2.1599998,48.18
41.691,32.04,-3.24,47.52
41.730,32.82,-1.5,47.34
41.750,32.28,-2.04,47.399998
41.791,32.16,-2.3999999,47.46
41.829,31.199999,-2.7,47.64
41.851,31.199999,-2.3999999,47.46
41.891,32.88,-1.86,47.039997
41.930,32.1,-2.6399999,47.7
41.950,31.8,-2.58,47.52
41.990,32.399998,-2.1,48.0
42.029,31.679998,-2.34,47.039997
42.050,31.56,-1.9799999,46.92
42.089,31.92,-2.22,47.94
42.129,32.219997,-1.92,48.18
42.149,31.679998,-2.1599998,48.3
42.191,32.219997,-2.1,47.16
42.231,31.74,-1.92,46.559998
42.250,31.98,-2.1,47.28
42.289,32.1,-2.8799999,47.64
42.330,32.7,-2.1,47.579998
42.369,32.1,-2.8799999,47.94
42.390,32.16,-2.76,47.46
42.433,31.679998,-3.06,47.64
42.469,32.34,-1.92,47.94
42.488,31.98,-2.22,47.1
42.531,31.679998,-2.28,48.12
42.568,32.219997,-2.22,46.86
42.588,31.74,-2.34,47.879997
42.628,31.859999,-2.82,47.34
42.671,32.46,-2.46,48.12
42.690,32.1,-3.24,47.16
42.729,31.5,-2.6399999,47.64
42.769,31.859999,-2.58,47.82
42.791,32.64,-2.22,48.239998
42.831,32.34,-2.3999999,47.34
42.870,32.46,-2.7,47.46
42.890,32.1,-3.12,47.399998
42.929,32.1,-2.7,47.039997
42.971,32.52,-2.22,47.039997
42.990,32.399998,-2.46,47.219997
43.030,32.04,-2.1599998,47.46
43.071,32.579998,-2.1,47.7
43.090,32.16,-2.22,47.76
43.129,31.98,-1.86,47.82
43.169,31.56,-2.6399999,48.0
43.191,32.1,-2.76,48.059998
43.230,32.28,-2.82,46.68
43.269,32.1,-2.46,47.7
43.310,32.04,-2.1599998,47.94
43.329,32.04,-1.8,47.46
43.370,32.579998,-2.82,47.039997
43.415,31.38,-2.8799999,47.399998
43.432,31.56,-2.58,47.52
43.468,32.34,-2.52,47.34
43.509,32.16,-1.62,47.64
43.528,31.859999,-1.74,47.76
43.567,32.76,-2.82,47.399998
43.609,31.74,-2.1,47.52
43.628,31.92,-2.1,47.46
43.670,32.46,-2.58,48.12
43.711,32.34,-2.46,47.039997
43.730,32.34,-1.3199999,47.34
43.771,32.46,-2.52,48.18
43.810,32.1,-2.3999999,47.579998
43.829,31.56,-2.58,47.399998
43.869,31.439999,-2.76,47.64
43.910,32.16,-2.7,48.719997
43.930,31.859999,-2.1599998,48.3
43.970,32.76,-1.8,48.36
44.010,31.8,-3.24,47.1
44.050,32.04,-1.9799999,47.219997
44.070,32.219997,-2.9399998,46.86
44.120,31.32,-2.04,47.52
44.148,32.399998,-1.9799999,48.0
44.168,32.04,-2.1,47.82
44.209,31.8,-2.34,48.12
44.247,32.04,-2.3999999,47.52
44.268,31.98,-1.9799999,46.98
44.309,32.219997,-3.4199998,47.219997
44.350,32.579998,-2.76,47.579998
44.369,32.88,-2.1,47.879997
44.417,32.28,-2.28,47.52
44.449,32.28,-2.28,47.64
44.489,32.1,-2.1599998,47.64
44.508,31.74,-2.46,47.64
44.549,31.08,-1.92,48.0
44.568,31.679998,-2.8799999,47.94
44.608,32.219997,-2.76,47.579998
44.648,32.46,-2.1,46.62
44.688,32.1,-1.92,48.059998
44.710,31.98,-1.9799999,47.64
44.750,31.92,-2.58,47.1
44.770,32.16,-2.58,47.879997
44.811,32.88,-2.28,47.34
44.849,32.52,-1.9799999,47.399998
44.890,31.98,-2.52,47.28
44.912,31.92,-2.34,47.94
44.948,31.56,-2.1599998,47.579998
44.996,31.679998,-2.58,47.64
45.009,31.98,-2.34,46.68
45.049,32.52,-2.46,47.1
45.087,31.5,-2.76,47.76
45.110,32.04,-3.1799998,47.7
45.151,32.16,-1.74,47.76
45.191,31.32,-2.52,47.82
45.209,31.56,-2.58,48.719997
45.248,31.619999,-2.28,47.399998
45.289,32.04,-1.68,47.76
45.309,32.1,-2.1599998,47.399998
45.350,32.1,-2.76,47.7
45.390,31.56,-2.6399999,48.3
45.410,31.08,-2.82,48.6
45.451,32.64,-2.1599998,47.879997
45.489,32.399998,-2.1599998,48.18
45.530,32.7,-2.58,47.64
45.548,32.34,-2.82,48.18
45.588,31.92,-2.76,48.12
45.627,31.74,-2.28,47.46
45.649,32.1,-2.46,47.039997
45.689,31.679998,-2.82,47.64
45.730,31.439999,-2.9399998,48.18
45.749,31.439999,-2.76,47.879997
45.789,31.859999,-3.0,47.76
45.829,31.619999,-2.22,48.18
45.850,31.08,-2.3999999,47.399998
45.890,31.019999,-2.82,47.579998
45.929,31.859999,-2.52,47.64
45.950,31.98,-2.34,47.76
45.989,31.439999,-2.1599998,47.879997
46.029,32.28,-2.1599998,47.879997
46.049,32.1,-2.04,48.239998
46.090,32.28,-2.3999999,47.28
46.129,32.16,-2.1599998,46.86
46.149,31.92,-2.46,47.28
46.189,31.98,-2.28,46.5
46.228,31.859999,-2.46,47.579998
46.249,32.04,-2.6399999,47.52
46.288,32.34,-2.3999999,46.98
46.329,32.16,-2.82,47.94
46.351,32.34,-2.52,47.7
46.388,31.92,-2.46,46.98
46.428,31.859999,-2.1599998,47.1
46.469,32.579998,-2.46,47.82
46.489,32.399998,-2.8799999,47.82
46.529,31.26,-1.68,47.399998
46.568,31.74,-2.1,47.579998
46.587,31.56,-2.28,47.579998
46.628,31.679998,-2.52,47.82
46.667,31.92,-2.82,48.239998
46.688,32.46,-2.76,48.0
46.728,31.5,-2.8799999,47.399998
46.767,31.74,-2.58,47.52
46.787,31.679998,-2.6399999,47.94
46.827,31.439999,-3.1799998,48.059998
46.868,31.92,-2.3999999,47.34
46.889,32.219997,-2.58,47.76
46.930,31.619999,-2.7,47.64
46.969,31.619999,-2.76,47.7
46.989,31.74,-2.22,48.12
47.028,32.04,-2.22,47.7
47.069,32.46,-2.34,47.879997
47.089,32.1,-1.9799999,48.059998
47.129,31.8,-3.06,46.92
47.170,32.16,-2.76,47.1
47.189,32.04,-2.3999999,46.8
47.228,32.34,-2.28,46.86
47.269,32.28,-2.9399998,46.98
47.309,32.16,-2.76,47.52
47.329,32.64,-2.1599998,47.82
47.368,32.219997,-2.6399999,47.399998
47.409,32.88,-2.22,47.16
47.428,32.76,-2.04,47.399998
47.467,32.28,-2.28,47.579998
47.516,31.74,-2.1,48.12
47.528,31.56,-1.86,48.12
47.568,31.199999,-1.62,46.98
47.607,32.16,-2.8799999,47.82
47.628,32.7,-1.92,48.0
47.668,31.74,-2.6399999,47.399998
47.709,32.16,-1.8,47.399998
47.728,32.52,-2.04,47.82
47.768,31.98,-3.6,48.239998
47.809,32.28,-1.8,47.52
47.829,32.399998,-2.76,47.579998
47.870,32.16,-2.8799999,47.82
47.909,32.1,-2.22,47.76
47.930,31.679998,-2.9399998,47.16
47.969,32.399998,-2.76,47.039997
48.009,31.98,-2.52,47.1
48.050,31.98,-2.9399998,48.12
48.070,32.76,-2.58,48.12
48.108,32.28,-1.86,46.8
48.149,32.399998,-2.58,47.7
48.169,32.46,-2.34,47.76
48.210,32.52,-2.1,48.48
48.248,32.28,-2.22,46.379997
48.269,31.74,-2.46,46.98
48.310,32.1,-1.62,47.76
48.349,31.92,-1.9799999,47.16
48.369,32.46,-2.3999999,47.28
48.415,32.04,-2.46,47.82
48.448,31.619999,-2.8799999,48.18
48.467,31.98,-2.3999999,47.34
48.507,31.32,-3.0,47.76
48.547,32.399998,-2.1599998,47.219997
48.592,31.8,-3.06,47.94
48.608,31.679998,-2.58,48.059998
48.649,31.5,-2.3999999,47.64
48.670,31.859999,-2.82,47.76
48.709,31.8,-3.1799998,48.059998
48.749,31.859999,-3.6,47.64
48.770,31.8,-3.0,47.039997
48.809,32.52,-2.1599998,47.28
48.849,31.679998,-2.58,47.52
48.870,32.46,-2.76,47.76
48.909,30.779999,-2.22,47.28
48.949,32.04,-2.8799999,47.82
48.970,32.219997,-2.6399999,47.219997
49.008,32.28,-2.34,47.579998
49.048,32.579998,-2.52,47.46
49.089,31.5,-3.0,46.8
49.113,32.1,-2.76,46.92
49.148,32.7,-2.1599998,47.64
49.188,31.5,-1.92,48.059998
49.208,30.66,-2.52,47.1
49.248,31.859999,-2.34,47.34
49.288,32.1,-3.06,47.52
49.310,32.399998,-2.9399998,47.399998
49.348,32.16,-2.28,47.039997
49.388,31.92,-2.1599998,47.34
49.409,31.74,-2.3999999,47.34
49.448,32.46,-1.86,47.16
49.490,32.52,-2.22,47.82
49.510,32.219997,-1.56,47.64
49.547,31.859999,-1.62,47.039997
49.587,32.28,-2.3999999,47.82
49.608,32.219997,-2.1599998,47.52
49.647,31.74,-1.74,48.059998
49.688,32.52,-2.8799999,47.7
49.709,32.28,-2.28,47.16
49.748,31.859999,-1.74,47.94
49.790,32.399998,-2.34,46.92
49.810,31.32,-2.3999999,46.68
49.849,32.579998,-2.9399998,47.879997
49.888,31.32,-2.04,47.64
49.929,32.46,-2.52,48.059998
49.949,32.16,-2.28,48.12
49.990,32.7,-1.86,48.0
50.028,31.8,-2.46,47.219997
50.049,32.04,-2.52,47.34
50.088,31.619999,-2.52,47.579998
50.128,32.28,-2.46,48.0
50.149,32.219997,-2.52,47.16
50.189,32.46,-1.92,48.12
50.231,31.5,-3.12,47.7
50.248,31.679998,-2.76,47.52
50.289,32.219997,-2.58,46.62
50.329,32.16,-2.52,47.16
50.369,32.16,-3.3,47.82
50.389,31.439999,-2.9399998,47.879997
50.428,31.679998,-2.52,48.36
50.448,31.92,-2.8799999,48.0
50.488,32.04,-1.86,47.76
50.530,32.399998,-1.8,48.3
50.568,32.28,-2.1599998,47.94
50.587,32.52,-2.34,47.82
50.628,32.399998,-3.06,47.039997
50.669,31.859999,-2.76,46.68
50.691,32.04,-2.28,46.5
50.732,31.8,-2.52,46.5
50.751,31.619999,-2.28,46.26
50.791,32.28,-1.92,47.34
50.831,31.439999,-2.04,47.219997
50.872,31.619999,-2.28,46.98
50.891,32.16,-2.28,46.86
50.930,32.28,-2.52,48.059998
50.972,32.16,-2.52,47.28
50.990,32.7,-2.34,48.059998
51.029,31.679998,-1.8,47.879997
51.070,31.5,-2.28,48.239998
51.090,30.96,-3.3,47.46
51.131,31.5,-2.7,47.34
51.171,31.92,-2.28,48.239998
51.191,32.04,-2.8799999,48.0
51.230,31.98,-2.04,47.76
51.269,31.199999,-2.52,47.34
51.293,31.32,-2.3999999,47.28
51.329,31.5,-2.1,47.7
51.369,32.52,-2.1,48.059998
51.390,32.219997,-1.74,47.46
51.428,31.92,-3.06,48.239998
51.469,31.5,-2.7,47.46
51.509,32.04,-1.9799999,47.1
51.530,32.28,-2.6399999,47.579998
51.568,31.5,-2.28,47.64
51.608,31.679998,-2.3999999,47.219997
51.629,31.14,-2.52,46.559998
51.669,31.619999,-1.86,47.039997
51.708,31.74,-3.0,48.18
51.729,31.019999,-3.1799998,47.399998
51.769,32.399998,-1.92,47.879997
51.810,31.679998,-1.9799999,47.34
51.830,31.619999,-2.8799999,47.82
51.869,32.34,-2.58,47.039997
51.910,32.34,-1.5,47.46
51.929,31.859999,-2.04,47.52
51.968,32.52,-1.68,47.82
52.009,31.619999,-2.6399999,47.16
52.029,32.579998,-2.46,47.28
52.070,31.859999,-1.8,47.52
52.109,31.5,-2.76,47.52
52.129,31.199999,-3.0,47.879997
52.169,32.34,-1.92,47.94
52.210,32.1,-2.3999999,47.219997
52.231,31.859999,-2.52,46.98
52.269,32.64,-1.8,47.399998
52.311,32.28,-2.58,47.76
52.330,32.04,-2.76,48.36
52.370,32.7,-2.28,47.76
52.409,31.56,-2.7,46.8
52.448,31.14,-2.34,47.16
52.468,31.619999,-2.46,47.76
52.509,31.619999,-2.7,46.739998
52.548,32.1,-2.04,47.7
52.568,32.579998,-2.46,47.399998
52.609,31.679998,-1.62,46.86
52.649,31.32,-2.34,47.879997
52.670,31.08,-2.76,47.399998
52.710,32.1,-2.76,47.52
52.750,31.619999,-2.46,47.16
52.769,31.08,-3.06,48.239998
52.809,31.98,-2.46,47.82
52.850,32.52,-2.1599998,46.92
52.869,32.04,-2.1599998,46.559998
52.910,31.38,-2.46,47.399998
52.949,32.76,-2.6399999,46.379997
52.972,32.579998,-2.46,46.5
53.010,31.98,-3.0,47.82
53.049,31.56,-2.3999999,46.8
53.070,31.32,-1.92,46.86
53.109,32.28,-2.34,48.0
53.150,31.26,-1.92,47.1
53.170,30.9,-2.3999999,47.399998
53.210,32.579998,-2.1,47.579998
53.249,32.219997,-2.58,46.379997
53.289,32.399998,-3.06,47.219997
53.309,32.219997,-3.48,47.52
53.345,32.28,-3.12,47.219997
53.388,31.56,-2.76,47.76
53.408,31.439999,-2.46,47.46
53.447,31.619999,-2.1,47.219997
53.487,32.16,-2.28,47.16
53.509,32.219997,-2.1599998,47.28
53.547,31.5,-2.8799999,48.059998
53.587,32.52,-1.5,47.28
53.607,32.82,-1.9799999,46.98
53.651,31.08,-2.28,47.52
53.688,31.56,-1.92,48.36
53.708,31.32,-2.52,47.28
53.749,32.34,-2.58,47.399998
53.789,31.98,-1.62,47.52
53.808,32.219997,-1.9799999,47.28
53.848,31.14,-2.28,47.34
53.889,31.679998,-2.28,47.76
53.909,31.8,-2.52,47.7
53.950,32.579998,-3.24,48.059998
53.990,31.859999,-2.7,47.039997
54.029,32.579998,-2.28,47.82
54.049,31.679998,-2.52,48.18
54.089,31.679998,-1.86,46.92
54.128,31.619999,-2.6399999,48.0
54.149,32.34,-2.04,47.219997
54.188,32.16,-3.1799998,47.7
54.229,31.74,-3.1799998,48.42
54.249,32.34,-2.22,48.539997
54.289,32.28,-2.04,47.1
54.329,32.94,-2.22,48.0
54.349,32.28,-2.1,47.64
54.389,31.26,-2.1599998,47.7
54.428,31.859999,-2.1599998,47.1
54.447,31.38,-2.46,47.879997
54.488,31.14,-2.76,47.579998
54.529,31.92,-1.9799999,48.0
54.548,31.439999,-1.02,48.48
54.588,31.56,-2.28,47.64
54.628,31.38,-1.4399999,46.739998
54.649,31.74,-2.3999999,47.34
54.689,31.32,-3.24,48.059998
54.729,32.64,-2.7,47.039997
54.770,31.5,-2.76,48.3
54.789,31.8,-2.9399998,48.48
54.830,32.46,-1.68,46.98
54.868,32.46,-2.52,47.76
54.890,32.28,-2.3999999,47.28
54.929,32.28,-2.76,47.7
54.970,32.28,-2.1,46.68
54.988,32.399998,-1.8,47.7
55.028,32.1,-1.8,47.34
55.070,31.859999,-2.7,47.579998
55.088,31.619999,-2.1,47.64
55.129,31.56,-2.28,47.94
55.169,31.92,-1.92,47.76
55.189,31.92,-1.9799999,47.219997
55.230,31.74,-2.22,47.7
55.269,31.199999,-2.9399998,47.52
55.288,31.56,-2.76,47.399998
55.328,32.46,-2.8799999,47.46
55.369,32.46,-2.8799999,47.34
55.389,32.76,-2.7,46.68
55.431,32.1,-1.8,47.399998
55.469,32.04,-2.28,47.7
55.489,31.38,-2.58,47.52
55.529,32.579998,-2.3999999,47.879997
55.569,32.04,-2.76,47.76
55.607,32.34,-2.04,46.68
55.627,32.34,-1.62,47.219997
55.667,31.8,-2.46,47.16
55.707,32.82,-2.46,47.52
55.728,32.76,-2.6399999,48.12
55.767,32.1,-2.8799999,47.1
55.794,32.16,-3.0,47.219997
55.829,31.98,-1.38,47.7
55.871,32.64,-1.74,47.64
55.896,32.219997,-2.3999999,47.219997
55.930,32.04,-2.58,46.92
55.971,32.399998,-2.46,48.12
55.992,32.579998,-2.22,47.64
56.030,31.98,-2.34,47.219997
56.069,31.38,-2.34,47.879997
56.109,32.64,-1.9799999,47.879997
56.130,32.52,-1.5,48.36
56.171,32.219997,-1.62,48.239998
56.211,32.28,-1.86,48.059998
56.230,32.64,-1.8,47.219997
56.269,32.399998,-2.6399999,47.76
56.310,32.1,-2.3999999,48.18
56.330,32.34,-3.06,47.82
56.369,31.8,-2.46,47.64
56.409,32.04,-2.6399999,48.36
56.448,31.56,-2.28,47.64
56.468,31.14,-2.1,47.64
56.511,31.92,-2.7,47.039997
56.548,32.399998,-1.8,47.28
56.567,31.859999,-1.86,46.739998
56.607,31.92,-2.58,47.34
56.648,32.94,-2.1599998,47.7
56.667,32.82,-1.92,47.879997
56.709,31.74,-2.82,47.46
56.748,32.219997,-2.8799999,47.28
56.768,31.98,-2.82,47.82
56.809,31.98,-2.9399998,47.579998
56.849,32.34,-2.9399998,47.46
56.869,32.1,-2.76,47.219997
56.909,32.28,-1.86,47.579998
56.949,32.219997,-2.8799999,47.76
56.968,32.1,-2.52,47.1
57.009,31.32,-1.3199999,47.039997
57.048,31.98,-2.76,48.36
57.068,31.439999,-2.52,47.94
57.109,32.88,-2.76,47.579998
57.147,31.98,-1.9799999,46.98
57.168,32.16,-2.34,47.399998
57.208,31.619999,-1.56,47.94
57.250,32.88,-2.7,46.44
57.269,32.1,-2.82,46.32
57.309,32.16,-2.28,47.64
57.349,32.16,-2.6399999,47.399998
57.389,31.679998,-2.22,46.98
57.408,32.219997,-2.1,47.039997
57.447,31.859999,-2.46,46.68
57.487,31.98,-2.1599998,47.64
57.509,31.679998,-1.92,48.059998
57.546,31.679998,-1.68,47.399998
57.587,31.5,-2.22,47.16
57.608,31.98,-2.3999999,47.399998
57.648,32.399998,-2.52,47.34
57.689,31.38,-2.3999999,48.0
57.709,31.8,-2.34,48.36
57.750,32.82,-1.92,47.46
57.791,31.92,-2.46,47.52
57.810,32.52,-2.34,47.7
57.850,32.399998,-3.12,47.1
57.889,32.219997,-2.04,47.579998
57.910,32.46,-1.86,48.12
57.950,31.74,-2.28,47.219997
57.990,31.74,-2.28,47.76
58.011,31.98,-1.9799999,47.579998
58.049,31.679998,-2.46,47.94
58.090,31.619999,-2.04,48.239998
58.110,31.859999,-2.46,48.539997
58.151,32.579998,-3.1799998,46.92
58.191,31.679998,-1.8,47.879997
58.231,32.16,-3.36,47.879997
58.250,32.46,-3.12,47.94
58.291,32.04,-2.1599998,47.039997
58.312,32.219997,-2.46,47.039997
58.351,31.74,-2.28,47.28
58.389,32.76,-2.1,47.46
58.412,31.92,-2.6399999,47.82
58.449,31.439999,-3.1799998,47.94
58.490,32.28,-1.86,46.86
58.528,31.98,-2.22,48.6
58.549,31.859999,-1.86,47.399998
58.591,31.8,-3.0,48.6
58.628,32.64,-2.58,47.52
58.650,32.16,-1.92,47.1
58.690,32.1,-2.04,47.579998
58.729,32.219997,-2.46,47.76
58.750,32.399998,-2.1,48.12
58.790,31.92,-1.38,48.3
58.830,32.28,-1.9799999,47.52
58.850,31.56,-2.6399999,47.219997
58.890,31.619999,-2.82,47.52
58.930,32.399998,-2.3999999,47.28
58.950,32.16,-2.28,47.219997
58.990,32.94,-2.6399999,46.98
59.031,31.26,-3.06,47.7
59.051,31.5,-3.12,47.64
59.090,32.52,-1.86,47.52
59.130,32.399998,-2.1599998,47.879997
59.170,31.859999,-2.6399999,48.3
59.189,31.8,-2.58,47.879997
59.230,31.56,-2.1,48.3
59.269,31.26,-2.82,47.64
59.289,31.5,-1.74,47.64
59.330,31.08,-2.46,47.46
59.370,31.859999,-3.0,47.52
59.394,31.8,-2.52,47.219997
59.429,31.8,-2.28,47.7
59.470,32.1,-2.7,47.34
59.490,31.859999,-3.06,46.98
59.530,31.32,-2.82,48.059998
59.569,31.32,-2.34,47.16
59.589,32.1,-2.34,47.7
59.630,31.14,-2.22,47.94
59.669,31.92,-2.46,47.52
59.689,31.74,-2.34,47.52
59.731,31.08,-1.92,47.64
59.771,31.619999,-2.34,47.82
59.789,30.9,-1.8,47.46
59.830,33.059998,-2.82,46.8
59.870,31.199999,-2.46,47.399998
59.890,31.679998,-2.22,47.579998
59.931,32.04,-2.1599998,48.239998
59.970,31.56,-1.9799999,47.399998
59.991,31.859999,-1.38,47.399998
