timestamp,x,y,z
00.001,17.82,-1.86,-22.02
00.038,17.52,-1.86,-21.72
00.080,17.34,-1.9799999,-21.0
00.098,17.34,-2.1599998,-21.119999
00.135,17.64,-1.38,-21.48
00.176,17.52,-1.1999999,-21.9
00.218,17.76,-1.3199999,-21.66
00.237,18.06,-1.62,-21.6
00.278,18.3,-2.7,-21.539999
00.317,18.6,-2.82,-21.119999
00.337,18.359999,-2.22,-21.119999
00.377,17.34,-2.76,-21.24
00.419,17.16,-2.3999999,-21.3
00.436,18.119999,-2.04,-21.48
00.478,18.539999,-1.86,-21.66
00.517,18.42,-1.9799999,-21.9
00.537,18.539999,-2.1599998,-22.14
00.577,18.66,-2.1599998,-22.08
00.617,18.539999,-2.1,-22.26
00.639,18.48,-2.04,-22.859999
00.676,18.0,-2.1,-22.38
00.717,17.76,-2.3999999,-21.96
00.736,17.76,-2.04,-21.0
00.776,18.48,-1.8,-20.76
00.820,18.539999,-2.1599998,-20.939999
00.838,17.82,-2.34,-20.939999
00.880,18.24,-1.92,-21.72
00.916,18.42,-1.8,-21.84
00.937,18.18,-1.74,-21.779999
00.977,18.539999,-2.22,-21.18
01.016,18.779999,-1.8,-21.3
01.037,19.02,-1.86,-21.779999
01.077,18.539999,-2.58,-21.72
01.118,18.0,-2.34,-21.84
01.157,17.58,-2.04,-21.96
01.177,18.06,-2.1,-21.84
01.218,18.359999,-2.34,-21.48
01.259,18.0,-2.1599998,-21.24
01.277,18.42,-2.3999999,-21.24
01.317,17.52,-2.8799999,-20.82
01.358,17.22,-2.76,-21.539999
01.378,17.34,-2.34,-21.48
01.418,17.34,-2.28,-21.42
01.458,17.58,-2.1,-21.48
01.479,17.46,-2.22,-21.359999
01.518,18.06,-2.76,-21.42
01.557,18.3,-2.1599998,-21.539999
01.578,17.76,-1.56,-21.84
01.618,17.94,-1.14,-21.539999
01.661,17.88,-1.38,-21.539999
01.678,17.82,-1.26,-21.6
01.719,17.34,-1.4399999,-21.0
01.757,18.539999,-2.22,-20.58
01.778,19.26,-1.74,-20.82
01.818,18.72,-1.8,-21.6
01.859,17.82,-1.9799999,-21.779999
01.877,18.3,-2.04,-21.42
01.919,17.76,-2.22,-21.3
01.958,18.18,-2.04,-21.539999
01.978,18.48,-2.04,-21.6
02.020,18.0,-2.04,-22.02
02.059,17.699999,-2.52,-21.06
02.079,18.24,-2.46,-20.939999
02.117,18.06,-2.22,-20.52
02.156,18.119999,-2.76,-21.24
02.197,17.88,-2.52,-22.26
02.218,18.3,-2.22,-21.84
02.258,18.3,-2.28,-21.96
02.297,17.76,-1.9799999,-22.14
02.317,17.4,-2.1,-21.84
02.357,16.98,-2.22,-20.939999
02.396,16.859999,-2.1599998,-21.06
02.416,17.1,-1.9799999,-21.3
02.456,17.16,-1.92,-21.3
02.497,17.34,-1.38,-21.539999
02.516,17.64,-1.8,-21.779999
02.560,17.46,-1.92,-21.84
02.596,17.58,-2.1599998,-21.6
02.617,17.76,-2.52,-21.06
02.656,17.46,-2.46,-20.939999
02.697,17.279999,-2.52,-21.539999
02.719,18.119999,-2.34,-21.3
02.757,17.46,-1.62,-21.84
02.797,17.4,-2.1,-21.84
02.818,17.82,-2.22,-21.72
02.858,18.539999,-2.52,-21.84
02.898,18.359999,-1.9799999,-21.9
02.919,18.06,-2.3999999,-22.26
02.957,18.539999,-2.76,-22.26
02.998,18.359999,-2.1599998,-22.02
03.039,17.88,-1.56,-22.38
03.057,17.64,-1.5,-22.74
03.096,17.34,-1.8,-21.9
03.137,17.46,-2.3999999,-21.24
03.157,17.52,-2.9399998,-21.119999
03.196,17.82,-1.9799999,-21.0
03.237,17.94,-1.92,-21.72
03.260,17.64,-2.58,-22.14
03.297,17.46,-2.34,-22.14
03.338,17.58,-2.1,-21.66
03.357,17.4,-2.34,-21.6
03.398,17.64,-2.1,-21.66
03.437,18.24,-1.68,-22.02
03.457,18.3,-1.92,-22.08
03.496,18.18,-2.1,-21.539999
03.536,18.18,-1.74,-21.48
03.557,18.0,-2.34,-21.84
03.597,17.88,-2.1599998,-21.96
03.638,17.82,-2.04,-21.72
03.658,17.88,-2.34,-21.66
03.698,18.48,-2.58,-21.96
03.737,18.539999,-2.1,-22.38
03.777,17.64,-1.74,-22.38
03.797,17.82,-2.1599998,-22.02
03.837,18.3,-2.1599998,-21.96
03.877,18.18,-2.04,-22.199999
03.899,18.48,-1.4399999,-21.66
03.937,18.359999,-1.56,-21.42
03.978,18.0,-2.28,-21.84
03.998,18.0,-2.34,-22.14
04.037,17.76,-2.22,-22.08
04.078,18.3,-1.62,-21.96
04.097,18.24,-1.56,-21.9
04.136,18.539999,-0.96,-21.96
04.179,19.14,-1.0799999,-21.72
04.199,18.72,-1.74,-21.66
04.238,18.24,-1.86,-21.42
04.278,18.24,-1.8,-21.48
04.299,18.18,-1.68,-21.6
04.336,18.779999,-2.46,-21.42
04.377,18.42,-2.52,-21.96
04.397,17.76,-2.46,-21.96
04.437,17.46,-1.68,-22.439999
04.477,17.94,-1.8,-22.439999
04.518,18.06,-2.3999999,-21.66
04.539,18.0,-1.8,-21.18
04.576,18.06,-1.8,-20.58
04.616,18.119999,-2.3999999,-20.58
04.637,18.0,-2.28,-20.939999
04.676,17.58,-2.34,-21.72
04.716,18.42,-2.22,-22.26
04.736,18.119999,-2.3999999,-21.72
04.777,18.06,-2.7,-20.82
04.816,17.94,-2.58,-21.18
04.836,17.64,-2.1599998,-21.06
04.876,17.52,-2.04,-20.88
04.916,17.64,-1.9799999,-21.72
04.936,18.119999,-1.8,-21.84
04.976,18.24,-1.62,-22.439999
05.017,17.88,-2.22,-21.42
05.037,17.4,-2.04,-21.72
05.079,17.94,-2.04,-21.96
05.116,18.0,-2.58,-22.38
05.136,18.24,-2.34,-22.14
05.177,18.119999,-1.86,-21.779999
05.216,18.539999,-2.1,-21.24
05.238,18.119999,-2.1,-21.66
05.277,18.359999,-2.7,-21.18
05.317,18.119999,-2.46,-20.76
05.357,17.58,-2.1,-21.3
05.376,17.4,-2.1,-21.0
05.416,17.46,-2.7,-20.82
05.457,18.24,-2.34,-21.42
05.475,18.0,-2.22,-21.42
05.516,17.88,-2.22,-21.6
05.556,17.699999,-2.76,-21.6
05.576,17.699999,-2.52,-21.539999
05.617,17.52,-2.1599998,-22.02
05.657,17.46,-2.7,-22.199999
05.676,17.34,-2.7,-21.539999
05.716,18.3,-2.34,-21.539999
05.756,18.48,-2.1599998,-22.02
05.776,18.24,-2.34,-21.9
05.817,18.72,-2.58,-22.08
05.857,18.66,-2.1,-21.72
05.877,18.72,-1.9799999,-21.42
05.917,18.18,-1.4399999,-21.539999
05.958,18.0,-2.34,-22.32
05.978,17.88,-2.58,-22.199999
06.018,17.82,-2.76,-22.199999
06.057,17.88,-2.04,-21.84
06.096,18.359999,-1.74,-21.48
06.115,18.06,-1.92,-21.42
06.157,17.699999,-1.74,-21.84
06.196,18.24,-1.62,-22.439999
06.217,18.24,-1.9799999,-22.02
06.255,18.06,-1.9799999,-21.9
06.295,17.4,-2.1,-21.72
06.316,17.22,-1.86,-21.48
06.356,17.52,-2.3999999,-21.6
06.396,17.88,-2.46,-21.48
06.416,18.18,-2.28,-21.84
06.457,18.0,-2.1599998,-21.779999
06.496,17.64,-2.28,-22.08
06.517,17.4,-2.34,-22.439999
06.555,17.76,-2.22,-22.199999
06.596,17.76,-2.82,-21.84
06.617,18.06,-2.58,-22.14
06.656,18.0,-2.58,-22.199999
06.697,18.6,-2.1,-21.6
06.717,18.119999,-1.74,-22.02
06.758,18.84,-1.38,-21.3
06.798,18.119999,-2.1,-21.119999
06.817,17.88,-2.22,-21.48
06.856,18.119999,-2.22,-21.779999
06.896,18.3,-1.92,-21.6
06.936,18.42,-1.3199999,-21.6
06.956,18.24,-1.5,-21.6
06.998,17.76,-1.8,-21.3
07.035,17.76,-1.92,-21.359999
07.056,17.64,-1.74,-20.82
07.097,18.359999,-2.76,-21.3
07.135,17.76,-2.8799999,-21.359999
07.155,17.76,-2.52,-21.3
07.195,17.58,-2.3999999,-21.0
07.236,17.82,-1.92,-21.359999
07.256,18.6,-1.5,-21.359999
07.297,19.14,-1.0799999,-21.3
07.335,18.119999,-1.56,-21.72
07.356,17.94,-1.92,-21.779999
07.396,17.1,-1.86,-21.359999
07.436,17.52,-1.86,-20.58
07.456,17.58,-1.8,-20.939999
07.496,17.22,-1.9799999,-21.9
07.536,17.76,-1.9799999,-21.9
07.576,18.42,-2.34,-21.9
07.597,18.18,-2.52,-21.84
07.636,18.06,-2.34,-21.9
07.657,18.48,-2.1599998,-21.72
07.697,18.539999,-2.28,-21.539999
07.736,18.3,-2.1599998,-21.0
07.776,18.06,-2.1,-20.88
07.797,18.3,-1.68,-20.82
07.836,18.3,-1.86,-21.6
07.876,17.88,-2.3999999,-22.08
07.896,18.18,-2.6399999,-21.359999
07.937,18.0,-2.6399999,-21.66
07.976,17.699999,-1.62,-21.359999
07.996,17.699999,-1.74,-21.42
08.036,18.0,-1.62,-22.32
08.076,17.94,-2.1,-22.14
08.096,17.94,-2.1599998,-22.02
08.137,17.52,-2.28,-21.9
08.175,17.279999,-2.28,-22.08
08.196,17.4,-2.6399999,-22.14
08.236,17.46,-3.1799998,-22.08
08.277,17.64,-2.9399998,-21.119999
08.297,18.06,-2.22,-21.3
08.336,18.0,-1.92,-21.24
08.376,18.119999,-2.76,-22.02
08.415,17.76,-2.28,-21.84
08.436,17.64,-1.74,-21.84
08.475,18.3,-2.1,-21.72
08.496,18.119999,-1.92,-22.02
08.536,17.82,-1.68,-22.08
08.575,18.119999,-1.62,-21.66
08.616,18.3,-1.92,-21.24
08.637,18.0,-1.92,-21.359999
08.676,18.24,-2.46,-21.9
08.715,18.0,-2.52,-21.9
08.737,17.16,-2.1,-22.26
08.777,17.039999,-1.86,-22.08
08.817,18.0,-3.12,-21.96
08.836,18.42,-3.6,-21.779999
08.877,17.699999,-3.06,-21.359999
08.917,16.98,-1.92,-21.359999
08.937,16.98,-1.62,-21.66
08.976,16.8,-1.62,-21.72
09.015,17.4,-2.3999999,-20.699999
09.035,17.76,-2.52,-21.119999
09.075,17.88,-2.6399999,-21.06
09.116,17.94,-2.9399998,-21.72
09.136,17.88,-2.6399999,-21.779999
09.176,18.18,-2.28,-22.32
09.217,17.88,-1.68,-22.38
09.236,17.4,-1.5,-21.84
09.277,17.58,-1.38,-21.42
09.316,17.76,-1.86,-22.08
09.341,17.52,-1.92,-22.26
09.375,17.4,-2.22,-21.66
09.416,17.1,-2.58,-21.119999
09.457,16.92,-2.52,-21.42
09.476,17.46,-2.22,-21.9
09.516,17.52,-1.92,-21.84
09.556,18.0,-2.6399999,-22.32
09.575,17.94,-2.8799999,-21.66
09.615,18.3,-1.38,-21.06
09.655,18.48,-1.1999999,-21.96
09.675,18.119999,-1.26,-22.02
09.715,17.699999,-2.1599998,-21.72
09.756,18.06,-2.1599998,-21.359999
09.777,18.3,-2.28,-21.6
09.815,18.3,-2.52,-21.18
09.855,18.539999,-2.28,-21.24
09.876,18.6,-2.46,-21.6
09.916,18.18,-2.1,-21.9
09.956,17.88,-2.1599998,-20.88
09.976,17.82,-2.22,-20.939999
10.016,18.06,-2.34,-21.3
10.055,18.18,-1.56,-21.6
10.095,17.64,-1.86,-21.84
10.115,17.279999,-1.86,-21.9
10.156,18.119999,-2.22,-21.66
10.176,18.0,-2.1599998,-22.08
10.215,17.94,-2.58,-21.66
10.256,17.88,-2.1,-21.359999
10.296,17.699999,-1.62,-21.42
10.316,17.699999,-1.56,-21.6
10.356,17.699999,-1.92,-21.48
10.397,18.24,-1.92,-21.0
10.415,18.42,-1.38,-21.42
10.457,18.3,-1.92,-21.9
10.497,18.06,-2.34,-21.359999
10.517,17.699999,-1.8,-21.24
10.556,18.18,-1.26,-21.06
10.598,18.66,-2.52,-21.96
10.616,18.66,-2.46,-21.72
10.657,18.84,-2.6399999,-21.9
10.696,18.48,-2.1,-21.72
10.718,18.84,-1.92,-22.02
10.756,17.64,-1.9799999,-22.02
10.798,17.46,-1.38,-22.08
10.816,17.88,-1.26,-21.9
10.857,18.119999,-1.68,-21.72
10.897,17.76,-1.56,-22.32
10.916,17.82,-1.62,-22.26
10.957,17.52,-1.5,-21.72
10.996,17.94,-1.5,-21.24
11.016,17.4,-1.62,-20.939999
11.055,17.82,-2.28,-21.06
11.095,18.3,-2.04,-21.6
11.135,17.699999,-2.04,-21.72
11.155,17.64,-1.92,-21.359999
11.196,17.46,-2.22,-21.42
11.235,17.34,-2.28,-21.119999
11.256,16.92,-2.22,-21.119999
11.295,17.64,-2.04,-21.42
11.335,17.76,-1.56,-21.66
11.356,17.4,-1.56,-22.199999
11.396,17.279999,-1.5,-22.74
11.436,17.52,-1.56,-22.68
11.455,17.22,-1.56,-22.199999
11.496,17.52,-2.1,-21.18
11.535,18.0,-2.34,-21.6
11.557,18.119999,-2.34,-21.359999
11.596,17.82,-1.26,-21.359999
11.637,17.76,-0.59999996,-21.24
11.655,18.119999,-1.3199999,-20.88
11.695,18.0,-2.04,-21.359999
11.735,17.46,-2.1,-21.06
11.775,18.119999,-2.1,-20.46
11.796,18.24,-2.28,-20.58
11.835,17.94,-1.8,-20.76
11.857,17.52,-1.74,-21.42
11.897,18.119999,-1.62,-21.779999
11.936,18.3,-2.3999999,-20.88
11.977,18.06,-2.46,-20.52
11.997,17.82,-2.1,-20.58
12.036,17.94,-2.58,-20.82
12.059,18.18,-2.52,-21.359999
12.097,17.94,-2.1599998,-21.66
12.136,17.4,-2.52,-21.3
12.178,17.52,-2.9399998,-21.48
12.197,17.039999,-3.0,-21.06
12.238,17.76,-2.6399999,-21.66
12.279,18.24,-1.86,-21.779999
12.300,18.3,-1.92,-21.24
12.338,18.48,-2.6399999,-21.66
12.379,18.119999,-2.76,-22.199999
12.397,18.359999,-1.92,-21.72
12.436,17.88,-1.62,-21.9
12.476,17.16,-2.6399999,-21.84
12.496,17.52,-2.52,-21.779999
12.536,17.46,-2.1599998,-21.18
12.576,17.88,-1.62,-21.18
12.616,17.58,-1.4399999,-21.779999
12.637,18.06,-1.38,-21.72
12.676,18.18,-2.28,-21.0
12.697,18.119999,-2.1599998,-20.82
12.738,17.52,-1.9799999,-21.0
12.776,17.699999,-1.86,-20.88
12.816,18.0,-1.92,-21.06
12.836,17.82,-2.1,-20.939999
12.877,17.88,-2.28,-21.359999
12.917,18.0,-1.68,-21.48
12.937,18.18,-1.14,-21.72
12.976,18.24,-1.86,-21.24
13.017,18.48,-2.28,-20.58
13.037,19.02,-1.92,-20.4
13.077,18.539999,-2.52,-21.06
13.116,17.34,-2.1,-21.539999
13.137,17.52,-1.9799999,-21.9
13.177,17.94,-2.3999999,-22.26
13.216,18.72,-2.22,-21.72
13.236,18.779999,-1.1999999,-21.779999
13.278,18.359999,-1.14,-21.42
13.316,17.94,-2.04,-21.0
13.336,17.4,-2.1,-21.0
13.376,17.039999,-1.3199999,-21.66
13.416,17.58,-1.26,-22.02
13.436,18.539999,-1.8,-21.66
13.476,18.3,-2.34,-21.66
13.516,17.76,-2.34,-21.84
13.537,18.359999,-2.1599998,-22.14
13.577,18.42,-1.62,-21.66
13.616,17.58,-2.28,-21.6
13.637,17.699999,-2.04,-21.3
13.676,17.76,-1.62,-21.0
13.716,17.64,-1.8,-21.24
13.756,17.88,-2.04,-21.72
13.776,18.24,-1.92,-21.359999
13.817,18.359999,-2.1599998,-21.6
13.857,18.66,-2.28,-21.66
13.876,18.48,-2.22,-21.48
13.917,19.02,-2.1,-21.3
13.956,18.96,-1.86,-21.72
13.978,18.42,-2.22,-21.6
14.017,18.84,-2.58,-21.359999
14.056,18.84,-1.86,-21.66
14.076,18.42,-1.92,-21.779999
14.116,17.82,-1.56,-21.72
14.156,17.22,-2.1,-21.42
14.178,17.279999,-2.7,-21.24
14.218,17.64,-2.76,-21.42
14.260,17.88,-2.3999999,-22.14
14.277,17.94,-2.58,-22.32
14.319,17.64,-2.46,-22.38
14.356,17.76,-1.56,-22.14
14.378,17.64,-1.8,-22.08
14.417,18.72,-2.7,-22.32
14.457,18.24,-2.76,-22.38
14.498,17.88,-2.1599998,-21.9
14.518,18.18,-2.34,-21.96
14.556,18.539999,-2.1599998,-21.9
14.598,18.42,-2.1,-21.3
14.618,18.96,-2.04,-21.72
14.657,18.0,-2.04,-21.0
14.698,17.58,-2.28,-21.18
14.717,17.039999,-2.58,-21.24
14.756,16.92,-2.28,-21.6
14.785,17.039999,-1.9799999,-21.779999
14.817,17.64,-2.04,-21.84
14.857,17.76,-2.04,-22.199999
14.898,17.4,-1.68,-21.9
14.917,17.699999,-1.68,-21.6
14.959,18.3,-1.8,-21.48
14.997,17.76,-2.1,-22.02
15.017,17.699999,-2.28,-22.199999
15.057,17.94,-2.46,-21.84
15.099,18.48,-1.86,-21.72
15.119,18.24,-1.5,-21.96
15.158,18.0,-2.04,-21.84
15.197,17.699999,-2.28,-21.359999
15.219,17.64,-1.86,-21.119999
15.256,17.4,-1.92,-21.539999
15.297,16.8,-2.1599998,-21.359999
15.318,17.1,-2.3999999,-21.42
15.357,17.22,-2.46,-21.6
15.397,18.0,-1.62,-21.96
15.438,18.119999,-1.5,-22.14
15.458,18.0,-1.56,-22.02
15.497,17.82,-1.14,-22.199999
15.537,17.34,-1.68,-21.9
15.557,17.16,-1.86,-21.96
15.604,17.58,-2.34,-21.359999
15.638,18.42,-2.04,-20.76
15.656,18.6,-1.9799999,-20.64
15.697,18.3,-2.34,-21.24
15.736,18.42,-2.82,-21.42
15.756,18.359999,-2.52,-21.359999
15.795,17.52,-1.74,-22.26
15.835,18.0,-1.74,-21.84
15.856,18.3,-2.52,-21.779999
15.898,18.42,-1.86,-21.6
15.938,17.46,-1.56,-21.72
15.958,17.4,-1.5,-21.72
15.999,17.94,-1.5,-22.14
16.036,18.42,-1.9799999,-21.84
16.058,18.18,-1.9799999,-21.779999
16.096,18.06,-1.4399999,-22.26
16.137,18.42,-1.62,-22.08
16.159,18.6,-1.86,-22.08
16.197,18.0,-2.6399999,-22.08
16.237,17.82,-2.76,-21.24
16.276,17.64,-2.46,-21.66
16.297,16.98,-2.34,-22.08
16.336,17.34,-1.62,-22.56
16.377,17.4,-1.14,-22.439999
16.396,17.22,-1.26,-22.439999
16.437,16.98,-1.62,-22.14
16.477,17.52,-2.34,-21.72
16.497,17.76,-2.3999999,-22.08
16.537,16.98,-2.1599998,-22.38
16.576,16.8,-1.86,-22.619999
16.598,16.74,-1.92,-22.68
16.637,16.74,-2.1599998,-22.38
16.677,16.859999,-1.9799999,-22.199999
16.697,17.1,-1.74,-22.199999
16.737,16.859999,-2.04,-21.66
16.780,16.74,-2.22,-21.42
16.798,17.4,-2.04,-21.66
16.837,18.24,-2.22,-21.84
16.879,17.76,-2.1,-22.14
16.897,17.82,-2.1,-22.14
16.937,18.0,-2.1599998,-21.96
16.977,17.76,-1.8,-21.66
17.017,17.1,-1.74,-21.359999
17.037,16.92,-2.1,-21.42
17.077,17.279999,-2.52,-21.66
17.116,17.699999,-2.76,-21.06
17.137,17.279999,-3.0,-21.6
17.177,17.279999,-2.34,-21.42
17.217,17.76,-2.7,-21.42
17.237,18.119999,-3.0,-22.32
17.277,18.18,-3.1799998,-22.56
17.317,17.88,-2.6399999,-22.02
17.337,17.82,-1.86,-21.779999
17.377,17.16,-1.74,-21.6
17.417,16.92,-2.22,-21.9
17.438,17.4,-1.38,-22.26
17.475,17.94,-1.14,-21.48
17.518,18.06,-1.8,-21.18
17.537,18.0,-1.92,-21.18
17.575,18.18,-2.46,-22.199999
17.616,17.58,-2.28,-21.9
17.636,17.46,-2.22,-21.96
17.677,17.76,-1.8,-22.38
17.715,17.94,-1.62,-21.66
17.736,17.88,-1.3199999,-21.18
17.775,17.58,-0.96,-20.76
17.816,17.699999,-1.86,-21.0
17.856,17.76,-2.9399998,-20.88
17.875,17.46,-2.8799999,-21.48
17.916,16.92,-2.34,-20.88
17.955,17.16,-2.1599998,-21.18
17.975,17.64,-2.58,-21.18
18.016,17.46,-1.86,-21.72
18.057,16.56,-1.14,-21.9
18.078,16.68,-1.4399999,-21.72
18.115,17.039999,-0.9,-21.06
18.155,17.22,-1.14,-21.3
18.175,17.64,-1.38,-22.14
18.217,17.46,-1.62,-22.02
18.256,17.58,-1.86,-21.3
18.278,17.699999,-2.1599998,-21.119999
18.316,17.279999,-2.22,-21.18
18.359,17.22,-2.1,-21.72
18.379,17.16,-1.92,-21.72
18.417,17.64,-1.9799999,-21.84
18.456,17.76,-1.9799999,-22.32
18.477,17.76,-1.9799999,-22.199999
18.516,17.1,-1.68,-21.06
18.556,16.859999,-1.74,-20.939999
18.576,17.1,-2.1599998,-21.18
18.617,17.82,-2.3999999,-21.779999
18.656,17.88,-1.9799999,-21.84
18.697,17.279999,-2.04,-21.24
18.716,17.34,-2.28,-21.72
18.757,17.039999,-1.9799999,-21.24
18.797,17.88,-2.46,-20.279999
18.817,17.76,-2.76,-20.64
18.858,17.699999,-2.82,-21.0
18.897,17.279999,-1.9799999,-22.439999
18.918,17.22,-1.68,-22.26
18.957,17.46,-1.3199999,-21.42
18.998,17.64,-1.56,-21.06
19.017,17.52,-1.62,-20.88
19.058,17.1,-1.56,-22.08
19.098,17.1,-1.4399999,-22.26
19.116,16.859999,-1.62,-21.9
19.157,16.98,-1.8,-21.6
19.196,17.52,-1.92,-21.6
19.216,17.4,-1.68,-21.119999
19.258,18.24,-1.56,-21.48
19.300,18.3,-1.9799999,-21.779999
19.320,18.48,-2.1599998,-21.6
19.358,18.18,-2.28,-20.939999
19.397,17.76,-2.28,-21.24
19.419,17.94,-2.1599998,-21.539999
19.458,17.94,-2.34,-22.08
19.499,17.94,-2.7,-21.779999
19.519,17.94,-2.34,-21.66
19.559,18.0,-2.76,-21.42
19.597,18.18,-2.3999999,-20.939999
19.638,17.94,-1.5,-20.46
19.659,17.82,-1.74,-20.64
19.698,17.22,-2.1599998,-20.82
19.737,17.699999,-2.34,-21.3
19.756,18.0,-1.92,-21.119999
19.796,17.64,-2.1,-20.699999
19.837,17.46,-1.92,-21.119999
19.856,17.82,-1.68,-21.0
19.896,17.279999,-1.4399999,-21.48
19.936,17.4,-1.74,-21.779999
19.957,18.0,-1.8,-21.359999
19.996,17.76,-1.8,-20.58
20.037,17.82,-1.74,-21.24
20.056,18.06,-1.9799999,-21.48
20.096,18.119999,-2.04,-21.6
20.138,17.58,-2.46,-21.779999
20.156,17.4,-2.82,-22.14
20.198,16.98,-2.46,-21.48
20.238,16.98,-1.9799999,-21.66
20.257,17.4,-2.1599998,-21.96
20.297,17.34,-2.34,-21.96
20.338,16.859999,-2.22,-21.48
20.358,16.98,-2.1599998,-21.42
20.398,16.98,-1.8,-21.48
20.438,17.58,-1.74,-22.14
20.459,17.58,-1.68,-22.14
20.498,18.3,-1.86,-21.66
20.538,18.359999,-2.22,-21.359999
20.577,17.94,-2.34,-21.539999
20.597,17.94,-2.1599998,-21.48
20.637,17.82,-1.26,-21.42
20.677,17.46,-1.62,-21.6
20.703,17.22,-1.5,-21.96
20.736,17.52,-2.46,-22.14
20.778,17.94,-2.04,-21.3
20.797,18.359999,-2.28,-21.24
20.836,17.699999,-2.22,-21.66
20.877,17.22,-1.56,-21.9
20.897,17.1,-1.74,-21.539999
20.937,17.699999,-1.9799999,-21.18
20.977,17.64,-2.58,-21.539999
20.998,17.699999,-2.1,-21.48
21.037,17.699999,-1.1999999,-21.6
21.078,17.82,-1.86,-21.3
21.098,17.76,-1.9799999,-21.6
21.136,18.18,-1.56,-22.02
21.178,18.48,-1.4399999,-21.3
21.197,18.3,-1.5,-21.06
21.238,17.64,-1.62,-21.6
21.278,18.119999,-1.38,-21.66
21.317,17.76,-2.28,-21.359999
21.337,17.88,-2.34,-21.6
21.377,17.82,-1.74,-22.08
21.419,17.039999,-1.3199999,-21.84
21.437,17.039999,-1.74,-21.6
21.477,17.1,-1.9799999,-21.48
21.518,17.4,-2.22,-21.72
21.538,17.88,-1.92,-21.539999
21.578,17.76,-1.68,-21.84
21.616,17.4,-1.68,-21.66
21.637,17.4,-1.5,-21.66
21.677,17.52,-1.02,-22.02
21.717,17.94,-0.96,-21.779999
21.736,18.06,-1.14,-20.939999
21.777,18.06,-1.68,-21.84
21.817,18.0,-1.56,-22.56
21.838,17.699999,-1.4399999,-22.02
21.878,18.24,-1.86,-21.06
21.918,18.0,-2.28,-21.3
21.938,17.58,-1.8,-21.3
21.978,17.64,-1.68,-21.6
22.019,17.46,-1.9799999,-22.02
22.038,17.64,-1.9799999,-21.84
22.079,17.64,-1.56,-21.3
22.118,17.279999,-1.38,-21.6
22.158,16.92,-1.92,-21.42
22.178,16.92,-2.1599998,-21.6
22.217,17.4,-2.22,-21.06
22.259,17.279999,-2.1,-21.6
22.278,17.16,-2.28,-21.48
22.318,18.3,-2.1,-21.96
22.358,17.82,-1.38,-22.199999
22.378,17.82,-1.74,-21.9
22.420,17.4,-2.28,-21.72
22.458,17.16,-1.8,-21.6
22.477,16.68,-1.38,-21.779999
22.516,17.16,-1.38,-21.6
22.558,17.64,-2.1,-21.779999
22.577,17.16,-2.1,-21.42
22.618,17.699999,-2.8799999,-21.96
22.659,18.3,-2.76,-21.539999
22.678,18.18,-2.3999999,-20.939999
22.718,17.52,-2.04,-21.0
22.758,16.74,-1.74,-21.539999
22.779,16.8,-2.04,-21.0
22.817,17.279999,-1.5,-21.0
22.857,17.46,-1.14,-21.84
22.878,17.279999,-1.0799999,-22.14
22.919,17.34,-1.86,-22.199999
22.958,17.52,-1.86,-21.84
22.998,17.76,-1.92,-21.96
23.018,17.34,-2.22,-21.72
23.057,16.98,-2.6399999,-21.779999
23.098,17.1,-2.7,-21.6
23.119,17.58,-2.46,-21.6
23.157,17.52,-1.26,-21.3
23.199,17.039999,-1.3199999,-21.48
23.218,17.16,-1.68,-21.539999
23.258,17.58,-1.56,-21.779999
23.300,17.4,-1.38,-21.84
23.318,17.699999,-1.62,-21.84
23.358,17.88,-2.1599998,-21.66
23.396,17.58,-1.92,-20.76
23.416,17.58,-1.8,-20.58
23.457,17.16,-1.74,-20.88
23.497,17.46,-1.92,-21.06
23.517,17.279999,-1.68,-21.119999
23.557,17.88,-1.62,-21.24
23.596,17.88,-1.62,-21.3
23.617,17.88,-2.04,-21.06
23.656,17.64,-2.8799999,-20.939999
23.697,17.46,-2.04,-21.119999
23.718,17.82,-1.5,-21.3
23.758,17.1,-1.1999999,-21.779999
23.797,16.92,-1.92,-21.96
23.818,17.4,-2.46,-21.539999
23.858,17.4,-1.8,-21.42
23.898,17.279999,-1.38,-21.3
23.939,18.0,-1.0799999,-21.359999
23.957,18.0,-1.26,-21.84
23.998,18.0,-1.5,-21.119999
24.039,18.119999,-2.1,-21.0
24.058,17.82,-2.04,-21.779999
24.097,18.06,-2.52,-21.66
24.136,17.58,-1.92,-21.119999
24.157,17.22,-1.8,-21.0
24.197,17.52,-1.26,-21.18
24.239,18.0,-1.5,-21.48
24.260,17.82,-1.86,-21.3
24.298,17.76,-2.3999999,-21.9
24.338,17.46,-2.58,-22.14
24.358,17.46,-2.6399999,-21.66
24.398,17.699999,-2.6399999,-21.42
24.437,18.0,-2.52,-21.66
24.459,18.24,-2.1599998,-21.84
24.500,18.359999,-1.68,-21.66
24.538,17.64,-1.68,-21.119999
24.558,17.279999,-2.1,-21.18
24.598,17.4,-2.28,-21.359999
24.638,17.16,-2.34,-21.779999
24.677,17.039999,-2.1,-21.24
24.700,17.58,-1.74,-21.0
24.738,18.3,-2.1,-21.48
24.777,17.94,-2.6399999,-21.42
24.801,17.52,-2.46,-21.779999
24.837,17.46,-1.9799999,-21.539999
24.878,17.279999,-1.38,-21.42
24.899,17.52,-1.62,-21.72
24.938,17.58,-1.92,-22.08
24.978,17.58,-2.7,-21.42
24.997,17.82,-2.52,-21.24
25.036,18.359999,-2.58,-21.42
25.077,18.06,-2.34,-21.72
25.101,18.18,-2.28,-21.66
25.137,18.359999,-2.34,-21.6
25.177,18.18,-2.34,-21.24
25.196,17.76,-2.34,-21.3
25.238,18.06,-2.04,-21.06
25.276,18.48,-2.22,-21.0
25.299,18.42,-2.28,-21.119999
25.337,18.24,-2.46,-21.24
25.377,18.0,-2.46,-20.64
25.398,18.18,-2.28,-20.52
25.439,16.92,-1.9799999,-21.3
25.477,17.279999,-1.8,-22.02
25.498,17.4,-1.3199999,-21.96
25.538,18.18,-1.26,-21.9
25.576,18.06,-1.74,-21.72
25.617,16.92,-1.86,-21.42
25.636,16.98,-2.22,-20.939999
25.676,17.4,-2.46,-20.939999
25.716,16.859999,-2.1,-21.24
25.736,16.8,-1.9799999,-21.24
25.777,17.16,-1.74,-22.08
25.816,16.98,-1.92,-21.66
25.837,16.8,-2.22,-21.3
25.876,17.34,-2.52,-21.42
25.916,17.76,-3.06,-21.24
25.937,17.699999,-2.58,-21.06
25.977,17.699999,-1.9799999,-21.66
26.018,17.76,-2.3999999,-22.02
26.037,17.82,-2.28,-22.32
26.077,17.94,-2.22,-21.779999
26.117,17.88,-2.22,-21.779999
26.137,18.0,-1.86,-21.84
26.179,17.88,-1.68,-21.539999
26.218,17.699999,-1.86,-21.96
26.238,17.52,-2.46,-22.14
26.277,17.279999,-2.34,-22.02
26.317,17.16,-2.1,-21.779999
26.338,17.34,-2.04,-21.96
26.377,17.58,-2.04,-21.3
26.416,17.699999,-2.52,-20.88
26.457,17.82,-2.28,-21.66
26.477,18.24,-2.28,-21.6
26.517,17.34,-1.86,-22.38
26.559,16.68,-1.74,-22.439999
26.577,16.56,-2.1,-22.38
26.618,16.8,-1.8,-21.779999
26.657,16.56,-1.4399999,-21.48
26.678,16.8,-1.8,-21.9
26.717,16.68,-1.38,-21.66
26.758,16.619999,-1.26,-22.14
26.776,17.1,-1.68,-22.199999
26.816,18.06,-1.92,-21.42
26.858,18.539999,-1.62,-21.72
26.878,18.24,-2.22,-21.96
26.918,18.24,-2.1599998,-21.66
26.960,18.24,-1.8,-21.539999
26.977,17.94,-1.92,-21.779999
27.018,17.82,-3.0,-21.9
27.058,17.88,-2.52,-21.6
27.077,17.699999,-2.58,-21.9
27.117,17.82,-2.46,-21.6
27.157,17.88,-1.9799999,-20.88
27.197,17.76,-1.68,-21.42
27.217,17.94,-1.38,-21.779999
27.258,17.46,-1.62,-22.619999
27.300,17.22,-1.92,-22.08
27.317,17.58,-2.34,-22.199999
27.357,18.6,-2.22,-21.24
27.397,18.06,-2.1,-21.119999
27.416,17.88,-1.86,-21.0
27.458,17.76,-1.9799999,-21.24
27.499,18.359999,-2.52,-21.24
27.517,18.3,-2.76,-20.82
27.557,17.76,-2.34,-20.82
27.598,16.859999,-3.0,-21.66
27.617,17.1,-2.76,-22.14
27.657,17.46,-2.28,-22.32
27.698,17.58,-1.74,-21.66
27.717,17.46,-1.14,-21.48
27.758,17.1,-1.92,-22.199999
27.797,16.92,-2.58,-22.14
27.818,17.4,-2.34,-22.02
27.860,17.46,-1.8,-22.08
27.898,17.64,-1.62,-22.26
27.917,17.82,-1.8,-21.96
27.958,17.76,-1.92,-21.48
27.998,17.22,-2.46,-22.08
28.020,17.699999,-1.1999999,-22.08
28.058,18.06,-1.92,-21.119999
28.109,17.82,-3.1799998,-21.119999
28.137,17.64,-2.1599998,-21.84
28.157,17.58,-2.1599998,-22.439999
28.196,17.34,-2.76,-21.779999
28.238,18.06,-2.9399998,-21.24
28.260,18.3,-2.7,-21.96
28.298,18.24,-2.9399998,-22.14
28.336,17.1,-2.52,-22.02
28.358,17.34,-2.22,-22.02
28.397,18.0,-2.22,-21.9
28.437,17.52,-2.34,-22.5
28.457,17.52,-2.46,-22.38
28.498,17.76,-2.46,-22.08
28.537,17.64,-1.5,-20.88
28.558,17.52,-1.1999999,-21.42
28.598,17.279999,-0.96,-21.6
28.637,17.82,-1.4399999,-21.359999
28.658,17.76,-1.4399999,-21.359999
28.698,18.119999,-1.68,-21.72
28.738,17.76,-2.52,-21.359999
28.757,17.58,-2.3999999,-21.18
28.797,17.1,-2.46,-20.699999
28.838,17.279999,-1.68,-21.42
28.877,17.279999,-1.56,-21.42
28.898,17.1,-1.9799999,-21.18
28.937,16.92,-2.58,-22.14
28.977,17.22,-2.28,-21.84
28.996,17.279999,-1.9799999,-21.6
29.044,16.5,-2.1,-22.14
29.077,16.74,-1.9799999,-22.199999
29.098,17.22,-2.22,-22.199999
29.136,17.34,-1.5,-21.779999
29.177,17.76,-1.14,-21.6
29.197,18.24,-1.62,-21.48
29.236,18.42,-1.86,-22.14
29.278,17.94,-1.56,-22.14
29.298,17.82,-1.8,-21.9
29.337,17.699999,-2.58,-21.42
29.379,17.52,-1.86,-22.199999
29.398,17.52,-1.74,-22.38
29.439,18.18,-1.0799999,-21.539999
29.478,18.24,-0.53999996,-21.66
29.498,18.3,-0.78,-21.9
29.538,18.42,-1.0799999,-21.72
29.581,17.94,-1.3199999,-21.6
29.599,17.4,-1.14,-21.84
29.639,17.16,-1.38,-21.84
29.679,17.22,-2.28,-21.6
29.699,17.58,-2.28,-21.48
29.740,17.76,-1.68,-21.779999
29.780,17.58,-2.28,-22.439999
29.800,18.18,-2.1,-22.68
29.838,18.3,-1.56,-23.039999
29.878,17.88,-1.8,-22.32
29.919,17.88,-2.1599998,-22.08
29.939,17.88,-1.8,-21.72
29.979,17.88,-2.04,-21.48
30.019,17.46,-1.9799999,-22.26
30.040,17.46,-1.56,-22.38
30.078,17.52,-1.1999999,-22.74
30.118,17.699999,-1.56,-22.08
30.141,18.06,-1.86,-22.32
30.178,17.94,-1.8,-22.32
30.220,17.58,-1.68,-21.96
30.239,17.82,-1.4399999,-21.9
30.279,18.24,-1.62,-21.84
30.319,17.279999,-2.28,-22.38
30.342,17.52,-2.52,-22.56
30.378,18.18,-2.04,-22.56
30.418,17.76,-2.28,-21.96
30.440,17.58,-2.46,-21.48
30.480,17.58,-3.0,-21.18
30.520,18.359999,-2.76,-21.84
30.538,19.08,-2.22,-21.779999
30.579,18.24,-2.3999999,-21.3
30.620,17.58,-1.86,-21.3
30.640,17.279999,-1.4399999,-21.42
30.681,17.64,-1.8,-21.9
30.719,18.06,-1.92,-21.72
30.758,17.76,-1.68,-21.84
30.778,17.16,-1.74,-21.66
30.819,17.1,-1.74,-21.42
30.858,17.22,-2.3999999,-21.96
30.880,17.16,-2.76,-21.72
30.919,16.68,-2.8799999,-21.539999
30.962,16.74,-2.3999999,-21.42
30.979,17.1,-1.8,-21.24
31.019,17.279999,-1.9799999,-21.06
31.060,17.16,-2.04,-21.539999
31.078,17.16,-1.74,-21.84
31.119,17.52,-1.8,-22.14
31.158,17.4,-2.22,-21.779999
31.179,17.58,-2.04,-21.48
31.219,18.24,-2.82,-21.3
31.261,18.06,-2.58,-21.42
31.282,18.3,-2.22,-21.42
31.319,17.4,-2.28,-21.6
31.359,17.34,-1.5,-22.439999
31.380,17.64,-1.3199999,-22.5
31.420,18.0,-2.04,-22.26
31.459,17.94,-2.82,-21.84
31.480,18.3,-2.76,-21.72
31.521,17.82,-1.92,-22.08
31.559,17.699999,-2.28,-20.82
31.599,17.76,-2.22,-21.359999
31.619,17.94,-1.8,-21.96
31.661,17.58,-1.86,-21.84
31.698,17.039999,-1.92,-21.84
31.719,16.92,-2.22,-22.02
31.758,17.52,-2.1,-21.84
31.798,18.0,-2.34,-22.92
31.819,18.06,-2.22,-22.859999
31.861,17.82,-1.02,-22.08
31.899,18.24,-1.14,-22.08
31.919,18.84,-1.8,-22.14
31.959,19.02,-1.8,-21.72
31.998,18.359999,-1.92,-21.72
32.019,18.24,-1.9799999,-21.72
32.059,17.94,-2.04,-21.72
32.099,18.0,-2.34,-22.26
32.118,17.94,-1.86,-21.72
32.158,18.06,-2.1599998,-21.72
32.198,17.58,-2.3999999,-21.6
32.218,17.94,-2.3999999,-21.6
32.259,18.24,-2.1,-22.26
32.299,17.58,-1.3199999,-22.74
32.320,17.58,-1.3199999,-22.859999
32.359,17.279999,-2.46,-21.66
32.399,17.46,-2.28,-21.72
32.439,17.82,-1.92,-21.779999
32.459,17.94,-1.62,-21.6
32.500,18.119999,-1.4399999,-22.02
32.520,18.3,-1.4399999,-21.72
32.559,17.76,-1.68,-21.48
32.598,18.359999,-2.04,-22.02
32.639,18.0,-2.34,-22.32
32.661,18.18,-2.1,-22.5
32.699,18.48,-2.1599998,-22.199999
32.740,18.3,-2.04,-22.08
32.758,18.0,-1.86,-21.84
32.799,18.359999,-1.68,-21.539999
32.839,18.06,-1.4399999,-20.939999
32.861,18.24,-1.26,-21.42
32.898,18.18,-0.96,-21.18
32.938,18.24,-1.26,-21.6
32.958,17.82,-1.56,-21.9
32.998,17.82,-1.92,-21.24
33.039,18.24,-1.74,-21.48
33.059,18.359999,-1.5,-21.48
33.100,17.34,-1.3199999,-22.619999
33.138,17.22,-2.1599998,-21.9
33.159,17.46,-2.28,-21.779999
33.198,17.039999,-2.28,-21.24
33.239,16.859999,-2.1599998,-21.48
33.260,17.34,-2.3999999,-21.6
33.298,18.06,-1.9799999,-21.96
33.339,17.76,-1.86,-21.6
33.381,17.58,-1.8,-21.779999
33.399,17.699999,-2.1599998,-22.14
33.440,18.119999,-2.22,-22.32
33.478,18.0,-2.04,-22.619999
33.498,17.699999,-2.1599998,-22.08
33.538,17.16,-1.74,-21.6
33.579,17.46,-1.14,-22.02
33.599,17.4,-1.62,-21.6
33.640,17.22,-1.5,-21.48
33.679,16.8,-0.78,-20.88
33.700,16.8,-0.65999997,-21.359999
33.739,17.82,-1.4399999,-21.66
33.779,18.3,-2.1,-21.18
33.799,18.3,-1.92,-21.72
33.838,18.0,-2.8799999,-21.539999
33.880,18.6,-3.06,-21.72
33.898,18.66,-3.24,-22.199999
33.939,18.42,-2.28,-21.66
33.979,18.24,-1.8,-21.3
34.018,18.539999,-1.86,-21.42
34.039,18.119999,-2.04,-21.42
34.079,17.46,-1.92,-22.199999
34.100,17.46,-1.74,-22.32
34.139,17.16,-1.86,-22.38
34.178,17.22,-1.68,-21.359999
34.200,17.279999,-1.74,-21.24
34.238,17.82,-1.92,-21.18
34.278,17.88,-2.22,-21.06
34.320,17.4,-1.68,-21.0
34.339,17.64,-1.92,-21.0
34.380,18.119999,-1.5,-21.359999
34.420,18.48,-1.5,-20.699999
34.439,18.6,-1.5,-21.0
34.479,18.3,-1.92,-22.08
34.519,18.18,-2.04,-21.72
34.538,18.0,-1.74,-21.779999
34.578,17.94,-1.68,-21.06
34.621,17.94,-2.52,-21.48
34.638,18.06,-2.6399999,-21.18
34.679,18.9,-2.34,-21.6
34.719,19.02,-1.86,-21.72
34.739,18.72,-2.1599998,-22.08
34.780,18.06,-2.1599998,-21.9
34.818,18.119999,-2.28,-21.9
34.839,18.3,-2.28,-21.72
34.877,18.3,-1.62,-21.18
34.919,18.3,-1.26,-21.3
34.958,18.24,-1.9799999,-21.6
34.980,18.0,-1.74,-21.779999
35.019,17.4,-1.5,-21.06
35.058,17.22,-1.26,-21.24
35.079,16.98,-1.86,-21.0
35.117,17.88,-1.9799999,-20.699999
35.158,18.3,-1.4399999,-21.119999
35.178,18.06,-1.3199999,-20.82
35.218,18.06,-1.68,-21.42
35.259,17.699999,-1.74,-21.48
35.279,18.18,-1.4399999,-21.84
35.319,18.119999,-1.62,-21.66
35.358,17.1,-2.3999999,-21.72
35.379,17.16,-2.1,-21.72
35.419,17.4,-2.1599998,-21.84
35.457,17.46,-2.58,-21.72
35.477,17.1,-2.7,-21.96
35.518,17.039999,-2.8799999,-21.3
35.560,16.92,-3.48,-21.3
35.578,16.859999,-3.3,-22.68
35.618,16.92,-3.24,-23.16
35.659,16.92,-3.06,-22.32
35.699,16.619999,-3.24,-21.96
35.719,16.8,-3.6599998,-21.539999
35.761,16.32,-3.6,-22.02
35.799,16.32,-3.78,-22.68
35.819,16.92,-3.36,-22.26
35.858,17.22,-2.76,-22.38
35.897,16.38,-2.52,-22.5
35.917,16.26,-2.6399999,-22.68
35.957,16.14,-3.4199998,-22.619999
35.997,16.44,-3.72,-22.08
36.018,16.26,-3.72,-22.08
36.062,16.08,-4.08,-22.199999
36.100,15.96,-4.02,-22.14
36.119,16.08,-3.84,-21.84
36.157,16.5,-4.02,-22.08
36.198,16.98,-3.36,-21.779999
36.218,16.859999,-3.24,-21.539999
36.258,16.859999,-3.4199998,-21.3
36.298,16.74,-4.08,-21.48
36.319,16.44,-3.84,-21.84
36.358,16.32,-3.84,-21.96
36.399,16.859999,-3.4199998,-22.38
36.419,16.8,-3.24,-22.68
36.458,17.16,-2.82,-22.02
36.498,16.74,-3.48,-22.02
36.539,16.44,-4.14,-22.38
36.559,16.44,-4.08,-22.38
36.598,17.1,-3.72,-21.42
36.637,17.4,-4.08,-21.66
36.657,17.4,-4.14,-22.199999
36.697,17.22,-3.84,-21.24
36.738,16.38,-3.8999999,-20.22
36.758,16.44,-3.6599998,-20.46
36.798,16.68,-3.12,-21.3
36.837,16.08,-2.9399998,-21.3
36.857,15.719999,-3.4199998,-21.359999
36.897,15.96,-3.54,-21.6
36.937,16.199999,-3.6599998,-21.96
36.958,16.32,-4.14,-21.72
37.001,16.199999,-3.6599998,-21.3
37.039,16.56,-3.48,-21.359999
37.060,16.5,-3.36,-21.48
37.097,16.98,-3.84,-21.66
37.137,17.039999,-3.4199998,-22.08
37.159,16.74,-3.12,-22.26
37.198,16.199999,-3.54,-21.6
37.239,16.68,-4.68,-21.06
37.258,16.32,-4.7999997,-20.699999
37.299,16.5,-3.6599998,-20.039999
37.338,16.8,-3.12,-20.939999
37.377,17.1,-3.54,-22.439999
37.397,16.74,-3.9599998,-22.92
37.437,16.5,-4.14,-21.96
37.477,16.26,-4.14,-20.699999
37.498,16.14,-4.2599998,-20.699999
37.537,15.599999,-3.78,-20.64
37.576,15.96,-4.3199997,-21.48
37.597,16.14,-4.38,-21.42
37.636,15.839999,-4.14,-21.6
37.678,16.32,-3.72,-21.24
37.697,16.619999,-3.84,-21.06
37.737,17.4,-4.2,-21.779999
37.779,17.22,-3.84,-22.38
37.797,16.619999,-4.02,-21.359999
37.837,15.9,-4.2,-21.119999
37.877,16.98,-3.6599998,-21.66
37.898,17.039999,-3.6599998,-21.84
37.937,17.4,-3.6,-21.72
37.977,17.16,-3.48,-22.38
37.997,16.92,-3.48,-21.9
38.038,16.68,-3.36,-21.66
38.077,16.8,-3.12,-21.779999
38.098,17.16,-3.3,-22.08
38.138,17.039999,-3.4199998,-21.48
38.178,17.16,-3.36,-21.66
38.220,17.279999,-3.6599998,-22.08
38.238,17.1,-3.3,-22.68
38.278,16.92,-3.36,-21.84
38.318,16.68,-3.24,-21.96
38.338,16.38,-3.3,-21.9
38.379,17.039999,-3.6599998,-22.02
38.418,16.74,-3.36,-21.539999
38.438,15.839999,-2.8799999,-21.66
38.478,15.179999,-2.8799999,-21.42
38.518,15.9,-3.06,-21.6
38.537,16.08,-2.9399998,-21.6
38.578,16.92,-3.12,-21.48
38.618,15.719999,-3.6,-21.18
38.638,15.54,-3.6,-21.539999
38.679,16.199999,-3.78,-21.539999
38.717,16.56,-3.12,-21.66
38.738,16.74,-3.12,-21.3
38.778,16.38,-3.24,-21.24
38.818,16.74,-3.54,-22.199999
38.837,17.22,-3.3,-21.66
38.878,16.74,-3.78,-20.82
38.919,16.38,-4.08,-21.359999
38.939,16.38,-4.08,-21.539999
38.979,16.68,-4.14,-21.539999
39.018,16.98,-3.9599998,-21.779999
39.039,17.22,-3.6,-22.32
39.079,17.34,-3.54,-22.08
39.118,17.1,-2.76,-21.84
39.159,17.16,-3.54,-22.02
39.178,17.22,-3.8999999,-22.02
39.219,16.8,-3.6,-22.14
39.260,15.96,-3.1799998,-21.66
39.278,15.599999,-3.84,-21.42
39.318,16.02,-3.8999999,-21.84
39.359,16.56,-3.6599998,-21.48
39.377,16.38,-3.6,-21.0
39.417,16.5,-3.54,-21.42
39.458,16.619999,-3.6,-22.199999
39.478,16.26,-4.14,-21.9
39.518,16.5,-4.68,-21.539999
39.557,17.22,-3.4199998,-21.24
39.577,17.1,-3.54,-21.3
39.618,16.74,-3.3,-20.699999
39.658,16.26,-3.1799998,-20.82
39.677,16.38,-3.1799998,-21.359999
39.717,16.619999,-3.8999999,-21.779999
39.758,16.14,-3.78,-21.96
39.778,16.14,-3.6,-21.48
39.818,16.8,-3.8999999,-21.119999
39.857,17.4,-3.36,-22.02
39.879,16.92,-3.06,-22.26
39.917,16.32,-3.24,-21.66
39.958,16.5,-3.72,-21.24
39.998,16.92,-3.12,-21.48
40.018,17.16,-2.9399998,-21.24
40.058,16.8,-3.48,-20.64
40.098,16.199999,-4.02,-20.76
40.118,16.26,-3.24,-21.359999
40.158,16.56,-3.3,-22.08
40.198,16.38,-3.54,-22.74
40.217,16.44,-3.3,-22.8
40.258,16.14,-3.6599998,-22.56
40.298,16.26,-3.36,-21.66
40.318,16.619999,-3.3,-21.48
40.357,16.859999,-3.6,-21.66
40.397,16.68,-4.2,-21.96
40.418,16.26,-4.7999997,-21.779999
40.457,16.32,-4.74,-21.42
40.498,16.8,-4.3199997,-21.48
40.517,16.8,-4.08,-21.96
40.558,16.38,-3.6599998,-21.6
40.598,16.56,-3.54,-21.42
40.637,16.68,-3.8999999,-21.48
40.658,16.14,-3.9599998,-21.48
40.697,16.68,-3.3,-21.72
40.737,17.039999,-3.12,-21.96
40.757,16.68,-3.6,-21.84
40.797,16.56,-3.48,-22.14
40.837,16.14,-3.8999999,-21.84
40.858,16.14,-3.54,-22.08
40.897,16.92,-2.82,-22.199999
40.937,17.58,-2.76,-22.08
40.958,17.699999,-3.24,-21.66
40.998,17.16,-2.82,-21.779999
41.038,16.8,-3.3,-22.02
41.058,16.74,-3.54,-21.779999
41.098,16.08,-4.14,-21.72
41.138,16.32,-3.12,-21.24
41.157,16.56,-2.6399999,-20.88
41.198,16.619999,-3.12,-20.58
41.237,16.859999,-3.6599998,-20.58
41.257,16.98,-3.12,-21.0
41.299,17.16,-3.24,-21.359999
41.337,16.38,-3.72,-22.02
41.358,16.32,-3.8999999,-21.84
41.399,16.74,-3.84,-21.72
41.438,16.92,-3.84,-21.9
41.458,16.92,-3.72,-22.199999
41.497,16.38,-3.3,-21.84
41.538,16.8,-3.3,-21.0
41.577,17.34,-3.1799998,-21.359999
41.598,17.64,-3.24,-22.08
41.638,17.64,-3.54,-21.84
41.678,17.52,-3.06,-21.359999
41.698,17.52,-2.34,-21.66
41.738,16.8,-3.4199998,-21.72
41.778,16.859999,-4.3199997,-21.24
41.798,16.44,-4.14,-21.359999
41.838,16.44,-3.78,-21.48
41.878,16.5,-3.1799998,-21.72
41.898,16.74,-3.24,-21.539999
41.937,16.8,-2.6399999,-21.779999
41.979,16.98,-2.8799999,-21.48
41.997,16.98,-3.4199998,-21.48
42.038,16.74,-3.36,-21.6
42.076,16.68,-3.06,-21.18
42.097,16.92,-3.1799998,-21.48
42.137,16.619999,-2.52,-21.48
42.178,16.14,-2.7,-21.42
42.197,16.44,-3.4199998,-21.18
42.237,16.32,-3.8999999,-21.84
42.278,16.619999,-3.78,-22.26
42.317,16.8,-3.9599998,-22.14
42.337,16.619999,-4.3199997,-22.5
42.377,16.44,-3.6,-22.14
42.418,16.56,-2.58,-22.439999
42.437,16.92,-2.76,-22.38
42.479,16.56,-3.06,-22.26
42.520,16.08,-3.1799998,-22.92
42.537,16.08,-3.84,-23.4
42.577,16.619999,-4.02,-22.74
42.617,16.44,-3.4199998,-22.32
42.638,16.32,-3.36,-22.08
42.677,16.14,-3.24,-22.08
42.718,16.38,-4.02,-21.6
42.737,16.38,-3.84,-21.359999
42.778,16.32,-3.24,-21.42
42.819,16.56,-2.6399999,-21.96
42.837,16.92,-2.6399999,-21.9
42.877,16.859999,-3.06,-21.779999
42.917,16.68,-3.54,-21.6
42.938,16.38,-3.06,-21.42
42.977,15.9,-3.36,-21.539999
43.017,16.56,-4.2,-21.48
43.037,16.859999,-3.9599998,-21.48
43.077,17.22,-3.78,-21.42
43.117,17.34,-3.48,-21.359999
43.157,17.22,-3.6599998,-20.58
43.178,16.8,-3.6599998,-20.34
43.217,17.16,-4.3199997,-21.06
43.258,17.46,-3.9599998,-21.66
43.278,17.039999,-3.8999999,-21.42
43.317,16.74,-4.3199997,-21.0
43.358,17.64,-3.6,-21.0
43.378,17.52,-3.0,-21.42
43.418,17.82,-2.76,-22.26
43.458,17.64,-3.54,-22.5
43.478,17.82,-3.78,-22.199999
43.517,17.1,-3.9599998,-21.84
43.557,16.08,-4.02,-21.6
43.577,16.26,-3.48,-22.08
43.617,16.619999,-3.8999999,-21.6
43.658,16.8,-3.84,-21.539999
43.677,16.98,-3.6599998,-21.539999
43.718,16.92,-3.24,-21.72
43.758,17.16,-3.4199998,-21.72
43.778,16.98,-3.24,-21.84
43.818,16.859999,-3.6,-21.96
43.857,16.68,-4.3199997,-21.06
43.877,16.8,-4.14,-20.58
43.917,16.8,-3.72,-21.359999
43.958,17.46,-3.84,-22.02
43.980,17.4,-3.24,-22.14
44.018,17.58,-2.8799999,-22.38
44.058,17.22,-3.4199998,-22.26
44.079,17.22,-3.6599998,-21.84
44.117,16.26,-3.3,-21.72
44.158,15.96,-2.76,-21.96
44.197,16.56,-3.36,-22.32
44.217,16.5,-3.48,-22.26
44.257,16.859999,-2.8799999,-22.26
44.300,16.8,-3.1799998,-22.619999
44.317,17.22,-3.24,-22.619999
44.357,17.34,-3.72,-22.08
44.397,17.52,-3.24,-21.9
44.417,17.1,-3.36,-21.66
44.457,16.56,-3.6599998,-21.359999
44.498,16.5,-3.1799998,-21.72
44.517,16.68,-2.9399998,-21.96
44.557,16.44,-3.8999999,-21.6
44.597,15.9,-3.6599998,-22.08
44.617,16.14,-3.06,-22.38
44.658,16.619999,-2.82,-22.32
44.698,16.5,-3.6599998,-22.14
44.720,16.619999,-3.72,-22.199999
44.758,15.78,-3.3,-21.66
44.799,16.02,-4.02,-21.42
44.818,16.56,-4.14,-21.24
44.858,16.98,-3.54,-20.58
44.898,16.26,-3.12,-21.539999
44.937,17.039999,-3.84,-22.14
44.957,17.52,-3.72,-21.779999
44.999,16.859999,-3.24,-22.199999
45.037,16.14,-3.4199998,-22.5
45.057,16.38,-3.4199998,-21.96
45.098,16.38,-3.0,-20.82
45.137,16.619999,-3.4199998,-21.06
45.157,16.98,-4.14,-21.66
45.197,16.26,-3.6599998,-22.26
45.237,16.44,-3.06,-21.24
45.257,16.44,-3.4199998,-21.48
45.297,16.5,-3.06,-22.14
45.337,17.16,-3.54,-21.539999
45.357,16.98,-3.36,-21.66
45.398,17.039999,-3.6599998,-21.06
45.437,17.16,-3.78,-21.66
45.457,17.46,-4.14,-21.779999
45.497,16.98,-3.54,-22.08
45.537,16.92,-3.4199998,-21.42
45.557,17.16,-3.1799998,-20.88
45.598,17.58,-2.76,-21.119999
45.637,17.4,-3.4199998,-22.02
45.659,16.98,-3.24,-22.32
45.700,17.1,-3.54,-22.08
45.738,17.1,-3.8999999,-21.0
45.778,17.16,-3.9599998,-21.06
45.798,17.46,-3.54,-21.6
45.838,16.98,-2.9399998,-22.14
45.878,16.5,-3.12,-21.84
45.898,16.56,-3.6,-21.779999
45.938,17.1,-4.2,-22.08
45.977,17.46,-3.8999999,-22.32
45.999,17.52,-3.78,-22.199999
46.037,17.039999,-3.6599998,-22.199999
46.079,16.38,-3.24,-21.66
46.097,16.5,-3.4199998,-22.14
46.138,16.38,-3.3,-22.02
46.178,16.619999,-3.0,-21.42
46.200,16.859999,-3.1799998,-21.48
46.237,16.8,-3.24,-21.9
46.277,16.74,-3.48,-22.02
46.297,17.16,-3.9599998,-21.48
46.336,16.859999,-3.6599998,-21.42
46.376,16.92,-3.0,-21.42
46.418,17.1,-3.0,-21.18
46.436,16.92,-2.7,-21.24
46.477,16.8,-3.12,-21.84
46.517,17.279999,-3.4199998,-21.84
46.538,17.22,-3.24,-21.72
46.578,17.279999,-3.12,-21.66
46.617,17.34,-3.72,-21.48
46.637,17.22,-3.6599998,-21.72
46.677,17.34,-3.6,-21.539999
46.717,16.74,-3.3,-21.72
46.736,16.98,-3.4199998,-22.14
46.777,16.74,-3.6599998,-21.359999
46.817,16.98,-3.8999999,-21.0
46.838,16.859999,-3.9599998,-21.18
46.878,17.22,-3.78,-22.74
46.917,16.8,-3.12,-22.98
46.938,17.22,-2.52,-22.14
46.978,17.52,-3.36,-22.32
47.019,17.4,-3.54,-22.56
47.039,17.52,-3.3,-22.02
47.078,17.279999,-2.76,-21.24
47.118,17.34,-2.58,-21.9
47.138,16.619999,-2.76,-22.08
47.178,16.26,-2.7,-22.38
47.218,17.22,-2.7,-21.779999
47.238,16.859999,-3.1799998,-21.359999
47.278,16.26,-3.6599998,-21.66
47.319,16.38,-2.9399998,-21.66
47.339,16.619999,-2.76,-21.66
47.379,16.8,-3.6599998,-21.06
47.419,17.1,-3.84,-21.42
47.439,17.58,-3.54,-21.66
47.479,17.1,-3.06,-21.84
47.518,16.8,-3.54,-21.3
47.540,17.22,-3.1799998,-21.66
47.578,17.22,-3.12,-21.9
47.618,17.279999,-3.36,-21.779999
47.659,16.74,-3.6599998,-21.24
47.678,16.74,-3.48,-21.66
47.718,17.039999,-3.1799998,-21.6
47.759,17.1,-3.0,-21.66
47.779,17.1,-2.58,-22.14
47.818,16.8,-3.24,-21.84
47.859,17.22,-3.0,-21.539999
47.879,16.619999,-2.9399998,-21.779999
47.920,17.279999,-3.1799998,-21.84
47.958,18.0,-3.36,-21.119999
47.979,17.88,-3.4199998,-21.24
48.022,17.16,-3.4199998,-21.359999
48.058,17.1,-3.3,-21.779999
48.081,16.92,-3.3,-21.9
48.120,17.039999,-3.54,-22.199999
48.164,17.4,-3.1799998,-22.38
48.178,17.16,-3.6,-22.08
48.219,16.8,-3.48,-21.42
48.258,16.5,-3.78,-21.539999
48.299,16.68,-3.54,-21.66
48.318,16.68,-3.1799998,-22.26
48.358,16.68,-3.48,-22.5
48.399,16.619999,-4.2599998,-21.539999
48.418,16.92,-4.08,-21.9
48.459,17.64,-2.82,-21.539999
48.499,17.88,-2.82,-21.6
48.519,17.279999,-3.3,-21.42
48.558,17.52,-3.8999999,-20.88
48.599,17.76,-4.02,-21.24
48.619,17.52,-3.6,-21.6
48.659,17.58,-3.4199998,-21.42
48.699,16.92,-3.4199998,-21.48
48.719,17.1,-3.36,-21.42
48.759,17.34,-2.6399999,-22.14
48.798,18.119999,-2.1599998,-21.9
48.819,18.24,-2.34,-21.84
48.859,18.9,-2.9399998,-22.439999
48.898,18.24,-3.78,-22.32
48.918,18.119999,-3.84,-21.9
48.958,17.58,-3.3,-21.96
48.999,16.8,-3.12,-21.96
49.018,16.859999,-3.1799998,-21.539999
49.059,17.34,-3.4199998,-20.82
49.098,16.98,-3.72,-21.24
49.139,16.74,-3.78,-21.539999
49.159,16.92,-3.36,-21.6
49.198,17.16,-3.12,-21.66
49.239,16.32,-2.58,-20.699999
49.257,16.5,-2.8799999,-20.64
49.298,16.08,-2.82,-21.48
49.338,16.38,-3.12,-21.779999
49.359,16.74,-3.6599998,-21.779999
49.399,16.5,-4.02,-21.18
49.440,16.92,-3.06,-21.9
49.459,17.279999,-3.0,-22.08
49.499,17.88,-3.3,-22.38
49.541,17.22,-3.6599998,-22.08
49.559,17.52,-3.1799998,-22.08
49.599,16.98,-2.46,-22.26
49.639,17.46,-3.36,-21.359999
49.661,17.34,-3.6,-21.119999
49.699,16.68,-3.24,-21.06
49.741,16.74,-3.48,-20.76
49.759,17.22,-3.54,-21.06
49.801,17.64,-3.24,-20.699999
49.825,17.46,-3.4199998,-21.48
49.860,16.68,-3.12,-21.72
49.900,16.08,-2.76,-22.619999
49.940,16.44,-2.82,-22.439999
49.959,16.74,-3.06,-22.38
49.999,16.98,-2.46,-22.08
50.039,17.94,-3.24,-22.199999
50.060,17.46,-3.48,-22.14
50.101,16.44,-3.9599998,-21.359999
50.140,17.039999,-3.6,-21.48
50.179,17.1,-3.72,-22.199999
50.202,16.619999,-3.54,-22.02
50.239,16.8,-3.6,-22.32
50.261,16.8,-3.48,-21.779999
50.299,16.199999,-3.84,-21.84
50.339,16.02,-3.72,-21.96
50.381,17.46,-3.1799998,-21.84
50.399,17.279999,-3.3,-21.18
50.440,17.58,-3.48,-21.359999
50.481,17.22,-3.48,-21.72
50.499,17.4,-3.36,-21.9
50.542,16.56,-3.0,-22.56
50.579,17.16,-2.8799999,-22.5
50.600,17.4,-3.06,-22.5
50.640,17.76,-2.76,-22.38
50.681,17.46,-2.76,-22.26
50.699,17.279999,-2.8799999,-22.26
50.739,17.22,-3.48,-21.84
50.779,16.92,-3.0,-21.66
50.800,16.8,-3.0,-21.779999
50.839,16.92,-3.4199998,-21.3
50.879,16.619999,-3.72,-21.06
50.919,16.44,-3.6,-21.72
50.939,17.039999,-3.06,-22.02
50.979,17.279999,-2.58,-22.08
51.020,17.34,-3.78,-22.26
51.039,17.279999,-3.78,-22.56
51.078,17.76,-3.78,-22.439999
51.118,17.34,-2.82,-22.14
51.138,16.5,-2.76,-22.38
51.180,16.02,-2.46,-22.5
51.220,17.039999,-2.34,-22.199999
51.238,17.34,-2.46,-21.779999
51.280,18.18,-2.9399998,-21.48
51.319,17.58,-3.48,-21.66
51.341,17.52,-3.54,-21.9
51.382,17.22,-2.76,-22.5
51.419,17.34,-2.28,-22.02
51.440,17.46,-2.58,-21.0
51.480,17.699999,-2.76,-21.0
51.519,17.22,-3.12,-22.08
51.540,17.22,-3.1799998,-22.619999
51.578,17.4,-2.82,-22.5
51.620,17.46,-2.34,-22.26
51.640,17.94,-2.7,-22.199999
51.680,18.539999,-3.06,-21.359999
51.719,17.76,-3.6599998,-21.119999
51.760,17.58,-3.36,-21.359999
51.779,17.279999,-3.36,-21.66
51.820,17.34,-3.54,-22.02
51.859,17.34,-4.02,-21.66
51.881,17.82,-4.14,-21.18
51.920,17.039999,-3.8999999,-21.0
51.959,17.16,-2.9399998,-22.619999
51.979,17.64,-2.8799999,-22.56
52.019,18.3,-3.36,-22.14
52.059,18.0,-3.6,-21.779999
52.079,18.06,-3.84,-22.38
52.118,17.279999,-3.0,-22.14
52.159,17.34,-3.12,-21.48
52.180,17.34,-2.82,-21.6
52.219,16.859999,-3.3,-22.199999
52.259,17.1,-3.6599998,-21.539999
52.279,17.4,-3.4199998,-21.24
52.321,17.699999,-3.24,-21.06
52.361,17.699999,-3.24,-21.24
52.378,17.52,-2.7,-21.3
52.419,17.82,-2.34,-21.72
52.460,17.46,-2.6399999,-21.48
52.481,17.82,-3.06,-21.84
52.520,17.58,-2.8799999,-21.6
52.559,17.039999,-2.8799999,-21.539999
52.609,17.16,-3.84,-21.84
52.618,17.039999,-4.14,-21.9
52.659,16.92,-4.14,-21.539999
52.680,16.619999,-4.3199997,-21.66
52.720,17.34,-3.6,-21.779999
52.759,17.94,-2.9399998,-22.26
52.799,17.4,-3.6,-22.38
52.819,17.64,-3.84,-22.26
52.858,17.52,-3.8999999,-21.9
52.900,17.039999,-3.78,-21.539999
52.918,17.16,-3.8999999,-21.359999
52.960,17.279999,-2.82,-21.48
53.000,17.039999,-3.06,-21.119999
53.020,16.859999,-3.3,-21.18
53.059,16.92,-3.54,-20.939999
53.099,17.58,-3.06,-21.84
53.119,17.279999,-2.76,-21.779999
53.159,17.34,-3.06,-21.72
53.198,18.119999,-3.36,-21.539999
53.220,18.06,-3.24,-21.6
53.260,17.82,-3.12,-22.08
53.299,17.58,-3.0,-21.72
53.320,17.46,-3.3,-21.6
53.359,17.34,-3.0,-21.779999
53.399,17.16,-2.82,-22.02
53.439,16.859999,-2.8799999,-21.779999
53.459,17.52,-2.76,-21.66
53.501,17.58,-3.06,-21.42
53.539,17.279999,-3.0,-21.24
53.560,17.34,-2.8799999,-21.48
53.601,17.82,-3.12,-21.42
53.623,17.58,-3.12,-21.119999
53.658,17.039999,-3.54,-21.539999
53.699,17.039999,-3.6,-21.66
53.739,17.58,-3.36,-21.48
53.758,17.82,-3.48,-21.3
53.803,17.22,-3.1799998,-21.18
53.838,17.46,-3.1799998,-22.08
53.859,17.699999,-3.78,-22.26
53.899,17.64,-3.8999999,-22.199999
53.939,17.039999,-2.82,-22.32
53.959,17.279999,-2.82,-22.14
54.000,17.699999,-2.1599998,-21.66
54.038,17.46,-2.34,-21.48
54.063,17.699999,-2.34,-22.14
54.101,18.119999,-2.9399998,-21.779999
54.139,17.58,-3.48,-21.24
54.159,17.58,-3.1799998,-21.6
54.200,17.82,-2.82,-21.0
54.238,17.52,-2.9399998,-20.76
54.281,16.98,-3.36,-21.3
54.299,17.16,-3.36,-21.66
54.339,17.76,-3.36,-22.14
54.378,17.94,-3.1799998,-21.72
54.399,17.94,-3.1799998,-21.42
54.438,17.88,-2.7,-21.3
54.478,17.58,-2.8799999,-21.3
54.499,17.699999,-2.28,-21.48
54.539,17.88,-2.7,-22.02
54.579,17.4,-2.82,-21.9
54.599,17.16,-2.6399999,-21.6
54.639,16.92,-2.9399998,-21.6
54.678,16.859999,-2.58,-21.66
54.699,16.74,-2.34,-21.48
54.739,16.68,-2.7,-21.3
54.779,17.1,-2.9399998,-21.779999
54.799,17.4,-2.9399998,-21.779999
54.837,17.88,-1.9799999,-21.779999
54.878,17.46,-2.46,-21.779999
54.917,16.92,-2.7,-21.96
54.937,17.16,-3.12,-21.779999
54.978,17.82,-2.3999999,-21.66
55.018,17.82,-3.0,-21.6
55.038,17.58,-3.3,-21.48
55.077,17.52,-2.76,-21.24
55.118,16.619999,-2.34,-21.359999
55.137,17.22,-2.04,-20.88
55.179,17.88,-2.6399999,-21.119999
55.218,17.4,-2.8799999,-22.26
55.238,17.1,-3.24,-21.9
55.279,16.92,-3.06,-21.84
55.318,17.58,-3.06,-21.359999
55.339,17.82,-2.7,-21.18
55.378,17.22,-2.76,-21.42
55.420,17.16,-3.3,-21.779999
55.440,17.46,-3.36,-21.359999
55.479,18.119999,-3.6599998,-21.3
55.518,18.06,-3.1799998,-21.119999
55.539,17.46,-2.58,-21.18
55.579,16.859999,-1.8,-22.32
55.618,16.32,-1.8,-22.68
55.639,16.859999,-1.86,-22.38
55.678,17.22,-2.82,-21.72
55.718,17.58,-3.12,-21.779999
55.738,17.34,-3.1799998,-21.9
55.779,16.92,-3.12,-21.96
55.817,16.8,-3.12,-21.66
55.858,17.4,-2.58,-22.02
55.878,17.88,-3.0,-21.96
55.917,17.94,-3.0,-21.42
55.957,17.64,-2.6399999,-20.76
55.977,17.699999,-2.8799999,-20.82
56.017,17.16,-2.52,-21.119999
56.057,16.859999,-2.76,-21.18
56.078,17.1,-2.7,-20.939999
56.117,17.16,-3.06,-20.64
56.158,17.16,-3.3,-21.359999
56.179,17.34,-3.4199998,-21.66
56.218,17.22,-2.9399998,-22.32
56.258,17.34,-2.34,-22.439999
56.277,17.16,-2.6399999,-22.199999
56.319,16.8,-3.12,-21.84
56.358,17.039999,-2.76,-21.6
56.379,16.8,-2.6399999,-21.18
56.418,17.16,-2.76,-21.359999
56.458,16.619999,-3.3,-21.779999
56.478,16.8,-3.12,-21.96
56.518,16.98,-2.82,-21.9
56.559,17.52,-2.7,-21.6
56.579,17.46,-2.76,-21.539999
56.618,16.98,-2.58,-21.9
56.658,17.82,-2.28,-21.779999
56.699,18.06,-2.8799999,-21.66
56.717,17.82,-2.82,-21.779999
56.759,16.74,-2.46,-21.66
56.780,16.98,-2.52,-21.84
56.819,17.22,-2.82,-21.66
56.859,17.64,-2.82,-21.06
56.899,17.58,-3.0,-21.48
56.918,17.58,-2.7,-22.14
56.958,16.68,-2.82,-21.72
56.998,17.1,-2.52,-21.119999
57.018,17.4,-2.28,-21.0
57.059,17.58,-2.28,-21.119999
57.098,17.58,-2.6399999,-21.779999
57.118,17.58,-2.82,-22.439999
57.160,18.0,-3.1799998,-21.84
57.198,17.94,-2.76,-22.38
57.219,18.06,-2.22,-22.32
57.257,18.539999,-2.58,-22.92
57.299,18.06,-3.0,-22.38
57.318,17.82,-3.0,-21.48
57.359,17.4,-3.12,-21.6
57.399,17.039999,-2.8799999,-21.66
57.438,17.34,-3.0,-21.24
57.458,17.46,-2.8799999,-21.6
57.498,17.64,-2.8799999,-21.66
57.519,17.52,-2.76,-21.539999
57.558,17.039999,-2.6399999,-22.26
57.600,16.8,-2.46,-21.72
57.639,17.22,-2.82,-21.779999
57.658,17.1,-3.12,-22.199999
57.698,17.4,-2.9399998,-22.14
57.739,17.34,-3.3,-22.199999
57.759,17.16,-3.72,-21.84
57.798,17.4,-3.36,-21.359999
57.838,16.98,-3.3,-21.48
57.858,16.98,-3.84,-21.9
57.898,16.619999,-3.3,-21.66
57.939,17.34,-2.9399998,-20.82
57.957,17.34,-2.9399998,-20.88
57.997,18.18,-2.76,-21.779999
58.037,17.699999,-3.0,-21.9
58.058,17.4,-3.12,-22.08
58.098,17.52,-2.46,-21.66
58.137,17.88,-2.6399999,-21.84
58.157,17.94,-2.8799999,-21.9
58.197,17.94,-2.6399999,-22.02
58.241,17.58,-3.06,-21.66
58.258,17.22,-3.36,-22.02
58.298,16.859999,-3.54,-21.359999
58.338,17.46,-3.12,-21.3
58.359,17.039999,-3.06,-22.14
58.397,16.92,-2.7,-21.66
58.437,17.279999,-3.0,-21.84
58.478,17.699999,-3.3,-21.539999
58.497,17.76,-2.6399999,-21.779999
58.537,17.64,-2.34,-21.48
58.578,17.52,-3.24,-22.199999
58.598,16.92,-3.1799998,-22.38
58.637,16.859999,-3.24,-21.72
58.677,17.279999,-2.8799999,-21.6
58.697,17.34,-2.3999999,-21.6
58.737,17.46,-2.34,-21.42
58.777,17.34,-2.8799999,-21.66
58.798,17.1,-2.58,-21.48
58.838,16.68,-2.7,-21.66
58.877,16.74,-3.24,-21.84
58.898,17.46,-3.4199998,-22.199999
58.940,17.279999,-3.12,-22.32
58.978,17.16,-3.24,-22.32
58.998,17.699999,-3.1799998,-22.619999
59.038,17.58,-2.8799999,-21.9
59.078,16.74,-2.7,-21.48
59.098,16.32,-2.52,-21.539999
59.137,16.619999,-3.06,-21.0
59.177,17.22,-3.48,-21.3
59.217,17.46,-3.36,-21.18
59.237,17.46,-2.9399998,-21.48
59.278,17.94,-2.9399998,-22.32
59.318,18.119999,-3.48,-22.619999
59.337,18.0,-3.84,-22.26
59.378,17.76,-3.36,-21.72
59.417,17.82,-2.76,-21.96
59.438,17.94,-3.54,-22.14
59.477,17.58,-3.1799998,-21.84
59.517,17.52,-3.1799998,-21.72
59.537,17.82,-2.8799999,-21.84
59.578,18.06,-2.58,-22.439999
59.618,17.699999,-3.12,-21.539999
59.638,17.64,-3.06,-20.939999
59.677,17.82,-1.86,-21.96
59.717,17.279999,-1.92,-22.14
59.738,17.039999,-1.92,-22.26
59.777,16.92,-2.7,-22.26
59.818,17.52,-3.0,-21.66
59.837,17.699999,-2.52,-21.359999
59.876,17.279999,-2.22,-21.119999
59.917,16.56,-2.28,-21.359999
59.957,16.859999,-3.24,-21.359999
59.977,16.98,-3.78,-21.0
