timestamp,value
00.000,10.1
00.015,13.46
00.031,15.82
00.046,17.88
00.062,20.04
00.078,22.28
00.093,24.13
00.109,25.0
00.125,24.63
00.140,23.13
00.156,21.11
00.171,19.23
00.187,18.0
00.203,17.49
00.218,17.44
00.234,17.44
00.250,17.23
00.265,16.88
00.281,16.62
00.296,16.75
00.312,17.32
00.328,18.19
00.343,18.93
00.359,19.19
00.375,18.75
00.390,17.68
00.406,16.26
00.421,14.87
00.437,13.72
00.453,12.8
00.468,11.86
00.484,10.6
00.500,8.8
00.515,6.53
00.531,4.1
00.546,1.99
00.562,0.53
00.578,-0.23
00.593,-0.64
00.609,-1.23
00.625,-2.43
00.640,-4.32
00.656,-6.52
00.671,-8.4
00.687,-9.23
00.703,-8.54
00.718,-6.2
00.734,-2.47
00.750,2.17
00.765,7.12
00.781,11.8
00.796,15.65
00.812,18.11
00.828,18.72
00.843,17.12
00.859,13.27
00.875,7.46
00.890,0.28
00.906,-7.37
00.921,-14.52
00.937,-20.45
00.953,-24.84
00.968,-27.92
00.984,-30.32
01.000,-32.83
01.015,-35.86
01.031,-39.39
01.046,-42.85
01.062,-45.42
01.078,-46.5
01.093,-46.0
01.109,-44.39
01.125,-42.43
01.140,-40.78
01.156,-39.61
01.171,-38.67
01.187,-37.41
01.203,-35.42
01.218,-32.76
01.234,-29.84
01.250,-27.34
01.265,-25.79
01.281,-25.24
01.296,-25.33
01.312,-25.51
01.328,-25.22
01.343,-24.38
01.359,-23.24
01.375,-22.29
01.390,-21.95
01.406,-22.33
01.421,-23.17
01.437,-24.05
01.453,-24.57
01.468,-24.52
01.484,-23.85
01.500,-22.54
01.515,-20.31
01.531,-16.71
01.546,-11.27
01.562,-3.77
01.578,5.43
01.593,15.44
01.609,25.15
01.625,33.76
01.640,41.09
01.656,47.65
01.671,54.21
01.687,61.3
01.703,68.76
01.718,75.76
01.734,81.24
01.750,84.58
01.765,86.02
01.781,86.64
01.796,87.9
01.812,90.82
01.828,95.55
01.843,101.2
01.859,106.28
01.875,109.36
01.890,109.68
01.906,107.32
01.921,102.88
01.937,97.07
01.953,90.12
01.968,81.68
01.984,70.92
02.000,56.71
02.015,38.03
02.031,14.22
02.046,-14.67
02.062,-47.52
02.078,-82.07
02.093,-115.22
02.109,-143.66
02.125,-164.79
02.140,-177.62
02.156,-183.1
02.171,-183.8
02.187,-182.91
02.203,-183.1
02.218,-185.69
02.234,-190.32
02.250,-195.15
02.265,-197.47
02.281,-194.48
02.296,-183.94
02.312,-164.8
02.328,-137.43
02.343,-103.61
02.359,-66.19
02.375,-28.61
02.390,5.9
02.406,34.84
02.421,56.91
02.437,72.05
02.453,81.1
02.468,85.34
02.484,86.07
02.500,84.41
02.515,81.3
02.531,77.63
02.546,74.32
02.562,72.15
02.578,71.54
02.593,72.28
02.609,73.5
02.625,74.16
02.640,73.51
02.656,71.5
02.671,68.81
02.687,66.34
02.703,64.74
02.718,63.99
02.734,63.47
02.750,62.33
02.765,59.98
02.781,56.32
02.796,51.66
02.812,46.36
02.828,40.43
02.843,33.46
02.859,24.84
02.875,14.16
02.890,1.58
02.906,-11.99
02.921,-25.17
02.937,-36.47
02.953,-44.9
02.968,-50.31
02.984,-53.29
03.000,-54.78
03.015,-55.63
03.031,-56.2
03.046,-56.36
03.062,-55.86
03.078,-54.74
03.093,-53.53
03.109,-53.04
03.125,-53.95
03.140,-56.21
03.156,-58.98
03.171,-60.83
03.187,-60.4
03.203,-56.89
03.218,-50.56
03.234,-42.45
03.250,-33.88
03.265,-25.81
03.281,-18.39
03.296,-10.96
03.312,-2.45
03.328,8.03
03.343,20.7
03.359,34.95
03.375,49.72
03.390,63.93
03.406,76.91
03.421,88.38
03.437,98.24
03.453,106.18
03.468,111.37
03.484,112.84
03.500,109.9
03.515,102.68
03.531,92.15
03.546,79.72
03.562,66.51
03.578,52.81
03.593,38.0
03.609,21.24
03.625,2.19
03.640,-18.4
03.656,-38.71
03.671,-56.53
03.687,-70.06
03.703,-78.45
03.718,-81.88
03.734,-81.16
03.750,-77.16
03.765,-70.58
03.781,-62.05
03.796,-52.39
03.812,-42.81
03.828,-34.78
03.843,-29.43
03.859,-27.11
03.875,-27.06
03.890,-27.73
03.906,-27.48
03.921,-25.35
03.937,-21.46
03.953,-16.94
03.968,-13.49
03.984,-12.57
04.000,-14.94
04.015,-20.3
04.031,-27.52
04.046,-34.89
04.062,-40.71
04.078,-43.64
04.093,-43.13
04.109,-39.39
04.125,-33.15
04.140,-25.32
04.156,-16.61
04.171,-7.48
04.187,1.84
04.203,11.01
04.218,19.42
04.234,26.26
04.250,30.84
04.265,33.11
04.281,33.84
04.296,34.54
04.312,36.89
04.328,41.95
04.343,49.5
04.359,58.17
04.375,65.84
04.390,70.51
04.406,71.09
04.421,67.4
04.437,60.0
04.453,49.77
04.468,37.43
04.484,23.58
04.500,8.93
04.515,-5.47
04.531,-18.22
04.546,-27.82
04.562,-33.2
04.578,-34.01
04.593,-30.86
04.609,-25.11
04.625,-18.49
04.640,-12.63
04.656,-8.67
04.671,-7.03
04.687,-7.39
04.703,-9.01
04.718,-11.04
04.734,-12.84
04.750,-14.15
04.765,-14.93
04.781,-15.23
04.796,-15.14
04.812,-14.87
04.828,-14.79
04.843,-15.64
04.859,-18.16
04.875,-22.77
04.890,-29.26
04.906,-36.58
04.921,-43.2
04.937,-47.67
04.953,-49.16
04.968,-47.82
04.984,-44.48
05.000,-40.2
05.015,-35.72
05.031,-31.17
05.046,-26.32
05.062,-20.95
05.078,-15.25
05.093,-9.85
05.109,-5.5
05.125,-2.62
05.140,-1.06
05.156,-0.09
05.171,1.09
05.187,3.0
05.203,5.61
05.218,8.49
05.234,11.21
05.250,13.72
05.265,16.39
05.281,19.91
05.296,24.73
05.312,30.7
05.328,36.88
05.343,41.67
05.359,43.41
05.375,40.86
05.390,33.86
05.406,23.51
05.421,11.91
05.437,1.49
05.453,-5.68
05.468,-8.7
05.484,-7.84
05.500,-4.36
05.515,0.22
05.531,4.66
05.546,8.28
05.562,10.83
05.578,12.12
05.593,11.8
05.609,9.31
05.625,4.22
05.640,-3.49
05.656,-13.21
05.671,-23.82
05.687,-34.09
05.703,-43.07
05.718,-50.36
05.734,-55.86
05.750,-59.63
05.765,-61.42
05.781,-60.66
05.796,-56.8
05.812,-49.68
05.828,-39.89
05.843,-28.91
05.859,-18.5
05.875,-10.02
05.890,-3.91
05.906,0.6
05.921,4.9
05.937,10.17
05.953,16.73
05.968,23.61
05.984,29.15
06.000,31.78
06.015,30.92
06.031,27.33
06.046,22.74
06.062,19.02
06.078,17.21
06.093,17.24
06.109,18.03
06.125,18.37
06.140,17.65
06.156,16.14
06.171,14.78
06.187,14.52
06.203,15.76
06.218,17.98
06.234,20.24
06.250,21.6
06.265,21.68
06.281,20.8
06.296,19.68
06.312,18.84
06.328,18.2
06.343,16.95
06.359,14.11
06.375,9.07
06.390,2.1
06.406,-5.62
06.421,-12.43
06.437,-16.99
06.453,-18.82
06.468,-18.52
06.484,-17.27
06.500,-16.08
06.515,-15.34
06.531,-14.74
06.546,-13.7
06.562,-12.09
06.578,-10.67
06.593,-11.01
06.609,-14.52
06.625,-21.61
06.640,-30.93
06.656,-39.69
06.671,-44.77
06.687,-43.95
06.703,-36.93
06.718,-25.39
06.734,-12.15
06.750,0.06
06.765,9.44
06.781,15.51
06.796,18.63
06.812,19.45
06.828,18.5
06.843,16.19
06.859,13.32
06.875,11.22
06.890,11.67
06.906,16.01
06.921,24.47
06.937,35.56
06.953,46.34
06.968,53.31
06.984,53.64
07.000,46.48
07.015,33.38
07.031,17.99
07.046,4.72
07.062,-2.82
07.078,-3.01
07.093,3.2
07.109,12.95
07.125,22.55
07.140,28.9
07.156,30.4
07.171,27.2
07.187,20.75
07.203,12.99
07.218,5.76
07.234,0.33
07.250,-2.57
07.265,-2.75
07.281,-0.43
07.296,3.57
07.312,7.86
07.328,10.49
07.343,9.31
07.359,2.87
07.375,-8.92
07.390,-24.27
07.406,-39.94
07.421,-52.32
07.437,-58.81
07.453,-58.71
07.468,-53.25
07.484,-44.82
07.500,-35.68
07.515,-27.17
07.531,-19.43
07.546,-11.99
07.562,-4.49
07.578,2.89
07.593,9.4
07.609,14.36
07.625,17.53
07.640,19.44
07.656,20.99
07.671,23.03
07.687,25.79
07.703,28.67
07.718,30.51
07.734,30.13
07.750,27.06
07.765,21.88
07.781,16.04
07.796,11.3
07.812,8.89
07.828,9.03
07.843,10.84
07.859,12.96
07.875,14.3
07.890,14.57
07.906,14.34
07.921,14.56
07.937,15.79
07.953,17.81
07.968,19.57
07.984,19.83
08.000,17.85
08.015,13.92
08.031,9.2
08.046,5.21
08.062,2.93
08.078,2.38
08.093,2.56
08.109,2.07
08.125,-0.13
08.140,-4.1
08.156,-8.94
08.171,-13.31
08.187,-16.1
08.203,-17.18
08.218,-17.4
08.234,-18.16
08.250,-20.68
08.265,-25.33
08.281,-31.45
08.296,-37.77
08.312,-42.97
08.328,-46.3
08.343,-47.74
08.359,-47.65
08.375,-46.34
08.390,-43.7
08.406,-39.23
08.421,-32.5
08.437,-23.59
08.453,-13.31
08.468,-2.95
08.484,6.15
08.500,13.27
08.515,18.55
08.531,22.73
08.546,26.71
08.562,30.91
08.578,35.03
08.593,38.08
08.609,39.05
08.625,37.46
08.640,33.77
08.656,29.26
08.671,25.47
08.687,23.58
08.703,23.76
08.718,25.21
08.734,26.58
08.750,26.66
08.765,24.94
08.781,21.84
08.796,18.24
08.812,14.93
08.828,12.18
08.843,9.56
08.859,6.4
08.875,2.34
08.890,-2.31
08.906,-6.64
08.921,-9.68
08.937,-10.93
08.953,-10.85
08.968,-10.55
08.984,-11.28
09.000,-13.7
09.015,-17.48
09.031,-21.52
09.046,-24.56
09.062,-25.94
09.078,-26.07
09.093,-26.34
09.109,-28.32
09.125,-33.0
09.140,-40.07
09.156,-47.9
09.171,-54.24
09.187,-57.13
09.203,-55.77
09.218,-50.69
09.234,-43.39
09.250,-35.47
09.265,-27.97
09.281,-21.13
09.296,-14.59
09.312,-8.0
09.328,-1.37
09.343,4.87
09.359,10.17
09.375,14.39
09.390,17.98
09.406,21.9
09.421,27.09
09.437,34.01
09.453,42.31
09.468,50.91
09.484,58.48
09.500,64.01
09.515,67.17
09.531,68.34
09.546,68.23
09.562,67.45
09.578,66.19
09.593,64.25
09.609,61.32
09.625,57.35
09.640,52.61
09.656,47.59
09.671,42.66
09.687,37.89
09.703,33.05
09.718,27.79
09.734,22.04
09.750,16.01
09.765,10.25
09.781,5.36
09.796,1.68
09.812,-0.83
09.828,-2.49
09.843,-3.78
09.859,-5.07
09.875,-6.33
09.890,-7.35
09.906,-7.73
09.921,-7.29
09.937,-6.3
09.953,-5.44
09.968,-5.48
09.984,-6.85
10.000,-9.07
10.015,-10.76
10.031,-9.95
10.046,-4.88
10.062,5.3
10.078,20.16
10.093,38.3
10.109,57.98
10.125,77.77
10.140,96.99
10.156,115.52
10.171,133.51
10.187,151.18
10.203,168.71
10.218,186.32
10.234,204.09
10.250,221.51
10.265,237.02
10.281,248.0
10.296,251.38
10.312,244.67
10.328,227.05
10.343,199.68
10.359,165.22
10.375,126.9
10.390,87.43
10.406,48.41
10.421,10.57
10.437,-25.85
10.453,-60.75
10.468,-94.13
10.484,-126.37
10.500,-158.63
10.515,-192.79
10.531,-230.78
10.546,-273.42
10.562,-319.1
10.578,-363.23
10.593,-398.82
10.609,-418.58
10.625,-417.46
10.640,-394.57
10.656,-353.51
10.671,-300.95
10.687,-244.28
10.703,-189.64
10.718,-140.95
10.734,-100.22
10.750,-68.19
10.765,-44.92
10.781,-29.8
10.796,-21.45
10.812,-17.88
10.828,-17.0
10.843,-17.32
10.859,-18.28
10.875,-19.86
10.890,-21.83
10.906,-23.38
10.921,-23.14
10.937,-19.71
10.953,-12.47
10.968,-1.74
10.984,11.41
11.000,25.71
11.015,40.07
11.031,53.65
11.046,65.65
11.062,75.05
11.078,80.74
11.093,81.87
11.109,78.44
11.125,71.57
11.140,63.28
11.156,55.76
11.171,50.4
11.187,47.17
11.203,44.58
11.218,40.56
11.234,33.49
11.250,23.14
11.265,10.84
11.281,-0.99
11.296,-10.0
11.312,-14.83
11.328,-15.65
11.343,-13.65
11.359,-10.15
11.375,-5.83
11.390,-0.51
11.406,6.19
11.421,14.02
11.437,21.56
11.453,26.58
11.468,27.02
11.484,21.99
11.500,12.3
11.515,0.1
11.531,-11.86
11.546,-20.83
11.562,-24.37
11.578,-20.35
11.593,-7.11
11.609,15.72
11.625,46.36
11.640,80.73
11.656,113.31
11.671,139.17
11.687,155.85
11.703,164.05
11.718,166.9
11.734,168.08
11.750,170.0
11.765,173.05
11.781,176.16
11.796,177.92
11.812,177.53
11.828,175.01
11.843,170.63
11.859,164.39
11.875,155.73
11.890,144.0
11.906,129.01
11.921,111.52
11.937,93.22
11.953,76.29
11.968,62.81
11.984,54.17
12.000,50.78
12.015,52.03
12.031,56.62
12.046,63.04
12.062,69.78
12.078,75.57
12.093,79.39
12.109,80.59
12.125,79.14
12.140,75.9
12.156,72.56
12.171,71.21
12.187,73.61
12.203,80.3
12.218,90.35
12.234,101.64
12.250,111.78
12.265,119.06
12.281,122.95
12.296,123.87
12.312,122.42
12.328,118.7
12.343,111.95
12.359,100.82
12.375,84.16
12.390,61.63
12.406,33.98
12.421,2.76
12.437,-30.19
12.453,-63.63
12.468,-97.22
12.484,-131.6
12.500,-167.91
12.515,-206.76
12.531,-247.51
12.546,-287.88
12.562,-324.51
12.578,-354.07
12.593,-374.42
12.609,-385.17
12.625,-387.09
12.640,-381.0
12.656,-366.66
12.671,-342.69
12.687,-307.61
12.703,-261.59
12.718,-207.61
12.734,-151.38
12.750,-99.75
12.765,-58.47
12.781,-30.42
12.796,-15.26
12.812,-10.61
12.828,-13.71
12.843,-22.82
12.859,-37.45
12.875,-57.85
12.890,-83.93
12.906,-114.62
12.921,-147.8
12.937,-180.63
12.953,-210.25
12.968,-234.17
12.984,-250.7
13.000,-259.37
13.015,-261.17
13.031,-258.59
13.046,-255.03
13.062,-253.88
13.078,-257.21
13.093,-264.86
13.109,-274.32
13.125,-281.26
13.140,-280.88
13.156,-269.38
13.171,-245.41
13.187,-210.9
13.203,-171.07
13.218,-133.11
13.234,-103.97
13.250,-88.06
13.265,-85.56
13.281,-92.46
13.296,-101.96
13.312,-107.14
13.328,-103.21
13.343,-88.98
13.359,-66.7
13.375,-40.59
13.390,-14.91
13.406,7.77
13.421,27.47
13.437,46.49
13.453,68.06
13.468,94.42
13.484,125.43
13.500,158.29
13.515,188.89
13.531,213.99
13.546,233.15
13.562,248.92
13.578,265.37
13.593,285.59
13.609,309.81
13.625,334.91
13.640,355.72
13.656,367.01
13.671,365.39
13.687,350.09
13.703,322.7
13.718,286.37
13.734,244.88
13.750,201.97
13.765,160.9
13.781,124.2
13.796,93.42
13.812,69.06
13.828,50.65
13.843,37.1
13.859,27.0
13.875,19.09
13.890,12.94
13.906,9.15
13.921,9.54
13.937,16.29
13.953,30.45
13.968,50.74
13.984,73.24
14.000,92.57
14.015,104.14
14.031,106.08
14.046,99.53
14.062,87.57
14.078,73.06
14.093,57.27
14.109,40.06
14.125,21.15
14.140,1.47
14.156,-16.51
14.171,-29.91
14.187,-37.27
14.203,-39.69
14.218,-40.63
14.234,-44.24
14.250,-53.17
14.265,-67.08
14.281,-82.56
14.296,-94.38
14.312,-97.65
14.328,-90.0
14.343,-72.53
14.359,-49.27
14.375,-25.3
14.390,-4.39
14.406,12.66
14.421,27.74
14.437,43.88
14.453,62.91
14.468,84.17
14.484,104.79
14.500,121.23
14.515,131.15
14.531,134.34
14.546,132.28
14.562,126.91
14.578,119.41
14.593,110.06
14.609,98.87
14.625,86.49
14.640,74.73
14.656,65.93
14.671,62.0
14.687,63.01
14.703,66.72
14.718,69.22
14.734,66.12
14.750,54.49
14.765,33.75
14.781,5.94
14.796,-25.23
14.812,-55.82
14.828,-82.99
14.843,-105.7
14.859,-124.28
14.875,-139.66
14.890,-152.41
14.906,-162.34
14.921,-168.87
14.937,-171.72
14.953,-171.79
14.968,-171.01
14.984,-171.87
15.000,-176.18
15.015,-184.31
15.031,-195.11
15.046,-206.78
15.062,-217.97
15.078,-228.52
15.093,-238.87
15.109,-248.72
15.125,-255.96
15.140,-256.42
15.156,-245.31
15.171,-219.32
15.187,-178.44
15.203,-126.37
15.218,-69.03
15.234,-12.48
15.250,39.11
15.265,83.96
15.281,121.92
15.296,153.03
15.312,176.53
15.328,190.89
15.343,194.81
15.359,188.48
15.375,174.21
15.390,155.84
15.406,137.29
15.421,120.96
15.437,106.96
15.453,93.45
15.468,78.1
15.484,59.6
15.500,38.5
15.515,16.93
15.531,-2.75
15.546,-19.0
15.562,-31.88
15.578,-42.71
15.593,-53.06
15.609,-63.79
15.625,-74.62
15.640,-84.45
15.656,-92.09
15.671,-96.98
15.687,-99.41
15.703,-100.48
15.718,-101.53
15.734,-103.65
15.750,-107.24
15.765,-111.83
15.781,-116.23
15.796,-118.94
15.812,-118.61
15.828,-114.27
15.843,-105.51
15.859,-92.44
15.875,-75.71
15.890,-56.5
15.906,-36.51
15.921,-17.83
15.937,-2.42
15.953,8.3
15.968,14.03
15.984,15.72
16.000,15.46
16.015,16.04
16.031,20.25
16.046,30.18
16.062,46.56
16.078,68.39
16.093,93.1
16.109,117.3
16.125,137.91
16.140,153.21
16.156,163.31
16.171,169.76
16.187,174.45
16.203,178.58
16.218,182.18
16.234,184.43
16.250,184.59
16.265,182.63
16.281,179.4
16.296,176.08
16.312,173.52
16.328,171.81
16.343,170.36
16.359,168.44
16.375,165.55
16.390,161.46
16.406,155.92
16.421,148.32
16.437,137.76
16.453,123.41
16.468,104.92
16.484,82.71
16.500,57.79
16.515,31.08
16.531,2.86
16.546,-27.54
16.562,-61.44
16.578,-99.93
16.593,-142.87
16.609,-188.15
16.625,-231.74
16.640,-268.4
16.656,-293.1
16.671,-302.43
16.687,-295.43
16.703,-273.71
16.718,-240.72
16.734,-200.6
16.750,-157.24
16.765,-113.56
16.781,-71.23
16.796,-30.82
16.812,7.7
16.828,44.37
16.843,78.61
16.859,108.8
16.875,132.62
16.890,147.67
16.906,152.61
16.921,147.88
16.937,135.81
16.953,119.98
16.968,104.21
16.984,91.44
17.000,83.24
17.015,79.94
17.031,80.9
17.046,84.96
17.062,90.61
17.078,96.11
17.093,99.7
17.109,100.01
17.125,96.37
17.140,89.03
17.156,79.05
17.171,67.82
17.187,56.57
17.203,45.96
17.218,36.13
17.234,26.83
17.250,17.82
17.265,9.03
17.281,0.58
17.296,-7.3
17.312,-14.48
17.328,-20.97
17.343,-26.9
17.359,-32.42
17.375,-37.53
17.390,-41.98
17.406,-45.33
17.421,-47.0
17.437,-46.4
17.453,-43.15
17.468,-37.05
17.484,-28.22
17.500,-17.1
17.515,-4.42
17.531,8.85
17.546,21.71
17.562,33.22
17.578,42.83
17.593,50.34
17.609,55.91
17.625,59.9
17.640,62.58
17.656,64.15
17.671,64.69
17.687,64.41
17.703,63.7
17.718,63.17
17.734,63.47
17.750,65.06
17.765,67.98
17.781,71.73
17.796,75.32
17.812,77.44
17.828,76.76
17.843,72.38
17.859,64.18
17.875,52.91
17.890,39.99
17.906,26.99
17.921,15.01
17.937,4.35
17.953,-5.5
17.968,-15.38
17.984,-25.77
18.000,-36.46
18.015,-46.63
18.031,-55.32
18.046,-61.97
18.062,-66.81
18.078,-70.72
18.093,-74.94
18.109,-80.53
18.125,-88.12
18.140,-97.88
18.156,-109.46
18.171,-122.09
18.187,-134.38
18.203,-144.49
18.218,-150.37
18.234,-150.41
18.250,-144.13
18.265,-132.49
18.281,-117.66
18.296,-102.2
18.312,-88.07
18.328,-76.16
18.343,-66.21
18.359,-57.27
18.375,-48.15
18.390,-37.71
18.406,-25.01
18.421,-9.52
18.437,8.52
18.453,27.83
18.468,46.12
18.484,60.82
18.500,70.09
18.515,73.54
18.531,72.38
18.546,68.6
18.562,64.14
18.578,60.04
18.593,56.57
18.609,53.63
18.625,51.33
18.640,49.97
18.656,49.73
18.671,50.47
18.687,51.63
18.703,52.63
18.718,53.26
18.734,53.76
18.750,54.53
18.765,55.77
18.781,57.3
18.796,58.61
18.812,59.36
18.828,59.57
18.843,59.67
18.859,60.34
18.875,62.1
18.890,65.08
18.906,68.73
18.921,71.9
18.937,73.03
18.953,70.38
18.968,62.66
18.984,49.53
19.000,31.94
19.015,12.09
19.031,-7.11
19.046,-22.98
19.062,-33.75
19.078,-39.04
19.093,-39.69
19.109,-37.29
19.125,-33.58
19.140,-29.92
19.156,-27.18
19.171,-25.73
19.187,-25.76
19.203,-27.41
19.218,-30.79
19.234,-35.83
19.250,-42.04
19.265,-48.5
19.281,-54.1
19.296,-57.85
19.312,-59.43
19.328,-59.22
19.343,-58.03
19.359,-56.62
19.375,-55.15
19.390,-53.07
19.406,-49.49
19.421,-43.75
19.437,-35.91
19.453,-26.83
19.468,-17.78
19.484,-9.85
19.500,-3.47
19.515,1.87
19.531,7.16
19.546,13.48
19.562,21.28
19.578,30.04
19.593,38.46
19.609,45.07
19.625,48.87
19.640,49.8
19.656,48.66
19.671,46.56
19.687,44.37
19.703,42.15
19.718,39.42
19.734,35.51
19.750,30.24
19.765,24.07
19.781,17.83
19.796,12.26
19.812,7.46
19.828,2.93
19.843,-1.98
19.859,-7.45
19.875,-12.71
19.890,-16.23
19.906,-16.3
19.921,-11.92
19.937,-3.34
19.953,7.93
19.968,19.76
19.984,30.17
20.000,38.12
20.015,43.65
20.031,47.49
20.046,50.4
20.062,52.7
20.078,54.06
20.093,53.99
20.109,52.24
20.125,49.17
20.140,45.56
20.156,42.38
20.171,40.18
20.187,39.02
20.203,38.43
20.218,37.96
20.234,37.45
20.250,37.36
20.265,38.67
20.281,42.35
20.296,48.95
20.312,57.9
20.328,67.49
20.343,75.26
20.359,78.91
20.375,77.11
20.390,70.1
20.406,59.35
20.421,46.55
20.437,32.85
20.453,18.15
20.468,1.39
20.484,-18.83
20.500,-43.39
20.515,-71.87
20.531,-102.11
20.546,-130.43
20.562,-152.15
20.578,-162.63
20.593,-158.37
20.609,-138.15
20.625,-103.55
20.640,-58.92
20.656,-10.38
20.671,35.58
20.687,73.45
20.703,99.4
20.718,111.52
20.734,109.52
20.750,94.46
20.765,68.7
20.781,35.74
20.796,-0.02
20.812,-34.04
20.828,-62.52
20.843,-83.24
20.859,-95.76
20.875,-101.31
20.890,-101.94
20.906,-99.55
20.921,-95.54
20.937,-90.72
20.953,-85.53
20.968,-80.41
20.984,-75.72
21.000,-71.48
21.015,-67.24
21.031,-62.15
21.046,-55.33
21.062,-46.46
21.078,-36.16
21.093,-25.89
21.109,-17.39
21.125,-11.93
21.140,-9.7
21.156,-9.79
21.171,-10.69
21.187,-11.12
21.203,-10.73
21.218,-10.13
21.234,-10.25
21.250,-11.73
21.265,-14.38
21.281,-17.42
21.296,-20.04
21.312,-22.07
21.328,-24.15
21.343,-27.33
21.359,-32.28
21.375,-38.56
21.390,-44.67
21.406,-48.56
21.421,-48.54
21.437,-44.14
21.453,-36.29
21.468,-26.89
21.484,-17.91
21.500,-10.64
21.515,-5.29
21.531,-1.27
21.546,2.16
21.562,5.27
21.578,7.52
21.593,8.07
21.609,6.58
21.625,3.91
21.640,2.0
21.656,3.07
21.671,8.45
21.687,17.84
21.703,29.24
21.718,39.94
21.734,47.78
21.750,51.95
21.765,53.03
21.781,52.3
21.796,50.77
21.812,48.75
21.828,45.89
21.843,41.67
21.859,35.85
21.875,28.66
21.890,20.57
21.906,11.93
21.921,2.96
21.937,-6.28
21.953,-15.74
21.968,-25.17
21.984,-34.18
22.000,-42.33
22.015,-49.25
22.031,-54.8
22.046,-59.14
22.062,-62.63
22.078,-65.9
22.093,-69.4
22.109,-73.28
22.125,-77.01
22.140,-79.46
22.156,-79.24
22.171,-75.39
22.187,-67.8
22.203,-57.49
22.218,-46.06
22.234,-35.09
22.250,-25.45
22.265,-17.06
22.281,-9.23
22.296,-1.21
22.312,7.16
22.328,15.33
22.343,22.43
22.359,27.76
22.375,31.48
22.390,34.43
22.406,37.85
22.421,42.62
22.437,48.78
22.453,55.44
22.468,61.31
22.484,65.38
22.500,67.56
22.515,68.74
22.531,70.27
22.546,73.21
22.562,77.73
22.578,82.88
22.593,87.24
22.609,89.61
22.625,89.75
22.640,88.44
22.656,87.06
22.671,86.66
22.687,87.43
22.703,88.56
22.718,88.69
22.734,86.77
22.750,82.56
22.765,76.79
22.781,70.63
22.796,65.09
22.812,60.44
22.828,56.24
22.843,51.72
22.859,46.37
22.875,40.39
22.890,34.49
22.906,29.51
22.921,25.75
22.937,22.59
22.953,18.72
22.968,12.73
22.984,3.91
23.000,-7.23
23.015,-19.0
23.031,-29.33
23.046,-36.58
23.062,-40.33
23.078,-41.57
23.093,-42.15
23.109,-43.91
23.125,-47.84
23.140,-53.76
23.156,-60.59
23.171,-67.18
23.187,-73.01
23.203,-78.56
23.218,-85.01
23.234,-93.42
23.250,-104.03
23.265,-115.72
23.281,-126.37
23.296,-133.66
23.312,-135.99
23.328,-133.15
23.343,-126.22
23.359,-116.94
23.375,-106.78
23.390,-96.46
23.406,-85.83
23.421,-74.34
23.437,-61.64
23.453,-47.93
23.468,-33.73
23.484,-19.58
23.500,-5.75
23.515,7.89
23.531,21.34
23.546,34.12
23.562,45.18
23.578,53.16
23.593,57.17
23.609,57.5
23.625,55.64
23.640,53.89
23.656,54.28
23.671,57.58
23.687,63.06
23.703,68.82
23.718,73.01
23.734,74.87
23.750,75.34
23.765,76.53
23.781,80.51
23.796,88.13
23.812,98.29
23.828,108.43
23.843,115.63
23.859,117.84
23.875,114.56
23.890,106.66
23.906,95.69
23.921,83.07
23.937,69.72
23.953,56.1
23.968,42.55
23.984,29.66
24.000,18.18
24.015,8.98
24.031,2.53
24.046,-1.2
24.062,-2.72
24.078,-2.76
24.093,-2.0
24.109,-0.72
24.125,1.18
24.140,3.94
24.156,7.54
24.171,11.19
24.187,13.4
24.203,12.32
24.218,6.58
24.234,-4.15
24.250,-18.81
24.265,-35.3
24.281,-51.3
24.296,-65.03
24.312,-75.76
24.328,-83.75
24.343,-89.71
24.359,-94.29
24.375,-97.56
24.390,-99.02
24.406,-97.94
24.421,-93.75
24.437,-86.5
24.453,-77.02
24.468,-66.67
24.484,-56.98
24.500,-49.24
24.515,-44.23
24.531,-42.22
24.546,-43.22
24.562,-47.17
24.578,-53.96
24.593,-63.14
24.609,-73.73
24.625,-83.87
24.640,-91.2
24.656,-93.5
24.671,-89.48
24.687,-79.37
24.703,-65.02
24.718,-49.19
24.734,-34.6
24.750,-23.04
24.765,-14.88
24.781,-9.3
24.796,-5.07
24.812,-1.17
24.828,2.63
24.843,6.0
24.859,8.47
24.875,9.81
24.890,10.3
24.906,10.39
24.921,10.32
24.937,9.9
24.953,8.64
24.968,6.16
24.984,2.86
25.000,0.19
25.015,0.22
25.031,4.95
25.046,15.27
25.062,30.28
25.078,47.23
25.093,62.47
25.109,72.44
25.125,75.12
25.140,70.68
25.156,61.16
25.171,49.6
25.187,38.76
25.203,30.02
25.218,23.19
25.234,17.02
25.250,10.04
25.265,1.48
25.281,-8.43
25.296,-18.84
25.312,-28.73
25.328,-37.59
25.343,-45.46
25.359,-52.58
25.375,-58.76
25.390,-63.13
25.406,-64.25
25.421,-60.77
25.437,-52.29
25.453,-39.7
25.468,-25.02
25.484,-10.64
25.500,1.67
25.515,11.37
25.531,18.99
25.546,25.54
25.562,31.62
25.578,36.86
25.593,40.32
25.609,41.04
25.625,38.98
25.640,35.54
25.656,33.22
25.671,34.73
25.687,41.88
25.703,54.67
25.718,71.16
25.734,88.15
25.750,102.23
25.765,110.86
25.781,113.02
25.796,109.04
25.812,100.04
25.828,87.23
25.843,71.59
25.859,53.87
25.875,34.96
25.890,16.19
25.906,-0.78
25.921,-14.36
25.937,-23.7
25.953,-29.1
25.968,-31.82
25.984,-33.58
26.000,-35.68
26.015,-38.51
26.031,-41.45
26.046,-43.5
26.062,-44.06
26.078,-43.67
26.093,-44.02
26.109,-47.16
26.125,-54.65
26.140,-66.74
26.156,-82.2
26.171,-98.82
26.187,-114.19
26.203,-126.36
26.218,-134.17
26.234,-136.9
26.250,-134.06
26.265,-125.26
26.281,-110.42
26.296,-90.3
26.312,-66.64
26.328,-42.11
26.343,-19.41
26.359,-0.56
26.375,13.89
26.390,24.84
26.406,33.98
26.421,42.84
26.437,51.92
26.453,60.33
26.468,66.36
26.484,68.5
26.500,66.3
26.515,60.93
26.531,54.47
26.546,48.91
26.562,45.02
26.578,41.82
26.593,37.26
26.609,29.35
26.625,17.52
26.640,3.11
26.656,-11.07
26.671,-22.01
26.687,-27.69
26.703,-28.02
26.718,-24.45
26.734,-19.08
26.750,-13.65
26.765,-8.93
26.781,-4.94
26.796,-1.63
26.812,0.5
26.828,0.12
26.843,-4.09
26.859,-12.79
26.875,-25.03
26.890,-38.36
26.906,-49.68
26.921,-56.48
26.937,-57.86
26.953,-54.85
26.968,-49.69
26.984,-44.57
27.000,-40.58
27.015,-37.3
27.031,-33.26
27.046,-27.0
27.062,-18.03
27.078,-7.2
27.093,3.76
27.109,13.13
27.125,20.15
27.140,25.4
27.156,30.39
27.171,36.67
27.187,45.07
27.203,55.13
27.218,65.52
27.234,74.7
27.250,81.66
27.265,86.31
27.281,89.33
27.296,91.63
27.312,93.96
27.328,96.66
27.343,99.9
27.359,103.86
27.375,108.86
27.390,114.94
27.406,121.41
27.421,126.51
27.437,127.64
27.453,122.13
27.468,108.32
27.484,86.34
27.500,58.19
27.515,27.18
27.531,-3.18
27.546,-30.25
27.562,-52.81
27.578,-71.07
27.593,-86.16
27.609,-99.22
27.625,-111.02
27.640,-121.72
27.656,-131.07
27.671,-138.77
27.687,-144.58
27.703,-148.46
27.718,-150.32
27.734,-149.95
27.750,-146.87
27.765,-140.53
27.781,-130.58
27.796,-117.21
27.812,-101.21
27.828,-83.98
27.843,-67.17
27.859,-52.2
27.875,-39.92
27.890,-30.21
27.906,-22.2
27.921,-14.72
27.937,-6.86
27.953,1.45
27.968,9.49
27.984,16.23
28.000,21.0
28.015,23.97
28.031,26.13
28.046,28.72
28.062,32.45
28.078,37.05
28.093,41.42
28.109,44.29
28.125,44.94
28.140,43.62
28.156,41.28
28.171,38.86
28.187,36.66
28.203,33.98
28.218,29.66
28.234,22.76
28.250,13.37
28.265,2.71
28.281,-7.39
28.296,-15.51
28.312,-21.37
28.328,-26.04
28.343,-31.28
28.359,-38.43
28.375,-47.56
28.390,-57.19
28.406,-64.94
28.421,-68.55
28.437,-66.98
28.453,-60.84
28.468,-51.99
28.484,-42.7
28.500,-34.52
28.515,-27.72
28.531,-21.26
28.546,-13.36
28.562,-2.19
28.578,13.37
28.593,33.38
28.609,56.88
28.625,82.09
28.640,106.8
28.656,128.73
28.671,145.82
28.687,156.56
28.703,160.15
28.718,156.65
28.734,146.89
28.750,132.29
28.765,114.67
28.781,96.07
28.796,78.41
28.812,63.31
28.828,51.67
28.843,43.47
28.859,37.88
28.875,33.64
28.890,29.86
28.906,26.43
28.921,24.12
28.937,24.02
28.953,26.71
28.968,31.62
28.984,37.02
29.000,40.5
29.015,39.84
29.031,33.89
29.046,22.71
29.062,7.39
29.078,-10.74
29.093,-30.7
29.109,-52.09
29.125,-74.76
29.140,-98.22
29.156,-121.18
29.171,-141.49
29.187,-156.87
29.203,-165.73
29.218,-167.79
29.234,-164.17
29.250,-156.69
29.265,-146.97
29.281,-135.76
29.296,-122.91
29.312,-107.87
29.328,-90.66
29.343,-72.07
29.359,-53.49
29.375,-36.17
29.390,-20.61
29.406,-6.32
29.421,7.67
29.437,22.08
29.453,36.78
29.468,50.78
29.484,62.83
29.500,72.12
29.515,78.68
29.531,83.22
29.546,86.49
29.562,88.55
29.578,88.58
29.593,85.42
29.609,78.4
29.625,68.17
29.640,56.75
29.656,46.71
29.671,40.12
29.687,37.56
29.703,37.94
29.718,39.33
29.734,39.94
29.750,38.99
29.765,36.77
29.781,34.08
29.796,31.35
29.812,28.29
29.828,23.93
29.843,17.44
29.859,8.83
29.875,-0.75
29.890,-9.45
29.906,-15.61
29.921,-18.57
29.937,-19.17
29.953,-19.35
29.968,-21.24
29.984,-26.21
30.000,-34.31
30.015,-44.33
30.031,-54.53
30.046,-63.47
30.062,-70.47
30.078,-75.78
30.093,-79.84
30.109,-82.79
30.125,-83.99
30.140,-82.17
30.156,-76.02
30.171,-65.07
30.187,-50.2
30.203,-33.54
30.218,-17.57
30.234,-4.12
30.250,6.46
30.265,15.26
30.281,23.99
30.296,33.99
30.312,45.33
30.328,56.87
30.343,67.03
30.359,74.78
30.375,80.24
30.390,84.57
30.406,89.15
30.421,94.92
30.437,101.9
30.453,109.29
30.468,116.21
30.484,122.2
30.500,127.61
30.515,133.11
30.531,139.13
30.546,145.2
30.562,149.78
30.578,150.67
30.593,145.91
30.609,134.55
30.625,117.1
30.640,95.27
30.656,71.22
30.671,46.86
30.687,23.26
30.703,0.72
30.718,-20.79
30.734,-41.13
30.750,-59.78
30.765,-76.05
30.781,-89.44
30.796,-100.01
30.812,-108.41
30.828,-115.63
30.843,-122.57
30.859,-129.73
30.875,-136.97
30.890,-143.61
30.906,-148.81
30.921,-151.82
30.937,-152.18
30.953,-149.83
30.968,-145.01
30.984,-138.11
31.000,-129.46
31.015,-119.26
31.031,-107.55
31.046,-94.41
31.062,-80.12
31.078,-65.17
31.093,-50.01
31.109,-34.85
31.125,-19.56
31.140,-3.8
31.156,12.38
31.171,28.22
31.187,42.19
31.203,52.48
31.218,57.88
31.234,58.38
31.250,55.28
31.265,50.67
31.281,46.48
31.296,43.79
31.312,42.63
31.328,42.39
31.343,42.42
31.359,42.56
31.375,43.22
31.390,45.04
31.406,48.48
31.421,53.45
31.437,59.31
31.453,65.1
31.468,69.86
31.484,72.99
31.500,74.26
31.515,73.7
31.531,71.47
31.546,67.56
31.562,61.77
31.578,53.78
31.593,43.45
31.609,31.1
31.625,17.7
31.640,4.57
31.656,-7.11
31.671,-16.82
31.687,-24.81
31.703,-31.85
31.718,-38.58
31.734,-45.12
31.750,-51.03
31.765,-55.63
31.781,-58.52
31.796,-59.73
31.812,-59.67
31.828,-58.58
31.843,-56.28
31.859,-52.44
31.875,-46.7
31.890,-39.06
31.906,-29.75
31.921,-18.86
31.937,-6.26
31.953,8.25
31.968,24.39
31.984,41.01
32.000,56.13
32.015,67.66
32.031,74.25
32.046,75.78
32.062,73.07
32.078,67.17
32.093,58.75
32.109,48.04
32.125,35.26
32.140,21.38
32.156,8.18
32.171,-2.14
32.187,-8.08
32.203,-9.38
32.218,-7.09
32.234,-2.75
32.250,2.37
32.265,7.9
32.281,14.06
32.296,21.08
32.312,28.52
32.328,35.15
32.343,39.55
32.359,40.78
32.375,38.98
32.390,35.12
32.406,30.51
32.421,26.0
32.437,21.59
32.453,16.53
32.468,9.87
32.484,1.08
32.500,-9.85
32.515,-22.5
32.531,-36.4
32.546,-51.27
32.562,-66.99
32.578,-83.35
32.593,-99.7
32.609,-114.87
32.625,-127.47
32.640,-136.38
32.656,-141.22
32.671,-142.45
32.687,-141.08
32.703,-138.06
32.718,-133.66
32.734,-127.24
32.750,-117.61
32.765,-103.67
32.781,-85.19
32.796,-63.19
32.812,-39.88
32.828,-17.79
32.843,1.17
32.859,16.43
32.875,28.89
32.890,40.16
32.906,51.58
32.921,63.38
32.937,74.47
32.953,82.96
32.968,87.15
32.984,86.33
33.000,81.14
33.015,73.29
33.031,64.94
33.046,58.25
33.062,55.03
33.078,56.66
33.093,63.69
33.109,75.76
33.125,91.4
33.140,108.24
33.156,123.81
33.171,136.1
33.187,143.99
33.203,147.31
33.218,146.2
33.234,140.8
33.250,131.17
33.265,117.44
33.281,100.28
33.296,81.06
33.312,61.38
33.328,42.57
33.343,25.3
33.359,9.5
33.375,-5.23
33.390,-19.08
33.406,-31.91
33.421,-43.28
33.437,-52.77
33.453,-60.32
33.468,-66.18
33.484,-70.83
33.500,-74.64
33.515,-77.78
33.531,-80.34
33.546,-82.43
33.562,-84.36
33.578,-86.44
33.593,-88.82
33.609,-91.17
33.625,-92.64
33.640,-92.1
33.656,-88.57
33.671,-81.7
33.687,-71.99
33.703,-60.53
33.718,-48.56
33.734,-37.04
33.750,-26.4
33.765,-16.68
33.781,-7.78
33.796,0.21
33.812,6.97
33.828,12.12
33.843,15.51
33.859,17.46
33.875,18.62
33.890,19.82
33.906,21.59
33.921,24.01
33.937,26.63
33.953,28.79
33.968,30.0
33.984,30.22
34.000,29.96
34.015,30.0
34.031,30.97
34.046,32.89
34.062,35.1
34.078,36.56
34.093,36.36
34.109,34.25
34.125,30.77
34.140,26.96
34.156,23.74
34.171,21.51
34.187,19.83
34.203,17.85
34.218,14.82
34.234,10.49
34.250,5.34
34.265,0.08
34.281,-4.65
34.296,-8.8
34.312,-12.8
34.328,-17.32
34.343,-22.71
34.359,-28.83
34.375,-35.05
34.390,-40.51
34.406,-44.61
34.421,-47.17
34.437,-48.39
34.453,-48.52
34.468,-47.7
34.484,-45.68
34.500,-42.15
34.515,-36.95
34.531,-30.35
34.546,-23.06
34.562,-16.1
34.578,-10.24
34.593,-5.83
34.609,-2.64
34.625,-0.03
34.640,2.6
34.656,5.65
34.671,9.0
34.687,12.25
34.703,14.93
34.718,16.78
34.734,17.89
34.750,18.59
34.765,19.31
34.781,20.35
34.796,21.67
34.812,23.0
34.828,23.94
34.843,24.25
34.859,23.91
34.875,23.2
34.890,22.4
34.906,21.69
34.921,20.98
34.937,19.92
34.953,18.21
34.968,15.72
34.984,12.75
35.000,9.89
35.015,7.78
35.031,6.62
35.046,6.11
35.062,5.54
35.078,4.09
35.093,1.43
35.109,-2.25
35.125,-6.18
35.140,-9.56
35.156,-11.89
35.171,-13.32
35.187,-14.57
35.203,-16.5
35.218,-19.78
35.234,-24.38
35.250,-29.72
35.265,-34.76
35.281,-38.46
35.296,-40.13
35.312,-39.51
35.328,-36.82
35.343,-32.48
35.359,-26.94
35.375,-20.5
35.390,-13.4
35.406,-5.89
35.421,1.65
35.437,8.66
35.453,14.65
35.468,19.3
35.484,22.64
35.500,24.95
35.515,26.63
35.531,28.01
35.546,29.16
35.562,29.95
35.578,30.13
35.593,29.58
35.609,28.43
35.625,27.07
35.640,25.99
35.656,25.57
35.671,25.87
35.687,26.59
35.703,27.28
35.718,27.48
35.734,26.99
35.750,25.91
35.765,24.48
35.781,22.9
35.796,21.19
35.812,19.16
35.828,16.53
35.843,13.23
35.859,9.45
35.875,5.59
35.890,2.07
35.906,-0.91
35.921,-3.48
35.937,-6.0
35.953,-8.84
35.968,-12.2
35.984,-15.94
36.000,-19.69
36.015,-23.09
36.031,-25.96
36.046,-28.54
36.062,-31.29
36.078,-34.68
36.093,-38.88
36.109,-43.57
36.125,-47.89
36.140,-50.86
36.156,-51.63
36.171,-49.92
36.187,-46.05
36.203,-40.73
36.218,-34.77
36.234,-28.78
36.250,-23.07
36.265,-17.75
36.281,-12.91
36.296,-8.75
36.312,-5.46
36.328,-3.11
36.343,-1.3
36.359,0.72
36.375,3.74
36.390,8.16
36.406,13.72
36.421,19.53
36.437,24.46
36.453,27.68
36.468,29.04
36.484,29.0
36.500,28.38
36.515,27.86
36.531,27.67
36.546,27.61
36.562,27.23
36.578,26.26
36.593,24.72
36.609,22.99
36.625,21.46
36.640,20.35
36.656,19.56
36.671,18.71
36.687,17.42
36.703,15.51
36.718,13.09
36.734,10.54
36.750,8.26
36.765,6.49
36.781,5.1
36.796,3.69
36.812,1.76
36.828,-1.09
36.843,-4.95
36.859,-9.61
36.875,-14.62
36.890,-19.59
36.906,-24.17
36.921,-28.31
36.937,-31.99
36.953,-35.12
36.968,-37.39
36.984,-38.33
37.000,-37.51
37.015,-34.76
37.031,-30.33
37.046,-24.89
37.062,-19.26
37.078,-14.07
37.093,-9.62
37.109,-5.79
37.125,-2.23
37.140,1.28
37.156,4.69
37.171,7.57
37.187,9.42
37.203,9.93
37.218,9.27
37.234,8.07
37.250,7.2
37.265,7.34
37.281,8.68
37.296,10.9
37.312,13.37
37.328,15.62
37.343,17.41
37.359,18.88
37.375,20.25
37.390,21.62
37.406,22.8
37.421,23.42
37.437,23.08
37.453,21.63
37.468,19.26
37.484,16.45
37.500,13.74
37.515,11.51
37.531,9.84
37.546,8.51
37.562,7.08
37.578,5.2
37.593,2.71
37.609,-0.26
37.625,-3.39
37.640,-6.38
37.656,-9.12
37.671,-11.79
37.687,-14.72
37.703,-18.22
37.718,-22.34
37.734,-26.84
37.750,-31.16
37.765,-34.63
37.781,-36.7
37.796,-37.11
37.812,-35.91
37.828,-33.35
37.843,-29.75
37.859,-25.33
37.875,-20.26
37.890,-14.7
37.906,-8.97
37.921,-3.55
37.937,1.06
37.953,4.53
37.968,6.89
37.984,8.53
38.000,9.98
38.015,11.68
38.031,13.72
38.046,15.82
38.062,17.52
38.078,18.48
38.093,18.69
38.109,18.49
38.125,18.35
38.140,18.57
38.156,19.19
38.171,19.87
38.187,20.22
38.203,19.98
38.218,19.25
38.234,18.39
38.250,17.81
38.265,17.72
38.281,17.88
38.296,17.81
38.312,16.93
38.328,14.97
38.343,12.02
38.359,8.56
38.375,5.12
38.390,2.11
38.406,-0.46
38.421,-2.84
38.437,-5.39
38.453,-8.35
38.468,-11.59
38.484,-14.73
38.500,-17.36
38.515,-19.27
38.531,-20.7
38.546,-22.22
38.562,-24.47
38.578,-27.72
38.593,-31.71
38.609,-35.61
38.625,-38.36
38.640,-39.12
38.656,-37.6
38.671,-34.07
38.687,-29.18
38.703,-23.57
38.718,-17.63
38.734,-11.52
38.750,-5.22
38.765,1.16
38.781,7.23
38.796,12.42
38.812,16.24
38.828,18.46
38.843,19.32
38.859,19.36
38.875,19.22
38.890,19.32
38.906,19.71
38.921,20.11
38.937,20.19
38.953,19.78
38.968,19.02
38.984,18.3
39.000,18.03
39.015,18.36
39.031,19.01
39.046,19.48
39.062,19.27
39.078,18.17
39.093,16.44
39.109,14.58
39.125,13.09
39.140,12.21
39.156,11.65
39.171,10.87
39.187,9.34
39.203,6.86
39.218,3.73
39.234,0.52
39.250,-2.23
39.265,-4.3
39.281,-5.92
39.296,-7.59
39.312,-9.76
39.328,-12.52
39.343,-15.63
39.359,-18.65
39.375,-21.3
39.390,-23.62
39.406,-26.05
39.421,-29.07
39.437,-32.86
39.453,-37.07
39.468,-40.86
39.484,-43.25
39.500,-43.49
39.515,-41.35
39.531,-37.22
39.546,-31.88
39.562,-26.13
39.578,-20.51
39.593,-15.18
39.609,-9.94
39.625,-4.6
39.640,0.88
39.656,6.24
39.671,10.99
39.687,14.68
39.703,17.06
39.718,18.33
39.734,18.93
39.750,19.47
39.765,20.3
39.781,21.43
39.796,22.52
39.812,23.08
39.828,22.93
39.843,22.26
39.859,21.54
39.875,21.27
39.890,21.62
39.906,22.22
39.921,22.45
39.937,21.67
39.953,19.68
39.968,16.85
39.984,13.92
40.000,11.57
40.015,10.03
40.031,8.98
40.046,7.78
40.062,5.88
40.078,3.16
40.109,-2.96
40.125,-5.28
40.140,-6.85
40.156,-8.08
40.171,-9.55
40.187,-11.78
40.203,-14.98
40.218,-18.95
40.234,-23.33
40.250,-27.67
40.265,-31.66
40.281,-35.07
40.296,-37.67
40.312,-39.12
40.328,-39.02
40.343,-36.95
40.359,-32.7
40.375,-26.48
40.390,-18.96
40.406,-11.14
40.421,-4.02
40.437,1.73
40.453,6.01
40.468,9.21
40.484,11.85
40.500,14.31
40.515,16.5
40.531,18.11
40.546,18.77
40.562,18.36
40.578,17.18
40.593,15.74
40.609,14.54
40.625,13.78
40.640,13.34
40.656,12.83
40.671,11.91
40.687,10.48
40.703,8.68
40.718,6.91
40.734,5.5
40.750,4.7
40.765,4.43
40.781,4.39
40.796,4.12
40.812,3.27
40.828,1.75
40.843,-0.22
40.859,-2.25
40.875,-4.0
40.890,-5.41
40.906,-6.73
40.921,-8.34
40.937,-10.55
40.953,-13.39
40.968,-16.63
40.984,-20.0
41.000,-23.29
41.015,-26.61
41.031,-30.22
41.046,-34.31
41.062,-38.67
41.078,-42.67
41.093,-45.37
41.109,-45.83
41.125,-43.54
41.140,-38.64
41.156,-31.84
41.171,-24.14
41.187,-16.42
41.203,-9.19
41.218,-2.54
41.234,3.71
41.250,9.71
41.265,15.42
41.281,20.52
41.296,24.58
41.312,27.35
41.328,28.86
41.343,29.49
41.359,29.77
41.375,30.17
41.390,30.86
41.406,31.66
41.421,32.23
41.437,32.26
41.453,31.76
41.468,31.07
41.484,30.64
41.500,30.76
41.515,31.33
41.531,31.87
41.546,31.7
41.562,30.36
41.578,27.88
41.593,24.7
41.609,21.46
41.625,18.66
41.640,16.34
41.656,14.18
41.671,11.75
41.687,8.74
41.703,5.22
41.718,1.57
41.734,-1.86
41.750,-4.87
41.765,-7.67
41.781,-10.68
41.796,-14.26
41.812,-18.52
41.828,-23.23
41.843,-27.94
41.859,-32.28
41.875,-36.17
41.890,-39.76
41.906,-43.28
41.921,-46.67
41.937,-49.41
41.953,-50.66
41.968,-49.51
41.984,-45.46
42.000,-38.73
42.015,-30.25
42.031,-21.25
42.046,-12.86
42.062,-5.71
42.078,0.23
42.093,5.34
42.109,10.13
42.125,14.87
42.140,19.4
42.156,23.32
42.171,26.25
42.187,28.01
42.203,28.73
42.218,28.85
42.234,28.79
42.250,28.8
42.265,28.84
42.281,28.71
42.296,28.16
42.312,27.19
42.328,26.0
42.343,24.94
42.359,24.31
42.375,24.16
42.390,24.17
42.406,23.8
42.421,22.49
42.437,20.02
42.453,16.58
42.468,12.81
42.484,9.42
42.500,6.95
42.515,5.41
42.531,4.34
42.546,3.06
42.562,1.11
42.578,-1.51
42.593,-4.42
42.609,-7.04
42.625,-9.05
42.640,-10.54
42.656,-12.03
42.671,-14.09
42.687,-17.11
42.703,-21.03
42.718,-25.46
42.734,-29.88
42.750,-33.87
42.765,-37.28
42.781,-40.07
42.796,-42.12
42.812,-43.1
42.828,-42.45
42.843,-39.59
42.859,-34.34
42.875,-27.06
42.890,-18.68
42.906,-10.43
42.921,-3.3
42.937,2.23
42.953,6.33
42.968,9.64
42.984,12.79
43.000,16.07
43.015,19.29
43.031,21.94
43.046,23.54
43.062,23.97
43.078,23.52
43.093,22.71
43.109,22.04
43.125,21.74
43.140,21.74
43.156,21.79
43.171,21.7
43.187,21.45
43.203,21.26
43.218,21.45
43.234,22.16
43.250,23.26
43.265,24.29
43.281,24.73
43.296,24.14
43.312,22.43
43.328,19.82
43.343,16.8
43.359,13.88
43.375,11.27
43.390,8.82
43.406,6.16
43.421,2.83
43.437,-1.34
43.453,-6.13
43.468,-11.03
43.484,-15.4
43.500,-18.87
43.515,-21.46
43.531,-23.56
43.546,-25.7
43.562,-28.27
43.578,-31.37
43.593,-34.75
43.609,-37.99
43.625,-40.66
43.640,-42.44
43.656,-43.1
43.671,-42.5
43.687,-40.46
43.703,-36.86
43.718,-31.71
43.734,-25.19
43.750,-17.72
43.765,-10.0
43.781,-2.75
43.796,3.4
43.812,8.11
43.828,11.53
43.843,14.13
43.859,16.52
43.875,19.14
43.890,21.95
43.906,24.53
43.921,26.35
43.937,27.1
43.953,26.96
43.968,26.47
43.984,26.21
44.000,26.48
44.015,27.11
44.031,27.59
44.046,27.45
44.062,26.54
44.078,25.09
44.093,23.54
44.109,22.24
44.125,21.14
44.140,19.92
44.156,18.1
44.171,15.41
44.187,11.99
44.203,8.28
44.218,4.83
44.234,1.97
44.250,-0.31
44.265,-2.38
44.281,-4.63
44.296,-7.25
44.312,-10.12
44.328,-12.82
44.343,-14.95
44.359,-16.41
44.375,-17.46
44.390,-18.74
44.406,-20.83
44.421,-24.01
44.437,-28.05
44.453,-32.31
44.468,-35.94
44.484,-38.19
44.500,-38.57
44.515,-36.94
44.531,-33.5
44.546,-28.67
44.562,-23.03
44.578,-17.19
44.593,-11.66
44.609,-6.64
44.625,-2.11
44.640,1.99
44.656,5.57
44.671,8.14
44.687,9.02
44.703,7.69
44.718,4.19
44.734,-0.63
44.750,-5.43
44.765,-8.84
44.781,-10.07
44.796,-9.14
44.812,-6.69
44.828,-3.55
44.843,-0.31
44.859,2.79
44.875,5.77
44.890,8.56
44.906,11.02
44.921,12.96
44.937,14.38
44.953,15.58
44.968,16.95
44.984,18.74
45.000,20.75
45.015,22.35
45.031,22.67
45.046,21.12
45.062,17.71
45.078,13.07
45.093,8.31
45.109,4.43
45.125,1.97
45.140,0.81
45.156,0.3
45.171,-0.46
45.187,-2.09
45.203,-4.76
45.218,-8.1
45.234,-11.47
45.250,-14.3
45.265,-16.29
45.281,-17.43
45.296,-17.72
45.312,-16.99
45.328,-14.69
45.343,-10.26
45.359,-3.49
45.375,5.12
45.390,14.37
45.406,22.84
45.421,29.56
45.437,34.35
45.453,37.77
45.468,40.53
45.484,42.81
45.500,44.15
45.515,43.69
45.531,40.95
45.546,36.31
45.562,31.01
45.578,26.52
45.593,23.85
45.609,23.08
45.625,23.48
45.640,24.03
45.656,24.09
45.671,23.53
45.687,22.75
45.703,22.19
45.718,22.1
45.734,22.35
45.750,22.56
45.765,22.19
45.781,20.93
45.796,18.79
45.812,16.24
45.828,14.01
45.843,12.87
45.859,13.22
45.875,14.86
45.890,17.0
45.906,18.63
45.921,18.9
45.937,17.55
45.953,14.82
45.968,11.19
45.984,7.0
46.000,2.22
46.015,-3.5
46.031,-10.38
46.046,-18.16
46.062,-25.89
46.078,-32.2
46.093,-35.83
46.109,-36.14
46.125,-33.42
46.140,-28.73
46.156,-23.35
46.171,-18.33
46.187,-14.07
46.203,-10.39
46.218,-6.94
46.234,-3.48
46.250,-0.19
46.265,2.37
46.281,3.66
46.296,3.48
46.312,2.15
46.328,0.35
46.343,-1.22
46.359,-2.16
46.375,-2.54
46.390,-2.84
46.406,-3.57
46.421,-5.02
46.437,-7.02
46.453,-9.06
46.468,-10.56
46.484,-11.21
46.500,-11.11
46.515,-10.76
46.531,-10.77
46.546,-11.6
46.562,-13.34
46.578,-15.64
46.593,-17.88
46.609,-19.49
46.625,-20.2
46.640,-20.18
46.656,-19.92
46.671,-19.99
46.687,-20.75
46.703,-22.2
46.718,-24.13
46.734,-26.24
46.750,-28.39
46.765,-30.61
46.781,-32.96
46.796,-35.2
46.812,-36.74
46.828,-36.69
46.843,-34.3
46.859,-29.38
46.875,-22.42
46.890,-14.6
46.906,-7.2
46.921,-1.19
46.937,3.14
46.953,6.14
46.968,8.42
46.984,10.48
47.000,12.42
47.015,13.97
47.031,14.71
47.046,14.51
47.062,13.56
47.078,12.39
47.093,11.62
47.109,11.58
47.125,12.2
47.140,13.02
47.156,13.47
47.171,13.17
47.187,12.26
47.203,11.16
47.218,10.43
47.234,10.37
47.250,10.77
47.265,11.06
47.281,10.58
47.296,8.97
47.312,6.3
47.328,3.12
47.343,0.05
47.359,-2.53
47.375,-4.63
47.390,-6.69
47.406,-9.2
47.421,-12.51
47.437,-16.6
47.453,-21.14
47.468,-25.64
47.484,-29.76
47.500,-33.34
47.515,-36.41
47.531,-38.98
47.546,-40.85
47.562,-41.61
47.578,-40.7
47.593,-37.68
47.609,-32.56
47.625,-25.93
47.640,-18.77
47.656,-12.19
47.671,-7.01
47.687,-3.48
47.703,-1.31
47.718,0.1
47.734,1.38
47.750,2.88
47.765,4.65
47.781,6.6
47.796,8.66
47.812,10.88
47.828,13.42
47.843,16.25
47.859,19.13
47.875,21.55
47.890,22.94
47.906,22.88
47.921,21.39
47.937,18.95
47.953,16.39
47.968,14.55
47.984,13.95
48.000,14.52
48.015,15.68
48.031,16.55
48.046,16.4
48.062,14.93
48.078,12.38
48.093,9.3
48.109,6.32
48.125,3.72
48.140,1.47
48.156,-0.73
48.171,-3.18
48.187,-5.96
48.203,-8.94
48.218,-11.9
48.234,-14.66
48.250,-17.18
48.265,-19.49
48.281,-21.51
48.296,-23.0
48.312,-23.48
48.328,-22.36
48.343,-19.29
48.359,-14.32
48.375,-8.06
48.390,-1.45
48.406,4.55
48.421,9.33
48.437,12.78
48.453,15.17
48.468,16.97
48.484,18.48
48.500,19.65
48.515,20.17
48.531,19.8
48.546,18.53
48.562,16.75
48.578,15.12
48.593,14.21
48.609,14.29
48.625,15.15
48.640,16.22
48.656,16.87
48.671,16.75
48.687,15.9
48.703,14.71
48.718,13.71
48.734,13.1
48.750,12.74
48.765,12.15
48.781,10.8
48.796,8.46
48.812,5.33
48.828,1.99
48.843,-0.89
48.859,-2.85
48.875,-3.9
48.890,-4.46
48.906,-5.1
48.921,-6.29
48.937,-8.18
48.953,-10.52
48.968,-12.95
48.984,-15.09
49.000,-16.68
49.015,-17.64
49.031,-17.97
49.046,-17.63
49.062,-16.52
49.078,-14.45
49.093,-11.39
49.109,-7.51
49.125,-3.26
49.140,0.79
49.156,4.13
49.171,6.54
49.187,8.07
49.203,9.04
49.218,9.77
49.234,10.46
49.250,11.01
49.265,11.22
49.281,10.89
49.296,10.06
49.312,9.02
49.328,8.19
49.343,7.83
49.359,7.94
49.375,8.19
49.390,8.09
49.406,7.32
49.421,5.85
49.437,3.98
49.453,2.18
49.468,0.74
49.484,-0.31
49.500,-1.3
49.515,-2.62
49.531,-4.5
49.546,-6.84
49.562,-9.27
49.578,-11.41
49.593,-13.04
49.609,-14.24
49.625,-15.36
49.640,-16.93
49.656,-19.28
49.671,-22.46
49.687,-26.1
49.703,-29.52
49.718,-31.95
49.734,-32.75
49.750,-31.65
49.765,-28.8
49.781,-24.73
49.796,-20.04
49.812,-15.29
49.828,-10.75
49.843,-6.5
49.859,-2.54
49.875,1.07
49.890,4.07
49.906,6.24
49.921,7.38
49.937,7.58
49.953,7.23
49.968,6.81
49.984,6.78
50.000,7.27
50.015,8.09
50.031,8.87
50.046,9.31
50.062,9.27
50.078,8.91
50.093,8.49
50.109,8.33
50.125,8.55
50.140,8.98
50.156,9.29
50.171,9.08
50.187,8.13
50.203,6.51
50.218,4.53
50.234,2.53
50.250,0.73
50.265,-0.91
50.281,-2.69
50.296,-4.89
50.312,-7.65
50.328,-10.84
50.343,-14.13
50.359,-17.21
50.375,-19.98
50.390,-22.48
50.406,-24.75
50.421,-26.62
50.437,-27.6
50.453,-27.05
50.468,-24.49
50.484,-19.85
50.500,-13.58
50.515,-6.58
50.531,0.22
50.546,6.06
50.562,10.57
50.578,13.87
50.593,16.28
50.609,18.2
50.625,19.87
50.640,21.29
50.656,22.31
50.671,22.73
50.687,22.45
50.703,21.54
50.718,20.12
50.734,18.37
50.750,16.27
50.765,13.79
50.781,10.83
50.796,7.47
50.812,4.03
50.828,0.96
50.843,-1.29
50.859,-2.52
50.875,-2.89
50.890,-2.89
50.906,-3.05
50.921,-3.73
50.937,-5.01
50.953,-6.63
50.968,-8.21
50.984,-9.44
51.000,-10.25
51.015,-10.88
51.031,-11.73
51.046,-13.14
51.062,-15.27
51.078,-18.01
51.093,-21.04
51.109,-24.03
51.125,-26.74
51.140,-29.12
51.156,-31.13
51.171,-32.58
51.187,-32.99
51.203,-31.72
51.218,-28.29
51.234,-22.58
51.250,-15.14
51.265,-7.03
51.281,0.54
51.296,6.66
51.312,11.0
51.328,13.89
51.343,15.94
51.359,17.68
51.375,19.37
51.390,20.86
51.406,21.83
51.421,22.1
51.437,21.73
51.453,21.08
51.468,20.55
51.484,20.45
51.500,20.73
51.515,21.1
51.531,21.22
51.546,20.86
51.562,20.16
51.578,19.41
51.593,19.04
51.609,19.18
51.625,19.67
51.640,20.0
51.656,19.68
51.671,18.32
51.687,15.95
51.703,12.94
51.718,9.78
51.734,6.92
51.750,4.53
51.765,2.48
51.781,0.46
51.796,-1.77
51.812,-4.35
51.828,-7.19
51.843,-10.11
51.859,-12.97
51.875,-15.75
51.890,-18.57
51.906,-21.52
51.921,-24.45
51.937,-26.9
51.953,-28.09
51.968,-27.35
51.984,-24.33
52.000,-19.33
52.015,-13.2
52.031,-6.96
52.046,-1.46
52.062,2.98
52.078,6.55
52.093,9.72
52.109,12.89
52.125,16.11
52.140,19.09
52.156,21.35
52.171,22.56
52.187,22.74
52.203,22.17
52.218,21.34
52.234,20.56
52.250,19.89
52.265,19.16
52.281,18.16
52.296,16.82
52.312,15.41
52.328,14.4
52.343,14.17
52.359,14.82
52.375,15.99
52.390,17.03
52.406,17.34
52.421,16.6
52.437,14.97
52.453,13.01
52.468,11.31
52.484,10.19
52.500,9.61
52.515,9.14
52.531,8.27
52.546,6.72
52.562,4.53
52.578,2.05
52.593,-0.3
52.609,-2.28
52.625,-3.99
52.640,-5.77
52.656,-8.13
52.671,-11.34
52.687,-15.3
52.703,-19.5
52.718,-23.17
52.734,-25.52
52.750,-26.02
52.765,-24.61
52.781,-21.58
52.796,-17.52
52.812,-13.02
52.828,-8.49
52.843,-4.15
52.859,-0.11
52.875,3.56
52.890,6.72
52.906,9.16
52.921,10.79
52.937,11.67
52.953,12.08
52.968,12.34
52.984,12.72
53.000,13.19
53.015,13.6
53.031,13.7
53.046,13.29
53.062,12.45
53.078,11.43
53.093,10.63
53.109,10.35
53.125,10.63
53.140,11.18
53.156,11.6
53.171,11.48
53.187,10.61
53.203,9.1
53.218,7.19
53.234,5.15
53.250,3.09
53.265,0.97
53.281,-1.38
53.296,-3.98
53.312,-6.74
53.328,-9.37
53.343,-11.64
53.359,-13.44
53.375,-14.85
53.390,-16.17
53.406,-17.69
53.421,-19.73
53.437,-22.32
53.453,-25.27
53.468,-28.14
53.484,-30.39
53.500,-31.47
53.515,-31.06
53.531,-29.06
53.546,-25.66
53.562,-21.22
53.578,-16.16
53.593,-10.83
53.609,-5.57
53.625,-0.64
53.640,3.62
53.656,6.97
53.671,9.22
53.687,10.47
53.703,11.05
53.718,11.41
53.734,11.93
53.750,12.68
53.765,13.44
53.781,13.81
53.796,13.47
53.812,12.41
53.828,11.03
53.843,9.83
53.859,9.27
53.875,9.44
53.890,10.03
53.906,10.48
53.921,10.32
53.937,9.35
53.953,7.71
53.968,5.81
53.984,4.03
54.000,2.56
54.015,1.3
54.046,-1.55
54.062,-3.35
54.078,-5.15
54.093,-6.57
54.109,-7.34
54.125,-7.55
54.140,-7.69
54.156,-8.48
54.171,-10.53
54.187,-14.07
54.203,-18.81
54.218,-24.04
54.234,-28.9
54.250,-32.69
54.265,-35.05
54.281,-35.86
54.296,-35.23
54.312,-33.2
54.328,-29.84
54.343,-25.27
54.359,-19.8
54.375,-13.95
54.390,-8.36
54.406,-3.57
54.421,0.23
54.437,3.28
54.453,6.08
54.468,9.16
54.484,12.72
54.500,16.53
54.515,19.95
54.531,22.36
54.546,23.44
54.562,23.32
54.578,22.57
54.593,21.82
54.609,21.53
54.625,21.72
54.640,22.11
54.656,22.17
54.671,21.54
54.687,20.18
54.703,18.28
54.718,16.15
54.734,14.06
54.750,12.13
54.765,10.25
54.781,8.28
54.796,6.04
54.812,3.56
54.828,1.0
54.843,-1.42
54.859,-3.48
54.875,-5.11
54.890,-6.48
54.906,-7.88
54.921,-9.59
54.937,-11.74
54.953,-14.23
54.968,-16.81
54.984,-19.26
55.000,-21.55
55.015,-23.79
55.031,-26.17
55.046,-28.67
55.062,-30.93
55.078,-32.3
55.093,-32.12
55.109,-30.06
55.125,-26.3
55.140,-21.53
55.156,-16.52
55.171,-11.86
55.187,-7.72
55.203,-3.84
55.218,0.13
55.234,4.38
55.250,8.81
55.265,13.0
55.281,16.47
55.296,18.84
55.312,20.06
55.328,20.37
55.343,20.15
55.359,19.73
55.375,19.26
55.390,18.62
55.406,17.68
55.421,16.36
55.437,14.83
55.453,13.53
55.468,12.9
55.484,13.21
55.500,14.33
55.515,15.78
55.531,16.89
55.546,17.14
55.562,16.33
55.578,14.68
55.593,12.64
55.609,10.67
55.625,9.02
55.640,7.58
55.656,6.01
55.671,3.94
55.687,1.16
55.703,-2.21
55.718,-5.77
55.734,-9.1
55.750,-11.93
55.765,-14.35
55.781,-16.67
55.796,-19.29
55.812,-22.46
55.828,-26.11
55.843,-29.9
55.859,-33.34
55.875,-35.99
55.890,-37.57
55.906,-37.92
55.921,-36.94
55.937,-34.54
55.953,-30.67
55.968,-25.38
55.984,-19.01
56.000,-12.18
56.015,-5.62
56.031,-0.02
56.046,4.24
56.062,7.19
56.078,9.22
56.093,10.81
56.109,12.34
56.125,13.87
56.140,15.23
56.156,16.12
56.171,16.36
56.187,16.02
56.203,15.42
56.218,14.96
56.234,14.9
56.250,15.29
56.265,15.88
56.281,16.38
56.296,16.53
56.312,16.31
56.328,15.84
56.343,15.3
56.359,14.78
56.375,14.2
56.390,13.35
56.406,12.06
56.421,10.27
56.437,8.09
56.453,5.75
56.468,3.55
56.484,1.74
56.500,0.42
56.515,-0.51
56.531,-1.31
56.546,-2.32
56.562,-3.85
56.578,-5.97
56.593,-8.62
56.609,-11.57
56.625,-14.68
56.640,-17.87
56.656,-21.14
56.671,-24.4
56.687,-27.32
56.703,-29.37
56.718,-29.9
56.734,-28.48
56.750,-25.09
56.765,-20.15
56.781,-14.38
56.796,-8.57
56.812,-3.27
56.828,1.27
56.843,5.04
56.859,8.18
56.875,10.75
56.890,12.75
56.906,14.11
56.921,14.78
56.937,14.83
56.953,14.49
56.968,14.06
56.984,13.78
57.000,13.79
57.015,14.02
57.031,14.23
57.046,14.27
57.062,14.1
57.078,13.86
57.093,13.79
57.109,14.04
57.125,14.54
57.140,14.99
57.156,15.01
57.171,14.3
57.187,12.81
57.203,10.8
57.218,8.66
57.234,6.76
57.250,5.24
57.265,3.93
57.281,2.56
57.296,0.83
57.312,-1.33
57.328,-3.79
57.343,-6.31
57.359,-8.65
57.375,-10.77
57.390,-12.92
57.406,-15.46
57.421,-18.75
57.437,-22.87
57.453,-27.54
57.468,-32.21
57.484,-36.18
57.500,-38.84
57.515,-39.85
57.531,-39.08
57.546,-36.66
57.562,-32.85
57.578,-27.98
57.593,-22.4
57.609,-16.52
57.625,-10.8
57.640,-5.7
57.656,-1.57
57.671,1.48
57.687,3.56
57.703,5.07
57.718,6.44
57.734,7.96
57.750,9.63
57.765,11.16
57.781,12.14
57.796,12.28
57.812,11.68
57.828,10.78
57.843,10.16
57.859,10.28
57.875,11.26
57.890,12.79
57.906,14.4
57.921,15.66
57.937,16.37
57.953,16.63
57.968,16.68
57.984,16.76
58.000,16.89
58.015,16.93
58.031,16.56
58.046,15.52
58.062,13.72
58.078,11.25
58.093,8.32
58.109,5.22
58.125,2.1
58.140,-0.98
58.156,-4.09
58.171,-7.3
58.187,-10.57
58.203,-13.74
58.218,-16.66
58.234,-19.29
58.250,-21.76
58.265,-24.39
58.281,-27.47
58.296,-31.01
58.312,-34.64
58.328,-37.53
58.343,-38.72
58.359,-37.54
58.375,-33.85
58.390,-28.15
58.406,-21.43
58.421,-14.64
58.437,-8.45
58.453,-3.05
58.468,1.72
58.484,6.11
58.500,10.17
58.515,13.76
58.531,16.67
58.546,18.8
58.562,20.33
58.578,21.66
58.593,23.16
58.609,25.02
58.625,27.12
58.640,29.08
58.656,30.5
58.671,31.02
58.687,30.59
58.703,29.44
58.718,28.03
58.734,26.84
58.750,26.25
58.765,26.26
58.781,26.62
58.796,26.86
58.812,26.51
58.828,25.37
58.843,23.48
58.859,21.17
58.875,18.78
58.890,16.47
58.906,14.14
58.921,11.61
58.937,8.75
58.953,5.64
58.968,2.55
58.984,-0.18
59.000,-2.43
59.015,-4.31
59.031,-6.2
59.046,-8.52
59.062,-11.47
59.078,-14.99
59.093,-18.8
59.109,-22.6
59.125,-26.32
59.140,-30.0
59.156,-33.69
59.171,-37.3
59.187,-40.32
59.203,-42.0
59.218,-41.62
59.234,-38.79
59.250,-33.69
59.265,-27.06
59.281,-19.82
59.296,-12.8
59.312,-6.43
59.328,-0.69
59.343,4.65
59.359,9.7
59.375,14.35
59.390,18.24
59.406,20.99
59.421,22.47
59.437,22.96
59.453,22.99
59.468,23.14
59.484,23.68
59.500,24.44
59.515,24.94
59.531,24.67
59.546,23.47
59.562,21.64
59.578,19.89
59.593,18.97
59.609,19.36
59.625,20.93
59.640,23.0
59.656,24.68
59.671,25.23
59.687,24.4
59.703,22.51
59.718,20.15
59.734,17.93
59.750,16.11
59.765,14.49
59.781,12.63
59.796,10.18
59.812,7.1
59.828,3.72
59.843,0.55
59.859,-1.99
59.875,-3.87
59.890,-5.38
59.906,-6.99
59.921,-9.07
59.937,-11.68
59.953,-14.67
59.968,-17.8
59.984,-21.02
