timestamp,x,y,z,roll,pitch,yaw
00.013,-0.0021972824,-0.0005925393,-0.002453235,-6.6531626e-08,2.467156e-07,2.7545448e-07
00.044,-0.0009755518,-0.0018142698,-9.773844e-06,-0.0,-0.0,0.0
00.075,0.003300505,-0.0012034045,-0.0042858305,-2.2376902e-07,-6.1371856e-07,7.9693655e-07
00.103,0.005743966,-0.0005925393,-0.0036749654,-1.3608752e-07,-1.3192126e-06,8.440265e-07
00.143,0.006354831,0.008570439,-0.0036749654,0.0,-0.0,0.0
00.183,0.003300505,0.011624766,-0.002453235,0.0,-0.0,0.0
00.205,-0.004029878,0.0006291912,-0.0018423696,9.4487405e-08,6.0517857e-07,2.76674e-07
00.244,0.006354831,0.0073487093,-0.0042858305,0.0,-0.0,0.0
00.282,0.0008570439,-0.0030360003,-0.006118426,-0.0,-0.0,0.0
00.305,-0.0052516083,-0.004868596,-0.0030641,-1.2724641e-06,1.3725678e-06,8.008386e-07
00.344,-0.0009755518,-0.0018142698,-0.002453235,-0.0,-0.0,0.0
00.385,-0.004640743,0.002461787,0.0036554176,0.0,-0.0,-0.0
00.404,-0.0021972824,-0.002425135,0.0024336872,-3.31864e-07,3.0068395e-07,-3.330343e-07
00.443,-0.0015864171,-0.006701192,0.004266283,-0.0,0.0,0.0
00.483,0.0014679092,0.011013901,-0.0018423696,0.0,-0.0,0.0
00.505,0.0075765615,0.0055161132,-0.0042858305,1.907419e-06,-2.619898e-06,1.4819999e-06
00.543,-0.0070842043,-0.013420709,0.0054880134,-0.0,0.0,0.0
00.583,-0.0028081473,0.028118128,0.0030445524,0.0,-0.0,-0.0
00.623,-0.009527666,0.02139861,-0.0018423696,-0.0,0.0,0.0
00.645,-0.00036468654,0.012235631,-0.0036749654,5.2472838e-06,1.5640094e-07,1.5760183e-06
00.684,0.0039113704,-0.025027148,-0.0012315044,-0.0,-0.0,0.0
00.725,-0.0028081473,-0.004868596,-0.002453235,-0.0,-0.0,0.0
00.745,0.00024617868,0.00979217,-0.00062063907,3.2248904e-06,-8.107458e-08,2.0439742e-07
00.784,0.006354831,-0.007312057,-0.002453235,-0.0,-0.0,0.0
00.824,0.0020787744,-0.011588113,-0.00062063907,-0.0,-0.0,0.0
00.845,0.0051331003,1.8325956e-05,-0.0018423696,3.3537615e-09,-9.3934426e-07,3.3714892e-07
00.883,0.0026896396,0.0055161132,0.00060109136,-0.0,-0.0,0.0
00.923,-0.0015864171,0.0012400564,-0.0030641,-0.0,0.0,0.0
00.943,0.003300505,0.0006291912,-0.0030641,9.600338e-08,-5.035977e-07,4.6752655e-07
00.983,-0.00036468654,-0.009144653,-0.0012315044,-0.0,-0.0,0.0
01.023,-0.0028081473,-0.0012034045,0.0012119566,-0.0,0.0,0.0
01.045,-0.0028081473,-0.005479461,0.00060109136,-1.1374319e-06,5.8291806e-07,-1.2477481e-07
01.083,-0.0009755518,-0.0012034045,0.0024336872,-0.0,0.0,0.0
01.123,-0.0009755518,0.012846496,0.0036554176,0.0,-0.0,-0.0
01.143,-0.0052516083,0.0036835175,0.0024336872,8.4798336e-07,1.2089731e-06,-5.6025993e-07
01.183,0.0014679092,-0.0060903262,0.00060109136,-0.0,-0.0,-0.0
01.225,-0.004029878,-0.0018142698,0.0024336872,-0.0,0.0,0.0
01.244,-0.0015864171,0.0055161132,0.00060109136,1.0681722e-06,3.0720298e-07,-1.1639899e-07
01.285,-0.0034190128,0.0018509218,0.0024336872,0.0,-0.0,-0.0
01.326,-0.0009755518,0.0036835175,-0.00062063907,-0.0,0.0,0.0
01.344,0.00024617868,0.002461787,-0.0018423696,2.5480747e-07,-2.548072e-08,1.906946e-07
01.383,-0.0015864171,-0.0060903262,-0.0030641,-0.0,-0.0,0.0
01.424,0.0014679092,0.0012400564,-0.0012315044,0.0,-0.0,0.0
01.464,0.0014679092,-0.0030360003,-0.002453235,-4.2482165e-07,-2.0540178e-07,3.4327638e-07
01.483,0.0051331003,-0.0036468657,-9.773844e-06,-0.0,-0.0,0.0
01.525,0.0020787744,1.8325956e-05,-0.0030641,0.0,-0.0,0.0
01.565,0.0026896396,-0.0005925393,-0.002453235,-7.3332096e-08,-3.3286742e-07,3.036102e-07
01.584,-0.00036468654,-0.008533788,-0.0018423696,-0.0,-0.0,0.0
01.623,0.003300505,0.0012400564,-9.773844e-06,0.0,-0.0,0.0
01.663,-0.0021972824,1.8325956e-05,-0.0036749654,-0.0,0.0,0.0
01.683,-0.0015864171,0.003072652,-0.0030641,4.7635174e-07,2.459416e-07,4.750259e-07
01.723,0.00024617868,-0.0005925393,-9.773844e-06,-0.0,-0.0,0.0
01.763,-0.0009755518,-0.0030360003,0.0030445524,-0.0,0.0,0.0
01.783,-0.005862474,-0.0036468657,0.004877148,-1.0343914e-06,1.6628256e-06,-1.3833475e-06
01.824,-0.0009755518,0.0061269784,0.0018228219,0.0,-0.0,-0.0
01.863,-0.0021972824,-0.0005925393,-0.0012315044,-0.0,-0.0,0.0
01.884,-0.0070842043,-0.0018142698,0.0036554176,-4.977002e-07,1.943381e-06,-1.0027752e-06
01.925,0.0026896396,0.010403035,0.0030445524,-0.0,-0.0,0.0
01.963,-0.009527666,-0.0018142698,0.0060988786,-0.0,0.0,0.0
01.984,-0.004640743,1.8325956e-05,0.0024336872,3.2224612e-09,8.159904e-07,-4.279197e-07
02.024,0.0014679092,-0.0012034045,-0.0036749654,-0.0,-0.0,0.0
02.065,0.0020787744,-0.002425135,-0.0012315044,-0.0,-0.0,0.0
02.085,0.00024617868,-0.006701192,-9.773844e-06,-1.5078124e-06,-5.539183e-08,2.1991378e-09
02.124,0.0014679092,0.002461787,-9.773844e-06,0.0,-0.0,0.0
02.163,-0.0015864171,-0.006701192,-0.00062063907,-0.0,-0.0,0.0
02.185,0.003300505,-0.0012034045,-0.0036749654,-2.052888e-07,-5.630338e-07,6.269129e-07
02.224,0.0045222356,0.0006291912,-0.002453235,0.0,-0.0,0.0
02.265,-0.0009755518,1.8325956e-05,-9.773844e-06,-0.0,0.0,0.0
02.304,0.0020787744,0.0036835175,-0.0030641,6.4553745e-07,-3.6430555e-07,5.369844e-07
02.326,0.003300505,-0.0005925393,-0.0036749654,-0.0,-0.0,0.0
02.365,-0.0034190128,-0.0030360003,-0.00062063907,-0.0,-0.0,0.0
02.405,-0.0021972824,0.0018509218,-0.0012315044,1.9413228e-07,2.3046003e-07,1.2916522e-07
02.426,-0.0015864171,0.003072652,0.0030445524,0.0,-0.0,-0.0
02.464,-0.004029878,-0.002425135,0.0030445524,-0.0,0.0,0.0
02.505,0.0014679092,0.011624766,-0.002453235,4.669494e-06,-5.896348e-07,9.85429e-07
02.526,0.0020787744,0.0049052476,-0.0042858305,0.0,-0.0,0.0
02.564,-0.0076950695,-0.007922922,0.0054880134,-0.0,0.0,0.0
02.604,-0.004029878,0.003072652,0.0024336872,5.7960756e-07,7.6017284e-07,-4.5907694e-07
02.625,-0.0076950695,0.0006291912,0.0036554176,0.0,-0.0,-0.0
02.681,-0.0028081473,-0.0005925393,-0.0018423696,-0.0,-0.0,0.0
02.704,-0.0028081473,-0.006701192,-0.0055075614,-2.050065e-06,8.590817e-07,1.6849034e-06
02.725,-0.0021972824,-0.0060903262,-0.0018423696,-0.0,-0.0,0.0
02.763,0.003300505,0.0018509218,-0.0048966957,0.0,-0.0,0.0
02.805,0.0039113704,-0.010366384,-0.0030641,-0.0,-0.0,0.0
02.823,0.006354831,-0.004257731,-0.00062063907,-1.0964175e-06,-1.6364465e-06,1.5982123e-07
02.864,0.008798292,0.00979217,-0.006118426,0.0,-0.0,0.0
02.903,-0.004029878,-0.014031574,-0.0055075614,-0.0,-0.0,0.0
02.925,-0.004640743,-0.007312057,-0.002453235,-2.2084544e-06,1.4016385e-06,7.409498e-07
02.966,0.006354831,0.012846496,-0.007951022,0.0,-0.0,0.0
03.005,-0.0028081473,-0.005479461,-0.0042858305,-0.0,-0.0,0.0
03.038,-0.0021972824,-0.011588113,-0.002453235,-4.6842756e-06,8.882074e-07,9.916757e-07
03.058,-0.00036468654,-0.0030360003,-9.773844e-06,-3.1150608e-07,3.7418335e-08,1.0028423e-09
03.103,-0.0028081473,0.003072652,0.0012119566,0.0,-0.0,-0.0
03.125,-0.0028081473,0.002461787,0.0012119566,3.2431805e-07,3.699478e-07,-1.596643e-07
03.165,-0.00036468654,0.0049052476,0.0012119566,0.0,-0.0,-0.0
03.204,-0.0070842043,-0.01464244,0.0024336872,-0.0,0.0,0.0
03.244,-0.008305935,0.00979217,0.0030445524,4.335946e-06,3.6778404e-06,-1.3481267e-06
03.265,-0.015025453,0.02139861,0.0012119566,0.0,-0.0,-0.0
03.305,-0.03212968,0.04583322,0.009764071,0.0,-0.0,-0.0
03.345,-0.03090795,0.14540425,0.004266283,0.00072556856,0.00015422287,-2.1344697e-05
03.364,-0.043125257,0.29689884,0.018927049,0.0,-0.0,-0.0
03.405,-0.05595342,0.6646397,0.059244156,0.0,-0.0,-0.0
03.445,0.003300505,0.9981721,0.06596367,0.033504833,-0.00014785424,-0.002211889
03.465,0.0039113704,1.1502776,0.042139925,-0.0,-0.0,0.0
03.506,0.03873069,1.3170438,0.08856569,-0.0,-0.0,0.0
03.545,-0.07000332,1.107517,0.06352021,0.041312702,0.002561401,-0.002422507
03.566,-0.13597678,1.0329914,0.12399587,0.0,-0.0,-0.0
03.605,-0.32351238,0.8839403,0.10322645,0.0,-0.0,-0.0
03.645,-0.3338971,1.1020193,0.13560231,0.042913843,0.012874152,-0.005553151
03.666,-0.25509548,1.2022011,0.070850596,0.0,-0.0,-0.0
03.707,-0.29419085,1.0470414,-0.15211523,-0.0,0.0,0.0
03.746,-0.3564991,0.0672135,-0.6603551,0.0016239077,0.009026139,0.016686715
03.765,-0.25570637,-0.34939662,-0.70494825,-0.0,-0.0,0.0
03.805,-0.08527496,-1.2052188,-0.76175874,-0.0,-0.0,0.0
03.846,-0.11154216,-1.5747923,-0.6475269,-0.0,-0.0,0.0
03.865,-0.0651164,-1.6187745,-0.5332951,-0.092782214,0.0023112267,0.030681523
03.906,0.07599347,-1.5540228,-0.33537477,-0.0,-0.0,0.0
03.944,0.12364096,-1.4324607,-0.18204762,-0.0,-0.0,0.0
03.984,0.5909529,-1.0329548,-0.015892271,-0.041255828,-0.023608735,0.0001478385
04.004,0.85667926,-0.7214135,0.054968096,-0.0,-0.0,-0.0
04.044,1.1529489,-0.13986981,0.040918197,-0.0,-0.0,-0.0
04.084,1.1773835,-0.07084204,0.00060109136,-0.0028066512,-0.046603024,-8.919775e-05
04.104,0.9330374,-0.02624888,0.021981375,-0.0,-0.0,-0.0
04.145,0.55124664,-0.09772012,0.16370212,-0.0,-0.0,-0.0
04.184,0.44190177,-0.30113825,0.18019548,-0.0057161227,-0.008357142,-0.003435722
04.205,0.40280637,-0.32862717,0.1307154,-0.0,-0.0,-0.0
04.244,0.39914116,-0.21867143,0.119108945,-0.0,-0.0,-0.0
04.286,0.39119992,-0.036022723,0.12949365,-0.0005048547,-0.005429133,-0.0017986577
04.306,0.5775139,0.1673954,0.14354357,-0.0,-0.0,0.0
04.343,0.67219794,0.6438703,0.21257134,-0.0,-0.0,0.0
04.384,0.23604016,0.22420587,0.18813671,0.002825119,-0.002981303,-0.0023693803
04.403,0.057667512,-0.08000502,0.12155241,-0.0,-0.0,-0.0
04.442,0.009409158,-0.21989316,-0.04582467,-0.0,-0.0,0.0
04.483,0.19083613,0.012235631,-0.08369831,8.609254e-05,-0.0013366274,0.00058629655
04.504,0.25253353,0.090426385,-0.08797437,0.0,-0.0,0.0
04.543,0.2824659,0.08981551,-0.0910287,0.0,-0.0,0.0
04.583,0.23542929,0.07576562,-0.062318027,0.00064893934,-0.0020146277,0.0005339708
04.624,0.17800796,0.0061269784,-0.04948986,3.817435e-05,-0.0011041544,0.0003070003
04.643,0.18778181,0.015289957,-0.07758966,0.0,-0.0,0.0
04.683,0.13891259,0.09103724,-0.018946595,0.00051067205,-0.0007791376,0.000106470965
04.723,-0.0015864171,0.108141474,0.07451578,0.00047657645,6.913027e-06,-0.0003283898
04.743,-0.07061419,0.05866139,0.08184617,0.0,-0.0,-0.0
04.783,-0.082831495,0.029950723,0.086733095,0.00012429226,0.00034354845,-0.00035977532
04.823,-0.10482265,0.020787744,0.13987838,0.00012303832,0.000619083,-0.00082622806
04.843,-0.08955101,0.00979217,0.1392675,0.0,-0.0,-0.0
04.884,-0.03762747,0.089204654,0.13376972,0.0,-0.0,-0.0
04.924,-0.087107554,0.0672135,0.11849809,0.00036483596,0.00047250703,-0.0006430279
04.944,-0.09871399,0.06843524,0.11055684,0.0,-0.0,-0.0
04.984,-0.07672284,0.08553946,0.059855018,0.0,-0.0,-0.0
05.023,-0.051066503,0.050720144,0.04030733,0.00014040039,0.0001413434,-0.00011157993
05.042,-0.035794873,0.047665812,0.06474195,0.0,-0.0,-0.0
05.083,-0.004640743,0.06171572,0.106280774,0.0,-0.0,-0.0
05.124,0.0912651,0.06415918,0.09772867,0.00031917918,-0.00045426047,-0.00048627646
05.144,0.13219307,0.054385334,0.07451578,-0.0,-0.0,0.0
05.183,0.113256246,-0.009144653,0.05191377,-0.0,-0.0,-0.0
05.223,0.2708595,0.28651413,0.08795482,0.0038814172,-0.0036737015,-0.0011850668
05.243,0.19450133,0.22054067,0.0849005,-0.0,-0.0,0.0
05.283,-0.006473339,-0.08550281,0.028700894,-0.0,0.0,0.0
05.322,-0.026021026,-0.12765251,-0.06353976,-0.0006208686,0.00012645958,0.00030907037
05.344,0.027735116,-0.049461756,-0.06292889,-0.0,-0.0,0.0
05.382,0.10164981,0.059272256,-0.023222653,0.0,-0.0,0.0
05.423,0.012463484,-0.013420709,-0.0067292913,-8.786928e-06,-8.160241e-06,4.4058356e-06
05.463,-0.05228823,-0.039687917,-0.014059674,-8.940341e-05,0.00011778377,3.1676278e-05
05.483,-0.03090795,-0.028081477,-0.015281404,-0.0,-0.0,0.0
05.522,-0.011360261,0.0006291912,0.026257431,6.0429335e-07,1.0908231e-05,-2.5212657e-05
05.544,-0.024799295,-0.02869234,0.025646565,-0.0,0.0,0.0
05.583,-0.023577565,-0.009144653,0.0054880134,-0.0,0.0,0.0
05.623,-0.018690644,0.016511688,0.017705318,1.6945605e-05,1.918147e-05,-1.8170578e-05
05.664,-0.030297084,0.032394186,-0.015281404,5.099222e-05,4.769229e-05,2.4053767e-05
05.683,-0.036405735,0.032394186,-0.026887843,-0.0,0.0,0.0
05.724,-0.027853623,-0.01586417,-0.02627698,-2.2064267e-05,3.873784e-05,3.654591e-05
05.766,-0.008305935,0.002461787,-0.0110053485,1.1569355e-06,3.9034744e-06,5.17209e-06
05.784,0.0008570439,0.02262034,-0.014059674,0.0,-0.0,0.0
05.825,-0.0015864171,0.042778894,0.020759644,6.82922e-05,2.531422e-06,-3.3140746e-05
05.865,-0.015636317,0.04338976,0.043972522,9.2778464e-05,3.3429544e-05,-9.402452e-05
05.884,-0.030297084,0.03667024,0.06352021,0.0,-0.0,-0.0
05.925,-0.046790443,0.0531636,0.056800693,0.0,-0.0,-0.0
05.964,-0.048012175,0.04705495,0.042139925,0.00012527985,0.00012781403,-0.00011219559
05.984,-0.059618615,0.042778894,0.033587813,0.0,-0.0,-0.0
06.024,-0.063894674,0.039724566,0.037253007,0.0,-0.0,-0.0
06.063,-0.06267294,0.050109275,0.070850596,0.00018001256,0.00022508756,-0.00025450345
06.084,-0.059007753,0.04949841,0.07268319,0.0,-0.0,-0.0
06.124,-0.05534256,0.03544851,0.092841744,0.0,-0.0,-0.0
06.163,-0.039460063,0.052552737,0.08856569,0.00019449744,0.00014599168,-0.00032775511
06.184,-0.025410162,0.042168025,0.060465883,0.0,-0.0,-0.0
06.225,0.018572137,0.044000622,-0.0048966957,0.0,-0.0,0.0
06.265,-0.005862474,0.07515475,0.007931475,0.00019114837,1.4908659e-05,-2.0174299e-05
06.304,-0.039460063,0.05621793,0.019537915,0.0001347057,9.45469e-05,-4.682106e-05
06.325,-0.033962276,0.08676119,0.029922623,0.0,-0.0,-0.0
06.363,0.014906945,0.12158051,0.010985801,0.00050171284,-6.152638e-05,-4.531858e-05
06.386,0.055834915,0.15212378,0.007931475,-0.0,-0.0,0.0
06.425,0.018572137,0.21382117,0.06596367,-0.0,-0.0,0.0
06.464,-0.09932486,0.19488434,0.23089729,0.0020811039,0.0010574273,-0.0024652295
06.486,-0.14025283,0.18327789,0.27671218,0.0,-0.0,-0.0
06.524,-0.14025283,0.19793867,0.29259467,0.0,-0.0,-0.0
06.565,-0.12742466,0.15029119,0.30053592,0.0018150199,0.0015332213,-0.0036253093
06.604,-0.05534256,0.09164811,0.22601037,0.00076949515,0.0004636715,-0.00189672
06.627,-0.013192857,0.08126341,0.15942606,0.0,-0.0,-0.0
06.664,0.009409158,0.04705495,0.10505905,0.00018235433,-3.6502373e-05,-0.00040715368
06.704,-0.036405735,0.06538091,0.07573752,0.00023359664,0.00013003108,-0.00027059414
06.725,-0.024188431,0.011013901,0.026257431,0.0,-0.0,-0.0
06.765,0.017350405,0.016511688,0.037863873,2.482214e-05,-2.6084477e-05,-5.692241e-05
06.805,0.054613184,0.016511688,-0.026887843,3.4948196e-05,-0.00011558092,5.6906752e-05
06.825,0.04422848,-0.01586417,-0.052544184,-0.0,-0.0,0.0
06.867,0.019793866,0.007959574,-0.080033116,0.0,-0.0,0.0
06.906,0.015517809,-0.01830763,-0.07087014,-4.5960685e-05,-3.8963964e-05,0.00017792961
06.927,0.022848193,-0.010977248,-0.07025928,-0.0,-0.0,0.0
06.964,0.01673954,0.0067378436,-0.043992072,0.0,-0.0,0.0
07.003,0.0008570439,-0.007922922,-0.022000924,-6.220795e-06,-6.729745e-07,1.7274351e-05
07.024,0.003300505,-0.01464244,-0.020779192,-0.0,-0.0,0.0
07.064,0.031400308,-0.0012034045,-0.022000924,-0.0,-0.0,0.0
07.104,0.059500106,0.03483765,-9.773844e-06,8.0598045e-05,-0.00013765544,2.8159494e-08
07.124,0.042395882,0.02262034,0.027479162,-0.0,-0.0,0.0
07.165,0.010630888,-0.0329684,0.0054880134,-0.0,-0.0,-0.0
07.203,0.020404732,0.020787744,0.017094454,2.3558054e-05,-2.3124447e-05,-1.9372483e-05
07.225,0.024069924,0.014068227,0.0036554176,-0.0,-0.0,0.0
07.265,0.025291655,-0.015253305,-0.030553035,-0.0,-0.0,0.0
07.304,0.017350405,0.00979217,-0.017724866,8.7619e-06,-1.552462e-05,1.5859814e-05
07.345,-0.011360261,-0.020140227,-0.05437678,-3.993322e-05,2.2521825e-05,0.00010781323
07.365,-0.008305935,-0.025027148,-0.058041975,-0.0,-0.0,0.0
07.405,0.028956844,0.02262034,-0.022611788,3.2748107e-05,-4.1920226e-05,3.2735727e-05
07.445,0.0045222356,0.011013901,-0.037272554,1.4460485e-05,-5.9369668e-06,4.893582e-05
07.465,0.0039113704,-0.010366384,-0.053765915,-0.0,-0.0,0.0
07.505,0.022848193,-0.0030360003,-0.03666169,-4.410665e-06,-3.3200355e-05,5.3272273e-05
07.527,0.025902519,-0.012198979,-0.040326882,-0.0,-0.0,0.0
07.564,0.05644578,-0.008533788,-0.037272554,-0.0,-0.0,0.0
07.604,0.05400232,0.025063802,0.026257431,5.4719207e-05,-0.00011790653,-5.732545e-05
07.645,0.020404732,1.8325956e-05,0.032976948,2.327638e-08,-2.655097e-05,-4.291014e-05
07.666,0.01429608,0.016511688,0.038474735,-0.0,-0.0,0.0
07.704,-0.005862474,0.06965697,0.05863329,0.00021325126,1.7928389e-05,-0.00017950337
07.745,-0.051066503,0.012235631,0.019537915,2.300492e-05,9.6005315e-05,-3.673266e-05
07.766,-0.059618615,-0.007922922,-0.007951022,-0.0,-0.0,0.0
07.803,-0.0370166,0.014068227,-0.002453235,1.8728888e-05,4.9280065e-05,3.2655191e-06
07.844,-0.013803722,0.014068227,0.010374935,1.051415e-05,1.0316387e-05,-7.753924e-06
07.863,-0.0009755518,0.024452936,0.014040126,0.0,-0.0,-0.0
07.906,-0.012581991,0.040335435,0.026257431,0.0,-0.0,-0.0
07.945,-0.018690644,1.8325956e-05,0.009153205,1.2839106e-08,1.3052061e-05,-6.3918715e-06
07.967,-0.0070842043,-0.005479461,-9.773844e-06,-0.0,-0.0,0.0
08.004,0.03567636,0.050720144,0.014650992,-0.0,-0.0,0.0
08.044,-0.009527666,0.0049052476,0.004877148,1.9379006e-06,3.764056e-06,-1.9267995e-06
08.064,-0.022355836,-0.006701192,0.0018228219,-0.0,0.0,0.0
08.103,0.017350405,0.0042943824,-0.010394483,0.0,-0.0,0.0
08.144,0.022848193,0.017122554,-0.022611788,2.092581e-05,-2.7922422e-05,2.7634094e-05
08.185,0.008187426,0.012235631,-0.03788342,1.6686883e-05,-1.116534e-05,5.166439e-05
08.204,0.011241754,0.011013901,-0.035439957,0.0,-0.0,0.0
08.245,0.018572137,0.0006291912,-0.010394483,4.4957724e-07,-1.3268929e-05,7.4263794e-06
08.285,0.010630888,0.012235631,-0.002453235,6.7304873e-06,-5.8477535e-06,1.3494765e-06
08.304,0.0039113704,0.0012400564,-0.009783618,0.0,-0.0,0.0
08.346,-0.004640743,0.0018509218,-0.0018423696,3.3072413e-07,8.2921196e-07,3.29196e-07
08.384,-0.00036468654,0.023231205,0.004877148,1.8505905e-05,2.904722e-07,-3.8851235e-06
08.404,-0.013803722,0.011624766,0.0036554176,0.0,-0.0,-0.0
08.445,-0.011360261,-0.007312057,-0.015281404,-5.0045155e-06,7.7750965e-06,1.0458828e-05
08.484,0.019793866,-0.0012034045,-0.055598512,-2.3814105e-06,-3.920561e-05,0.00011012328
08.506,0.022848193,-0.002425135,-0.054987643,-0.0,-0.0,0.0
08.544,0.008187426,-0.014031574,-0.032996498,-1.7316088e-05,-1.0104413e-05,4.0720723e-05
08.584,0.011241754,-0.007922922,-0.015892271,-5.5873047e-06,-7.927863e-06,1.1207417e-05
08.604,0.014906945,0.00979217,-0.013448809,0.0,-0.0,0.0
08.643,0.011852618,0.0012400564,-0.0042858305,5.2696845e-07,-5.036788e-06,1.8212717e-06
08.684,0.0026896396,0.017122554,0.0060988786,1.0556682e-05,-1.6582818e-06,-3.7601746e-06
08.705,-0.0015864171,0.010403035,-0.0073401565,-0.0,0.0,0.0
08.744,-0.0021972824,-0.007312057,-0.025666114,-6.5699737e-06,1.9742029e-06,2.3061248e-05
08.784,0.015517809,0.015900822,-0.023222653,1.714787e-05,-1.67344e-05,2.5043764e-05
08.804,0.01673954,0.018955149,-0.020779192,0.0,-0.0,0.0
08.845,-0.00036468654,-0.018918497,-0.032385632,-0.0,-0.0,0.0
08.884,0.025291655,0.002461787,-0.031774767,3.3615822e-06,-3.452811e-05,4.337899e-05
08.904,0.0332329,0.016511688,-0.026887843,0.0,-0.0,0.0
08.944,0.006354831,-0.005479461,-0.0073401565,-0.0,-0.0,0.0
08.984,-0.0076950695,-0.004868596,-0.0036749654,-1.6041452e-06,2.5354316e-06,1.2108587e-06
09.005,-0.0015864171,-0.002425135,-0.023833519,-0.0,-0.0,0.0
09.045,0.011241754,-0.0018142698,-0.028109575,-0.0,-0.0,0.0
09.085,-0.0015864171,-0.005479461,-0.025666114,-4.8341426e-06,1.3995248e-06,2.2643333e-05
09.126,0.018572137,-0.004868596,-0.039105147,-7.1160002e-06,-2.7148428e-05,5.7162702e-05
09.145,0.025902519,0.007959574,-0.026887843,0.0,-0.0,0.0
09.184,0.017350405,0.0006291912,-0.0018423696,3.6860862e-07,-1.0164499e-05,1.079329e-06
09.223,-0.0070842043,-0.0060903262,-0.0012315044,-1.925679e-06,2.2399288e-06,3.8938714e-07
09.244,-0.0021972824,-0.0030360003,-0.002453235,-0.0,-0.0,0.0
09.285,0.012463484,0.017122554,0.0018228219,1.2212708e-05,-8.889625e-06,-1.3000789e-06
09.324,-0.010749395,-0.007922922,-0.017724866,-5.8998257e-06,8.004456e-06,1.3198775e-05
09.343,-0.0089168,-0.013420709,-0.02872044,-0.0,-0.0,0.0
09.383,0.01673954,0.015289957,-0.016503137,1.4386901e-05,-1.5750626e-05,1.552841e-05
09.424,-0.0021972824,0.003072652,-0.026887843,2.7993651e-06,2.0019042e-06,2.4496603e-05
09.443,-0.005862474,0.014068227,-0.042159475,-0.0,0.0,0.0
09.484,-0.013192857,-0.0030360003,-0.028109575,-3.1785485e-06,1.3811366e-05,2.9427534e-05
09.526,0.0014679092,0.02384207,0.0024336872,1.9208863e-05,-1.1826708e-06,-1.9607398e-06
09.545,0.00024617868,0.007959574,-0.012837944,0.0,-0.0,0.0
09.586,-0.004640743,-0.0018142698,-0.034218226,-2.1051717e-06,5.3845297e-06,3.9702805e-05
09.626,-0.0021972824,0.002461787,-0.023222653,1.9375334e-06,1.7293887e-06,1.8277386e-05
09.645,0.005743966,-0.004868596,-0.023222653,-0.0,-0.0,0.0
09.686,0.022848193,0.013457362,-0.022000924,1.555885e-05,-2.6415375e-05,2.5436222e-05
09.724,-0.005862474,-0.009144653,-0.0091727525,-4.362505e-06,2.796711e-06,4.37591e-06
09.744,-0.01013853,-0.007922922,-0.0030641,-0.0,-0.0,0.0
09.785,-0.011971126,0.007959574,0.0067097438,4.237094e-06,6.372525e-06,-3.5717796e-06
09.824,-0.004640743,-0.0018142698,-0.0030641,-3.5609972e-07,9.1087105e-07,6.014125e-07
09.845,0.009409158,0.007959574,-0.017114,0.0,-0.0,0.0
09.884,0.013074349,0.0018509218,-0.013448809,0.0,-0.0,0.0
09.925,-0.013192857,-0.012198979,-0.032385632,-1.5160434e-05,1.6394924e-05,4.0246898e-05
09.965,-0.0028081473,-0.004257731,-0.04277034,-6.153834e-06,4.058432e-06,6.1816085e-05
09.985,0.0008570439,0.015900822,-0.03360736,0.0,-0.0,0.0
10.024,-0.015636317,-0.0005925393,-0.03360736,-7.3747486e-07,1.9450228e-05,4.1804695e-05
10.064,-0.029686218,0.0067378436,-0.010394483,7.2722783e-06,3.204171e-05,1.1219117e-05
10.084,-0.027242757,0.012235631,0.007320609,0.0,-0.0,-0.0
10.125,-0.031518813,-0.004257731,0.013429261,-4.932016e-06,3.6512505e-05,-1.555682e-05
10.149,-0.017468914,0.0018509218,0.013429261,0.0,-0.0,-0.0
10.184,0.01429608,0.003072652,-0.0018423696,0.0,-0.0,0.0
10.225,0.017350405,-0.0005925393,-0.023833519,-5.8604763e-07,-1.7166254e-05,2.358054e-05
10.265,0.01673954,-0.0005925393,-0.034218226,-7.570065e-07,-2.139906e-05,4.374297e-05
10.285,0.009409158,-0.010366384,-0.032385632,-0.0,-0.0,0.0
10.324,0.011241754,-0.006701192,-0.020779192,-5.5217297e-06,-9.263297e-06,1.712211e-05
10.369,0.011852618,-0.007922922,0.0024336872,-3.8449953e-06,-5.75207e-06,-1.1810788e-06
10.384,-0.004029878,-0.023805417,0.014040126,-0.0,0.0,0.0
10.425,-0.013192857,-0.0060903262,0.017094454,-4.5848524e-06,9.9318695e-06,-1.2869016e-05
10.467,0.011241754,0.011624766,-0.0048966957,6.590676e-06,-6.373509e-06,2.7762053e-06
10.485,0.0039113704,0.010403035,-0.013448809,0.0,-0.0,0.0
10.525,-0.0089168,-0.004868596,-0.025055248,-4.416871e-06,8.0892505e-06,2.2730082e-05
10.565,0.015517809,-0.004868596,-0.023833519,-4.71347e-06,-1.5023978e-05,2.3074934e-05
10.586,0.008798292,-0.010366384,-0.015281404,-0.0,-0.0,0.0
10.625,0.014906945,-0.0018142698,-0.017114,-1.3859893e-06,-1.13886e-05,1.3074727e-05
10.664,0.0045222356,-0.01830763,0.004266283,-1.1877199e-05,-2.9338137e-06,-2.7677966e-06
10.685,0.0075765615,-0.018918497,-0.002453235,-0.0,-0.0,0.0
10.724,0.018572137,0.02139861,0.007320609,2.1012438e-05,-1.8237108e-05,-7.188328e-06
10.765,-0.008305935,-0.0018142698,0.02137051,-1.4000852e-06,6.410004e-06,-1.6492397e-05
10.804,-0.018079778,0.00979217,-0.0067292913,7.108405e-06,1.3124684e-05,4.8849524e-06
10.824,-0.011360261,0.014679091,-0.0055075614,-0.0,0.0,0.0
10.865,-0.0052516083,-0.010977248,-0.024444385,-1.0057746e-05,4.8115726e-06,2.2396722e-05
10.904,0.006354831,0.0012400564,-0.022611788,9.787188e-07,-5.015335e-06,1.7845618e-05
10.925,0.010630888,0.002461787,-0.021390056,0.0,-0.0,0.0
10.964,-0.0009755518,-0.004868596,-0.020168327,-3.3931456e-06,6.798815e-07,1.4056204e-05
11.005,0.006354831,1.8325956e-05,-0.0048966957,4.9343503e-09,-1.7106773e-06,1.3181572e-06
11.030,0.010020022,0.0012400564,-0.00062063907,0.0,-0.0,0.0
11.065,-0.0076950695,0.011013901,0.014040126,7.1818185e-06,5.0176636e-06,-9.155113e-06
11.107,-0.013192857,0.002461787,0.012207531,1.498637e-06,8.031115e-06,-7.431312e-06
11.126,-0.0089168,0.010403035,0.011596666,0.0,-0.0,-0.0
11.164,-0.0028081473,0.0049052476,-9.773844e-06,9.3030957e-07,5.3258196e-07,1.8534203e-09
11.205,0.011241754,0.0012400564,-0.015281404,7.9109066e-07,-7.171326e-06,9.748303e-06
11.225,0.008798292,0.0036835175,-0.022000924,0.0,-0.0,0.0
11.265,-0.009527666,-0.004257731,-0.011616214,-2.2309225e-06,4.992168e-06,6.0865095e-06
11.306,0.008187426,-0.0005925393,-0.007951022,-2.2721439e-07,-3.1396069e-06,3.0489527e-06
11.327,0.012463484,0.013457362,-0.00062063907,0.0,-0.0,0.0
11.366,0.0008570439,-0.0012034045,0.0012119566,-7.716136e-08,-5.4952984e-08,-7.7709714e-08
11.406,-0.0089168,0.0073487093,0.010985801,3.931432e-06,4.7703047e-06,-5.8772016e-06
11.425,-0.009527666,0.0018509218,0.009153205,0.0,-0.0,-0.0
11.465,-0.0052516083,0.003072652,0.0024336872,6.7563434e-07,1.1547564e-06,-5.3513486e-07
11.504,-0.018079778,0.0036835175,-0.0018423696,2.2918712e-06,1.1249204e-05,1.146306e-06
11.526,-0.016858047,-0.0005925393,-0.002453235,-0.0,-0.0,0.0
11.565,-0.01013853,0.0036835175,-0.0030641,1.385991e-06,3.814815e-06,1.152923e-06
11.605,0.006354831,-0.012809844,-0.025666114,-1.2628537e-05,-6.265085e-06,2.5302961e-05
11.646,0.025902519,0.002461787,-0.025055248,2.9842558e-06,-3.1394786e-05,3.0367955e-05
11.667,0.020404732,0.0012400564,-0.015892271,1.0775202e-06,-1.7728229e-05,1.3807687e-05
11.705,-0.004029878,-0.009144653,-0.006118426,-3.5954408e-06,1.5844386e-06,2.4056085e-06
11.745,-0.0015864171,-0.0030360003,0.0054880134,-6.590392e-07,3.443717e-07,-1.1913097e-06
11.766,0.0045222356,0.0042943824,0.009764071,1.6694507e-06,-1.7580358e-06,-3.7958102e-06
11.806,-0.020523239,0.0073487093,0.031144354,9.374444e-06,2.6179008e-05,-3.972748e-05
11.847,-0.049233906,0.013457362,0.045194257,3.0789724e-05,0.00011262167,-0.000103384235
11.865,-0.04617958,0.00979217,0.03175522,1.8696093e-05,8.815705e-05,-6.062209e-05
11.906,0.006354831,0.0012400564,0.0018228219,2.798806e-07,-1.4342863e-06,-4.1141095e-07
11.946,0.015517809,0.02384207,-0.031163903,3.375694e-05,-2.1969925e-05,4.412334e-05
11.966,-0.0028081473,-0.005479461,-0.03666169,-6.835103e-06,3.5026976e-06,4.573142e-05
12.010,0.009409158,-0.0060903262,-0.020168327,-4.7151807e-06,-7.2847724e-06,1.5614656e-05
12.047,0.01429608,-0.0012034045,-0.0091727525,-6.875766e-07,-8.1684575e-06,5.2410996e-06
12.066,0.0045222356,-0.006701192,-0.014059674,-0.0,-0.0,0.0
12.105,-0.0076950695,0.013457362,-0.022611788,1.2379489e-05,7.0789006e-06,2.080077e-05
12.145,-0.0015864171,-0.004257731,-0.025055248,-3.637934e-06,1.3554383e-06,2.1407877e-05
12.166,0.0069656963,0.0018509218,-0.022611788,0.0,-0.0,0.0
12.204,-0.004640743,0.018955149,-0.0110053485,1.4249763e-05,3.4887973e-06,8.273388e-06
12.246,-0.010749395,-0.0170859,-0.0012315044,-1.15943485e-05,7.2944426e-06,8.3573065e-07
12.266,0.008187426,0.013457362,-0.0048966957,0.0,-0.0,0.0
12.305,-0.005862474,0.023231205,0.010374935,2.0352496e-05,5.135924e-06,-9.08936e-06
12.345,-0.02174497,-0.017696766,-0.0018423696,-1.6683858e-05,2.050032e-05,1.7370871e-06
12.365,0.0014679092,0.002461787,-0.0042858305,0.0,-0.0,0.0
12.407,0.027735116,-0.0012034045,-0.037272554,-1.8753831e-06,-4.325137e-05,5.8124362e-05
12.446,-0.006473339,-0.01464244,-0.06903754,-3.4820747e-05,1.5390639e-05,0.00016417041
12.486,0.0026896396,0.0018509218,-0.065372355,4.0655377e-06,-5.9068675e-06,0.00014357499
12.506,0.015517809,0.0036835175,-0.0610963,7.80658e-06,-3.2877848e-05,0.0001294479
12.545,-0.022966702,-0.015253305,-0.06353976,-3.5454086e-05,5.33742e-05,0.00014767343
12.584,0.0075765615,-0.0012034045,-0.017114,-7.572836e-07,-4.7679773e-06,1.0769935e-05
12.605,0.023459058,0.0061269784,-0.009783618,5.375267e-06,-2.0580534e-05,8.5831925e-06
12.645,0.0069656963,0.013457362,0.014650992,9.517735e-06,-4.926559e-06,-1.0361935e-05
12.688,-0.01930151,-0.009144653,0.013429261,-7.741359e-06,1.6339833e-05,-1.1368545e-05
12.705,-0.0070842043,-0.007922922,0.0054880134,-3.1799455e-06,2.8433237e-06,-2.2026677e-06
12.745,0.013074349,0.0061269784,0.00060109136,2.9710004e-06,-6.3398147e-06,-2.9146267e-07
12.787,0.015517809,-0.010977248,-0.017114,-9.4208735e-06,-1.3317874e-05,1.4687636e-05
12.810,0.011241754,-0.01830763,-0.025055248,-2.0274698e-05,-1.2450014e-05,2.7747426e-05
12.845,0.032622036,-0.02869234,-0.04582467,-6.0790207e-05,-6.912278e-05,9.709157e-05
12.885,0.060110975,0.02139861,-0.03360736,5.17863e-05,-0.00014545451,8.13269e-05
12.905,0.034454633,0.02139861,-0.025666114,3.4464298e-05,-5.548958e-05,4.133706e-05
12.945,-0.0076950695,-0.025027148,-0.014059674,-2.4957619e-05,7.6735005e-06,1.4020679e-05
12.986,0.0069656963,0.03422678,0.012818397,4.2729804e-05,-8.696554e-06,-1.6002736e-05
13.010,0.0014679092,0.019566013,0.009764071,-0.0,-0.0,0.0
13.045,-0.027242757,0.025063802,-0.0055075614,3.147508e-05,3.4211647e-05,6.9158746e-06
13.084,-0.027853623,0.0018509218,-0.009783618,1.8369722e-06,2.764573e-05,9.710568e-06
13.104,-0.0070842043,0.0012400564,-0.020168327,-0.0,0.0,0.0
13.146,-0.006473339,0.015289957,-0.015281404,1.1577179e-05,4.901532e-06,1.15707035e-05
13.185,-0.018079778,-0.012198979,-0.017114,-1.1348113e-05,1.6818443e-05,1.5920223e-05
13.205,-0.016858047,0.003072652,-0.006118426,-0.0,0.0,0.0
13.245,-0.013192857,0.0036835175,0.011596666,2.2182733e-06,7.944842e-06,-6.983619e-06
13.286,0.0014679092,0.02139861,0.013429261,1.8170253e-05,-1.2465533e-06,-1.1403215e-05
13.306,-0.01013853,0.0073487093,0.014650992,0.0,-0.0,-0.0
13.346,0.005743966,-0.019529361,-0.017724866,-1.7687624e-05,-5.2024293e-06,1.6053295e-05
13.384,0.041785017,0.0006291912,-0.037272554,1.1849588e-06,-7.851129e-05,7.003276e-05
13.426,0.022848193,0.012235631,-0.032385632,1.7030672e-05,-3.1800482e-05,4.507566e-05
13.445,-0.00036468654,0.029339857,-0.006118426,2.9508119e-05,3.668688e-07,6.1535097e-06
13.485,-0.048012175,-0.0005925393,0.026257431,-1.0859605e-06,8.816528e-05,-4.821674e-05
13.526,-0.019912375,-0.0018142698,-0.0012315044,-1.2195347e-06,1.3384845e-05,8.278098e-07
13.546,0.0075765615,0.009181305,-0.015892271,6.1171654e-06,-5.0479293e-06,1.0588404e-05
13.587,0.016128676,-0.021972822,-0.023833519,-2.6694901e-05,-1.959541e-05,2.8955517e-05
13.629,-0.008305935,0.0073487093,-0.002453235,2.8007423e-06,3.1655636e-06,9.3497374e-07
13.645,-0.013803722,0.009181305,0.007320609,5.583126e-06,8.393965e-06,-4.451651e-06
13.686,-0.0076950695,0.003072652,0.020759644,2.3045745e-06,5.771386e-06,-1.5570015e-05
13.725,-0.006473339,-0.011588113,0.007320609,-5.8941077e-06,3.2925743e-06,-3.7235043e-06
13.745,0.0051331003,-0.02747061,-0.05071159,-5.3371314e-05,-9.975573e-06,9.852573e-05
13.787,0.041785017,-0.01830763,-0.094083026,-6.420704e-05,-0.00014661084,0.00033008
13.826,0.040563285,0.015289957,-0.05682024,3.6673053e-05,-9.72712e-05,0.00013626083
13.846,0.021015596,0.014679091,-0.021390056,1.6444801e-05,-2.3542909e-05,2.3962795e-05
13.885,-0.04129266,-0.017696766,0.032366086,-3.287658e-05,7.6718774e-05,-6.0131806e-05
13.925,-0.028464487,-0.0060903262,0.059855018,-1.3597323e-05,6.3570864e-05,-0.00013367424
13.946,-0.011360261,0.010403035,0.05863329,2.1162889e-05,2.3107403e-05,-0.000119270146
13.985,-0.032740545,0.012235631,0.05374637,2.6325775e-05,7.043105e-05,-0.000115621944
14.025,-0.07183592,-0.004868596,0.023203107,-1.2352554e-05,0.000182341,-5.8895155e-05
14.046,-0.063894674,-0.0005925393,-0.006118426,-0.0,-0.0,0.0
14.085,-0.05228823,0.0073487093,-0.031163903,1.5115142e-05,0.00010757371,6.411307e-05
14.125,-0.04373612,-0.020751093,-0.05193332,-4.944074e-05,0.000104187326,0.00012372073
14.166,-0.08038803,0.0061269784,-0.058041975,2.03973e-05,0.00026796153,0.00019347014
14.186,-0.080998905,-0.020140227,-0.06659409,-7.219338e-05,0.0002901957,0.00023860496
14.226,-0.0021972824,-0.013420709,-0.045213804,-2.1262062e-05,3.480312e-06,7.16306e-05
14.266,0.0350655,0.012235631,-0.02627698,1.8679406e-05,-5.352895e-05,4.011369e-05
14.287,0.008798292,-0.0030360003,-0.021390056,-2.3763212e-06,-6.886737e-06,1.6742704e-05
14.326,-0.022966702,-0.01830763,-0.0091727525,-1.890204e-05,2.3712148e-05,9.470739e-06
14.366,0.008798292,0.0012400564,-0.011616214,6.0854023e-07,-4.317549e-06,5.7003804e-06
14.385,0.011852618,-0.007312057,-0.0110053485,-4.3550135e-06,-7.059394e-06,6.554734e-06
14.426,-0.013803722,-0.0012034045,-0.010394483,-6.994607e-07,8.022926e-06,6.04143e-06
14.466,-0.032740545,-0.0060903262,-0.015281404,-7.488219e-06,4.0253275e-05,1.8788098e-05
14.487,-0.030297084,-0.012809844,0.00060109136,-1.4141014e-05,3.3445514e-05,-6.6331944e-07
14.527,-0.013192857,-0.017696766,0.02137051,-1.824354e-05,1.3600785e-05,-2.2030847e-05
14.566,0.003300505,-0.0030360003,0.028090026,-2.8978452e-06,-3.1502286e-06,-2.6811387e-05
14.586,-0.00036468654,0.0055161132,0.04580512,8.53961e-06,5.6427467e-07,-7.091169e-05
14.626,-0.026021026,0.0042943824,0.07757011,1.1813479e-05,7.1534145e-05,-0.00021325138
14.667,-0.018690644,0.007959574,0.07023973,1.9532346e-05,4.585482e-05,-0.0001723299
14.687,-0.004640743,0.0042943824,0.05741156,8.323264e-06,8.993568e-06,-0.00011126699
14.726,0.021015596,0.0055161132,0.018927049,5.33322e-06,-2.0319558e-05,-1.8300085e-05
14.767,-0.0009755518,-0.0060903262,-0.02872044,-6.003071e-06,9.614881e-07,2.8308907e-05
14.786,-0.0015864171,-0.009755518,-0.047046397,-1.5736472e-05,2.5584116e-06,7.588936e-05
14.826,0.021015596,-0.0018142698,-0.062318027,-4.0019636e-06,-4.6393987e-05,0.00013757225
14.866,0.008798292,-0.009755518,-0.06659409,-2.2217533e-05,-2.004057e-05,0.00015167368
14.887,0.003300505,0.0073487093,-0.04154861,1.04360615e-05,-4.686749e-06,5.9003327e-05
14.928,-0.0052516083,-0.0018142698,-0.010394483,-7.1751475e-07,2.0769135e-06,4.1108283e-06
14.966,-0.014414587,-0.004257731,0.017705318,-3.317937e-06,1.123319e-05,-1.37975885e-05
14.986,-0.0034190128,0.00979217,0.021981375,7.9860965e-06,2.7883282e-06,-1.7927076e-05
15.027,-0.0052516083,0.008570439,0.02381397,7.4334152e-06,4.5547818e-06,-2.0654503e-05
15.066,-0.01930151,0.0061269784,0.024424836,6.523122e-06,2.0548534e-05,-2.6003041e-05
15.106,-0.0009755518,-0.004257731,-0.017114,-0.0,-0.0,0.0
15.126,0.006354831,0.003072652,-0.032385632,3.4175105e-06,-7.0677397e-06,3.6019097e-05
15.165,0.00024617868,0.0061269784,-0.042159475,8.758658e-06,-3.5165377e-07,6.026787e-05
15.207,-0.0052516083,-0.007922922,-0.030553035,-8.5066e-06,5.6382914e-06,3.280353e-05
15.228,0.0026896396,0.007959574,-0.024444385,6.9034704e-06,-2.3326872e-06,2.120095e-05
15.266,-0.010749395,0.0049052476,-0.0073401565,2.2894815e-06,5.0172093e-06,3.425961e-06
15.305,-0.013803722,-0.0036468657,0.015872722,-2.6124058e-06,9.888423e-06,-1.1370541e-05
15.326,-0.0052516083,0.013457362,0.024424836,1.2813794e-05,5.0002905e-06,-2.32567e-05
15.367,-0.013803722,0.0049052476,0.018927049,3.9394513e-06,1.10856345e-05,-1.5200192e-05
15.389,-0.011360261,-0.009144653,0.008542339,-0.0,0.0,0.0
15.425,0.011852618,0.018955149,0.0036554176,1.4407759e-05,-9.009172e-06,-2.778411e-06
15.466,-0.011971126,-0.01464244,-9.773844e-06,-9.2924065e-06,7.5971343e-06,6.2379892e-09
15.507,-0.004029878,0.0036835175,-0.016503137,2.1484736e-06,2.3505168e-06,9.625781e-06
15.526,0.003300505,0.0049052476,-0.020168327,3.4592704e-06,-2.3275409e-06,1.4223009e-05
15.567,0.010630888,-0.0030360003,-0.02872044,-3.1349182e-06,-1.09778775e-05,2.9657725e-05
15.607,0.010630888,-0.0012034045,-0.012837944,-6.747845e-07,-5.961245e-06,7.198841e-06
15.627,0.012463484,-0.004257731,-0.006118426,-2.074753e-06,-6.07337e-06,2.9814591e-06
15.666,-0.0076950695,-0.0012034045,0.0030445524,-3.3767353e-07,2.1592311e-06,-8.542989e-07
15.708,-0.004029878,0.0049052476,0.020148778,3.4770783e-06,2.856532e-06,-1.4282356e-05
15.725,0.0039113704,0.0061269784,0.017705318,3.934804e-06,-2.5119507e-06,-1.1370561e-05
15.766,-0.005862474,0.003072652,0.012207531,1.4317163e-06,2.731628e-06,-5.6881267e-06
15.805,0.0045222356,-0.005479461,-0.019557461,-3.8257263e-06,-3.1574411e-06,1.3654971e-05
15.846,0.018572137,0.0012400564,-0.02749871,0.0,-0.0,0.0
15.868,0.014906945,-0.0005925393,-0.021390056,-5.183844e-07,-1.3044451e-05,1.8717546e-05
15.906,0.0075765615,-0.0005925393,-0.009783618,-2.4630543e-07,-3.1494906e-06,4.066938e-06
15.947,-0.004029878,-0.004257731,-0.0012315044,-0.0,-0.0,0.0
15.966,-0.004640743,-0.0018142698,0.0018228219,-3.2299553e-07,8.261947e-07,-3.2451808e-07
16.005,0.0008570439,0.007959574,0.012207531,3.898923e-06,-4.1982676e-07,-5.979746e-06
16.045,-0.024188431,0.007959574,0.015261857,0.0,-0.0,-0.0
16.065,-0.028464487,-0.0012034045,0.007931475,-1.1940477e-06,2.8245802e-05,-7.870521e-06
16.105,-0.010749395,0.0042943824,-0.0073401565,1.9750426e-06,4.9438113e-06,3.3758433e-06
16.145,0.010020022,-0.009755518,-0.017114,-0.0,-0.0,0.0
16.165,0.022237327,-0.0030360003,-0.016503137,-2.8377715e-06,-2.0786585e-05,1.5426442e-05
16.206,0.013685214,0.009181305,0.007931475,5.634353e-06,-8.398341e-06,-4.8673555e-06
16.245,-0.0076950695,-0.010977248,-0.008561888,-5.8589726e-06,4.10713e-06,4.569808e-06
16.265,0.003300505,0.002461787,-0.012227079,1.0657383e-06,-1.4288219e-06,5.293237e-06
16.308,0.0026896396,0.0036835175,-0.012837944,1.6839159e-06,-1.2295582e-06,5.8688397e-06
16.346,-0.0015864171,-0.010366384,-0.0110053485,-5.2877854e-06,8.0919983e-07,5.6137146e-06
16.367,-0.0034190128,1.8325956e-05,-0.009783618,6.3708785e-09,1.188971e-06,3.40228e-06
16.407,-0.009527666,0.0012400564,0.007320609,5.026111e-07,3.8616427e-06,-2.9671057e-06
16.446,-0.005862474,-0.0060903262,0.007931475,-2.3688594e-06,2.2802421e-06,-3.084984e-06
16.466,-0.006473339,-0.01464244,0.011596666,-9.712546e-06,4.2939055e-06,-7.692231e-06
16.508,0.018572137,0.0018509218,-0.025666114,1.9712134e-06,-1.9776402e-05,2.7330429e-05
16.546,0.021015596,-0.013420709,-0.028109575,-1.6920689e-05,-2.6497277e-05,3.5441015e-05
16.567,0.017961271,-0.021361958,-0.029331306,-2.9020724e-05,-2.4401797e-05,3.9847586e-05
16.607,0.024069924,0.002461787,-0.017724866,2.4777705e-06,-2.4224066e-05,1.7838422e-05
16.647,0.006354831,0.003072652,-0.018946595,2.0846044e-06,-4.3112896e-06,1.2853928e-05
16.666,-0.0070842043,0.002461787,-0.017114,1.5434427e-06,4.4415915e-06,1.0729961e-05
16.708,-0.02174497,0.0012400564,-0.0067292913,9.484913e-07,1.6632992e-05,5.147308e-06
16.750,-0.020523239,-0.0030360003,-0.0018423696,-2.1218068e-06,1.4343263e-05,1.2876089e-06
16.768,-0.013192857,-0.0060903262,-0.0018423696,-2.993249e-06,6.483964e-06,9.054892e-07
16.808,0.013685214,0.018955149,-0.0036749654,1.5052397e-05,-1.0867478e-05,2.918391e-06
16.848,0.0026896396,0.003072652,0.004877148,6.558226e-07,-5.740735e-07,-1.0409719e-06
16.886,-0.014414587,0.0049052476,-0.0036749654,-0.0,0.0,0.0
16.906,-0.011971126,0.007959574,-0.01467054,5.4857333e-06,8.250582e-06,1.011098e-05
16.947,-0.012581991,0.0055161132,-0.009783618,3.1216605e-06,7.1204126e-06,5.536737e-06
16.986,-0.0089168,0.008570439,-0.018946595,-0.0,0.0,0.0
17.008,-0.017468914,0.010403035,-0.01467054,8.751779e-06,1.469631e-05,1.2341973e-05
17.047,-0.012581991,-0.0005925393,-0.0048966957,-2.6870117e-07,5.705471e-06,2.2204727e-06
17.085,-0.010749395,0.008570439,-0.0073401565,-0.0,0.0,0.0
17.106,-0.005862474,-0.0005925393,0.0012119566,-1.1960576e-07,1.1833586e-06,-2.4463714e-07
17.146,0.010630888,0.0042943824,0.0024336872,1.6889326e-06,-4.1810154e-06,-9.571396e-07
17.187,-0.0021972824,-0.002425135,-0.00062063907,-0.0,-0.0,0.0
17.208,-0.0009755518,-0.010977248,-0.008561888,-5.1403254e-06,4.568121e-07,4.009283e-06
17.251,0.024069924,0.0042943824,-0.018946595,4.4573803e-06,-2.4982104e-05,1.9664709e-05
17.286,0.0014679092,0.0006291912,-0.0067292913,1.4601642e-07,-3.4065698e-07,1.5616639e-06
17.306,-0.011360261,-0.009755518,-0.0048966957,-5.1570887e-06,6.005393e-06,2.5885665e-06
17.347,-0.004640743,0.0006291912,-0.0018423696,1.06248145e-07,7.8365827e-07,3.1111136e-07
17.388,0.0026896396,0.0067378436,-0.00062063907,1.6461979e-06,-6.5713584e-07,1.5163582e-07
17.406,0.0051331003,0.0042943824,-9.773844e-06,9.6437e-07,-1.1527171e-06,2.1954236e-09
17.447,0.006354831,-0.006701192,-0.0091727525,-2.9268153e-06,-2.7755498e-06,4.0062982e-06
17.487,0.008187426,-0.005479461,-0.008561888,-2.3998045e-06,-3.5858095e-06,3.7498016e-06
17.507,0.012463484,-0.0036468657,-0.0110053485,-2.0829602e-06,-7.118782e-06,6.2859244e-06
17.547,0.016128676,0.00979217,-0.0067292913,6.5821414e-06,-1.0841386e-05,4.5233414e-06
17.587,-0.014414587,-0.005479461,0.015872722,-4.068809e-06,1.0703835e-05,-1.1786555e-05
17.626,-0.009527666,0.0049052476,-0.0012315044,-0.0,0.0,0.0
17.647,-0.0015864171,0.0006291912,0.00060109136,3.8200234e-08,9.6316505e-08,-3.6494203e-08
17.685,-0.0034190128,0.0012400564,-0.0055075614,2.7462346e-07,7.5717753e-07,1.219709e-06
17.726,-0.010749395,-0.0012034045,-0.020779192,-0.0,-0.0,0.0
17.746,-0.01013853,-0.010977248,-0.02749871,-1.1527746e-05,1.06466605e-05,2.8877423e-05
17.787,0.009409158,-0.0012034045,-0.023833519,-1.0357268e-06,-8.098782e-06,2.051429e-05
17.826,-0.004640743,-0.005479461,-0.010394483,-0.0,-0.0,0.0
17.847,-0.0028081473,-0.008533788,-0.00062063907,-2.578651e-06,8.4853644e-07,1.8753933e-07
17.886,0.0051331003,0.009181305,0.0030445524,3.3735703e-06,-1.8861042e-06,-1.1186847e-06
17.927,0.0026896396,0.002461787,-0.0055075614,0.0,-0.0,0.0
17.948,0.0069656963,0.0061269784,-0.012227079,3.1553723e-06,-3.5872863e-06,6.296885e-06
17.988,0.0045222356,0.0018509218,-0.018946595,1.2152309e-06,-2.9690414e-06,1.2439285e-05
18.026,0.0051331003,-0.012809844,-0.014059674,-0.0,-0.0,0.0
18.046,0.010020022,-0.004868596,-0.013448809,-2.852869e-06,-5.8715286e-06,7.880704e-06
18.086,0.006354831,-0.0030360003,-0.006118426,-9.5038826e-07,-1.9893187e-06,1.9153126e-06
18.128,0.008187426,-0.010366384,-0.0036749654,-0.0,-0.0,0.0
18.146,0.013685214,0.00979217,0.0036554176,5.6580293e-06,-7.907493e-06,-2.1121234e-06
18.186,-0.0009755518,-0.007312057,-0.008561888,-2.7728443e-06,3.6993964e-07,3.246799e-06
18.227,0.0026896396,-0.0005925393,-0.016503137,-3.3265147e-07,-1.5099965e-06,9.2650525e-06
18.246,0.01673954,0.011013901,-0.020779192,1.0668331e-05,-1.621397e-05,2.0127009e-05
18.286,0.018572137,0.003072652,-0.03360736,3.972014e-06,-2.4004945e-05,4.343854e-05
18.328,0.00024617868,-0.0036468657,-0.082476586,-1.0102351e-05,-6.8311033e-07,0.00022847397
18.346,0.011852618,-0.002425135,-0.0610963,-5.066602e-06,-2.477059e-05,0.0001276824
18.389,-0.0015864171,0.003072652,-0.039716017,4.110199e-06,2.1222431e-06,5.3127704e-05
18.427,-0.012581991,-0.0060903262,-0.036050823,-7.902066e-06,1.6323886e-05,4.6772962e-05
18.468,0.009409158,0.015289957,-0.023222653,0.0,-0.0,0.0
18.488,0.0014679092,0.02750726,-0.022611788,3.289394e-05,-1.75492e-06,2.7039805e-05
18.527,-0.020523239,0.02750726,-0.013448809,3.4022007e-05,2.5384352e-05,1.6633661e-05
18.568,-0.0009755518,0.0049052476,-0.009783618,-0.0,0.0,0.0
18.586,0.0039113704,0.008570439,-0.008561888,3.6608965e-06,-1.670749e-06,3.6572437e-06
18.628,0.0051331003,0.0055161132,-0.018946595,3.7739974e-06,-3.511903e-06,1.29627515e-05
18.666,0.009409158,0.018344285,-0.016503137,0.0,-0.0,0.0
18.686,0.0014679092,0.010403035,-0.014059674,6.1266414e-06,-8.644673e-07,8.280137e-06
18.726,-0.015025453,0.012846496,-0.0073401565,9.0898e-06,1.0631622e-05,5.193645e-06
18.766,-0.006473339,0.009181305,-9.773844e-06,-0.0,0.0,0.0
18.786,-0.0015864171,0.02139861,-0.002453235,1.550712e-05,1.1496569e-06,1.777799e-06
18.825,-0.006473339,-0.0036468657,-0.01467054,-2.0123287e-06,3.5719338e-06,8.095101e-06
18.866,0.008798292,0.0061269784,-0.020168327,0.0,-0.0,0.0
18.887,0.018572137,0.0036835175,-0.023833519,3.7624327e-06,-1.8968814e-05,2.4342668e-05
18.927,0.018572137,0.0061269784,-0.019557461,5.686264e-06,-1.7235716e-05,1.815024e-05
18.967,0.005743966,0.0012400564,-0.009783618,0.0,-0.0,0.0
18.986,0.0069656963,-0.0030360003,-0.0036749654,-8.598528e-07,-1.97282e-06,1.0408202e-06
19.026,0.006354831,0.016511688,-0.0030641,9.948203e-06,-3.8287412e-06,1.8461222e-06
19.065,-0.018079778,-0.007312057,0.00060109136,-0.0,0.0,0.0
19.085,-0.009527666,-0.005479461,-0.0073401565,-2.4300157e-06,4.225286e-06,3.2551875e-06
19.128,0.022848193,0.0012400564,-0.019557461,1.2527132e-06,-2.3077182e-05,1.9753497e-05
19.168,0.0039113704,0.0073487093,-0.002453235,0.0,-0.0,0.0
19.186,-0.005862474,0.0036835175,0.00060109136,8.589704e-07,1.3670874e-06,-1.4017084e-07
19.227,-0.012581991,-0.004257731,-0.011616214,-2.5209938e-06,7.449686e-06,6.877876e-06
19.267,0.0039113704,0.015289957,-0.0012315044,8.121666e-06,-2.0776251e-06,6.541546e-07
19.306,-0.017468914,-0.007922922,-0.0012315044,-0.0,-0.0,0.0
19.326,-0.018079778,0.0036835175,-0.012227079,2.7357598e-06,1.3428219e-05,9.081273e-06
19.367,-0.010749395,-0.0012034045,-0.0110053485,-6.231122e-07,5.5657983e-06,5.698329e-06
19.406,-0.00036468654,0.0006291912,-0.0073401565,-0.0,0.0,0.0
19.426,0.0075765615,0.0067378436,-0.0036749654,2.438239e-06,-2.7417443e-06,1.3298705e-06
19.466,0.009409158,-0.005479461,-0.0012315044,-2.0147022e-06,-3.4595848e-06,4.5279936e-07
19.506,0.003300505,0.0067378436,0.0024336872,-0.0,-0.0,0.0
19.525,0.0069656963,0.0055161132,0.0024336872,1.7051523e-06,-2.1532521e-06,-7.523049e-07
19.565,0.0008570439,0.00979217,-9.773844e-06,3.2297212e-06,-2.8267615e-07,3.2241334e-09
19.606,-0.0009755518,-0.008533788,-0.018946595,-0.0,-0.0,0.0
19.626,0.0069656963,0.002461787,-0.016503137,1.4936095e-06,-4.226143e-06,1.0012604e-05
19.665,-0.0021972824,-0.0018142698,-0.012227079,-7.642937e-07,9.2563977e-07,5.1508605e-06
19.705,-0.0021972824,-0.0030360003,-0.0055075614,-0.0,-0.0,0.0
19.726,0.010020022,0.012846496,-0.0012315044,7.0428673e-06,-5.493299e-06,6.7516993e-07
19.766,-0.0028081473,0.003072652,0.010374935,1.1525512e-06,1.0533314e-06,-3.89163e-06
19.806,-0.0070842043,-0.0036468657,0.0060988786,-0.0,0.0,0.0
19.826,0.0008570439,-0.009144653,0.0018228219,-2.8732406e-06,-2.692815e-07,-5.727292e-07
19.866,0.013074349,-0.0060903262,-0.012837944,-3.945934e-06,-8.470987e-06,8.317786e-06
19.906,0.016128676,0.003072652,-0.024444385,0.0,-0.0,0.0
19.925,-0.0028081473,1.8325956e-05,-0.014059674,8.811731e-09,1.3509509e-06,6.7638653e-06
19.967,-0.01013853,-0.0005925393,-0.011616214,-3.0679507e-07,5.2490873e-06,6.01414e-06
20.006,-0.008305935,-0.009755518,0.00060109136,-0.0,0.0,0.0
20.029,-0.0076950695,-0.010366384,-0.007951022,-5.2740265e-06,3.914946e-06,4.045186e-06
20.065,0.0045222356,0.014679091,-0.009783618,8.969877e-06,-2.76335e-06,5.9784325e-06
20.107,-0.013192857,-0.009144653,-0.0030641,-0.0,-0.0,0.0
20.127,-0.004640743,-0.0018142698,-0.00062063907,-3.0567952e-07,7.8190135e-07,1.0456926e-07
20.166,0.0075765615,0.018955149,0.008542339,1.4074396e-05,-5.625728e-06,-6.342745e-06
20.205,-0.019912375,0.022009475,0.0018228219,0.0,-0.0,-0.0
20.246,-0.04740131,0.0042943824,-9.773844e-06,-0.0,0.0,0.0
20.267,-0.039460063,0.012235631,-0.00062063907,1.6963551e-05,5.4707743e-05,8.5999477e-07
20.308,-0.022966702,-0.009144653,-0.022000924,-1.015463e-05,2.550234e-05,2.4430186e-05
20.329,-0.011360261,-0.012809844,-0.026887843,-1.3701502e-05,1.21506655e-05,2.8759152e-05
20.368,0.013685214,0.0012400564,-0.021390056,1.057965e-06,-1.1674475e-05,1.8247283e-05
20.408,0.015517809,-0.020140227,0.0067097438,-1.7770355e-05,-1.3691767e-05,-5.920326e-06
20.429,0.020404732,-0.010366384,0.019537915,-1.0467443e-05,-2.060315e-05,-1.972811e-05
20.467,0.024069924,-0.002425135,0.042139925,-3.955334e-06,-3.9243918e-05,-6.87058e-05
20.506,0.0069656963,0.010403035,0.037253007,1.3718319e-05,-9.186042e-06,-4.91257e-05
20.546,-0.0076950695,1.8325956e-05,0.011596666,0.0,-0.0,-0.0
20.566,-0.0021972824,1.8325956e-05,-0.0042858305,2.961501e-09,3.5509876e-07,6.926252e-07
20.607,0.013074349,-0.004868596,-0.022000924,-4.2557454e-06,-1.1428909e-05,1.923196e-05
20.646,-0.0009755518,-0.007312057,-0.022611788,-0.0,-0.0,0.0
20.667,-0.0070842043,-0.014031574,-0.013448809,-9.739787e-06,4.9173273e-06,9.335273e-06
20.707,0.010630888,-0.0018142698,0.010374935,-9.110258e-07,-5.3381586e-06,-5.20964e-06
20.746,-0.0076950695,-0.004257731,0.015872722,-0.0,0.0,0.0
20.767,-0.014414587,0.0012400564,0.009764071,7.2628984e-07,8.442211e-06,-5.718541e-06
20.807,-0.029686218,0.0018509218,0.026868297,2.4901065e-06,3.992624e-05,-3.6136393e-05
20.847,-0.0089168,-0.031135801,0.015872722,-0.0,0.0,0.0
20.866,0.0069656963,-0.008533788,0.0036554176,-3.323453e-06,-2.7127617e-06,-1.423593e-06
20.906,0.005743966,-0.018918497,-0.008561888,-1.3677059e-05,-4.152625e-06,6.189763e-06
20.948,0.008798292,-0.004868596,-0.0067292913,-0.0,-0.0,0.0
20.968,0.00024617868,0.0018509218,-0.008561888,5.4424845e-07,-7.2386136e-08,2.5175527e-06
21.007,-0.0089168,-0.01464244,-0.013448809,-1.0705603e-05,6.5193144e-06,9.832903e-06
21.046,0.013074349,-0.019529361,-0.018946595,-0.0,-0.0,0.0
21.086,-0.024188431,-0.1386481,-0.062318027,-0.0,-0.0,0.0
21.107,-0.03823833,-0.15208712,-0.058041975,-0.000853372,0.00021441032,0.00032575594
21.149,0.024069924,-0.0329684,-0.016503137,-0.0,-0.0,0.0
21.169,0.038119823,0.02017688,0.004877148,2.9386163e-05,-5.5519235e-05,-7.1024447e-06
21.209,0.020404732,-0.008533788,0.020759644,-8.686202e-06,-2.0768548e-05,-2.1129972e-05
21.249,0.003300505,0.0036835175,0.016483588,-0.0,-0.0,0.0
21.290,0.0045222356,0.002461787,0.0067097438,-0.0,-0.0,0.0
21.306,0.006354831,-0.006701192,-0.0018423696,-2.117507e-06,-2.008062e-06,5.8216773e-07
21.348,0.0075765615,0.014068227,0.004266283,7.806994e-06,-4.2045335e-06,-2.3675077e-06
21.387,0.037508957,0.0036835175,-9.773844e-06,0.0,-0.0,0.0
21.407,0.032622036,0.012846496,0.0036554176,1.5194845e-05,-3.8585615e-05,-4.3233613e-06
21.447,0.013685214,-0.01830763,-0.0067292913,-1.46370985e-05,-1.09415005e-05,5.3800536e-06
21.488,0.041174147,0.0006291912,-0.023833519,0.0,-0.0,0.0
21.507,0.025902519,0.0073487093,-0.012837944,7.355402e-06,-2.5925474e-05,1.2849439e-05
21.549,-0.024188431,-0.019529361,-0.0036749654,-2.0513884e-05,2.5407726e-05,3.8604803e-06
21.588,-0.014414587,0.002461787,0.00060109136,0.0,-0.0,-0.0
21.610,-0.005862474,-0.002425135,0.012818397,-1.1638425e-06,2.8134746e-06,-6.1516994e-06
21.646,0.0020787744,-0.002425135,0.02137051,-1.7583334e-06,-1.5071823e-06,-1.549449e-05
21.687,0.022848193,0.00979217,0.020759644,-0.0,-0.0,0.0
21.708,0.021015596,0.00979217,0.024424836,1.1064818e-05,-2.3747762e-05,-2.7599917e-05
21.748,0.011241754,0.015900822,0.010985801,1.1929169e-05,-8.4339e-06,-8.241778e-06
21.786,0.017350405,-0.0018142698,-0.012227079,-0.0,-0.0,0.0
21.829,0.011241754,-0.0060903262,-0.022000924,-0.0,-0.0,0.0
21.845,-0.00036468654,-0.004257731,-0.025055248,-3.6312297e-06,3.1098585e-07,2.1368489e-05
21.886,-0.016247183,-0.0060903262,-0.02627698,-0.0,-0.0,0.0
21.927,-0.0015864171,-0.007312057,-0.0110053485,-0.0,-0.0,0.0
21.946,0.008187426,0.0042943824,-0.0030641,1.4034683e-06,-2.67577e-06,1.0013946e-06
21.987,-0.0015864171,-0.006701192,0.012818397,-0.0,0.0,0.0
22.008,-0.004029878,-0.007312057,0.014040126,-4.007807e-06,2.2088343e-06,-7.6955375e-06
22.046,0.0075765615,0.0055161132,-9.773844e-06,1.7346391e-06,-2.3825835e-06,3.0756242e-09
22.086,0.013685214,0.003072652,-0.0012315044,0.0,-0.0,0.0
22.109,0.010020022,-0.0036468657,0.00060109136,-1.3068924e-06,-3.5907785e-06,-2.1540966e-07
22.147,0.011852618,-0.009144653,-0.010394483,-5.592234e-06,-7.248286e-06,6.3565494e-06
22.188,0.012463484,0.0018509218,-0.022611788,0.0,-0.0,0.0
22.229,-0.0028081473,-0.01830763,-0.022611788,-0.0,-0.0,0.0
22.248,-0.0028081473,-0.011588113,-0.018335732,-8.504423e-06,2.060816e-06,1.3456433e-05
22.288,-0.0070842043,-0.0030360003,0.0024336872,-0.0,0.0,0.0
22.327,-0.011971126,0.0067378436,0.018316183,0.0,-0.0,-0.0
22.349,-0.0052516083,0.0006291912,0.021981375,4.7735284e-07,3.9839924e-06,-1.6675602e-05
22.387,-0.0009755518,0.0067378436,0.025646565,0.0,-0.0,-0.0
22.429,0.0008570439,-0.009144653,0.004877148,-0.0,-0.0,-0.0
22.448,0.016128676,-0.0060903262,-0.007951022,-3.8797793e-06,-1.0274684e-05,5.06513e-06
22.489,0.01429608,1.8325956e-05,-0.0012315044,8.825507e-09,-6.8831873e-06,5.9293706e-07
22.528,-0.006473339,-0.010977248,-0.00062063907,-0.0,-0.0,0.0
22.546,-0.009527666,0.0006291912,0.0024336872,2.080338e-07,3.150178e-06,-8.046621e-07
22.587,-0.0015864171,1.8325956e-05,0.004877148,3.1538434e-09,2.7300783e-07,-8.393124e-07
22.629,-0.011971126,0.014068227,0.0060988786,0.0,-0.0,-0.0
22.647,-0.014414587,0.008570439,0.004266283,4.976275e-06,8.369552e-06,-2.477158e-06
22.686,-0.0070842043,-0.007922922,0.0018228219,-2.8667519e-06,2.5632803e-06,-6.595484e-07
22.729,0.0008570439,0.0049052476,-0.010394483,0.0,-0.0,0.0
22.767,0.0014679092,-0.005479461,0.0067097438,-0.0,-0.0,-0.0
22.786,0.0020787744,-0.012198979,0.0030445524,-5.216438e-06,-8.8890675e-07,-1.3018913e-06
22.826,0.022848193,-0.0012034045,-0.011616214,-0.0,-0.0,0.0
22.866,0.011241754,-0.0030360003,0.0030445524,-0.0,-0.0,-0.0
22.887,0.0020787744,-0.010977248,0.0067097438,-4.8002726e-06,-9.09026e-07,-2.934125e-06
22.927,0.003300505,-0.004257731,0.008542339,-0.0,-0.0,-0.0
22.967,-0.006473339,-0.0030360003,0.012818397,-0.0,0.0,0.0
22.987,-0.018079778,-0.011588113,0.017705318,-1.0821992e-05,1.6884782e-05,-1.6534894e-05
23.026,-0.013192857,0.0012400564,0.013429261,0.0,-0.0,-0.0
23.069,-0.0052516083,-0.0060903262,-0.0036749654,-0.0,-0.0,0.0
23.086,0.0014679092,-0.005479461,-0.0091727525,-1.982952e-06,-5.3122244e-07,3.3195113e-06
23.128,-0.010749395,-0.0060903262,0.0018228219,-0.0,0.0,0.0
23.168,0.00024617868,-0.01464244,-0.015281404,-0.0,-0.0,0.0
23.189,-0.00036468654,-0.011588113,-0.013448809,-6.904246e-06,2.1725408e-07,8.012856e-06
23.226,-0.011971126,-0.007922922,-0.00062063907,-0.0,-0.0,0.0
23.267,0.003300505,-0.012198979,0.016483588,-0.0,-0.0,-0.0
23.287,0.0069656963,-0.0036468657,0.023203107,-2.9979697e-06,-5.726139e-06,-1.907418e-05
23.329,-0.013192857,-0.048850894,0.04030733,-0.0,0.0,0.0
23.368,0.027735116,-0.016475035,0.031144354,-0.0,-0.0,-0.0
23.387,0.03384377,-0.010977248,0.017094454,-1.4539817e-05,-4.482574e-05,-2.2641843e-05
23.428,0.037508957,-0.017696766,0.010374935,-2.5386762e-05,-5.380715e-05,-1.4883733e-05
23.467,0.046061072,0.015289957,0.017705318,-0.0,-0.0,0.0
23.488,0.01673954,-0.020140227,0.028700894,-2.6257252e-05,-2.182287e-05,-3.7417685e-05
23.528,-0.02174497,-0.032357533,0.041529063,-6.18427e-05,4.1563213e-05,-7.937244e-05
23.569,-0.09077274,-0.0873354,0.043972522,-0.0,0.0,0.0
23.609,-0.14636149,-0.18812817,0.059244156,-0.0,0.0,0.0
23.627,-0.1512484,-0.2333322,0.054968096,-0.0022187845,0.0014390614,-0.0005211904
23.666,-0.20256108,-0.34512055,0.06779627,-0.0,0.0,0.0
23.708,-0.239213,-0.31885332,0.08795482,-0.0,0.0,0.0
23.728,-0.18362427,-0.25349075,0.084289625,-0.002756265,0.0019985123,-0.00091405096
23.768,-0.052899096,-0.10138531,0.03542041,-0.0,0.0,0.0
23.806,-0.016247183,0.007959574,-0.00062063907,-0.0,0.0,0.0
23.828,-0.025410162,-0.015253305,-0.015892271,-1.7212067e-05,2.8672639e-05,1.7933065e-05
23.868,-0.0070842043,-0.013420709,-0.047657266,-0.0,-0.0,0.0
23.907,0.08271299,0.0531636,-0.034218226,0.0,-0.0,0.0
23.928,0.07782607,0.069046095,-0.029942172,0.0002508379,-0.00028270372,0.000108805856
23.968,0.017350405,0.050109275,-0.026887843,0.0,-0.0,0.0
24.007,-0.03335141,0.0042943824,-0.029331306,-0.0,0.0,0.0
24.027,-0.027853623,0.022009475,-0.028109575,3.343997e-05,4.23211e-05,4.2708565e-05
24.066,0.011241754,0.015900822,-0.023833519,0.0,-0.0,0.0
24.107,0.032622036,0.02750726,-0.0048966957,0.0,-0.0,0.0
24.126,0.019183,0.012846496,0.010985801,1.10210585e-05,-1.6457338e-05,-9.424736e-06
24.169,0.012463484,-0.004257731,0.014040126,-0.0,-0.0,-0.0
24.207,-0.004029878,1.8325956e-05,0.017705318,0.0,-0.0,-0.0
24.227,-0.015025453,1.8325956e-05,0.015261857,1.3228904e-08,1.079783e-05,-1.09677185e-05
24.267,-0.0028081473,0.013457362,0.014650992,0.0,-0.0,-0.0
24.307,-0.00036468654,0.022009475,0.007320609,0.0,-0.0,-0.0
24.329,0.0039113704,0.016511688,-0.006118426,9.993788e-06,-2.3673583e-06,3.7032205e-06
24.367,0.03078944,0.024452936,-0.018335732,0.0,-0.0,0.0
24.408,0.034454633,0.024452936,-0.011616214,0.0,-0.0,0.0
24.428,0.029567711,0.014068227,-0.014059674,1.6821748e-05,-3.535412e-05,1.681152e-05
24.468,0.020404732,0.02750726,-0.014059674,3.4171768e-05,-2.5347965e-05,1.7466396e-05
24.509,0.011852618,0.010403035,-0.0055075614,0.0,-0.0,0.0
24.530,0.008798292,0.011013901,-0.0018423696,5.253943e-06,-4.197031e-06,8.7887327e-07
24.569,0.008798292,0.002461787,0.004877148,8.5548356e-07,-3.0574613e-06,-1.6948377e-06
24.609,-0.0015864171,0.00979217,-0.00062063907,-0.0,0.0,0.0
24.629,0.0026896396,0.0073487093,-0.002453235,2.0222121e-06,-7.401322e-07,6.7507995e-07
24.667,0.011852618,0.010403035,-0.015281404,7.665481e-06,-8.7335075e-06,1.126007e-05
24.709,0.021015596,0.00979217,-0.021390056,0.0,-0.0,0.0
24.749,0.017961271,0.017733417,-0.016503137,0.0,-0.0,0.0
24.768,0.0039113704,0.012235631,-0.02627698,1.2008402e-05,-3.838562e-06,2.5788906e-05
24.808,-0.008305935,0.015900822,-0.0073401565,-0.0,0.0,0.0
24.848,-0.006473339,0.017733417,0.009153205,0.0,-0.0,-0.0
24.868,-0.012581991,0.0073487093,0.011596666,4.591965e-06,7.862003e-06,-7.2463454e-06
24.909,0.0026896396,0.0055161132,0.0018228219,-0.0,-0.0,0.0
24.950,0.021626463,0.007959574,0.00060109136,-0.0,-0.0,0.0
24.968,0.013685214,0.0018509218,0.0024336872,8.7089387e-07,-6.439181e-06,-1.145098e-06
25.008,0.010020022,0.0055161132,0.004266283,-0.0,-0.0,0.0
25.050,-0.0028081473,0.014068227,0.007931475,0.0,-0.0,-0.0
25.069,-0.011360261,0.008570439,0.004266283,4.2723186e-06,5.6630174e-06,-2.1267285e-06
25.109,-0.015636317,0.015289957,0.0030445524,0.0,-0.0,-0.0
25.149,-0.008305935,0.0042943824,-0.017114,-0.0,0.0,0.0
25.168,-0.0034190128,-0.006701192,-0.02749871,-6.4104697e-06,3.270577e-06,2.630555e-05
25.207,0.01673954,0.016511688,-0.019557461,0.0,-0.0,0.0
25.247,0.013685214,-0.007922922,-0.0048966957,-0.0,-0.0,0.0
25.289,0.005743966,0.0061269784,0.017705318,4.028708e-06,-3.7769078e-06,-1.1641938e-05
25.307,0.006354831,0.003072652,0.02259224,-0.0,-0.0,0.0
25.348,0.003300505,0.0073487093,0.02259224,-0.0,-0.0,0.0
25.369,0.0051331003,0.008570439,0.014650992,5.099522e-06,-3.054291e-06,-8.717543e-06
25.408,0.009409158,-0.0060903262,-0.0067292913,-0.0,-0.0,0.0
25.449,0.013074349,-0.0012034045,-0.03360736,-0.0,-0.0,0.0
25.489,0.0008570439,-0.0030360003,-0.02627698,-2.6960815e-06,-7.611208e-07,2.3335011e-05
25.510,0.003300505,-0.007312057,-0.022611788,-0.0,-0.0,0.0
25.548,-0.00036468654,0.014679091,-0.0073401565,-0.0,0.0,0.0
25.590,-0.015025453,-0.0005925393,-9.773844e-06,-0.0,-0.0,0.0
25.609,-0.011971126,0.007959574,0.007320609,4.3086347e-06,6.480119e-06,-3.9627553e-06
25.648,-0.009527666,0.012235631,0.02381397,0.0,-0.0,-0.0
25.687,-0.0089168,0.0067378436,0.013429261,0.0,-0.0,-0.0
25.709,0.0020787744,0.0018509218,0.0018228219,2.0663774e-07,-2.3207534e-07,-2.0350065e-07
25.748,0.010630888,0.003072652,-0.012837944,0.0,-0.0,0.0
25.788,0.0039113704,-0.002425135,-0.01467054,-0.0,-0.0,0.0
25.809,0.0069656963,-0.0005925393,-0.012837944,-2.906282e-07,-3.4166565e-06,6.296977e-06
25.848,-0.005862474,0.0036835175,-0.013448809,-0.0,0.0,0.0
25.889,-0.0052516083,-0.0012034045,-0.0067292913,-0.0,-0.0,0.0
25.907,0.0008570439,0.0055161132,0.004266283,1.300423e-06,-2.0204867e-07,-1.0057757e-06
25.948,-0.00036468654,0.012846496,0.028090026,0.0,-0.0,-0.0
25.989,-0.010749395,0.0055161132,0.023203107,0.0,-0.0,-0.0
26.008,-0.01013853,0.0061269784,0.019537915,4.697445e-06,7.772898e-06,-1.4979203e-05
26.047,0.005743966,-0.0030360003,-0.0110053485,-0.0,-0.0,0.0
26.088,0.020404732,-0.0012034045,-0.023222653,-0.0,-0.0,0.0
26.108,0.022237327,-0.005479461,-0.02627698,-6.408393e-06,-2.6008936e-05,3.0733543e-05
26.149,0.0051331003,1.8325956e-05,-0.017114,0.0,-0.0,0.0
26.190,0.0020787744,0.010403035,0.0012119566,-0.0,-0.0,0.0
26.209,-0.0015864171,0.013457362,0.013429261,8.614661e-06,1.0154992e-06,-8.596673e-06
26.249,-0.008305935,0.003072652,0.0018228219,0.0,-0.0,-0.0
26.288,-0.006473339,0.0049052476,0.007320609,0.0,-0.0,-0.0
26.328,0.00024617868,-0.0005925393,0.004877148,-9.780462e-08,-4.0634244e-08,-8.0502264e-07
26.349,0.0026896396,-0.0030360003,-0.00062063907,-0.0,-0.0,0.0
26.389,0.025291655,-0.010366384,-0.011616214,-0.0,-0.0,0.0
26.429,0.01429608,0.012846496,0.004877148,8.547494e-06,-9.512014e-06,-3.2450055e-06
26.448,-0.008305935,-0.0012034045,0.012818397,-0.0,0.0,0.0
26.488,-0.026021026,-0.0005925393,0.013429261,-0.0,0.0,0.0
26.528,-0.01013853,0.013457362,0.0054880134,8.001679e-06,6.028298e-06,-3.263165e-06
26.550,-0.0089168,0.011013901,-0.0048966957,-0.0,0.0,0.0
26.589,-0.026021026,-0.020140227,-0.0036749654,-0.0,-0.0,0.0
26.629,0.008187426,0.007959574,-0.014059674,0.0,-0.0,0.0
26.648,-0.0034190128,0.018955149,-0.0110053485,1.4109306e-05,2.545009e-06,8.191842e-06
26.688,-0.018690644,-0.025027148,-0.002453235,-0.0,-0.0,0.0
26.730,0.013074349,0.003072652,-0.00062063907,0.0,-0.0,0.0
26.748,0.021626463,0.012846496,-0.0110053485,1.1835369e-05,-1.9924051e-05,1.0139168e-05
26.789,0.015517809,0.0012400564,-0.002453235,0.0,-0.0,0.0
26.828,-0.010749395,0.0018509218,0.010374935,0.0,-0.0,-0.0
26.849,-0.018690644,-0.005479461,0.012818397,-4.2869688e-06,1.4623281e-05,-1.0028876e-05
26.888,-0.008305935,0.010403035,-0.006118426,-0.0,0.0,0.0
26.928,0.0008570439,0.009181305,-0.029942172,0.0,-0.0,0.0
26.948,-0.00036468654,-0.0030360003,-0.039716017,-4.057906e-06,4.873294e-07,5.308411e-05
26.987,0.0051331003,-0.004257731,-0.016503137,-0.0,-0.0,0.0
27.028,0.014906945,1.8325956e-05,-0.0042858305,0.0,-0.0,0.0
27.067,0.0008570439,0.0018509218,0.008542339,5.4545006e-07,-2.5256398e-07,-2.5173524e-06
27.088,-0.0028081473,1.8325956e-05,0.018927049,0.0,-0.0,-0.0
27.128,0.0014679092,-0.0036468657,0.02137051,-0.0,-0.0,-0.0
27.149,0.006354831,0.003072652,0.017094454,1.9067791e-06,-3.9436363e-06,-1.0608325e-05
27.187,-0.00036468654,0.0018509218,-0.0048966957,-0.0,0.0,0.0
27.227,0.0014679092,-0.007312057,-0.023222653,-0.0,-0.0,0.0
27.269,0.008798292,0.0012400564,-0.020779192,9.4039007e-07,-6.671757e-06,1.575691e-05
27.289,0.0039113704,-0.013420709,-0.022000924,-0.0,-0.0,0.0
27.329,0.013074349,0.0012400564,-0.010394483,0.0,-0.0,0.0
27.367,0.0075765615,0.003072652,-0.00062063907,8.4537044e-07,-2.0845184e-06,1.707556e-07
27.390,-0.0089168,-0.0036468657,0.004266283,-0.0,0.0,0.0
27.429,-0.013192857,-0.0036468657,0.0036554176,-0.0,0.0,0.0
27.468,0.013074349,0.002461787,-0.0048966957,1.171051e-06,-6.2193158e-06,2.3293055e-06
27.489,0.0026896396,0.017122554,-0.0091727525,0.0,-0.0,0.0
27.528,-0.013192857,-0.0170859,-0.016503137,-0.0,-0.0,0.0
27.569,0.009409158,0.018955149,-0.0018423696,1.3510562e-05,-6.7065043e-06,1.313221e-06
27.589,0.00024617868,0.016511688,0.0018228219,-0.0,-0.0,0.0
27.629,-0.016858047,-0.01830763,-0.022611788,-0.0,-0.0,0.0
27.668,0.011852618,0.017122554,-0.012837944,0.0,-0.0,0.0
27.689,0.0045222356,0.0055161132,-0.0055075614,1.6679834e-06,-1.3674486e-06,1.6653975e-06
27.728,-0.011360261,-0.0018142698,0.0060988786,-0.0,0.0,0.0
27.767,0.013685214,0.009181305,0.0054880134,-0.0,-0.0,0.0
27.788,0.0075765615,0.011624766,0.013429261,7.5321677e-06,-4.909215e-06,-8.701381e-06
27.829,-0.008305935,-0.007922922,0.0067097438,-0.0,0.0,0.0
27.868,-0.0021972824,0.012846496,0.0018228219,0.0,-0.0,-0.0
27.907,-0.006473339,-0.0030360003,-0.016503137,-1.8322156e-06,3.906587e-06,9.959484e-06
27.928,-0.00036468654,0.0012400564,-0.019557461,-0.0,0.0,0.0
27.971,0.011852618,0.0012400564,-0.013448809,0.0,-0.0,0.0
28.008,0.013074349,-0.0018142698,-0.0091727525,-9.785085e-07,-7.051649e-06,4.9473183e-06
28.028,0.017961271,1.8325956e-05,-0.0055075614,0.0,-0.0,0.0
28.067,0.016128676,0.0061269784,0.007320609,-0.0,-0.0,0.0
28.110,-0.009527666,-0.0060903262,0.008542339,-2.8961047e-06,4.530667e-06,-4.0621057e-06
28.130,-0.009527666,-0.0012034045,0.00060109136,-0.0,0.0,0.0
28.171,0.006354831,-0.004868596,-0.010394483,-0.0,-0.0,0.0
28.208,-0.005862474,0.0049052476,-0.0110053485,2.2054614e-06,2.635856e-06,4.9481564e-06
28.228,-0.008305935,-0.005479461,-0.0048966957,-0.0,-0.0,0.0
28.267,0.005743966,-0.004868596,-0.008561888,-0.0,-0.0,0.0
28.310,0.0051331003,1.8325956e-05,-0.006118426,4.9121622e-09,-1.3755808e-06,1.6396308e-06
28.328,0.0026896396,-0.004868596,-0.0091727525,-0.0,-0.0,0.0
28.370,0.00024617868,0.002461787,0.0012119566,-0.0,-0.0,0.0
28.408,0.0026896396,0.0012400564,0.0036554176,1.9575857e-07,-4.2459394e-07,-5.770542e-07
28.429,-0.008305935,-0.0012034045,0.0018228219,-0.0,0.0,0.0
28.468,-0.01930151,-0.013420709,0.0054880134,-0.0,0.0,0.0
28.510,-0.0070842043,-0.012198979,-0.016503137,-8.886867e-06,5.16072e-06,1.2022396e-05
28.528,0.013685214,-0.012198979,-0.018946595,-0.0,-0.0,0.0
28.568,0.015517809,0.002461787,-0.017724866,0.0,-0.0,0.0
28.609,0.0069656963,-0.025638014,-0.02872044,-3.3657037e-05,-9.145098e-06,3.770362e-05
28.628,0.015517809,-0.004868596,-0.022611788,-0.0,-0.0,0.0
28.668,0.00024617868,-0.016475035,-0.020168327,-0.0,-0.0,0.0
28.709,0.005743966,-0.009144653,-0.012837944,-0.0,-0.0,0.0
28.729,0.008798292,0.012846496,-0.0055075614,7.119307e-06,-4.875846e-06,3.0522099e-06
28.768,-0.0034190128,-0.026859745,-0.0067292913,-0.0,-0.0,0.0
28.809,0.036287226,-0.0012034045,-0.020168327,-0.0,-0.0,0.0
28.830,0.055224054,0.0061269784,-0.040326882,1.4120468e-05,-0.00012721754,9.290088e-05
28.869,0.057667512,-0.02624888,-0.07087014,-0.0,-0.0,0.0
28.908,0.04361761,-0.023194553,-0.088585235,-0.0,-0.0,0.0
28.948,0.03995242,-0.039687917,-0.10935465,-0.00016376625,-0.0001649321,0.00045132465
28.967,0.046061072,-0.024416285,-0.09713735,-0.0,-0.0,0.0
29.007,0.050947994,-0.039687917,-0.10568946,-0.0,-0.0,0.0
29.047,0.041785017,-0.03419013,-0.11668503,-0.00014745403,-0.00018030159,0.0005033769
29.068,0.04483934,-0.031135801,-0.1050786,-0.0,-0.0,0.0
29.108,0.07171741,-0.031135801,-0.075757064,-0.0,-0.0,0.0
29.149,0.049115397,-0.032357533,-0.024444385,-6.915167e-05,-0.00010497107,5.223883e-05
29.168,0.04361761,-0.049461756,-0.035439957,-0.0,-0.0,0.0
29.209,0.080880396,-0.009755518,-0.036050823,-0.0,-0.0,0.0
29.248,0.07049568,-0.029303206,-0.043381207,-8.632405e-05,-0.00020771004,0.000127807
29.268,0.074160874,-0.060457334,-0.06781582,-0.0,-0.0,0.0
29.310,0.05033713,0.026285533,-0.08614178,0.0,-0.0,0.0
29.347,-0.47745043,-0.28097966,-0.065372355,-0.0052647437,0.008933249,0.0012471123
29.386,0.04789367,0.23275799,-0.039105147,0.0018809423,-0.00038672387,0.0003163664
29.406,-0.28441703,0.1637302,0.012818397,0.0,-0.0,-0.0
29.447,-0.49760902,-0.17346741,-0.009783618,-0.0030685812,0.008799849,0.0001865252
29.487,0.39669773,0.4202936,0.106280774,0.0082788225,-0.007830207,-0.0020631272
29.506,0.38570216,0.36714834,0.04947031,-0.0,-0.0,0.0
29.547,-0.012581991,-0.16491528,-0.05193332,-0.0009592971,7.304254e-05,0.00030212293
29.590,0.060110975,-0.012198979,0.0054880134,-2.5207768e-05,-0.0001242087,-1.1341588e-05
29.608,0.12852788,0.05560706,0.025035702,-0.0,-0.0,0.0
29.646,0.08515645,-0.021361958,0.0067097438,-0.0,-0.0,-0.0
29.687,0.008187426,0.0036835175,-0.0067292913,1.3867618e-06,-3.0823721e-06,2.5334225e-06
29.707,-0.011360261,-0.004257731,-0.0110053485,-0.0,-0.0,0.0
29.747,0.0069656963,0.013457362,0.021981375,-0.0,-0.0,0.0
29.788,-0.012581991,0.0055161132,0.009764071,3.1196025e-06,7.1156114e-06,-5.521984e-06
29.807,-0.024799295,-0.0060903262,0.009153205,-0.0,0.0,0.0
29.848,-0.005862474,0.0018509218,0.025035702,0.0,-0.0,-0.0
29.888,-0.0034190128,-0.002425135,0.030533489,-2.5078816e-06,3.535789e-06,-3.1576e-05
29.907,-0.016247183,-0.009755518,0.04030733,-0.0,0.0,0.0
29.948,-0.026631892,-0.020140227,0.040918197,-0.0,0.0,0.0
29.989,-0.017468914,-0.028081477,0.07757011,-7.94512e-05,4.943707e-05,-0.00021948291
30.013,-0.013192857,-0.026859745,0.12094154,-0.0,0.0,0.0
30.047,-0.015636317,-0.0170859,0.081235304,-0.0,0.0,0.0
30.089,-0.005862474,-0.0005925393,0.042750794,-8.5775764e-07,8.489121e-06,-6.190484e-05
30.108,-0.004029878,0.0061269784,0.038474735,0.0,-0.0,-0.0
30.149,0.0069656963,-0.0012034045,0.02137051,-0.0,-0.0,-0.0
30.188,0.016128676,0.0018509218,0.008542339,1.1393073e-06,-9.927997e-06,-5.258225e-06
30.208,0.024680788,0.0036835175,0.004877148,-0.0,-0.0,0.0
30.248,0.017961271,0.0042943824,0.0036554176,-0.0,-0.0,0.0
30.289,-0.014414587,0.009181305,0.017705318,7.581166e-06,1.1902187e-05,-1.4619472e-05
30.309,-0.009527666,0.0006291912,0.015872722,0.0,-0.0,-0.0
30.348,-0.0009755518,0.013457362,0.012207531,0.0,-0.0,-0.0
30.391,-0.0034190128,0.0061269784,-0.00062063907,1.4481095e-06,8.080828e-07,1.4668728e-07
30.410,-0.006473339,-0.011588113,-0.018335732,-0.0,-0.0,0.0
30.448,0.003300505,0.0055161132,-0.017114,0.0,-0.0,0.0
30.488,0.008798292,0.0061269784,0.0054880134,2.476176e-06,-3.555777e-06,-2.2179418e-06
30.509,-0.0028081473,-0.0030360003,0.012818397,-0.0,0.0,0.0
30.550,0.003300505,0.0061269784,0.013429261,-0.0,-0.0,0.0
30.590,-0.0021972824,-0.0030360003,0.016483588,-1.7220525e-06,1.2463348e-06,-9.349702e-06
30.629,0.005743966,0.0042943824,0.0012119566,1.0480778e-06,-1.4018606e-06,-2.957869e-07
30.648,0.009409158,0.013457362,0.00060109136,-0.0,-0.0,0.0
30.689,-0.0028081473,-0.0060903262,-0.0073401565,-0.0,-0.0,0.0
30.711,0.003300505,-0.0018142698,-0.017114,-1.0667661e-06,-1.9406755e-06,1.0062892e-05
30.748,0.015517809,0.013457362,-0.0110053485,0.0,-0.0,0.0
30.789,0.01673954,0.0012400564,-0.015892271,0.0,-0.0,0.0
30.829,0.021626463,0.0036835175,-0.022611788,3.894239e-06,-2.2861988e-05,2.3903696e-05
30.848,0.024069924,0.0049052476,-0.026887843,0.0,-0.0,0.0
30.889,0.014906945,-0.009755518,-0.029942172,-0.0,-0.0,0.0
30.930,0.028956844,-0.004868596,-0.05315505,-9.917197e-06,-5.9003836e-05,0.00010830997
30.948,0.036287226,-0.0005925393,-0.056209378,-0.0,-0.0,0.0
30.989,0.0350655,-0.016475035,-0.042159475,-0.0,-0.0,0.0
31.028,0.036287226,-0.0012034045,-0.037272554,-2.0990153e-06,-6.3355525e-05,6.507572e-05
31.047,0.023459058,-0.0030360003,-0.04154861,-0.0,-0.0,0.0
31.087,0.036898095,-0.021972822,-0.020168327,-0.0,-0.0,0.0
31.129,0.046671934,0.014068227,0.0030445524,2.3055305e-05,-7.648764e-05,-4.988636e-06
31.148,0.032011174,-0.0012034045,0.0018228219,-0.0,-0.0,-0.0
31.188,0.025291655,0.002461787,0.0060988786,-0.0,-0.0,0.0
31.228,0.024680788,-0.0005925393,0.0060988786,-5.0566365e-07,-2.1059908e-05,-5.2041273e-06
31.249,0.017961271,-0.007312057,-0.0030641,-0.0,-0.0,0.0
31.290,0.015517809,-0.01586417,-0.017114,-0.0,-0.0,0.0
31.329,0.031400308,-0.024416285,-0.042159475,-4.748399e-05,-6.1071456e-05,8.199325e-05
31.350,0.02712425,-0.02624888,-0.04154861,-0.0,-0.0,0.0
31.388,0.03078944,-0.012198979,-0.04643553,-0.0,-0.0,0.0
31.427,-0.036405735,-0.014031574,-0.012227079,-1.9250989e-05,4.9946568e-05,1.677538e-05
31.467,-0.05534256,0.012235631,0.004877148,2.335658e-05,0.000105641004,-9.311019e-06
31.487,-0.050455634,0.028118128,0.015261857,0.0,-0.0,-0.0
31.527,-0.044346984,0.012846496,0.026257431,2.2897168e-05,7.9035664e-05,-4.6797497e-05
31.566,-0.027242757,0.0073487093,0.010374935,7.41324e-06,2.7481412e-05,-1.0465939e-05
31.589,-0.011971126,0.0067378436,-0.0030641,-0.0,0.0,0.0
31.637,0.014906945,0.0061269784,-0.029942172,6.9911343e-06,-1.700861e-05,3.4163888e-05
31.668,0.010020022,-0.0012034045,-0.022000924,-9.773206e-07,-8.138173e-06,1.7868932e-05
31.686,0.008187426,-0.017696766,-0.01467054,-0.0,-0.0,0.0
31.727,0.016128676,-0.0012034045,0.0054880134,-0.0,-0.0,-0.0
31.767,-0.0015864171,0.016511688,0.011596666,1.1213472e-05,1.0773283e-06,-7.875569e-06
31.786,-0.013192857,0.0036835175,0.004266283,0.0,-0.0,-0.0
31.827,-0.015636317,0.0061269784,-0.0067292913,-0.0,0.0,0.0
31.867,-0.023577565,0.003072652,0.0018228219,2.4586352e-06,1.8865883e-05,-1.4585771e-06
31.887,-0.04617958,-0.0005925393,0.017705318,-0.0,0.0,0.0
31.926,-0.031518813,-0.002425135,0.009153205,-0.0,0.0,0.0
31.966,-0.008305935,0.042778894,0.010985801,6.450962e-05,1.25246115e-05,-1.656672e-05
32.006,-0.06022948,-0.02747061,0.0036554176,-6.111142e-05,0.00013398862,-8.127861e-06
32.027,-0.04617958,-0.029303206,-0.009783618,-0.0,-0.0,0.0
32.067,0.04422848,-0.0060903262,-0.029942172,-1.0983423e-05,-7.977851e-05,5.40085e-05
32.106,0.07355001,-0.010366384,-0.029942172,-2.7848613e-05,-0.00019764484,8.04579e-05
32.127,0.0772152,-0.031135801,-0.037272554,-0.0,-0.0,0.0
32.166,0.06744135,0.007959574,-0.008561888,1.828227e-05,-0.00015489232,1.9665495e-05
32.206,0.018572137,-0.0060903262,0.013429261,-4.8462434e-06,-1.4778104e-05,-1.0685901e-05
32.226,0.0008570439,-0.008533788,0.012207531,-0.0,-0.0,-0.0
32.266,-0.013192857,-0.008533788,0.004266283,-4.6620607e-06,7.2073567e-06,-2.3306839e-06
32.306,-0.0009755518,0.012235631,0.0030445524,5.1921056e-06,4.1396527e-07,-1.2919356e-06
32.326,-0.0076950695,0.0073487093,-0.0012315044,-0.0,0.0,0.0
32.367,-0.01930151,-0.007312057,-0.015281404,-6.301096e-06,1.6632563e-05,1.316843e-05
32.406,-0.009527666,-0.006701192,-0.009783618,-3.4204759e-06,4.8631614e-06,4.993823e-06
32.426,0.005743966,-0.007922922,-0.021390056,-0.0,-0.0,0.0
32.466,0.018572137,0.0049052476,-0.009783618,3.5481764e-06,-1.3433832e-05,7.07684e-06
32.506,0.0069656963,-0.005479461,-0.0055075614,-1.9184859e-06,-2.4388557e-06,1.9283243e-06
32.526,0.003300505,-0.0005925393,-0.0030641,-0.0,-0.0,0.0
32.566,0.011241754,-0.006701192,0.004266283,-3.095203e-06,-5.192424e-06,-1.9705515e-06
32.606,0.0020787744,0.012846496,0.017094454,9.260935e-06,-1.4986302e-06,-1.23232585e-05
32.626,-0.00036468654,0.0012400564,0.010374935,0.0,-0.0,-0.0
32.666,-0.0028081473,-0.010977248,0.0024336872,-0.0,0.0,0.0
32.706,-0.0052516083,0.002461787,-0.0012315044,4.8978154e-07,1.0448271e-06,2.450121e-07
32.727,-0.004640743,-0.009144653,-0.012227079,-0.0,-0.0,0.0
32.766,0.015517809,0.0049052476,-0.015281404,0.0,-0.0,0.0
32.806,0.0051331003,-0.006701192,-0.010394483,-3.0108647e-06,-2.3063278e-06,4.6702758e-06
32.847,-0.0052516083,0.0049052476,0.0024336872,1.248778e-06,1.3369536e-06,-6.195687e-07
32.866,-0.0009755518,0.0018509218,0.0036554176,0.0,-0.0,-0.0
32.908,-0.0015864171,-0.004868596,0.0036554176,-1.0277857e-06,3.3490127e-07,-7.7167743e-07
32.946,0.01429608,-0.002425135,-0.0055075614,-1.2621853e-06,-7.4405993e-06,2.8664836e-06
32.966,0.019183,0.0012400564,-0.0036749654,0.0,-0.0,0.0
33.006,0.0075765615,-0.008533788,-0.0030641,-3.3834754e-06,-3.003958e-06,1.2148496e-06
33.046,0.013074349,-0.008533788,-0.017724866,-6.763614e-06,-1.0362479e-05,1.4048291e-05
33.066,0.01429608,0.007959574,-0.013448809,0.0,-0.0,0.0
33.106,-0.006473339,-0.005479461,-0.002453235,-1.623258e-06,1.9176869e-06,7.267576e-07
33.147,-0.02174497,-0.0030360003,0.007931475,-2.3780885e-06,1.7033146e-05,-6.2128147e-06
33.166,-0.010749395,-0.0036468657,-9.773844e-06,-0.0,-0.0,0.0
33.207,0.013074349,-0.014031574,-0.0091727525,-1.0009361e-05,-9.326591e-06,6.543316e-06
33.247,-0.004029878,0.031172452,-0.002453235,3.2976877e-05,4.2631923e-06,2.5951715e-06
33.267,-0.041903522,-0.009144653,0.013429261,-0.0,0.0,0.0
33.306,0.03567636,0.011624766,-0.012227079,1.5393958e-05,-4.72427e-05,1.6191525e-05
33.830,-0.0052516083,0.02139861,0.007931475,1.6814336e-05,4.126489e-06,-6.232327e-06
33.848,0.0045222356,0.00979217,-0.008561888,4.524783e-06,-2.0896318e-06,3.9562933e-06
33.888,0.00024617868,0.010403035,-0.01467054,6.2784547e-06,-1.4854629e-07,8.853985e-06
33.906,0.0020787744,0.0061269784,-0.0091727525,0.0,-0.0,0.0
33.946,0.006354831,0.032394186,0.017705318,4.0717652e-05,-7.988131e-06,-2.2254464e-05
33.989,-0.03335141,0.06171572,0.058022425,0.00018853156,0.00010186159,-0.00017725024
34.007,-0.06939246,0.062937446,0.07451578,0.0,-0.0,-0.0
34.037,-0.08344236,0.047665812,0.069018,0.00018927582,0.00033123523,-0.0002740287
34.087,-0.054731693,0.09470244,0.06229848,0.00040002927,0.00023112004,-0.00026317907
34.106,-0.046790443,0.062937446,0.043972522,0.0,-0.0,-0.0
34.146,-0.010749395,0.05743966,0.028700894,0.00012548026,2.3478602e-05,-6.2699866e-05
34.186,0.0026896396,0.04705495,0.02381397,8.337586e-05,-4.767491e-06,-4.2195417e-05
34.207,-0.0015864171,0.03850284,0.015872722,0.0,-0.0,-0.0
34.246,0.0075765615,0.03544851,0.010374935,4.484789e-05,-9.585839e-06,-1.3125713e-05
34.286,-0.0034190128,0.051331006,0.0018228219,8.866311e-05,5.905458e-06,-3.1487884e-06
34.306,-0.013192857,0.040335435,-0.0018423696,-0.0,0.0,0.0
34.347,-0.011971126,0.044611488,0.020148778,7.5434415e-05,2.024083e-05,-3.4070566e-05
34.387,-0.026631892,0.03300505,0.018316183,5.1161092e-05,4.1280866e-05,-2.8392626e-05
34.427,-0.04129266,0.023231205,0.011596666,3.8023245e-05,6.75835e-05,-1.8981595e-05
34.446,-0.028464487,0.03667024,0.00060109136,5.712379e-05,4.434107e-05,-9.3762804e-07
34.487,-0.027853623,0.017122554,-0.006118426,1.9110854e-05,3.1088268e-05,6.8286486e-06
34.527,-0.0076950695,0.030561589,0.004877148,3.27031e-05,8.234188e-06,-5.219031e-06
34.546,-0.016247183,0.04338976,0.012818397,6.9989714e-05,2.6206644e-05,-2.0677513e-05
34.587,0.0008570439,0.015289957,-0.012837944,1.0252322e-05,-5.746264e-07,8.608182e-06
34.627,0.022848193,0.042168025,-0.020168327,7.361676e-05,-3.98866e-05,3.5210913e-05
34.647,0.016128676,0.011013901,-0.039716017,1.6357046e-05,-2.3951623e-05,5.8980997e-05
34.686,0.0069656963,-0.004868596,-0.059874568,-9.878459e-06,-1.4135339e-05,0.00012149695
34.726,0.003300505,-0.0018142698,-0.042159475,-2.5766135e-06,-4.687687e-06,5.987785e-05
34.746,-0.011971126,-0.010977248,-0.04582467,-0.0,-0.0,0.0
34.787,0.0075765615,-0.025027148,-0.03666169,-3.7815902e-05,-1.1449292e-05,5.539588e-05
34.826,0.025902519,0.019566013,-0.015281404,2.3555684e-05,-3.1183652e-05,1.839755e-05
34.846,-0.00036468654,0.007959574,0.0030445524,0.0,-0.0,-0.0
34.886,-0.0070842043,-0.037244454,0.010985801,-4.9328475e-05,9.383059e-06,-1.4549951e-05
34.926,0.05644578,0.013457362,0.010374935,2.6617046e-05,-0.00011164807,-2.0519776e-05
34.946,0.050947994,0.012846496,0.021981375,-0.0,-0.0,0.0
34.986,-0.015636317,-0.012809844,0.060465883,-2.7401467e-05,3.3451975e-05,-0.000129352
35.027,-0.03335141,0.030561589,0.061687615,7.845189e-05,8.5599786e-05,-0.0001583424
35.046,-0.029075354,0.024452936,0.05191377,0.0,-0.0,-0.0
35.086,-0.05167737,0.008570439,0.018316183,1.596013e-05,9.622499e-05,-3.410621e-05
35.127,-0.010749395,-0.004257731,-0.013448809,-2.533822e-06,6.397007e-06,8.00346e-06
35.146,0.0008570439,0.011624766,-0.021390056,0.0,-0.0,0.0
35.186,-0.016247183,-0.025638014,-0.010394483,-2.7600174e-05,1.7490416e-05,1.1190207e-05
35.227,-0.0009755518,0.013457362,-0.0042858305,6.3926504e-06,4.634229e-07,2.0358966e-06
35.266,-0.017468914,-0.019529361,0.02259224,-2.2671173e-05,2.0279782e-05,-2.6226871e-05
35.287,-0.026631892,-0.03419013,0.038474735,-6.648324e-05,5.1790124e-05,-7.481517e-05
35.326,-0.038849197,-0.026859745,0.08245703,-8.5626685e-05,0.0001238829,-0.00026291102
35.367,-0.044346984,-0.03907705,0.0971178,-0.00014904025,0.00016920302,-0.00037047348
35.386,-0.029686218,-0.042131376,0.09162001,-0.00014859257,0.00010473585,-0.0003231624
35.427,0.0014679092,-0.012198979,0.12094154,-4.976114e-05,-5.9753315e-06,-0.000493321
35.467,0.01673954,-0.040909644,0.1111677,-0.00016423482,-6.715935e-05,-0.00044625584
35.487,0.026513385,-0.05312695,0.11544376,-0.00023144754,-0.00011543287,-0.00050288095
35.527,0.04483934,-0.06412253,0.12949365,-0.00032560393,-0.00022752766,-0.00065743405
35.567,0.011241754,-0.04824003,0.10750251,-0.00019160246,-4.4607506e-05,-0.0004269676
35.586,-0.034573138,-0.032357533,0.108724244,-0.0001287262,0.00013760006,-0.00043262285
35.629,-0.072446786,-0.07267464,0.09650694,-0.0003434346,0.00034251405,-0.00045610254
35.667,-0.057175156,-0.04824003,0.06596367,-0.0001614182,0.0001913593,-0.00022073754
35.687,-0.054120827,-0.037244454,0.036031276,-9.363468e-05,0.00013607604,-9.058426e-05
35.727,-0.011360261,-0.03785532,0.010374935,-5.190361e-05,1.557651e-05,-1.4224749e-05
35.766,0.060721837,-0.036022723,0.06413108,-0.0001153091,-0.00019432577,-0.00020525993
35.787,0.07965866,-0.03357926,0.09833953,-0.0,-0.0,-0.0
35.828,0.07293914,-0.031135801,0.15331739,-0.0001805246,-0.00042237982,-0.00088804495
35.867,0.045450207,-0.004868596,0.13987838,-2.411752e-05,-0.00022441446,-0.0006906903
35.888,0.026513385,-0.007922922,0.116054624,-0.0,-0.0,-0.0
35.931,0.015517809,-0.024416285,0.06290935,-5.673132e-05,-3.6049863e-05,-0.00014616431
35.967,0.026513385,-0.0005925393,0.02381397,-7.091148e-07,-3.1709376e-05,-2.8480963e-05
35.986,0.01673954,-0.0060903262,0.0054880134,-0.0,-0.0,-0.0
36.027,-0.005862474,-0.03663359,-0.034218226,-6.203962e-05,9.926357e-06,5.7949193e-05
36.067,0.021015596,-0.0018142698,-0.039716017,-2.7366834e-06,-3.1711465e-05,5.9929247e-05
36.087,0.029567711,0.018955149,-0.02872044,0.0,-0.0,0.0
36.126,-0.0089168,-0.0018142698,0.007931475,-7.348383e-07,3.6116237e-06,-3.2125292e-06
36.166,-0.051066503,-0.012809844,0.014040126,-2.3419452e-05,9.3366834e-05,-2.5668922e-05
36.207,-0.024799295,-0.013420709,-0.02627698,-1.7357608e-05,3.207274e-05,3.3984412e-05
36.226,-0.0015864171,-0.009755518,-0.03788342,-1.2815936e-05,2.0837667e-06,4.9767696e-05
36.266,0.013685214,0.017122554,-0.0042858305,1.28320935e-05,-1.0256027e-05,3.2119763e-06
36.306,0.0045222356,-0.02747061,0.0067097438,-2.6396918e-05,-4.3453965e-06,-6.4475466e-06
36.327,0.003300505,-0.012809844,0.008542339,-6.768339e-06,-1.743872e-06,-4.5135203e-06
36.366,-0.0070842043,0.0073487093,0.010985801,3.6977274e-06,3.564614e-06,-5.5278324e-06
36.407,-0.01013853,-0.006701192,-0.032385632,-7.778126e-06,1.1767393e-05,3.758924e-05
36.427,-0.0028081473,0.017733417,-0.023222653,1.7466557e-05,2.7660938e-06,2.2873204e-05
36.467,-0.008305935,-0.0005925393,-0.002453235,-1.725973e-07,2.4193748e-06,7.1458504e-07
36.508,-0.008305935,-0.021361958,0.011596666,-1.841186e-05,7.1589866e-06,-9.995114e-06
36.528,0.010630888,-0.012198979,0.018316183,-1.0004083e-05,-8.717998e-06,-1.5020598e-05
36.568,0.030178575,-0.0030360003,0.036031276,-4.7992835e-06,-4.76924e-05,-5.694193e-05
36.607,0.027735116,0.011013901,0.05863329,2.430994e-05,-6.122864e-05,-0.00012943606
36.628,0.013685214,0.0391137,0.07207233,0.000109106804,-3.8186914e-05,-0.00020104916
36.667,-0.032740545,0.023231205,0.07207233,6.4317595e-05,9.062585e-05,-0.00019951329
36.707,0.0014679092,0.03422678,0.07879184,9.8671975e-05,-4.2430456e-06,-0.00022714896
36.726,0.020404732,0.046444084,0.084289625,-0.0,-0.0,0.0
36.769,0.02712425,0.016511688,0.05741156,3.6345835e-05,-5.9714897e-05,-0.00012638743
36.808,0.053391457,-0.004868596,0.032976948,-1.0286486e-05,-0.00011276332,-6.9648464e-05
36.828,0.058278378,-0.012809844,0.012207531,-0.0,-0.0,-0.0
36.868,0.042395882,-0.04029878,-0.020779192,-8.39346e-05,-8.830629e-05,4.327634e-05
36.906,-0.030297084,0.007959574,-0.031163903,1.18002745e-05,4.4920427e-05,4.6205085e-05
36.927,-0.075501114,0.008570439,-0.059263702,-0.0,0.0,0.0
36.969,-0.09871399,0.012235631,-0.10263513,5.8563335e-05,0.0004734286,0.00049220544
37.010,-0.066948995,0.023231205,-0.09347215,9.1386515e-05,0.00026351932,0.00036788217
37.049,-0.066948995,-0.039687917,-0.08064399,-0.00014928839,0.00025174546,0.00030328825
37.067,-0.057786018,-0.06656598,-0.07758966,-0.00026232962,0.00022765838,0.00030576208
37.108,0.04422848,-0.02991407,-0.09713735,-0.00011123093,-0.00016452091,0.00036127784
37.147,0.08882164,-0.0012034045,-0.039105147,-3.9006686e-06,-0.0002892627,0.00012735186
37.169,0.0772152,-0.0012034045,0.026257431,-3.301207e-06,-0.00021133118,-7.1864655e-05
37.207,0.028956844,0.028728992,0.10689165,0.000110266556,-0.00011118671,-0.0004103463
37.247,-0.046790443,1.8325956e-05,0.14354357,1.7902315e-07,0.00023703714,-0.0007271819
37.266,-0.05595342,-0.0005925393,0.11483289,-2.480754e-06,0.00023983147,-0.00049220317
37.308,-0.011360261,0.002461787,0.0030445524,9.925742e-07,4.5803586e-06,-1.2275395e-06
37.347,0.029567711,-0.005479461,-0.075757064,-1.4977515e-05,-8.08669e-05,0.00020718896
37.370,0.03078944,-0.010366384,-0.08492004,-3.161402e-05,-9.3937786e-05,0.00025907604
37.410,-0.0028081473,-0.020140227,-0.06353976,-4.508561e-05,6.2830077e-06,0.00014223788
37.448,-0.0076950695,-0.013420709,-0.03788342,-1.8427741e-05,1.0565327e-05,5.201638e-05
37.467,-0.013803722,0.011013901,-0.017724866,9.246576e-06,1.1588912e-05,1.4880765e-05
37.506,-0.006473339,0.0042943824,0.010374935,1.8676157e-06,2.8152242e-06,-4.5120196e-06
37.548,-0.011971126,0.028118128,0.056800693,6.085655e-05,2.5904897e-05,-0.0001229323
37.566,-0.029075354,0.015900822,0.05191377,3.2863783e-05,6.0085218e-05,-0.000107285734
37.608,-0.01930151,-0.017696766,-0.0091727525,-1.6476028e-05,1.796992e-05,8.540116e-06
37.648,0.036287226,0.0055161132,-0.031163903,8.913474e-06,-5.8626505e-05,5.0349598e-05
37.667,0.040563285,0.018955149,-0.021390056,3.1561394e-05,-6.7537025e-05,3.5615358e-05
37.708,-0.011971126,-0.020751093,-0.0018423696,-1.6729986e-05,9.651367e-06,1.4854388e-06
37.747,0.003300505,-0.015253305,0.007931475,-8.959925e-06,-1.9387237e-06,-4.659024e-06
37.769,0.016128676,0.0006291912,0.010985801,-0.0,-0.0,0.0
37.808,0.010020022,-0.01464244,0.020148778,-1.3190638e-05,-9.026359e-06,-1.815097e-05
37.847,0.0075765615,-0.011588113,0.034809545,-1.4566606e-05,-9.523511e-06,-4.3756085e-05
37.889,0.003300505,0.007959574,0.029311758,8.159756e-06,-3.3836557e-06,-3.0049116e-05
37.906,0.0020787744,0.012235631,0.018316183,9.08361e-06,-1.543325e-06,-1.3597761e-05
37.947,0.003300505,0.012235631,-0.0030641,5.352929e-06,-1.4439239e-06,1.3405073e-06
37.989,-0.0076950695,-0.008533788,-0.016503137,-5.7583197e-06,5.1923216e-06,1.1135733e-05
38.011,-0.0070842043,-0.009144653,-0.036050823,-1.1617679e-05,8.999588e-06,4.5799432e-05
38.048,-0.0009755518,-0.019529361,-0.07636793,-5.1658222e-05,2.575257e-06,0.00020200422
38.087,0.0008570439,-0.014031574,-0.067204945,-3.2326177e-05,-1.976984e-06,0.0001548286
38.108,-0.0028081473,-0.010977248,-0.06476149,-2.4216713e-05,6.193162e-06,0.00014286666
38.147,-0.011971126,0.003072652,-0.04277034,4.5895117e-06,1.788322e-05,6.389245e-05
38.187,-0.02174497,0.0042943824,0.018927049,4.200078e-06,2.1266416e-05,-1.851059e-05
38.207,-0.013803722,0.0036835175,0.027479162,3.8281933e-06,1.43450625e-05,-2.8556948e-05
38.247,0.01429608,0.018344285,0.056800693,3.777813e-05,-2.9444827e-05,-0.00011697984
38.287,0.013074349,0.0006291912,0.061076753,1.3169866e-06,-2.7402999e-05,-0.00012801256
38.307,0.009409158,-0.007922922,0.048859447,-1.33952035e-05,-1.5906633e-05,-8.260222e-05
38.347,0.013074349,0.0036835175,0.045194257,5.8320343e-06,-2.0703175e-05,-7.156413e-05
38.387,0.011852618,-0.004257731,0.038474735,-5.7841316e-06,-1.610047e-05,-5.226421e-05
38.408,0.010020022,0.0036835175,0.032976948,4.2839306e-06,-1.1653975e-05,-3.8354163e-05
38.448,-0.009527666,0.002461787,0.0030445524,8.5088607e-07,3.2931118e-06,-1.0523108e-06
38.488,-0.02174497,-0.006701192,-0.025055248,-7.6106594e-06,2.469489e-05,2.8454457e-05
38.508,-0.016247183,-0.011588113,-0.034218226,-1.5403077e-05,2.1594935e-05,4.5482047e-05
38.548,0.005743966,-0.007922922,-0.05437678,-1.4687712e-05,-1.0649438e-05,0.00010080865
38.586,-0.004029878,0.0073487093,-0.02749871,7.0885726e-06,3.887347e-06,2.6525462e-05
38.607,-0.0021972824,0.013457362,-9.773844e-06,6.157197e-06,1.0053308e-06,4.4687685e-09
38.648,-0.036405735,0.02017688,0.052524637,4.5377114e-05,8.186386e-05,-0.000118115386
38.687,-0.0370166,0.020787744,0.04947031,4.5475383e-05,8.096745e-05,-0.00010821293
38.729,-0.011971126,0.033615913,0.03175522,0.0,-0.0,-0.0
38.748,-0.013192857,0.015289957,0.009764071,1.1508412e-05,9.929899e-06,-7.3492342e-06
38.787,-0.005862474,-0.029303206,-0.036050823,-4.604238e-05,9.209999e-06,5.6644396e-05
38.828,0.05155886,-0.02624888,-0.05010072,-6.739967e-05,-0.00013240958,0.00012865623
38.850,0.047282804,-0.015253305,-0.05071159,-3.6328467e-05,-0.00011263571,0.00012079926
38.886,0.006354831,-0.02624888,-0.025666114,-3.28152e-05,-7.945088e-06,3.2086642e-05
38.926,-0.00036468654,-0.025638014,-9.773844e-06,-2.2057819e-05,3.1376015e-07,8.412445e-09
38.947,0.011852618,-0.010366384,0.009764071,-6.444736e-06,-7.3686765e-06,-6.070283e-06
38.988,0.0045222356,-0.0012034045,0.038474735,-1.5651887e-06,-5.8811806e-06,-5.0036844e-05
39.014,-0.008305935,-0.004868596,0.054968096,-0.0,0.0,0.0
39.048,-0.009527666,0.0042943824,0.05863329,8.583064e-06,1.9039706e-05,-0.000117173586
39.087,-0.011971126,0.003072652,0.06474195,6.797393e-06,2.6474936e-05,-0.0001431838
39.127,-0.032740545,0.010403035,0.029922623,1.5903966e-05,5.0049173e-05,-4.5742257e-05
39.149,-0.035184007,0.003072652,-9.773844e-06,3.6413148e-06,4.1695595e-05,1.1506799e-08
39.187,0.0051331003,-0.0005925393,-0.045213804,-9.0453585e-07,-7.838265e-06,6.9041394e-05
39.228,0.01673954,-0.012198979,-0.082476586,-3.4802804e-05,-4.776851e-05,0.00023533692
39.247,0.008187426,-0.030524937,-0.08980697,-9.751008e-05,-2.6169235e-05,0.00028689273
39.287,0.021626463,-0.012198979,-0.07758966,-3.3340064e-05,-5.9120222e-05,0.00021209303
39.328,0.022848193,-0.01464244,-0.036050823,-2.2168919e-05,-3.4594657e-05,5.4583546e-05
39.347,0.014906945,-0.0030360003,-0.018335732,-2.4270012e-06,-1.1917169e-05,1.4658233e-05
39.386,-0.0052516083,0.010403035,0.018316183,7.577976e-06,3.8254125e-06,-1.334219e-05
39.428,-0.028464487,0.0067378436,0.04336166,1.1827345e-05,4.9956958e-05,-7.610342e-05
39.449,-0.026631892,0.00979217,0.05191377,1.9441726e-05,5.286751e-05,-0.000103057544
39.488,-0.017468914,0.00979217,0.04947031,1.7537206e-05,3.1282558e-05,-8.8591725e-05
39.530,-0.004640743,-0.004868596,0.03542041,-5.8896626e-06,5.6142644e-06,-4.2849817e-05
39.568,0.01429608,0.009181305,0.012207531,-0.0,-0.0,0.0
39.588,0.0075765615,0.007959574,-0.0012315044,2.953316e-06,-2.8112017e-06,4.5694074e-07
39.627,-0.0034190128,-0.0170859,-0.030553035,-2.0164738e-05,4.0347322e-06,3.6058525e-05
39.667,0.010020022,0.0067378436,-0.040326882,0.0,-0.0,0.0
39.687,-0.010749395,-0.0012034045,-0.029942172,-1.2857072e-06,1.1482902e-05,3.19854e-05
39.726,-0.03335141,0.0018509218,-0.023222653,2.5259062e-06,4.552687e-05,3.1700365e-05
39.767,-0.03090795,0.007959574,0.0054880134,8.649396e-06,3.358619e-05,-5.963711e-06
39.787,-0.018690644,0.010403035,0.013429261,8.816444e-06,1.5839878e-05,-1.13810875e-05
39.827,-0.03335141,0.007959574,0.03419868,1.2935464e-05,5.4194214e-05,-5.5571698e-05
39.868,-0.016247183,-0.0005925393,0.042139925,-8.9724637e-07,2.4623714e-05,-6.386584e-05
39.887,0.010630888,0.0073487093,0.029311758,7.898901e-06,-1.1427199e-05,-3.1506977e-05
39.928,0.018572137,0.0067378436,0.025035702,7.2100534e-06,-1.9874562e-05,-2.6791202e-05
39.967,0.027735116,0.032394186,0.028090026,5.550525e-05,-4.752456e-05,-4.813003e-05
39.987,0.025291655,0.03300505,0.02259224,5.240721e-05,-4.016095e-05,-3.587262e-05
40.027,-0.022355836,0.054996196,0.02259224,0.000117218464,4.7645764e-05,-4.8155245e-05
40.066,-0.052899096,0.023231205,0.0018228219,4.50591e-05,0.00010260226,-3.5378312e-06
40.086,-0.044346984,0.010403035,0.0054880134,1.6015601e-05,6.827144e-05,-8.449259e-06
40.128,-0.005862474,-0.020140227,-0.0042858305,-1.4468397e-05,4.2114775e-06,3.078897e-06
40.167,0.032011174,-0.020751093,-0.021390056,-3.0452398e-05,-4.697827e-05,3.1390122e-05
40.188,0.039341554,-0.010366384,-0.036050823,-1.8905701e-05,-7.175876e-05,6.575524e-05
40.227,0.025902519,-0.030524937,-0.031774767,-5.2349184e-05,-4.4424356e-05,5.4492695e-05
40.267,0.014906945,-0.007312057,0.028700894,-8.135536e-06,-1.6585085e-05,-3.19322e-05
40.288,0.0045222356,-0.010977248,0.044583388,-1.6994147e-05,-7.0002975e-06,-6.901971e-05
40.327,-0.020523239,-0.010366384,0.04824858,-1.8589331e-05,3.6806883e-05,-8.652796e-05
40.368,-0.023577565,-0.005479461,0.037863873,-8.26165e-06,3.5553647e-05,-5.709607e-05
40.406,-0.011360261,0.007959574,0.032366086,0.0,-0.0,-0.0
40.431,-0.0089168,0.008570439,0.030533489,9.473851e-06,9.856388e-06,-3.3751483e-05
40.468,-0.004640743,0.007959574,0.033587813,9.302095e-06,5.423241e-06,-3.925256e-05
40.493,-0.0052516083,0.011624766,0.030533489,1.2907619e-05,5.8308874e-06,-3.3902794e-05
40.528,0.0075765615,0.0012400564,0.0060988786,4.079782e-07,-2.4927024e-06,-2.0065413e-06
40.568,0.017961271,0.0042943824,-0.009783618,3.0114961e-06,-1.2595403e-05,6.8608206e-06
40.607,0.005743966,-0.009144653,-0.040326882,-0.0,-0.0,0.0
40.627,0.0075765615,-0.007312057,-0.039105147,-9.9359695e-06,-1.0295938e-05,5.3139345e-05
40.672,0.0014679092,0.002461787,-0.05010072,4.1453823e-06,-2.4715628e-06,8.4362066e-05
40.707,-0.02174497,-0.0060903262,-0.043381207,-0.0,-0.0,0.0
40.728,-0.021134106,-0.01464244,-0.034829095,-2.1270487e-05,3.069901e-05,5.0593317e-05
40.768,-0.004640743,1.8325956e-05,-0.024444385,1.5260222e-08,3.874409e-06,2.0407839e-05
40.807,0.010020022,-0.008533788,-0.002453235,-3.8336693e-06,-4.5013417e-06,1.1020691e-06
40.827,0.019183,0.0042943824,0.0030445524,2.8663608e-06,-1.280409e-05,-2.0321304e-06
40.867,0.008187426,0.00979217,0.017094454,7.009701e-06,-5.861022e-06,-1.2237066e-05
40.906,-0.016247183,0.0006291912,0.018927049,5.2689717e-07,1.3602926e-05,-1.5846646e-05
40.926,-0.02174497,0.00979217,0.017094454,9.641087e-06,2.1408987e-05,-1.6830494e-05
40.970,-0.01013853,-0.011588113,-0.011616214,-7.499662e-06,6.5614627e-06,7.517848e-06
41.007,0.0008570439,-0.008533788,-0.020779192,-6.436963e-06,-6.4651175e-07,1.5673577e-05
41.027,0.012463484,-0.008533788,-0.023833519,-8.07971e-06,-1.1800594e-05,2.2565675e-05
41.071,0.021626463,-0.004868596,-0.006118426,-3.7567484e-06,-1.6687783e-05,4.721171e-06
41.107,0.006354831,0.0006291912,0.016483588,3.7318833e-07,-3.7693899e-06,-9.777291e-06
41.127,-0.00036468654,0.007959574,0.027479162,7.6414135e-06,3.5000826e-07,-2.6380747e-05
41.167,-0.0015864171,0.010403035,0.010374935,5.1584075e-06,7.8662094e-07,-5.144474e-06
41.207,-0.011971126,0.0049052476,-0.0012315044,2.1389826e-06,5.220134e-06,5.3700467e-07
41.247,-0.0089168,-0.0060903262,-0.01467054,-0.0,-0.0,0.0
41.268,-0.004640743,1.8325956e-05,-0.017724866,1.1251165e-08,2.853107e-06,1.08971635e-05
41.308,-0.026631892,0.0073487093,-0.02872044,9.8259125e-06,3.5612004e-05,3.8404418e-05
41.349,-0.016858047,-0.007312057,-0.018335732,-0.0,-0.0,0.0
41.369,0.003300505,-0.0012034045,-0.010394483,-4.430458e-07,-1.2151222e-06,3.826856e-06
41.408,0.04361761,-0.019529361,-0.020168327,-3.3989876e-05,-7.591784e-05,3.5102046e-05
41.447,0.03078944,0.002461787,0.0060988786,-0.0,-0.0,0.0
41.468,0.021015596,-0.017696766,0.017094454,-1.9214649e-05,-2.2817712e-05,-1.8560691e-05
41.508,0.014906945,-0.007312057,0.036642138,-9.870625e-06,-2.0121788e-05,-4.9461225e-05
41.547,0.014906945,0.0073487093,0.025035702,-0.0,-0.0,0.0
41.568,0.00024617868,0.012846496,0.014650992,8.400019e-06,-1.6101066e-07,-9.579937e-06
41.607,-0.0089168,0.003072652,0.010985801,1.4928012e-06,4.332054e-06,-5.337246e-06
41.647,0.01673954,0.0055161132,-0.021390056,0.0,-0.0,0.0
41.669,0.022848193,-0.009144653,-0.025666114,-1.09105085e-05,-2.7261447e-05,3.0623327e-05
41.706,0.03078944,-0.006701192,-0.032385632,-1.0159009e-05,-4.668232e-05,4.9101935e-05
41.746,0.020404732,-0.0012034045,-0.023222653,-0.0,-0.0,0.0
41.769,-0.004029878,0.00979217,-0.009783618,4.736951e-06,1.9494619e-06,4.732814e-06
41.807,-0.033962276,-0.013420709,-0.0048966957,-1.6592168e-05,4.1987558e-05,6.05414e-06
41.848,-0.0076950695,0.018344285,0.02137051,1.7971352e-05,7.53841e-06,-2.093603e-05
41.866,-0.0021972824,0.014068227,0.027479162,1.46096e-05,2.2816246e-06,-2.8536566e-05
41.908,-0.013803722,0.0061269784,0.012207531,3.992382e-06,8.994505e-06,-7.954459e-06
41.933,-0.015636317,0.0012400564,0.004266283,0.0,-0.0,-0.0
41.967,0.00024617868,-0.016475035,-0.03360736,-2.0691217e-05,-3.096159e-07,4.2207947e-05
42.009,0.040563285,-0.004868596,-0.029331306,-8.214352e-06,-6.845318e-05,4.9498052e-05
42.047,0.023459058,-0.0018142698,-0.0110053485,-1.5812186e-06,-2.0446912e-05,9.5922405e-06
42.088,0.008187426,-0.005479461,0.0036554176,-0.0,-0.0,-0.0
42.107,0.005743966,0.0061269784,0.013429261,3.2563123e-06,-3.052774e-06,-7.137284e-06
42.148,-0.019912375,0.0012400564,0.012818397,9.868038e-07,1.5844435e-05,-1.0199712e-05
42.189,-0.013192857,-0.0036468657,0.0012119566,-0.0,0.0,0.0
42.207,-0.0021972824,0.0055161132,-0.0048966957,1.42451e-06,5.6743875e-07,1.2645482e-06
42.247,-0.01013853,-0.005479461,-0.0091727525,-2.7081517e-06,5.0108088e-06,4.5335005e-06
42.288,-0.00036468654,0.002461787,-0.007951022,-0.0,0.0,0.0
42.307,0.005743966,0.0067378436,-0.012837944,3.5258008e-06,-3.0057008e-06,6.7178676e-06
42.347,0.010020022,-0.014031574,-0.0067292913,-8.714245e-06,-6.2229165e-06,4.1791745e-06
42.387,0.024680788,0.0061269784,-0.0042858305,0.0,-0.0,0.0
42.407,0.017961271,0.0006291912,0.0018228219,3.8137424e-07,-1.088711e-05,-1.1048899e-06
42.447,-0.004640743,-0.0012034045,0.014040126,-5.9906694e-07,2.310242e-06,-6.989411e-06
42.488,0.0008570439,0.015900822,0.016483588,-0.0,-0.0,0.0
42.508,-0.008305935,0.011624766,0.014650992,7.982265e-06,5.7032953e-06,-1.006024e-05
42.549,-0.020523239,-0.0005925393,0.0012119566,-4.0892425e-07,1.4163737e-05,-8.3640674e-07
42.587,-0.0028081473,-0.002425135,-0.012227079,-0.0,-0.0,0.0
42.607,0.0014679092,-0.0005925393,-0.010394483,-2.0904832e-07,-5.1788226e-07,3.6671981e-06
42.647,-0.020523239,-0.007922922,-0.0042858305,-5.9585122e-06,1.543463e-05,3.2232338e-06
42.688,0.0026896396,0.0067378436,-0.010394483,0.0,-0.0,0.0
42.706,0.012463484,0.009181305,-0.0067292913,5.200145e-06,-7.059091e-06,3.8113722e-06
42.746,0.0069656963,-0.004868596,0.0012119566,-1.4023835e-06,-2.006446e-06,-3.4910158e-07
42.787,0.019183,0.007959574,-9.773844e-06,0.0,-0.0,0.0
42.808,0.021015596,0.009181305,0.00060109136,7.0676665e-06,-1.617758e-05,-4.6265654e-07
42.848,-0.0034190128,-0.004868596,0.007931475,-1.6196924e-06,1.1374459e-06,-2.6386574e-06
42.886,-0.00036468654,0.0012400564,-0.002453235,1.1537959e-07,3.3931848e-08,2.2825839e-07
42.908,0.00024617868,0.0042943824,-0.0048966957,9.3916657e-07,-5.383792e-08,1.0708903e-06
42.946,-0.02174497,0.011624766,0.007320609,1.0032856e-05,1.8767047e-05,-6.3181724e-06
42.987,-0.029075354,-0.009755518,-0.002453235,-1.0071102e-05,3.0015794e-05,2.532737e-06
43.009,-0.020523239,-0.010977248,-0.0036749654,-8.679058e-06,1.622645e-05,2.9056396e-06
43.049,0.0026896396,-0.004868596,0.014650992,-2.5601116e-06,-1.4143122e-06,-7.70409e-06
43.086,0.011852618,0.007959574,0.046415985,1.2969195e-05,-1.9314033e-05,-7.563354e-05
43.127,0.013685214,0.015900822,0.051302906,-0.0,-0.0,0.0
43.147,0.011852618,0.014068227,0.040918197,2.1177135e-05,-1.7843056e-05,-6.159624e-05
43.188,0.0045222356,-0.015253305,0.0030445524,-8.2905235e-06,-2.457932e-06,-1.6547943e-06
43.228,0.030178575,-0.013420709,-0.028109575,-0.0,-0.0,0.0
43.247,0.05033713,-0.007922922,-0.052544184,-1.9450801e-05,-0.00012362974,0.00012904784
43.288,0.019793866,-0.010366384,-0.051322453,-1.9468602e-05,-3.7178255e-05,9.63947e-05
43.326,-0.006473339,-0.012809844,-0.018335732,-0.0,-0.0,0.0
43.347,0.0014679092,-0.002425135,-0.0091727525,-7.812553e-07,-4.7288736e-07,2.9549972e-06
43.387,0.0045222356,0.0067378436,0.034809545,8.080797e-06,-5.4238294e-06,-4.174817e-05
43.427,0.013074349,0.017122554,0.03969647,-0.0,-0.0,0.0
43.447,0.0051331003,0.0036835175,0.03542041,4.446869e-06,-6.197135e-06,-4.2761996e-05
43.487,0.018572137,-0.011588113,0.030533489,-1.4608873e-05,-2.3412471e-05,-3.8491864e-05
43.528,0.022848193,-0.009144653,0.03542041,-0.0,-0.0,-0.0
43.547,-0.004640743,-0.023194553,0.02381397,-2.612312e-05,5.227052e-06,-2.6820748e-05
43.587,-0.0076950695,-0.031135801,-0.037272554,-5.1372623e-05,1.2694831e-05,6.149784e-05
43.628,0.027735116,0.0018509218,-0.059263702,0.0,-0.0,0.0
43.653,0.021626463,-0.0005925393,-0.056209378,-1.1950117e-06,-4.370614e-05,0.00011359649
43.687,-0.01013853,-0.01830763,-0.031774767,-2.3372775e-05,1.2942923e-05,4.056554e-05
43.728,0.005743966,-0.004257731,0.016483588,-0.0,-0.0,-0.0
43.767,0.0014679092,0.011013901,0.058022425,-0.0,-0.0,0.0
43.786,-0.010749395,0.0061269784,0.06596367,1.379958e-05,2.4206309e-05,-0.00014854847
43.830,-0.015636317,0.0055161132,0.07451578,1.413325e-05,4.0050807e-05,-0.00019087116
43.848,-0.009527666,0.0049052476,0.05435723,9.1199045e-06,1.7711769e-05,-0.000101051875
43.888,0.0075765615,-0.0030360003,0.007320609,-1.116937e-06,-2.7873875e-06,-2.6932266e-06
43.929,0.029567711,-0.016475035,-0.04948986,-3.3142245e-05,-5.9487284e-05,9.956491e-05
43.967,0.032622036,-0.025027148,-0.059874568,-0.0,-0.0,0.0
43.987,0.036898095,-0.026859745,-0.04826813,-5.9864986e-05,-8.224775e-05,0.00010758547
44.030,0.24886833,0.21809721,-0.013448809,0.0024238138,-0.0027653605,0.00015280124
44.066,0.09004337,0.048887547,0.03175522,-0.0,-0.0,0.0
44.086,-0.33634058,-0.39643323,-0.04826813,-0.006947662,0.005889347,0.0008660723
44.126,-0.21600012,-0.06839858,0.047637716,-0.000531052,0.0016781194,-0.00036963343
44.166,0.18350576,0.13257608,0.017705318,-0.0,-0.0,0.0
44.186,0.030178575,-0.03663359,-0.034218226,-7.192202e-05,-5.9253078e-05,6.7179724e-05
44.226,-0.026021026,-0.044574838,-0.044602934,-0.00010203258,5.9555594e-05,0.00010209689
44.266,0.058889244,0.026896397,-0.032385632,0.0,-0.0,0.0
44.286,0.030178575,-0.015253305,-0.030553035,-2.3323897e-05,-4.6148874e-05,4.6720404e-05
44.326,0.0026896396,0.002461787,-0.038494285,3.1940951e-06,-3.4895518e-06,4.9943832e-05
44.366,-0.024188431,-0.025638014,-0.032385632,-0.0,-0.0,0.0
44.406,0.011241754,0.007959574,0.0018228219,-0.0,-0.0,0.0
44.426,0.0051331003,0.00979217,0.018316183,7.0295287e-06,-3.6849701e-06,-1.3148716e-05
44.466,-0.020523239,-0.018918497,0.007931475,-0.0,0.0,0.0
44.487,-0.0089168,-0.0060903262,0.014650992,-3.7193536e-06,5.4455295e-06,-8.947388e-06
44.526,0.010020022,0.0006291912,0.012818397,3.4373184e-07,-5.474319e-06,-7.003175e-06
44.566,0.2054969,0.12158051,-0.0073401565,0.0,-0.0,0.0
44.607,-0.22394136,-0.01830763,-0.00062063907,-0.0,-0.0,0.0
44.626,-0.31068423,-0.2828123,-0.04277034,-0.004008705,0.0044010533,0.00061486324
44.666,0.09981722,0.10691974,0.0054880134,-0.0,-0.0,0.0
44.706,0.07782607,0.025063802,-0.023222653,0.0,-0.0,0.0
44.726,-0.026021026,-0.09527665,-0.04948986,-0.0003531807,9.6422445e-05,0.00018346623
44.766,0.032622036,0.0061269784,-0.012837944,0.0,-0.0,0.0
44.806,0.0350655,-0.008533788,-0.023833519,-0.0,-0.0,0.0
44.826,0.008798292,-0.02991407,-0.020779192,-3.7610815e-05,-1.1062584e-05,2.6125472e-05
44.866,-0.004640743,-0.002425135,-0.015281404,-1.3144947e-06,2.515394e-06,8.282907e-06
44.906,0.0075765615,-0.010366384,-0.0067292913,-0.0,-0.0,0.0
44.926,0.009409158,0.0049052476,0.0054880134,1.9662564e-06,-3.7716477e-06,-2.1998576e-06
44.966,-0.00036468654,-0.006701192,0.0067097438,-2.1338653e-06,1.16129684e-07,-2.1365884e-06
45.007,0.0045222356,-0.009144653,-0.016503137,-0.0,-0.0,0.0
45.026,0.01673954,-0.010366384,-0.018335732,-9.358419e-06,-1.5112168e-05,1.6553027e-05
45.066,0.026513385,-0.0012034045,-0.023222653,-1.4235987e-06,-3.1374213e-05,2.7480139e-05
45.106,0.011852618,-0.01464244,-0.031163903,-0.0,-0.0,0.0
45.126,0.0051331003,-0.015253305,-0.022611788,-1.4205077e-05,-4.780513e-06,2.1057915e-05
45.166,0.010020022,-0.009755518,-0.020168327,-8.033682e-06,-8.251638e-06,1.6608752e-05
45.206,0.00024617868,-0.032357533,-0.02872044,-0.0,-0.0,0.0
45.226,0.02712425,-0.04029878,-0.047046397,-9.143872e-05,-6.155255e-05,0.000106750216
45.266,0.13646913,0.33721593,0.014650992,0.0041193445,-0.0016674952,-0.0001755448
45.306,-0.15980051,-0.3774964,-0.08369831,-0.0,-0.0,0.0
45.327,-0.19095464,-0.4141483,-0.13378926,-0.0066076485,0.0030380657,0.002143572
45.366,0.18228403,0.21504289,0.0067097438,0.0020346271,-0.0017247873,-6.17312e-05
45.406,0.0649979,-0.08672454,-0.06048543,-0.0,-0.0,0.0
45.446,0.04789367,-0.004257731,-0.026887843,-0.0,-0.0,0.0
45.466,0.093097694,0.054996196,-0.0018423696,0.00019956625,-0.0003378236,6.719129e-06
45.506,-0.0009755518,-0.02747061,0.0024336872,-0.0,0.0,0.0
45.546,-0.010749395,-0.012198979,-0.0073401565,-0.0,-0.0,0.0
45.566,0.011241754,0.0049052476,-0.018335732,3.6309507e-06,-8.32119e-06,1.3572236e-05
45.606,-0.085885815,0.14845859,0.029311758,0.0,-0.0,-0.0
45.646,-0.088329285,-0.13559377,-0.025666114,-0.0,-0.0,0.0
45.666,-0.019912375,0.042778894,-0.0036749654,6.793706e-05,3.1623036e-05,5.835138e-06
45.706,0.03873069,0.02384207,0.009764071,-0.0,-0.0,0.0
45.746,-0.013803722,-0.02869234,-0.0091727525,-0.0,-0.0,0.0
45.766,0.025902519,0.003072652,0.00060109136,2.6900098e-06,-2.2676886e-05,-5.262071e-07
45.806,0.054613184,0.0012400564,-0.010394483,0.0,-0.0,0.0
45.845,-0.005862474,-0.010366384,-0.002453235,-0.0,-0.0,0.0
45.866,-0.008305935,0.002461787,-0.0042858305,7.983861e-07,2.693718e-06,1.3899468e-06
45.906,-0.023577565,0.0036835175,-0.0055075614,3.0269878e-06,1.937552e-05,4.525961e-06
45.946,-0.017468914,1.8325956e-05,-0.0048966957,-0.0,0.0,0.0
45.966,-0.017468914,0.011624766,0.016483588,1.04083265e-05,1.564068e-05,-1.4758628e-05
46.006,-0.024799295,-0.0018142698,0.045194257,-3.1385339e-06,4.2923763e-05,-7.822401e-05
46.046,-0.027242757,0.0012400564,0.025035702,0.0,-0.0,-0.0
46.066,-0.013192857,-0.008533788,0.010374935,-5.3914746e-06,8.33504e-06,-6.5546856e-06
46.107,0.014906945,0.0006291912,0.009764071,3.7642792e-07,-8.919036e-06,-5.8419796e-06
46.146,0.0051331003,-0.006701192,-0.0030641,-0.0,-0.0,0.0
46.168,0.00024617868,-0.02258369,-0.008561888,-1.8303073e-05,-1.9958037e-07,6.939027e-06
46.209,0.022848193,-0.015253305,-0.022000924,-1.8013412e-05,-2.6983365e-05,2.5982285e-05
46.247,0.19266874,0.26330125,0.032366086,-0.0,-0.0,0.0
46.288,-0.19584157,-0.19851288,-0.029942172,-0.0,-0.0,0.0
46.307,-0.20622627,-0.19545856,-0.02749871,-0.0018724502,0.001975078,0.00026524402
46.347,0.07293914,0.03667024,-0.040326882,0.0,-0.0,0.0
46.386,0.09981722,-0.04029878,-0.06353976,-0.0,-0.0,0.0
46.406,0.058889244,-0.082448475,-0.06353976,-0.00033083028,-0.00023636092,0.00025494187
46.446,0.042395882,0.014679091,-0.05071159,0.0,-0.0,0.0
46.487,0.021015596,-0.02624888,-0.034829095,-0.0,-0.0,0.0
46.507,-0.015636317,-0.045796566,-0.018946595,-7.9860256e-05,2.7265209e-05,3.3040058e-05
46.546,-0.009527666,-0.08855714,-0.045213804,-0.0,-0.0,0.0
46.587,0.052169725,0.030561589,-0.0042858305,0.0,-0.0,0.0
46.606,0.047282804,0.02139861,0.010985801,3.808968e-05,-8.416592e-05,-1.9553625e-05
46.647,-0.0021972824,-0.029303206,0.004877148,-0.0,0.0,0.0
46.687,0.010630888,0.026285533,0.015872722,-0.0,-0.0,0.0
46.706,-0.0021972824,0.015289957,0.013429261,1.050124e-05,1.509058e-06,-9.223303e-06
46.747,-0.022966702,-0.017696766,-0.0067292913,-0.0,-0.0,0.0
46.786,-0.004029878,0.010403035,-0.0110053485,-0.0,0.0,0.0
46.807,-0.004029878,-0.0030360003,-0.0091727525,-1.0664762e-06,1.4155976e-06,3.222168e-06
46.846,-0.012581991,1.8325956e-05,0.004877148,8.304103e-09,5.697002e-06,-2.2083248e-06
46.887,-0.00036468654,0.0042943824,0.017705318,0.0,-0.0,-0.0
46.907,-0.004029878,1.8325956e-05,0.023203107,1.4510777e-08,3.1844995e-06,-1.8335613e-05
46.948,-0.0021972824,0.0006291912,0.016483588,3.5133917e-07,1.2269369e-06,-9.204256e-06
46.988,0.14868644,0.22726019,0.02381397,-0.0,-0.0,0.0
47.009,0.11814317,0.15639983,0.012207531,0.0010305808,-0.00077855727,-8.004155e-05
47.046,-0.15369186,-0.16919135,-0.047046397,-0.001325063,0.0012032288,0.00036919073
47.087,-0.059618615,-0.05434868,-0.0110053485,-0.0,-0.0,0.0
47.127,0.07965866,0.04583322,-0.013448809,0.0,-0.0,0.0
47.146,0.05400232,0.0073487093,-0.015892271,1.3999964e-05,-0.0001028677,3.0273583e-05
47.187,0.029567711,0.03422678,-0.0030641,0.0,-0.0,0.0
47.226,-0.042514388,-0.035411857,0.010374935,-0.0,0.0,0.0
47.247,-0.057786018,-0.045796566,0.015872722,-0.00011589639,0.00014624387,-4.0161303e-05
47.286,-0.018690644,0.008570439,0.004877148,0.0,-0.0,-0.0
47.327,-0.013192857,-0.063511655,-0.019557461,-0.0,-0.0,0.0
47.347,0.014906945,-0.031135801,-0.0067292913,-3.6743713e-05,-1.7592034e-05,7.941006e-06
47.386,0.05400232,0.02139861,0.0018228219,-0.0,-0.0,0.0
47.426,-0.0021972824,-0.02991407,-0.023222653,-0.0,-0.0,0.0
47.447,-0.0034190128,0.0073487093,-0.006118426,2.5040888e-06,1.1650392e-06,2.0848665e-06
47.488,-0.0028081473,0.014068227,0.026257431,0.0,-0.0,-0.0
47.526,-0.044957846,0.003072652,0.036642138,0.0,-0.0,-0.0
47.547,-0.039460063,0.0012400564,0.03175522,2.1099847e-06,6.708453e-05,-5.3985943e-05
47.587,0.0008570439,0.013457362,0.012207531,-0.0,-0.0,0.0
47.628,0.016128676,0.014679091,0.0036554176,-0.0,-0.0,0.0
47.647,0.010630888,0.009181305,0.004266283,4.5226266e-06,-5.2366886e-06,-2.1015226e-06
47.687,-0.008305935,-0.007922922,-0.011616214,-0.0,-0.0,0.0
47.727,0.013685214,0.0061269784,-0.025666114,0.0,-0.0,0.0
47.748,0.013074349,0.011624766,-0.015281404,9.060892e-06,-1.0190643e-05,1.19110155e-05
47.787,-0.011360261,-0.008533788,0.00060109136,-0.0,0.0,0.0
47.826,-0.0028081473,0.0006291912,0.0018228219,0.0,-0.0,-0.0
47.847,0.003300505,0.026896397,-0.0091727525,2.5819028e-05,-3.1681839e-06,8.805363e-06
47.887,-0.015025453,-0.03357926,0.007931475,-4.2402182e-05,1.8973633e-05,-1.0015084e-05
47.927,0.031400308,-0.014031574,0.048859447,-0.0,-0.0,-0.0
47.968,0.0069656963,0.0018509218,-0.036050823,0.0,-0.0,0.0
47.987,-0.031518813,-0.013420709,-0.07025928,-3.520761e-05,8.2664665e-05,0.0001842783
48.028,-0.015636317,0.033615913,-0.018946595,-0.0,0.0,0.0
48.068,-0.040681794,-0.012809844,0.020759644,-0.0,0.0,0.0
48.088,-0.0370166,-0.037244454,-9.773844e-06,-6.5623506e-05,6.522203e-05,1.9361243e-08
48.128,0.049726266,-0.0018142698,-0.043381207,-0.0,-0.0,0.0
48.170,0.057056647,-0.002425135,-0.036050823,-0.0,-0.0,0.0
48.187,0.018572137,-0.01464244,-0.0018423696,-1.1654909e-05,-1.4782843e-05,1.4663818e-06
48.228,-0.014414587,-0.01464244,0.028700894,-0.0,0.0,0.0
48.269,-0.0089168,0.0042943824,0.020148778,0.0,-0.0,-0.0
48.289,-0.009527666,-0.0005925393,0.018316183,-4.1061824e-07,6.603164e-06,-1.2694054e-05
48.329,-0.012581991,0.0055161132,0.008542339,0.0,-0.0,-0.0
48.369,-0.021134106,-0.005479461,0.0030445524,-0.0,0.0,0.0
48.389,-0.013192857,-0.011588113,-0.014059674,-8.746712e-06,9.957867e-06,1.0612227e-05
48.430,0.022848193,-0.010366384,-0.030553035,-0.0,-0.0,0.0
48.469,0.026513385,-0.013420709,-0.0048966957,-0.0,-0.0,0.0
48.487,0.030178575,-0.019529361,0.007320609,-2.403922e-05,-3.7147256e-05,-9.011519e-06
48.527,0.027735116,-0.007312057,0.020148778,-0.0,-0.0,-0.0
48.569,-0.016247183,0.011013901,0.025035702,0.0,-0.0,-0.0
48.588,-0.035184007,0.002461787,0.027479162,3.6943932e-06,5.278486e-05,-4.1225816e-05
48.628,-0.038849197,0.015900822,0.025035702,0.0,-0.0,-0.0
48.668,-0.06755986,0.017733417,0.00060109136,0.0,-0.0,-0.0
48.689,-0.084053226,0.0012400564,-0.006118426,3.5049745e-06,0.00023771284,1.7303242e-05
48.727,-0.045568716,0.017733417,-0.011616214,-0.0,0.0,0.0
48.768,0.017961271,-0.0012034045,-0.02749871,-0.0,-0.0,0.0
48.791,0.021626463,-0.004257731,-0.02749871,-5.0344834e-06,-2.5574045e-05,3.251801e-05
48.829,-0.010749395,-0.01586417,-0.04948986,-0.0,-0.0,0.0
48.855,-0.027242757,-0.028081477,-0.061707165,-6.885117e-05,6.6784654e-05,0.00015128704
48.908,-0.044957846,-0.002425135,-0.030553035,-0.0,-0.0,0.0
48.929,-0.06633814,-0.002425135,-0.020779192,-5.6640165e-06,0.00015483299,4.849904e-05
48.968,-0.072446786,-0.004868596,-0.012837944,-0.0,-0.0,0.0
49.009,-0.035184007,0.00979217,0.009153205,0.0,-0.0,-0.0
49.028,-0.016247183,0.014068227,0.0060988786,1.0545726e-05,1.2179042e-05,-4.5718502e-06
49.068,-0.0052516083,-0.004868596,0.016483588,-0.0,0.0,0.0
49.108,0.0332329,-0.005479461,0.0036554176,-0.0,-0.0,-0.0
49.126,0.03995242,0.0061269784,-0.0018423696,8.318428e-06,-5.4241824e-05,2.5015386e-06
49.167,0.013074349,-0.007312057,0.0060988786,-0.0,-0.0,-0.0
49.207,-0.01013853,-0.0030360003,0.009153205,-0.0,0.0,0.0
49.229,-0.021134106,0.011624766,0.009153205,1.0063128e-05,1.8294839e-05,-7.923624e-06
49.268,-0.04740131,-0.004868596,-0.006118426,-0.0,-0.0,0.0
49.308,-0.03335141,0.003072652,-0.010394483,-0.0,0.0,0.0
49.328,-0.02174497,-0.0036468657,-0.015281404,-3.2828607e-06,1.9573714e-05,1.3755588e-05
49.369,0.003300505,-0.01830763,-0.017114,-0.0,-0.0,0.0
49.408,0.009409158,-0.008533788,-0.018335732,-0.0,-0.0,0.0
49.429,0.013074349,-0.010977248,-0.01467054,-8.290871e-06,-9.874876e-06,1.1080365e-05
49.469,0.021015596,0.0061269784,-0.0073401565,0.0,-0.0,0.0
49.509,-0.0076950695,-0.007312057,-0.010394483,-0.0,-0.0,0.0
49.528,-0.01013853,-0.010977248,-0.021390056,-9.610912e-06,8.876422e-06,1.872752e-05
49.567,-0.0076950695,0.0036835175,-0.017114,-0.0,0.0,0.0
49.608,-0.03212968,-0.011588113,-0.006118426,-0.0,-0.0,0.0
49.629,-0.031518813,-0.004257731,-0.0055075614,-4.6115833e-06,3.4137516e-05,5.9652316e-06
49.668,-0.0070842043,0.0049052476,-0.0048966957,-0.0,0.0,0.0
49.707,-0.0076950695,0.0067378436,-0.0055075614,-0.0,0.0,0.0
49.728,-0.012581991,0.007959574,-0.008561888,4.5869597e-06,7.250815e-06,4.9340642e-06
49.769,-0.0076950695,-0.0060903262,-0.0091727525,-0.0,-0.0,0.0
49.809,0.0051331003,-0.0012034045,-0.006118426,-0.0,-0.0,0.0
49.850,-0.0028081473,-0.0018142698,-0.0067292913,-4.5743056e-07,7.0801485e-07,1.6966493e-06
49.868,-0.01013853,-0.008533788,-0.0048966957,-0.0,-0.0,0.0
49.907,-0.0076950695,0.0067378436,0.0012119566,0.0,-0.0,-0.0
49.949,-0.0034190128,-0.0060903262,-0.0036749654,-0.0,-0.0,0.0
49.967,-0.004029878,0.002461787,-0.0073401565,7.209664e-07,1.180205e-06,2.1496637e-06
50.010,0.005743966,-0.008533788,-0.012227079,-0.0,-0.0,0.0
50.050,0.010630888,-0.004257731,-0.015892271,-0.0,-0.0,0.0
50.069,0.00024617868,-0.006701192,-0.017114,-4.1330186e-06,-1.518547e-07,1.0555212e-05
50.110,-0.013192857,-0.0030360003,-0.010394483,-0.0,-0.0,0.0
50.150,0.0020787744,0.0006291912,-0.0012315044,0.0,-0.0,0.0
50.170,-0.0009755518,-0.0036468657,-0.0030641,-5.9496824e-07,1.5915633e-07,4.9989285e-07
50.208,-0.0076950695,-0.009755518,-0.015892271,-0.0,-0.0,0.0
50.249,0.009409158,0.0006291912,-0.0042858305,0.0,-0.0,0.0
50.268,0.008798292,0.0012400564,-0.002453235,3.8354392e-07,-2.721265e-06,7.587732e-07
50.311,0.009409158,-0.0018142698,0.0024336872,-0.0,-0.0,-0.0
50.349,-0.0028081473,0.0006291912,-9.773844e-06,-0.0,0.0,0.0
50.371,-0.0070842043,-0.007922922,-0.0055075614,-3.1823395e-06,2.8454517e-06,2.2121824e-06
50.409,0.0008570439,0.0049052476,-0.0018423696,0.0,-0.0,0.0
50.448,-0.005862474,-0.0036468657,-0.007951022,-0.0,-0.0,0.0
50.468,-0.0070842043,-0.009144653,-0.012837944,-5.302495e-06,4.1077196e-06,7.4440263e-06
50.510,0.0075765615,0.0061269784,-0.0073401565,0.0,-0.0,0.0
50.551,-0.0015864171,1.8325956e-05,0.007320609,0.0,-0.0,-0.0
50.568,-0.0052516083,0.0006291912,0.009764071,2.3444576e-07,1.9567951e-06,-3.6381791e-06
50.610,-0.0070842043,0.0042943824,0.008542339,0.0,-0.0,-0.0
50.648,-0.016858047,0.0036835175,0.0054880134,0.0,-0.0,-0.0
50.671,-0.022355836,0.00979217,0.0024336872,8.058998e-06,1.8398901e-05,-2.0030047e-06
50.708,-0.011971126,0.0073487093,-0.007951022,-0.0,0.0,0.0
50.749,-0.034573138,0.020787744,-0.011616214,-0.0,0.0,0.0
50.791,-0.051066503,-0.0018142698,-0.008561888,-3.15475e-06,8.8778565e-05,1.4884892e-05
50.809,-0.022966702,-0.0018142698,-0.008561888,-0.0,-0.0,0.0
50.850,0.041785017,-0.0060903262,0.0018228219,-0.0,-0.0,-0.0
50.889,0.057667512,-0.02624888,0.010985801,-5.663979e-05,-0.00012443097,-2.370805e-05
50.909,0.061332703,-0.021361958,0.023203107,-0.0,-0.0,-0.0
50.948,0.028956844,0.0067378436,0.053135503,-0.0,-0.0,0.0
50.990,-0.008305935,-0.004868596,0.059855018,-9.902741e-06,1.6896658e-05,-0.00012175789
51.008,0.0008570439,0.00979217,0.05741156,-0.0,-0.0,0.0
51.049,0.0051331003,0.017122554,0.051302906,-0.0,-0.0,0.0
51.089,-0.020523239,0.0067378436,0.028090026,0.0,-0.0,-0.0
51.113,-0.03090795,0.023231205,0.011596666,3.146658e-05,4.186402e-05,-1.5708136e-05
51.151,-0.033962276,-0.006701192,-0.022611788,-0.0,-0.0,0.0
51.189,0.011241754,0.009181305,-0.032996498,0.0,-0.0,0.0
51.209,0.026513385,0.009181305,-0.037272554,1.4373745e-05,-4.1503983e-05,5.834724e-05
51.249,0.019793866,-0.01586417,-0.028109575,-0.0,-0.0,0.0
51.291,0.032622036,0.003072652,-0.01467054,0.0,-0.0,0.0
51.309,0.032011174,0.00979217,-0.009783618,1.1459375e-05,-3.74606e-05,1.1449368e-05
51.350,0.0051331003,-0.002425135,0.0060988786,-0.0,-0.0,-0.0
51.390,-0.016858047,0.007959574,0.014650992,0.0,-0.0,-0.0
51.411,-0.022355836,0.0042943824,0.010374935,3.6049607e-06,1.8766379e-05,-8.709176e-06
51.448,-0.020523239,0.003072652,-0.0030641,-0.0,0.0,0.0
51.491,-0.022355836,0.0012400564,0.0054880134,0.0,-0.0,-0.0
51.511,-0.011360261,-0.010366384,-0.00062063907,-5.3538e-06,5.8670935e-06,3.2054956e-07
51.549,0.006354831,0.0036835175,-0.0036749654,0.0,-0.0,0.0
51.591,-0.0021972824,-0.009755518,-0.015281404,-0.0,-0.0,0.0
51.630,0.009409158,0.0061269784,-0.017724866,4.3136665e-06,-6.624377e-06,1.2478992e-05
51.649,0.008798292,0.0042943824,-0.0110053485,0.0,-0.0,0.0
51.688,-0.005862474,-0.013420709,-0.0012315044,-0.0,-0.0,0.0
51.730,0.008798292,0.0006291912,0.0018228219,1.9015931e-07,-2.659102e-06,-5.5091004e-07
51.751,0.010020022,0.010403035,0.0018228219,-0.0,-0.0,0.0
51.790,-0.005862474,-0.009144653,0.0030445524,-0.0,0.0,0.0
51.829,-0.0028081473,0.012235631,-0.0036749654,5.37036e-06,1.2325329e-06,1.6129818e-06
51.849,-0.0070842043,0.0049052476,-0.0055075614,-0.0,0.0,0.0
51.889,-0.011360261,-0.007312057,-0.0073401565,-0.0,-0.0,0.0
51.929,0.00024617868,0.0042943824,-9.773844e-06,6.19819e-07,-3.553159e-08,1.4106945e-09
51.949,0.00024617868,0.0012400564,0.0012119566,-0.0,-0.0,0.0
51.989,0.0020787744,-0.004257731,0.0067097438,-0.0,-0.0,-0.0
52.028,0.010630888,0.0049052476,-0.002453235,1.9689032e-06,-4.2670963e-06,9.847001e-07
52.049,0.0075765615,0.0049052476,-9.773844e-06,0.0,-0.0,0.0
52.088,0.0014679092,-0.002425135,-0.0030641,-0.0,-0.0,0.0
52.128,0.016128676,0.0049052476,-0.007951022,0.0,-0.0,0.0
52.149,0.0008570439,0.012846496,-0.014059674,8.21773e-06,-5.482023e-07,8.993783e-06
52.188,-0.022355836,-0.005479461,0.008542339,-0.0,0.0,0.0
52.229,-0.0089168,0.016511688,0.021981375,0.0,-0.0,-0.0
52.248,-0.015636317,0.011624766,0.017705318,1.02692575e-05,1.3812815e-05,-1.5640691e-05
52.289,-0.015025453,-0.007312057,-9.773844e-06,-0.0,-0.0,0.0
52.329,0.021015596,0.0055161132,-0.0048966957,0.0,-0.0,0.0
52.350,0.021626463,0.008570439,0.0018228219,6.7103115e-06,-1.6932692e-05,-1.4271425e-06
52.389,0.011852618,-0.005479461,0.0054880134,-0.0,-0.0,-0.0
52.429,0.0008570439,0.002461787,0.009153205,-0.0,-0.0,0.0
52.470,-0.008305935,-0.0018142698,0.004877148,-5.9667326e-07,2.7316491e-06,-1.6039914e-06
52.488,-0.0052516083,0.0006291912,-0.0067292913,-0.0,0.0,0.0
52.529,-0.008305935,0.003072652,-0.015892271,-0.0,0.0,0.0
52.572,-0.0076950695,-0.0030360003,-0.015892271,-1.8251833e-06,4.626059e-06,9.554007e-06
52.590,0.0014679092,0.007959574,-0.013448809,0.0,-0.0,0.0
52.629,-0.011360261,0.014679091,0.009764071,0.0,-0.0,-0.0
52.671,-0.010749395,0.0055161132,0.02137051,4.5439365e-06,8.854698e-06,-1.7603825e-05
52.690,0.009409158,0.015900822,0.02381397,-0.0,-0.0,0.0
52.730,0.030178575,0.025063802,0.018927049,-0.0,-0.0,0.0
52.769,0.0332329,0.00979217,0.010985801,1.1941811e-05,-4.052941e-05,-1.3397539e-05
52.788,0.0332329,0.0042943824,0.020148778,-0.0,-0.0,0.0
52.830,0.050947994,0.0067378436,0.0060988786,-0.0,-0.0,0.0
52.871,0.011241754,0.02384207,0.025646565,2.9421852e-05,-1.387324e-05,-3.1648688e-05
52.890,-0.011971126,0.017733417,0.025035702,0.0,-0.0,-0.0
52.930,-0.018690644,0.029339857,0.032366086,0.0,-0.0,-0.0
52.971,-0.018079778,0.03483765,0.020759644,5.1903997e-05,2.6935722e-05,-3.0929874e-05
52.988,-0.008305935,0.019566013,0.009153205,0.0,-0.0,-0.0
53.029,0.032622036,0.033615913,0.013429261,-0.0,-0.0,0.0
53.068,0.03567636,0.03850284,0.007320609,-0.0,-0.0,0.0
53.088,0.022237327,0.029339857,0.014650992,3.900778e-05,-2.9565459e-05,-1.947828e-05
53.129,0.037508957,0.029339857,0.012207531,-0.0,-0.0,0.0
53.169,0.05033713,0.029950723,0.03419868,-0.0,-0.0,0.0
53.189,0.05400232,0.056828793,0.04824858,0.0001755186,-0.00016681377,-0.00014901409
53.230,0.02712425,0.028728992,0.05008118,-0.0,-0.0,0.0
53.268,-0.0015864171,-0.011588113,0.017705318,-0.0,0.0,0.0
53.310,-0.013803722,0.032394186,0.025646565,4.7351194e-05,2.0176112e-05,-3.7488247e-05
53.330,-0.026021026,0.029950723,0.031144354,0.0,-0.0,-0.0
53.369,-0.035184007,0.022009475,0.046415985,0.0,-0.0,-0.0
53.410,-0.0028081473,0.018955149,0.0390856,2.7686508e-05,4.1008643e-06,-5.708952e-05
53.430,0.0045222356,0.012846496,0.023203107,-0.0,-0.0,0.0
53.469,0.008798292,-0.009144653,-0.0036749654,-0.0,-0.0,0.0
53.509,0.023459058,0.0049052476,-0.020168327,5.155853e-06,-2.4656258e-05,2.11977e-05
53.529,0.024680788,-0.004257731,-0.022000924,-0.0,-0.0,0.0
53.569,0.02834598,-0.004257731,0.0054880134,-0.0,-0.0,-0.0
53.593,0.023459058,0.0018509218,0.018316183,1.8518078e-06,-2.347303e-05,-1.8327059e-05
53.628,-0.013803722,-0.002425135,0.010985801,-0.0,0.0,0.0
53.670,-0.011360261,0.008570439,-0.019557461,-0.0,0.0,0.0
53.710,0.024680788,0.039724566,0.028090026,7.271689e-05,-4.5181438e-05,-5.1418727e-05
53.729,0.0045222356,0.03483765,0.073904924,-0.0,-0.0,0.0
53.768,-0.026631892,-0.006701192,0.07879184,-0.0,0.0,0.0
53.809,-0.011971126,0.020787744,0.037253007,3.090644e-05,1.7797083e-05,-5.5385775e-05
53.829,-0.016858047,0.030561589,0.02137051,0.0,-0.0,-0.0
53.869,-0.049233906,0.02017688,0.012818397,0.0,-0.0,-0.0
53.909,-0.041903522,0.018344285,0.025035702,3.2099117e-05,7.331906e-05,-4.3806845e-05
53.929,-0.011971126,0.014679091,0.014040126,0.0,-0.0,-0.0
53.970,0.015517809,0.03544851,0.014040126,-0.0,-0.0,0.0
54.008,0.012463484,0.0061269784,0.021981375,-0.0,-0.0,0.0
54.033,0.0020787744,-0.004257731,0.034809545,-5.0189983e-06,-2.450324e-06,-4.103296e-05
54.070,0.0075765615,-0.007312057,0.019537915,-0.0,-0.0,-0.0
54.110,0.0008570439,-0.005479461,-0.01467054,-0.0,-0.0,0.0
54.134,-0.013192857,-0.013420709,-0.0110053485,-9.817568e-06,9.650811e-06,8.050689e-06
54.172,-0.0076950695,-0.007922922,-0.023222653,-0.0,-0.0,0.0
54.211,-0.004640743,0.002461787,-0.020779192,-0.0,0.0,0.0
54.251,0.0039113704,0.02384207,0.012207531,2.1655904e-05,-3.5528458e-06,-1.108815e-05
54.270,0.0008570439,0.042778894,0.033587813,-0.0,-0.0,0.0
54.311,-0.022966702,-0.011588113,0.013429261,-0.0,0.0,0.0
54.352,-0.010749395,0.0055161132,-0.0042858305,2.3727991e-06,4.6239466e-06,1.8435813e-06
54.371,-0.0015864171,0.0036835175,-0.007951022,-0.0,0.0,0.0
54.411,-0.0009755518,-0.008533788,0.009153205,-0.0,0.0,0.0
54.432,-0.011971126,0.002461787,0.009153205,1.2613118e-06,6.133407e-06,-4.6896516e-06
54.472,0.010630888,-0.020140227,-0.018335732,-0.0,-0.0,0.0
54.510,0.04789367,0.013457362,-0.0048966957,0.0,-0.0,0.0
54.551,0.014906945,-0.004257731,-0.023222653,-3.9889414e-06,-1.3966448e-05,2.1757414e-05
54.571,0.0014679092,-0.018918497,-0.052544184,-0.0,-0.0,0.0
54.610,0.021015596,-0.008533788,-0.04643553,-0.0,-0.0,0.0
54.651,-0.038849197,0.0018509218,-0.015281404,2.5947052e-06,5.447283e-05,2.1426908e-05
54.671,-0.058396883,-0.034800995,-0.019557461,-0.0,-0.0,0.0
54.712,-0.03090795,0.013457362,-0.0036749654,-0.0,0.0,0.0
54.751,-0.0021972824,0.010403035,-0.006118426,4.282115e-06,9.044548e-07,2.5184756e-06
54.771,-0.015636317,-0.010977248,-0.015892271,-0.0,-0.0,0.0
54.810,-0.03335141,-0.019529361,-0.019557461,-0.0,-0.0,0.0
54.851,-0.010749395,-0.015253305,-0.039105147,-2.2177048e-05,1.562779e-05,5.6854693e-05
54.872,-0.0076950695,-0.020140227,-0.04277034,-0.0,-0.0,0.0
54.911,-0.04740131,0.008570439,0.00060109136,0.0,-0.0,-0.0
54.952,-0.033962276,-0.037244454,-0.05071159,-8.935961e-05,8.147482e-05,0.00012166784
54.972,0.0051331003,-0.02258369,-0.06048543,-0.0,-0.0,0.0
55.011,0.05033713,0.0042943824,-0.061707165,0.0,-0.0,0.0
55.052,-0.032740545,-0.03357926,-0.016503137,-5.601945e-05,5.4618737e-05,2.7532935e-05
55.071,-0.050455634,-0.03907705,0.0024336872,-0.0,0.0,0.0
55.112,-0.036405735,-0.010977248,0.029311758,-0.0,0.0,0.0
55.153,-0.043125257,-0.0005925393,0.04030733,-1.1702896e-06,8.542238e-05,-7.984056e-05
55.174,-0.04984477,-0.0170859,0.032976948,-0.0,0.0,0.0
55.211,0.0051331003,-0.0005925393,0.043972522,-0.0,-0.0,-0.0
55.251,0.02712425,0.0055161132,0.07634838,1.502364e-05,-7.391475e-05,-0.00020804767
55.272,0.013685214,-0.007922922,0.071461454,-0.0,-0.0,-0.0
55.313,0.0039113704,0.0055161132,0.033587813,-0.0,-0.0,0.0
55.351,0.0020787744,0.008570439,0.07329405,-0.0,-0.0,0.0
55.374,0.008187426,0.051331006,0.09956127,0.0001934408,-3.089152e-05,-0.0003752047
55.411,-0.0089168,0.04705495,0.09223088,0.0,-0.0,-0.0
55.450,-0.026021026,0.010403035,0.061687615,0.0,-0.0,-0.0
55.491,0.040563285,0.012846496,0.009153205,1.87602e-05,-5.9237398e-05,-1.336648e-05
55.511,0.054613184,0.02262034,-0.0091727525,0.0,-0.0,0.0
55.550,-0.0015864171,-0.0036468657,-0.040937744,-0.0,-0.0,0.0
55.593,-0.023577565,-0.01464244,-0.05010072,-2.8142269e-05,4.5310408e-05,9.628505e-05
55.612,0.0051331003,-0.0036468657,-0.06353976,-0.0,-0.0,0.0
55.662,0.017350405,0.0067378436,-0.07087014,0.0,-0.0,0.0
55.691,0.010020022,-0.0170859,0.004877148,-1.169486e-05,-6.858422e-06,-3.3383196e-06
55.712,0.011241754,0.022009475,0.060465883,-0.0,-0.0,0.0
55.752,-0.058396883,-0.01586417,0.10933511,-0.0,0.0,0.0
55.795,-0.03090795,0.016511688,0.081235304,4.902748e-05,9.174708e-05,-0.00024115648
55.811,-0.004029878,0.03178332,0.06962886,0.0,-0.0,-0.0
55.851,-0.0070842043,0.0055161132,0.02259224,0.0,-0.0,-0.0
55.891,0.010630888,-0.004257731,-0.009783618,-2.1518276e-06,-5.372815e-06,4.9445966e-06
55.931,0.039341554,-0.0012034045,-0.034829095,-2.1201095e-06,-6.938008e-05,6.1422084e-05
55.951,0.036898095,-0.015253305,-0.047657266,-0.0,-0.0,0.0
55.991,0.018572137,-0.005479461,-0.031774767,-6.8409777e-06,-2.318857e-05,3.9672632e-05
56.032,-0.0009755518,-0.010977248,-0.012837944,-6.231996e-06,5.5381673e-07,7.2883486e-06
56.051,0.00024617868,-0.0030360003,-0.0055075614,-0.0,-0.0,0.0
56.091,-0.018079778,0.008570439,0.02381397,8.9448995e-06,1.8869114e-05,-2.4853882e-05
56.133,-0.039460063,-0.006701192,0.018927049,-9.954512e-06,5.8622274e-05,-2.811786e-05
56.152,-0.033962276,-0.0060903262,0.020759644,-0.0,0.0,0.0
56.193,-0.053509966,-0.045185704,0.029922623,-0.000115467774,0.00013675023,-7.645999e-05
56.232,-0.12681378,-0.13803722,0.02381397,-0.00087511726,0.0008040854,-0.0001506325
56.256,-0.15613534,-0.21683884,0.025035702,-0.0,0.0,0.0
56.292,-0.124981195,-0.21317364,0.0060988786,-0.0017680512,0.0010366468,-4.9668095e-05
56.332,-0.12437033,-0.40376362,-0.067204945,-0.0057965117,0.0017824128,0.0009698326
56.352,-0.28563875,-0.5076107,-0.12096109,-0.0,-0.0,0.0
56.392,-0.38643152,-0.46301752,-0.06781582,-0.009434006,0.007862239,0.0014180334
56.433,-0.19828501,-0.27670366,-0.062318027,-0.0032139206,0.0023013186,0.000727336
56.452,-0.12375947,-0.14658934,-0.05193332,-0.0,-0.0,0.0
56.493,-0.1689635,-0.20401067,0.111778565,-0.0,0.0,0.0
56.533,-0.26120412,-0.3267946,0.31580755,-0.0057348013,0.00460988,-0.0055411183
56.552,-0.24654338,-0.29380786,0.46546954,-0.0,0.0,0.0
56.594,-0.036405735,-0.079394154,0.19058019,-0.0,0.0,0.0
56.633,0.1670124,-0.0060903262,-0.04582467,-3.5283952e-05,-0.00097112893,0.00026643884
56.652,0.16579066,0.04705495,-0.072702736,0.0,-0.0,0.0
56.691,0.040563285,-0.036022723,-0.07820053,-0.0,-0.0,0.0
56.733,0.036898095,-0.06778772,-0.10202427,-0.0002909469,-0.00015845032,0.00043792036
56.753,0.045450207,-0.049461756,-0.11485244,-0.0,-0.0,0.0
56.790,0.031400308,0.04827668,-0.17288464,0.0,-0.0,0.0
56.832,-0.042514388,0.008570439,-0.23702548,6.896441e-05,0.00034380404,0.0019163896
56.871,-0.14147456,-0.15819576,-0.26879048,-0.0018203903,0.0016229207,0.0030902408
56.890,-0.1390311,-0.09161146,-0.19731924,-0.0,-0.0,0.0
56.931,0.027735116,0.10997407,-0.09041783,0.00053527165,-0.00013486858,0.00044009823
56.970,0.11875404,0.046444084,-0.13562186,0.0002904138,-0.00074163993,0.00084723067
56.991,0.12547356,-0.0170859,-0.20770396,-0.0,-0.0,0.0
57.031,-0.07611198,0.013457362,-0.3054424,0.00014096944,0.0008048705,0.0032290258
57.071,-0.12742466,-0.14170241,-0.2895599,-0.0016506612,0.001479321,0.0033691477
57.094,-0.06022948,-0.12215473,-0.26146013,-0.0,-0.0,0.0
57.130,0.06866308,-0.03785532,-0.14111964,-0.00020491827,-0.00037202294,0.0007644002
57.170,0.11264539,0.06782437,-0.025055248,0.00030465354,-0.0005059161,0.00011260971
57.190,0.080880396,0.024452936,-0.024444385,0.0,-0.0,0.0
57.230,0.046671934,0.03422678,-0.022000924,7.1112e-05,-9.696429e-05,4.571271e-05
57.271,0.11386711,0.10508715,0.020759644,0.0005512168,-0.00059733586,-0.00010873299
57.290,0.11814317,0.10325456,0.025646565,-0.0,-0.0,0.0
57.331,0.068052225,0.059272256,0.025035702,0.00018625495,-0.0002138618,-7.86549e-05
57.371,0.03078944,0.03300505,0.054968096,7.876399e-05,-7.348627e-05,-0.00013118223
57.391,0.013074349,0.010403035,0.04947031,-0.0,-0.0,0.0
57.431,0.016128676,0.025063802,0.031144354,3.6253357e-05,-2.3330362e-05,-4.5048757e-05
57.470,0.055224054,0.069046095,0.012818397,0.0002069762,-0.00016554903,-3.8408558e-05
57.490,0.04850453,0.05194187,-0.002453235,0.0,-0.0,0.0
57.531,0.03567636,0.039724566,-0.018946595,0.0,-0.0,0.0
57.571,0.03873069,0.028118128,-0.018335732,4.8357833e-05,-6.660721e-05,3.15349e-05
57.612,0.039341554,0.03667024,-0.0091727525,6.713173e-05,-7.202086e-05,1.6794704e-05
57.632,0.047282804,0.040335435,-0.002453235,0.0,-0.0,0.0
57.670,0.06683049,0.069046095,0.019537915,0.00022717398,-0.0002198984,-6.4260246e-05
57.710,0.04483934,0.044000622,0.016483588,9.5889416e-05,-9.772073e-05,-3.5918227e-05
57.730,0.027735116,0.028118128,0.012818397,-0.0,-0.0,0.0
57.771,0.00024617868,-0.008533788,0.02137051,-6.5896074e-06,-1.9003947e-07,-1.6501845e-05
57.811,0.005743966,-0.0018142698,0.027479162,-1.7126339e-06,-5.4219427e-06,-2.5938712e-05
57.831,0.014906945,0.010403035,0.034809545,-0.0,-0.0,0.0
57.872,0.022237327,-0.0060903262,0.030533489,-7.819424e-06,-2.8548511e-05,-3.919953e-05
57.910,0.05278059,0.10630888,0.025646565,0.00043314276,-0.00021507638,-0.00010444998
57.934,0.09370857,0.21259943,0.065352805,-0.0,-0.0,0.0
57.971,0.12913875,0.23092538,0.076959245,0.0021346419,-0.0011947363,-0.000710267
58.013,0.04789367,-0.010977248,0.0012119566,-1.8103936e-05,-7.898702e-05,-1.9994939e-06
58.034,-0.0052516083,-0.059235603,-0.022000924,-0.0,-0.0,0.0
58.071,0.018572137,0.017733417,0.009153205,1.6221358e-05,-1.6988704e-05,-8.372645e-06
58.113,0.037508957,0.025063802,0.012818397,3.9440725e-05,-5.9025875e-05,-2.0170339e-05
58.131,0.024069924,0.016511688,0.013429261,-0.0,-0.0,0.0
58.171,0.021015596,0.0049052476,-0.0048966957,3.6423085e-06,-1.5604644e-05,3.6359586e-06
58.213,0.025291655,0.010403035,-0.015281404,1.0935639e-05,-2.6585902e-05,1.6063595e-05
58.233,0.024680788,0.0042943824,-0.015281404,0.0,-0.0,0.0
58.272,0.022237327,-0.004868596,-0.013448809,-4.319195e-06,-1.97285e-05,1.1931449e-05
58.311,0.06927395,0.030561589,0.047637716,9.1719274e-05,-0.00020794032,-0.00014298057
58.332,0.11692144,0.09164811,0.07512665,-0.0,-0.0,0.0
58.374,0.20122084,0.17228232,0.1728651,0.00182656,-0.0021373315,-0.0018327518
58.413,0.23237497,0.062937446,0.13010453,0.0005766291,-0.0021340533,-0.0011940284
58.431,0.24398142,0.09836763,0.06474195,-0.0,-0.0,0.0
58.472,0.18778181,0.117915325,0.025035702,0.0008827446,-0.0014060746,-0.000186831
58.511,0.02834598,-0.06778772,0.007320609,-0.00016795401,-7.022954e-05,-1.814371e-05
58.551,-0.014414587,-0.009144653,0.029311758,-1.040794e-05,1.6406491e-05,-3.336182e-05
58.571,-0.03212968,-0.021972822,0.028090026,-0.0,0.0,0.0
58.612,-0.08649669,-0.07084204,-0.013448809,-0.00026769028,0.0003268274,5.086108e-05
58.632,-0.1090987,-0.07023118,-0.023833519,-0.0,-0.0,0.0
58.672,-0.13292244,-0.103828765,-0.04582467,-0.0,-0.0,0.0
58.715,-0.08771841,-0.07145291,-0.011616214,-0.00027268636,0.00033474533,4.4375487e-05
58.750,0.010020022,0.037891973,-0.013448809,5.2685657e-05,-1.3931484e-05,1.8699779e-05
58.771,0.022848193,0.054996196,-0.029942172,0.0,-0.0,0.0
58.811,-0.0028081473,0.058050524,-0.039105147,0.00013644606,6.606754e-06,9.191526e-05
58.850,-0.029075354,-0.012198979,-0.031163903,-1.8147653e-05,4.3250762e-05,4.6358407e-05
58.871,-0.027242757,-0.015253305,-0.02872044,-0.0,-0.0,0.0
58.910,-0.013803722,0.008570439,-0.025055248,8.587531e-06,1.3831638e-05,2.510566e-05
58.950,-0.0028081473,-0.0005925393,-0.034829095,-6.948973e-07,3.292907e-06,4.084168e-05
58.971,-0.016247183,-0.014031574,-0.02749871,-0.0,-0.0,0.0
59.010,-0.015636317,0.0018509218,-0.0048966957,1.0240848e-06,8.65142e-06,2.7092885e-06
59.050,0.005743966,0.012846496,0.02259224,1.1473145e-05,-5.130048e-06,-2.0177084e-05
59.071,0.005743966,0.008570439,0.015872722,-0.0,-0.0,0.0
59.110,0.005743966,0.0073487093,-0.006118426,2.7505976e-06,-2.1499425e-06,2.2901077e-06
59.151,-0.0070842043,-0.005479461,-0.0073401565,-2.1290411e-06,2.752555e-06,2.8520108e-06
59.172,-0.006473339,-0.011588113,-0.010394483,-0.0,-0.0,0.0
59.210,-0.00036468654,-0.0030360003,-0.008561888,-9.261675e-07,1.1125067e-07,2.6119037e-06
59.251,-0.01013853,-0.0005925393,-0.0042858305,-2.1916823e-07,3.7499847e-06,1.5852204e-06
59.291,-0.027853623,-0.009755518,-9.773844e-06,-9.660685e-06,2.7582855e-05,9.812067e-09
59.311,-0.024799295,-0.017696766,0.0030445524,-1.818096e-05,2.54779e-05,-3.127628e-06
59.350,-0.004029878,-0.010977248,-0.007951022,-5.208513e-06,1.9120957e-06,3.7726238e-06
59.373,0.0069656963,-0.010366384,-0.0036749654,-0.0,-0.0,0.0
59.411,0.022848193,-0.004257731,-0.0018423696,-3.3308197e-06,-1.7874194e-05,1.44126e-06
59.451,0.0075765615,-0.01586417,0.0036554176,-9.55852e-06,-4.5650363e-06,-2.2024922e-06
59.492,0.0020787744,-0.012809844,0.00060109136,-5.5840255e-06,-9.0617186e-07,-2.6202832e-07
59.510,0.003300505,-0.005479461,0.0036554176,-0.0,-0.0,-0.0
59.552,-0.009527666,-0.0030360003,0.009764071,-1.4237506e-06,4.4680914e-06,-4.5789493e-06
59.591,-0.024188431,-0.012809844,-0.0073401565,-1.2180576e-05,2.300001e-05,6.9796747e-06
59.611,-0.013192857,-0.01464244,-0.0110053485,-0.0,-0.0,0.0
59.650,0.022237327,0.003072652,-0.014059674,2.731065e-06,-1.9764291e-05,1.249612e-05
59.691,0.022237327,0.014679091,-0.008561888,1.3785109e-05,-2.0882855e-05,8.040549e-06
59.710,0.009409158,0.0073487093,-0.0048966957,0.0,-0.0,0.0
59.750,-0.0034190128,-0.002425135,0.0024336872,-3.9442276e-07,5.560667e-07,-3.9581366e-07
59.790,0.006354831,-0.0018142698,-0.009783618,-7.1874007e-07,-2.5175445e-06,3.8758976e-06
59.811,0.0069656963,-0.006701192,-0.020168327,-0.0,-0.0,0.0
59.851,0.003300505,-0.004868596,-0.0042858305,-1.1889061e-06,-8.0598085e-07,1.0465953e-06
59.890,-0.008305935,-0.01586417,0.004877148,-9.879342e-06,5.172504e-06,-3.0371998e-06
59.910,-0.004029878,-0.009755518,-0.0018423696,-0.0,-0.0,0.0
59.950,0.013074349,-0.008533788,-0.015281404,-6.255717e-06,-9.584305e-06,1.1202143e-05
59.991,0.028956844,0.010403035,0.004266283,1.0843103e-05,-3.0181982e-05,-4.4466183e-06
