timestamp,x,y,z
00.005,-26.039999,-19.92,-55.14
00.045,-26.34,-19.38,-54.539997
00.065,-26.4,-19.68,-53.94
00.104,-26.099998,-19.98,-54.42
00.144,-25.74,-19.859999,-54.78
00.165,-25.859999,-19.74,-54.719997
00.205,-26.279999,-20.16,-54.42
00.245,-25.8,-19.619999,-54.539997
00.265,-25.439999,-19.38,-55.14
00.305,-26.099998,-20.1,-54.78
00.345,-26.279999,-20.699999,-55.44
00.365,-26.4,-20.1,-54.96
00.405,-26.039999,-19.38,-55.379997
00.446,-26.64,-20.039999,-54.6
00.466,-26.34,-20.16,-54.84
00.505,-25.56,-20.46,-54.539997
00.545,-25.38,-20.22,-54.78
00.586,-25.26,-19.98,-54.84
00.606,-25.92,-20.4,-54.66
00.645,-25.74,-20.279999,-54.66
00.686,-25.14,-19.5,-54.78
00.706,-25.199999,-20.22,-54.899998
00.746,-25.8,-20.699999,-54.239998
00.785,-26.099998,-20.279999,-54.899998
00.805,-26.16,-20.82,-55.02
00.845,-25.5,-20.58,-54.84
00.885,-25.859999,-19.68,-55.8
00.905,-25.68,-20.16,-55.739998
00.947,-25.38,-19.8,-55.199997
00.973,-25.26,-19.859999,-54.36
01.005,-26.82,-19.68,-54.42
01.045,-25.08,-19.5,-54.42
01.084,-26.519999,-19.98,-54.899998
01.104,-26.16,-20.34,-54.719997
01.145,-25.5,-20.52,-54.899998
01.184,-26.46,-19.92,-54.36
01.205,-26.279999,-19.68,-54.18
01.244,-26.519999,-20.58,-54.96
01.285,-26.34,-19.74,-54.42
01.325,-25.56,-19.619999,-54.6
01.347,-25.32,-19.859999,-54.539997
01.387,-26.16,-19.68,-54.899998
01.426,-26.039999,-20.58,-54.899998
01.446,-26.099998,-20.52,-54.84
01.488,-26.16,-19.8,-54.78
01.526,-25.619999,-19.56,-54.0
01.545,-26.099998,-19.92,-54.66
01.586,-26.519999,-19.56,-55.44
01.626,-25.26,-19.859999,-54.6
01.646,-25.859999,-19.92,-55.44
01.686,-26.16,-19.439999,-55.32
01.727,-25.92,-19.439999,-54.96
01.746,-25.8,-19.74,-55.44
01.785,-26.16,-20.76,-54.84
01.810,-25.92,-20.4,-54.719997
01.846,-25.14,-20.1,-55.26
01.886,-25.56,-20.279999,-55.079998
01.927,-25.32,-20.46,-54.18
01.947,-25.56,-20.52,-54.719997
01.987,-25.56,-19.92,-54.66
02.026,-25.8,-20.46,-55.26
02.045,-26.22,-20.22,-54.96
02.085,-25.619999,-20.4,-54.3
02.127,-25.199999,-19.8,-55.14
02.148,-25.08,-20.039999,-54.96
02.186,-24.84,-20.279999,-54.899998
02.227,-25.26,-19.619999,-54.66
02.265,-26.16,-19.68,-54.96
02.286,-25.74,-19.08,-54.96
02.326,-25.32,-20.16,-55.079998
02.348,-25.74,-21.0,-54.96
02.386,-25.619999,-19.56,-54.539997
02.428,-25.38,-19.92,-54.66
02.466,-25.56,-19.5,-55.199997
02.485,-25.5,-19.38,-54.6
02.527,-25.92,-20.1,-55.02
02.566,-26.22,-20.64,-54.66
02.585,-26.519999,-20.46,-55.14
02.625,-25.74,-20.279999,-54.719997
02.665,-25.619999,-19.92,-55.02
02.685,-25.56,-19.98,-54.539997
02.725,-25.68,-19.8,-54.78
02.764,-25.56,-19.98,-54.719997
02.785,-25.32,-19.98,-54.42
02.826,-25.68,-19.92,-54.719997
02.865,-25.619999,-19.619999,-54.36
02.885,-25.38,-19.8,-53.76
02.925,-25.68,-19.68,-54.719997
02.966,-25.5,-19.5,-54.6
03.005,-25.8,-20.64,-55.02
03.026,-26.46,-20.64,-55.379997
03.069,-25.74,-20.52,-55.02
03.087,-25.38,-20.039999,-54.239998
03.127,-26.58,-20.16,-54.84
03.166,-26.16,-19.8,-55.559998
03.205,-25.38,-19.5,-54.36
03.226,-26.16,-19.38,-54.239998
03.265,-25.68,-19.92,-55.32
03.305,-26.279999,-20.1,-54.96
03.327,-25.619999,-19.38,-54.96
03.366,-25.38,-20.16,-55.02
03.405,-25.619999,-19.74,-54.539997
03.425,-25.32,-19.68,-54.899998
03.465,-26.039999,-19.859999,-55.199997
03.505,-26.58,-20.939999,-54.96
03.525,-26.64,-20.52,-54.899998
03.566,-25.619999,-19.92,-54.66
03.606,-25.68,-20.699999,-55.26
03.626,-26.34,-20.039999,-54.84
03.666,-25.74,-20.22,-55.5
03.706,-26.099998,-20.22,-54.84
03.725,-25.68,-19.92,-54.899998
03.766,-25.74,-20.34,-55.32
03.805,-25.859999,-19.439999,-54.539997
03.846,-25.859999,-20.22,-54.78
03.866,-25.32,-19.8,-54.6
03.906,-25.32,-21.06,-54.84
03.944,-25.199999,-20.46,-54.719997
03.966,-25.14,-20.46,-54.6
04.006,-25.14,-19.5,-55.559998
04.045,-24.84,-19.98,-55.739998
04.065,-25.38,-19.74,-55.44
04.106,-25.74,-19.92,-55.92
04.145,-25.98,-20.279999,-55.079998
04.169,-25.56,-19.619999,-55.5
04.207,-26.279999,-20.22,-55.5
04.251,-25.98,-20.34,-55.44
04.266,-25.5,-19.619999,-55.379997
04.305,-25.92,-20.34,-55.199997
04.347,-25.619999,-20.58,-54.12
04.366,-26.22,-19.859999,-54.239998
04.406,-26.279999,-20.34,-54.36
04.449,-25.619999,-19.5,-54.899998
04.464,-26.279999,-19.5,-54.899998
04.506,-25.98,-19.68,-55.02
04.555,-26.4,-20.22,-54.42
04.565,-25.8,-20.64,-54.6
04.604,-25.68,-20.16,-54.719997
04.646,-25.8,-20.52,-53.579998
04.685,-25.74,-20.16,-54.239998
04.704,-25.68,-20.4,-53.94
04.745,-25.619999,-19.98,-54.6
04.785,-26.039999,-19.74,-54.84
04.805,-25.8,-19.68,-54.539997
04.845,-25.38,-20.58,-54.0
04.886,-25.199999,-21.779999,-54.84
04.905,-25.619999,-20.939999,-55.379997
04.946,-25.68,-19.98,-54.719997
04.986,-25.859999,-20.1,-54.6
05.006,-25.92,-19.8,-55.379997
05.047,-25.92,-19.199999,-54.78
05.085,-25.92,-19.859999,-55.739998
05.105,-25.98,-19.199999,-55.98
05.146,-26.34,-19.32,-55.079998
05.185,-26.279999,-19.26,-55.26
05.204,-26.099998,-19.74,-54.78
05.246,-25.38,-19.439999,-54.36
05.284,-25.26,-20.52,-54.6
05.306,-25.38,-20.1,-54.84
05.347,-26.039999,-20.039999,-54.539997
05.385,-26.16,-20.039999,-55.26
05.410,-25.92,-20.039999,-54.899998
05.444,-26.4,-19.98,-54.719997
05.487,-26.22,-20.039999,-54.36
05.526,-25.98,-20.58,-55.68
05.546,-26.099998,-20.52,-55.199997
05.586,-25.199999,-20.4,-55.44
05.607,-25.26,-20.52,-55.5
05.646,-25.98,-19.92,-55.32
05.686,-25.14,-20.64,-54.899998
05.726,-26.34,-20.279999,-55.079998
05.745,-25.98,-19.859999,-55.26
05.786,-25.68,-20.64,-54.66
05.826,-25.019999,-19.8,-54.48
05.846,-25.38,-19.38,-54.48
05.886,-25.5,-20.16,-55.44
05.926,-25.74,-19.56,-54.66
05.947,-25.92,-20.039999,-55.079998
05.986,-26.519999,-20.34,-54.78
06.025,-26.22,-20.4,-54.059998
06.045,-26.099998,-20.1,-53.94
06.085,-25.68,-19.619999,-54.899998
06.125,-25.38,-19.68,-55.26
06.145,-25.619999,-19.98,-55.559998
06.185,-25.8,-19.619999,-56.1
06.225,-25.859999,-20.34,-55.14
06.245,-25.68,-19.92,-54.899998
06.284,-25.859999,-20.699999,-55.26
06.325,-25.14,-19.8,-55.92
06.366,-25.859999,-20.64,-55.32
06.385,-25.8,-20.16,-55.44
06.425,-25.859999,-20.46,-55.739998
06.465,-26.58,-20.88,-55.559998
06.487,-26.699999,-20.58,-55.14
06.525,-24.779999,-20.52,-55.44
06.566,-25.92,-19.92,-55.98
06.585,-26.34,-20.1,-55.199997
06.624,-24.84,-19.98,-55.26
06.666,-26.039999,-20.1,-53.82
06.686,-26.099998,-20.22,-54.0
06.726,-25.38,-20.46,-55.44
06.765,-26.16,-20.039999,-55.559998
06.787,-25.859999,-19.74,-54.96
06.824,-25.92,-18.84,-55.44
06.865,-26.64,-19.74,-55.079998
06.885,-26.34,-19.199999,-55.02
06.925,-25.619999,-19.92,-54.78
06.967,-25.68,-19.859999,-55.5
06.986,-25.26,-19.859999,-55.44
07.026,-25.68,-19.98,-54.84
07.064,-25.98,-20.4,-55.44
07.104,-25.98,-19.859999,-55.739998
07.125,-26.039999,-20.64,-55.62
07.165,-26.099998,-20.46,-55.44
07.205,-25.32,-19.98,-54.6
07.224,-25.619999,-20.64,-54.899998
07.268,-25.5,-20.34,-55.86
07.305,-26.039999,-19.5,-55.739998
07.326,-25.439999,-19.08,-55.02
07.366,-25.38,-19.199999,-55.26
07.405,-25.619999,-20.46,-55.44
07.425,-25.38,-20.1,-55.379997
07.466,-26.4,-19.859999,-54.96
07.507,-25.74,-19.98,-55.199997
07.526,-25.5,-20.58,-55.199997
07.566,-26.22,-19.98,-55.62
07.605,-25.74,-19.98,-55.62
07.624,-25.619999,-19.8,-55.739998
07.665,-25.32,-20.039999,-55.62
07.704,-25.74,-20.46,-55.44
07.725,-25.26,-20.279999,-55.5
07.764,-25.98,-20.22,-55.14
07.804,-26.4,-20.46,-56.219997
07.828,-26.22,-20.64,-55.8
07.865,-25.439999,-19.92,-55.44
07.905,-26.099998,-20.64,-54.899998
07.925,-25.8,-20.1,-55.26
07.964,-26.039999,-21.06,-55.32
08.005,-25.8,-19.74,-55.44
08.026,-25.14,-20.279999,-56.039997
08.064,-25.8,-20.52,-54.899998
08.105,-26.039999,-19.56,-56.1
08.146,-26.58,-20.34,-55.32
08.165,-26.16,-20.52,-55.62
08.205,-26.4,-19.92,-55.26
08.245,-25.68,-20.039999,-55.379997
08.264,-25.74,-20.1,-55.199997
08.305,-25.68,-20.699999,-54.78
08.346,-25.8,-20.039999,-55.44
08.365,-25.98,-19.439999,-55.079998
08.410,-25.439999,-19.98,-55.199997
08.444,-26.22,-20.52,-54.96
08.465,-26.039999,-20.1,-54.6
08.505,-25.8,-19.38,-54.96
08.545,-26.099998,-20.279999,-54.96
08.565,-25.92,-20.1,-55.559998
08.606,-25.619999,-20.16,-54.84
08.645,-25.92,-20.16,-55.14
08.665,-25.56,-19.98,-55.44
08.706,-25.74,-19.619999,-55.62
08.745,-25.199999,-20.279999,-55.199997
08.766,-24.84,-20.52,-55.079998
08.805,-25.8,-19.98,-54.84
08.846,-26.4,-19.74,-55.199997
08.866,-25.8,-19.5,-55.14
08.906,-25.74,-20.46,-54.66
08.946,-25.68,-19.38,-55.44
08.986,-25.38,-19.68,-55.199997
09.011,-25.56,-19.859999,-54.84
09.045,-25.32,-20.64,-54.899998
09.086,-25.68,-19.859999,-54.84
09.109,-25.98,-20.4,-54.719997
09.147,-26.64,-19.92,-55.8
09.187,-26.22,-20.52,-55.079998
09.208,-25.619999,-20.52,-55.32
09.247,-25.439999,-20.039999,-54.84
09.287,-25.98,-19.439999,-55.5
09.306,-26.039999,-20.22,-55.079998
09.346,-25.68,-20.16,-56.039997
09.385,-25.32,-19.92,-54.78
09.408,-25.859999,-19.92,-55.02
09.446,-26.099998,-20.039999,-54.3
09.485,-25.68,-20.64,-55.559998
09.505,-26.46,-20.039999,-55.079998
09.546,-26.039999,-20.16,-54.78
09.585,-26.099998,-19.74,-54.899998
09.605,-25.8,-20.16,-55.5
09.645,-25.32,-19.14,-55.62
09.685,-25.08,-20.1,-55.92
09.706,-25.92,-20.58,-55.68
09.746,-25.98,-20.52,-55.559998
09.786,-26.699999,-19.98,-54.96
09.825,-25.8,-19.98,-55.32
09.846,-25.74,-19.98,-55.26
09.886,-25.92,-19.98,-55.32
09.924,-25.38,-19.68,-55.02
09.946,-25.92,-19.8,-55.379997
09.986,-25.56,-20.34,-54.899998
10.026,-25.68,-20.039999,-55.14
10.045,-26.16,-20.279999,-55.68
10.085,-25.68,-20.34,-55.86
10.125,-26.82,-19.8,-55.14
10.146,-26.16,-19.74,-54.6
10.185,-25.26,-19.92,-55.8
10.226,-25.98,-20.279999,-54.239998
10.246,-25.8,-19.859999,-54.36
10.285,-25.26,-19.8,-55.92
10.326,-25.439999,-19.619999,-55.68
10.346,-25.68,-19.74,-55.379997
10.386,-25.56,-20.039999,-55.5
10.425,-25.92,-20.46,-56.219997
10.445,-25.98,-20.1,-55.559998
10.486,-26.099998,-20.52,-55.079998
10.526,-26.22,-20.22,-56.1
10.546,-26.099998,-20.16,-55.92
10.585,-25.859999,-20.16,-55.14
10.626,-26.22,-19.859999,-55.86
10.665,-25.619999,-19.8,-55.559998
10.686,-25.8,-20.46,-55.62
10.726,-26.039999,-20.4,-55.02
10.765,-26.16,-19.98,-55.86
10.786,-26.039999,-19.98,-55.379997
10.825,-25.98,-20.64,-56.399998
10.866,-25.98,-19.199999,-55.739998
10.886,-26.22,-19.14,-55.5
10.928,-25.74,-21.06,-55.5
10.965,-25.92,-19.439999,-56.039997
10.986,-26.46,-19.439999,-56.039997
11.027,-26.46,-19.98,-55.5
11.065,-26.58,-20.4,-54.48
11.085,-26.22,-19.8,-54.84
11.126,-25.32,-19.5,-55.62
11.167,-25.859999,-20.34,-55.44
11.186,-25.439999,-19.8,-55.5
11.227,-26.16,-20.039999,-56.34
11.266,-25.019999,-20.22,-55.739998
11.285,-25.14,-19.92,-56.219997
11.326,-25.619999,-20.58,-55.86
11.365,-26.16,-19.98,-54.899998
11.407,-26.16,-20.64,-55.62
11.426,-26.64,-20.76,-55.92
11.467,-25.92,-20.939999,-55.92
11.506,-25.439999,-19.68,-56.1
11.526,-25.439999,-20.1,-55.32
11.565,-25.56,-20.22,-55.559998
11.606,-25.859999,-20.58,-55.559998
11.625,-25.68,-20.22,-55.5
11.665,-26.039999,-20.64,-55.26
11.706,-26.699999,-20.22,-54.719997
11.725,-26.64,-20.34,-54.66
11.766,-25.859999,-19.5,-55.32
11.806,-25.98,-20.16,-54.84
11.826,-26.4,-20.64,-55.379997
11.865,-25.68,-20.16,-55.199997
11.905,-26.099998,-19.92,-55.92
11.925,-26.279999,-20.34,-55.8
11.966,-24.84,-20.46,-55.5
12.006,-26.16,-20.279999,-55.559998
12.025,-25.8,-20.34,-55.32
12.065,-25.859999,-19.74,-55.079998
12.106,-25.14,-19.74,-55.199997
12.126,-25.8,-19.56,-55.44
12.165,-25.859999,-20.039999,-54.539997
12.205,-25.8,-20.279999,-54.6
12.226,-25.8,-19.8,-55.26
12.265,-25.619999,-19.68,-55.32
12.305,-25.74,-21.0,-55.26
12.327,-26.039999,-21.06,-54.899998
12.367,-25.199999,-19.98,-55.739998
12.405,-25.68,-20.34,-55.02
12.445,-25.38,-20.279999,-55.379997
12.466,-25.5,-20.34,-55.14
12.506,-26.279999,-20.16,-55.199997
12.547,-24.96,-20.039999,-55.98
12.567,-25.56,-19.859999,-55.559998
12.609,-26.34,-19.68,-55.5
12.645,-25.92,-19.92,-55.199997
12.665,-25.619999,-19.74,-55.26
12.706,-25.14,-19.08,-54.96
12.745,-26.099998,-20.4,-55.559998
12.766,-25.56,-20.22,-55.44
12.806,-25.26,-20.22,-55.559998
12.846,-25.439999,-19.5,-55.02
12.867,-25.56,-20.34,-55.559998
12.906,-25.199999,-19.92,-55.379997
12.945,-26.16,-20.52,-55.079998
12.965,-25.619999,-20.46,-55.379997
13.005,-25.619999,-20.52,-55.739998
13.045,-25.68,-19.619999,-54.899998
13.086,-26.099998,-20.22,-55.199997
13.105,-25.92,-20.1,-55.32
13.147,-25.38,-19.439999,-55.32
13.185,-26.46,-20.4,-54.78
13.206,-26.519999,-20.52,-54.48
13.245,-26.279999,-20.1,-55.199997
13.285,-25.619999,-20.16,-55.44
13.307,-25.619999,-20.16,-55.32
13.345,-25.98,-19.74,-55.379997
13.386,-25.56,-19.56,-54.719997
13.406,-25.619999,-19.56,-54.78
13.447,-25.74,-19.439999,-55.079998
13.485,-26.22,-19.439999,-55.079998
13.504,-25.199999,-19.32,-56.039997
13.544,-25.14,-20.34,-55.44
13.586,-25.199999,-20.1,-55.32
13.605,-25.859999,-20.279999,-54.96
13.646,-25.38,-19.5,-55.079998
13.688,-25.8,-20.1,-55.26
13.706,-26.22,-20.16,-55.68
13.747,-24.96,-19.74,-55.559998
13.786,-25.859999,-20.1,-54.96
13.806,-26.58,-19.92,-54.96
13.847,-25.98,-19.92,-54.96
13.886,-25.92,-19.74,-55.62
13.927,-25.8,-19.98,-54.78
13.948,-25.859999,-20.4,-55.199997
13.986,-25.8,-20.16,-55.62
14.026,-25.08,-19.68,-54.84
14.048,-25.68,-19.859999,-54.84
14.085,-24.9,-19.68,-55.68
14.126,-25.8,-19.98,-55.199997
14.146,-26.22,-19.68,-54.899998
14.185,-25.92,-20.34,-55.199997
14.226,-25.08,-20.34,-55.199997
14.246,-25.14,-19.68,-54.78
14.287,-25.5,-20.16,-55.44
14.327,-25.56,-19.26,-55.379997
14.346,-25.5,-19.8,-55.199997
14.385,-25.74,-19.859999,-55.44
14.429,-26.039999,-19.5,-54.84
14.446,-25.98,-19.32,-54.78
14.487,-26.34,-20.46,-54.719997
14.526,-25.619999,-19.92,-55.62
14.545,-25.26,-20.279999,-55.739998
14.587,-25.859999,-20.34,-55.62
14.628,-25.5,-20.46,-56.1
14.649,-25.5,-20.22,-55.92
14.687,-25.5,-20.039999,-54.719997
14.726,-26.22,-19.98,-54.66
14.746,-25.619999,-20.52,-54.66
14.786,-25.859999,-19.74,-55.379997
14.827,-25.68,-19.98,-55.44
14.867,-26.58,-19.38,-55.5
14.886,-26.64,-19.92,-55.32
14.926,-26.039999,-19.859999,-55.02
14.965,-25.859999,-19.26,-55.199997
14.987,-26.039999,-19.08,-55.02
15.026,-26.099998,-19.74,-55.559998
15.068,-25.56,-19.439999,-55.079998
15.085,-25.56,-19.68,-55.199997
15.126,-25.439999,-19.56,-54.6
15.165,-25.14,-19.859999,-55.44
15.186,-25.98,-20.039999,-54.78
15.226,-25.68,-20.46,-55.379997
15.265,-25.199999,-19.8,-55.14
15.286,-25.199999,-19.38,-54.96
15.326,-25.68,-19.56,-55.14
15.366,-25.8,-19.56,-55.62
15.387,-26.82,-19.56,-55.379997
15.426,-25.74,-19.74,-55.079998
15.467,-25.019999,-20.16,-54.78
15.487,-25.98,-19.92,-54.059998
15.526,-25.26,-20.039999,-55.379997
15.565,-25.74,-20.16,-55.62
15.586,-25.14,-19.8,-54.66
15.626,-26.58,-20.039999,-55.739998
15.667,-25.619999,-20.16,-55.5
15.705,-25.619999,-20.1,-55.559998
15.726,-25.199999,-19.98,-54.899998
15.765,-25.38,-20.34,-55.199997
15.806,-25.38,-19.08,-54.78
15.826,-25.859999,-19.5,-55.079998
15.867,-25.38,-20.22,-55.44
15.906,-25.019999,-19.619999,-55.14
15.927,-25.08,-20.34,-55.14
15.967,-25.619999,-19.8,-55.44
16.005,-25.8,-20.039999,-54.899998
16.026,-25.74,-20.34,-54.84
16.067,-25.08,-20.16,-55.8
16.105,-26.82,-20.039999,-55.14
16.131,-25.8,-20.22,-55.379997
16.166,-24.9,-20.76,-54.84
16.210,-26.4,-20.4,-54.96
16.227,-26.58,-19.98,-54.48
16.266,-25.98,-20.22,-55.739998
16.306,-25.32,-19.8,-55.079998
16.326,-25.8,-20.279999,-54.78
16.368,-25.08,-20.22,-55.92
16.407,-25.68,-20.34,-55.14
16.428,-25.56,-20.939999,-54.48
16.468,-25.199999,-20.22,-55.32
16.507,-25.32,-19.92,-55.5
16.527,-25.439999,-20.52,-55.62
16.567,-24.84,-19.68,-55.5
16.606,-26.4,-19.32,-55.559998
16.628,-26.099998,-19.619999,-55.86
16.668,-25.92,-20.58,-55.5
16.708,-26.16,-19.68,-55.5
16.730,-25.56,-20.16,-56.039997
16.768,-26.039999,-19.859999,-54.059998
16.808,-25.74,-21.0,-55.199997
16.848,-25.32,-20.22,-55.379997
16.869,-25.439999,-19.98,-55.379997
16.907,-26.64,-20.4,-55.5
16.948,-25.439999,-20.039999,-54.719997
16.968,-25.619999,-19.859999,-55.199997
17.007,-25.8,-20.16,-55.5
17.057,-26.279999,-19.859999,-55.559998
17.067,-26.16,-20.22,-55.86
17.107,-25.68,-19.98,-54.539997
17.148,-25.56,-20.58,-55.14
17.168,-24.9,-20.4,-55.199997
17.207,-25.68,-20.039999,-55.14
17.248,-25.92,-20.039999,-55.739998
17.268,-25.619999,-19.619999,-55.079998
17.308,-25.8,-20.16,-55.02
17.348,-25.019999,-19.859999,-55.26
17.368,-24.9,-19.859999,-55.199997
17.408,-26.22,-20.22,-54.899998
17.448,-25.68,-19.98,-54.6
17.469,-25.8,-20.58,-55.379997
17.507,-25.38,-19.92,-56.039997
17.548,-25.38,-20.279999,-54.96
17.589,-25.56,-20.16,-55.62
17.608,-25.26,-19.619999,-55.5
17.648,-25.8,-21.24,-55.199997
17.688,-25.5,-20.58,-55.32
17.708,-25.859999,-20.039999,-55.5
17.747,-25.56,-21.06,-55.379997
17.788,-25.74,-20.46,-55.44
17.807,-26.279999,-20.88,-55.199997
17.848,-26.46,-19.98,-54.66
17.888,-25.5,-20.88,-55.92
17.907,-25.68,-20.64,-55.8
17.947,-25.74,-20.76,-55.199997
17.989,-25.32,-20.699999,-55.26
18.008,-25.74,-20.34,-55.44
18.046,-26.279999,-20.52,-55.26
18.086,-26.22,-20.16,-55.32
18.107,-26.4,-20.1,-55.199997
18.147,-26.22,-20.1,-54.719997
18.188,-25.26,-20.699999,-54.719997
18.211,-25.92,-20.52,-54.66
18.248,-26.34,-19.74,-54.899998
18.288,-25.619999,-20.34,-56.219997
18.327,-25.859999,-20.1,-54.6
18.347,-26.039999,-19.8,-54.66
18.387,-25.98,-20.34,-55.5
18.428,-26.22,-20.58,-54.899998
18.448,-26.099998,-20.64,-55.079998
18.488,-25.68,-20.58,-55.079998
18.528,-26.519999,-19.92,-55.26
18.548,-26.4,-20.1,-55.92
18.588,-25.98,-20.039999,-55.62
18.627,-25.439999,-20.4,-55.92
18.649,-25.98,-20.58,-56.28
18.688,-26.099998,-19.92,-55.68
18.728,-25.98,-19.92,-55.199997
18.748,-25.619999,-19.859999,-55.739998
18.788,-25.92,-20.88,-55.86
18.827,-25.5,-19.68,-55.26
18.849,-25.56,-20.64,-55.32
18.886,-25.74,-20.58,-54.96
18.927,-25.439999,-20.82,-55.14
18.948,-25.38,-20.58,-55.5
18.988,-25.56,-20.76,-56.16
19.028,-26.279999,-20.279999,-55.32
19.049,-25.619999,-20.82,-55.92
19.087,-25.199999,-20.64,-55.32
19.130,-25.5,-20.52,-55.379997
19.150,-25.08,-19.859999,-55.32
19.188,-25.8,-20.82,-54.48
19.229,-25.92,-19.199999,-55.739998
19.248,-25.92,-20.16,-55.559998
19.288,-26.099998,-20.16,-55.379997
19.327,-25.98,-20.4,-55.32
19.368,-25.68,-20.64,-55.26
19.388,-25.74,-20.699999,-55.199997
19.429,-25.68,-20.64,-55.5
19.469,-25.56,-21.72,-54.78
19.488,-26.039999,-21.18,-55.379997
19.529,-26.039999,-20.64,-54.84
19.567,-26.039999,-19.74,-55.02
19.588,-26.279999,-20.22,-55.32
19.628,-25.56,-19.56,-55.14
19.667,-24.96,-20.039999,-55.5
19.687,-25.199999,-19.68,-55.14
19.727,-25.26,-20.58,-54.36
19.767,-25.92,-20.279999,-55.26
19.786,-25.5,-20.279999,-55.199997
19.827,-26.039999,-20.039999,-55.739998
19.867,-25.38,-20.58,-55.26
19.889,-25.859999,-20.1,-55.92
19.928,-24.9,-19.8,-55.26
19.967,-26.4,-21.06,-56.1
19.989,-26.16,-20.699999,-55.92
20.027,-25.019999,-19.859999,-55.079998
20.069,-26.46,-19.98,-55.02
20.108,-25.26,-19.92,-55.199997
20.127,-24.9,-19.98,-55.62
20.167,-26.519999,-20.039999,-55.199997
20.208,-25.98,-20.22,-55.44
20.227,-26.099998,-20.34,-56.16
20.267,-25.8,-20.34,-56.399998
20.307,-25.439999,-19.5,-55.379997
20.327,-26.099998,-19.619999,-55.8
20.367,-26.099998,-19.92,-55.5
20.407,-26.16,-20.58,-56.16
20.428,-25.56,-20.22,-55.739998
20.468,-26.34,-19.619999,-55.14
20.509,-25.439999,-19.98,-55.86
20.530,-25.08,-19.56,-55.739998
20.568,-25.92,-20.039999,-55.62
20.609,-25.74,-19.92,-55.8
20.627,-25.92,-20.46,-55.86
20.668,-26.519999,-20.76,-55.559998
20.708,-26.519999,-20.52,-54.6
20.729,-26.46,-20.4,-55.379997
20.768,-26.16,-19.32,-55.559998
20.810,-25.92,-19.8,-55.62
20.829,-25.619999,-19.8,-55.98
20.867,-25.56,-20.039999,-55.44
20.907,-26.279999,-20.039999,-56.1
20.950,-26.039999,-21.0,-55.62
20.968,-25.98,-20.52,-55.44
21.008,-26.099998,-20.34,-55.559998
21.046,-25.68,-21.06,-54.78
21.067,-25.74,-20.699999,-55.02
21.108,-25.8,-20.34,-55.26
21.147,-26.16,-20.4,-55.26
21.167,-25.199999,-20.22,-55.14
21.207,-25.98,-20.52,-54.539997
21.248,-25.019999,-20.1,-55.8
21.268,-25.32,-20.039999,-55.14
21.307,-26.099998,-20.279999,-55.079998
21.348,-25.38,-20.16,-54.899998
21.368,-25.859999,-19.859999,-55.199997
21.407,-25.619999,-20.16,-54.899998
21.446,-26.099998,-20.16,-55.02
21.468,-26.4,-20.58,-55.62
21.507,-25.439999,-19.619999,-55.86
21.548,-25.98,-19.92,-55.379997
21.588,-25.92,-20.34,-55.68
21.607,-25.98,-20.039999,-55.559998
21.647,-26.039999,-20.279999,-55.14
21.688,-25.38,-20.1,-55.86
21.707,-26.099998,-20.34,-55.559998
21.747,-25.439999,-20.82,-54.899998
21.789,-25.859999,-20.279999,-54.96
21.808,-25.859999,-20.039999,-55.5
21.848,-24.72,-20.46,-55.739998
21.888,-26.22,-20.76,-55.02
21.908,-25.38,-20.46,-55.199997
21.948,-25.92,-20.16,-54.899998
21.988,-25.859999,-20.1,-54.96
22.008,-25.68,-19.92,-54.899998
22.046,-26.46,-20.279999,-56.1
22.087,-26.16,-19.8,-54.78
22.107,-26.279999,-19.8,-54.84
22.148,-25.56,-20.279999,-54.66
22.187,-26.22,-19.68,-55.5
22.208,-25.98,-19.8,-55.32
22.248,-25.56,-19.74,-55.199997
22.288,-25.68,-20.279999,-55.44
22.308,-25.32,-19.56,-55.8
22.347,-26.76,-20.279999,-55.559998
22.387,-25.08,-20.4,-55.379997
22.407,-25.68,-20.64,-55.5
22.447,-26.039999,-19.68,-55.8
22.490,-25.74,-20.16,-54.84
22.508,-25.619999,-20.34,-54.78
22.546,-25.26,-19.38,-55.92
22.588,-25.56,-20.22,-55.199997
22.627,-25.68,-20.34,-54.78
22.647,-26.039999,-20.76,-55.32
22.687,-26.22,-19.14,-54.96
22.727,-25.5,-20.279999,-55.199997
22.748,-25.68,-19.98,-54.719997
22.788,-26.099998,-19.68,-54.539997
22.826,-25.859999,-20.16,-55.86
22.848,-25.92,-19.98,-55.86
22.887,-25.5,-19.92,-55.14
22.927,-26.22,-20.76,-54.84
22.947,-25.859999,-20.16,-54.539997
22.989,-25.619999,-19.859999,-55.14
23.025,-25.92,-19.439999,-54.84
23.046,-26.099998,-19.08,-55.32
23.085,-25.98,-19.98,-55.14
23.127,-25.74,-20.039999,-55.5
23.147,-25.199999,-20.52,-55.14
23.187,-25.38,-19.92,-55.379997
23.228,-26.099998,-20.279999,-54.6
23.267,-25.439999,-19.68,-55.92
23.287,-25.74,-19.74,-54.84
23.329,-26.82,-20.82,-55.62
23.367,-26.16,-19.56,-54.48
23.386,-26.039999,-20.58,-54.239998
23.427,-26.34,-19.92,-55.379997
23.468,-26.58,-20.52,-54.66
23.489,-26.039999,-20.039999,-55.199997
23.528,-26.039999,-19.98,-55.079998
23.549,-25.38,-20.16,-55.079998
23.588,-25.619999,-20.1,-56.039997
23.627,-25.019999,-20.039999,-55.26
23.667,-25.92,-19.439999,-54.96
23.687,-25.8,-19.68,-55.379997
23.726,-25.26,-19.619999,-55.5
23.767,-26.099998,-20.52,-55.079998
23.788,-25.5,-19.74,-55.02
23.827,-26.58,-19.5,-54.899998
23.868,-25.68,-20.1,-54.84
23.888,-25.8,-19.859999,-55.14
23.926,-25.56,-20.46,-55.26
23.969,-26.279999,-19.98,-54.96
23.987,-26.4,-20.82,-55.44
24.027,-26.039999,-20.16,-54.719997
24.067,-25.199999,-19.68,-54.78
24.106,-26.64,-19.8,-54.66
24.126,-25.8,-20.1,-54.84
24.167,-26.099998,-19.92,-55.5
24.209,-25.439999,-19.26,-55.92
24.227,-25.5,-19.74,-55.44
24.267,-26.039999,-19.74,-54.96
24.310,-25.859999,-20.039999,-55.62
24.326,-25.439999,-19.619999,-55.5
24.370,-25.68,-20.039999,-55.199997
24.390,-25.5,-20.279999,-54.18
24.430,-26.099998,-19.38,-55.079998
24.467,-26.16,-20.1,-54.78
24.507,-25.56,-20.46,-55.5
24.527,-25.619999,-20.34,-55.86
24.567,-26.22,-20.58,-54.78
24.607,-25.56,-20.4,-55.079998
24.626,-25.68,-20.4,-55.14
24.666,-26.58,-19.619999,-54.899998
24.707,-26.22,-20.1,-55.14
24.727,-26.22,-20.34,-54.96
24.768,-25.68,-19.92,-55.559998
24.808,-26.099998,-19.32,-55.5
24.848,-25.38,-19.859999,-54.66
24.868,-25.619999,-20.039999,-55.079998
24.907,-26.22,-19.74,-56.1
24.927,-25.5,-19.5,-55.68
24.967,-26.039999,-19.8,-54.42
25.008,-26.099998,-19.68,-55.32
25.048,-25.74,-20.16,-55.26
25.066,-25.38,-19.8,-55.559998
25.107,-25.859999,-19.859999,-54.78
25.148,-25.14,-19.859999,-56.1
25.167,-24.9,-19.68,-55.199997
25.207,-25.08,-19.859999,-55.92
25.247,-25.199999,-20.22,-54.84
25.267,-25.26,-20.82,-54.84
25.306,-25.859999,-20.46,-55.079998
25.347,-26.4,-20.22,-55.559998
25.368,-26.039999,-20.52,-54.66
25.408,-25.859999,-20.4,-55.62
25.447,-25.68,-19.8,-55.44
25.469,-25.98,-19.74,-55.379997
25.508,-26.46,-20.34,-55.86
25.546,-25.74,-19.74,-55.199997
25.567,-25.74,-19.5,-55.079998
25.606,-25.74,-20.699999,-54.539997
25.648,-25.32,-20.16,-55.5
25.666,-25.859999,-19.98,-55.079998
25.706,-25.08,-19.8,-55.079998
25.747,-26.16,-20.16,-54.539997
25.767,-26.16,-20.34,-55.079998
25.808,-25.98,-19.98,-55.079998
25.847,-25.859999,-20.46,-55.079998
25.868,-25.859999,-19.68,-55.199997
25.908,-25.859999,-19.98,-55.079998
25.949,-25.199999,-19.859999,-55.68
25.988,-25.98,-20.22,-55.5
26.009,-25.32,-20.46,-55.32
26.045,-25.8,-19.98,-55.5
26.088,-26.16,-20.699999,-55.14
26.107,-26.099998,-20.52,-55.199997
26.147,-26.16,-20.279999,-54.96
26.187,-25.74,-19.98,-54.899998
26.207,-25.56,-20.039999,-55.32
26.246,-26.22,-20.16,-54.6
26.286,-25.5,-19.98,-54.96
26.306,-25.92,-20.82,-55.079998
26.347,-25.98,-19.38,-54.66
26.386,-26.22,-20.039999,-55.079998
26.406,-26.099998,-19.32,-55.739998
26.447,-25.68,-19.619999,-56.1
26.488,-26.16,-19.56,-55.44
26.508,-25.98,-18.96,-55.739998
26.546,-26.099998,-20.4,-55.079998
26.587,-26.22,-19.5,-55.559998
26.626,-25.439999,-20.4,-54.96
26.647,-25.08,-20.52,-54.36
26.686,-25.08,-20.46,-55.92
26.727,-26.22,-20.16,-54.96
26.746,-26.279999,-20.039999,-54.66
26.786,-25.8,-20.039999,-54.539997
26.826,-26.4,-19.92,-55.68
26.846,-26.279999,-19.98,-55.559998
26.887,-25.68,-20.1,-55.32
26.926,-26.64,-19.68,-55.02
26.946,-26.039999,-20.58,-54.96
26.987,-25.439999,-19.56,-54.96
27.011,-25.8,-19.8,-54.78
27.047,-25.74,-20.46,-54.66
27.086,-26.099998,-20.16,-54.719997
27.128,-25.619999,-20.64,-55.079998
27.148,-25.98,-20.279999,-55.079998
27.187,-25.8,-19.98,-55.32
27.228,-25.92,-20.4,-55.02
27.247,-25.74,-20.4,-54.78
27.287,-25.859999,-20.52,-54.6
27.329,-25.8,-20.52,-55.44
27.348,-25.08,-20.4,-55.02
27.388,-25.98,-20.22,-54.719997
27.427,-25.08,-19.74,-55.86
27.447,-25.5,-19.8,-54.78
27.488,-25.8,-19.98,-55.14
27.527,-26.34,-19.98,-55.92
27.549,-25.859999,-19.56,-55.62
27.586,-25.92,-20.039999,-54.84
27.627,-26.279999,-20.4,-54.66
27.667,-25.68,-20.16,-55.62
27.688,-25.619999,-20.1,-55.02
27.727,-25.26,-19.619999,-55.44
27.767,-25.56,-19.439999,-54.96
27.787,-25.32,-19.5,-54.539997
27.825,-25.32,-19.619999,-55.62
27.867,-26.34,-19.859999,-55.14
27.887,-26.039999,-20.34,-54.96
27.929,-25.859999,-19.859999,-55.199997
27.966,-25.859999,-19.68,-55.199997
27.989,-26.099998,-20.34,-55.32
28.025,-25.92,-20.46,-54.719997
28.066,-25.8,-19.8,-55.079998
28.086,-26.099998,-19.74,-55.26
28.125,-26.039999,-19.859999,-53.94
28.166,-25.859999,-20.16,-54.66
28.206,-27.0,-19.68,-54.059998
28.225,-26.519999,-19.32,-53.94
28.266,-25.8,-20.279999,-55.079998
28.306,-26.34,-21.0,-55.26
28.326,-26.279999,-20.52,-55.62
28.365,-25.5,-19.5,-55.02
28.388,-26.039999,-20.279999,-54.96
28.426,-25.92,-19.68,-55.26
28.466,-25.92,-20.279999,-54.6
28.506,-26.34,-19.8,-54.78
28.527,-26.039999,-19.5,-55.02
28.567,-26.039999,-19.98,-55.739998
28.605,-25.5,-20.039999,-55.14
28.627,-25.26,-20.46,-55.559998
28.666,-25.859999,-19.859999,-55.199997
28.707,-25.92,-20.1,-55.199997
28.728,-25.56,-20.22,-55.14
28.766,-26.039999,-20.22,-54.84
28.807,-25.5,-19.859999,-54.78
28.825,-25.56,-19.8,-55.02
28.866,-26.099998,-20.4,-55.379997
28.906,-26.4,-20.76,-55.26
28.927,-26.039999,-19.98,-54.6
28.966,-25.74,-19.619999,-55.62
29.008,-25.32,-19.92,-55.5
29.026,-25.619999,-19.8,-55.86
29.067,-26.099998,-19.98,-55.079998
29.106,-26.099998,-20.16,-54.36
29.146,-25.74,-20.46,-54.66
29.167,-26.099998,-20.22,-55.199997
29.206,-26.46,-20.699999,-55.32
29.246,-26.099998,-20.16,-54.66
29.267,-26.22,-20.4,-55.199997
29.307,-25.5,-19.98,-55.98
29.346,-25.56,-20.22,-54.18
29.366,-25.92,-19.74,-54.96
29.406,-25.8,-19.5,-54.84
29.445,-25.8,-20.52,-54.78
29.466,-26.46,-20.34,-55.199997
29.506,-26.4,-19.619999,-55.5
29.547,-25.26,-19.859999,-55.68
29.567,-25.14,-19.8,-55.26
29.608,-25.56,-20.699999,-55.739998
29.646,-25.199999,-19.439999,-55.199997
29.668,-25.38,-19.68,-54.899998
29.705,-26.34,-19.98,-54.719997
29.746,-25.98,-20.279999,-55.32
29.765,-25.56,-19.98,-55.199997
29.805,-26.039999,-19.439999,-55.14
29.845,-25.56,-19.26,-54.84
29.866,-25.619999,-18.96,-55.079998
29.906,-26.039999,-20.039999,-55.62
29.947,-25.5,-19.859999,-55.14
29.986,-25.32,-19.74,-54.899998
30.008,-25.26,-20.16,-54.84
30.045,-26.16,-19.98,-56.1
30.069,-26.279999,-19.98,-55.62
30.108,-26.16,-19.74,-54.48
30.146,-25.98,-19.98,-54.84
30.186,-25.92,-20.58,-55.199997
30.208,-26.279999,-20.039999,-55.379997
30.247,-26.039999,-19.98,-54.96
30.287,-25.92,-20.58,-55.32
30.306,-26.16,-20.16,-55.559998
30.346,-26.099998,-20.279999,-55.32
30.387,-25.38,-19.8,-55.02
30.406,-25.32,-20.82,-55.8
30.447,-25.98,-20.52,-55.5
30.486,-25.68,-20.1,-54.78
30.506,-25.859999,-19.98,-54.539997
30.546,-25.859999,-19.98,-55.5
30.586,-26.34,-19.38,-54.96
30.610,-26.039999,-19.92,-54.78
30.646,-26.099998,-19.98,-55.32
30.687,-25.26,-20.699999,-55.5
30.707,-25.019999,-20.939999,-54.719997
30.747,-25.859999,-20.279999,-55.68
30.787,-25.38,-20.34,-55.199997
30.807,-25.619999,-19.98,-55.26
30.847,-26.099998,-20.64,-54.66
30.887,-26.279999,-20.52,-54.899998
30.926,-25.68,-19.92,-55.739998
30.946,-25.859999,-20.16,-55.199997
30.986,-26.039999,-19.56,-54.6
31.027,-26.279999,-19.98,-54.96
31.048,-25.199999,-19.619999,-54.48
31.087,-26.76,-20.1,-54.539997
31.126,-26.099998,-20.22,-54.96
31.147,-25.74,-20.16,-55.44
31.186,-25.68,-20.88,-55.14
31.227,-25.08,-20.34,-55.32
31.245,-25.619999,-20.46,-54.899998
31.286,-25.14,-20.22,-55.14
31.326,-24.96,-20.039999,-54.899998
31.345,-25.5,-20.76,-55.44
31.386,-25.68,-19.8,-55.199997
31.425,-25.74,-20.16,-54.78
31.445,-25.619999,-19.98,-54.84
31.486,-25.68,-20.76,-54.239998
31.525,-25.68,-19.859999,-54.96
31.546,-25.439999,-19.5,-54.96
31.586,-25.8,-19.68,-55.32
31.626,-26.039999,-19.8,-55.14
31.665,-25.5,-20.82,-55.02
31.685,-25.38,-20.22,-55.379997
31.725,-25.68,-20.039999,-55.26
31.766,-25.619999,-19.859999,-55.14
31.786,-25.68,-20.52,-55.44
31.851,-25.38,-20.039999,-54.42
31.888,-26.22,-19.859999,-55.199997
31.928,-25.26,-19.98,-54.48
31.969,-26.34,-20.699999,-54.78
31.988,-26.76,-20.64,-54.899998
32.028,-25.5,-19.92,-54.539997
32.065,-25.92,-21.119999,-54.84
32.085,-25.619999,-19.8,-54.48
32.126,-26.34,-19.619999,-55.44
32.166,-25.32,-20.16,-54.36
32.185,-25.5,-20.1,-54.719997
32.226,-25.439999,-20.82,-55.079998
32.266,-25.56,-20.76,-55.079998
32.286,-25.92,-20.52,-54.539997
32.327,-26.76,-20.34,-54.78
32.366,-26.4,-19.8,-54.96
32.388,-25.5,-20.4,-55.079998
32.425,-26.76,-19.68,-55.44
32.466,-25.8,-19.56,-54.48
32.506,-25.92,-20.1,-55.26
32.525,-25.38,-19.68,-54.96
32.566,-25.68,-19.5,-55.379997
32.607,-26.099998,-19.74,-54.84
32.627,-26.76,-19.92,-54.48
32.667,-26.4,-19.859999,-54.719997
32.706,-26.4,-20.1,-55.079998
32.725,-25.8,-20.22,-54.719997
32.766,-26.279999,-20.22,-54.42
32.806,-26.22,-20.1,-54.899998
32.826,-25.619999,-19.859999,-54.42
32.866,-26.22,-20.039999,-54.66
32.906,-25.859999,-20.1,-55.14
32.926,-24.96,-20.1,-54.66
32.966,-26.34,-20.1,-55.559998
33.006,-25.5,-20.039999,-54.84
33.027,-25.98,-20.46,-55.02
33.067,-25.32,-19.859999,-55.379997
33.105,-26.099998,-20.279999,-55.32
33.125,-26.699999,-20.039999,-54.719997
33.167,-25.26,-20.22,-54.48
33.208,-25.32,-19.859999,-55.02
33.226,-25.38,-20.4,-55.379997
33.266,-25.859999,-19.68,-55.32
33.307,-25.8,-20.4,-54.42
33.327,-26.099998,-20.4,-54.12
33.366,-25.32,-19.98,-55.379997
33.407,-26.099998,-19.8,-55.92
33.446,-26.64,-20.4,-55.14
33.466,-26.82,-19.98,-54.719997
33.506,-25.5,-19.68,-54.719997
33.546,-25.8,-19.439999,-55.26
33.568,-25.859999,-19.859999,-54.96
33.607,-26.58,-20.16,-55.02
33.645,-25.56,-20.1,-55.32
33.668,-26.64,-20.22,-54.899998
33.707,-26.279999,-20.58,-55.739998
33.748,-25.5,-19.92,-54.96
33.768,-25.74,-20.22,-55.379997
33.806,-25.8,-19.859999,-54.899998
33.847,-25.619999,-20.039999,-54.539997
33.866,-25.92,-19.56,-54.84
33.908,-26.16,-19.5,-55.14
33.947,-26.279999,-19.859999,-55.379997
33.967,-25.5,-20.34,-55.199997
34.006,-26.519999,-19.8,-55.5
34.046,-24.72,-20.16,-54.539997
34.069,-25.68,-19.92,-54.899998
34.105,-25.98,-20.52,-54.96
34.146,-25.56,-19.8,-55.079998
34.185,-25.5,-20.039999,-55.14
34.209,-24.9,-19.56,-54.36
34.248,-26.4,-20.039999,-54.6
34.287,-26.34,-20.279999,-54.3
34.309,-26.099998,-19.98,-54.96
34.345,-26.279999,-19.68,-55.199997
34.385,-26.46,-19.92,-55.68
34.405,-25.92,-19.8,-55.32
34.448,-26.22,-20.58,-54.78
34.484,-25.14,-19.859999,-55.079998
34.505,-25.859999,-19.619999,-54.96
34.545,-26.099998,-19.74,-54.96
34.585,-25.38,-19.98,-54.899998
34.605,-26.279999,-20.76,-54.66
34.645,-26.46,-20.039999,-54.899998
34.686,-26.46,-20.279999,-55.62
34.705,-25.92,-20.699999,-55.379997
34.745,-25.92,-20.34,-54.539997
34.784,-25.8,-20.4,-54.719997
34.824,-25.74,-20.1,-54.84
34.844,-25.92,-19.8,-54.899998
34.884,-25.439999,-20.1,-54.84
34.925,-25.68,-20.279999,-55.26
34.945,-25.32,-20.16,-55.02
34.984,-26.4,-20.279999,-55.26
35.025,-26.34,-19.98,-55.5
35.044,-26.34,-20.039999,-54.6
35.084,-25.859999,-20.16,-54.36
35.124,-25.56,-20.699999,-54.539997
35.144,-26.039999,-21.06,-54.36
35.185,-25.98,-20.4,-55.14
35.224,-26.099998,-19.439999,-54.84
35.244,-25.92,-19.38,-54.36
35.285,-25.439999,-20.039999,-54.899998
35.324,-26.279999,-20.34,-55.62
35.346,-26.699999,-20.279999,-55.14
35.386,-25.74,-20.22,-55.02
35.425,-26.34,-20.1,-54.3
35.445,-25.859999,-19.98,-54.6
35.485,-25.199999,-19.92,-54.719997
35.526,-24.66,-19.8,-55.26
35.547,-25.199999,-19.8,-55.44
35.586,-26.039999,-20.22,-55.079998
35.626,-25.32,-19.859999,-54.899998
35.646,-25.619999,-20.279999,-54.539997
35.687,-26.46,-20.64,-55.5
35.725,-25.619999,-20.16,-54.12
35.746,-25.74,-20.039999,-54.539997
35.786,-25.8,-19.859999,-55.14
35.826,-25.619999,-20.64,-55.379997
35.865,-25.5,-20.34,-55.379997
35.887,-26.34,-20.1,-55.62
35.926,-26.82,-20.699999,-55.02
35.966,-25.5,-20.1,-54.899998
35.986,-25.56,-20.279999,-55.26
36.025,-25.74,-20.279999,-54.899998
36.067,-26.099998,-20.34,-54.719997
36.084,-26.039999,-20.52,-54.719997
36.126,-25.439999,-20.58,-55.26
36.165,-25.859999,-20.22,-55.14
36.185,-26.099998,-19.98,-55.739998
36.225,-24.96,-20.46,-55.14
36.266,-25.92,-19.68,-54.84
36.285,-25.56,-19.8,-54.78
36.326,-26.22,-20.82,-54.539997
36.367,-25.619999,-20.34,-54.3
36.391,-25.68,-20.1,-54.239998
36.425,-26.16,-20.58,-54.18
36.464,-25.98,-20.039999,-54.18
36.503,-25.98,-19.68,-54.539997
36.524,-25.8,-19.5,-54.539997
36.564,-25.74,-19.98,-55.199997
36.604,-25.56,-20.279999,-54.899998
36.624,-25.859999,-20.34,-55.079998
36.664,-25.619999,-20.1,-54.96
36.705,-25.8,-19.92,-55.26
36.726,-25.98,-19.98,-55.379997
36.766,-26.279999,-19.68,-54.42
36.806,-26.4,-19.5,-54.719997
36.824,-26.4,-19.619999,-54.78
36.865,-25.8,-19.38,-55.199997
36.906,-27.0,-19.92,-54.6
36.925,-26.099998,-20.22,-54.36
36.965,-26.039999,-19.74,-54.78
37.005,-25.74,-20.16,-55.26
37.025,-26.279999,-20.279999,-55.559998
37.066,-26.16,-19.199999,-55.02
37.104,-26.099998,-20.52,-54.3
37.125,-26.4,-20.039999,-54.3
37.166,-25.32,-20.279999,-54.66
37.206,-25.74,-19.8,-54.96
37.225,-25.8,-19.8,-55.68
37.265,-25.68,-19.5,-54.899998
37.306,-25.38,-20.1,-54.66
37.326,-25.619999,-19.92,-54.66
37.366,-25.08,-20.1,-54.78
37.406,-25.92,-19.859999,-54.6
37.446,-25.5,-19.859999,-55.379997
37.465,-25.92,-20.22,-55.44
37.504,-25.74,-19.8,-54.899998
37.545,-26.64,-20.46,-54.899998
37.566,-25.619999,-20.46,-54.84
37.604,-25.68,-20.88,-54.12
37.645,-25.68,-20.46,-55.079998
37.666,-25.5,-20.46,-55.079998
37.707,-26.16,-19.859999,-54.6
37.747,-26.64,-20.4,-54.48
37.766,-26.4,-20.52,-53.64
37.810,-25.439999,-20.279999,-54.48
37.846,-26.16,-20.22,-54.0
37.866,-25.92,-19.859999,-53.94
37.905,-25.619999,-20.4,-54.239998
37.946,-26.039999,-19.619999,-55.739998
37.966,-25.8,-20.039999,-55.14
38.006,-25.68,-20.16,-54.6
38.046,-25.5,-19.619999,-55.199997
38.067,-26.279999,-20.039999,-54.96
38.104,-26.82,-19.56,-54.539997
38.145,-25.619999,-20.279999,-54.96
38.166,-25.74,-20.58,-54.719997
38.205,-25.439999,-20.4,-55.14
38.245,-25.92,-20.4,-54.78
38.285,-26.699999,-19.68,-54.6
38.303,-26.46,-19.8,-54.42
38.346,-27.24,-20.279999,-54.719997
38.387,-25.74,-19.92,-55.02
38.406,-26.099998,-19.98,-55.44
38.444,-25.859999,-19.74,-54.719997
38.484,-26.16,-20.22,-55.739998
38.507,-25.859999,-20.16,-55.079998
38.544,-26.039999,-20.22,-54.239998
38.588,-25.859999,-19.92,-54.78
38.607,-26.64,-20.1,-54.66
38.647,-26.099998,-19.68,-54.66
38.686,-26.039999,-19.619999,-54.719997
38.707,-26.58,-19.98,-55.32
38.743,-26.279999,-19.859999,-54.239998
38.785,-26.22,-19.98,-54.42
38.805,-26.279999,-19.8,-54.539997
38.845,-24.9,-19.68,-54.719997
38.886,-25.439999,-20.64,-54.18
38.905,-25.92,-20.82,-54.539997
38.946,-26.34,-20.279999,-55.079998
38.985,-26.16,-19.8,-55.02
39.005,-26.039999,-20.16,-54.66
39.043,-25.38,-20.34,-54.539997
39.085,-25.439999,-19.68,-55.079998
39.125,-25.74,-20.46,-55.5
39.146,-25.14,-19.92,-54.78
39.187,-25.38,-20.039999,-54.719997
39.223,-25.92,-19.92,-55.14
39.244,-26.099998,-20.16,-54.18
39.286,-26.519999,-20.1,-55.14
39.326,-25.439999,-20.1,-55.02
39.346,-24.9,-19.68,-54.66
39.386,-26.34,-19.8,-54.539997
39.426,-26.22,-19.92,-54.899998
39.445,-26.099998,-19.92,-55.8
39.485,-25.619999,-19.5,-55.68
39.525,-25.5,-19.98,-54.66
39.544,-25.5,-19.74,-55.079998
39.585,-25.439999,-19.439999,-55.32
39.625,-25.38,-19.92,-54.96
39.645,-25.68,-19.68,-55.44
39.686,-26.34,-20.52,-54.719997
39.725,-25.74,-19.26,-55.379997
39.745,-25.8,-19.439999,-55.739998
39.786,-25.5,-20.34,-55.32
39.826,-25.199999,-20.4,-54.66
39.845,-25.38,-20.52,-55.14
39.885,-25.5,-20.1,-55.44
39.925,-25.619999,-19.98,-55.86
39.965,-25.56,-20.1,-55.26
39.985,-24.96,-19.92,-54.96
40.025,-25.98,-19.859999,-55.02
40.065,-24.84,-19.98,-54.48
40.084,-25.74,-19.5,-54.84
40.125,-26.279999,-20.1,-54.78
40.165,-26.4,-19.5,-54.48
40.185,-26.16,-19.32,-54.6
40.226,-25.8,-20.22,-54.84
40.265,-25.56,-19.38,-54.3
40.285,-25.38,-20.1,-54.84
40.324,-26.34,-19.98,-54.239998
40.366,-25.92,-20.039999,-55.62
40.383,-25.619999,-20.279999,-55.199997
40.423,-25.74,-20.039999,-54.66
40.463,-25.92,-19.8,-54.48
40.484,-25.859999,-20.039999,-54.66
40.523,-25.68,-19.619999,-55.02
40.566,-25.56,-20.4,-55.14
40.585,-26.34,-20.279999,-54.899998
40.624,-26.279999,-19.859999,-55.199997
40.663,-25.68,-19.26,-55.32
40.703,-26.16,-20.34,-54.0
40.724,-25.68,-20.22,-54.84
40.765,-26.279999,-19.08,-54.18
40.803,-25.56,-20.16,-54.899998
40.824,-25.92,-20.22,-54.539997
40.864,-26.039999,-20.4,-55.62
40.903,-25.019999,-19.68,-55.44
40.923,-25.619999,-20.279999,-55.44
40.962,-26.76,-20.279999,-55.739998
41.004,-25.68,-19.98,-54.84
41.026,-26.099998,-19.68,-55.32
41.063,-25.92,-19.619999,-54.66
41.103,-25.859999,-19.92,-54.36
41.124,-25.5,-20.16,-54.239998
41.163,-26.099998,-19.68,-54.719997
41.204,-25.74,-20.279999,-55.62
41.224,-25.92,-19.619999,-55.559998
41.263,-26.039999,-19.38,-54.78
41.304,-25.5,-20.039999,-54.96
41.344,-25.68,-19.98,-54.6
41.363,-25.32,-19.74,-54.36
41.407,-26.279999,-19.68,-54.539997
41.424,-25.619999,-19.98,-55.02
41.464,-26.22,-20.16,-55.02
41.503,-25.98,-19.5,-55.62
41.544,-25.74,-20.039999,-54.78
41.563,-26.22,-20.16,-55.68
41.603,-25.68,-19.92,-54.66
41.643,-25.439999,-19.08,-55.199997
41.664,-25.859999,-19.439999,-55.14
41.704,-26.039999,-19.92,-55.62
41.744,-24.84,-19.859999,-54.3
41.764,-25.5,-20.4,-55.26
41.803,-26.4,-19.619999,-55.079998
41.844,-26.16,-19.8,-55.14
41.863,-26.039999,-19.8,-54.899998
41.904,-25.439999,-19.98,-54.899998
41.945,-26.4,-19.56,-54.96
41.963,-26.099998,-19.859999,-55.079998
42.004,-25.98,-20.58,-54.719997
42.043,-26.64,-19.439999,-55.32
42.063,-26.34,-19.199999,-55.32
42.103,-25.8,-20.279999,-54.96
42.143,-25.199999,-20.4,-55.379997
42.183,-26.4,-20.4,-54.539997
42.203,-26.76,-19.98,-54.719997
42.244,-25.74,-19.859999,-54.539997
42.264,-25.98,-19.92,-54.719997
42.304,-25.98,-20.16,-55.44
42.343,-25.859999,-19.32,-54.36
42.383,-26.82,-19.619999,-54.48
42.403,-26.58,-20.279999,-54.66
42.443,-26.4,-20.64,-54.6
42.483,-26.88,-19.26,-54.36
42.503,-26.64,-19.619999,-54.12
42.543,-25.98,-19.5,-54.12
42.584,-25.38,-20.939999,-54.239998
42.603,-25.26,-20.46,-54.239998
42.643,-25.439999,-20.1,-54.899998
42.683,-26.22,-19.8,-54.539997
42.703,-26.16,-19.68,-55.26
42.744,-25.5,-19.92,-55.739998
42.784,-25.74,-19.8,-55.199997
42.803,-26.46,-20.52,-55.26
42.843,-25.98,-20.88,-55.079998
42.883,-27.119999,-19.74,-55.559998
42.903,-26.76,-19.92,-55.86
42.944,-25.26,-19.8,-55.26
42.983,-25.56,-19.74,-55.14
43.004,-25.859999,-20.82,-55.5
43.043,-25.5,-19.98,-54.84
43.084,-25.32,-20.46,-54.899998
43.113,-25.32,-20.4,-54.78
43.143,-25.859999,-19.98,-54.6
43.182,-25.74,-19.74,-54.3
43.222,-25.98,-19.199999,-55.02
43.242,-26.279999,-19.98,-54.3
43.283,-25.98,-19.859999,-54.539997
43.324,-25.859999,-20.039999,-54.84
43.343,-25.56,-19.92,-54.719997
43.384,-25.74,-19.38,-54.42
43.411,-25.32,-19.32,-54.059998
43.444,-25.32,-19.26,-55.32
43.484,-26.4,-19.5,-54.6
43.524,-26.16,-19.74,-55.199997
43.544,-25.859999,-19.92,-55.26
43.585,-26.22,-20.22,-54.059998
43.625,-25.92,-20.279999,-54.899998
43.645,-26.64,-20.52,-54.36
43.684,-25.56,-19.32,-55.44
43.725,-25.38,-21.18,-55.5
43.745,-25.859999,-21.119999,-55.199997
43.784,-25.859999,-20.16,-54.84
43.824,-26.099998,-19.68,-54.78
43.844,-26.039999,-19.68,-54.78
43.886,-25.859999,-19.98,-54.6
43.927,-25.26,-20.699999,-55.86
43.947,-25.199999,-20.46,-55.14
43.986,-25.619999,-19.74,-54.899998
44.026,-25.98,-20.279999,-55.079998
44.064,-26.34,-20.34,-53.76
44.083,-26.16,-20.22,-54.78
44.123,-26.22,-19.859999,-54.239998
44.164,-26.519999,-19.8,-54.96
44.184,-26.519999,-20.279999,-55.079998
44.225,-25.32,-19.859999,-55.02
44.264,-25.56,-19.32,-54.66
44.285,-26.46,-19.32,-55.14
44.324,-26.16,-20.4,-54.96
44.365,-25.8,-19.5,-55.559998
44.384,-25.68,-19.32,-55.68
44.424,-25.38,-19.98,-54.12
44.466,-25.92,-20.34,-55.379997
44.484,-26.279999,-20.76,-55.26
44.525,-26.039999,-20.64,-55.079998
44.563,-25.199999,-20.52,-55.559998
44.585,-25.56,-20.58,-55.8
44.629,-26.4,-20.279999,-55.079998
44.664,-26.46,-20.64,-54.719997
44.705,-26.22,-19.14,-54.84
44.724,-26.16,-19.5,-54.6
44.765,-25.5,-21.06,-55.26
44.803,-25.56,-19.98,-54.84
44.825,-25.8,-20.34,-55.199997
44.864,-26.16,-19.68,-54.539997
44.905,-26.4,-20.46,-54.6
44.924,-27.18,-20.88,-54.78
44.965,-25.8,-20.1,-55.379997
45.007,-25.859999,-19.98,-55.44
45.024,-25.859999,-20.16,-55.32
45.064,-26.16,-19.14,-54.78
45.104,-26.519999,-20.16,-54.48
45.126,-26.22,-20.46,-54.719997
45.165,-25.8,-19.68,-54.78
45.205,-25.8,-20.34,-55.199997
45.223,-25.5,-19.8,-55.14
45.264,-26.34,-19.98,-54.78
45.304,-25.92,-19.5,-55.079998
45.324,-25.859999,-19.92,-55.26
45.364,-26.099998,-19.74,-55.32
45.404,-26.4,-20.76,-54.18
45.425,-25.92,-20.52,-54.84
45.465,-27.0,-20.1,-54.78
45.504,-25.8,-20.22,-55.14
45.525,-25.98,-19.8,-54.6
45.567,-26.039999,-20.34,-55.199997
45.605,-25.619999,-19.98,-55.14
45.626,-25.08,-19.98,-54.719997
45.664,-25.74,-20.1,-54.84
45.704,-25.74,-19.8,-55.02
45.725,-25.92,-19.619999,-55.26
45.764,-25.98,-20.16,-55.26
45.805,-26.76,-19.619999,-56.039997
45.844,-25.8,-19.92,-55.079998
45.864,-26.16,-19.68,-54.66
45.905,-26.099998,-20.279999,-54.84
45.945,-25.8,-19.92,-54.42
45.966,-27.119999,-20.039999,-54.66
46.006,-25.019999,-19.98,-54.6
46.045,-25.8,-19.8,-55.8
46.062,-26.039999,-20.039999,-55.559998
46.104,-25.38,-20.22,-55.5
46.145,-25.26,-19.26,-55.079998
46.165,-25.8,-19.26,-55.079998
46.205,-25.98,-19.32,-55.559998
46.242,-25.859999,-20.1,-54.36
46.264,-26.16,-20.22,-54.899998
46.304,-26.46,-20.34,-54.36
46.344,-25.5,-20.22,-55.199997
46.364,-26.279999,-20.279999,-55.079998
46.403,-25.98,-20.34,-54.0
46.443,-25.98,-19.56,-54.239998
46.486,-25.38,-19.92,-54.36
46.503,-25.8,-19.5,-54.96
46.543,-26.099998,-19.859999,-54.899998
46.566,-26.4,-19.92,-54.899998
46.602,-25.38,-19.439999,-55.02
46.642,-26.279999,-19.859999,-54.66
46.683,-25.619999,-19.32,-54.539997
46.702,-26.22,-19.5,-54.3
46.746,-26.16,-19.98,-55.32
46.782,-26.46,-19.439999,-54.48
46.802,-26.699999,-19.92,-54.539997
46.843,-26.16,-20.58,-55.02
46.885,-25.38,-18.9,-55.379997
46.904,-25.98,-19.859999,-55.26
46.943,-26.099998,-20.46,-55.199997
46.984,-25.74,-19.8,-54.6
47.003,-25.38,-19.92,-55.68
47.043,-25.74,-20.039999,-55.559998
47.082,-26.34,-20.34,-54.78
47.104,-25.619999,-19.92,-54.899998
47.144,-24.84,-19.56,-54.719997
47.183,-25.8,-20.1,-54.719997
47.204,-26.099998,-20.1,-55.079998
47.245,-25.74,-19.56,-55.02
47.284,-25.199999,-19.98,-55.02
47.304,-25.26,-20.16,-55.02
47.345,-26.039999,-20.34,-55.5
47.383,-25.68,-20.34,-55.32
47.424,-25.08,-20.52,-54.84
47.444,-25.14,-20.279999,-54.239998
47.484,-25.26,-20.1,-54.059998
47.524,-25.56,-20.52,-55.26
47.543,-25.56,-19.98,-54.719997
47.584,-25.859999,-20.34,-55.02
47.624,-25.98,-20.1,-54.899998
47.644,-25.32,-20.039999,-55.079998
47.684,-26.16,-19.5,-55.02
47.724,-25.26,-20.4,-55.8
47.745,-25.98,-20.22,-55.14
47.786,-25.74,-19.8,-55.32
47.825,-25.8,-20.4,-54.78
47.844,-25.859999,-20.52,-54.84
47.885,-26.039999,-20.279999,-55.559998
47.923,-25.8,-19.98,-55.5
47.944,-25.859999,-19.8,-55.32
47.983,-26.039999,-19.8,-55.5
48.024,-26.099998,-19.619999,-55.68
48.044,-25.619999,-19.8,-55.14
48.082,-25.56,-20.039999,-54.12
48.128,-26.039999,-20.34,-55.14
48.144,-26.279999,-20.22,-55.32
48.186,-25.14,-19.32,-54.059998
48.224,-25.56,-19.92,-54.78
48.245,-25.74,-19.5,-54.96
48.284,-25.74,-20.039999,-55.079998
48.323,-25.92,-20.699999,-55.5
48.364,-25.859999,-20.52,-54.78
48.383,-25.26,-20.22,-54.84
48.423,-26.279999,-19.98,-54.719997
48.465,-25.68,-20.039999,-55.199997
48.484,-25.26,-20.1,-54.84
48.524,-25.859999,-19.8,-54.719997
48.564,-24.9,-19.08,-54.84
48.584,-25.439999,-19.8,-54.539997
48.623,-25.74,-20.039999,-55.68
48.665,-25.98,-20.34,-54.78
48.686,-26.099998,-20.279999,-54.78
48.726,-25.56,-20.76,-55.32
48.765,-25.199999,-20.16,-54.84
48.784,-25.14,-20.34,-54.84
48.824,-25.439999,-20.039999,-54.96
48.865,-26.039999,-20.22,-54.84
48.884,-25.56,-20.039999,-54.96
48.924,-26.46,-19.5,-54.96
48.965,-25.32,-19.859999,-55.5
48.984,-24.359999,-19.859999,-55.379997
49.024,-24.84,-20.279999,-55.079998
49.063,-25.98,-20.16,-54.539997
49.104,-25.68,-20.039999,-55.44
49.124,-25.859999,-20.34,-54.78
49.165,-25.26,-20.76,-54.48
49.186,-25.92,-19.74,-54.96
49.225,-26.34,-20.4,-54.48
49.265,-26.16,-21.06,-55.02
49.306,-25.5,-19.859999,-55.02
49.325,-25.859999,-20.34,-54.66
49.365,-25.56,-19.74,-55.26
49.404,-24.42,-19.92,-54.6
49.424,-25.38,-19.92,-55.559998
49.463,-25.92,-20.46,-54.239998
49.504,-25.199999,-20.46,-54.12
49.523,-25.32,-20.46,-55.079998
49.565,-25.32,-20.46,-54.899998
49.605,-25.92,-20.22,-54.66
49.625,-26.519999,-19.68,-55.26
49.663,-26.34,-20.34,-55.44
49.703,-25.68,-19.619999,-54.84
49.743,-26.16,-20.16,-55.199997
49.763,-26.039999,-19.8,-55.5
49.804,-25.74,-19.98,-54.6
49.844,-26.039999,-20.22,-54.899998
49.876,-25.92,-19.68,-54.6
49.903,-25.439999,-20.279999,-54.539997
49.941,-25.74,-19.8,-54.719997
49.962,-25.74,-19.68,-55.079998
50.002,-26.099998,-19.92,-55.32
50.043,-25.56,-19.5,-55.14
50.063,-25.5,-20.1,-55.079998
50.104,-26.16,-20.4,-55.14
50.144,-26.34,-19.8,-54.84
50.165,-25.859999,-20.22,-54.719997
50.205,-25.74,-19.74,-55.32
50.244,-26.099998,-20.279999,-54.36
50.264,-25.08,-20.76,-54.42
50.305,-25.56,-19.92,-54.539997
50.346,-26.46,-19.38,-55.44
50.365,-25.68,-20.22,-54.84
50.405,-25.74,-20.16,-55.199997
50.445,-25.74,-18.9,-54.78
50.466,-25.92,-19.619999,-54.239998
50.504,-25.68,-20.1,-54.48
50.545,-26.22,-20.46,-55.68
50.564,-26.22,-20.279999,-55.559998
50.606,-26.099998,-19.68,-55.02
50.643,-25.8,-19.92,-56.1
50.664,-25.68,-20.1,-55.379997
50.706,-25.5,-20.34,-55.98
50.744,-26.22,-20.699999,-55.079998
50.766,-25.92,-20.76,-54.899998
50.804,-25.8,-19.32,-54.899998
50.845,-25.199999,-19.68,-54.6
50.885,-26.16,-19.98,-54.899998
50.905,-25.619999,-19.68,-55.14
50.945,-26.16,-20.34,-54.96
50.983,-25.619999,-20.1,-55.26
51.004,-25.619999,-19.8,-54.899998
51.043,-26.099998,-19.98,-55.14
51.083,-25.26,-20.1,-54.42
51.104,-25.859999,-20.039999,-54.0
51.145,-26.099998,-20.279999,-54.84
51.185,-25.859999,-19.98,-55.14
51.205,-25.98,-19.98,-55.079998
51.246,-25.98,-20.22,-54.78
51.284,-25.5,-20.1,-54.719997
51.304,-25.439999,-19.56,-54.78
51.345,-25.859999,-20.279999,-54.36
51.386,-25.38,-20.34,-55.079998
51.404,-25.5,-19.619999,-54.96
51.446,-25.68,-19.56,-55.14
51.486,-25.68,-19.68,-54.84
51.504,-25.98,-19.74,-55.62
51.545,-25.619999,-19.68,-55.26
51.584,-25.199999,-19.74,-55.32
51.624,-25.74,-19.8,-55.379997
51.645,-25.56,-19.8,-55.199997
51.685,-26.34,-20.64,-54.36
51.724,-24.84,-19.32,-54.78
51.743,-25.56,-19.56,-54.719997
51.786,-24.72,-20.4,-55.02
51.825,-25.8,-19.8,-54.42
51.846,-26.22,-19.68,-55.559998
51.885,-25.439999,-20.34,-55.68
51.925,-25.56,-19.56,-54.3
51.946,-25.92,-19.68,-54.719997
51.985,-25.68,-19.8,-54.84
52.025,-26.519999,-20.22,-55.26
52.047,-26.46,-20.34,-55.02
52.085,-26.039999,-20.82,-54.48
52.123,-25.98,-19.56,-54.899998
52.144,-26.16,-20.1,-55.14
52.184,-25.74,-20.34,-54.12
52.225,-25.619999,-20.22,-55.199997
52.244,-26.099998,-20.82,-54.96
52.285,-25.859999,-20.88,-55.199997
52.324,-25.92,-20.76,-54.719997
52.348,-25.92,-20.279999,-55.079998
52.386,-26.039999,-19.619999,-54.6
52.424,-25.619999,-20.039999,-54.36
52.445,-26.34,-20.22,-54.66
52.484,-25.5,-20.039999,-55.32
52.524,-26.039999,-20.16,-54.42
52.564,-25.98,-19.56,-54.48
52.585,-26.519999,-19.439999,-55.199997
52.625,-26.099998,-20.1,-54.539997
52.665,-25.26,-20.34,-55.62
52.684,-25.56,-20.34,-55.02
52.725,-25.74,-20.279999,-54.539997
52.764,-25.8,-19.68,-54.899998
52.784,-25.74,-19.68,-54.6
52.825,-25.98,-20.22,-54.899998
52.864,-25.68,-20.22,-55.02
52.885,-25.619999,-20.039999,-55.02
52.925,-25.92,-20.279999,-54.78
52.965,-25.199999,-19.56,-54.84
52.985,-25.26,-19.98,-54.539997
53.024,-25.26,-19.859999,-55.079998
53.064,-26.279999,-20.82,-55.199997
53.104,-25.26,-19.98,-55.44
53.124,-26.039999,-19.92,-55.14
53.166,-25.8,-19.5,-55.199997
53.184,-25.56,-20.039999,-55.44
53.224,-25.56,-19.619999,-55.02
53.264,-25.74,-21.24,-54.48
53.305,-25.019999,-19.8,-54.96
53.324,-25.56,-19.74,-55.14
53.364,-25.08,-19.92,-55.26
53.405,-25.619999,-20.22,-55.32
53.424,-25.26,-20.34,-55.199997
53.465,-26.099998,-20.58,-55.199997
53.503,-26.039999,-20.22,-55.199997
53.524,-25.439999,-20.22,-55.199997
53.564,-26.099998,-20.52,-54.96
53.605,-26.4,-19.32,-54.899998
53.625,-26.58,-19.859999,-54.66
53.664,-25.38,-19.38,-54.84
53.704,-25.56,-20.22,-54.48
53.724,-25.8,-20.279999,-54.84
53.764,-25.859999,-19.74,-55.199997
53.803,-26.46,-20.22,-54.899998
53.823,-26.22,-20.46,-54.48
53.864,-25.619999,-19.74,-54.48
53.905,-26.099998,-20.039999,-54.84
53.944,-26.34,-20.279999,-54.6
53.964,-25.68,-20.16,-54.96
54.005,-26.519999,-20.34,-54.42
54.045,-25.859999,-20.279999,-54.96
54.064,-26.22,-20.039999,-54.899998
54.105,-25.68,-19.619999,-54.899998
54.126,-25.92,-19.74,-55.86
54.165,-25.38,-20.16,-54.12
54.204,-26.039999,-19.68,-55.32
54.244,-26.46,-19.68,-55.02
54.264,-26.519999,-19.56,-54.84
54.305,-25.439999,-19.859999,-55.079998
54.345,-25.859999,-19.56,-54.36
54.365,-25.5,-19.859999,-55.199997
54.404,-26.16,-20.52,-54.539997
54.445,-25.74,-19.92,-54.36
54.465,-26.16,-19.98,-54.96
54.504,-26.039999,-20.699999,-54.3
54.545,-26.279999,-19.98,-54.239998
54.564,-26.22,-20.039999,-54.899998
54.605,-26.22,-20.52,-54.96
54.645,-25.5,-19.859999,-54.48
54.665,-25.8,-20.039999,-54.78
54.703,-25.68,-20.22,-54.42
54.744,-26.16,-20.64,-54.539997
54.766,-26.099998,-20.16,-53.82
54.805,-25.98,-20.58,-54.6
54.844,-25.619999,-20.039999,-54.36
54.864,-25.8,-19.32,-54.36
54.905,-25.619999,-20.52,-54.719997
54.949,-25.92,-20.64,-54.66
54.983,-25.38,-20.279999,-54.48
55.003,-25.019999,-20.039999,-55.26
55.045,-25.98,-20.52,-55.199997
55.083,-25.98,-19.98,-54.78
55.103,-26.039999,-19.619999,-54.3
55.144,-26.519999,-20.64,-54.78
55.184,-25.92,-20.34,-54.36
55.204,-26.46,-19.56,-54.84
55.244,-26.46,-19.619999,-54.84
55.283,-25.56,-19.92,-55.32
55.302,-25.439999,-19.92,-54.96
55.344,-25.199999,-20.4,-54.84
55.384,-25.98,-19.74,-55.02
55.404,-25.74,-19.38,-54.48
55.443,-25.8,-19.619999,-55.26
55.484,-26.099998,-20.34,-54.239998
55.504,-26.4,-20.52,-54.12
55.543,-25.26,-19.68,-54.84
55.585,-25.92,-19.74,-54.84
55.605,-25.619999,-20.46,-54.899998
55.645,-26.039999,-20.34,-54.899998
55.685,-25.98,-20.76,-54.78
55.704,-25.8,-20.64,-54.84
55.744,-25.56,-20.22,-54.12
55.783,-26.46,-19.5,-55.079998
55.808,-26.4,-19.56,-55.199997
55.844,-25.5,-20.1,-55.079998
55.884,-26.22,-20.039999,-54.719997
55.924,-24.84,-19.859999,-55.379997
55.944,-25.199999,-19.74,-54.899998
55.984,-25.619999,-19.92,-54.12
56.024,-26.22,-20.22,-54.6
56.043,-26.34,-19.92,-54.0
56.083,-25.74,-19.98,-53.82
56.124,-26.699999,-20.16,-55.62
56.144,-26.46,-19.8,-55.02
56.185,-25.5,-20.1,-55.02
56.225,-26.46,-20.46,-54.96
56.246,-25.8,-20.64,-54.899998
56.286,-25.74,-19.98,-55.26
56.325,-25.859999,-20.039999,-54.48
56.346,-26.099998,-19.5,-54.96
56.386,-26.34,-19.56,-54.36
56.425,-25.8,-20.64,-55.5
56.444,-25.8,-20.64,-55.079998
56.486,-25.56,-20.4,-54.42
56.525,-25.98,-19.439999,-54.3
56.546,-26.22,-19.38,-54.3
56.586,-26.519999,-20.22,-54.42
56.624,-25.98,-19.8,-54.0
56.665,-25.68,-19.5,-54.539997
56.684,-25.619999,-19.5,-54.239998
56.723,-26.039999,-19.8,-53.94
56.763,-26.46,-18.96,-54.12
56.784,-25.439999,-19.5,-54.78
56.824,-25.26,-19.98,-54.719997
56.865,-25.92,-20.16,-54.36
56.885,-25.68,-20.279999,-54.84
56.925,-25.859999,-19.8,-55.199997
56.964,-25.8,-20.64,-55.199997
56.985,-25.56,-20.16,-53.94
57.034,-26.34,-20.34,-55.079998
57.064,-25.439999,-20.1,-54.84
57.085,-25.439999,-19.74,-54.719997
57.123,-25.98,-20.039999,-54.6
57.165,-25.859999,-19.74,-54.899998
57.186,-25.56,-20.279999,-54.66
57.224,-25.56,-19.8,-54.84
57.265,-25.98,-20.76,-54.18
57.285,-25.5,-20.4,-54.48
57.324,-26.16,-19.439999,-55.02
57.365,-25.619999,-19.98,-54.6
57.385,-26.16,-19.5,-54.6
57.424,-26.16,-20.58,-54.96
57.465,-26.46,-19.68,-54.899998
57.507,-26.279999,-20.16,-54.6
57.524,-26.519999,-20.52,-54.84
57.565,-25.619999,-20.1,-54.539997
57.605,-26.039999,-19.38,-54.66
57.624,-26.76,-19.439999,-55.02
57.666,-26.46,-19.92,-54.3
57.705,-26.22,-20.1,-54.6
57.724,-26.16,-20.58,-54.719997
57.766,-25.859999,-19.74,-54.84
57.804,-25.8,-19.26,-55.079998
57.825,-25.98,-19.14,-55.62
57.864,-26.64,-20.1,-53.76
57.905,-26.34,-19.8,-55.44
57.926,-25.859999,-20.4,-55.44
57.967,-26.099998,-20.46,-55.199997
58.005,-25.38,-20.1,-54.84
58.025,-25.38,-19.619999,-54.36
58.064,-25.32,-19.68,-54.78
58.104,-26.279999,-19.98,-55.5
58.125,-25.98,-20.279999,-55.68
58.166,-25.439999,-19.98,-54.78
58.204,-25.68,-19.32,-54.899998
58.224,-25.439999,-19.74,-54.539997
58.265,-25.14,-19.98,-54.059998
58.304,-25.08,-20.16,-55.079998
58.345,-25.8,-19.56,-53.94
58.365,-25.74,-19.74,-54.66
58.404,-25.5,-20.16,-55.14
58.444,-25.8,-19.199999,-54.719997
58.465,-25.68,-20.16,-54.539997
58.504,-26.099998,-19.859999,-55.32
58.545,-26.34,-19.68,-54.48
58.564,-25.56,-19.38,-55.199997
58.605,-25.74,-19.859999,-54.96
58.644,-25.199999,-19.859999,-54.6
58.664,-24.9,-20.16,-54.539997
58.705,-25.439999,-19.74,-54.84
58.745,-25.859999,-19.98,-55.199997
58.765,-26.16,-20.279999,-54.78
58.804,-26.22,-19.5,-55.079998
58.845,-25.8,-19.5,-55.8
58.864,-25.5,-20.279999,-54.6
58.904,-25.98,-19.92,-55.32
58.946,-26.279999,-19.5,-55.079998
58.964,-25.38,-19.74,-54.899998
59.003,-26.039999,-19.5,-54.6
59.045,-25.08,-19.56,-54.84
59.083,-25.5,-20.34,-55.5
59.104,-26.16,-20.16,-55.44
59.144,-25.68,-19.439999,-55.079998
59.184,-26.039999,-20.4,-54.84
59.204,-25.619999,-19.74,-55.02
59.244,-25.74,-20.039999,-55.02
59.287,-26.22,-19.859999,-54.84
59.306,-26.039999,-19.859999,-55.14
59.345,-25.439999,-19.859999,-54.6
59.384,-25.92,-20.4,-54.96
59.411,-25.98,-20.46,-55.14
59.444,-25.92,-19.619999,-54.719997
59.485,-26.16,-20.22,-55.079998
59.505,-26.039999,-20.22,-55.5
59.546,-25.5,-19.68,-54.66
59.586,-25.859999,-19.92,-54.899998
59.605,-26.279999,-20.34,-54.539997
59.646,-26.279999,-19.859999,-55.02
59.685,-25.38,-19.68,-54.48
59.705,-25.56,-20.1,-54.48
59.744,-25.68,-20.46,-54.6
59.785,-25.859999,-20.52,-54.42
59.804,-25.68,-20.64,-55.199997
59.845,-25.859999,-19.68,-53.94
59.885,-25.14,-19.68,-54.78
59.904,-25.38,-20.039999,-55.079998
59.946,-26.519999,-19.92,-55.32
59.986,-25.68,-20.52,-54.96
