timestamp,x,y,z
00.019,40.44,-54.719997,11.16
00.040,39.66,-54.96,10.74
00.060,39.899998,-55.14,9.3
00.099,40.379997,-54.539997,6.12
00.120,40.079998,-54.539997,4.74
00.160,39.6,-54.42,2.52
00.199,39.0,-53.399998,0.53999996
00.241,38.879997,-53.219997,0.17999999
00.260,37.86,-52.92,-0.17999999
00.300,37.44,-53.219997,-0.48
00.340,36.42,-53.699997,-1.74
00.360,36.54,-54.18,-2.1599998
00.400,35.7,-53.879997,-2.1
00.441,36.059998,-53.34,-1.38
00.459,35.219997,-53.52,-2.3999999
00.500,34.68,-54.0,-1.56
00.540,34.2,-54.18,-1.9799999
00.560,34.32,-54.18,-2.52
00.598,34.8,-53.699997,-1.86
00.640,33.96,-53.82,-3.54
00.660,34.32,-53.82,-3.9599998
00.699,33.719997,-53.879997,-3.6
00.741,34.62,-53.1,-5.46
00.760,34.38,-52.98,-6.2999997
00.800,33.3,-52.62,-7.8599997
00.840,33.899998,-51.12,-10.44
00.860,33.48,-50.7,-11.46
00.901,33.96,-50.16,-12.54
00.940,33.66,-49.32,-13.62
00.981,33.48,-49.14,-14.34
01.005,34.26,-49.62,-14.5199995
01.041,35.28,-49.32,-14.759999
01.061,34.559998,-49.2,-15.0
01.103,34.8,-48.239998,-15.9
01.139,35.34,-47.16,-16.56
01.181,34.079998,-47.579998,-16.859999
01.200,34.8,-48.36,-16.5
01.242,34.02,-48.6,-16.199999
01.281,34.44,-49.62,-14.759999
01.302,35.28,-50.219997,-13.86
01.341,34.8,-50.7,-11.4
01.382,35.219997,-50.46,-9.96
01.401,35.46,-51.0,-9.42
01.440,35.579998,-49.92,-10.26
01.481,35.219997,-50.16,-10.139999
01.501,35.579998,-50.219997,-10.5
01.541,36.3,-50.52,-10.8
01.582,35.399998,-50.28,-11.099999
01.603,35.16,-50.16,-10.86
01.639,35.46,-48.899998,-10.86
01.679,35.88,-49.44,-11.639999
01.720,35.28,-50.46,-11.04
01.739,36.12,-50.82,-10.38
01.781,36.059998,-49.559998,-10.8
01.801,35.16,-48.719997,-10.62
01.841,36.239998,-50.52,-11.34
01.881,35.1,-49.86,-11.04
01.901,34.86,-50.64,-10.679999
01.941,34.62,-51.0,-9.3
01.981,34.079998,-50.52,-9.179999
02.021,33.48,-51.18,-9.78
02.039,33.6,-50.7,-10.38
02.082,33.54,-48.96,-10.44
02.121,34.32,-49.8,-12.12
02.141,34.62,-48.539997,-11.94
02.182,33.899998,-48.48,-13.139999
02.220,33.3,-48.6,-12.24
02.242,33.36,-48.6,-12.12
02.281,33.48,-48.239998,-12.179999
02.321,32.94,-49.5,-10.62
02.340,33.239998,-49.079998,-10.139999
02.381,33.0,-49.86,-9.84
02.420,33.3,-49.26,-9.0
02.441,33.239998,-48.78,-9.54
02.481,34.079998,-47.76,-9.54
02.520,34.44,-47.28,-10.38
02.547,35.219997,-46.2,-9.36
02.582,34.92,-44.76,-9.599999
02.620,34.62,-43.68,-9.179999
02.659,34.68,-43.5,-8.7
02.681,34.5,-43.92,-7.62
02.721,34.02,-45.48,-7.3799996
02.742,33.84,-46.32,-7.74
02.782,34.32,-45.66,-7.5
02.821,33.0,-45.0,-9.54
02.842,32.219997,-44.94,-10.26
02.881,32.219997,-43.86,-12.3
02.922,31.14,-42.54,-14.639999
02.961,29.76,-41.879997,-15.839999
02.983,30.119999,-41.579998,-16.8
03.023,28.619999,-40.2,-18.84
03.060,28.859999,-38.52,-20.939999
03.080,29.22,-37.5,-21.9
03.119,27.84,-36.96,-22.98
03.162,27.84,-36.36,-23.699999
03.180,28.32,-36.48,-24.539999
03.221,28.019999,-36.36,-24.0
03.260,29.519999,-37.5,-24.119999
03.281,28.98,-38.219997,-24.779999
03.321,27.9,-38.46,-25.08
03.346,27.359999,-37.14,-25.32
03.381,24.779999,-36.36,-26.279999
03.421,25.68,-34.86,-26.34
03.461,25.439999,-34.739998,-25.5
03.480,25.32,-34.02,-25.5
03.520,24.06,-33.42,-25.92
03.560,23.34,-33.3,-24.779999
03.581,23.039999,-33.48,-24.84
03.619,22.08,-34.98,-24.84
03.661,22.8,-34.14,-23.58
03.701,24.48,-35.34,-21.779999
03.724,24.96,-35.76,-21.359999
03.760,26.82,-36.239998,-19.74
03.801,27.84,-37.559998,-18.18
03.821,28.14,-38.04,-17.699999
03.861,27.42,-38.879997,-16.619999
03.901,26.76,-39.36,-14.04
03.920,27.0,-40.739998,-12.719999
03.960,27.9,-42.78,-10.92
04.001,27.66,-43.8,-9.0
04.020,26.76,-43.68,-7.68
04.060,26.76,-45.539997,-6.0
04.100,26.22,-46.44,-3.8999999
04.120,25.439999,-47.399998,-3.72
04.160,24.0,-46.62,-1.4399999
04.201,23.519999,-48.0,-1.26
04.220,22.5,-49.559998,0.53999996
04.261,22.14,-49.379997,3.12
04.300,21.6,-49.98,5.64
04.323,20.88,-50.039997,6.7799997
04.361,19.439999,-49.98,8.099999
04.401,16.619999,-49.379997,10.62
04.421,15.059999,-49.2,11.5199995
04.461,14.16,-50.1,13.799999
04.500,12.12,-49.379997,17.279999
04.541,8.88,-49.8,20.279999
04.561,7.8599997,-49.62,20.939999
04.600,5.8199997,-49.26,20.64
04.641,3.78,-49.02,21.48
04.660,2.58,-49.2,21.9
04.700,-0.24,-48.42,22.74
04.740,-1.62,-47.34,23.88
04.761,-2.28,-47.46,23.939999
04.800,-3.72,-47.7,24.48
04.841,-3.84,-47.1,24.9
04.860,-4.8599997,-46.8,25.199999
04.903,-4.8599997,-46.8,24.96
04.940,-6.8399997,-47.039997,26.279999
04.961,-6.8999996,-46.079998,26.279999
05.001,-5.94,-45.84,26.22
05.041,-6.06,-46.02,26.519999
05.061,-6.42,-46.26,26.46
05.100,-6.3599997,-45.539997,26.039999
05.140,-6.96,-46.26,26.22
05.160,-6.96,-46.079998,25.98
05.201,-6.2999997,-46.5,26.4
05.241,-6.18,-47.579998,25.14
05.262,-5.94,-47.1,25.26
05.302,-5.4,-46.26,27.06
05.342,-6.6,-46.44,27.3
05.362,-6.06,-46.079998,27.3
05.400,-6.2999997,-45.66,26.76
05.443,-6.8399997,-45.059998,27.539999
05.483,-6.8999996,-45.42,27.24
05.502,-7.02,-45.48,27.0
05.542,-6.8999996,-45.539997,27.359999
05.564,-6.48,-44.879997,26.58
05.603,-6.7799997,-44.399998,25.98
05.641,-6.42,-44.7,26.88
05.680,-6.54,-44.52,26.76
05.699,-6.12,-45.059998,26.64
05.741,-5.3399997,-44.879997,26.16
05.781,-4.98,-45.18,25.14
05.801,-3.8999999,-45.539997,25.859999
05.841,-3.12,-45.42,25.14
05.881,-2.1,-45.059998,25.199999
05.900,-1.8,-45.12,24.72
05.940,0.42,-45.719997,23.82
05.982,0.78,-46.8,23.88
06.001,1.02,-46.379997,23.82
06.041,1.5,-46.98,22.619999
06.082,1.9799999,-46.739998,22.38
06.101,2.7,-47.219997,22.5
06.140,3.06,-46.739998,23.039999
06.180,3.1799998,-46.86,22.92
06.221,2.58,-46.02,23.46
06.240,3.12,-45.3,23.279999
06.286,3.6,-46.26,23.58
06.320,3.78,-46.62,23.4
06.340,4.44,-46.14,23.1
06.380,2.82,-46.8,22.199999
06.421,3.9599998,-46.2,23.939999
06.440,3.78,-46.32,24.0
06.481,4.62,-45.84,22.199999
06.521,5.46,-46.559998,22.08
06.541,6.12,-46.62,21.24
06.582,7.9199996,-47.1,20.82
06.621,8.94,-46.32,19.14
06.640,10.559999,-46.8,18.539999
06.681,11.7,-47.16,16.26
06.721,13.38,-47.399998,14.219999
06.741,13.74,-47.52,12.599999
06.781,15.0,-47.28,11.4
06.821,17.4,-45.78,9.42
06.841,18.18,-45.539997,9.24
06.881,19.199999,-45.84,7.68
06.921,20.939999,-44.579998,7.62
06.941,21.0,-44.1,7.02
06.981,20.16,-44.1,7.3199997
07.021,22.439999,-43.079998,6.6
07.061,22.14,-42.48,7.08
07.081,21.66,-42.6,7.3799996
07.121,21.119999,-42.18,7.7999997
07.161,22.14,-42.42,8.5199995
07.181,22.5,-43.079998,8.88
07.221,22.199999,-42.78,8.7
07.260,22.14,-41.579998,7.7999997
07.280,22.08,-41.94,7.44
07.321,22.56,-42.12,7.2599998
07.362,21.42,-42.18,7.2
07.380,22.14,-41.64,7.8599997
07.421,22.74,-41.7,8.28
07.460,22.08,-42.48,9.599999
07.481,22.08,-41.82,9.36
07.520,22.56,-42.0,9.12
07.560,22.38,-42.18,8.099999
07.581,21.66,-41.94,6.72
07.621,20.58,-42.12,7.68
07.672,19.859999,-42.719997,5.8799996
07.682,19.199999,-43.079998,5.52
07.721,18.119999,-42.78,4.92
07.761,17.64,-43.44,5.7
07.781,16.14,-43.8,6.6
07.820,16.8,-44.1,7.56
07.861,15.54,-44.399998,7.8599997
07.901,15.24,-45.18,8.82
07.920,14.46,-44.94,9.3
07.961,11.4,-45.84,10.32
08.001,9.719999,-47.16,11.16
08.021,9.0,-46.62,12.3
08.061,7.8599997,-45.48,13.62
08.101,6.06,-46.44,14.639999
08.120,5.7599998,-46.32,14.88
08.160,4.3199997,-45.0,17.52
08.201,2.58,-43.26,19.32
08.227,1.4399999,-42.3,20.279999
08.261,1.4399999,-41.82,20.4
08.300,3.6,-41.579998,20.039999
08.320,3.8999999,-40.98,18.779999
08.359,3.78,-42.0,17.64
08.400,4.3199997,-43.14,15.78
08.421,4.7999997,-43.62,15.12
08.461,4.2599998,-43.2,13.62
08.501,3.3,-43.62,13.44
08.520,3.84,-43.26,12.42
08.561,3.6599998,-42.059998,10.62
08.601,2.9399998,-42.059998,11.34
08.642,0.59999996,-42.239998,11.94
08.661,0.71999997,-41.76,11.88
08.701,0.17999999,-41.579998,12.48
08.743,0.24,-40.739998,13.08
08.762,-0.29999998,-40.44,13.86
08.803,-2.76,-39.84,15.78
08.841,-3.12,-38.34,16.859999
08.862,-3.06,-38.219997,17.34
08.901,-3.0,-38.94,16.92
08.941,-2.82,-38.46,14.7
08.961,-2.52,-39.18,13.799999
09.001,-2.22,-39.48,11.639999
09.042,-2.3999999,-39.3,10.74
09.061,-2.82,-39.18,11.04
09.103,-2.1599998,-39.18,11.759999
09.143,-3.06,-37.92,13.08
09.161,-4.14,-38.7,13.74
09.201,-2.76,-38.219997,14.04
09.241,-3.6,-37.14,13.32
09.262,-3.6,-36.36,13.2
09.301,-4.2599998,-35.88,13.86
09.340,-4.08,-35.219997,12.84
09.362,-4.74,-34.5,12.24
09.402,-5.22,-34.559998,12.9
09.441,-4.92,-33.36,13.08
09.462,-5.4,-33.84,13.259999
09.501,-5.58,-32.7,14.46
09.542,-6.24,-32.399998,15.96
09.581,-7.2,-30.96,16.14
09.602,-7.7999997,-31.08,16.08
09.645,-7.56,-31.859999,16.619999
09.680,-7.98,-31.38,16.02
09.701,-8.34,-31.859999,15.54
09.740,-8.46,-32.04,16.08
09.783,-8.88,-32.399998,16.26
09.800,-8.76,-32.64,16.38
09.839,-9.12,-32.579998,17.1
09.880,-9.179999,-34.32,17.279999
09.900,-9.3,-34.739998,17.039999
09.941,-8.34,-35.88,16.199999
09.981,-9.9,-35.28,17.039999
10.001,-10.0199995,-34.559998,17.16
10.042,-10.98,-34.739998,18.06
10.080,-11.5199995,-34.559998,19.32
10.101,-11.219999,-35.399998,18.66
10.140,-10.62,-36.48,19.38
10.181,-10.92,-37.44,18.779999
10.200,-10.8,-37.559998,18.66
10.240,-11.16,-38.219997,19.08
10.281,-10.74,-39.54,19.38
10.321,-10.8,-39.899998,17.94
10.342,-11.16,-41.1,17.039999
10.382,-9.599999,-42.3,16.14
10.402,-8.7,-43.079998,15.48
10.442,-6.66,-43.62,15.36
10.482,-5.8799996,-44.46,15.599999
10.522,-4.92,-45.84,15.0
10.543,-5.1,-44.52,14.94
10.583,-6.6,-44.76,15.179999
10.623,-7.5,-43.5,16.98
10.643,-7.5,-44.04,16.92
10.686,-7.2599998,-44.399998,16.32
10.721,-6.72,-45.18,14.88
10.741,-6.72,-45.059998,14.16
10.781,-8.7,-45.18,11.219999
10.828,-8.5199995,-44.82,11.099999
10.841,-9.3,-44.399998,9.48
10.880,-9.42,-44.399998,8.7
10.922,-9.42,-43.2,7.2599998
10.941,-9.54,-42.719997,6.12
10.980,-9.9,-43.079998,6.0
11.021,-8.7,-43.2,5.3399997
11.040,-7.44,-43.26,5.22
11.082,-5.7599998,-44.16,5.22
11.122,-4.2,-46.14,4.02
11.141,-4.2,-46.44,4.08
11.180,-4.38,-48.42,3.4199998
11.221,-4.02,-49.32,4.08
11.262,-4.2599998,-50.579998,3.9599998
11.282,-4.2599998,-50.52,4.08
11.322,-5.3399997,-50.52,5.2799997
11.362,-5.46,-51.059998,7.68
11.383,-6.0,-51.059998,8.7
11.421,-7.44,-50.879997,10.44
11.461,-8.16,-50.879997,12.9
11.481,-9.059999,-51.3,14.5199995
11.521,-9.3,-49.62,17.94
11.561,-13.679999,-48.719997,19.14
11.580,-15.24,-47.46,19.74
11.624,-18.72,-46.559998,18.18
11.661,-22.619999,-45.18,15.599999
11.681,-23.22,-44.64,14.82
11.720,-25.26,-44.04,11.94
11.761,-26.4,-41.7,7.2599998
11.782,-26.64,-40.559998,6.0
11.820,-28.26,-39.84,5.1
11.861,-27.96,-38.879997,3.72
11.881,-28.019999,-38.7,2.76
11.921,-27.539999,-38.219997,-0.17999999
11.960,-27.3,-37.02,-2.3999999
11.981,-26.82,-37.38,-2.04
12.022,-25.98,-37.92,0.42
12.062,-26.279999,-37.739998,-0.24
12.101,-26.46,-37.8,1.0799999
12.121,-26.4,-38.76,1.3199999
12.162,-25.859999,-37.2,0.06
12.200,-25.74,-38.1,-0.29999998
12.221,-25.859999,-37.62,0.17999999
12.260,-26.519999,-38.16,-0.17999999
12.305,-25.859999,-38.399998,0.0
12.321,-26.039999,-38.94,-0.29999998
12.361,-25.32,-39.54,0.42
12.401,-26.039999,-40.5,0.29999998
12.421,-25.14,-41.04,1.4399999
12.460,-25.199999,-40.739998,1.1999999
12.501,-26.88,-41.28,1.86
12.521,-27.18,-40.68,1.9799999
12.562,-28.019999,-41.28,2.04
12.601,-27.3,-42.66,4.14
12.626,-27.119999,-42.42,4.2599998
12.660,-28.08,-43.379997,5.58
12.701,-25.74,-44.16,7.3199997
12.720,-25.74,-44.04,5.58
12.761,-25.38,-45.66,4.2
12.800,-25.5,-46.8,3.9599998
12.822,-25.199999,-47.28,3.12
12.861,-24.359999,-47.879997,3.78
12.900,-23.58,-48.96,3.48
12.941,-23.16,-50.039997,2.6399999
12.960,-22.98,-50.399998,2.52
13.001,-23.16,-49.62,2.9399998
13.041,-23.939999,-49.86,2.46
13.061,-24.3,-48.899998,0.24
13.101,-24.0,-49.2,-0.9
13.143,-22.68,-50.219997,-3.3
13.162,-23.16,-50.1,-4.08
13.201,-24.18,-48.6,-4.62
13.242,-24.779999,-49.14,-3.78
13.262,-24.3,-48.84,-3.72
13.303,-23.76,-49.26,-3.72
13.342,-24.84,-49.5,-4.74
13.362,-24.96,-49.379997,-3.48
13.402,-25.74,-49.559998,-2.8799999
13.442,-26.519999,-48.42,-0.9
13.461,-26.82,-48.719997,-0.53999996
13.502,-26.699999,-48.36,-0.17999999
13.541,-27.18,-47.52,0.29999998
13.570,-27.539999,-47.1,0.53999996
13.603,-29.099998,-47.879997,0.65999997
13.643,-29.16,-46.02,0.42
13.680,-29.46,-46.079998,1.8
13.702,-29.22,-46.32,3.4199998
13.740,-27.72,-49.62,5.4
13.781,-26.939999,-49.8,6.8399997
13.801,-26.22,-50.879997,6.24
13.841,-25.14,-51.059998,6.0
13.863,-24.3,-51.66,4.74
13.902,-23.76,-52.26,4.44
13.941,-23.58,-51.719997,1.74
13.982,-24.3,-52.379997,0.96
14.001,-25.199999,-51.899998,-0.35999998
14.041,-26.039999,-51.12,-1.0799999
14.082,-26.519999,-50.579998,-1.8
14.102,-27.3,-50.46,-2.04
14.142,-26.76,-49.98,-2.34
14.181,-26.46,-50.94,-1.0799999
14.202,-25.8,-50.7,-1.4399999
14.241,-27.0,-50.1,-3.0
14.281,-27.96,-49.86,-4.08
14.305,-27.96,-49.379997,-3.24
14.343,-27.96,-49.8,-2.7
14.383,-27.66,-50.039997,-2.1
14.402,-27.539999,-50.219997,-1.56
14.442,-27.9,-50.1,-0.17999999
14.482,-26.76,-51.3,1.1999999
14.501,-26.4,-52.199997,1.1999999
14.542,-27.42,-52.92,1.5
14.581,-26.22,-52.68,2.52
14.603,-26.039999,-53.16,2.9399998
14.643,-25.56,-53.94,2.34
14.683,-25.68,-53.219997,2.1
14.703,-25.019999,-53.82,2.3999999
14.742,-24.24,-54.6,2.04
14.781,-22.439999,-55.68,3.54
14.821,-22.26,-55.86,5.2799997
14.841,-21.18,-56.219997,6.42
14.881,-20.279999,-57.239998,7.98
14.922,-19.38,-58.68,8.94
14.941,-18.84,-58.739998,8.94
14.981,-17.1,-58.739998,8.16
15.021,-16.44,-58.98,9.3
15.043,-16.56,-59.76,9.0
15.081,-15.839999,-60.0,9.24
15.122,-16.56,-60.719997,9.0
15.141,-15.9,-60.719997,10.32
15.180,-16.08,-61.32,9.96
15.221,-16.32,-60.6,9.66
15.241,-16.56,-61.44,9.9
15.282,-17.4,-61.44,9.059999
15.321,-16.8,-61.739998,8.7
15.342,-16.14,-61.8,9.66
15.381,-16.859999,-61.44,9.42
15.421,-16.859999,-60.84,8.34
15.461,-16.5,-61.68,9.78
15.481,-16.859999,-60.78,10.26
15.522,-17.279999,-60.78,9.059999
15.561,-16.38,-61.199997,8.639999
15.581,-16.859999,-62.039997,8.5199995
15.622,-16.619999,-62.16,9.78
15.661,-15.78,-61.32,10.2
15.681,-16.199999,-61.859997,10.32
15.721,-16.08,-61.02,11.28
15.762,-15.78,-61.98,10.8
15.781,-16.44,-62.1,10.44
15.822,-14.759999,-62.28,10.62
15.861,-14.639999,-63.12,10.62
15.881,-15.12,-63.359997,10.38
15.921,-14.58,-62.28,10.62
15.961,-14.94,-62.399998,10.74
15.981,-14.099999,-61.739998,10.74
16.022,-17.1,-61.14,10.86
16.061,-17.34,-60.48,9.78
16.081,-16.5,-60.239998,9.66
16.121,-18.06,-59.879997,9.66
16.161,-18.48,-60.0,9.48
16.181,-18.48,-59.1,9.84
16.220,-16.98,-60.18,10.5
16.261,-17.22,-59.399998,10.74
16.301,-14.759999,-60.539997,10.92
16.321,-13.32,-60.84,10.8
16.361,-12.719999,-61.26,11.34
16.400,-12.059999,-62.219997,10.38
16.423,-10.679999,-61.559998,11.04
16.461,-9.12,-61.379997,9.9
16.502,-8.4,-61.14,10.32
16.522,-8.099999,-61.559998,10.559999
16.562,-8.28,-61.379997,10.44
16.605,-7.62,-60.42,11.4
16.622,-7.44,-60.3,12.0
16.661,-8.5199995,-60.359997,11.94
16.702,-8.76,-60.18,12.42
16.722,-8.639999,-60.12,11.88
16.761,-8.46,-59.82,11.4
16.802,-6.7799997,-61.44,10.139999
16.823,-5.52,-60.12,10.2
16.861,-4.98,-59.52,10.38
16.902,-4.56,-60.719997,11.34
16.922,-3.3,-60.719997,11.639999
16.961,-1.4399999,-60.899998,13.2
17.002,0.84,-60.42,13.98
17.023,2.3999999,-59.699997,13.86
17.062,6.18,-59.699997,13.38
17.102,9.36,-59.94,13.139999
17.125,11.099999,-58.98,11.94
17.162,14.16,-58.5,9.0
17.204,17.4,-57.059998,6.96
17.243,21.119999,-54.42,5.04
17.265,22.98,-53.1,4.14
17.301,25.74,-51.78,3.9599998
17.341,29.699999,-49.44,5.16
17.363,30.42,-47.94,6.6
17.401,32.76,-46.739998,8.099999
17.443,33.36,-43.86,5.8799996
17.461,33.6,-43.68,3.9599998
17.501,34.8,-41.7,2.76
17.541,36.48,-40.379997,0.65999997
17.561,36.0,-40.44,0.71999997
17.602,36.059998,-39.96,1.26
17.641,35.46,-40.2,0.06
17.661,35.219997,-39.84,-0.24
17.702,34.98,-40.14,-1.56
17.742,35.16,-41.16,-2.22
17.762,34.92,-41.52,-1.92
17.803,33.48,-43.5,-3.0
17.843,31.92,-44.64,-4.3199997
17.864,30.72,-45.059998,-5.3399997
17.902,28.619999,-46.86,-6.0
17.942,25.98,-48.899998,-6.2999997
17.962,24.42,-49.68,-6.6
18.002,22.32,-51.3,-7.02
18.045,22.14,-51.66,-6.66
18.081,22.14,-51.3,-7.3799996
18.103,22.14,-51.48,-7.14
18.142,20.699999,-51.0,-7.5
18.182,18.359999,-52.92,-8.28
18.201,16.26,-54.3,-8.28
18.241,12.719999,-54.78,-8.16
18.282,8.7,-56.46,-7.98
18.302,6.72,-56.76,-7.3799996
18.342,2.58,-56.879997,-8.22
18.383,-0.24,-58.379997,-6.24
18.404,-2.8799999,-58.68,-5.1
18.442,-6.96,-58.079998,-4.62
18.481,-9.9,-57.18,-4.5
18.501,-11.16,-57.18,-4.44
18.541,-11.94,-57.18,-6.0
18.581,-12.0,-55.8,-7.14
18.601,-11.94,-55.44,-7.5
18.644,-11.28,-55.14,-12.24
18.681,-11.58,-53.52,-16.38
18.702,-10.38,-52.26,-18.66
18.742,-8.34,-48.6,-24.3
18.782,-8.04,-45.48,-27.539999
18.802,-8.04,-43.32,-29.519999
18.843,-5.7,-38.1,-33.18
18.883,-8.34,-34.38,-35.88
18.921,-7.68,-32.04,-36.66
18.945,-8.7,-31.439999,-37.38
18.983,-9.179999,-31.679998,-36.18
19.022,-7.3799996,-35.219997,-36.42
19.043,-6.3599997,-37.2,-35.46
19.081,-4.2,-40.079998,-33.36
19.125,-1.9799999,-43.98,-30.9
19.142,0.0,-45.66,-30.06
19.182,3.78,-47.46,-27.3
19.221,6.48,-48.18,-25.74
19.243,8.16,-48.12,-25.439999
19.283,12.48,-48.78,-22.14
19.321,18.0,-50.7,-18.48
19.341,20.88,-51.3,-14.82
19.382,25.92,-50.7,-5.94
19.408,27.599998,-50.1,-3.9599998
19.442,28.56,-49.14,-7.2
19.484,30.3,-46.079998,-9.3
19.522,31.439999,-44.76,-12.42
19.542,31.92,-43.98,-13.62
19.580,33.54,-42.0,-11.46
19.630,35.16,-42.239998,-11.759999
19.642,35.04,-41.76,-11.88
19.681,33.66,-41.52,-11.88
19.722,33.48,-42.78,-12.719999
19.763,32.64,-44.7,-13.2
19.782,31.32,-45.719997,-13.38
19.823,29.279999,-46.44,-14.46
19.862,28.98,-44.46,-14.82
19.884,28.68,-44.64,-16.14
19.923,28.5,-46.32,-17.4
19.944,28.199999,-46.559998,-17.76
19.984,26.82,-46.559998,-18.6
20.023,26.519999,-46.2,-20.1
20.061,27.539999,-45.239998,-19.68
20.083,27.3,-45.48,-19.859999
20.120,26.699999,-45.899998,-20.88
20.162,26.699999,-46.559998,-20.34
20.182,27.359999,-46.26,-20.58
20.222,25.92,-48.66,-19.74
20.261,26.64,-50.219997,-18.0
20.281,27.06,-50.34,-17.22
20.322,28.019999,-49.98,-17.76
20.362,27.0,-51.18,-17.58
20.383,24.42,-51.3,-18.9
20.422,20.1,-53.34,-20.279999
20.462,19.859999,-53.28,-21.48
20.482,20.1,-52.68,-21.84
20.522,21.9,-52.079998,-21.119999
20.562,24.42,-52.739998,-19.439999
20.603,25.5,-52.98,-15.24
20.622,25.08,-54.84,-14.16
20.662,21.9,-57.96,-10.559999
20.702,17.94,-61.44,-8.82
20.721,15.96,-62.28,-8.5199995
20.762,11.4,-63.48,-7.44
20.802,6.96,-63.84,-8.58
20.823,5.1,-63.899998,-9.48
20.863,2.52,-62.94,-11.94
20.887,0.29999998,-62.64,-13.2
20.922,-2.1599998,-61.92,-15.12
20.961,-5.22,-61.26,-15.599999
21.001,-7.9199996,-59.579998,-14.88
21.020,-9.24,-59.219997,-14.04
21.063,-11.28,-60.6,-11.28
21.102,-9.96,-60.6,-10.62
21.122,-9.78,-60.12,-11.34
21.163,-10.139999,-59.16,-12.059999
21.203,-11.099999,-58.8,-12.059999
21.223,-12.179999,-57.84,-13.44
21.264,-14.28,-55.86,-14.28
21.302,-14.46,-54.66,-15.299999
21.342,-15.599999,-54.239998,-16.74
21.361,-16.26,-53.94,-18.06
21.404,-14.5199995,-53.46,-19.199999
21.423,-14.34,-52.32,-19.38
21.462,-13.98,-53.039997,-20.4
21.501,-14.5199995,-50.76,-21.18
21.542,-16.68,-49.68,-23.22
21.563,-17.94,-48.239998,-22.98
21.601,-20.16,-45.899998,-22.859999
21.641,-21.72,-43.92,-23.16
21.662,-21.42,-44.04,-23.46
21.703,-21.84,-43.739998,-23.76
21.742,-21.72,-44.82,-22.08
21.765,-22.439999,-44.04,-21.06
21.803,-24.48,-44.04,-19.98
21.842,-26.099998,-43.02,-21.84
21.863,-25.38,-42.12,-21.84
21.903,-21.48,-41.879997,-25.5
21.944,-14.46,-45.059998,-27.84
21.964,-11.639999,-46.26,-27.779999
22.004,-12.78,-50.579998,-23.039999
22.043,-24.539999,-49.2,-14.58
22.063,-28.98,-45.84,-13.139999
22.103,-30.779999,-39.059998,-19.439999
22.142,-24.66,-40.68,-26.16
22.163,-21.24,-43.32,-25.56
22.204,-17.1,-50.1,-22.92
22.243,-15.0,-54.059998,-20.34
22.282,-15.54,-52.559998,-19.98
22.303,-15.9,-51.66,-20.1
22.342,-18.6,-49.559998,-20.76
22.383,-17.039999,-50.82,-19.26
22.404,-16.199999,-52.199997,-18.96
22.450,-13.38,-54.539997,-17.94
22.483,-11.46,-55.44,-16.8
22.503,-12.48,-55.379997,-16.08
22.542,-17.039999,-54.66,-15.839999
22.581,-22.92,-51.48,-14.88
22.603,-24.48,-50.16,-15.0
22.642,-26.16,-49.92,-14.94
22.681,-24.9,-50.34,-14.28
22.701,-23.1,-50.64,-14.34
22.742,-19.68,-53.94,-13.799999
22.783,-16.619999,-56.699997,-12.9
22.802,-16.02,-57.539997,-11.16
22.842,-18.96,-57.12,-10.08
22.881,-21.6,-55.44,-8.46
22.901,-24.18,-54.42,-7.9199996
22.942,-28.8,-52.079998,-7.2
22.982,-29.16,-51.48,-7.74
23.002,-27.66,-52.68,-9.36
23.046,-24.42,-55.02,-10.98
23.084,-19.02,-59.28,-10.62
23.103,-16.8,-61.199997,-9.36
23.143,-11.34,-64.26,-8.099999
23.182,-7.14,-64.5,-8.22
23.206,-4.68,-65.28,-7.98
23.243,-0.24,-67.38,-3.6599998
23.283,2.22,-67.799995,2.52
23.323,3.24,-67.5,7.56
23.344,1.74,-67.26,10.38
23.383,-1.02,-67.979996,11.28
23.421,-4.56,-68.04,10.2
23.442,-4.7999997,-67.56,9.66
23.483,-5.46,-68.28,9.179999
23.523,-6.12,-68.34,9.96
23.543,-6.8999996,-67.74,10.2
23.582,-6.66,-68.4,10.679999
23.623,-3.6599998,-69.659996,10.26
23.642,-1.5,-70.14,10.32
23.682,4.38,-70.08,7.3799996
23.723,10.44,-69.96,4.2599998
23.743,12.54,-69.119995,1.5
23.783,13.139999,-67.619995,-3.3
23.822,12.179999,-66.479996,-7.02
23.842,12.059999,-65.88,-8.4
23.882,12.78,-66.0,-9.599999
23.924,14.28,-65.46,-9.12
23.943,13.92,-63.899998,-11.759999
23.984,12.059999,-58.32,-22.74
24.022,14.759999,-50.399998,-33.3
24.063,23.039999,-37.559998,-41.64
24.083,27.539999,-31.98,-43.62
24.124,31.199999,-28.08,-44.64
24.164,30.06,-29.16,-45.3
24.183,29.279999,-29.039999,-46.2
24.225,28.38,-28.26,-48.18
24.265,27.84,-28.08,-47.52
24.285,27.06,-27.66,-47.879997
24.329,27.06,-27.42,-48.66
24.363,26.939999,-27.119999,-48.48
24.383,27.599998,-27.42,-47.16
24.422,27.0,-27.42,-46.92
24.463,27.119999,-27.3,-47.94
24.482,27.0,-27.66,-48.239998
24.522,27.3,-27.48,-48.36
24.561,27.06,-27.84,-48.239998
24.583,28.08,-27.66,-47.82
24.623,27.359999,-26.939999,-47.219997
24.661,26.82,-26.76,-47.879997
24.682,27.0,-27.0,-47.7
24.723,26.4,-27.18,-47.7
24.763,27.9,-27.48,-48.059998
24.802,27.48,-27.0,-48.899998
24.823,26.76,-26.519999,-48.84
24.863,27.359999,-27.96,-47.7
24.903,26.699999,-27.24,-47.28
24.923,26.519999,-26.939999,-47.28
24.963,26.64,-27.359999,-48.42
25.003,27.42,-26.76,-46.98
25.022,27.24,-26.76,-47.76
25.062,27.06,-26.64,-47.399998
25.103,27.42,-27.779999,-47.34
25.123,27.599998,-27.72,-47.52
25.162,27.18,-28.92,-48.12
25.201,27.539999,-28.439999,-47.579998
25.222,26.939999,-28.199999,-47.28
25.263,27.18,-27.599998,-47.82
25.303,27.42,-27.0,-47.399998
25.322,26.88,-27.359999,-47.879997
25.363,27.3,-27.24,-46.98
25.402,27.599998,-27.24,-47.52
25.422,27.66,-27.599998,-47.219997
25.462,27.06,-27.599998,-47.879997
25.502,27.0,-27.359999,-46.86
25.523,26.88,-27.72,-47.16
25.562,27.9,-27.96,-47.399998
25.609,27.359999,-27.66,-47.399998
25.642,26.64,-26.939999,-47.7
25.663,27.0,-27.18,-47.34
25.702,27.3,-26.699999,-47.16
25.742,26.64,-26.939999,-47.28
25.763,27.18,-26.76,-47.399998
25.801,26.699999,-26.88,-47.399998
25.843,26.82,-28.019999,-46.98
25.862,26.039999,-27.359999,-47.1
25.903,27.779999,-27.18,-47.039997
25.941,26.76,-26.58,-47.1
25.962,27.06,-26.82,-46.8
26.002,26.699999,-26.64,-46.379997
26.043,27.48,-26.88,-47.52
26.063,27.539999,-27.06,-47.82
26.102,26.58,-27.0,-47.52
26.143,28.26,-27.0,-48.48
26.161,27.66,-27.24,-48.18
26.201,27.18,-27.539999,-47.82
26.243,27.599998,-26.279999,-47.399998
26.265,27.66,-25.619999,-47.52
26.304,28.019999,-27.18,-47.52
26.343,27.48,-26.64,-48.059998
26.363,27.119999,-27.119999,-47.879997
26.403,27.599998,-26.88,-46.92
26.444,27.0,-26.82,-46.92
26.483,27.0,-27.9,-47.039997
26.502,27.66,-28.32,-48.12
26.542,27.0,-27.9,-47.399998
26.584,27.9,-27.119999,-47.76
26.604,27.72,-26.46,-47.879997
26.643,27.24,-27.84,-46.92
26.682,27.84,-27.06,-47.52
26.703,27.3,-27.06,-48.12
26.743,27.06,-27.119999,-47.039997
26.783,26.88,-27.359999,-47.64
26.803,27.42,-27.24,-47.34
26.843,26.82,-27.119999,-48.059998
26.883,27.3,-27.42,-47.579998
26.903,27.599998,-27.359999,-46.8
26.943,27.06,-27.48,-47.64
26.984,27.359999,-27.359999,-47.46
27.002,26.88,-27.84,-47.52
27.043,28.32,-26.64,-47.039997
27.083,27.24,-27.599998,-47.64
27.103,26.699999,-27.48,-48.239998
27.143,27.42,-27.3,-47.16
27.182,27.599998,-27.359999,-47.16
27.204,27.84,-27.359999,-47.7
27.243,27.66,-27.9,-47.16
27.283,27.72,-26.88,-47.1
27.303,27.9,-26.519999,-47.52
27.343,27.06,-27.66,-47.1
27.383,27.72,-27.72,-48.059998
27.424,27.9,-26.82,-47.16
27.443,27.06,-26.699999,-47.52
27.482,26.519999,-26.939999,-47.34
27.522,27.72,-27.06,-47.52
27.546,27.539999,-27.3,-46.5
27.585,27.42,-27.66,-47.16
27.622,26.76,-27.24,-47.039997
27.642,27.0,-27.24,-47.399998
27.683,26.76,-26.699999,-46.8
27.722,26.939999,-27.539999,-46.739998
27.744,27.119999,-27.66,-46.559998
27.783,27.3,-27.599998,-47.219997
27.824,27.539999,-27.42,-46.92
27.843,27.3,-26.519999,-46.98
27.884,28.74,-27.84,-47.039997
27.924,28.019999,-28.019999,-47.039997
27.944,27.48,-28.199999,-47.46
27.983,27.779999,-27.66,-46.68
28.016,27.48,-27.48,-46.86
28.043,27.779999,-27.599998,-47.16
28.083,27.599998,-27.539999,-47.16
28.123,28.019999,-27.84,-47.579998
28.144,27.48,-27.42,-47.64
28.184,28.14,-27.96,-47.46
28.226,28.619999,-27.779999,-47.76
28.245,27.779999,-28.26,-47.039997
28.283,29.039999,-28.68,-47.52
28.324,28.8,-28.619999,-47.1
28.344,28.8,-28.32,-46.739998
28.383,29.34,-28.32,-46.8
28.424,28.38,-28.92,-46.98
28.445,28.439999,-28.68,-46.86
28.484,29.519999,-29.88,-47.219997
28.523,29.16,-29.4,-47.46
28.563,28.619999,-29.34,-47.52
28.583,28.08,-29.76,-46.86
28.623,28.859999,-29.519999,-46.68
28.663,28.92,-29.279999,-47.28
28.683,28.74,-29.16,-47.579998
28.724,27.72,-28.8,-47.64
28.764,29.099998,-29.279999,-47.34
28.785,29.64,-28.859999,-47.34
28.825,28.74,-29.4,-47.1
28.865,29.099998,-29.34,-47.76
28.884,28.8,-29.46,-46.68
28.923,29.039999,-29.46,-47.64
28.965,28.8,-29.099998,-47.579998
28.984,27.96,-29.16,-47.82
29.024,28.8,-29.22,-47.28
29.065,28.5,-29.699999,-46.98
29.085,28.38,-29.279999,-47.46
29.124,27.42,-27.9,-47.879997
29.165,28.38,-27.9,-47.82
29.184,28.26,-28.32,-47.28
29.224,28.439999,-27.96,-47.219997
29.263,27.96,-27.84,-47.399998
29.303,28.199999,-28.26,-46.98
29.323,28.38,-28.14,-47.46
29.362,28.08,-27.779999,-47.039997
29.402,27.18,-27.9,-48.059998
29.422,27.72,-28.26,-47.7
29.462,27.06,-27.84,-47.579998
29.503,27.72,-28.14,-46.559998
29.525,27.779999,-27.72,-47.28
29.564,27.9,-27.48,-47.34
29.603,27.0,-28.38,-46.92
29.627,27.0,-28.439999,-47.28
29.663,27.48,-27.539999,-46.98
29.688,27.18,-28.26,-46.68
29.723,27.359999,-28.56,-47.399998
29.762,26.82,-27.42,-48.059998
29.804,27.42,-27.84,-47.16
29.824,28.08,-27.9,-47.28
29.864,27.72,-28.199999,-47.52
29.905,27.599998,-27.24,-48.059998
29.924,27.779999,-26.88,-47.94
29.964,27.84,-27.84,-47.399998
30.003,27.24,-27.72,-47.219997
30.024,27.96,-27.66,-47.399998
30.063,26.939999,-27.119999,-47.46
30.105,27.359999,-26.46,-47.1
30.125,26.46,-27.119999,-47.399998
30.164,27.0,-26.88,-48.059998
30.204,27.06,-26.279999,-47.46
30.243,27.359999,-27.0,-47.879997
30.263,27.3,-26.82,-47.7
30.303,27.779999,-27.06,-47.52
30.343,27.359999,-27.9,-47.76
30.363,27.48,-26.939999,-47.219997
30.404,27.599998,-27.18,-46.98
30.444,27.48,-26.46,-47.28
30.465,27.72,-26.519999,-47.879997
30.504,27.24,-27.66,-47.34
30.543,26.939999,-27.539999,-47.879997
30.563,27.06,-27.06,-48.059998
30.603,27.3,-27.72,-47.219997
30.643,27.539999,-26.58,-47.94
30.663,26.88,-27.0,-47.28
30.704,26.279999,-27.0,-47.16
30.744,27.359999,-26.519999,-47.52
30.765,26.699999,-27.24,-48.0
30.804,27.539999,-27.779999,-47.76
30.843,27.42,-27.3,-48.239998
30.864,27.119999,-27.06,-48.48
30.904,26.76,-27.18,-47.579998
30.944,27.599998,-27.84,-47.879997
30.984,27.96,-26.82,-46.92
31.005,27.3,-26.58,-46.739998
31.043,28.38,-27.539999,-47.52
31.082,27.599998,-27.48,-47.64
31.103,27.42,-27.48,-47.399998
31.144,26.4,-27.119999,-48.239998
31.183,27.3,-27.06,-47.219997
31.203,27.72,-27.66,-47.28
31.243,26.699999,-27.119999,-47.52
31.283,27.119999,-27.66,-48.0
31.303,27.539999,-27.18,-47.7
31.345,27.599998,-28.38,-47.1
31.383,27.119999,-27.539999,-46.86
31.404,26.88,-27.24,-47.039997
31.443,26.519999,-26.76,-48.059998
31.482,26.64,-26.939999,-47.76
31.504,26.699999,-26.58,-48.539997
31.544,28.14,-27.0,-48.059998
31.583,26.82,-27.06,-47.64
31.625,27.18,-27.18,-48.0
31.642,26.88,-27.119999,-47.1
31.683,26.64,-27.66,-47.52
31.723,27.119999,-26.88,-48.66
31.743,27.42,-26.82,-47.82
31.783,27.359999,-27.539999,-47.399998
31.824,27.779999,-27.119999,-47.34
31.844,27.119999,-27.48,-46.98
31.883,27.18,-26.88,-47.1
31.924,26.279999,-27.18,-48.66
31.959,26.46,-26.519999,-48.84
31.983,27.9,-27.18,-48.42
32.008,27.359999,-27.18,-48.48
32.043,27.359999,-26.82,-47.94
32.084,26.82,-27.66,-47.039997
32.126,26.58,-27.119999,-47.7
32.145,26.519999,-27.18,-47.399998
32.186,27.3,-27.48,-47.879997
32.225,26.939999,-26.82,-47.16
32.244,26.58,-27.359999,-47.579998
32.286,27.48,-27.9,-47.82
32.325,27.359999,-27.9,-48.059998
32.345,26.279999,-27.42,-47.52
32.384,27.48,-26.939999,-47.52
32.424,27.18,-27.359999,-47.28
32.444,26.76,-26.76,-47.28
32.484,27.359999,-27.48,-47.82
32.525,26.699999,-26.699999,-48.059998
32.545,26.039999,-26.4,-47.82
32.584,27.119999,-27.06,-48.66
32.626,26.82,-27.359999,-48.36
32.663,27.9,-27.119999,-47.34
32.684,27.599998,-26.64,-48.0
32.725,27.779999,-27.42,-47.7
32.764,27.0,-27.48,-46.739998
32.785,27.48,-27.84,-47.28
32.824,28.019999,-27.48,-47.28
32.864,26.4,-26.699999,-48.239998
32.884,26.939999,-27.24,-47.879997
32.925,27.42,-27.24,-47.94
32.965,28.019999,-26.939999,-47.1
32.985,27.84,-26.279999,-47.52
33.025,27.42,-26.58,-47.1
33.063,27.359999,-27.24,-47.1
33.084,27.42,-27.24,-47.1
33.123,27.0,-27.359999,-46.86
33.169,27.599998,-27.48,-47.52
33.185,27.18,-27.779999,-48.059998
33.226,27.06,-27.24,-47.64
33.267,27.06,-27.0,-47.64
33.285,27.48,-26.88,-47.219997
33.325,26.76,-27.539999,-47.64
33.366,27.359999,-27.18,-47.579998
33.384,27.3,-27.24,-47.879997
33.423,27.24,-28.08,-47.16
33.467,27.06,-27.119999,-47.879997
33.506,27.0,-26.34,-48.0
33.526,27.42,-26.519999,-47.34
33.565,27.18,-26.88,-47.16
33.586,27.24,-27.24,-47.219997
33.625,27.0,-26.22,-47.16
33.663,27.24,-27.06,-47.64
33.703,26.699999,-26.64,-48.0
33.724,27.84,-26.939999,-47.64
33.765,26.88,-26.58,-48.239998
33.804,26.939999,-26.82,-47.64
33.824,27.119999,-26.88,-47.34
33.864,27.48,-27.66,-47.52
33.904,27.119999,-28.199999,-48.48
33.924,27.66,-27.18,-47.52
33.964,27.18,-27.0,-47.219997
34.004,27.359999,-27.359999,-48.059998
34.023,27.66,-27.3,-48.3
34.064,27.539999,-26.64,-48.12
34.103,27.48,-27.84,-47.46
34.124,27.599998,-27.66,-47.94
34.164,26.82,-28.199999,-47.64
34.204,27.84,-26.76,-47.879997
34.225,27.72,-27.3,-48.239998
34.264,27.9,-27.359999,-48.059998
34.304,27.48,-27.119999,-47.82
34.345,27.42,-26.46,-48.12
34.365,27.3,-26.76,-48.6
34.405,26.76,-27.48,-47.579998
34.443,27.42,-27.48,-47.219997
34.464,27.48,-27.599998,-47.28
34.505,27.539999,-27.66,-47.34
34.546,26.88,-26.64,-47.399998
34.564,27.06,-26.76,-47.82
34.607,27.539999,-27.18,-48.36
34.643,27.9,-27.599998,-47.34
34.665,27.48,-26.58,-47.46
34.709,27.42,-26.58,-46.8
34.743,26.76,-26.82,-47.7
34.764,27.119999,-26.82,-47.46
34.804,27.539999,-27.42,-47.7
34.844,27.779999,-27.119999,-47.219997
34.864,27.48,-27.359999,-47.46
34.905,28.199999,-27.18,-48.42
34.944,27.539999,-26.76,-47.34
34.965,27.3,-26.82,-47.34
35.004,27.24,-27.48,-48.78
35.044,26.64,-27.599998,-46.92
35.065,27.119999,-27.42,-46.86
35.103,27.539999,-27.06,-47.94
35.145,27.18,-27.24,-46.98
35.183,27.66,-27.539999,-46.62
35.205,27.18,-27.18,-46.079998
35.244,26.279999,-27.24,-47.94
35.284,27.42,-27.599998,-47.7
35.303,26.939999,-27.42,-48.12
35.345,27.42,-27.599998,-46.98
35.384,27.18,-27.359999,-47.399998
35.405,26.4,-27.24,-47.1
35.446,27.359999,-27.3,-46.98
35.485,27.96,-27.84,-47.16
35.505,27.539999,-27.3,-47.039997
35.545,27.119999,-27.72,-47.219997
35.585,27.42,-27.66,-47.34
35.604,27.72,-27.359999,-47.399998
35.644,27.359999,-27.72,-47.16
35.684,27.599998,-28.56,-47.1
35.703,27.48,-28.8,-46.739998
35.744,27.9,-27.779999,-47.879997
35.785,27.48,-27.359999,-46.86
35.806,28.019999,-27.48,-47.399998
35.845,27.0,-27.96,-47.76
35.883,28.68,-27.66,-47.1
35.904,28.08,-28.019999,-47.34
35.944,27.84,-27.779999,-47.64
35.983,27.24,-27.96,-46.98
36.005,27.779999,-27.779999,-47.34
36.045,27.42,-28.199999,-48.36
36.085,27.599998,-27.539999,-47.46
36.123,27.72,-27.599998,-47.46
36.142,27.24,-27.9,-47.1
36.184,27.72,-28.439999,-46.98
36.225,28.14,-28.14,-47.219997
36.250,27.9,-28.08,-47.82
36.286,27.06,-28.439999,-47.28
36.324,27.42,-28.199999,-46.8
36.343,27.599998,-28.619999,-46.98
36.383,28.08,-28.8,-47.34
36.423,28.019999,-28.5,-46.68
36.443,28.199999,-28.14,-47.52
36.483,27.779999,-27.06,-48.36
36.523,27.3,-27.84,-47.1
36.544,27.72,-26.939999,-47.34
36.586,27.24,-27.119999,-48.0
36.624,27.06,-26.82,-47.52
36.645,27.66,-27.9,-47.219997
36.684,27.119999,-27.06,-47.28
36.724,26.58,-27.539999,-47.039997
36.745,26.76,-27.42,-47.94
36.785,28.08,-27.06,-48.0
36.825,27.3,-27.48,-47.399998
36.865,27.599998,-27.18,-48.0
36.886,27.84,-26.699999,-47.399998
36.924,27.0,-26.88,-47.46
36.965,26.58,-27.84,-47.64
36.984,27.3,-27.42,-47.16
37.024,27.3,-27.599998,-47.1
37.047,27.599998,-27.48,-47.16
37.086,27.66,-26.939999,-47.399998
37.127,28.199999,-26.76,-47.82
37.168,27.119999,-27.24,-46.86
37.185,26.64,-27.599998,-46.8
37.227,27.06,-27.3,-47.52
37.266,26.64,-28.08,-47.52
37.287,27.0,-27.599998,-48.12
37.325,26.939999,-27.359999,-47.16
37.365,26.88,-27.119999,-48.059998
37.385,27.06,-27.24,-47.579998
37.425,27.66,-27.539999,-47.28
37.468,27.359999,-27.96,-47.1
37.485,27.599998,-27.66,-47.579998
37.526,27.18,-28.08,-47.64
37.565,26.46,-27.119999,-47.28
37.585,27.24,-27.66,-47.52
37.625,26.699999,-27.24,-48.18
37.664,27.24,-28.619999,-47.94
37.685,26.699999,-27.3,-47.82
37.725,26.88,-27.9,-47.64
37.766,27.84,-26.939999,-47.879997
37.786,27.539999,-27.42,-47.399998
37.826,27.3,-26.699999,-47.399998
37.866,27.72,-27.72,-48.48
37.904,27.48,-27.72,-47.7
37.923,27.9,-28.199999,-47.52
37.964,27.359999,-27.84,-47.1
38.005,27.24,-27.72,-47.34
38.024,27.599998,-28.199999,-48.12
38.064,27.9,-28.26,-48.239998
38.104,27.96,-27.599998,-47.28
38.123,27.48,-27.119999,-47.16
38.163,26.76,-27.119999,-47.76
38.207,27.3,-26.88,-47.1
38.224,27.42,-27.539999,-47.28
38.266,27.72,-27.0,-47.7
38.304,27.359999,-26.64,-47.1
38.325,27.599998,-26.76,-47.64
38.364,26.279999,-27.84,-47.46
38.405,27.06,-28.26,-46.92
38.425,27.42,-27.539999,-47.039997
38.465,27.779999,-27.48,-47.879997
38.505,26.76,-27.42,-47.76
38.525,26.4,-27.3,-48.6
38.565,27.3,-27.18,-47.7
38.604,27.779999,-27.599998,-47.399998
38.643,27.66,-27.72,-47.399998
38.664,27.24,-27.539999,-47.46
38.704,27.06,-27.539999,-47.82
38.745,27.359999,-27.0,-48.239998
38.765,27.18,-27.359999,-47.28
38.806,27.72,-27.48,-47.52
38.844,27.72,-27.119999,-47.52
38.865,27.9,-26.76,-47.82
38.904,27.06,-26.22,-47.16
38.945,27.24,-27.24,-47.46
38.965,27.42,-26.699999,-47.52
39.004,27.24,-26.76,-47.039997
39.045,27.24,-27.9,-47.579998
39.064,26.519999,-27.24,-47.64
39.105,27.42,-27.42,-47.399998
39.144,27.599998,-27.84,-47.579998
39.168,28.56,-27.599998,-47.7
39.205,27.48,-27.119999,-46.02
39.245,28.14,-28.8,-47.219997
39.285,29.76,-30.06,-48.12
39.305,29.279999,-30.06,-47.879997
39.345,28.439999,-29.22,-46.92
39.366,28.8,-29.88,-47.1
39.405,29.64,-28.98,-47.34
39.445,29.34,-29.22,-47.039997
39.485,28.859999,-30.119999,-46.739998
39.505,28.68,-29.58,-47.16
39.545,29.099998,-29.699999,-47.34
39.585,28.439999,-29.16,-47.34
39.605,28.08,-29.519999,-47.52
39.645,28.92,-29.64,-47.34
39.683,29.22,-29.64,-46.98
39.704,28.92,-29.58,-47.46
39.744,28.26,-29.34,-47.399998
39.785,28.38,-29.46,-47.399998
39.806,28.859999,-29.4,-47.52
39.845,28.859999,-29.64,-47.82
39.886,28.68,-30.66,-47.46
39.905,29.4,-29.88,-47.879997
39.946,29.699999,-29.4,-47.28
39.987,29.34,-29.22,-47.52
40.008,29.279999,-29.939999,-47.82
40.048,29.039999,-30.0,-47.76
40.086,28.199999,-28.859999,-47.7
40.107,28.32,-29.16,-47.28
40.146,28.98,-29.46,-47.1
40.187,28.859999,-30.0,-47.46
40.206,29.099998,-29.58,-48.0
40.246,29.099998,-29.039999,-46.98
40.285,28.68,-30.0,-47.579998
40.306,28.68,-30.66,-48.0
40.345,28.38,-28.619999,-47.82
40.384,28.14,-29.099998,-48.899998
40.425,29.039999,-29.279999,-47.82
40.446,29.22,-29.099998,-47.52
40.486,29.46,-29.88,-48.239998
40.525,29.279999,-28.92,-48.059998
40.546,29.16,-29.46,-47.28
40.583,28.74,-29.82,-48.3
40.626,29.58,-29.4,-48.539997
40.644,29.58,-28.5,-47.76
40.683,28.8,-28.619999,-47.76
40.725,28.199999,-28.8,-46.32
40.745,28.38,-28.5,-45.719997
40.784,28.619999,-28.859999,-47.039997
40.825,27.66,-28.8,-46.44
40.846,27.9,-29.46,-46.079998
40.883,28.439999,-28.5,-47.76
40.924,28.14,-29.22,-48.0
40.945,28.8,-29.099998,-47.52
40.985,29.58,-29.76,-48.36
41.026,29.279999,-29.4,-48.3
41.046,28.56,-28.619999,-48.899998
41.086,27.779999,-29.76,-48.66
41.125,28.619999,-29.82,-48.059998
41.147,28.14,-29.939999,-47.28
41.185,29.16,-29.939999,-47.34
41.225,29.039999,-29.16,-48.239998
41.265,28.68,-29.88,-48.48
41.290,28.56,-29.82,-48.18
41.326,28.98,-29.519999,-47.64
41.366,29.099998,-28.859999,-48.12
41.386,29.34,-28.199999,-47.94
41.427,28.5,-29.64,-47.879997
41.448,29.279999,-29.76,-47.28
41.486,29.039999,-29.4,-47.879997
41.525,29.22,-29.34,-48.18
41.566,29.039999,-29.58,-47.76
41.587,29.34,-29.279999,-47.34
41.626,29.22,-29.16,-47.46
41.663,28.8,-29.34,-48.0
41.685,29.22,-29.16,-47.219997
41.726,29.279999,-29.4,-47.76
41.765,29.099998,-29.22,-47.219997
41.786,28.619999,-29.46,-48.12
41.825,29.22,-29.82,-47.579998
41.865,28.26,-29.46,-48.36
41.885,28.019999,-30.0,-48.059998
41.924,28.019999,-29.279999,-47.34
41.965,27.9,-27.779999,-48.059998
41.986,28.199999,-28.14,-47.52
42.026,28.199999,-28.14,-47.76
42.065,27.359999,-27.599998,-47.76
42.106,26.82,-27.359999,-48.3
42.125,26.939999,-27.9,-47.94
42.165,28.199999,-27.06,-48.0
42.206,27.599998,-27.599998,-47.579998
42.225,27.66,-28.019999,-47.94
42.265,26.76,-27.84,-48.0
42.305,27.9,-27.84,-49.02
42.325,27.359999,-28.14,-48.66
42.365,27.24,-27.24,-48.0
42.406,28.019999,-27.359999,-48.0
42.425,27.18,-27.24,-49.079998
42.465,27.359999,-27.3,-47.82
42.505,26.519999,-28.26,-47.82
42.528,27.599998,-27.9,-47.34
42.567,27.18,-28.439999,-47.579998
42.609,27.42,-28.26,-47.82
42.626,27.599998,-28.019999,-47.64
42.665,27.119999,-27.06,-48.84
42.705,27.539999,-26.939999,-47.82
42.725,27.0,-26.88,-47.82
42.766,27.3,-27.779999,-47.879997
42.806,27.9,-27.48,-48.42
42.844,27.18,-27.18,-47.94
42.864,27.84,-27.539999,-48.059998
42.905,26.519999,-27.539999,-48.059998
42.947,27.0,-27.72,-48.18
42.964,26.82,-27.0,-48.48
43.007,26.76,-27.48,-48.6
43.045,27.42,-28.199999,-48.18
43.064,26.939999,-27.48,-47.76
43.104,27.9,-28.08,-47.76
43.145,26.46,-26.88,-48.48
43.164,26.519999,-27.06,-47.82
43.203,27.48,-27.119999,-48.3
43.244,27.66,-27.539999,-47.94
43.264,26.4,-27.3,-48.059998
43.305,27.18,-26.82,-47.82
43.347,26.82,-27.599998,-48.66
43.365,26.58,-27.779999,-47.76
43.406,27.42,-27.48,-48.0
43.446,28.08,-27.779999,-48.3
43.466,27.84,-27.24,-47.579998
43.505,27.3,-27.599998,-47.7
43.546,27.18,-27.66,-47.94
43.565,27.0,-27.9,-47.52
43.605,27.18,-27.779999,-47.879997
43.644,27.18,-27.359999,-48.3
43.684,27.119999,-28.199999,-47.579998
43.703,27.24,-27.72,-47.039997
43.745,27.539999,-27.66,-48.12
43.785,27.779999,-27.84,-47.46
43.805,27.539999,-27.539999,-47.52
43.845,27.42,-27.18,-48.84
43.885,27.0,-27.779999,-47.76
43.905,27.84,-27.72,-47.94
43.945,27.84,-27.119999,-47.82
43.986,27.539999,-27.42,-47.52
44.004,28.26,-27.359999,-47.399998
44.046,27.3,-28.32,-48.0
44.086,27.9,-27.42,-47.28
44.106,27.84,-27.84,-47.82
44.145,27.66,-28.56,-47.82
44.186,27.779999,-28.019999,-47.879997
44.218,27.779999,-28.74,-47.64
44.247,27.48,-28.38,-46.92
44.285,26.699999,-27.9,-47.28
44.304,27.42,-27.599998,-47.399998
44.344,27.0,-27.119999,-47.82
44.386,27.72,-27.72,-47.399998
44.405,27.3,-28.14,-47.94
44.445,27.18,-27.119999,-48.059998
44.485,27.24,-27.18,-47.579998
44.524,26.939999,-27.3,-48.059998
44.544,27.42,-27.72,-48.059998
44.585,27.42,-27.84,-48.48
44.625,26.939999,-27.72,-47.879997
44.644,26.46,-27.42,-47.28
44.685,27.42,-27.539999,-47.52
44.725,26.939999,-28.439999,-47.579998
44.746,26.88,-28.08,-47.46
44.784,27.72,-27.72,-47.52
44.825,27.9,-27.359999,-47.46
44.844,26.88,-27.9,-47.7
44.885,27.24,-27.96,-48.12
44.926,27.779999,-27.84,-47.399998
44.945,26.82,-27.48,-47.879997
44.985,27.66,-28.019999,-47.82
45.025,27.359999,-27.539999,-48.239998
45.047,26.699999,-27.42,-48.18
45.085,27.119999,-27.24,-47.219997
45.125,27.06,-27.9,-47.64
45.148,27.06,-28.14,-48.059998
45.186,27.06,-27.66,-48.0
45.226,27.3,-26.58,-48.0
45.263,27.9,-27.779999,-47.64
45.286,27.48,-28.08,-48.539997
45.325,27.06,-27.359999,-47.16
45.347,26.939999,-27.359999,-47.219997
45.386,27.66,-27.84,-47.82
45.424,27.3,-27.119999,-47.64
45.464,27.18,-27.3,-47.76
45.486,27.42,-26.76,-47.94
45.525,26.099998,-27.48,-47.82
45.563,26.82,-27.18,-48.059998
45.584,27.24,-27.599998,-47.82
45.624,27.119999,-27.48,-47.879997
45.663,26.76,-28.14,-47.579998
45.683,27.72,-28.56,-46.739998
45.725,26.34,-27.119999,-47.28
45.765,27.06,-27.96,-47.879997
45.785,27.48,-27.119999,-47.7
45.825,27.359999,-27.359999,-46.92
45.865,27.42,-27.119999,-47.76
45.885,27.18,-27.06,-48.059998
45.925,27.3,-27.42,-47.76
45.965,27.539999,-27.3,-48.18
45.984,27.359999,-26.76,-48.0
46.024,26.279999,-27.24,-47.879997
46.065,27.96,-27.06,-47.52
46.087,27.359999,-27.539999,-47.7
46.125,27.42,-27.0,-47.579998
46.166,26.76,-27.599998,-47.579998
46.204,27.119999,-27.0,-48.719997
46.226,27.24,-27.119999,-48.48
46.264,27.18,-27.539999,-47.46
46.305,26.88,-27.779999,-48.3
46.324,27.24,-27.9,-47.82
46.366,27.359999,-26.64,-47.64
46.406,28.019999,-27.9,-48.059998
46.425,27.84,-27.539999,-47.46
46.466,26.76,-27.72,-48.18
46.505,27.359999,-27.0,-47.879997
46.524,27.119999,-27.18,-47.34
46.564,27.539999,-27.599998,-48.0
46.605,27.18,-27.48,-47.64
46.624,26.699999,-27.48,-48.36
46.664,27.539999,-27.0,-47.399998
46.705,27.48,-27.779999,-47.879997
46.726,27.779999,-27.66,-47.579998
46.764,27.24,-28.32,-47.7
46.804,27.24,-27.18,-47.76
46.825,27.72,-27.66,-47.7
46.865,27.779999,-27.96,-48.42
46.905,27.9,-26.46,-48.12
46.925,27.539999,-27.359999,-48.539997
46.965,27.359999,-26.76,-46.62
47.005,27.359999,-27.18,-48.0
47.027,27.06,-27.66,-47.579998
47.065,28.019999,-26.699999,-48.12
47.104,26.88,-27.06,-47.52
47.145,26.58,-27.539999,-47.64
47.164,26.88,-27.539999,-47.82
47.205,28.26,-27.48,-47.64
47.244,27.0,-27.48,-47.52
47.264,26.88,-27.06,-47.94
47.305,27.599998,-27.66,-48.3
47.344,28.32,-26.519999,-47.7
47.364,28.019999,-26.76,-47.879997
47.406,26.58,-26.039999,-47.7
47.447,27.9,-27.539999,-46.739998
47.464,27.48,-27.18,-47.76
47.504,26.82,-27.72,-47.82
47.545,27.42,-27.599998,-48.78
47.565,27.539999,-26.88,-48.6
47.603,27.24,-27.3,-47.16
47.644,26.88,-27.3,-47.579998
47.664,27.66,-27.24,-47.7
47.704,27.42,-27.72,-47.399998
47.745,26.88,-27.24,-48.48
47.785,27.359999,-27.72,-48.84
47.805,27.18,-27.66,-48.539997
47.845,26.88,-27.3,-47.399998
47.885,27.359999,-27.06,-48.18
47.905,27.42,-28.08,-47.28
47.946,27.359999,-27.72,-47.16
47.985,26.4,-27.599998,-47.219997
48.004,27.359999,-27.24,-47.64
48.045,27.48,-27.539999,-48.239998
48.084,26.64,-27.3,-47.82
48.104,27.359999,-27.48,-46.86
48.144,27.359999,-26.039999,-47.82
48.183,26.46,-27.66,-47.879997
48.204,27.06,-27.539999,-47.82
48.244,27.18,-27.599998,-47.46
48.286,27.359999,-27.119999,-47.94
48.308,27.9,-27.359999,-48.0
48.345,26.88,-27.9,-47.64
48.386,27.599998,-27.06,-47.16
48.408,27.9,-27.42,-47.1
48.447,26.58,-27.42,-47.7
48.484,26.76,-27.84,-46.739998
48.505,27.66,-27.779999,-46.559998
48.545,27.359999,-26.519999,-47.879997
48.585,26.4,-27.599998,-47.7
48.605,26.58,-27.539999,-48.239998
48.644,26.88,-27.48,-47.94
48.683,27.119999,-27.359999,-47.64
48.722,27.0,-27.48,-48.059998
48.746,27.72,-27.539999,-48.059998
48.786,27.42,-26.88,-47.579998
48.808,27.3,-26.82,-47.579998
48.844,27.24,-27.84,-47.7
48.887,26.699999,-27.539999,-47.82
48.926,27.72,-27.72,-47.7
48.946,27.3,-26.939999,-47.52
48.986,27.24,-27.66,-47.1
49.026,28.5,-27.18,-46.86
49.046,27.779999,-27.24,-47.399998
49.086,27.24,-27.06,-47.579998
49.127,26.88,-27.42,-47.82
49.146,26.76,-27.24,-47.579998
49.187,26.699999,-27.48,-48.059998
49.224,26.939999,-27.24,-47.879997
49.246,27.18,-27.06,-48.12
49.286,27.18,-27.48,-47.579998
49.324,26.519999,-27.18,-48.36
49.345,27.3,-27.06,-48.42
49.386,27.42,-27.06,-47.28
49.426,26.88,-28.199999,-47.94
49.445,26.939999,-27.48,-48.42
49.486,27.24,-27.18,-47.7
49.526,26.88,-26.88,-46.8
49.546,27.539999,-27.599998,-46.98
49.585,26.939999,-26.76,-47.219997
49.627,26.939999,-27.0,-47.879997
49.665,27.599998,-27.66,-47.82
49.685,27.84,-27.06,-47.94
49.725,27.359999,-27.24,-47.76
49.765,27.06,-26.76,-48.12
49.785,26.939999,-27.42,-48.239998
49.827,26.88,-28.08,-47.52
49.868,27.539999,-28.14,-46.559998
49.884,27.119999,-28.14,-46.379997
49.924,27.3,-27.359999,-48.66
49.964,27.24,-27.18,-47.46
49.984,27.72,-27.539999,-47.399998
50.026,26.88,-27.06,-47.94
50.065,27.42,-27.359999,-47.52
50.086,27.599998,-27.18,-48.18
50.126,27.66,-27.359999,-47.46
50.164,27.0,-27.599998,-47.039997
50.187,26.699999,-27.42,-46.8
50.223,27.06,-26.939999,-47.52
50.267,27.06,-27.06,-47.879997
50.285,27.539999,-27.539999,-47.879997
50.327,27.119999,-27.24,-47.28
50.366,26.82,-27.06,-48.239998
50.386,26.58,-27.359999,-47.399998
50.425,27.599998,-27.539999,-48.0
50.465,27.66,-27.24,-47.879997
50.506,28.199999,-27.3,-46.92
50.525,27.48,-27.18,-46.739998
50.566,26.82,-27.18,-47.64
50.605,26.88,-27.06,-48.059998
50.626,27.24,-27.18,-47.7
50.663,27.359999,-27.3,-46.739998
50.704,26.82,-27.48,-47.46
50.731,27.3,-26.76,-47.399998
50.765,28.019999,-27.3,-47.879997
50.806,27.48,-26.88,-47.7
50.826,27.359999,-27.0,-48.0
50.866,27.359999,-27.9,-48.059998
50.905,26.64,-28.439999,-47.28
50.926,26.939999,-28.019999,-47.16
50.966,27.72,-27.9,-47.64
51.005,28.32,-28.439999,-47.82
51.026,27.66,-28.619999,-47.94
51.066,27.119999,-27.24,-48.719997
51.106,27.72,-27.779999,-47.82
51.145,26.939999,-27.18,-48.42
51.165,27.119999,-27.599998,-47.82
51.206,27.119999,-27.72,-47.1
51.246,27.119999,-27.359999,-47.7
51.266,27.18,-27.119999,-47.52
51.305,27.119999,-27.539999,-46.86
51.346,27.3,-27.96,-47.94
51.366,27.599998,-27.72,-48.36
51.405,27.06,-27.0,-47.82
51.446,26.34,-27.359999,-47.64
51.465,27.0,-27.96,-47.76
51.505,27.539999,-27.48,-46.86
51.546,27.42,-26.64,-46.92
51.568,28.08,-26.58,-47.28
51.605,27.24,-27.24,-48.42
51.644,27.72,-27.06,-47.219997
51.664,27.599998,-27.119999,-47.039997
51.705,27.599998,-27.599998,-47.52
51.744,27.66,-27.42,-47.579998
51.764,27.24,-27.72,-47.76
51.806,27.96,-27.66,-46.68
51.847,27.84,-26.939999,-47.52
51.865,27.779999,-26.519999,-47.579998
51.905,27.24,-26.88,-48.539997
51.945,27.18,-27.779999,-47.64
51.966,27.42,-27.84,-47.579998
52.005,27.72,-27.24,-47.579998
52.044,27.119999,-27.96,-47.46
52.085,27.48,-27.119999,-47.219997
52.105,27.84,-26.82,-46.86
52.145,27.539999,-27.24,-47.879997
52.185,27.42,-27.48,-47.579998
52.205,27.84,-27.3,-47.28
52.246,27.24,-27.119999,-47.1
52.271,27.539999,-27.42,-47.399998
52.304,27.359999,-27.66,-47.64
52.345,27.18,-27.48,-47.82
52.386,27.119999,-26.58,-47.94
52.406,27.18,-27.119999,-48.36
52.444,27.119999,-27.18,-47.82
52.485,26.939999,-26.22,-47.64
52.505,26.64,-26.939999,-47.1
52.545,26.58,-26.88,-47.16
52.585,27.48,-27.539999,-47.82
52.606,27.66,-27.48,-48.059998
52.643,27.9,-27.0,-47.7
52.683,27.18,-27.96,-47.94
52.705,26.82,-27.96,-47.579998
52.743,27.48,-27.119999,-47.219997
52.785,26.699999,-27.779999,-47.52
52.805,26.82,-27.06,-47.64
52.845,27.9,-26.699999,-47.399998
52.888,27.599998,-27.3,-47.28
52.906,27.42,-26.939999,-47.52
52.946,27.18,-26.64,-47.399998
52.987,27.42,-27.539999,-47.52
53.025,27.96,-27.0,-48.0
53.044,27.599998,-27.119999,-47.579998
53.085,26.519999,-27.0,-47.039997
53.125,26.58,-26.82,-47.82
53.145,27.18,-26.64,-48.18
53.184,27.119999,-27.3,-47.28
53.224,27.66,-26.64,-48.48
53.245,26.76,-27.119999,-47.82
53.284,27.48,-27.599998,-47.82
53.325,27.18,-26.699999,-48.0
53.344,26.88,-27.0,-47.28
53.384,27.06,-27.48,-48.12
53.427,27.779999,-27.18,-47.94
53.444,28.08,-27.24,-46.62
53.487,26.82,-27.66,-46.92
53.526,28.019999,-26.699999,-47.82
53.545,27.42,-27.18,-47.34
53.586,27.3,-27.42,-48.059998
53.625,27.96,-27.06,-46.559998
53.663,27.42,-26.46,-47.82
53.685,27.779999,-27.119999,-48.12
53.725,27.119999,-26.88,-48.059998
53.765,27.96,-27.42,-47.64
53.785,27.359999,-27.42,-47.579998
53.825,27.18,-27.42,-47.399998
53.865,27.24,-27.3,-47.16
53.885,26.699999,-27.3,-46.44
53.926,27.3,-27.42,-46.86
53.965,27.96,-27.3,-46.68
53.986,28.439999,-27.18,-47.52
54.024,26.76,-26.82,-47.1
54.065,27.3,-26.88,-47.579998
54.085,27.06,-27.24,-46.86
54.124,27.599998,-27.06,-48.059998
54.165,27.72,-26.76,-46.8
54.184,27.84,-26.88,-47.879997
54.226,27.359999,-27.06,-46.98
54.264,27.359999,-26.519999,-47.46
54.285,27.9,-26.16,-47.82
54.325,28.32,-26.16,-47.399998
54.365,27.66,-26.4,-47.7
54.384,27.3,-27.06,-47.579998
54.424,28.26,-26.64,-48.12
54.465,27.72,-27.0,-47.52
54.485,27.539999,-26.939999,-47.76
54.525,27.06,-27.119999,-48.0
54.565,27.9,-26.88,-46.98
54.604,26.4,-27.06,-47.879997
54.624,26.34,-27.9,-47.28
54.663,27.06,-27.06,-47.82
54.705,27.48,-26.4,-46.559998
54.724,27.96,-26.82,-46.92
54.765,27.42,-27.48,-47.82
54.804,26.88,-26.76,-46.8
54.825,27.48,-26.82,-47.1
54.865,27.42,-27.48,-48.12
54.904,27.66,-27.539999,-46.739998
54.924,27.42,-27.599998,-47.7
54.964,27.599998,-26.519999,-48.059998
55.004,27.24,-27.539999,-48.0
55.024,27.48,-27.359999,-47.399998
55.065,26.939999,-27.66,-47.46
55.104,27.06,-27.42,-47.879997
55.125,27.0,-27.06,-48.42
55.165,27.24,-27.359999,-47.7
55.205,27.0,-27.539999,-47.579998
55.225,26.88,-27.48,-47.94
55.266,27.539999,-27.779999,-47.52
55.305,26.939999,-26.82,-47.82
55.326,27.06,-27.599998,-47.64
55.365,28.08,-27.0,-47.52
55.405,27.779999,-27.66,-46.5
55.445,27.539999,-27.84,-47.579998
55.464,27.359999,-27.66,-47.399998
55.505,26.279999,-27.599998,-47.039997
55.545,27.42,-26.76,-47.76
55.565,27.3,-27.539999,-47.879997
55.604,27.84,-27.3,-47.94
55.644,27.84,-26.519999,-46.98
55.664,27.359999,-26.46,-47.34
55.705,27.119999,-27.779999,-47.219997
55.744,27.18,-26.88,-47.28
55.764,27.359999,-27.42,-47.64
55.804,27.06,-27.3,-47.52
55.845,28.26,-28.32,-47.28
55.865,28.019999,-28.26,-47.039997
55.905,26.699999,-27.06,-47.879997
55.946,27.18,-26.699999,-48.059998
55.964,26.76,-27.0,-47.94
56.005,27.06,-27.24,-47.579998
56.047,26.76,-27.0,-48.0
56.064,27.48,-27.48,-47.46
56.105,28.019999,-27.42,-47.82
56.146,27.66,-27.359999,-47.399998
56.166,27.9,-27.779999,-47.219997
56.207,27.18,-27.119999,-47.039997
56.246,27.119999,-26.82,-47.399998
56.286,27.48,-27.539999,-46.5
56.306,27.84,-27.06,-46.92
56.346,26.699999,-27.24,-47.94
56.385,27.0,-27.359999,-47.28
56.406,27.42,-27.539999,-47.28
56.445,26.76,-27.119999,-47.399998
56.485,27.84,-27.3,-47.52
56.505,27.48,-27.24,-47.399998
56.544,27.84,-27.599998,-46.739998
56.583,27.06,-28.019999,-47.16
56.604,27.0,-27.9,-47.34
56.643,27.24,-27.42,-46.379997
56.684,27.18,-27.06,-46.32
56.704,26.76,-27.24,-46.68
56.745,27.24,-27.539999,-46.739998
56.785,26.82,-26.519999,-46.8
56.805,26.939999,-26.519999,-47.82
56.844,27.599998,-27.18,-47.28
56.885,27.06,-27.539999,-47.34
56.904,27.3,-27.48,-47.46
56.944,26.82,-27.06,-47.1
56.984,26.76,-28.26,-47.879997
57.005,27.119999,-27.72,-47.64
57.046,28.019999,-27.06,-47.76
57.083,27.06,-27.48,-47.16
57.123,27.539999,-27.48,-47.7
57.145,27.48,-27.3,-47.16
57.184,27.66,-27.359999,-47.28
57.225,27.66,-27.9,-47.039997
57.245,27.24,-27.779999,-46.8
57.285,27.06,-27.84,-46.98
57.325,26.88,-26.58,-47.579998
57.344,27.3,-27.06,-46.86
57.386,27.119999,-27.9,-46.8
57.423,27.72,-27.0,-47.399998
57.446,27.06,-27.48,-47.28
57.484,26.519999,-27.3,-47.579998
57.524,26.939999,-27.3,-47.28
57.543,27.779999,-26.4,-47.34
57.585,27.539999,-27.9,-47.76
57.624,28.439999,-26.939999,-46.86
57.644,27.06,-27.06,-46.26
57.684,27.779999,-26.46,-47.039997
57.724,27.48,-27.359999,-47.579998
57.744,26.76,-27.0,-47.34
57.784,27.3,-26.82,-47.399998
57.825,27.06,-26.519999,-47.52
57.864,27.359999,-26.4,-47.399998
57.885,27.539999,-27.06,-47.52
57.925,27.24,-26.34,-47.64
57.964,26.939999,-27.24,-47.399998
57.983,27.48,-26.88,-47.52
58.026,27.96,-27.18,-47.7
58.065,27.66,-27.06,-46.2
58.084,27.84,-27.539999,-47.28
58.126,27.06,-27.72,-47.1
58.165,26.46,-27.359999,-46.739998
58.184,27.06,-27.72,-47.039997
58.226,28.14,-27.779999,-47.34
58.266,28.199999,-27.0,-47.399998
58.286,27.9,-27.72,-46.98
58.327,26.939999,-27.119999,-47.76
58.366,27.359999,-26.88,-47.34
58.385,27.119999,-27.119999,-47.76
58.425,27.42,-27.3,-46.86
58.466,28.08,-27.3,-46.98
58.485,27.539999,-27.599998,-47.28
58.523,27.48,-27.24,-47.94
58.566,26.88,-26.58,-47.879997
58.585,26.58,-26.58,-47.28
58.625,26.82,-26.82,-47.64
58.663,26.76,-27.42,-47.16
58.705,27.779999,-27.0,-47.399998
58.724,27.539999,-27.119999,-47.1
58.765,26.82,-26.64,-47.46
58.804,27.72,-26.88,-47.219997
58.824,27.48,-27.06,-47.64
58.864,27.3,-26.699999,-47.1
58.904,26.58,-26.939999,-47.28
58.924,27.48,-26.46,-47.16
58.965,28.019999,-27.359999,-47.34
59.004,27.359999,-27.48,-47.879997
59.024,27.3,-27.06,-47.64
59.063,27.18,-27.66,-47.219997
59.103,27.539999,-27.119999,-47.34
59.123,27.599998,-26.82,-47.76
59.163,27.359999,-27.779999,-47.7
59.203,27.359999,-27.539999,-46.8
59.224,27.06,-27.539999,-47.46
59.266,27.66,-26.699999,-47.16
59.306,27.119999,-27.96,-48.12
59.326,27.0,-27.84,-46.92
59.366,27.72,-26.76,-47.579998
59.404,26.939999,-27.84,-47.1
59.425,27.66,-26.939999,-47.219997
59.466,28.199999,-27.42,-47.52
59.506,28.019999,-27.24,-47.16
59.543,27.3,-26.58,-47.1
59.564,27.18,-26.76,-47.399998
59.603,26.939999,-27.599998,-46.98
59.643,27.359999,-26.4,-47.1
59.663,27.42,-25.92,-46.26
59.703,27.539999,-27.119999,-47.82
59.744,27.72,-27.84,-47.7
59.765,26.939999,-26.699999,-47.879997
59.804,27.24,-27.3,-48.3
59.845,27.72,-27.66,-48.059998
59.866,27.24,-28.14,-48.18
59.906,26.939999,-27.0,-46.92
59.945,27.599998,-26.939999,-46.98
59.963,27.779999,-26.699999,-47.52
