timestamp,x,y,z
00.002,1.89866,-3.8906965,9.093455
00.040,1.8938714,-4.0966043,9.914692
00.069,1.6927522,-4.0966043,9.993703
00.108,1.3360053,-4.503631,9.380769
00.141,1.010384,-5.446975,9.004868
00.169,0.7805336,-7.637737,9.205987
00.208,3.816474,-8.612206,10.032011
00.240,3.8188684,-6.8859344,7.7502675
00.270,1.3072741,-6.062304,6.526793
00.308,0.41181526,-5.949773,7.206767
00.339,1.1947432,-5.973716,6.7734036
00.379,1.5443072,-6.4166565,7.039168
00.408,2.2242813,-6.304126,7.266624
00.440,2.17879,-5.6241517,6.304126
00.478,1.5802214,-4.7143273,5.6768255
00.508,1.6400782,-4.2019525,5.602603
00.539,1.8962656,-3.9242165,5.504438
00.578,2.0016139,-4.122941,5.61218
00.608,2.1811843,-4.5491223,6.114978
00.639,2.5714512,-5.140508,6.8452315
00.681,3.2825508,-6.091035,8.2339115
00.709,3.15326,-7.0271964,8.870789
00.740,3.294522,-7.5850625,9.318518
00.780,3.4980354,-7.3767605,9.110215
00.810,2.7725701,-7.2714124,9.512454
00.840,0.84278476,-7.9753294,8.779806
00.880,2.49244,-8.348836,9.478934
00.909,3.1939626,-6.7877693,7.8699813
00.949,0.5219519,-5.7199225,6.778192
00.978,-0.56744313,-5.054314,7.439012
01.018,-0.63208854,-4.537151,6.998465
01.048,-0.08140534,-4.1157584,6.7805862
01.080,-0.2753416,-4.1420956,6.998465
01.119,-0.30886146,-4.065479,6.299337
01.147,-0.22985038,-3.9577363,6.344828
01.179,-0.3040729,-4.113364,6.857203
01.219,0.28013015,-5.1357193,7.8963184
01.248,1.0175668,-5.8156934,9.035994
01.279,2.0542877,-6.1556807,8.660092
01.318,1.951334,-6.361588,7.616188
01.347,1.3886794,-6.9840994,8.061523
01.379,1.3982565,-7.8292785,8.875577
01.419,1.3360053,-8.322499,9.613013
01.447,0.32083282,-8.909097,8.470944
01.479,0.48124924,-8.968953,8.909097
01.518,0.03351985,-8.085466,9.464568
01.547,-1.1660118,-7.805336,7.3312693
01.587,-2.1620302,-7.7861814,6.7279124
01.619,-1.9369683,-7.520417,6.9840994
01.648,-1.5131817,-7.065505,6.550736
01.689,-0.68236834,-6.021601,5.8611846
01.719,-0.888276,-5.2913475,5.569083
01.748,-1.0510867,-4.8364353,5.209942
01.789,-1.3982565,-4.558699,5.1093826
01.820,-1.1708003,-4.4270144,5.209942
01.849,-0.84996754,-4.513208,5.427821
01.888,-0.28013015,-4.817281,6.6417184
01.919,-0.5219519,-5.288953,7.4605603
01.949,-1.3431882,-6.0503325,8.4230585
01.987,-1.960911,-6.529187,9.751882
02.020,-3.0024207,-6.5052447,9.215564
02.060,-5.1189594,-7.7861814,7.57788
02.089,-3.799714,-8.91628,9.012051
02.120,0.36392978,-7.4102807,11.087887
02.161,-1.3862851,-5.7893567,9.632168
02.188,-3.7422516,-5.4661293,6.454965
02.218,-4.640105,-5.439792,5.320079
02.260,-3.047912,-5.9282246,5.3919067
02.290,-2.4708917,-6.1724405,6.2107487
02.319,-2.49244,-6.5651016,6.241874
02.359,-1.7262721,-6.134132,5.8420305
02.387,-1.297697,-5.4302154,5.358387
02.428,-0.50998056,-4.8124924,6.2083545
02.459,-0.15323359,-5.0638914,7.1995845
02.487,-0.052674048,-5.497255,7.7742105
02.528,0.7326481,-5.6840086,7.642525
02.558,0.8284191,-5.609786,7.7957587
02.600,0.14126222,-6.28976,8.147717
02.629,-1.2498114,-7.5659084,9.663293
02.659,-0.94573855,-8.722343,9.783007
02.688,-1.4102279,-10.235525,10.190034
02.729,-0.32083282,-10.161303,10.917893
02.759,-1.5634614,-9.608225,9.222747
02.799,-3.4788814,-8.810931,6.550736
02.828,-3.6297207,-7.8173075,5.4900723
02.859,-3.6656346,-6.9457912,5.0040345
02.898,-3.1748085,-6.0048413,4.2977233
02.929,-2.6456738,-5.5619006,3.7661943
02.959,-2.073442,-5.2410674,4.285752
03.000,-1.776552,-4.7741838,5.6935854
03.029,-2.3248408,-4.577853,6.124555
03.061,-2.5666625,-4.453351,5.8779445
03.099,-2.6097596,-4.455745,6.3639827
03.128,-3.100586,-4.929812,7.2546525
03.159,-3.6991546,-5.482889,8.162083
03.200,-4.3264546,-5.8252707,8.360807
03.229,-3.9697077,-5.4062724,8.217151
03.260,-4.2618093,-5.5020437,7.9609637
03.300,-5.5116205,-6.301731,7.273807
03.328,-4.7191157,-9.148524,6.0838523
03.368,1.8699286,-7.099025,9.47654
03.399,-1.8675344,-7.1995845,9.885961
03.439,-2.691165,-6.6584783,6.682421
03.469,-1.7981004,-5.8755503,5.133325
03.499,-1.8795058,-5.5355635,6.2346916
03.538,-1.1971374,-4.9393888,7.0439563
03.567,-0.8739103,-4.800521,6.1293435
03.599,-0.7398309,-4.652076,6.1461034
03.639,-0.043096945,-4.68799,6.981705
03.669,0.35674694,-4.9178405,7.6640735
03.699,0.6153286,-5.516409,9.002473
03.741,0.42139238,-5.681614,9.543579
03.768,-0.56265455,-5.8204823,8.662486
03.800,-1.089395,-6.4621477,8.2339115
03.839,-1.1684061,-7.9418097,8.676852
03.877,-1.9202085,-8.664881,9.984126
03.900,-1.7454263,-10.039194,10.692831
03.939,-1.6137413,-8.837268,9.450203
03.968,-3.1963568,-8.324894,7.108602
04.008,-3.3998702,-7.249864,5.6241517
04.040,-3.4022646,-6.3759537,5.540352
04.068,-3.476487,-5.688797,4.6903844
04.100,-2.9114382,-4.7717896,3.5985951
04.142,-3.0622776,-4.2665977,3.2538195
04.168,-2.7390504,-3.9337935,3.6823947
04.200,-2.7175019,-3.6464806,4.130124
04.240,-3.8140798,-3.8523881,4.288146
04.268,-4.2235007,-4.3911,4.529968
04.308,-4.103787,-5.054314,5.497255
04.339,-4.70475,-5.751048,6.409474
04.368,-5.8061166,-6.6417184,6.8452315
04.407,-6.481302,-8.281796,7.0128307
04.450,-6.2682114,-8.868394,7.2187386
04.480,-7.228316,-10.00328,8.722343
04.506,-4.199558,-9.086273,10.00328
04.538,-1.4102279,-7.333664,12.783033
04.579,-2.8970726,-5.672037,13.012883
04.607,-5.130931,-5.6600657,9.3280945
04.638,-6.280183,-5.5140147,5.157268
04.680,-5.968927,-4.8555894,5.375147
04.707,-4.640105,-4.6832013,6.179623
04.739,-3.641692,-4.4988422,5.463735
04.779,-3.6201434,-3.9098508,5.3440213
04.808,-2.935381,-3.2107224,5.1261425
04.839,-2.9377751,-2.9928436,5.8013277
04.880,-3.4836698,-3.1700199,6.8907228
04.908,-3.4453614,-3.459727,7.0367737
04.947,-3.7350688,-4.0966043,7.3192983
04.984,-4.4629283,-4.6712303,8.0375805
05.008,-5.688797,-5.6457,9.050359
05.040,-6.014418,-5.870762,9.502876
05.079,-6.2873654,-6.071881,10.067925
05.108,-5.0207944,-5.030371,9.967366
05.147,-5.863579,-4.925023,7.168459
05.179,-6.0000525,-5.011217,6.3759537
05.208,-6.0670924,-5.1596622,6.857203
05.248,-5.6552773,-5.183605,6.8428373
05.277,-4.6640472,-4.6999617,6.6225643
05.320,-4.513208,-4.1540666,5.995264
05.348,-5.0591025,-4.2019525,4.972909
05.381,-5.7007685,-4.2737803,4.4820824
05.420,-6.2586346,-4.233078,4.285752
05.447,-6.524399,-4.225895,4.0391417
05.479,-6.016813,-4.2618093,3.7877429
05.518,-5.4134555,-4.824464,4.336032
05.548,-5.8947043,-5.394301,5.5140147
05.579,-6.65369,-5.487678,6.689604
05.619,-7.187613,-5.2745876,6.9050884
05.648,-7.850827,-4.975303,7.106208
05.679,-8.930645,-6.3304625,6.4166565
05.718,-4.929812,-3.232271,8.777411
05.748,-5.751048,-2.6600394,9.720756
05.780,-7.762239,-3.5076127,7.8388557
05.818,-9.122187,-3.572258,5.272193
05.851,-8.454185,-3.0910087,4.577853
05.887,-5.619363,-2.4517374,4.268992
05.918,-4.2402606,-1.9561225,4.276175
05.959,-4.5610933,-1.7430321,4.807704
05.988,-4.5610933,-1.7406378,5.2578273
06.020,-4.3695517,-1.7933118,6.1054006
06.058,-4.4653225,-2.4876516,6.93382
06.087,-4.697567,-3.2705793,8.308133
06.121,-5.8827333,-3.9744961,10.082292
06.158,-7.091842,-4.642499,10.819728
06.186,-7.7239304,-4.7741838,10.259467
06.219,-7.755056,-4.3240604,9.478934
06.258,-8.605023,-5.2865586,9.440625
06.287,-7.1229677,-4.3001175,9.12937
06.318,-5.0806513,-2.8396099,8.415876
06.357,-4.434197,-3.7422516,7.2785954
06.387,-4.618556,-4.4485626,6.682421
06.418,-6.7039695,-5.130931,6.759038
06.459,-7.4270406,-5.1979704,6.610593
06.487,-6.8715687,-4.5347567,6.4956675
06.528,-6.593833,-3.912245,5.4134555
06.558,-6.2083545,-3.6392977,4.314483
06.587,-5.973716,-3.6871831,3.6488748
06.626,-5.9210415,-3.5076127,3.8547823
06.660,-5.480495,-3.1053743,3.9170337
06.687,-5.334444,-2.7151077,4.000833
06.728,-6.0670924,-2.5834224,4.73827
06.758,-6.9553685,-2.9617178,5.1716337
06.799,-8.066312,-3.5267668,5.7893567
06.828,-8.329682,-3.9146392,6.6249585
06.859,-9.57231,-5.095017,7.1924014
06.898,-8.169266,-4.810098,7.7167478
06.927,-4.9872746,-1.5778271,10.271439
06.959,-6.4525704,-1.5490957,10.024829
07.001,-8.494887,-2.7414446,5.0758624
07.028,-8.348836,-3.2490308,3.1460772
07.059,-7.0271964,-3.5483153,4.2570205
07.098,-4.8938975,-3.1365,6.1293435
07.128,-5.05192,-2.743839,6.754249
07.168,-5.2841644,-1.9369683,6.366377
07.200,-5.6792197,-1.4150164,5.4230323
07.228,-5.664854,-1.6328955,4.903475
07.258,-5.4134555,-2.3823035,5.152479
07.300,-4.989669,-3.2705793,6.838049
07.327,-5.547535,-4.07745,8.7822
07.367,-6.919454,-4.853195,11.071127
07.399,-8.820508,-5.4134555,11.159715
07.427,-10.197216,-5.9665327,10.999298
07.460,-9.972155,-5.00164,11.236332
07.499,-8.267431,-3.2729738,9.067119
07.528,-7.56112,-3.5076127,7.151699
07.566,-7.6640735,-4.520391,5.260222
07.598,-7.735902,-4.8938975,4.826858
07.639,-7.005648,-4.7143273,4.4749
07.667,-6.021601,-4.2905407,4.697567
07.699,-5.4158497,-4.0822387,4.747847
07.728,-5.454158,-3.9960446,4.4629283
07.767,-4.9705143,-4.1540666,3.8859081
07.799,-4.1373067,-4.2187123,3.8116856
07.839,-4.2211065,-4.005622,4.314483
07.867,-4.565882,-3.6584518,4.149278
07.899,-4.7286925,-3.4956412,4.0295644
07.939,-5.6600657,-3.7590115,5.150085
07.967,-6.6704497,-4.199558,5.9473786
07.999,-6.804529,-3.929005,6.6584783
08.039,-6.605804,-3.7638,7.90829
08.067,-8.339259,-4.6041903,8.516436
08.098,-9.009656,-5.4326096,8.526012
08.138,-5.715134,-2.760599,10.1541195
08.166,-6.117372,-2.8515813,9.371192
08.208,-6.8332605,-3.2298768,6.7279124
08.238,-7.391126,-3.0383348,5.7654138
08.267,-7.4246464,-2.7845416,5.5140147
08.301,-6.316097,-2.803696,5.1021996
08.339,-5.2219133,-2.9832664,5.6002088
08.380,-4.810098,-2.8683412,6.241874
08.407,-4.8819265,-2.8156672,6.308914
08.438,-5.2841644,-2.8515813,6.672844
08.468,-5.849213,-2.9305923,6.960157
08.507,-5.6002088,-3.0383348,7.6042166
08.539,-5.940196,-3.3136764,8.130958
08.578,-7.106208,-3.833234,8.145323
08.608,-7.699988,-4.5419393,8.303345
08.641,-7.8627987,-4.4198313,9.11261
08.680,-8.454185,-4.8723493,9.742304
08.708,-6.797346,-3.1652312,9.031204
08.740,-7.326481,-3.5842295,6.5746784
08.780,-6.4358106,-4.515602,5.0399485
08.808,-6.8667803,-4.6640472,5.008823
08.840,-6.4693303,-4.7502413,4.9417834
08.878,-5.5882373,-4.9106574,5.4852834
08.909,-4.608979,-4.235472,6.368771
08.938,-5.0591025,-3.5698638,6.3903193
08.980,-5.39909,-3.0981915,5.152479
09.007,-5.4158497,-3.2202997,4.4318027
09.039,-5.403878,-3.3855045,4.3671575
09.081,-5.5140147,-3.4381785,4.4725056
09.108,-5.33205,-3.3998702,4.652076
09.140,-5.8611846,-3.5938065,5.2841644
09.179,-6.7853746,-3.9768906,6.177229
09.208,-6.9505796,-3.8140798,7.0104365
09.248,-7.972935,-3.5363438,7.922655
09.279,-10.575512,-5.2075477,7.6018224
09.308,-9.720756,-5.478101,7.2522583
09.347,-5.0806513,-1.8579572,8.648121
09.380,-5.06868,-1.8531687,8.126168
09.408,-5.97611,-2.5618742,6.426234
09.447,-7.8340673,-3.5267668,5.0399485
09.480,-7.455772,-3.4142358,4.6137676
09.518,-5.4517636,-2.935381,5.233885
09.547,-5.236279,-2.9760835,6.1556807
09.580,-4.867561,-2.865947,6.466936
09.619,-5.00164,-2.3272352,6.423839
09.648,-5.5020437,-1.960911,6.2059603
09.681,-5.7103453,-2.3032923,5.7606254
09.721,-5.4517636,-2.7869358,6.3831367
09.748,-5.9114647,-3.3495905,7.1373334
09.779,-7.312115,-3.9242165,7.745479
09.821,-9.553157,-5.0998054,7.6449194
09.848,-10.984933,-5.90907,8.140534
09.879,-8.755863,-4.242655,9.002473
09.920,-7.0559278,-3.1053743,9.071907
09.948,-7.0080423,-3.3160706,6.981705
09.980,-7.9968777,-3.6560576,5.856396
10.019,-7.910684,-3.6584518,5.9856873
10.047,-6.6776323,-3.4980354,6.0479383
10.087,-5.8611846,-3.1149516,5.276982
10.119,-6.1556807,-2.7989073,4.35758
10.148,-6.838049,-2.516383,3.7733772
10.188,-6.9577627,-2.6720107,3.0766432
10.220,-6.1915946,-3.0119977,3.0263634
10.248,-5.0638914,-3.2370596,3.407053
10.289,-4.7981267,-3.703943,4.62095
10.319,-5.147691,-3.9409764,5.7654138
10.349,-5.8683677,-4.0463243,6.55313
10.387,-6.7877693,-3.3735332,7.695199
10.418,-7.84125,-3.4022646,7.937021
10.450,-7.8747697,-2.9234095,7.9753294
10.488,-10.240314,-5.008823,7.4701376
10.518,-7.120573,-2.8372157,9.234718
10.558,-7.7478733,-2.317658,9.732727
10.587,-8.22194,-2.7749646,6.100612
10.619,-8.339259,-3.4262073,4.0894213
10.658,-6.8859344,-3.7949257,4.0559015
10.688,-5.731894,-3.7661943,4.3695517
10.719,-4.975303,-3.5554981,4.896292
10.759,-4.5850363,-3.0790374,4.740664
10.788,-4.381523,-2.7989073,4.678413
10.823,-4.7741838,-2.4996228,5.1429024
10.859,-5.4589467,-2.7821474,5.7007685
10.888,-5.4230323,-3.1077688,6.308914
10.920,-5.3081074,-3.294522,7.2618356
10.960,-6.9888883,-3.6177492,7.798153
10.988,-7.755056,-3.3495905,6.88354
11.021,-9.208381,-3.407053,6.7207294
11.060,-9.37598,-3.059883,7.4988685
11.088,-9.785401,-3.380716,8.262642
11.128,-7.9849067,-1.9273912,8.684034
11.160,-7.6736507,-2.8707354,8.066312
11.199,-6.694392,-4.7262983,7.4845033
11.228,-8.41827,-5.233885,8.193209
11.258,-9.136553,-4.7262983,7.429435
11.300,-7.884347,-3.440573,5.7582307
11.328,-7.6975937,-3.1819913,5.3440213
11.360,-7.362395,-3.2490308,4.802915
11.398,-6.91706,-3.476487,4.3695517
11.428,-6.318491,-3.4716985,4.14449
11.459,-6.0263896,-3.3687446,3.5674694
11.498,-5.7223167,-3.083826,3.0622776
11.527,-5.585843,-2.9234095,3.0862203
11.567,-5.873156,-3.2466366,3.8380225
11.598,-6.2538457,-3.572258,4.486871
11.629,-6.55313,-3.5938065,5.1859994
11.668,-7.4868975,-4.1181526,5.401484
11.701,-10.424672,-6.0766697,4.6736245
11.728,-9.438231,-6.1125836,4.7741838
11.768,-5.777385,-0.45970076,7.692805
11.799,-6.550736,-0.28013015,7.4533772
11.840,-8.310528,-2.7725701,6.2945485
11.868,-9.835681,-3.5339496,6.0599093
11.900,-9.452597,-2.7127132,5.454158
11.940,-8.075889,-2.0231621,5.6959796
11.967,-7.185219,-2.238647,5.6983743
11.999,-6.88354,-2.300898,4.8388295
12.039,-6.395108,-1.5490957,4.0104103
12.069,-6.1724405,-1.498816,4.0367475
12.099,-5.777385,-1.733455,4.7526355
12.139,-6.344828,-2.238647,6.143709
12.169,-6.9457912,-2.3846977,6.926637
12.201,-7.893924,-2.7917244,7.1109962
12.241,-9.366403,-3.3519847,6.3544054
12.268,-9.912297,-4.4318027,6.8356547
12.299,-11.538011,-6.5028505,7.944204
12.336,-10.410307,-5.607392,9.179649
12.368,-7.7502675,-2.8491871,7.24747
12.399,-6.3927135,-3.5674694,5.6983743
12.438,-6.244269,-5.0423427,6.071881
12.468,-7.0152254,-5.5188036,6.6201696
12.507,-6.665661,-4.3839173,6.246663
12.541,-6.854809,-4.000833,5.6552773
12.567,-7.0176196,-3.8045027,4.723904
12.607,-7.307327,-3.624932,3.8643596
12.638,-6.941003,-3.562681,3.4836698
12.668,-6.510033,-3.5004299,3.4333901
12.709,-6.2179317,-3.4980354,3.3040993
12.739,-6.464542,-3.5435266,3.684789
12.768,-7.434223,-3.9864676,4.206741
12.809,-8.162083,-4.348003,4.862772
12.839,-9.148524,-4.740664,4.659259
12.879,-10.271439,-6.2179317,4.0199876
12.909,-9.107821,-6.5794673,5.2027593
12.938,-5.446975,-2.762993,7.721536
12.979,-6.2753944,-1.7071179,7.020014
13.008,-7.860404,-2.710319,5.681614
13.039,-9.838076,-4.0128045,4.5108137
13.078,-8.672064,-3.7302802,3.8452053
13.108,-6.996071,-3.3998702,3.7446458
13.141,-5.9449844,-3.318465,4.0104103
13.180,-5.8827333,-3.1436827,4.309695
13.208,-6.325674,-2.9138324,4.35758
13.248,-6.775798,-2.5906053,4.9369946
13.282,-7.269018,-2.5714512,5.2697988
13.306,-6.7925577,-2.7653873,5.521198
13.350,-6.3759537,-3.3112822,6.732701
13.377,-7.3169036,-3.9768906,7.211556
13.407,-8.377567,-4.678413,7.6640735
13.447,-11.229149,-6.095824,9.454991
13.479,-11.617022,-4.8986864,10.4294615
13.508,-10.558752,-2.8803127,9.845258
13.548,-7.6066113,-1.7909175,7.393521
13.579,-7.599428,-3.1676257,6.6848154
13.618,-8.79896,-4.3887057,5.3440213
13.648,-9.117398,-4.565882,4.932206
13.680,-8.226728,-4.5084195,3.8787253
13.720,-7.4868975,-4.2546263,4.0128045
13.748,-7.063111,-4.1540666,4.0367475
13.779,-6.629747,-4.268992,3.9002736
13.819,-5.9665327,-3.9744961,3.5842295
13.848,-5.559506,-3.6991546,3.172414
13.879,-5.130931,-3.502824,2.8898897
13.919,-5.0830455,-3.5052183,3.1173458
13.947,-5.621757,-3.4573328,3.519584
13.978,-6.596227,-3.459727,3.6033835
14.019,-7.556331,-3.2562137,3.799714
14.061,-7.7095647,-3.040729,4.2187123
14.088,-9.431048,-4.2474437,4.70475
14.119,-11.047184,-7.225921,5.5188036
14.148,-7.391126,-3.512401,8.940222
14.187,-7.6305537,-0.5985687,10.941835
14.219,-9.632168,-0.9217958,8.652909
14.247,-11.339286,-2.578634,6.304126
14.288,-8.875577,-2.3416007,4.120547
14.319,-6.8500204,-1.8531687,4.529968
14.363,-5.521198,-2.0016139,4.7286925
14.386,-5.913859,-2.2865324,5.00164
14.422,-6.1484976,-2.1740015,5.06868
14.461,-6.65369,-1.8866886,5.183605
14.486,-5.916253,-2.0925963,4.889109
14.518,-5.497255,-2.0662591,5.94259
14.558,-5.7103453,-2.1716073,6.840443
14.587,-6.7662206,-2.569057,6.8452315
14.620,-7.8795586,-3.2705793,6.593833
14.659,-8.456578,-4.0199876,7.1564875
14.688,-9.560339,-5.054314,8.166871
14.719,-9.636956,-4.8148866,9.165284
14.761,-7.929838,-2.116539,8.717555
14.788,-6.9457912,-2.4948344,7.170853
14.819,-6.4932733,-4.008016,6.5818615
14.859,-7.7718163,-5.1596622,6.7901635
14.887,-8.051947,-4.853195,6.366377
14.927,-7.6904106,-4.400677,6.1101894
14.960,-7.666468,-3.8763309,5.854002
14.987,-7.6018224,-3.4908526,5.140508
15.028,-7.4653487,-3.1652312,4.149278
15.059,-7.108602,-3.2035396,3.8763309
15.089,-6.6081986,-3.0455174,3.572258
15.121,-6.2921543,-2.6839821,3.275368
15.160,-6.1101894,-2.1979442,3.1149516
15.189,-6.507639,-2.2147043,3.6081722
15.228,-6.8428373,-2.6217308,3.8811195
15.259,-7.8723755,-3.510007,4.618556
15.288,-7.6688623,-3.2538195,6.282577
15.328,-13.381602,-7.74069,8.250671
15.357,-8.597841,-2.4876516,10.846065
15.399,-7.1971903,0.5506832,8.56911
15.427,-6.718335,0.16041641,5.0830455
15.458,-7.4414062,-2.6528566,2.9856608
15.501,-7.8556156,-4.3599744,4.3216662
15.527,-6.5220046,-4.743058,3.7542229
15.558,-5.28177,-3.9697077,4.879532
15.599,-4.6113734,-3.1436827,6.3544054
15.628,-4.846012,-2.3990633,7.702382
15.661,-5.2267017,-1.9369683,7.7957587
15.700,-6.0886407,-1.8627458,6.5387645
15.728,-6.119766,-2.083019,6.4932733
15.759,-5.995264,-1.908237,7.4222517
15.800,-6.179623,-1.759792,7.616188
15.828,-7.4438004,-2.3727264,7.249864
15.860,-8.487704,-2.8803127,7.5826683
15.900,-8.473338,-2.832427,7.57788
15.929,-8.803748,-3.3112822,7.6066113
15.969,-8.844451,-4.0463243,8.123775
16.000,-9.301758,-5.106988,7.699988
16.029,-8.032792,-5.00164,7.328875
16.068,-8.166871,-4.7119327,7.168459
16.099,-7.699988,-4.4844766,6.2777886
16.128,-7.0367737,-4.1851926,6.6201696
16.168,-6.5028505,-3.5578923,6.0934296
16.200,-6.352011,-2.8180614,4.6664414
16.229,-6.6081986,-2.595394,3.3160706
16.268,-6.646507,-2.466103,2.4900458
16.300,-6.610593,-2.176396,2.516383
16.339,-6.6249585,-1.9273912,2.9234095
16.368,-6.454965,-2.1572416,3.5962007
16.400,-7.14691,-3.083826,4.4126487
16.431,-8.432636,-4.242655,5.2410674
16.468,-10.063137,-5.4230323,6.1461034
16.498,-7.6257653,-3.9697077,7.620977
16.538,-7.7574506,-2.2194927,9.198804
16.567,-7.7766047,-2.3918805,7.515629
16.607,-9.478934,-2.8396099,6.1820173
16.640,-8.712766,-1.7214836,5.360781
16.668,-7.058322,-1.3838909,5.272193
16.707,-5.715134,-1.9441512,5.157268
16.740,-5.7007685,-2.6720107,4.9154463
16.768,-5.880339,-3.0957973,5.437398
16.809,-5.5188036,-3.0646718,5.978504
16.841,-5.6576715,-2.9689007,6.7015753
16.868,-5.8659735,-2.6289136,7.570697
16.908,-6.3376455,-2.8372157,7.9920893
16.939,-7.7478733,-2.9832664,8.801354
16.968,-8.008849,-2.7989073,8.511647
17.004,-8.097438,-2.719896,8.241094
17.039,-8.126168,-2.7749646,8.650515
17.079,-8.913885,-3.727886,9.035994
17.107,-9.8237095,-3.7709827,8.743892
17.140,-7.903501,-3.727886,6.423839
17.179,-7.16367,-4.5467277,6.016813
17.209,-6.986494,-4.5970078,5.933013
17.240,-6.8428373,-4.8819265,5.7558365
17.280,-6.3376455,-3.9984388,5.9282246
17.309,-5.8061166,-3.2681851,5.5283804
17.385,-5.770202,-2.8898897,5.027977
17.407,-6.280183,-3.1676257,4.0151987
17.448,-6.5124273,-2.935381,3.7685885
17.479,-6.4405994,-2.8827069,3.6273263
17.507,-6.689604,-2.997632,4.14449
17.541,-7.6281595,-3.4190245,4.850801
17.577,-9.395134,-4.8986864,5.174028
17.607,-11.93546,-7.0607166,6.143709
17.641,-8.1549,-4.513208,8.245882
17.680,-6.3831367,-1.1971374,11.135772
17.708,-5.525986,-0.38787252,8.93304
17.748,-7.4246464,-1.4676905,4.1420956
17.781,-8.229122,-1.8364087,2.9736893
17.809,-6.7135468,-2.3152637,3.5770466
17.847,-4.644893,-3.1819913,4.4653225
17.881,-4.9417834,-3.7207031,5.593026
17.919,-4.9633317,-3.8859081,7.0319853
17.949,-5.0806513,-3.7326744,8.083072
17.980,-5.9641385,-2.9736893,8.470944
18.023,-6.035967,-2.3846977,7.101419
18.048,-6.301731,-2.4421604,7.3216925
18.081,-6.881146,-2.5762396,7.8747697
18.118,-6.979311,-2.6097596,7.474926
18.148,-7.161276,-2.9808722,6.9888883
18.181,-7.520417,-3.74704,7.2618356
18.220,-8.81572,-5.1237483,7.065505
18.248,-9.012051,-5.2458563,7.800547
18.280,-7.3240867,-4.539545,7.745479
18.319,-5.9234357,-3.9577363,8.025609
18.347,-5.880339,-4.008016,7.388732
18.381,-7.431829,-4.7095385,6.675238
18.419,-8.667274,-4.7957325,6.385531
18.448,-7.3576064,-4.0128045,5.7103453
18.488,-6.2346916,-3.4118416,5.3895125
18.519,-6.2083545,-3.3160706,4.7598186
18.548,-6.280183,-3.2705793,4.199558
18.588,-6.2945485,-3.1245286,4.0391417
18.619,-6.136526,-2.8874955,3.9002736
18.648,-6.1628633,-2.6624336,3.8571768
18.689,-6.9577627,-3.1556542,4.2211065
18.719,-7.0319853,-3.5746522,4.470111
18.759,-6.071881,-2.9066496,4.865166
18.787,-6.385531,-2.6145482,5.3919067
18.817,-10.455798,-5.358387,5.0926223
18.859,-6.589044,-4.2809634,4.786155
18.887,-5.9042816,-3.9888618,7.4438004
18.918,-5.420638,-3.6584518,9.397529
18.960,-8.303345,-4.6233444,10.795785
18.987,-8.796566,-3.684789,9.562734
19.018,-7.9968777,-2.5044115,6.6010156
19.058,-6.897906,-2.4254005,6.0072355
19.088,-6.2777886,-2.657645,5.8851275
19.120,-4.98488,-2.7031362,5.288953
19.159,-4.12773,-2.8372157,6.0838523
19.188,-3.572258,-3.4262073,6.3376455
19.220,-2.954535,-4.122941,7.0008597
19.260,-3.1748085,-5.138114,9.972155
19.287,-3.5219781,-5.463735,11.552376
19.320,-5.4086666,-6.6153812,11.866026
19.359,-6.7135468,-6.23948,13.216397
19.399,-5.827665,-3.3328304,9.694419
19.439,-5.279376,-3.2633965,8.140534
19.460,-7.187613,-5.174028,7.6521025
19.497,-7.9130783,-4.9561486,7.0511394
19.527,-6.797346,-4.070267,6.8883286
19.560,-5.7223167,-3.3160706,6.342434
19.598,-5.7295,-2.5235655,5.6959796
19.628,-5.672037,-1.9968252,5.238673
19.657,-5.4134555,-1.8459859,5.1021996
19.700,-5.3272614,-2.0423164,4.740664
19.728,-5.322473,-2.569057,4.903475
19.759,-5.183605,-3.0167863,5.090228
19.801,-5.133325,-3.2969165,5.027977
19.827,-4.932206,-3.5339496,5.236279
19.858,-5.889916,-3.849994,5.6744313
19.899,-6.2514515,-3.727886,6.241874
19.929,-6.4358106,-3.2514253,7.0128307
19.966,-8.107015,-3.5674694,6.9888883
19.998,-8.597841,-4.9106574,6.5196104
20.027,-5.7821736,-3.7063375,8.897125
20.068,-3.7781656,-2.7222905,10.846065
20.098,-4.7143273,-3.2083282,10.077502
20.127,-6.8021345,-3.7757714,8.904308
20.167,-7.0966306,-2.8372157,7.0343795
20.198,-5.9282246,-2.0973847,6.9122715
20.238,-4.6281333,-1.9680939,7.020014
20.268,-4.278569,-1.9920366,6.9553685
20.300,-4.5347567,-1.9297855,6.902694
20.328,-4.565882,-1.908237,6.646507
20.367,-4.5108137,-2.1668186,6.735095
20.398,-4.3767343,-2.221887,7.240287
20.438,-4.853195,-2.7318676,8.334471
20.468,-5.5020437,-3.2681851,8.79896
20.498,-6.308914,-4.11097,9.136553
20.540,-6.9314256,-4.3671575,9.787795
20.567,-8.224334,-5.731894,9.785401
20.598,-7.0559278,-4.8915033,10.065532
20.638,-5.7893567,-4.07745,8.672064
20.669,-5.1021996,-3.9768906,7.9920893
20.700,-5.851608,-4.470111,7.7694216
20.739,-7.1588817,-5.0591025,7.5491486
20.768,-6.897906,-4.6568646,6.56989
20.799,-6.4166565,-3.79732,5.741471
20.840,-6.119766,-2.935381,4.8843207
20.868,-5.9018874,-2.7749646,4.235472
20.908,-5.5092263,-2.7031362,4.228289
20.940,-5.3081074,-2.6504622,4.2211065
20.968,-4.929812,-2.5331428,3.8116856
21.008,-4.9872746,-2.6959534,4.2905407
21.041,-5.978504,-2.875524,5.1644506
21.068,-7.491686,-3.3424077,5.978504
21.108,-7.9561753,-3.9529476,6.926637
21.139,-7.8915296,-4.4318027,7.7574506
21.180,-7.4868975,-5.3966956,9.081485
21.208,-6.8260775,-3.962525,11.693638
21.240,-7.326481,-2.8898897,10.628186
21.280,-7.59464,-2.1021733,6.177229
21.308,-6.941003,-1.3144568,4.8484063
21.338,-5.4948606,-1.0008069,4.9441776
21.378,-4.417437,-1.6783867,4.903475
21.408,-3.8140798,-2.185973,4.592219
21.447,-3.6464806,-2.8779182,4.745453
21.478,-4.0343533,-3.8021083,5.1788163
21.507,-4.2977233,-4.292935,6.122161
21.538,-4.1157584,-4.7119327,7.1995845
21.579,-3.4908526,-4.80531,9.486116
21.608,-3.6919718,-4.8292522,11.597867
21.647,-5.9186473,-5.116565,12.330515
21.680,-7.307327,-4.95136,11.593079
21.708,-9.122187,-5.933013,11.169292
21.749,-8.650515,-4.5515165,11.047184
21.781,-7.901107,-5.1692395,8.133351
21.809,-7.7837873,-5.6457,6.646507
21.840,-7.4701376,-5.1788163,6.0096297
21.880,-6.610593,-4.515602,5.5906315
21.919,-5.2267017,-3.5267668,5.899493
21.947,-4.80531,-2.6073654,5.8947043
21.979,-5.1045938,-1.8292259,5.073468
22.008,-5.073468,-1.4317763,4.130124
22.048,-5.375147,-1.4557191,3.8308396
22.079,-5.6337285,-1.8004947,3.8547823
22.120,-5.463735,-2.3248408,3.6488748
22.147,-5.3272614,-3.0957973,3.727886
22.179,-5.691191,-3.8619652,4.4294086
22.219,-6.344828,-4.5443335,5.834848
22.248,-6.811712,-5.06868,7.0702934
22.280,-9.835681,-6.7231236,7.893924
22.320,-8.952193,-6.0048413,8.684034
22.347,-5.4852834,-2.3990633,11.265063
22.387,-3.9864676,-0.83081335,10.896344
22.418,-6.507639,-2.413429,7.910684
22.446,-8.353624,-3.1029801,4.9154463
22.487,-7.620977,-3.0886145,5.1452966
22.518,-5.609786,-3.215511,6.2682114
22.547,-4.9441776,-3.2801564,6.651295
22.586,-4.886715,-2.8491871,6.838049
22.618,-5.174028,-2.020768,6.6441126
22.647,-5.7462597,-1.6352897,5.9282246
22.681,-5.8252707,-1.9297855,5.916253
22.719,-5.106988,-2.4469488,7.0319853
22.748,-5.130931,-2.640885,7.781393
22.787,-5.7582307,-3.179597,7.8197017
22.818,-6.7877693,-3.9361877,7.6449194
22.848,-7.5060515,-4.5443335,7.74069
22.887,-7.2785954,-4.355186,8.502069
22.920,-7.7574506,-5.0399485,8.621783
22.958,-7.022408,-4.2833576,8.74868
22.986,-7.455772,-4.6329217,7.5276
23.018,-7.4174633,-4.781367,6.6010156
23.059,-7.9944835,-5.054314,6.423839
23.086,-7.6616793,-4.6688356,6.244269
23.119,-6.7231236,-4.2594147,5.930619
23.158,-5.7462597,-3.4884584,5.2314906
23.188,-5.320079,-3.1245286,4.5251794
23.220,-5.5786605,-3.0957973,3.9960446
23.259,-5.7821736,-3.1867797,3.6608462
23.288,-5.933013,-3.1317115,3.7230973
23.319,-6.179623,-3.0383348,3.921822
23.358,-6.361588,-3.5004299,4.2211065
23.387,-6.9122715,-4.11097,5.0830455
23.420,-7.9849067,-4.352792,6.2586346
23.460,-8.2387,-4.63771,6.6273527
23.487,-8.856422,-5.150085,6.8165
23.527,-7.4605603,-4.7502413,7.515629
23.557,-6.8667803,-4.0128045,10.024829
23.598,-7.2163444,-3.265791,10.0439825
23.628,-9.126976,-2.5810282,7.228316
23.659,-8.89952,-1.7741576,4.0918155
23.688,-6.737489,-1.594587,2.7246847
23.727,-5.664854,-2.0806248,3.4453614
23.760,-4.9633317,-2.5906053,3.605778
23.799,-4.63771,-3.4357843,4.2546263
23.828,-4.0391417,-3.7015488,5.3440213
23.860,-3.6584518,-3.5483153,7.395915
23.899,-3.7853484,-3.440573,9.534002
23.928,-4.09421,-3.6967604,9.845258
23.959,-4.9010806,-4.146884,9.634562
23.999,-5.751048,-4.02717,9.534002
24.028,-6.361588,-4.336032,9.529214
24.060,-5.1644506,-4.2665977,9.596253
24.098,-6.2131433,-5.6457,10.106234
24.128,-8.123775,-7.2450757,10.00328
24.159,-8.197997,-6.902694,9.311335
24.198,-7.7071705,-5.0160055,7.501263
24.228,-7.553937,-4.106181,6.510033
24.267,-6.3280683,-3.1676257,4.786155
24.299,-5.4493694,-2.918621,4.11097
24.337,-4.6137676,-2.8300328,4.3240604
24.366,-4.972909,-3.040729,4.8340406
24.399,-5.5906315,-3.2490308,4.4892654
24.438,-5.0591025,-2.925804,4.450957
24.468,-4.702356,-2.6863763,4.853195
24.498,-5.116565,-2.6169424,5.1452966
24.537,-6.273,-2.9736893,5.157268
24.566,-7.4964743,-3.703943,5.5571117
24.597,-9.124581,-4.965726,5.681614
24.638,-10.446221,-6.771009,6.012024
24.667,-4.7095385,-2.0854135,10.841276
24.698,-6.119766,-2.5618742,14.152558
24.740,-6.577073,-2.8874955,6.943397
24.769,-7.269018,-3.4573328,3.0000262
24.801,-7.735902,-3.2729738,4.460534
24.840,-6.9314256,-3.8475995,5.377541
24.867,-6.529187,-4.0582957,5.604997
24.910,-5.2913475,-3.74704,5.849213
24.933,-4.925023,-3.5985951,5.995264
24.966,-4.2665977,-2.8372157,6.5842557
25.007,-5.1189594,-2.6337023,6.490879
25.038,-5.0495257,-2.8731298,6.349617
25.068,-4.592219,-3.11974,6.9122715
25.107,-5.3679643,-3.972102,7.905895
25.139,-6.6872096,-4.644893,8.128563
25.167,-7.4868975,-5.176422,8.375174
25.200,-8.356019,-5.681614,9.124581
25.239,-8.983319,-5.025583,9.981731
25.268,-7.6521025,-4.252232,9.651321
25.307,-7.920261,-4.0582957,6.179623
25.337,-7.755056,-4.2043467,4.1851926
25.378,-7.4366174,-4.312089,4.288146
25.406,-6.742278,-4.573065,4.9609375
25.438,-6.301731,-4.3623686,5.317684
25.478,-5.217125,-3.8475995,5.6361227
25.506,-6.1030064,-3.459727,5.7534423
25.537,-6.1652575,-3.1125572,4.824464
25.579,-5.6361227,-2.7390504,4.0535073
25.606,-5.478101,-2.7917244,4.120547
25.639,-5.166845,-2.796513,4.2474437
25.679,-5.3488097,-2.901861,5.1213536
25.707,-5.774991,-3.1915684,5.6959796
25.740,-6.9649453,-3.8452053,5.9808984
25.778,-8.016032,-4.3958883,6.6273527
25.807,-8.102226,-4.697567,7.4438004
25.839,-8.650515,-4.862772,7.726325
25.879,-7.929838,-4.9010806,7.204373
25.907,-6.88354,-4.582642,7.9753294
25.946,-6.2490573,-4.4270144,7.8963184
25.978,-7.1971903,-4.410254,6.9505796
26.018,-7.233104,-3.4525442,5.0184
26.047,-6.062304,-2.8396099,4.149278
26.078,-5.097411,-2.5068057,4.209135
26.119,-4.8986864,-2.6337023,4.889109
26.148,-4.314483,-2.631308,5.3919067
26.178,-4.187587,-2.6432793,5.6959796
26.208,-4.4485626,-2.6528566,5.827665
26.248,-4.8484063,-2.954535,6.179623
26.279,-5.2243075,-3.440573,7.2091613
26.319,-5.375147,-4.0367475,8.035186
26.347,-5.727105,-4.0343533,8.492493
26.378,-6.395108,-4.2546263,8.4230585
26.418,-7.7095647,-4.3671575,8.365596
26.448,-7.9585695,-4.3264546,8.145323
26.479,-8.576292,-5.140508,8.387145
26.518,-7.2211328,-3.8380225,9.28021
26.546,-5.681614,-3.3136764,8.176449
26.579,-5.190788,-3.8811195,6.9050884
26.617,-7.144516,-4.7741838,3.5554981
26.647,-11.628993,-6.057515,0.7877164
26.686,-8.059129,-7.388732,2.954535
26.718,-6.6680555,-8.664881,7.058322
26.747,-3.7183087,-9.725544,6.9098773
26.780,-2.3583608,-10.714379,17.703268
26.819,-4.4629283,-7.623371,1.9058428
26.848,-6.028784,-4.216318,0.14126222
26.880,-5.973716,-3.3495905,1.7190893
26.919,-3.45015,-4.0822387,6.8332605
26.949,-3.7709827,-5.8204823,7.632948
26.988,-5.1716337,-7.6736507,6.682421
27.020,-7.3600006,-8.789383,8.480521
27.048,-8.820508,-9.287392,8.013638
27.087,-5.1859994,-6.9936767,5.6744313
27.119,-2.3535721,-4.3025117,6.4166565
27.159,-3.624932,-4.005622,7.7861814
27.188,-5.978504,-4.5539107,6.646507
27.220,-6.893117,-4.95136,4.697567
27.259,-6.0838523,-4.4389853,4.352792
27.287,-4.661653,-3.8787253,4.625739
27.318,-3.8308396,-3.5962007,5.008823
27.358,-3.8260512,-3.3902931,5.504438
27.387,-3.7638,-3.1676257,5.652883
27.418,-3.7757714,-2.988055,6.2346916
27.461,-4.1612496,-3.4357843,7.580274
27.488,-4.2474437,-3.9170337,7.886741
27.527,-4.199558,-4.268992,8.159689
27.560,-5.3368387,-4.8484063,8.372779
27.587,-5.97611,-5.3248672,8.427847
27.629,-6.071881,-5.731894,8.91628
27.658,-6.1915946,-5.7558365,9.783007
27.687,-6.280183,-6.318491,9.399923
27.728,-5.4709177,-5.9258304,8.909097
27.758,-5.585843,-5.6145744,7.886741
27.789,-5.7199225,-5.8420305,6.943397
27.828,-5.5523233,-6.0599093,6.6273527
27.860,-4.781367,-5.8324533,6.064698
27.889,-3.912245,-5.174028,5.8252707
27.927,-3.6177492,-4.410254,5.4924664
27.959,-3.8883023,-4.0726614,5.1812105
27.999,-4.6113734,-3.8092911,4.9441776
28.028,-5.2434616,-3.842811,4.723904
28.060,-5.62894,-3.8547823,4.601796
28.100,-5.140508,-4.0199876,4.7717896
28.127,-5.715134,-4.7119327,5.521198
28.160,-6.5986214,-5.707951,6.2251143
28.201,-6.8165,-6.4525704,6.28976
28.228,-8.130958,-7.534783,6.524399
28.260,-7.127756,-7.3480296,7.0966306
28.298,-2.4589202,-4.661653,10.182851
28.328,-2.7486274,-3.4908526,12.026443
28.367,-6.5124273,-3.9361877,7.59464
28.398,-7.16367,-3.7853484,3.0263634
28.428,-6.9936767,-3.5914123,3.1388943
28.460,-5.150085,-3.8667538,5.394301
28.499,-4.2019525,-4.09421,6.5052447
28.527,-4.0798445,-3.7781656,5.9832926
28.568,-4.522785,-3.100586,5.9832926
28.598,-5.0184,-2.9928436,6.3567996
28.628,-4.8747435,-2.9497466,6.737489
28.668,-4.4270144,-3.2298768,6.751855
28.700,-3.912245,-3.6201434,7.0726876
28.728,-3.921822,-4.3623686,7.7742105
28.768,-4.9776974,-5.791751,8.842057
28.802,-4.9106574,-6.32328,9.076695
28.829,-5.097411,-6.4334164,9.809344
28.869,-5.94259,-7.1349387,10.242707
28.901,-5.856396,-6.648901,10.225947
28.941,-4.5347567,-5.791751,9.562734
28.969,-5.05192,-5.6169686,8.135746
29.001,-5.834848,-6.1030064,6.531582
29.040,-6.1820173,-6.4166565,5.827665
29.070,-5.604997,-6.014418,5.7390766
29.100,-4.680807,-5.355993,5.4158497
29.140,-4.4270144,-4.5898247,5.030371
29.168,-4.659259,-4.2594147,4.8292522
29.201,-4.5970078,-4.0750556,4.517997
29.241,-4.853195,-3.9242165,4.537151
29.269,-4.9417834,-3.8739367,4.6113734
29.300,-4.826858,-3.9697077,4.905869
29.340,-4.529968,-4.249838,5.4852834
29.368,-4.867561,-4.618556,6.2131433
29.409,-5.5714774,-5.2506447,6.821289
29.441,-5.791751,-5.3535986,7.161276
29.469,-7.14691,-6.021601,7.283384
29.508,-7.7071705,-6.7470665,7.49408
29.539,-4.659259,-5.150085,9.304152
29.578,-3.5339496,-4.11097,10.865219
29.607,-5.2937417,-4.252232,9.624985
29.639,-6.56989,-3.9505534,6.854809
29.679,-6.273,-3.387899,4.5539107
29.708,-4.7526355,-3.11974,4.73827
29.739,-4.0343533,-3.3328304,5.2650104
29.780,-3.0957973,-3.5267668,5.255433
29.808,-2.9832664,-3.5842295,5.8061166
29.840,-3.1221344,-3.6895776,6.7135468
29.881,-3.4118416,-4.0104103,7.8699813
29.908,-3.4716985,-4.1971636,8.40151
29.941,-3.632115,-4.400677,8.327288
29.980,-4.4988422,-4.9800916,8.284191
30.009,-5.025583,-5.3081074,8.628966
30.039,-5.3703585,-5.5547175,9.318518
30.080,-7.3216925,-6.814106,9.694419
30.108,-6.572284,-6.63693,9.991309
30.140,-6.58665,-6.55313,9.447808
30.179,-6.7303066,-6.263423,7.16367
30.209,-7.2785954,-6.4405994,6.229903
30.248,-6.186806,-5.9282246,5.808511
30.279,-4.7622128,-5.0184,5.478101
30.311,-4.103787,-4.336032,5.262616
30.347,-4.288146,-3.6536634,4.9202347
30.380,-4.743058,-3.3639562,4.72151
30.409,-4.8292522,-3.1053743,4.652076
30.449,-4.5946136,-2.954535,4.695173
30.481,-4.192375,-3.0622776,5.0495257
30.509,-4.1420956,-3.3352249,5.2578273
30.548,-4.7885494,-4.1349125,5.384724
30.579,-5.1620564,-4.743058,5.930619
30.620,-5.8947043,-5.547535,7.2522583
30.649,-7.1109962,-6.4597535,8.197997
30.681,-8.657698,-7.764633,8.880365
30.721,-4.867561,-5.8659735,10.122993
30.749,-4.2043467,-5.116565,11.164503
30.781,-4.8843207,-4.4725056,10.106234
30.821,-6.4693303,-4.5539107,6.1269493
30.849,-6.735095,-4.3791285,4.295329
30.880,-5.525986,-3.9744961,4.3863115
30.921,-4.2833576,-3.8475995,5.174028
30.950,-3.5938065,-3.7254915,4.925023
30.981,-3.387899,-3.529161,5.03516
31.021,-3.4477558,-3.4309957,5.6145744
31.050,-3.8715425,-3.5578923,6.0694866
31.080,-3.9864676,-3.921822,6.8859344
31.121,-3.790137,-4.513208,8.126168
31.149,-3.9505534,-4.843618,8.89952
31.181,-5.0638914,-5.358387,9.3280945
31.221,-6.691998,-6.0694866,9.435837
31.250,-8.030397,-7.024802,9.629773
31.290,-7.190007,-6.646507,10.652128
31.323,-6.404685,-5.8013277,9.670476
31.349,-6.359194,-5.439792,6.876357
31.389,-7.118179,-5.480495,4.946572
31.420,-6.93382,-5.3727527,4.573065
31.460,-5.9976583,-4.989669,4.7191157
31.488,-5.183605,-4.348003,5.487678
31.520,-4.5539107,-3.6488748,5.7989335
31.558,-4.558699,-3.4166303,5.7893567
31.588,-4.7502413,-3.031152,4.9274178
31.620,-4.932206,-2.7510219,4.8819265
31.659,-4.8579836,-2.6648278,4.3695517
31.690,-4.608979,-2.6217308,4.008016
31.722,-5.1261425,-2.6624336,4.513208
31.761,-6.263423,-3.7135203,5.4517636
31.789,-7.1924014,-4.7765784,6.150892
31.820,-6.665661,-4.9369946,7.7957587
31.861,-9.103033,-6.778192,8.710372
31.890,-6.1700463,-5.3727527,8.940222
31.920,-4.843618,-4.3623686,10.163696
31.961,-5.147691,-4.005622,10.000886
31.988,-7.312115,-4.5467277,8.085466
32.028,-7.4653487,-3.8547823,5.90907
32.060,-6.0527267,-3.047912,4.9393888
32.089,-5.219519,-2.935381,5.2027593
32.122,-5.1045938,-2.9928436,5.437398
32.159,-4.8388295,-3.2083282,5.664854
32.189,-4.7933383,-3.1772027,6.1077952
32.228,-4.731087,-3.1939626,6.2107487
32.260,-4.7885494,-3.5914123,6.5363703
32.300,-4.8316464,-4.070267,7.2211328
32.329,-4.7502413,-4.199558,7.5683026
32.361,-5.03516,-4.2594147,7.850827
32.401,-6.071881,-4.4653225,7.2019787
32.428,-6.352011,-4.6305275,7.046351
32.461,-6.65369,-4.7765784,7.326481
32.501,-7.4845033,-5.7390766,7.805336
32.530,-6.2682114,-5.2051535,8.770228
32.562,-5.4350038,-4.862772,9.035994
32.601,-6.2083545,-5.288953,7.556331
32.629,-6.9122715,-5.6576715,7.0367737
32.661,-6.6441126,-5.461341,7.6521025
32.702,-5.5978146,-4.556305,7.7047763
32.730,-5.322473,-3.9792848,7.2091613
32.762,-5.3296556,-3.258608,6.694392
32.801,-5.6457,-2.7246847,5.5451403
32.830,-5.933013,-2.597788,4.5443335
32.861,-5.9042816,-2.4780743,3.9505534
32.902,-5.461341,-2.631308,3.8212626
32.931,-4.913052,-2.8611584,4.328849
32.963,-5.111777,-3.469304,5.1093826
33.001,-5.5714774,-4.2618093,5.813299
33.030,-6.280183,-4.853195,6.1748347
33.071,-6.395108,-5.2243075,6.893117
33.101,-6.754249,-5.4900723,7.9849067
33.130,-8.308133,-6.6153812,8.375174
33.170,-4.312089,-3.6608462,10.2642565
33.202,-4.37434,-3.232271,11.138166
33.242,-6.0886407,-3.3926873,7.5754857
33.271,-7.728719,-3.727886,5.36557
33.301,-7.290567,-3.3663504,4.6927786
33.341,-4.8364353,-2.760599,5.6385174
33.370,-4.7622128,-2.7510219,6.5124273
33.401,-4.599402,-2.6265194,6.2107487
33.442,-4.6664414,-2.17879,6.474119
33.470,-5.047131,-1.8483802,6.2706056
33.501,-4.929812,-1.9752767,5.516409
33.541,-4.494054,-2.482863,6.8428373
33.571,-4.3839173,-2.8587642,7.881953
33.601,-4.9274178,-3.3136764,8.703189
33.642,-7.065505,-4.5682764,8.444607
33.671,-7.963358,-5.3464155,8.269825
33.702,-8.339259,-6.0455437,8.676852
33.742,-7.666468,-6.1269493,9.522031
33.771,-6.150892,-4.8555894,9.821315
33.802,-5.401484,-4.113364,8.526012
33.842,-5.317684,-4.0295644,6.4956675
33.871,-6.1461034,-4.4389853,5.6792197
33.910,-6.158075,-4.6544704,5.837242
33.942,-5.480495,-4.503631,6.138921
33.971,-4.826858,-4.0319586,6.019207
34.011,-5.401484,-3.668029,5.6002088
34.042,-5.3535986,-3.3519847,5.0638914
34.071,-5.2865586,-3.3304362,4.965726
34.111,-5.305713,-3.4166303,5.2075477
34.142,-5.29853,-3.4022646,5.1692395
34.182,-5.320079,-3.5052183,5.688797
34.211,-6.184412,-3.9457648,6.22272
34.242,-7.642525,-4.434197,6.818895
34.272,-8.628966,-5.090228,6.6632667
34.312,-10.269045,-6.8452315,6.4190507
34.342,-7.9346266,-5.9832926,7.1660647
34.382,-3.2969165,-3.093403,10.422278
34.411,-3.1341057,-2.2194927,10.855642
34.441,-5.6313343,-2.6169424,7.802942
34.481,-7.5826683,-3.1149516,3.4621215
34.512,-7.393521,-2.7390504,4.163644
34.541,-4.925023,-2.8779182,5.0638914
34.581,-3.8356283,-3.0096035,6.3376455
34.610,-3.972102,-2.9329867,6.229903
34.642,-4.0894213,-2.760599,6.119766
34.682,-4.7191157,-2.875524,7.039168
34.710,-4.8364353,-3.110163,7.6688623
34.744,-4.017593,-3.1939626,7.5036573
34.782,-3.7709827,-3.493247,8.032792
34.811,-4.2570205,-4.005622,9.064724
34.851,-6.124555,-5.5451403,10.058349
34.882,-8.236305,-7.039168,11.207601
34.911,-8.236305,-6.4358106,12.589097
34.950,-7.1732473,-5.06868,9.924269
34.981,-6.5483418,-4.9441776,6.699181
35.022,-8.1549,-5.5619006,5.978504
35.052,-7.371972,-5.643306,5.609786
35.082,-5.4110613,-5.1788163,5.200365
35.122,-5.0614967,-4.436591,5.8755503
35.151,-5.4062724,-3.9433706,5.705557
35.183,-5.602603,-3.8547823,4.9417834
35.222,-5.734288,-3.6369035,4.1971636
35.251,-5.516409,-3.5770466,3.9768906
35.283,-5.2434616,-3.6656346,4.6137676
35.322,-5.095017,-3.7542229,5.4254265
35.350,-5.593026,-4.065479,5.770202
35.381,-6.58665,-4.415043,6.65369
35.421,-7.125362,-4.2378664,8.174054
35.451,-7.1924014,-3.912245,8.796566
35.482,-9.2419,-5.2314906,8.55235
35.520,-5.4493694,-4.68799,8.648121
35.551,-3.816474,-4.436591,11.813352
35.589,-3.6584518,-3.2107224,12.328121
35.621,-4.62095,-2.8420043,11.006481
35.651,-4.4389853,-2.308081,10.929865
35.690,-3.5052183,-2.0925963,11.296188
35.722,-3.0886145,-1.7119064,10.728745
35.751,-3.1508656,-0.8475733,11.016058
35.791,-2.238647,0.5123748,10.111023
35.822,-1.2258687,1.8914771,8.770228
35.862,1.1540405,2.9425638,7.9681463
35.891,2.0255566,2.8994668,7.084659
35.922,3.2514253,2.8635526,6.2251143
35.962,3.9194279,2.657645,4.8148866
35.990,4.11097,2.9665065,3.6536634
36.022,4.4126487,2.803696,3.0718546
36.062,4.1373067,0.1699935,7.599428
36.091,4.515602,-1.0870007,12.610645
36.122,3.6033835,-0.6153286,13.197243
36.162,1.5443072,-0.05985687,10.56354
36.191,0.7853221,0.52913475,9.251478
36.222,1.3647367,1.2067145,8.22194
36.262,1.5921928,1.4868447,7.3001437
36.290,1.647261,1.5323359,7.2785954
36.323,1.5538844,1.1660118,6.6800265
36.362,2.3775148,0.6656084,6.7566433
36.390,2.343995,-0.14126222,8.248277
36.431,3.1149516,-1.5107874,11.004087
36.462,2.6337023,-2.3655436,11.190841
36.492,2.9569294,-2.152453,12.019259
36.531,1.9537282,-0.5961744,13.527653
36.563,1.2354459,0.38068968,12.44544
36.591,2.099779,0.69673395,10.628186
36.632,5.0375543,0.8571504,9.148524
36.663,6.229903,1.1277034,9.330489
36.692,6.038361,1.9992194,8.293768
36.732,3.4286015,2.3559663,6.2873654
36.762,3.605778,1.6927522,6.5746784
36.805,4.618556,0.19154198,8.490098
36.832,3.8021083,-0.28013015,8.700794
36.864,4.06069,0.021548472,7.7047763
36.904,4.187587,0.4070267,7.091842
36.932,4.580248,0.7781393,6.8859344
36.963,4.62095,1.0462981,6.646507
37.002,5.0040345,0.97446984,7.534783
37.031,5.073468,0.67279124,8.22194
37.063,5.583449,1.6089526,8.279403
37.103,4.8579836,2.7151077,7.21395
37.131,4.285752,2.8563697,5.770202
37.163,4.685596,3.4094474,5.044737
37.203,4.3073006,3.031152,6.4405994
37.232,4.5084195,2.0925963,8.166871
37.263,4.740664,0.80687064,10.422278
37.302,4.4820824,-0.014365649,12.146156
37.330,3.241848,0.7110996,13.115837
37.371,1.1253091,1.8364087,11.949825
37.403,-0.047885496,2.6839821,11.066339
37.433,-1.7526091,2.516383,11.751101
37.473,-1.6879637,2.5475085,11.916306
37.503,-2.3679378,2.5235655,10.422278
37.532,-2.126116,2.142876,9.75667
37.572,-0.34477556,2.1907616,8.849239
37.603,0.22266756,2.5762396,7.623371
37.643,-0.12929083,2.7342618,6.349617
37.672,0.7637737,2.971295,6.6273527
37.704,2.169213,3.4836698,7.8795586
37.743,1.6951466,3.1939626,7.1373334
37.772,1.2498114,3.5507095,8.566715
37.805,0.6703969,3.3759274,10.917893
37.843,0.54828894,2.0518935,11.679273
37.874,0.30886146,1.8411974,11.509279
37.904,-0.72546524,1.9202085,11.858843
37.944,-1.1277034,2.7845416,10.527626
37.972,-0.8667275,3.284945,9.153313
38.003,-0.56744313,3.5411325,7.778999
38.044,-0.098165266,3.7230973,7.21395
38.072,0.28013015,3.615355,7.518023
38.111,0.3998439,3.0048149,7.656891
38.143,0.6105401,2.6001825,8.080677
38.172,0.5698374,2.4277947,8.597841
38.204,0.3998439,2.1883671,9.043176
38.244,1.0870007,2.2506182,9.284998
38.272,1.1947432,2.5475085,9.064724
38.304,0.8643332,2.6552508,9.366403
38.343,1.489239,2.8635526,10.07032
38.383,-0.5411061,2.1668186,10.831699
38.415,-1.3168511,1.403045,12.368824
38.444,-1.3216397,0.65363705,13.494133
38.473,-1.6592325,0.34956414,11.877997
38.512,-1.3791022,0.3998439,11.27464
38.544,-0.9720756,0.6392714,10.530021
38.574,-0.39505535,0.68715686,10.07032
38.613,0.22506183,0.89545876,9.783007
38.643,-0.07422252,1.185166,9.471751
38.684,-0.8547561,1.4269878,9.562734
38.714,-1.3455825,1.498816,9.742304
38.743,-1.4102279,1.6257126,9.680053
38.785,-1.5706443,1.9561225,8.868394
38.812,-1.8842943,2.0806248,8.499676
38.844,-2.238647,2.0614705,8.181237
38.884,-1.9273912,2.2865324,7.7837873
38.914,-2.2721667,2.4349775,7.022408
38.946,-1.8579572,3.0550947,6.4765134
38.984,-3.337619,2.152453,6.282577
39.014,-3.189174,1.2617828,8.600235
39.044,-1.4102279,1.3958622,11.746312
39.099,-4.532362,2.813273,8.882759
39.114,-8.363202,1.6424725,8.066312
39.145,-5.734288,0.9289786,9.91948
39.183,-2.4349775,0.36632404,10.721562
39.213,-1.2833313,-0.13647367,10.465375
39.245,0.409421,-0.07901107,10.127783
39.284,2.0159793,0.44294083,9.890749
39.315,1.3479767,0.6105401,9.859624
39.354,2.0016139,0.22985038,10.197216
39.384,2.3966691,-0.016759925,10.721562
39.424,0.9792584,-0.28970724,10.982538
39.452,1.0295382,-0.49800915,10.61382
39.483,1.4198049,-1.0127783,9.507666
39.524,-0.52674043,-3.2346652,12.356853
39.552,-0.53392327,-3.9194279,16.118258
39.583,-2.5475085,-3.7949257,15.239559
39.624,-4.6736245,-2.300898,10.59706
39.653,-4.4629283,-1.5538844,9.37598
39.685,-4.3168774,-1.3288225,8.79896
39.724,-2.0375278,-0.37829542,6.273
39.753,-1.4269878,0.28013015,5.5116205
39.785,-0.99362403,0.80208206,5.195576
39.825,0.083799616,0.84996754,5.4733124
39.853,0.75180227,1.3000913,6.3472223
39.885,0.043096945,1.0606637,8.176449
39.925,-2.142876,-0.4860378,9.763853
39.953,-1.7454263,-1.594587,13.223579
39.985,-2.4014575,-2.011191,13.582721
40.025,-2.667222,-1.7526091,12.514874
40.054,-1.6305012,-1.6352897,12.672896
40.094,-1.4748733,-1.1516461,11.67209
40.125,-1.0175668,-0.7685622,11.092675
40.154,-0.9888355,-0.87151605,10.7048025
40.194,0.13647367,0.44054657,12.014471
40.224,-0.17957062,0.5865973,11.468576
40.254,0.89545876,1.376708,9.957788
40.293,0.3328042,2.4062462,11.159715
40.325,-0.32083282,3.3424077,9.718362
40.363,0.2849187,4.417437,8.547561
40.392,0.6201172,4.6903844,7.5587254
40.424,1.5443072,4.9154463,6.732701
40.464,2.3775148,5.2267017,6.012024
40.493,2.8803127,5.2650104,5.5283804
40.523,3.047912,5.116565,5.463735
40.563,3.8236568,4.558699,5.5116205
40.592,4.889109,3.991256,4.601796
40.634,5.6337285,3.6584518,3.8523881
40.669,6.919454,3.284945,1.7286664
40.692,8.413482,3.5004299,-1.472479
40.732,7.7718163,5.0160055,-1.7885233
40.764,3.799714,4.7741838,2.5762396
40.792,1.2138973,3.6728175,8.200391
40.824,1.5778271,2.5858169,14.918726
40.864,3.1149516,2.2458298,16.542046
40.892,1.3144568,2.9521408,17.533274
40.933,0.24421602,5.272193,12.919507
40.963,-0.2849187,5.8659735,9.979338
40.992,0.18435916,5.724711,7.6688623
41.032,0.7781393,5.154874,6.160469
41.064,1.2498114,4.781367,6.1724405
41.103,0.9792584,5.212336,5.94259
41.132,1.010384,5.442187,5.7606254
41.164,1.5610672,5.39909,6.3735595
41.203,2.0758362,5.3679643,7.3312693
41.245,2.1740015,5.360781,8.083072
41.263,1.8603516,5.209942,9.251478
41.304,2.0686533,5.5331693,9.12937
41.332,3.6081722,7.3743663,8.839663
41.365,1.8675344,6.902694,7.7335076
41.404,0.8356019,4.846012,10.08708
41.433,2.2099156,4.5275736,9.512454
41.464,1.2809371,5.3009243,8.947405
41.503,-0.5818088,5.7390766,6.864386
41.532,0.21069619,6.203566,6.2682114
41.572,0.3328042,5.4110613,6.9912825
41.605,0.8379962,4.8723493,7.3671837
41.632,1.1013664,4.70475,6.952974
41.664,1.4581133,5.0998054,6.838049
41.703,1.3791022,5.547535,6.7853746
41.732,1.1540405,5.576266,6.751855
41.772,2.1093562,5.7175283,7.5443597
41.803,2.0590763,5.863579,7.937021
41.844,3.0766432,6.7015753,8.305739
41.872,3.1867797,6.426234,9.601042
41.905,3.2681851,5.9880815,11.78462
41.944,2.578634,4.5467277,12.881199
41.972,1.6759924,3.493247,12.385584
42.004,1.89866,3.5507095,10.161303
42.043,1.5490957,3.6728175,8.504464
42.072,1.3647367,3.5219781,7.8723755
42.103,1.2761484,3.318465,7.091842
42.144,1.6999351,3.222694,6.5555243
42.172,1.8914771,3.4309957,6.431022
42.204,1.6951466,3.7326744,6.8093176
42.244,0.7350424,4.0894213,7.285778
42.272,0.1987248,4.486871,7.6066113
42.304,0.25858167,4.96812,7.7239304
42.343,0.6440599,5.212336,7.738296
42.371,0.84039044,5.4924664,7.7335076
42.412,1.3383996,5.442187,8.437425
42.445,1.1875603,4.9968514,9.510059
42.471,1.1827718,4.6736245,10.051166
42.504,2.238647,5.2458563,10.213976
42.543,1.2785428,5.0064287,10.745505
42.572,-0.09577099,3.6895776,11.238726
42.612,-0.66321415,1.8507744,11.320131
42.643,0.5147691,2.892284,10.498895
42.672,-0.038308397,3.15326,8.085466
42.712,-0.39505535,3.6895776,7.2809896
42.745,-0.4189981,3.8739367,9.222747
42.784,0.36632404,4.1851926,9.620196
42.811,0.79250497,4.783761,8.770228
42.844,0.65124273,4.8220696,8.614601
42.883,1.0654523,4.8124924,8.784595
42.912,1.4581133,4.652076,8.542772
42.944,1.6352897,4.333637,8.315316
42.999,2.2338583,3.8571768,8.990502
43.012,2.2745612,3.9337935,8.559532
43.044,1.3719195,4.618556,7.091842
43.084,0.12450229,4.9202347,5.9042816
43.112,-0.07901107,5.482889,5.607392
43.143,-0.30886146,7.328875,7.6353426
43.186,1.6759924,5.2865586,8.190814
43.211,0.90503585,4.6903844,10.530021
43.252,0.888276,4.537151,10.556357
43.284,1.9800652,4.352792,9.677659
43.311,-0.5794145,4.702356,8.664881
43.352,-1.0965779,4.5539107,7.472532
43.384,-0.026337024,4.800521,6.6153812
43.423,0.44054657,5.147691,6.675238
43.452,0.42378664,5.3535986,6.404685
43.486,1.498816,5.5020437,6.1915946
43.524,1.4006507,5.9473786,3.8954852
43.551,1.0678465,6.2155375,6.60341
43.584,-0.12689656,6.902694,7.240287
43.623,-1.6305012,6.4334164,7.659285
43.653,-2.5331428,5.846819,10.503684
43.686,-2.6648278,5.442187,10.348056
43.723,-1.8675344,7.2546525,7.9992723
43.752,-3.806897,5.897099,8.08786
43.785,-5.3727527,4.7119327,8.28898
43.824,-4.312089,5.5331693,8.08786
43.852,-3.6608462,5.748654,8.004061
43.885,-4.051113,5.3512044,8.703189
43.924,-2.317658,5.152479,8.796566
43.953,-2.2745612,5.5738716,6.591439
43.986,-4.810098,6.184412,6.1317377
44.023,-4.000833,5.0854397,7.233104
44.052,-3.213117,5.195576,6.7901635
44.087,-2.8539755,4.80531,6.7255177
44.124,-0.24182175,3.6728175,7.151699
44.152,-0.8356019,4.0750556,8.61939
44.188,0.5123748,3.162837,8.083072
44.224,0.7877164,3.7733772,9.002473
44.263,0.90024734,4.163644,7.7502675
44.292,2.004008,3.972102,8.473338
44.325,1.89866,3.1173458,10.077502
44.352,1.3791022,2.8803127,10.836488
44.392,2.351178,3.4094474,9.967366
44.427,2.5522969,3.7781656,9.747093
44.463,0.9194015,3.519584,10.9490185
44.492,0.15802214,3.371139,11.102252
44.522,-0.30646718,3.2633965,10.515655
44.564,-0.59378016,3.1700199,8.727132
44.592,-0.38787252,3.2466366,7.518023
44.623,-0.038308397,3.2681851,6.8667803
44.655,0.2681588,3.1676257,6.952974
44.694,0.15323359,3.205934,7.2163444
44.724,0.26337022,3.4214187,7.3767605
44.763,-0.23942748,3.2466366,9.016839
44.792,-0.9217958,2.7989073,10.695226
44.826,-1.2569942,3.0359404,10.556357
44.863,-1.5323359,3.9074564,9.239507
44.892,-2.760599,3.4645157,10.549175
44.929,-3.2107224,2.3990633,13.111049
44.964,-2.0614705,1.6999351,13.202031
44.992,-2.3463893,1.6017698,11.8301115
45.024,-2.9952378,1.56825,10.127783
45.063,-1.8962656,1.9321798,8.844451
45.103,-0.6488485,1.9561225,7.74069
45.125,0.13168511,2.0782306,7.273807
45.163,1.4126221,2.2673783,6.699181
45.192,2.3032923,2.2865324,6.919454
45.233,3.213117,1.786129,8.480521
45.262,3.5746522,1.6927522,9.507666
45.302,3.7111259,1.8747171,9.42626
45.332,3.5674694,2.310475,9.390346
45.363,3.3040993,2.6648278,10.008069
45.404,3.294522,3.0718546,11.126195
45.432,3.2370596,2.9473522,11.166898
45.462,3.641692,2.7390504,11.743917
45.502,3.4262073,1.4557191,13.197243
45.531,3.1484714,1.3623424,12.59628
45.562,2.710319,1.9297855,10.810151
45.603,2.142876,2.0782306,12.225167
45.633,1.3551595,1.8100717,12.538817
45.663,1.4221992,1.977671,9.876384
45.704,2.0279508,2.2889266,6.8332605
45.732,2.2601955,2.2506182,5.9473786
45.772,2.5738454,2.2410412,4.5946136
45.804,2.7941186,2.3942747,3.1365
45.832,2.9042554,2.0351336,2.813273
45.873,3.6536634,1.6161355,3.4142358
45.905,3.9457648,1.3360053,4.338426
45.933,3.955342,1.3695252,6.4597535
45.973,4.6760187,1.7885233,10.43425
46.004,3.4980354,1.201926,11.016058
46.032,4.865166,1.8100717,10.424672
46.073,4.80531,1.4221992,14.899572
46.105,2.0016139,2.3679378,16.182903
46.144,-0.071828246,3.2370596,10.951413
46.172,0.09577099,3.318465,9.184438
46.203,0.14844504,2.813273,9.349643
46.244,1.6257126,2.5020173,8.020821
46.273,2.013585,2.2147043,7.7478733
46.302,2.6289136,2.0064023,7.455772
46.344,3.7542229,1.9561225,7.2187386
46.371,3.869148,2.083019,7.3743663
46.403,3.8787253,2.2625897,7.6305537
46.444,3.4908526,2.3751206,8.375174
46.471,3.1460772,2.4517374,9.004868
46.511,3.0119977,2.6767993,8.674458
46.547,3.4381785,2.918621,8.166871
46.571,4.2402606,2.7917244,8.547561
46.612,4.9346004,1.9633054,11.059155
46.644,4.8388295,0.84996754,12.799793
46.673,3.9098508,-0.12210801,13.455825
46.704,3.1580484,-0.09337672,12.277842
46.745,2.0327394,0.5458947,10.254679
46.772,1.4174107,0.75659084,9.783007
46.812,0.8571504,0.45012367,9.574705
46.842,1.4269878,0.38547826,9.0838785
46.872,1.8268317,0.80687064,8.260248
46.912,1.6328955,1.5107874,7.7670274
46.943,1.7981004,2.0231621,7.5659084
46.983,1.9585168,2.2961094,7.4366174
47.012,2.466103,2.5139885,7.9777236
47.042,2.4062462,2.432583,8.329682
47.082,3.047912,2.1883671,9.213169
47.112,3.0455174,1.673598,9.881172
47.143,2.7462332,0.967287,10.096657
47.190,3.1077688,0.36392978,9.73991
47.212,2.0662591,-0.4166038,9.232324
47.243,1.211503,-2.2769554,9.265843
47.283,3.3160706,-2.3032923,11.195629
47.312,2.8467927,-0.94573855,13.259494
47.344,0.4860378,-0.65363705,11.023241
47.382,1.6352897,0.9984126,7.4797144
47.411,1.4174107,3.7446458,8.499676
47.444,0.24900457,5.542746,8.971348
47.484,-1.7166951,3.9409764,9.119793
47.512,-0.045491222,3.7542229,12.905141
47.551,-0.19633053,1.1061549,4.843618
47.582,-0.12210801,2.5810282,3.2514253
47.622,3.380716,2.2745612,4.4294086
47.651,4.1780095,0.5123748,6.648901
47.683,4.3264546,-2.5810282,9.150918
47.712,7.3216925,-5.9378014,9.58907
47.753,10.297776,-9.636956,9.833286
47.783,9.914692,-10.817333,11.791803
47.813,10.984933,-10.723957,16.700068
47.853,8.473338,-8.576292,15.818974
47.884,2.8396099,-6.9050884,9.617802
47.924,3.057489,-4.8148866,5.3248672
47.953,2.6959534,-4.470111,4.807704
47.983,5.6552773,-4.187587,0.7398309
48.023,4.9585433,-2.1380875,3.4118416
48.053,4.041536,-1.6544439,4.304906
48.087,3.0335462,-2.7151077,5.0998054
48.123,5.8659735,-2.0279508,6.261029
48.152,6.8859344,-2.4493432,5.6169686
48.183,7.5874567,-0.2370332,5.8444247
48.224,7.972935,-0.4740664,5.0064287
48.252,10.800573,-0.8332076,3.8356283
48.291,9.653716,-0.34716985,4.3863115
48.324,6.65369,1.1468576,5.5954204
48.351,5.5738716,1.3647367,10.067925
48.391,3.8140798,1.786129,10.398335
48.423,4.96812,0.1699935,7.726325
48.464,6.3831367,-0.47167215,5.585843
48.491,8.8324795,-3.11974,7.3192983
48.525,11.142955,-4.7598186,10.45101
48.553,10.31693,-1.9704882,11.751101
48.592,3.8739367,0.47885495,10.802968
48.645,2.47568,0.43336374,9.4095
48.662,5.4661293,-0.44294083,6.2969427
48.692,5.097411,0.14844504,6.526793
48.723,3.6392977,1.1277034,6.2777886
48.764,2.1500587,2.6935592,7.692805
48.793,0.6464542,1.9872481,8.803748
48.823,1.0846065,1.7214836,8.2387
48.864,1.6089526,1.9944309,8.868394
48.892,1.4126221,1.8747171,8.447001
48.924,0.89545876,2.0949905,8.851634
48.965,0.40223816,1.8268317,9.608225
48.993,0.65363705,1.7095122,10.587483
49.023,0.54350036,1.8938714,10.130177
49.064,0.967287,2.2314641,11.0352125
49.092,1.1947432,2.3224466,12.957815
49.124,2.0183737,1.3024855,12.756696
49.163,2.2266755,-1.2881198,12.684868
49.192,2.2530127,-2.5068057,10.755082
49.233,1.3623424,-0.95531565,6.938608
49.263,-0.011971374,0.9194015,6.0694866
49.302,-0.34477556,0.45012367,8.621783
49.332,-0.6440599,-0.5985687,9.632168
49.362,-0.8044763,-0.31125572,9.665688
49.392,-1.6137413,0.3304099,8.865999
49.432,1.1061549,1.063058,8.197997
49.462,1.934574,0.1340794,8.880365
49.503,2.8994668,-0.24182175,9.115005
49.532,1.4748733,-0.2466103,9.514848
49.564,0.098165266,0.47167215,11.040001
49.604,0.69673395,0.30886146,10.654523
49.633,0.85954463,-0.05985687,9.924269
49.663,0.7206767,-0.74222517,9.775824
49.705,-0.84278476,0.17957062,10.029617
49.732,-1.0822122,-0.76616794,11.2914
49.764,-0.3040729,-1.359948,10.752688
49.802,2.4780743,-4.417437,11.183658
49.831,2.1668186,-5.7965393,12.11503
49.864,-2.0614705,-2.6839821,8.310528
49.902,-0.6943397,-1.376708,7.063111
49.931,2.1021733,-2.7175019,7.369578
49.972,0.47167215,-2.2865324,9.002473
50.003,-0.339987,-2.9114382,10.3743925
50.032,-0.5147691,-2.300898,9.93624
50.072,-2.5762396,-0.8739103,9.505271
50.105,-2.5307484,-0.4166038,9.368797
50.132,-1.8196489,0.11971374,9.924269
50.166,-1.8795058,-0.016759925,9.222747
50.203,-0.9241901,-0.3974496,10.146936
50.232,-0.08140534,-1.2210802,10.659311
50.272,0.90024734,-1.8651401,11.217177
50.304,1.0127783,-2.0973847,11.329708
50.333,0.7901107,-2.343995,12.234744
50.371,0.45012367,-2.3032923,12.071934
50.402,-0.22985038,-1.8507744,11.040001
50.442,-0.9792584,-2.1620302,11.138166
50.472,-0.2849187,-1.9034485,10.28341
50.502,-0.076616794,-1.1899546,7.9489923
50.542,0.23224466,-0.8284191,6.7734036
50.570,0.3040729,-1.2689656,7.721536
50.603,0.2777359,-1.7957062,8.686429
50.642,-0.17717634,-2.1141446,9.869201
50.671,-0.11971374,-1.4557191,9.814133
50.712,-1.1923488,-0.24900457,8.341654
50.744,-1.3719195,0.37350687,7.738296
50.772,-0.9720756,0.59378016,7.893924
50.804,-0.95531565,0.4860378,8.114198
50.844,-0.16281068,-0.10055954,8.18842
50.872,0.7326481,-0.2466103,9.210775
50.904,0.7948992,-0.80208206,10.532414
50.944,0.052674048,-1.1277034,12.725571
50.972,-0.11492519,-0.2849187,12.033626
51.005,-1.7238779,0.4189981,11.494913
51.043,-2.978478,-1.7143008,14.67451
51.082,-0.4932206,-1.0391153,12.627405
51.111,-1.8914771,-0.05027977,8.954588
51.143,-2.4613144,0.90503585,6.9218483
51.182,-2.6025767,0.7948992,5.899493
51.212,-1.89866,0.03351985,6.7015753
51.244,-1.3072741,-0.75659084,8.303345
51.283,-0.40223816,-0.505192,8.8085375
51.312,-0.37350687,0.6081458,8.118986
51.341,-0.57223165,1.7190893,8.360807
51.382,-0.9241901,2.1620302,9.914692
51.411,-0.57462597,2.083019,10.700014
51.442,0.038308397,1.9944309,10.683254
51.483,1.6831752,1.7573977,10.41749
51.510,2.3990633,1.9824595,10.59706
51.550,1.9920366,1.3360053,12.866833
51.581,1.7717633,-0.11013664,15.536449
51.610,1.0295382,-1.951334,17.600313
51.652,-0.3974496,-0.44294083,12.967392
51.687,-0.85954463,0.7039168,10.99451
51.711,-1.297697,0.34716985,11.748707
51.744,-1.7286664,0.14365649,10.43425
51.784,-0.57223165,1.0726352,7.616188
51.812,0.1987248,1.8938714,6.4956675
51.845,0.6392714,2.4613144,5.133325
51.882,1.0199611,2.5307484,4.103787
51.923,1.8076775,2.6624336,3.6584518
51.952,1.7957062,2.8779182,3.737463
51.983,1.3886794,2.6504622,4.608979
52.023,1.5586729,2.17879,7.225921
52.052,1.7621863,2.3224466,9.732727
52.082,0.5913859,2.423006,11.964191
52.122,-0.16520496,3.74704,11.233937
52.151,-0.17717634,4.6544704,8.964165
52.182,1.5730386,5.8587904,7.266624
52.224,0.66321415,3.799714,8.308133
52.250,2.4086404,1.7071179,11.80138
52.282,3.4118416,1.5754328,12.277842
52.321,2.6983478,2.8539755,8.952193
52.350,2.221887,2.8348215,10.324113
52.390,0.8739103,1.5921928,14.308187
52.421,1.7669748,1.5730386,14.952246
52.450,2.0016139,2.4182177,12.452623
52.491,1.9489397,3.469304,9.064724
52.523,2.1811843,3.9601305,6.775798
52.562,2.308081,4.3863115,4.2833576
52.590,2.5858169,4.3216662,3.0910087
52.622,3.1245286,4.2905407,2.3344178
52.652,2.6624336,4.2737803,2.6959534
52.691,0.3615355,3.0455174,6.924243
52.724,-0.21069619,2.1332989,12.296995
52.762,0.27294734,2.8539755,15.160548
52.791,-0.098165266,4.925023,13.115837
52.823,-0.22266756,5.2290964,10.790997
52.863,1.6520497,4.680807,9.304152
52.891,1.8244374,4.5012364,7.4102807
52.924,1.8076775,4.6137676,7.1732473
52.962,1.0247496,3.2083282,8.408693
52.991,0.7134939,2.1117504,9.996098
53.023,0.679974,2.0710478,10.553964
53.064,-0.23463893,2.978478,8.820508
53.091,-0.45012367,3.4381785,7.3671837
53.122,0.12450229,3.7829542,6.2682114
53.163,0.6057515,3.9457648,6.8332605
53.191,0.5243462,3.8547823,7.778999
53.231,1.3575538,3.7709827,8.645726
53.264,1.2091088,3.7135203,9.148524
53.291,0.86193895,3.799714,9.3831625
53.332,0.98404694,4.355186,9.608225
53.363,0.94095,4.790944,10.134965
53.392,1.0582695,5.276982,10.369604
53.432,-0.0047885496,4.810098,9.560339
53.464,1.1684061,3.8308396,11.090281
53.501,1.7645805,2.7725701,11.413508
53.530,1.2617828,2.9856608,8.966559
53.561,0.6943397,2.7677817,8.372779
53.601,0.19633053,2.5906053,8.655303
53.631,0.18196489,2.640885,8.197997
53.661,0.77574503,2.796513,7.728719
53.702,0.61293435,3.0215747,7.120573
53.731,0.7326481,3.2610023,6.9146657
53.762,1.647261,3.78056,6.873963
53.803,2.0327394,4.6113734,7.467743
53.831,2.3128695,5.1237483,8.650515
53.862,2.3775148,5.2410674,9.924269
53.903,2.013585,5.6672482,10.099051
53.932,1.1899546,5.583449,10.618608
53.963,1.0199611,5.355993,11.789409
54.003,0.035914123,3.2370596,13.1733
54.032,-0.019154198,2.317658,13.218791
54.072,-0.339987,2.0087965,10.802968
54.102,-0.55786604,1.9992194,9.404712
54.131,-0.6201172,1.8842943,8.08786
54.172,0.12929083,2.0064023,6.014418
54.202,0.61293435,2.2530127,5.2243075
54.232,0.8284191,2.1644244,5.731894
54.264,0.9696813,1.6233183,7.1588817
54.302,0.9385557,1.0271438,8.839663
54.332,0.5961744,1.0822122,9.093455
54.371,0.679974,2.1835787,7.573091
54.403,0.59378016,2.9425638,6.797346
54.442,0.69673395,3.3040993,7.7047763
54.470,1.6568382,3.6728175,8.126168
54.502,3.2777622,4.7143273,8.466156
54.542,4.2187123,6.404685,9.361614
54.571,3.3950818,1.8627458,14.291427
54.601,5.767808,0.28970724,19.992195
54.641,1.4916332,1.4102279,16.226
54.670,-1.0271438,2.49244,14.152558
54.703,-2.4469488,3.2538195,10.905922
54.743,-1.9920366,3.6608462,6.8619914
54.771,-1.0247496,3.6656346,4.6832013
54.803,-0.2849187,3.5698638,2.9617178
54.843,1.1468576,3.2514253,2.3463893
54.871,2.1476645,3.162837,3.0215747
54.903,2.047105,2.9736893,4.45814
54.943,2.588211,2.3655436,7.4007034
54.972,3.605778,2.7462332,9.850046
55.011,3.3639562,4.041536,12.241927
55.043,3.162837,2.832427,17.248356
55.071,3.4716985,0.13647367,21.376085
55.111,3.562681,1.7478206,15.4334955
55.142,2.9904492,2.779753,11.547587
55.172,2.1548474,2.5331428,10.326508
55.213,1.6017698,2.3487835,6.7446723
55.242,1.4557191,2.5283542,4.592219
55.286,1.6400782,2.8108785,2.423006
55.311,1.6951466,3.1987512,1.8076775
55.343,0.94573855,2.9138324,3.7422516
55.382,0.45730647,1.4676905,9.100638
55.412,1.3072741,1.4940275,11.289005
55.443,0.723071,2.6552508,9.208381
55.482,0.4836435,3.9146392,5.61218
55.511,0.6488485,4.07745,5.312896
55.542,0.91700727,3.799714,6.5483418
55.583,1.2881198,3.684789,10.338479
55.611,0.9912298,3.7494342,12.574731
55.643,0.47885495,2.011191,15.854888
55.683,1.0678465,1.23784,18.579573
55.712,0.56265455,2.6121538,15.131817
55.743,0.49082634,3.476487,11.356046
55.783,0.6560313,3.6512692,8.631361
55.811,1.1229149,3.9002736,6.091035
55.851,1.6951466,4.130124,3.7877429
55.883,2.0662591,3.8308396,3.2993107
55.912,2.6720107,3.4429672,3.8236568
55.951,3.1365,3.3208592,5.054314
55.983,3.0957973,3.4094474,6.893117
56.012,3.46691,3.1365,9.282603
56.051,3.7494342,2.3344178,12.368824
56.082,3.0287576,2.4206119,12.914719
56.112,2.1237218,3.100586,11.832506
56.151,2.403852,4.532362,9.768641
56.183,2.6720107,3.265791,10.702409
56.213,3.3232534,1.9417568,12.28263
56.251,2.9928436,1.4964218,11.363228
56.283,1.9273912,1.1516461,11.080704
56.323,1.0558752,1.525153,9.229929
56.352,0.75180227,2.2769554,7.1493044
56.382,0.67279124,2.944958,6.3208857
56.423,0.47167215,3.2562137,6.759038
56.453,0.5243462,3.0742488,7.2211328
56.483,1.1109436,2.7653873,8.080677
56.523,1.4796618,2.281744,8.212362
56.552,1.8771114,2.4277947,7.5922456
56.591,2.3583608,3.0191805,7.082265
56.623,2.7055306,3.0431232,7.204373
56.652,3.258608,2.954535,7.563514
56.692,3.9194279,2.8300328,9.957788
56.723,4.398283,4.304906,10.644946
56.753,1.924997,3.8978794,11.030424
56.784,1.690358,2.3799093,14.042421
56.823,1.2809371,1.673598,13.709618
56.862,-0.505192,2.6360965,9.763853
56.891,-0.48843205,2.997632,8.540379
56.924,0.43096948,3.213117,7.822096
56.952,1.063058,3.440573,7.3049326
56.991,1.6137413,3.502824,7.3743663
57.023,2.1237218,3.1652312,7.6640735
57.064,2.971295,2.9377751,7.4868975
57.092,3.2825508,3.014392,7.49408
57.123,3.4381785,3.3064935,8.358414
57.163,3.205934,3.74704,9.37598
57.192,2.8707354,3.9601305,9.624985
57.223,3.2394538,4.304906,9.857229
57.264,3.8188684,5.133325,8.966559
57.292,2.971295,4.1373067,10.161303
57.323,3.1388943,1.462902,12.888381
57.362,2.9521408,0.14365649,12.414315
57.391,1.3623424,0.46927786,10.321719
57.424,0.5770202,1.0750294,8.281796
57.462,0.9720756,1.8316202,6.474119
57.493,1.1492519,2.0854135,6.095824
57.531,1.2474172,1.8723229,7.257047
57.565,1.664021,1.7166951,8.176449
57.591,2.0494993,1.8890828,8.810931
57.631,1.6783867,1.977671,9.306546
57.662,1.7933118,1.9202085,9.294575
57.692,1.3120626,1.7645805,9.799767
57.732,1.3743137,2.3535721,11.289005
57.763,1.4509305,3.9409764,10.637763
57.803,-0.13886794,-0.5698374,13.795812
57.832,2.351178,-1.6544439,16.173326
57.863,-0.0023942748,-0.3423813,12.29939
57.902,-1.8076775,1.1133378,8.377567
57.932,0.12210801,1.3264283,8.494887
57.964,1.4269878,0.9505271,9.818921
58.003,1.5802214,0.76616794,10.1541195
58.032,1.7693691,0.75659084,9.428655
58.063,2.0494993,1.2617828,8.190814
58.105,1.3527653,2.1404817,5.854002
58.131,1.7789462,2.430189,3.962525
58.162,2.7749646,2.8204558,4.8484063
58.203,4.0128045,2.657645,7.8987126
58.232,4.4389853,2.403852,9.636956
58.263,4.8388295,2.7558103,11.142955
58.302,4.5539107,2.413429,14.358466
58.331,2.7151077,0.34956414,15.064777
58.371,2.9042554,-0.5961744,14.420717
58.404,1.5562786,-0.9241901,14.245935
58.435,0.12450229,-0.8332076,12.474172
58.464,0.028731298,0.24182175,8.8085375
58.502,0.339987,1.6257126,5.7965393
58.542,0.53392327,2.4541316,4.6281333
58.571,1.3000913,2.5906053,5.0614967
58.601,2.0854135,2.3583608,6.2969427
58.643,2.063865,1.9321798,8.236305
58.672,1.6807809,1.647261,9.457385
58.703,0.888276,1.5059988,9.967366
58.735,0.21787901,2.0016139,9.380769
58.772,0.011971374,2.5307484,9.759064
58.806,0.29689008,3.265791,10.26665
58.837,0.70631105,4.245049,9.289786
58.871,1.3958622,5.2290964,10.439038
58.903,2.0159793,1.3096683,15.751934
58.943,2.8898897,-0.7877164,17.4806
58.971,0.20111908,0.6177229,12.280235
59.003,-1.0989721,2.2769554,5.933013
59.043,-0.5219519,2.8156672,3.3040993
59.071,0.25139886,2.248224,3.3663504
59.110,1.0223553,1.3264283,3.5411325
59.142,1.4126221,0.89067024,4.9010806
59.171,1.8196489,0.3304099,8.169266
59.212,2.80609,0.8978531,10.482135
59.243,2.8779182,2.5044115,9.634562
59.272,3.0718546,3.8380225,9.644139
59.304,3.7829542,4.767001,9.514848
59.342,3.981679,4.2618093,9.771035
59.383,4.783761,3.1819913,10.793391
59.411,5.7582307,2.47568,10.652128
59.442,6.1748347,1.1085492,12.040808
59.485,5.394301,-0.7302538,13.738349
59.511,3.7829542,-0.8356019,14.090307
59.542,1.0846065,-0.5458947,13.961017
59.582,-0.42378664,0.68236834,10.905922
59.611,-0.24900457,1.8723229,7.9489923
59.643,-0.08619389,2.6744049,6.2155375
59.682,0.2657645,2.760599,5.044737
59.710,0.8044763,2.4277947,4.9776974
59.742,1.0079896,2.0494993,5.952167
59.782,0.7015225,1.4605076,7.922655
59.812,0.53871185,1.6017698,7.755056
59.844,0.20351335,1.9154198,7.90829
59.882,0.31843856,2.1309047,9.000079
59.912,0.8044763,3.1365,9.395134
59.944,1.3455825,4.965726,9.735122
59.982,-0.52913475,2.8515813,13.142175
