timestamp,x,y,z
00.003,-8.82,-50.82,-37.68
00.023,-8.34,-51.42,-37.98
00.065,-8.099999,-51.66,-38.1
00.084,-8.22,-51.42,-38.16
00.123,-8.22,-50.34,-38.219997
00.163,-8.46,-50.579998,-37.86
00.185,-8.28,-50.64,-38.34
00.224,-8.04,-50.039997,-39.0
00.263,-9.42,-51.059998,-38.76
00.284,-8.94,-51.059998,-39.36
00.323,-7.56,-51.3,-38.34
00.365,-9.24,-50.64,-38.34
00.403,-8.28,-51.6,-38.76
00.423,-8.46,-51.3,-38.399998
00.465,-8.7,-51.059998,-37.92
00.486,-9.36,-51.18,-38.04
00.522,-9.42,-50.7,-38.219997
00.562,-8.4,-50.76,-38.16
00.603,-8.04,-51.539997,-38.34
00.625,-7.7999997,-51.12,-38.399998
00.664,-8.16,-51.899998,-37.559998
00.705,-8.46,-51.059998,-38.1
00.724,-8.94,-50.82,-38.64
00.765,-7.9199996,-50.16,-38.64
00.805,-7.98,-51.66,-37.559998
00.824,-8.34,-52.079998,-38.04
00.864,-8.16,-50.94,-38.1
00.904,-7.62,-50.82,-38.28
00.923,-8.76,-51.18,-37.92
00.964,-7.9199996,-50.76,-38.28
01.005,-8.7,-51.18,-38.82
01.024,-7.8599997,-50.94,-38.28
01.064,-7.56,-51.48,-38.04
01.103,-8.5199995,-51.539997,-38.16
01.124,-8.82,-51.42,-38.34
01.164,-8.76,-50.46,-38.219997
01.205,-7.7999997,-51.059998,-38.399998
01.225,-8.46,-51.239998,-38.52
01.265,-8.76,-50.64,-38.7
01.304,-8.5199995,-50.28,-38.34
01.353,-8.5199995,-50.76,-38.52
01.363,-8.4,-51.0,-38.34
01.403,-9.059999,-51.6,-37.92
01.444,-8.88,-50.34,-37.62
01.466,-8.94,-50.82,-38.1
01.503,-8.34,-50.879997,-38.399998
01.543,-8.099999,-50.879997,-37.32
01.563,-8.28,-50.52,-37.98
01.603,-8.099999,-50.64,-38.1
01.644,-9.3,-50.34,-39.18
01.664,-8.58,-51.12,-39.239998
01.705,-8.34,-50.82,-37.92
01.744,-8.46,-50.76,-37.98
01.764,-8.82,-51.719997,-37.86
01.805,-8.5199995,-51.239998,-37.739998
01.844,-8.76,-50.34,-38.219997
01.865,-8.58,-50.7,-38.64
01.904,-8.639999,-51.18,-38.94
01.944,-8.5199995,-50.82,-38.34
01.965,-8.7,-50.64,-38.76
02.004,-8.7,-50.34,-38.46
02.044,-8.46,-51.42,-38.7
02.064,-8.76,-51.42,-38.399998
02.103,-9.78,-50.82,-38.52
02.145,-8.46,-50.76,-38.82
02.165,-8.58,-51.539997,-38.64
02.205,-8.639999,-50.16,-38.1
02.244,-8.4,-51.12,-38.34
02.284,-9.0,-50.82,-38.399998
02.305,-8.099999,-50.879997,-38.399998
02.344,-9.0,-50.76,-37.86
02.383,-8.76,-50.64,-38.28
02.403,-8.16,-50.52,-37.68
02.443,-9.12,-50.7,-38.04
02.482,-8.04,-50.879997,-37.68
02.502,-8.22,-49.92,-38.1
02.542,-9.179999,-50.579998,-38.579998
02.583,-8.58,-50.34,-37.8
02.602,-8.88,-50.399998,-38.64
02.644,-8.5199995,-50.879997,-37.44
02.684,-7.7999997,-51.539997,-38.52
02.705,-7.62,-51.18,-37.739998
02.742,-8.46,-51.239998,-38.219997
02.782,-8.34,-51.059998,-37.559998
02.823,-8.04,-51.719997,-37.44
02.843,-8.34,-51.3,-38.399998
02.885,-8.28,-52.14,-38.04
02.904,-8.94,-52.5,-37.98
02.944,-8.94,-50.82,-38.46
02.984,-8.34,-50.94,-39.239998
03.005,-8.04,-51.239998,-38.879997
03.044,-8.7,-51.36,-38.46
03.083,-9.12,-50.579998,-38.7
03.107,-9.24,-51.0,-38.46
03.144,-8.639999,-50.64,-37.98
03.184,-8.34,-51.059998,-37.32
03.225,-8.94,-51.059998,-38.52
03.244,-8.82,-51.48,-38.52
03.284,-8.7,-49.92,-37.98
03.324,-7.68,-51.719997,-38.46
03.344,-8.04,-50.7,-38.34
03.383,-8.34,-51.18,-38.64
03.426,-8.88,-50.879997,-38.64
03.445,-8.34,-50.399998,-38.04
03.482,-7.7999997,-50.52,-38.94
03.522,-9.059999,-51.12,-38.7
03.562,-8.5199995,-50.219997,-37.8
03.583,-8.099999,-50.1,-38.7
03.624,-8.34,-50.879997,-38.04
03.664,-8.4,-50.94,-38.399998
03.683,-8.4,-50.399998,-38.219997
03.724,-9.059999,-50.879997,-38.579998
03.765,-8.46,-50.219997,-38.16
03.785,-7.7999997,-49.98,-37.98
03.824,-8.28,-51.0,-37.739998
03.864,-8.82,-51.059998,-37.62
03.884,-8.639999,-51.36,-37.68
03.924,-7.98,-50.64,-38.399998
03.964,-8.28,-51.719997,-38.579998
03.983,-7.8599997,-51.239998,-38.34
04.024,-8.16,-51.239998,-37.86
04.063,-8.099999,-51.3,-37.559998
04.086,-8.28,-51.48,-37.8
04.124,-8.46,-51.96,-38.7
04.163,-8.5199995,-50.579998,-38.46
04.183,-8.46,-50.94,-38.34
04.223,-7.44,-51.78,-37.8
04.263,-8.04,-51.6,-37.559998
04.283,-8.4,-51.48,-38.46
04.323,-7.7999997,-52.32,-38.76
04.367,-8.22,-52.079998,-38.04
04.387,-7.8599997,-51.539997,-38.76
04.423,-8.04,-51.719997,-38.579998
04.463,-8.4,-52.26,-37.68
04.503,-9.059999,-50.52,-37.62
04.523,-8.34,-50.76,-38.1
04.563,-9.12,-51.48,-38.76
04.603,-7.5,-50.76,-37.5
04.623,-8.28,-51.3,-37.62
04.663,-8.58,-50.64,-38.04
04.703,-8.76,-51.18,-38.52
04.723,-8.639999,-50.82,-39.059998
04.763,-8.46,-50.28,-38.28
04.805,-8.94,-51.84,-38.64
04.824,-8.76,-51.3,-38.34
04.865,-8.34,-50.64,-38.46
04.904,-8.46,-50.579998,-39.059998
04.924,-8.099999,-50.76,-38.879997
04.964,-8.46,-50.46,-39.0
05.004,-8.7,-51.239998,-38.82
05.024,-8.58,-51.3,-38.46
05.065,-8.04,-51.48,-38.28
05.105,-8.34,-50.28,-37.8
05.125,-8.28,-50.16,-37.68
05.163,-8.88,-50.76,-38.579998
05.205,-8.34,-50.28,-38.7
05.225,-8.46,-51.0,-38.46
05.265,-9.3,-50.879997,-38.76
05.305,-7.9199996,-50.1,-38.34
05.325,-8.04,-50.76,-37.739998
05.363,-8.22,-50.879997,-38.219997
05.403,-8.94,-50.7,-37.68
05.444,-8.7,-51.18,-38.52
05.463,-8.88,-51.0,-37.86
05.503,-8.34,-50.82,-38.52
05.543,-8.7,-50.879997,-37.92
05.562,-8.099999,-51.539997,-38.46
05.603,-8.7,-50.879997,-39.12
05.644,-8.22,-50.28,-38.34
05.662,-8.4,-51.239998,-38.1
05.705,-8.28,-51.12,-38.64
05.744,-8.639999,-51.42,-38.28
05.765,-8.22,-51.719997,-37.98
05.805,-7.8599997,-51.719997,-37.62
05.845,-8.639999,-50.82,-38.82
05.865,-8.04,-50.879997,-38.579998
05.904,-9.12,-51.0,-38.34
05.942,-7.9199996,-50.52,-38.34
05.962,-8.5199995,-51.18,-38.1
06.003,-8.04,-51.539997,-37.559998
06.044,-8.46,-51.059998,-38.219997
06.063,-8.099999,-50.76,-38.219997
06.103,-8.639999,-51.18,-37.92
06.144,-8.5199995,-51.059998,-38.04
06.185,-8.7,-50.52,-38.28
06.204,-8.82,-50.7,-38.399998
06.245,-8.22,-51.3,-38.52
06.264,-8.7,-51.3,-38.64
06.304,-8.099999,-50.94,-37.92
06.344,-8.34,-50.399998,-38.64
06.382,-8.22,-51.18,-38.34
06.402,-8.099999,-51.12,-38.46
06.443,-7.74,-50.76,-38.34
06.483,-8.76,-51.66,-38.46
06.502,-8.76,-51.42,-37.559998
06.543,-8.22,-51.18,-38.579998
06.582,-9.42,-51.239998,-38.219997
06.603,-8.88,-51.18,-37.739998
06.644,-8.46,-51.239998,-37.98
06.684,-8.82,-50.46,-38.28
06.705,-8.34,-50.94,-38.399998
06.744,-9.0,-50.64,-37.14
06.784,-8.4,-49.8,-38.16
06.805,-8.639999,-50.28,-37.86
06.844,-8.58,-50.16,-38.1
06.885,-7.74,-51.48,-38.28
06.905,-8.76,-51.18,-37.62
06.944,-8.34,-50.94,-38.579998
06.984,-8.22,-50.52,-37.5
07.004,-7.5,-50.7,-37.68
07.043,-8.5199995,-50.7,-37.86
07.084,-8.76,-51.36,-38.82
07.104,-8.58,-50.94,-38.1
07.144,-8.88,-50.76,-37.98
07.186,-9.059999,-50.76,-38.579998
07.206,-8.7,-50.64,-38.64
07.244,-8.5199995,-50.94,-38.399998
07.284,-8.88,-50.94,-39.3
07.324,-8.46,-50.7,-38.399998
07.344,-8.639999,-50.82,-38.1
07.383,-7.56,-51.539997,-37.8
07.424,-7.7999997,-51.899998,-37.38
07.443,-7.8599997,-51.36,-37.92
07.483,-8.22,-52.02,-38.1
07.522,-9.059999,-51.66,-38.34
07.543,-9.12,-50.879997,-38.46
07.582,-7.8599997,-51.84,-37.5
07.623,-8.22,-51.12,-37.8
07.644,-7.7999997,-50.579998,-38.34
07.684,-8.099999,-51.78,-37.68
07.725,-9.0,-51.48,-37.98
07.744,-9.42,-51.239998,-38.34
07.783,-9.0,-50.82,-39.059998
07.824,-8.34,-51.059998,-37.68
07.844,-8.46,-50.52,-37.2
07.882,-9.059999,-50.1,-38.7
07.924,-9.24,-50.879997,-37.98
07.944,-8.88,-51.3,-38.399998
07.985,-9.24,-51.36,-37.739998
08.024,-9.059999,-50.579998,-39.0
08.045,-8.639999,-50.64,-38.399998
08.085,-8.34,-50.94,-38.82
08.123,-8.34,-50.579998,-37.14
08.164,-9.179999,-51.48,-38.1
08.184,-8.82,-51.36,-37.62
08.224,-8.5199995,-50.82,-37.8
08.264,-8.76,-50.879997,-38.64
08.284,-8.7,-50.34,-38.7
08.324,-8.28,-51.48,-38.64
08.362,-8.22,-50.879997,-38.46
08.382,-8.76,-51.059998,-37.98
08.423,-7.62,-51.84,-37.86
08.463,-8.22,-50.16,-38.52
08.485,-9.12,-50.52,-38.399998
08.522,-8.58,-51.0,-38.46
08.563,-8.4,-50.579998,-37.68
08.603,-8.7,-51.84,-37.62
08.622,-8.28,-51.899998,-38.28
08.663,-8.639999,-50.82,-38.16
08.684,-7.9199996,-51.12,-37.98
08.724,-8.76,-49.92,-38.34
08.764,-8.76,-50.64,-37.68
08.784,-8.82,-50.579998,-38.34
08.824,-8.639999,-50.64,-37.8
08.864,-8.639999,-51.539997,-37.44
08.905,-7.7999997,-50.219997,-37.86
08.923,-7.8599997,-50.28,-38.04
08.963,-8.639999,-51.3,-38.34
09.004,-7.56,-50.579998,-37.68
09.024,-8.22,-50.76,-38.1
09.065,-8.94,-51.66,-38.52
09.104,-7.9199996,-51.0,-37.5
09.124,-8.4,-50.64,-38.46
09.163,-9.059999,-50.16,-38.34
09.204,-9.24,-50.7,-38.16
09.225,-8.82,-51.48,-38.579998
09.264,-7.8599997,-51.0,-38.579998
09.306,-8.5199995,-50.76,-37.98
09.325,-9.0,-51.3,-37.68
09.364,-9.0,-50.82,-38.399998
09.414,-7.9199996,-50.76,-37.8
09.432,-7.9199996,-51.18,-37.8
09.466,-7.02,-51.12,-37.92
09.503,-7.9199996,-51.539997,-37.68
09.524,-7.74,-51.66,-37.62
09.562,-8.5199995,-51.78,-37.8
09.602,-7.3799996,-51.539997,-38.219997
09.643,-8.7,-50.7,-38.76
09.662,-8.82,-51.0,-38.94
09.703,-8.7,-51.0,-39.48
09.742,-8.16,-51.48,-37.98
09.762,-8.58,-51.6,-38.219997
09.803,-8.46,-50.34,-37.62
09.843,-8.22,-50.16,-38.16
09.863,-8.58,-50.579998,-38.04
09.904,-8.16,-51.059998,-38.64
09.944,-9.0,-50.34,-38.16
09.964,-8.88,-50.879997,-38.219997
10.004,-8.5199995,-51.12,-38.34
10.043,-8.639999,-50.82,-37.8
10.064,-8.76,-50.52,-38.1
10.103,-8.639999,-50.579998,-38.399998
10.145,-7.98,-50.039997,-39.059998
10.164,-7.98,-50.76,-38.16
10.204,-8.099999,-50.879997,-37.559998
10.245,-8.5199995,-50.7,-38.04
10.264,-8.5199995,-50.82,-38.219997
10.304,-8.82,-51.66,-39.059998
10.342,-9.12,-51.18,-38.399998
10.383,-8.7,-50.28,-37.739998
10.402,-8.82,-50.34,-38.34
10.443,-8.639999,-50.82,-38.64
10.483,-7.98,-50.64,-37.62
10.503,-8.7,-51.18,-38.1
10.542,-8.099999,-51.42,-38.52
10.582,-8.46,-51.36,-37.32
10.603,-7.7999997,-51.059998,-37.5
10.643,-8.34,-51.059998,-38.1
10.684,-8.76,-49.8,-38.34
10.704,-8.5199995,-50.34,-37.92
10.745,-8.46,-51.3,-38.64
10.785,-8.88,-50.879997,-37.98
10.805,-8.28,-50.52,-37.98
10.844,-8.82,-51.36,-38.399998
10.884,-8.88,-51.18,-37.98
10.903,-8.58,-51.539997,-38.28
10.944,-8.76,-50.46,-37.68
10.983,-8.82,-50.76,-38.28
11.003,-8.34,-50.76,-38.52
11.044,-8.639999,-51.539997,-38.52
11.083,-8.16,-50.94,-38.28
11.105,-8.28,-50.46,-37.62
11.145,-9.059999,-49.86,-38.28
11.183,-8.34,-50.7,-37.44
11.205,-8.099999,-50.579998,-37.92
11.245,-8.82,-50.82,-37.26
11.285,-8.94,-50.94,-38.399998
11.305,-8.099999,-50.82,-38.76
11.344,-8.76,-50.94,-37.14
11.383,-8.88,-51.36,-37.8
11.422,-8.94,-50.64,-37.86
11.442,-8.639999,-50.94,-37.86
11.482,-8.82,-51.18,-37.739998
11.506,-8.58,-50.7,-38.879997
11.541,-8.58,-51.059998,-38.28
11.583,-8.16,-51.239998,-37.92
11.621,-7.7999997,-51.239998,-38.1
11.644,-8.46,-51.36,-37.2
11.685,-8.82,-50.64,-38.7
11.724,-8.28,-51.059998,-38.52
11.743,-8.58,-50.879997,-38.579998
11.784,-8.76,-50.879997,-37.86
11.823,-8.82,-50.94,-36.96
11.844,-8.4,-50.879997,-37.079998
11.884,-7.74,-50.399998,-37.98
11.923,-8.04,-51.36,-37.559998
11.945,-7.7999997,-51.3,-37.62
11.985,-7.98,-50.879997,-38.399998
12.023,-8.46,-50.64,-38.399998
12.065,-7.56,-49.98,-37.86
12.084,-7.98,-50.34,-38.34
12.123,-8.5199995,-51.059998,-37.8
12.164,-8.58,-50.34,-37.739998
12.184,-8.46,-50.94,-38.1
12.224,-8.639999,-50.7,-38.399998
12.263,-7.74,-50.76,-37.739998
12.284,-8.46,-51.18,-37.92
12.325,-7.62,-50.82,-38.34
12.362,-8.28,-51.059998,-38.579998
12.382,-8.76,-50.52,-38.28
12.422,-9.42,-50.879997,-37.559998
12.477,-8.76,-51.059998,-37.739998
12.484,-8.76,-51.0,-38.399998
12.522,-9.059999,-51.3,-37.32
12.562,-8.58,-51.059998,-38.1
12.582,-8.28,-50.94,-38.399998
12.622,-7.68,-50.94,-39.0
12.662,-9.12,-51.6,-38.34
12.683,-8.639999,-51.059998,-38.16
12.724,-8.82,-50.76,-37.32
12.765,-8.58,-50.82,-38.1
12.784,-8.22,-50.579998,-38.94
12.822,-7.68,-50.879997,-37.92
12.864,-9.059999,-49.86,-38.04
12.884,-9.179999,-50.16,-38.1
12.923,-9.0,-51.3,-38.34
12.964,-8.34,-51.18,-38.04
12.984,-8.639999,-51.42,-37.2
13.024,-8.88,-51.059998,-38.1
13.063,-8.4,-51.12,-37.26
13.102,-8.5199995,-50.7,-38.16
13.123,-9.12,-50.94,-37.739998
13.163,-8.5199995,-50.52,-38.64
13.204,-8.4,-51.12,-38.1
13.224,-8.88,-50.879997,-37.98
13.264,-8.88,-49.92,-38.52
13.304,-8.16,-51.3,-38.399998
13.324,-8.46,-51.6,-38.579998
13.363,-8.28,-50.94,-37.86
13.402,-7.7999997,-50.399998,-38.1
13.422,-8.34,-50.579998,-38.1
13.466,-7.98,-51.84,-38.76
13.502,-8.88,-51.12,-38.1
13.522,-8.22,-50.219997,-38.04
13.562,-8.7,-50.94,-39.3
13.602,-7.7999997,-50.64,-38.1
13.643,-7.3799996,-51.0,-37.2
13.663,-8.76,-51.059998,-37.14
13.703,-8.76,-50.879997,-38.7
13.724,-9.179999,-51.18,-38.52
13.764,-9.059999,-51.059998,-38.28
13.802,-8.82,-50.28,-38.64
13.843,-8.16,-50.34,-38.28
13.863,-8.5199995,-50.28,-38.1
13.902,-8.76,-51.96,-38.1
13.943,-8.46,-50.76,-38.399998
13.963,-8.099999,-51.239998,-38.34
14.021,-8.7,-51.0,-38.1
14.044,-8.34,-51.18,-38.7
14.062,-8.099999,-51.0,-38.52
14.105,-7.62,-51.899998,-38.76
14.143,-8.82,-50.16,-37.32
14.163,-8.88,-50.7,-37.5
14.204,-8.46,-51.66,-37.98
14.247,-8.639999,-51.0,-37.26
14.263,-8.7,-51.0,-38.399998
14.303,-8.22,-51.36,-37.68
14.343,-7.5,-50.7,-38.1
14.363,-7.5,-51.18,-38.04
14.422,-8.4,-50.52,-38.1
14.442,-8.82,-50.399998,-37.739998
14.464,-7.74,-50.52,-37.8
14.501,-7.74,-50.879997,-37.98
14.541,-8.76,-50.219997,-38.1
14.582,-8.5199995,-50.76,-38.04
14.601,-8.16,-50.64,-37.86
14.643,-8.099999,-50.82,-38.64
14.681,-8.5199995,-51.239998,-38.04
14.702,-8.58,-50.879997,-37.14
14.742,-8.76,-51.539997,-38.28
14.782,-7.8599997,-51.0,-37.92
14.801,-8.16,-50.7,-37.98
14.843,-8.58,-51.12,-38.76
14.883,-8.94,-51.66,-38.28
14.903,-8.28,-52.02,-38.399998
14.944,-9.059999,-51.0,-39.12
14.983,-9.24,-51.12,-38.34
15.004,-8.82,-50.64,-38.219997
15.043,-8.7,-51.66,-38.879997
15.084,-8.7,-51.48,-38.64
15.103,-8.46,-51.48,-38.46
15.147,-7.98,-50.76,-38.34
15.184,-8.88,-51.059998,-38.82
15.203,-8.22,-50.76,-39.059998
15.243,-9.179999,-50.94,-38.1
15.283,-7.8599997,-50.52,-38.1
15.304,-8.34,-50.7,-38.1
15.345,-8.639999,-49.98,-38.16
15.384,-8.28,-51.239998,-38.28
15.422,-7.7999997,-51.12,-37.739998
15.445,-8.58,-50.879997,-37.32
15.482,-8.16,-51.239998,-38.1
15.521,-8.46,-51.899998,-37.38
15.541,-8.5199995,-51.48,-37.86
15.581,-8.5199995,-50.7,-38.64
15.621,-8.34,-50.879997,-37.8
15.642,-8.94,-50.76,-38.16
15.683,-8.639999,-51.18,-38.64
15.722,-8.28,-50.64,-37.92
15.743,-8.099999,-50.34,-38.399998
15.784,-8.4,-49.62,-38.34
15.824,-8.46,-50.879997,-38.64
15.844,-8.82,-50.879997,-38.579998
15.883,-8.7,-51.18,-38.879997
15.923,-7.9199996,-51.18,-38.1
15.944,-8.34,-51.239998,-37.8
15.983,-9.179999,-51.3,-38.04
16.023,-8.76,-50.579998,-38.16
16.043,-8.099999,-50.46,-38.1
16.082,-8.46,-51.12,-38.34
16.123,-8.82,-51.36,-37.739998
16.143,-8.88,-51.18,-38.1
16.184,-8.82,-51.3,-37.98
16.224,-7.02,-51.239998,-37.5
16.244,-8.099999,-51.42,-37.8
16.282,-9.059999,-50.64,-37.739998
16.324,-8.34,-51.48,-38.46
16.362,-7.8599997,-51.719997,-38.52
16.383,-8.099999,-51.78,-38.399998
16.422,-7.74,-51.18,-37.559998
16.462,-7.9199996,-51.539997,-37.68
16.483,-7.7999997,-51.48,-38.52
16.523,-8.5199995,-51.48,-39.059998
16.563,-9.12,-51.18,-37.8
16.582,-8.28,-50.879997,-38.04
16.622,-9.36,-50.28,-38.7
16.662,-8.76,-50.28,-38.46
16.684,-9.24,-50.579998,-37.98
16.723,-8.34,-50.399998,-37.02
16.764,-9.179999,-51.3,-38.76
16.785,-8.58,-51.36,-38.7
16.824,-8.46,-50.52,-38.64
16.864,-8.76,-51.12,-38.76
16.884,-8.82,-50.399998,-38.28
16.924,-8.16,-49.98,-37.92
16.964,-8.58,-51.18,-37.32
16.985,-8.04,-51.18,-37.86
17.024,-8.58,-50.82,-37.92
17.064,-9.0,-50.579998,-38.34
17.085,-9.3,-50.94,-38.16
17.124,-8.34,-50.7,-38.46
17.164,-8.58,-51.0,-38.04
17.184,-8.46,-51.18,-37.26
17.224,-8.94,-50.64,-37.38
17.264,-8.34,-51.0,-38.52
17.304,-7.56,-50.1,-37.739998
17.324,-7.5,-50.34,-37.98
17.366,-8.82,-51.059998,-37.38
17.403,-8.82,-50.879997,-36.84
17.423,-8.88,-50.7,-37.079998
17.463,-8.34,-51.12,-38.04
17.502,-8.88,-51.18,-37.079998
17.523,-8.94,-50.82,-37.92
17.562,-8.76,-50.7,-38.46
17.603,-8.4,-51.0,-37.32
17.623,-8.639999,-51.48,-38.1
17.663,-8.58,-50.76,-38.46
17.704,-9.12,-51.6,-38.1
17.725,-8.76,-51.3,-38.04
17.765,-8.4,-50.46,-38.1
17.803,-8.5199995,-50.34,-37.739998
17.843,-8.76,-51.539997,-38.82
17.863,-8.34,-51.18,-38.219997
17.905,-9.179999,-50.219997,-38.7
17.924,-8.28,-51.0,-39.239998
17.965,-9.24,-51.96,-37.44
18.005,-7.98,-50.76,-38.579998
18.025,-8.22,-50.34,-37.98
18.065,-8.34,-50.94,-37.92
18.104,-8.88,-51.18,-38.28
18.144,-9.42,-50.28,-38.219997
18.165,-9.059999,-50.82,-38.219997
18.204,-8.76,-51.18,-39.0
18.244,-8.88,-50.579998,-38.52
18.268,-8.4,-50.76,-38.34
18.304,-7.56,-51.42,-38.7
18.343,-7.8599997,-51.6,-38.76
18.363,-7.62,-51.84,-38.219997
18.402,-8.7,-51.6,-37.44
18.437,-9.24,-51.66,-37.32
18.464,-7.9199996,-51.3,-38.219997
18.502,-7.2,-51.239998,-38.399998
18.542,-8.58,-50.28,-38.04
18.562,-8.28,-50.52,-37.8
18.603,-8.4,-50.219997,-37.98
18.643,-8.4,-50.879997,-38.7
18.664,-7.8599997,-50.52,-38.1
18.704,-8.16,-50.039997,-37.98
18.743,-8.7,-51.059998,-37.98
18.764,-8.04,-50.94,-38.64
18.804,-8.16,-50.399998,-37.92
18.845,-7.98,-50.879997,-38.52
18.884,-8.88,-50.879997,-38.04
18.905,-9.24,-50.7,-38.52
18.944,-7.68,-51.0,-37.86
18.985,-8.46,-51.18,-38.28
19.004,-8.28,-51.48,-37.8
19.043,-8.7,-51.36,-37.92
19.084,-8.34,-50.7,-38.399998
19.103,-8.94,-50.76,-38.76
19.144,-8.28,-50.82,-39.0
19.184,-8.22,-51.239998,-37.68
19.204,-8.4,-51.18,-38.64
19.245,-8.04,-49.8,-37.8
19.283,-8.34,-51.6,-38.28
19.303,-8.28,-51.059998,-38.34
19.343,-7.8599997,-51.18,-38.28
19.383,-8.22,-51.18,-38.16
19.404,-7.62,-50.219997,-37.92
19.442,-8.4,-50.82,-38.82
19.481,-8.82,-52.14,-38.579998
19.521,-8.099999,-51.719997,-37.2
19.542,-8.94,-51.36,-37.8
19.581,-8.22,-50.46,-38.16
19.623,-7.74,-50.76,-37.92
19.643,-8.4,-51.3,-37.8
19.682,-8.76,-50.879997,-38.76
19.724,-8.46,-50.82,-37.68
19.743,-8.82,-51.42,-38.04
19.784,-8.639999,-51.0,-38.52
19.824,-8.4,-51.0,-38.28
19.845,-8.82,-50.34,-39.0
19.883,-7.7999997,-50.399998,-39.239998
19.923,-7.3799996,-50.76,-37.8
19.944,-7.98,-51.42,-37.38
19.984,-8.76,-50.94,-37.5
20.024,-8.099999,-50.76,-38.399998
20.044,-8.28,-50.28,-38.579998
20.084,-8.5199995,-51.42,-37.32
20.124,-7.74,-51.0,-38.04
20.144,-8.16,-51.36,-38.04
20.183,-8.46,-51.12,-37.5
20.224,-9.0,-50.219997,-38.219997
20.244,-8.88,-50.219997,-38.34
20.284,-7.98,-50.64,-37.68
20.324,-8.34,-51.42,-37.739998
20.346,-8.34,-51.6,-37.86
20.383,-8.58,-50.399998,-38.34
20.422,-8.16,-50.399998,-37.98
20.463,-8.82,-51.12,-37.739998
20.484,-9.179999,-50.879997,-37.68
20.522,-8.28,-50.94,-37.62
20.562,-7.98,-50.399998,-38.46
20.582,-8.5199995,-50.579998,-38.1
20.623,-8.16,-51.059998,-38.82
20.662,-7.98,-51.059998,-38.28
20.683,-8.46,-51.36,-38.879997
20.723,-8.5199995,-50.52,-38.16
20.764,-7.8599997,-51.3,-38.399998
20.783,-7.9199996,-50.879997,-39.12
20.824,-9.0,-51.059998,-37.62
20.864,-8.58,-50.46,-38.64
20.883,-8.82,-50.7,-38.1
20.923,-8.16,-51.0,-38.52
20.963,-8.34,-51.36,-37.5
20.984,-8.22,-50.7,-37.5
21.024,-8.5199995,-51.539997,-38.399998
21.064,-8.16,-51.059998,-37.5
21.083,-8.16,-50.94,-37.32
21.123,-9.0,-51.239998,-37.98
21.163,-8.099999,-50.64,-37.92
21.184,-8.4,-50.82,-38.219997
21.224,-8.76,-50.879997,-37.62
21.263,-8.099999,-50.7,-37.98
21.285,-8.34,-50.579998,-38.04
21.324,-8.22,-50.579998,-38.16
21.363,-8.58,-50.879997,-38.64
21.402,-8.16,-51.18,-38.46
21.422,-8.28,-51.059998,-38.399998
21.463,-8.16,-51.239998,-38.7
21.502,-8.28,-50.579998,-37.8
21.522,-8.16,-51.12,-38.219997
21.562,-8.4,-50.64,-37.86
21.602,-9.42,-51.48,-37.86
21.621,-8.82,-51.18,-38.04
21.662,-9.42,-51.0,-38.46
21.703,-8.16,-50.64,-38.28
21.723,-7.8599997,-50.7,-38.16
21.764,-7.68,-50.7,-38.579998
21.803,-8.34,-50.64,-38.399998
21.825,-7.9199996,-50.7,-38.7
21.864,-8.58,-50.64,-37.98
21.905,-7.3799996,-51.239998,-37.92
21.922,-7.5,-51.059998,-37.5
21.965,-8.94,-50.7,-37.98
22.004,-8.34,-50.94,-38.82
22.024,-8.34,-50.94,-37.98
22.064,-8.099999,-50.76,-39.12
22.103,-8.4,-50.64,-38.04
22.125,-8.4,-50.879997,-38.52
22.164,-8.46,-51.059998,-37.8
22.204,-7.62,-50.76,-38.82
22.224,-8.04,-51.12,-37.8
22.263,-7.74,-50.76,-37.98
22.304,-7.74,-51.239998,-37.68
22.343,-8.4,-49.86,-38.28
22.362,-8.639999,-50.579998,-38.52
22.402,-8.88,-50.64,-38.04
22.443,-8.28,-51.059998,-37.739998
22.462,-7.98,-50.46,-38.399998
22.502,-8.7,-51.18,-37.98
22.542,-8.58,-51.059998,-38.34
22.563,-7.98,-51.6,-38.64
22.603,-7.62,-51.0,-39.18
22.643,-9.3,-50.64,-37.14
22.665,-9.12,-50.399998,-37.62
22.704,-8.94,-50.579998,-38.219997
22.744,-8.22,-51.539997,-37.8
22.763,-8.46,-51.3,-38.1
22.804,-7.98,-51.059998,-38.1
22.844,-8.7,-50.879997,-37.68
22.865,-8.639999,-50.879997,-38.34
22.904,-8.58,-50.76,-38.16
22.944,-7.7999997,-51.239998,-37.5
22.964,-8.5199995,-51.66,-37.739998
23.004,-8.58,-51.6,-37.98
23.045,-8.82,-51.78,-38.04
23.064,-8.28,-51.539997,-37.8
23.104,-8.88,-51.42,-38.94
23.144,-8.34,-51.48,-38.28
23.165,-8.88,-51.3,-38.16
23.205,-8.7,-50.52,-38.34
23.244,-7.8599997,-50.039997,-37.92
23.285,-9.059999,-50.879997,-37.5
23.304,-8.82,-50.82,-38.28
23.344,-8.7,-50.76,-38.64
23.383,-9.0,-50.94,-37.86
23.403,-8.88,-51.059998,-38.16
23.444,-8.4,-51.36,-38.34
23.483,-8.82,-51.3,-37.92
23.503,-8.94,-51.0,-37.92
23.543,-8.099999,-49.86,-37.86
23.584,-8.5199995,-50.879997,-38.16
23.603,-9.12,-51.539997,-37.92
23.644,-8.46,-50.219997,-38.82
23.684,-7.7999997,-50.039997,-38.04
23.705,-8.16,-50.34,-38.219997
23.750,-9.0,-50.1,-38.04
23.784,-8.76,-50.82,-38.16
23.804,-9.059999,-50.879997,-36.96
23.846,-8.46,-51.18,-38.46
23.885,-8.88,-51.059998,-39.0
23.904,-8.28,-51.12,-38.64
23.946,-8.7,-51.0,-37.68
23.987,-8.7,-51.0,-38.34
24.007,-8.22,-50.82,-38.34
24.046,-8.4,-50.52,-38.76
24.086,-8.46,-51.899998,-38.04
24.125,-9.059999,-50.94,-38.28
24.145,-8.94,-51.059998,-38.04
24.184,-8.88,-51.42,-37.26
24.226,-8.7,-50.28,-38.28
24.246,-8.88,-50.16,-38.1
24.286,-8.46,-50.52,-37.98
24.326,-8.34,-51.3,-38.46
24.344,-8.16,-50.46,-38.219997
24.383,-9.24,-51.3,-38.28
24.428,-8.16,-51.42,-37.559998
24.445,-8.46,-51.6,-36.84
24.484,-9.059999,-51.66,-37.32
24.524,-8.28,-51.3,-37.739998
24.544,-8.88,-51.239998,-38.399998
24.583,-8.58,-51.36,-37.8
24.623,-8.82,-50.7,-38.16
24.663,-8.04,-50.579998,-38.7
24.683,-8.5199995,-50.94,-38.64
24.723,-9.059999,-50.879997,-37.98
24.763,-8.46,-51.3,-37.8
24.784,-8.58,-51.6,-37.8
24.827,-8.58,-50.399998,-38.7
24.846,-8.099999,-50.64,-37.98
24.885,-9.179999,-51.12,-38.28
24.924,-8.28,-50.28,-38.1
24.946,-8.94,-50.039997,-37.68
24.985,-8.04,-50.94,-38.399998
25.025,-8.16,-51.0,-38.28
25.065,-9.0,-50.46,-38.219997
25.086,-8.04,-50.94,-38.579998
25.125,-8.28,-51.18,-37.62
25.165,-8.5199995,-50.34,-37.32
25.185,-8.46,-50.34,-37.98
25.225,-8.94,-50.94,-37.86
25.266,-8.88,-51.36,-38.16
25.285,-8.7,-51.239998,-37.98
25.325,-8.5199995,-50.76,-38.219997
25.364,-8.4,-50.76,-38.28
25.384,-8.88,-50.039997,-38.7
25.423,-8.639999,-51.6,-37.559998
25.465,-7.9199996,-51.48,-37.98
25.484,-8.4,-50.879997,-37.86
25.523,-8.76,-50.76,-37.98
25.563,-8.34,-50.34,-38.1
25.603,-8.58,-51.0,-37.86
25.624,-8.04,-51.36,-38.1
25.664,-7.8599997,-51.0,-37.8
25.685,-7.68,-50.52,-37.98
25.725,-8.58,-50.64,-38.1
25.764,-8.76,-51.18,-38.04
25.804,-8.5199995,-50.46,-38.34
25.825,-9.12,-50.7,-38.879997
25.865,-7.3799996,-51.12,-38.28
25.906,-8.58,-51.239998,-38.82
25.925,-8.099999,-50.94,-39.239998
25.965,-8.46,-50.94,-38.46
26.005,-8.7,-51.059998,-37.8
26.025,-9.059999,-51.36,-37.98
26.065,-8.46,-51.36,-38.34
26.104,-8.88,-51.239998,-38.52
26.125,-8.82,-51.0,-38.28
26.165,-8.58,-50.64,-37.739998
26.205,-8.7,-50.1,-38.579998
26.225,-8.5199995,-50.7,-38.1
26.265,-7.62,-50.7,-38.64
26.305,-8.58,-51.0,-37.86
26.325,-8.099999,-51.12,-37.44
26.363,-9.0,-50.82,-37.079998
26.403,-8.639999,-51.0,-37.559998
26.427,-8.82,-51.719997,-37.44
26.466,-8.82,-50.76,-37.5
26.503,-9.24,-50.7,-38.219997
26.542,-9.179999,-50.579998,-37.62
26.562,-9.42,-50.64,-37.44
26.603,-8.22,-51.059998,-37.92
26.626,-8.46,-50.579998,-37.8
26.663,-8.099999,-50.219997,-38.04
26.705,-8.7,-50.52,-38.52
26.744,-8.76,-51.36,-38.1
26.765,-9.059999,-51.0,-37.98
26.806,-8.28,-51.059998,-38.04
26.845,-8.4,-51.059998,-38.399998
26.865,-8.46,-50.94,-38.1
26.906,-8.099999,-49.98,-38.16
26.945,-7.74,-51.36,-38.399998
26.964,-7.08,-51.239998,-38.399998
27.006,-8.34,-50.879997,-37.98
27.045,-8.82,-50.039997,-37.92
27.066,-8.639999,-50.28,-37.68
27.104,-8.28,-51.36,-38.16
27.146,-7.68,-50.7,-37.559998
27.165,-7.74,-51.18,-37.68
27.204,-7.98,-50.64,-38.28
27.246,-7.68,-50.94,-37.62
27.264,-7.98,-50.64,-37.8
27.306,-7.7999997,-51.48,-37.62
27.345,-8.4,-50.52,-38.399998
27.370,-8.5199995,-51.0,-38.34
27.403,-9.24,-50.879997,-38.1
27.444,-8.16,-50.94,-37.92
27.484,-7.9199996,-51.239998,-37.739998
27.503,-8.16,-51.539997,-38.04
27.544,-7.9199996,-50.76,-38.46
27.584,-7.9199996,-50.76,-37.739998
27.604,-7.74,-51.12,-37.559998
27.646,-8.04,-50.76,-39.18
27.685,-8.46,-50.94,-37.98
27.706,-8.22,-50.879997,-37.739998
27.745,-9.54,-50.1,-38.219997
27.786,-8.4,-50.46,-38.16
27.805,-8.34,-51.0,-38.46
27.847,-7.9199996,-51.0,-38.04
27.886,-8.5199995,-50.46,-38.16
27.906,-8.639999,-50.7,-37.62
27.944,-8.88,-50.76,-38.28
27.986,-9.12,-51.6,-37.38
28.005,-8.16,-51.719997,-37.86
28.045,-7.9199996,-50.7,-37.8
28.086,-8.88,-50.219997,-37.68
28.105,-8.099999,-50.34,-37.86
28.145,-8.099999,-51.3,-37.44
28.186,-8.94,-50.52,-38.579998
28.205,-8.099999,-50.399998,-39.18
28.246,-9.179999,-50.82,-38.34
28.286,-8.5199995,-51.0,-37.98
28.306,-8.4,-50.64,-38.1
28.344,-8.4,-50.579998,-37.92
28.384,-7.9199996,-51.48,-38.579998
28.426,-8.099999,-50.94,-38.34
28.445,-7.02,-50.94,-37.92
28.484,-8.7,-51.239998,-38.46
28.523,-8.28,-50.1,-38.04
28.543,-8.58,-50.28,-38.16
28.584,-8.46,-51.059998,-37.2
28.624,-9.42,-50.76,-38.399998
28.644,-8.34,-50.64,-38.34
28.684,-7.62,-50.82,-38.399998
28.725,-8.7,-50.28,-38.399998
28.745,-8.16,-51.42,-38.64
28.786,-8.22,-50.879997,-38.579998
28.826,-8.58,-50.76,-37.98
28.846,-8.16,-51.6,-38.399998
28.886,-8.58,-50.34,-38.34
28.925,-8.22,-50.16,-37.92
28.947,-8.46,-50.1,-38.64
28.985,-8.88,-51.18,-37.92
29.025,-7.9199996,-50.94,-38.399998
29.046,-8.16,-51.36,-38.28
29.086,-8.88,-51.18,-38.04
29.127,-8.639999,-51.12,-37.8
29.167,-7.9199996,-50.82,-38.34
29.185,-8.46,-50.7,-38.52
29.226,-9.0,-50.76,-37.86
29.247,-8.82,-50.46,-37.559998
29.286,-7.44,-50.34,-38.1
29.326,-9.3,-51.12,-37.2
29.364,-8.34,-50.46,-38.219997
29.384,-7.9199996,-50.1,-38.1
29.424,-8.58,-51.18,-38.219997
29.465,-8.82,-51.18,-37.14
29.490,-9.36,-51.059998,-38.64
29.525,-8.58,-51.239998,-37.38
29.565,-8.46,-51.059998,-38.76
29.584,-8.04,-50.76,-39.059998
29.623,-7.9199996,-50.879997,-37.26
29.663,-8.82,-50.64,-38.219997
29.684,-8.4,-50.64,-37.8
29.723,-9.0,-51.059998,-37.68
29.764,-8.5199995,-50.82,-38.28
29.803,-8.46,-51.059998,-38.399998
29.824,-8.34,-50.879997,-38.7
29.866,-8.34,-50.76,-38.16
29.886,-8.88,-51.239998,-38.1
29.925,-9.0,-50.34,-38.219997
29.965,-8.5199995,-50.76,-37.92
30.005,-8.28,-50.94,-38.399998
30.026,-8.28,-51.18,-38.399998
30.066,-8.34,-50.46,-37.559998
30.106,-8.82,-50.64,-37.8
30.126,-7.8599997,-51.12,-37.92
30.165,-8.7,-51.059998,-38.46
30.205,-9.059999,-51.059998,-38.28
30.225,-9.0,-51.059998,-38.28
30.266,-8.76,-51.12,-38.219997
30.306,-9.42,-50.46,-37.92
30.325,-9.3,-50.94,-38.52
30.364,-9.42,-50.46,-38.399998
30.404,-8.82,-51.239998,-37.92
30.424,-8.34,-51.539997,-37.92
30.470,-8.34,-50.52,-37.68
30.503,-8.639999,-50.879997,-37.32
30.543,-8.22,-51.0,-38.28
30.563,-9.0,-50.94,-37.92
30.604,-8.88,-50.28,-38.579998
30.624,-8.5199995,-49.68,-38.94
30.665,-8.639999,-51.12,-38.28
30.704,-8.639999,-50.28,-38.64
30.725,-8.94,-50.64,-37.86
30.766,-7.68,-50.76,-38.34
30.804,-8.28,-50.219997,-38.94
30.826,-8.16,-51.0,-38.1
30.866,-8.46,-50.52,-37.739998
30.907,-8.76,-50.82,-37.8
30.927,-8.639999,-51.0,-38.1
30.966,-8.4,-50.52,-37.44
31.007,-8.82,-50.879997,-37.68
31.046,-8.4,-50.52,-38.399998
31.066,-8.639999,-51.0,-38.04
31.106,-9.0,-51.059998,-37.86
31.146,-8.5199995,-51.18,-38.7
31.165,-8.5199995,-51.42,-38.399998
31.205,-8.46,-50.879997,-38.219997
31.245,-8.16,-51.12,-37.8
31.265,-8.58,-51.18,-37.38
31.306,-8.5199995,-50.46,-38.34
31.344,-8.76,-51.12,-38.46
31.364,-8.5199995,-51.18,-38.04
31.403,-8.5199995,-50.64,-37.86
31.445,-8.46,-50.7,-38.52
31.464,-8.94,-51.059998,-37.739998
31.503,-8.4,-50.52,-37.92
31.543,-8.22,-50.399998,-37.38
31.583,-7.56,-50.64,-37.38
31.603,-7.8599997,-50.94,-37.38
31.643,-9.059999,-51.3,-37.68
31.686,-8.28,-50.879997,-37.5
31.705,-8.22,-50.879997,-37.86
31.744,-8.099999,-50.94,-38.64
31.784,-7.44,-50.399998,-38.579998
31.805,-7.62,-50.7,-37.5
31.846,-8.34,-50.7,-37.62
31.885,-8.94,-50.579998,-38.219997
31.906,-8.88,-49.98,-37.98
31.946,-9.059999,-51.3,-36.96
31.986,-8.88,-51.78,-38.28
32.006,-8.94,-50.52,-37.739998
32.045,-7.74,-51.18,-38.1
32.086,-8.22,-50.7,-37.86
32.106,-7.7999997,-50.82,-37.559998
32.146,-9.059999,-50.579998,-37.02
32.185,-8.4,-50.34,-38.46
32.208,-7.62,-50.16,-38.34
32.245,-8.639999,-51.6,-37.8
32.286,-8.58,-50.879997,-37.92
32.305,-9.3,-51.059998,-37.62
32.344,-8.04,-50.64,-38.16
32.383,-8.16,-51.3,-37.2
32.426,-8.099999,-51.059998,-38.579998
32.444,-8.04,-50.76,-38.04
32.483,-8.4,-51.84,-37.8
32.523,-8.22,-51.059998,-38.1
32.543,-8.28,-51.18,-37.26
32.583,-8.94,-50.82,-37.62
32.625,-8.88,-50.34,-38.34
32.645,-8.58,-51.059998,-38.579998
32.685,-8.04,-50.94,-38.52
32.725,-8.58,-50.52,-37.8
32.745,-8.22,-50.879997,-37.68
32.785,-8.22,-52.26,-37.86
32.827,-8.04,-51.059998,-37.38
32.843,-7.62,-50.579998,-37.739998
32.884,-7.7999997,-50.76,-38.879997
32.924,-7.62,-51.36,-38.219997
32.945,-8.46,-50.7,-38.04
32.985,-9.36,-51.18,-37.8
33.025,-7.9199996,-51.18,-38.28
33.044,-7.68,-50.52,-37.8
33.085,-8.4,-51.239998,-38.52
33.125,-9.12,-51.42,-38.52
33.145,-8.94,-51.239998,-37.98
33.186,-8.34,-51.239998,-38.399998
33.225,-8.639999,-50.64,-37.68
33.245,-9.179999,-51.3,-38.46
33.286,-8.46,-50.579998,-38.219997
33.325,-9.12,-51.12,-37.92
33.346,-8.7,-51.0,-37.92
33.385,-9.059999,-52.02,-38.04
33.427,-8.82,-50.82,-38.46
33.465,-8.76,-50.579998,-37.98
33.483,-8.4,-50.64,-37.86
33.523,-8.34,-50.46,-37.739998
33.563,-8.88,-51.0,-38.579998
33.583,-9.12,-51.78,-38.579998
33.623,-7.8599997,-51.719997,-38.52
33.664,-9.179999,-51.059998,-37.86
33.684,-8.94,-50.579998,-38.16
33.726,-8.28,-51.0,-37.86
33.764,-8.5199995,-51.6,-38.1
33.787,-8.7,-51.239998,-38.219997
33.825,-9.0,-50.46,-37.98
33.865,-8.82,-51.0,-38.04
33.885,-8.5199995,-51.18,-38.399998
33.925,-8.88,-50.219997,-37.8
33.965,-8.639999,-50.7,-38.28
33.985,-8.04,-50.7,-37.86
34.024,-7.98,-50.879997,-38.219997
34.063,-8.5199995,-51.059998,-38.16
34.104,-9.179999,-51.539997,-37.8
34.124,-9.059999,-51.36,-38.34
34.164,-7.8599997,-50.76,-38.16
34.204,-8.46,-51.66,-38.34
34.223,-8.099999,-50.879997,-38.579998
34.265,-8.4,-50.34,-38.46
34.306,-8.5199995,-50.7,-38.1
34.325,-8.639999,-50.52,-37.739998
34.364,-7.44,-50.579998,-37.98
34.402,-8.88,-50.64,-38.04
34.423,-9.0,-51.3,-37.62
34.463,-8.099999,-50.7,-38.16
34.503,-9.48,-51.239998,-37.86
34.524,-8.7,-51.78,-38.04
34.564,-8.099999,-50.76,-38.579998
34.603,-8.28,-49.98,-38.52
34.623,-8.22,-50.219997,-37.92
34.663,-8.58,-50.76,-37.739998
34.702,-8.22,-50.399998,-37.8
34.742,-7.9199996,-50.579998,-37.86
34.762,-8.5199995,-51.239998,-38.46
34.803,-8.58,-51.42,-37.86
34.824,-8.88,-52.199997,-37.86
34.865,-8.88,-51.12,-38.04
34.905,-8.58,-51.36,-38.34
34.944,-8.28,-51.36,-37.98
34.964,-8.28,-51.18,-37.26
35.005,-8.88,-51.6,-38.94
35.045,-8.34,-50.52,-38.16
35.065,-8.46,-50.94,-38.04
35.105,-9.3,-51.059998,-37.98
35.145,-8.4,-50.52,-37.38
35.165,-8.4,-50.34,-38.1
35.204,-7.9199996,-50.94,-38.399998
35.245,-8.34,-50.7,-37.86
35.265,-8.7,-50.52,-37.86
35.304,-8.76,-51.42,-37.92
35.344,-8.28,-51.3,-37.62
35.363,-7.9199996,-51.84,-38.219997
35.404,-8.22,-51.059998,-37.68
35.444,-7.8599997,-51.899998,-38.28
35.463,-8.099999,-51.899998,-38.399998
35.503,-8.04,-52.199997,-38.16
35.542,-8.099999,-51.0,-38.46
35.583,-8.94,-50.399998,-37.32
35.603,-8.7,-50.64,-37.44
35.643,-8.7,-51.12,-37.8
35.684,-7.74,-50.16,-37.86
35.705,-9.059999,-50.94,-38.579998
35.743,-8.46,-51.0,-38.16
35.765,-9.24,-50.399998,-37.739998
35.805,-8.58,-51.3,-37.92
35.844,-7.74,-50.579998,-36.66
35.886,-7.98,-51.059998,-37.98
35.904,-7.9199996,-51.3,-37.86
35.943,-8.46,-50.7,-37.86
35.985,-8.7,-51.059998,-38.34
36.005,-9.179999,-51.48,-37.86
36.044,-8.76,-50.579998,-38.219997
36.084,-8.94,-50.879997,-38.28
36.104,-9.12,-50.94,-38.64
36.144,-8.099999,-51.12,-37.26
36.184,-8.639999,-51.3,-38.28
36.204,-9.3,-51.84,-37.92
36.245,-8.34,-50.64,-38.219997
36.284,-9.0,-50.579998,-37.559998
36.305,-8.58,-50.64,-36.84
36.345,-7.74,-50.579998,-37.739998
36.384,-8.46,-50.879997,-37.8
36.423,-8.46,-50.94,-38.16
36.443,-8.4,-50.219997,-38.219997
36.483,-7.68,-51.3,-37.559998
36.505,-7.8599997,-50.64,-37.32
36.542,-9.059999,-51.0,-37.26
36.582,-8.88,-50.64,-38.04
36.622,-8.099999,-50.579998,-38.16
36.643,-8.4,-50.039997,-38.46
36.682,-9.12,-51.899998,-37.38
36.722,-8.7,-50.94,-37.62
36.742,-8.4,-51.18,-38.64
36.784,-8.639999,-50.879997,-37.559998
36.824,-8.76,-51.18,-37.739998
36.846,-8.82,-50.82,-37.92
36.886,-8.76,-50.64,-38.04
36.924,-7.98,-51.12,-37.98
36.945,-7.98,-51.239998,-38.399998
36.985,-8.46,-51.12,-37.079998
37.024,-9.059999,-51.66,-37.86
37.044,-9.0,-51.0,-37.86
37.086,-8.58,-50.82,-37.98
37.126,-7.8599997,-50.82,-37.98
37.145,-8.34,-50.94,-38.219997
37.184,-7.8599997,-50.7,-38.34
37.223,-8.82,-50.82,-37.68
37.244,-8.22,-51.42,-37.559998
37.283,-8.34,-50.16,-38.34
37.323,-8.16,-50.76,-38.1
37.364,-8.34,-51.18,-37.38
37.383,-8.5199995,-50.879997,-38.16
37.426,-7.68,-50.82,-37.92
37.464,-8.099999,-51.6,-38.1
37.483,-8.34,-51.539997,-37.8
37.525,-8.639999,-51.42,-38.579998
37.565,-8.34,-50.82,-37.559998
37.583,-7.98,-50.579998,-38.28
37.625,-8.5199995,-51.0,-38.04
37.665,-8.34,-50.82,-37.98
37.686,-7.98,-51.18,-38.34
37.726,-7.3799996,-52.02,-38.28
37.764,-8.099999,-51.48,-37.8
37.785,-7.9199996,-51.539997,-38.16
37.825,-7.8599997,-51.18,-37.079998
37.864,-7.44,-51.059998,-37.62
37.884,-7.14,-51.78,-37.5
37.925,-8.28,-52.14,-38.399998
37.965,-8.639999,-51.239998,-38.7
37.986,-8.5199995,-51.059998,-38.579998
38.025,-7.62,-50.52,-37.92
38.065,-8.34,-50.879997,-37.2
38.085,-8.34,-51.539997,-37.739998
38.125,-8.099999,-50.7,-38.46
38.166,-7.9199996,-50.64,-38.7
38.185,-7.2,-50.46,-38.04
38.228,-8.46,-51.66,-38.219997
38.266,-8.76,-50.64,-38.52
38.286,-8.099999,-51.48,-38.399998
38.326,-8.34,-51.0,-38.7
38.370,-8.4,-51.539997,-37.38
38.405,-8.82,-50.34,-38.28
38.425,-8.5199995,-50.219997,-39.059998
38.466,-8.28,-50.64,-38.1
38.505,-8.099999,-51.0,-37.5
38.525,-7.74,-50.52,-38.1
38.566,-8.16,-50.64,-37.98
38.607,-7.7999997,-51.6,-38.46
38.628,-7.98,-50.94,-37.559998
38.668,-8.099999,-50.52,-38.52
38.689,-8.04,-50.399998,-38.28
38.729,-7.56,-51.12,-37.98
38.770,-8.099999,-50.399998,-38.7
38.789,-8.34,-50.52,-38.28
38.828,-7.7999997,-50.76,-37.739998
38.869,-8.7,-50.579998,-37.68
38.909,-8.94,-51.42,-38.1
38.928,-8.099999,-51.059998,-38.34
38.969,-7.74,-50.52,-37.5
39.010,-8.22,-51.059998,-37.5
39.029,-8.88,-50.76,-38.04
39.069,-8.46,-51.12,-37.26
39.110,-8.58,-50.94,-38.34
39.130,-8.7,-51.6,-38.219997
39.177,-8.639999,-51.719997,-38.28
39.208,-8.5199995,-50.579998,-38.1
39.232,-8.639999,-50.1,-37.92
39.268,-8.76,-50.219997,-38.82
39.308,-9.12,-51.239998,-37.62
39.328,-9.12,-51.3,-37.26
39.368,-7.62,-52.02,-37.8
39.407,-8.46,-51.719997,-38.34
39.434,-8.099999,-51.12,-37.8
39.470,-7.7999997,-50.94,-37.98
39.508,-7.8599997,-50.879997,-38.219997
39.547,-7.56,-50.82,-37.8
39.566,-7.8599997,-50.82,-38.04
39.607,-8.46,-50.82,-38.16
39.647,-8.5199995,-51.18,-37.8
39.667,-8.58,-51.3,-38.399998
39.708,-8.58,-51.239998,-38.34
39.747,-8.22,-50.94,-38.04
39.767,-8.46,-50.94,-38.399998
39.807,-8.22,-50.879997,-37.32
39.849,-8.22,-50.1,-37.739998
39.869,-8.34,-49.8,-38.219997
39.909,-8.099999,-50.399998,-38.1
39.949,-8.16,-50.879997,-37.739998
39.969,-8.34,-51.18,-37.44
40.009,-7.98,-51.059998,-37.98
40.048,-8.16,-49.98,-37.86
40.068,-8.88,-49.739998,-37.739998
40.109,-8.34,-49.739998,-37.92
40.149,-7.7999997,-50.1,-37.86
40.169,-8.28,-50.579998,-37.739998
40.209,-8.04,-51.12,-37.68
40.249,-8.22,-51.539997,-37.8
40.269,-8.099999,-51.6,-37.98
40.309,-8.099999,-51.0,-37.68
40.351,-8.16,-50.76,-37.68
40.369,-8.28,-50.52,-38.34
40.407,-8.7,-50.579998,-38.82
40.449,-8.82,-50.28,-37.92
40.472,-9.179999,-50.16,-37.5
40.508,-8.76,-50.46,-38.16
40.547,-8.28,-50.46,-38.7
40.586,-8.639999,-51.3,-37.86
40.607,-8.5199995,-51.0,-37.62
40.648,-8.04,-51.0,-37.44
40.689,-7.8599997,-51.059998,-37.32
40.709,-8.099999,-51.42,-37.32
40.749,-7.8599997,-51.18,-38.219997
40.788,-8.639999,-50.82,-38.46
40.808,-9.179999,-50.76,-38.399998
40.849,-9.179999,-51.3,-38.28
40.889,-8.04,-51.66,-38.1
40.909,-8.28,-51.66,-38.399998
40.949,-7.7999997,-50.879997,-38.219997
40.989,-8.04,-50.399998,-37.559998
41.008,-8.46,-50.76,-37.44
41.049,-8.639999,-51.12,-37.86
41.088,-8.5199995,-50.52,-38.16
41.109,-8.4,-50.579998,-38.28
41.149,-8.4,-50.579998,-38.64
41.188,-8.5199995,-50.76,-38.16
41.210,-8.34,-50.52,-37.86
41.249,-8.58,-50.219997,-37.44
41.289,-8.4,-50.7,-37.5
41.309,-8.46,-50.34,-37.68
41.348,-7.9199996,-50.52,-37.739998
41.387,-8.04,-51.18,-37.079998
41.428,-9.059999,-51.18,-37.2
41.447,-8.4,-50.94,-37.739998
41.487,-8.04,-50.579998,-38.28
41.528,-8.58,-50.82,-38.7
41.547,-8.7,-50.52,-38.52
41.587,-9.24,-51.0,-38.34
41.627,-8.88,-50.879997,-38.34
41.648,-8.639999,-50.46,-38.219997
41.688,-8.04,-50.879997,-38.219997
41.728,-8.099999,-51.18,-38.52
41.748,-8.099999,-50.82,-37.68
41.789,-8.099999,-50.64,-37.14
41.828,-8.28,-50.7,-37.559998
41.847,-7.9199996,-50.64,-37.38
41.890,-8.099999,-51.059998,-37.739998
41.929,-8.639999,-51.0,-37.8
41.949,-8.639999,-51.18,-38.28
41.988,-8.04,-51.059998,-38.579998
42.029,-8.099999,-50.399998,-38.52
42.049,-7.98,-50.16,-38.1
42.089,-7.74,-50.219997,-38.16
42.129,-8.099999,-50.94,-37.739998
42.149,-8.58,-51.18,-37.86
42.189,-8.58,-50.82,-37.92
42.229,-8.099999,-51.059998,-37.92
42.268,-8.7,-51.059998,-38.52
42.289,-8.7,-50.94,-38.76
42.328,-8.76,-51.059998,-37.98
42.368,-8.7,-51.0,-37.2
42.387,-8.7,-50.7,-37.559998
42.430,-8.82,-50.879997,-37.739998
42.467,-8.5199995,-50.82,-37.739998
42.487,-8.22,-50.28,-37.559998
42.526,-8.16,-49.98,-37.44
42.567,-7.98,-50.28,-37.98
42.587,-7.98,-50.16,-38.7
42.628,-8.28,-50.46,-37.92
42.669,-8.82,-50.579998,-37.8
42.688,-8.5199995,-50.399998,-38.16
42.728,-8.34,-50.579998,-38.219997
42.769,-9.12,-50.399998,-37.32
42.789,-9.12,-50.219997,-37.2
42.828,-8.58,-50.399998,-37.559998
42.867,-8.4,-50.52,-37.8
42.888,-8.28,-50.879997,-37.559998
42.927,-7.8599997,-50.879997,-37.26
42.968,-7.74,-51.6,-37.739998
42.989,-8.04,-51.66,-37.86
43.028,-9.3,-51.36,-38.16
43.069,-9.3,-51.42,-38.04
43.108,-9.0,-51.6,-37.68
43.128,-8.5199995,-51.42,-37.68
43.168,-8.34,-51.3,-37.2
43.209,-8.82,-50.64,-37.14
43.229,-9.0,-50.28,-37.5
43.269,-8.4,-50.219997,-37.86
43.308,-8.22,-50.879997,-37.32
43.329,-7.8599997,-51.12,-37.68
43.368,-7.62,-51.12,-37.559998
43.407,-8.34,-51.899998,-37.14
43.429,-8.22,-51.78,-37.38
43.467,-8.22,-51.719997,-37.739998
43.507,-8.22,-51.66,-38.16
43.547,-7.7999997,-51.3,-38.46
43.566,-8.04,-51.0,-38.52
43.607,-7.7999997,-50.7,-38.04
43.647,-7.3799996,-50.34,-37.92
43.668,-7.56,-50.34,-38.28
43.708,-7.5,-50.399998,-38.76
43.729,-8.22,-50.34,-38.399998
43.768,-8.639999,-50.399998,-37.739998
43.809,-8.7,-51.18,-37.86
43.829,-8.46,-50.879997,-37.98
43.873,-7.9199996,-51.18,-38.399998
43.908,-7.3199997,-51.059998,-37.62
43.948,-8.16,-50.52,-37.14
43.968,-8.58,-50.34,-36.78
44.008,-8.7,-50.94,-37.079998
44.048,-8.16,-50.7,-38.1
44.068,-7.74,-50.7,-37.86
44.109,-8.4,-50.46,-38.7
44.148,-8.76,-50.94,-38.52
44.168,-8.58,-51.12,-38.16
44.207,-8.22,-51.12,-37.38
44.248,-8.04,-51.42,-38.28
44.269,-8.099999,-51.719997,-38.64
44.308,-8.5199995,-50.879997,-38.399998
44.347,-8.46,-50.7,-38.399998
44.367,-8.4,-51.059998,-38.28
44.407,-9.0,-51.18,-39.0
44.446,-8.099999,-50.82,-38.82
44.486,-7.5,-51.18,-37.86
44.506,-7.5,-51.42,-37.68
44.548,-7.74,-51.0,-37.86
44.568,-8.34,-51.239998,-38.219997
44.607,-8.099999,-51.18,-37.98
44.646,-7.7999997,-51.3,-37.62
44.687,-7.62,-52.02,-38.1
44.707,-8.22,-51.78,-38.1
44.746,-7.8599997,-51.6,-37.739998
44.788,-7.02,-50.94,-37.62
44.808,-7.3199997,-51.0,-37.86
44.848,-7.2,-51.539997,-37.559998
44.889,-7.74,-51.539997,-37.62
44.908,-7.8599997,-51.719997,-37.62
44.949,-8.28,-51.48,-37.8
44.988,-8.22,-50.76,-37.92
45.009,-8.28,-50.7,-38.219997
45.048,-8.7,-50.16,-38.64
45.088,-8.82,-49.98,-39.059998
45.108,-8.76,-50.1,-38.7
45.148,-8.639999,-50.76,-37.98
45.189,-8.58,-51.0,-37.8
45.208,-8.58,-51.059998,-37.8
45.248,-8.7,-50.94,-37.8
45.288,-7.9199996,-51.3,-37.92
45.309,-8.34,-51.3,-38.219997
45.348,-7.62,-50.52,-37.62
45.388,-7.7999997,-49.86,-37.26
45.427,-8.22,-50.46,-37.68
45.446,-7.9199996,-50.399998,-37.559998
45.486,-8.76,-50.879997,-37.92
45.526,-9.059999,-51.36,-37.38
45.546,-9.059999,-50.82,-37.32
45.586,-9.12,-50.7,-37.38
45.626,-9.3,-50.579998,-37.86
45.648,-8.7,-50.879997,-37.68
45.688,-8.58,-51.0,-38.1
45.727,-8.22,-50.76,-38.579998
45.748,-8.16,-50.7,-38.16
45.789,-7.98,-50.1,-37.44
45.827,-8.7,-50.34,-38.1
45.849,-8.94,-51.0,-38.04
45.889,-8.28,-50.46,-37.739998
45.928,-7.98,-50.579998,-38.1
45.948,-8.16,-51.059998,-38.34
45.988,-8.22,-50.64,-38.399998
46.028,-8.7,-50.76,-38.52
46.048,-8.58,-50.82,-37.98
46.088,-8.099999,-50.52,-37.62
46.128,-7.9199996,-50.399998,-37.739998
46.148,-8.04,-50.64,-37.62
46.188,-8.4,-50.76,-37.8
46.229,-8.7,-50.94,-38.7
46.248,-8.7,-50.94,-38.7
46.288,-8.639999,-50.46,-38.52
46.328,-8.7,-50.399998,-38.04
46.366,-8.16,-50.1,-38.04
46.387,-8.46,-50.039997,-38.16
46.428,-8.58,-50.34,-37.8
46.468,-8.16,-50.94,-37.559998
46.487,-8.04,-50.579998,-38.1
46.527,-8.04,-50.28,-38.219997
46.567,-8.58,-50.76,-37.5
46.586,-8.94,-50.879997,-37.559998
46.628,-8.76,-50.52,-38.16
46.668,-8.04,-50.46,-38.16
46.689,-8.34,-50.579998,-38.04
46.728,-8.04,-50.7,-37.739998
46.767,-7.8599997,-50.1,-37.98
46.789,-7.68,-50.34,-38.16
46.828,-8.46,-50.579998,-37.92
46.869,-9.059999,-50.7,-38.04
46.888,-9.3,-50.52,-38.1
46.927,-8.88,-50.579998,-37.98
46.968,-8.22,-50.16,-37.5
46.989,-8.4,-49.68,-37.559998
47.027,-8.639999,-50.399998,-37.079998
47.067,-8.76,-50.7,-37.86
47.088,-8.7,-51.0,-38.34
47.128,-9.179999,-51.059998,-38.64
47.169,-8.94,-51.0,-38.04
47.208,-8.46,-51.18,-37.739998
47.228,-8.58,-51.0,-38.28
47.267,-8.5199995,-51.18,-38.1
47.309,-8.34,-51.3,-38.1
47.328,-8.58,-51.48,-38.34
47.366,-8.58,-51.18,-38.16
47.406,-8.5199995,-50.879997,-37.739998
47.431,-8.16,-50.52,-37.5
47.467,-7.44,-50.16,-37.2
47.507,-8.22,-50.34,-37.32
47.526,-8.4,-50.76,-37.86
47.566,-8.94,-50.94,-38.04
47.606,-8.5199995,-50.34,-37.98
47.626,-8.5199995,-50.34,-37.98
47.667,-8.639999,-50.76,-37.559998
47.709,-8.46,-51.3,-37.079998
47.728,-8.28,-51.539997,-37.079998
47.769,-8.46,-51.12,-37.739998
47.807,-7.9199996,-50.76,-37.44
47.849,-7.74,-51.3,-36.96
47.869,-8.16,-51.059998,-37.079998
47.907,-8.28,-50.82,-38.04
47.947,-8.34,-51.059998,-38.46
47.967,-8.88,-50.76,-37.62
48.008,-8.28,-50.94,-37.68
48.048,-7.5,-51.3,-38.219997
48.068,-7.68,-51.48,-38.34
48.108,-7.68,-51.239998,-37.68
48.148,-8.099999,-51.3,-37.5
48.168,-8.099999,-50.879997,-37.26
48.208,-8.04,-51.059998,-38.28
48.248,-7.98,-51.3,-38.04
48.267,-7.98,-50.94,-37.32
48.308,-8.28,-51.0,-37.079998
48.346,-8.099999,-51.18,-37.32
48.366,-8.5199995,-50.879997,-37.86
48.406,-8.639999,-50.879997,-37.739998
48.446,-8.94,-51.059998,-37.079998
48.466,-9.0,-51.239998,-36.719997
48.506,-8.4,-50.879997,-37.38
48.546,-8.34,-51.539997,-37.68
48.586,-8.5199995,-51.48,-38.219997
48.606,-8.5199995,-51.0,-38.16
48.648,-8.94,-50.46,-38.1
48.668,-8.82,-50.7,-37.86
48.706,-8.46,-50.46,-37.92
48.749,-9.0,-50.52,-37.62
48.768,-8.7,-50.64,-37.559998
48.807,-8.88,-50.46,-37.079998
48.848,-8.04,-50.1,-37.26
48.888,-7.3199997,-50.64,-37.2
48.909,-7.3199997,-50.76,-37.14
48.949,-7.68,-50.28,-37.26
48.986,-8.94,-50.46,-37.739998
49.007,-9.0,-50.46,-37.739998
49.047,-8.34,-50.28,-37.62
49.088,-8.639999,-50.82,-37.86
49.110,-8.88,-50.94,-37.62
49.149,-8.46,-50.52,-37.92
49.183,-8.22,-50.7,-37.8
49.208,-8.4,-50.76,-37.739998
49.248,-8.639999,-50.76,-37.68
49.286,-8.639999,-50.82,-37.559998
49.307,-8.88,-50.579998,-37.68
49.348,-7.98,-51.18,-37.559998
49.386,-7.9199996,-50.82,-37.32
49.428,-8.22,-50.52,-37.86
49.447,-8.16,-50.76,-38.219997
49.486,-8.639999,-50.94,-38.16
49.527,-8.34,-50.64,-37.44
49.547,-8.34,-50.52,-37.739998
49.587,-8.28,-51.42,-38.04
49.626,-8.099999,-51.539997,-38.82
49.645,-7.7999997,-51.0,-39.0
49.686,-8.28,-50.46,-38.1
49.726,-8.88,-51.18,-37.559998
49.746,-8.7,-51.239998,-37.8
49.787,-8.04,-51.12,-38.399998
49.826,-7.68,-50.64,-37.86
49.848,-7.9199996,-50.82,-37.98
49.887,-8.46,-50.76,-37.92
49.927,-8.16,-51.0,-38.1
49.947,-7.7999997,-50.82,-38.64
49.988,-8.34,-50.579998,-37.98
50.028,-8.76,-50.82,-37.739998
50.049,-8.7,-50.94,-37.62
50.088,-8.04,-50.52,-37.92
50.128,-8.099999,-50.94,-37.92
50.148,-8.4,-51.42,-37.5
50.188,-8.46,-51.239998,-37.079998
50.228,-8.76,-51.12,-37.98
50.248,-8.58,-51.0,-38.64
50.287,-8.58,-50.16,-38.399998
50.328,-7.9199996,-50.219997,-38.04
50.366,-7.8599997,-50.82,-38.16
50.386,-8.099999,-50.879997,-38.16
50.426,-8.7,-50.82,-37.86
50.473,-8.5199995,-50.64,-37.86
50.486,-8.16,-50.76,-38.28
50.526,-8.4,-50.52,-38.1
50.566,-8.5199995,-50.34,-38.28
50.586,-8.46,-50.34,-38.34
50.627,-8.639999,-50.039997,-37.86
50.667,-9.0,-50.46,-37.32
50.688,-8.58,-51.12,-37.8
50.727,-8.5199995,-50.46,-38.399998
50.768,-8.4,-50.52,-39.0
50.787,-8.4,-51.0,-38.52
50.827,-8.04,-51.42,-38.399998
50.868,-8.4,-50.399998,-38.34
50.889,-8.22,-50.28,-38.1
50.928,-8.28,-50.879997,-37.98
50.968,-7.8599997,-50.76,-38.219997
50.988,-7.62,-50.82,-38.16
51.028,-7.68,-50.34,-37.14
51.067,-8.28,-50.16,-37.98
51.087,-8.76,-50.52,-38.16
51.128,-8.34,-50.879997,-38.219997
51.167,-8.4,-51.0,-37.86
51.188,-8.4,-50.879997,-37.62
51.228,-8.04,-50.64,-37.739998
51.268,-8.639999,-50.64,-37.92
51.309,-9.0,-50.399998,-37.32
51.327,-9.12,-50.219997,-37.8
51.366,-8.099999,-50.399998,-37.44
51.406,-7.9199996,-50.879997,-37.559998
51.437,-7.68,-51.12,-37.5
51.467,-7.74,-50.879997,-38.28
51.505,-8.639999,-51.059998,-38.579998
51.525,-8.76,-51.059998,-38.399998
51.566,-8.4,-51.48,-38.52
51.606,-8.46,-51.059998,-38.34
51.627,-8.88,-51.059998,-37.92
51.668,-8.46,-51.0,-37.739998
51.707,-9.42,-52.02,-37.92
51.728,-9.24,-51.84,-37.739998
51.768,-9.599999,-51.42,-37.62
51.807,-9.66,-50.82,-37.86
51.828,-9.0,-50.34,-37.92
51.867,-8.88,-50.219997,-37.92
51.908,-9.0,-50.76,-37.5
51.929,-8.94,-50.879997,-37.98
51.969,-8.4,-50.46,-38.46
52.008,-8.34,-50.76,-37.92
52.028,-9.059999,-50.94,-37.86
52.067,-8.46,-51.36,-37.32
52.107,-7.44,-51.6,-37.62
52.128,-7.62,-51.18,-37.62
52.167,-7.74,-50.879997,-37.559998
52.209,-8.34,-50.82,-36.84
52.248,-8.28,-50.7,-37.739998
52.268,-8.46,-50.16,-38.219997
52.308,-8.4,-50.34,-37.8
52.347,-8.58,-51.059998,-37.68
52.368,-8.94,-50.82,-37.86
52.405,-8.94,-50.16,-37.739998
52.458,-8.16,-50.1,-38.16
52.469,-8.16,-50.399998,-37.62
52.506,-8.7,-50.94,-37.559998
52.546,-8.58,-50.28,-37.8
52.565,-7.9199996,-49.98,-37.68
52.605,-7.3199997,-50.76,-36.78
52.646,-7.8599997,-50.94,-37.2
52.667,-8.16,-50.879997,-37.5
52.707,-8.099999,-50.579998,-37.92
52.747,-8.76,-50.7,-38.28
52.767,-9.42,-50.64,-38.46
52.808,-9.36,-51.059998,-38.579998
52.848,-8.639999,-50.7,-38.399998
52.868,-8.5199995,-50.7,-37.98
52.906,-8.46,-50.879997,-37.26
52.945,-8.7,-50.579998,-36.96
52.987,-8.639999,-50.1,-37.44
53.005,-8.639999,-50.579998,-37.5
53.047,-8.58,-51.12,-38.399998
53.087,-8.099999,-50.399998,-38.28
53.106,-7.98,-50.46,-38.579998
53.146,-7.98,-50.879997,-38.28
53.187,-8.28,-50.7,-38.28
53.208,-8.46,-50.82,-38.28
53.247,-9.059999,-50.879997,-37.98
53.286,-8.4,-50.52,-37.32
53.308,-8.4,-50.52,-37.38
53.347,-8.22,-50.64,-37.739998
53.386,-8.16,-50.16,-37.8
53.405,-8.58,-50.399998,-37.86
53.446,-9.0,-50.46,-37.44
53.485,-8.7,-50.879997,-37.5
53.506,-8.7,-51.18,-37.8
53.545,-8.5199995,-51.3,-37.62
53.585,-8.34,-50.879997,-37.14
53.626,-8.099999,-50.46,-37.68
53.647,-8.58,-50.64,-37.92
53.686,-8.82,-51.42,-37.98
53.727,-8.4,-51.96,-37.559998
53.746,-8.58,-51.84,-37.5
53.787,-8.88,-51.12,-37.98
53.827,-9.36,-50.579998,-38.28
53.846,-9.48,-50.879997,-38.399998
53.887,-8.5199995,-50.76,-38.1
53.926,-7.98,-50.52,-38.04
53.947,-7.98,-50.219997,-37.68
53.986,-8.58,-50.16,-37.559998
54.026,-8.82,-50.7,-38.16
54.047,-8.7,-50.76,-37.98
54.087,-8.5199995,-51.18,-37.5
54.126,-8.88,-50.76,-37.38
54.147,-8.58,-50.879997,-37.739998
54.188,-8.22,-50.46,-37.44
54.230,-7.98,-50.64,-37.559998
54.248,-7.98,-50.82,-37.559998
54.287,-7.8599997,-50.879997,-38.46
54.326,-8.22,-51.059998,-38.46
54.347,-8.099999,-50.94,-38.7
54.386,-8.04,-51.539997,-38.34
54.428,-8.46,-51.36,-38.879997
54.465,-8.46,-51.42,-38.579998
54.486,-8.58,-51.719997,-38.46
54.525,-7.98,-51.42,-37.98
54.565,-7.62,-50.64,-37.86
54.585,-8.04,-50.879997,-37.739998
54.624,-8.28,-51.36,-37.559998
54.665,-8.46,-51.059998,-38.16
54.685,-8.22,-51.059998,-37.8
54.725,-8.4,-50.82,-37.559998
54.764,-8.5199995,-50.52,-37.559998
54.786,-8.4,-50.579998,-37.62
54.826,-8.58,-50.94,-37.98
54.866,-8.46,-50.64,-37.26
54.887,-7.9199996,-50.039997,-37.44
54.927,-8.94,-50.399998,-38.04
54.967,-9.24,-51.239998,-38.579998
54.987,-9.059999,-51.3,-38.46
55.027,-8.46,-51.48,-37.92
55.067,-8.099999,-51.12,-37.739998
55.087,-8.099999,-50.82,-37.8
55.126,-8.34,-50.82,-37.62
55.166,-9.12,-51.059998,-38.28
55.188,-9.0,-50.76,-38.399998
55.227,-8.34,-50.46,-38.64
55.267,-8.76,-51.12,-38.34
55.287,-9.059999,-51.12,-38.1
55.326,-9.36,-50.46,-37.68
55.366,-8.7,-50.64,-37.8
55.405,-7.3199997,-50.64,-37.86
55.426,-7.62,-50.34,-38.04
55.467,-7.8599997,-50.399998,-38.04
55.507,-8.04,-50.64,-38.16
55.526,-8.22,-50.82,-37.62
55.567,-7.74,-50.52,-37.68
55.607,-7.62,-50.64,-37.5
55.627,-8.28,-50.579998,-38.16
55.667,-7.3799996,-50.64,-37.739998
55.707,-7.44,-50.52,-37.559998
55.727,-7.56,-50.52,-38.399998
55.768,-8.28,-50.76,-38.34
55.809,-8.34,-50.28,-37.86
55.828,-8.22,-50.1,-38.28
55.867,-8.28,-50.7,-38.34
55.907,-8.5199995,-50.7,-37.86
55.929,-8.639999,-50.76,-37.8
55.968,-8.16,-50.7,-37.38
56.007,-8.5199995,-50.94,-36.899998
56.029,-8.76,-50.94,-36.96
56.068,-9.0,-51.12,-38.16
56.108,-8.58,-51.18,-38.04
56.128,-8.4,-51.0,-37.32
56.167,-8.46,-50.94,-38.219997
56.208,-7.98,-50.579998,-38.219997
56.228,-7.98,-50.46,-37.739998
56.268,-8.28,-50.219997,-37.32
56.307,-8.28,-50.64,-37.32
56.352,-8.46,-51.059998,-37.86
56.366,-8.639999,-51.42,-38.219997
56.406,-8.5199995,-51.0,-38.219997
56.446,-8.82,-51.239998,-37.68
56.466,-8.7,-51.18,-37.8
56.507,-8.46,-51.42,-37.98
56.548,-8.639999,-51.719997,-37.32
56.567,-9.059999,-51.36,-37.62
56.607,-9.48,-50.82,-38.1
56.648,-8.94,-50.399998,-38.28
56.668,-8.34,-50.64,-38.16
56.709,-8.04,-50.82,-37.62
56.748,-8.34,-51.0,-37.02
56.770,-8.22,-50.64,-37.079998
56.808,-8.46,-50.399998,-37.44
56.849,-8.639999,-50.52,-37.92
56.868,-8.76,-50.219997,-37.68
56.908,-8.22,-50.52,-37.44
56.949,-8.34,-50.52,-37.32
56.969,-7.98,-50.46,-37.2
57.008,-8.22,-50.82,-37.32
57.048,-8.639999,-51.18,-37.559998
57.068,-8.58,-51.12,-37.5
57.108,-9.179999,-51.3,-38.1
57.149,-8.88,-51.0,-37.98
57.169,-8.76,-50.46,-37.92
57.208,-8.34,-49.92,-37.44
57.248,-7.9199996,-50.52,-37.92
57.288,-7.9199996,-50.82,-38.28
57.309,-7.8599997,-50.76,-37.98
57.347,-7.98,-50.16,-37.62
57.388,-8.82,-50.76,-37.32
57.407,-8.88,-50.82,-37.86
57.449,-8.34,-50.94,-38.399998
57.488,-8.639999,-51.0,-37.739998
57.507,-8.7,-50.7,-37.68
57.548,-8.82,-50.399998,-37.44
57.588,-8.82,-50.879997,-37.38
57.609,-8.34,-51.059998,-37.98
57.648,-8.16,-50.94,-38.28
57.690,-8.82,-50.399998,-37.92
57.710,-8.58,-50.16,-37.26
57.750,-8.5199995,-50.52,-37.32
57.791,-8.22,-50.579998,-37.38
57.809,-8.34,-50.399998,-37.44
57.849,-8.4,-50.34,-37.739998
57.890,-8.34,-51.059998,-37.98
57.912,-8.04,-51.239998,-37.559998
57.954,-8.4,-51.42,-37.32
57.988,-8.76,-50.879997,-37.68
58.009,-8.22,-50.76,-37.86
58.049,-7.74,-51.059998,-37.079998
58.090,-8.16,-51.48,-37.559998
58.109,-7.68,-51.0,-37.739998
58.149,-7.8599997,-50.579998,-38.04
58.190,-8.34,-50.879997,-37.68
58.210,-8.28,-50.879997,-37.68
58.249,-8.22,-50.579998,-38.16
58.289,-8.28,-50.7,-37.86
58.330,-8.34,-51.66,-37.68
58.349,-7.8599997,-51.66,-38.04
58.388,-7.56,-51.96,-38.04
58.429,-7.3799996,-51.539997,-37.62
58.448,-7.3199997,-51.42,-37.079998
58.488,-7.7999997,-51.12,-37.62
58.529,-8.88,-50.94,-37.8
58.548,-9.179999,-50.76,-37.86
58.588,-8.28,-50.76,-37.26
58.627,-8.28,-50.879997,-37.44
58.650,-8.34,-50.94,-37.26
58.690,-8.16,-50.64,-37.92
58.729,-8.5199995,-50.7,-38.399998
58.749,-8.7,-51.18,-38.34
58.789,-9.12,-51.239998,-38.46
58.829,-8.28,-50.64,-38.219997
58.849,-7.9199996,-50.52,-38.46
58.890,-7.8599997,-50.46,-38.34
58.929,-7.56,-50.76,-38.1
58.949,-7.74,-50.64,-37.739998
58.989,-7.68,-50.7,-37.38
59.030,-8.22,-50.76,-38.219997
59.069,-8.639999,-50.1,-38.04
59.088,-8.4,-49.92,-37.92
59.130,-7.8599997,-50.039997,-37.62
59.169,-8.28,-50.94,-38.04
59.190,-8.5199995,-51.059998,-38.219997
59.230,-8.4,-51.059998,-37.86
59.269,-8.04,-51.239998,-37.739998
59.289,-8.28,-51.3,-37.739998
59.329,-8.34,-50.64,-38.64
59.369,-7.98,-50.76,-38.16
59.388,-7.74,-51.0,-37.559998
59.430,-7.8599997,-51.539997,-37.32
59.454,-8.16,-51.48,-37.8
59.487,-8.16,-51.6,-37.739998
59.527,-7.5,-51.18,-37.92
59.568,-7.08,-50.94,-38.16
59.608,-7.56,-50.76,-37.32
59.627,-8.099999,-51.059998,-37.2
59.667,-9.0,-51.48,-37.8
59.708,-8.88,-51.78,-37.86
59.727,-8.46,-51.6,-37.739998
59.768,-8.5199995,-51.48,-37.5
59.809,-8.28,-50.76,-37.86
59.829,-8.28,-50.76,-37.62
59.869,-7.7999997,-50.76,-37.92
59.909,-8.22,-50.76,-37.38
59.929,-7.98,-50.94,-37.559998
59.969,-7.7999997,-50.82,-37.32
