timestamp,x,y,z
00.000,-0.4375,0.8125,0.4375
00.031,-0.453125,0.796875,0.4375
00.062,-0.453125,0.796875,0.4375
00.093,-0.453125,0.796875,0.453125
00.125,-0.4375,0.796875,0.4375
00.156,-0.453125,0.796875,0.4375
00.187,-0.453125,0.8125,0.4375
00.218,-0.453125,0.8125,0.4375
00.250,-0.453125,0.796875,0.4375
00.281,-0.4375,0.796875,0.4375
00.312,-0.453125,0.796875,0.421875
00.343,-0.453125,0.796875,0.4375
00.375,-0.453125,0.796875,0.4375
00.406,-0.453125,0.8125,0.453125
00.437,-0.453125,0.8125,0.453125
00.468,-0.4375,0.796875,0.4375
00.500,-0.4375,0.796875,0.4375
00.531,-0.453125,0.796875,0.4375
00.562,-0.453125,0.8125,0.4375
00.593,-0.453125,0.8125,0.453125
00.625,-0.453125,0.796875,0.453125
00.656,-0.453125,0.796875,0.4375
00.687,-0.453125,0.8125,0.4375
00.718,-0.453125,0.796875,0.4375
00.750,-0.453125,0.796875,0.4375
00.781,-0.453125,0.796875,0.4375
00.812,-0.453125,0.796875,0.4375
00.843,-0.453125,0.796875,0.4375
00.875,-0.453125,0.796875,0.4375
00.906,-0.453125,0.8125,0.453125
00.937,-0.453125,0.8125,0.4375
00.968,-0.453125,0.796875,0.4375
01.000,-0.453125,0.796875,0.4375
01.031,-0.4375,0.796875,0.4375
01.062,-0.453125,0.796875,0.4375
01.093,-0.453125,0.796875,0.453125
01.125,-0.453125,0.8125,0.453125
01.156,-0.453125,0.796875,0.4375
01.187,-0.4375,0.8125,0.4375
01.218,-0.4375,0.8125,0.4375
01.250,-0.4375,0.796875,0.4375
01.281,-0.453125,0.796875,0.4375
01.312,-0.453125,0.8125,0.4375
01.343,-0.453125,0.8125,0.453125
01.375,-0.453125,0.8125,0.4375
01.406,-0.4375,0.8125,0.4375
01.437,-0.4375,0.796875,0.4375
01.468,-0.453125,0.796875,0.4375
01.500,-0.453125,0.796875,0.4375
01.531,-0.453125,0.796875,0.4375
01.562,-0.453125,0.8125,0.4375
01.593,-0.453125,0.796875,0.4375
01.625,-0.453125,0.796875,0.4375
01.656,-0.453125,0.8125,0.4375
01.687,-0.4375,0.796875,0.4375
01.718,-0.453125,0.8125,0.4375
01.750,-0.4375,0.8125,0.4375
01.781,-0.453125,0.796875,0.4375
01.812,-0.453125,0.796875,0.4375
01.843,-0.453125,0.8125,0.4375
01.875,-0.453125,0.796875,0.4375
01.906,-0.4375,0.796875,0.4375
01.937,-0.453125,0.796875,0.4375
01.968,-0.4375,0.796875,0.4375
02.000,-0.453125,0.796875,0.4375
02.031,-0.453125,0.796875,0.4375
02.062,-0.453125,0.8125,0.4375
02.093,-0.453125,0.796875,0.4375
02.125,-0.4375,0.8125,0.4375
02.156,-0.453125,0.796875,0.4375
02.187,-0.4375,0.796875,0.4375
02.218,-0.453125,0.8125,0.4375
02.250,-0.453125,0.796875,0.4375
02.281,-0.453125,0.8125,0.4375
02.312,-0.453125,0.796875,0.4375
02.343,-0.453125,0.796875,0.4375
02.375,-0.453125,0.796875,0.4375
02.406,-0.453125,0.796875,0.4375
02.437,-0.453125,0.796875,0.4375
02.468,-0.453125,0.8125,0.4375
02.500,-0.453125,0.796875,0.4375
02.531,-0.4375,0.796875,0.453125
02.562,-0.453125,0.796875,0.4375
02.593,-0.453125,0.8125,0.4375
02.625,-0.453125,0.8125,0.4375
02.656,-0.453125,0.8125,0.4375
02.687,-0.453125,0.796875,0.4375
02.718,-0.453125,0.796875,0.4375
02.750,-0.453125,0.8125,0.4375
02.781,-0.453125,0.8125,0.4375
02.812,-0.453125,0.8125,0.4375
02.843,-0.453125,0.8125,0.4375
02.875,-0.453125,0.796875,0.4375
02.906,-0.453125,0.796875,0.4375
02.937,-0.453125,0.796875,0.4375
02.968,-0.453125,0.8125,0.4375
03.000,-0.453125,0.796875,0.4375
03.031,-0.453125,0.796875,0.4375
03.062,-0.453125,0.796875,0.4375
03.093,-0.453125,0.8125,0.4375
03.125,-0.453125,0.796875,0.4375
03.156,-0.453125,0.796875,0.4375
03.187,-0.453125,0.796875,0.4375
03.218,-0.4375,0.8125,0.4375
03.250,-0.453125,0.796875,0.4375
03.281,-0.453125,0.796875,0.4375
03.312,-0.453125,0.8125,0.4375
03.343,-0.453125,0.8125,0.4375
03.375,-0.453125,0.796875,0.4375
03.406,-0.453125,0.8125,0.4375
03.437,-0.453125,0.796875,0.4375
03.468,-0.453125,0.796875,0.4375
03.500,-0.453125,0.8125,0.4375
03.531,-0.453125,0.796875,0.4375
03.562,-0.453125,0.796875,0.4375
03.593,-0.453125,0.796875,0.4375
03.625,-0.453125,0.8125,0.4375
03.656,-0.4375,0.796875,0.4375
03.687,-0.453125,0.8125,0.4375
03.718,-0.453125,0.796875,0.4375
03.750,-0.453125,0.8125,0.4375
03.781,-0.453125,0.796875,0.4375
03.812,-0.4375,0.796875,0.4375
03.843,-0.4375,0.796875,0.4375
03.875,-0.453125,0.8125,0.4375
03.906,-0.453125,0.796875,0.4375
03.937,-0.453125,0.8125,0.4375
03.968,-0.453125,0.8125,0.4375
04.000,-0.453125,0.8125,0.4375
04.031,-0.453125,0.8125,0.4375
04.062,-0.453125,0.796875,0.4375
04.093,-0.453125,0.796875,0.4375
04.125,-0.453125,0.796875,0.4375
04.156,-0.453125,0.8125,0.4375
04.187,-0.453125,0.8125,0.4375
04.218,-0.453125,0.8125,0.4375
04.250,-0.453125,0.796875,0.4375
04.281,-0.453125,0.796875,0.4375
04.312,-0.453125,0.796875,0.4375
04.343,-0.453125,0.796875,0.4375
04.375,-0.453125,0.796875,0.4375
04.406,-0.453125,0.796875,0.4375
04.437,-0.4375,0.8125,0.4375
04.468,-0.453125,0.8125,0.4375
04.500,-0.453125,0.796875,0.4375
04.531,-0.453125,0.796875,0.4375
04.562,-0.453125,0.796875,0.4375
04.593,-0.453125,0.796875,0.4375
04.625,-0.453125,0.796875,0.4375
04.656,-0.453125,0.8125,0.4375
04.687,-0.453125,0.796875,0.4375
04.718,-0.453125,0.796875,0.4375
04.750,-0.453125,0.8125,0.4375
04.781,-0.453125,0.796875,0.4375
04.812,-0.453125,0.796875,0.4375
04.843,-0.453125,0.8125,0.4375
04.875,-0.453125,0.796875,0.4375
04.906,-0.453125,0.796875,0.4375
04.937,-0.453125,0.8125,0.4375
04.968,-0.4375,0.796875,0.4375
05.000,-0.453125,0.8125,0.4375
05.031,-0.453125,0.8125,0.4375
05.062,-0.453125,0.796875,0.4375
05.093,-0.453125,0.8125,0.4375
05.125,-0.453125,0.796875,0.4375
05.156,-0.453125,0.8125,0.4375
05.187,-0.453125,0.796875,0.4375
05.218,-0.453125,0.796875,0.4375
05.250,-0.453125,0.8125,0.4375
05.281,-0.453125,0.796875,0.4375
05.312,-0.453125,0.8125,0.4375
05.343,-0.453125,0.8125,0.4375
05.375,-0.453125,0.796875,0.4375
05.406,-0.453125,0.8125,0.4375
05.437,-0.453125,0.796875,0.4375
05.468,-0.453125,0.8125,0.4375
05.500,-0.453125,0.8125,0.4375
05.531,-0.453125,0.796875,0.4375
05.562,-0.453125,0.8125,0.4375
05.593,-0.453125,0.8125,0.4375
05.625,-0.4375,0.796875,0.4375
05.656,-0.453125,0.796875,0.4375
05.687,-0.453125,0.8125,0.4375
05.718,-0.453125,0.796875,0.4375
05.750,-0.453125,0.796875,0.4375
05.781,-0.453125,0.796875,0.4375
05.812,-0.4375,0.796875,0.4375
05.843,-0.453125,0.8125,0.4375
05.875,-0.4375,0.796875,0.4375
05.906,-0.453125,0.796875,0.4375
05.937,-0.453125,0.796875,0.4375
05.968,-0.4375,0.8125,0.4375
06.000,-0.453125,0.796875,0.4375
06.031,-0.453125,0.796875,0.4375
06.062,-0.453125,0.796875,0.4375
06.093,-0.453125,0.8125,0.4375
06.125,-0.453125,0.796875,0.4375
06.156,-0.453125,0.796875,0.4375
06.187,-0.453125,0.796875,0.4375
06.218,-0.453125,0.8125,0.4375
06.250,-0.453125,0.8125,0.4375
06.281,-0.453125,0.8125,0.4375
06.312,-0.453125,0.8125,0.4375
06.343,-0.4375,0.8125,0.4375
06.375,-0.4375,0.8125,0.4375
06.406,-0.453125,0.8125,0.4375
06.437,-0.453125,0.8125,0.4375
06.468,-0.453125,0.796875,0.4375
06.500,-0.453125,0.8125,0.4375
06.531,-0.453125,0.796875,0.4375
06.562,-0.453125,0.8125,0.4375
06.593,-0.453125,0.8125,0.4375
06.625,-0.4375,0.796875,0.4375
06.656,-0.453125,0.8125,0.4375
06.687,-0.4375,0.8125,0.4375
06.718,-0.4375,0.8125,0.4375
06.750,-0.4375,0.8125,0.4375
06.781,-0.453125,0.8125,0.4375
06.812,-0.453125,0.796875,0.4375
06.843,-0.453125,0.796875,0.4375
06.875,-0.453125,0.8125,0.4375
06.906,-0.4375,0.8125,0.4375
06.937,-0.453125,0.8125,0.4375
06.968,-0.453125,0.796875,0.4375
07.000,-0.453125,0.796875,0.4375
07.031,-0.453125,0.8125,0.421875
07.062,-0.453125,0.8125,0.4375
07.093,-0.453125,0.8125,0.4375
07.125,-0.453125,0.8125,0.4375
07.156,-0.453125,0.8125,0.4375
07.187,-0.453125,0.8125,0.4375
07.218,-0.453125,0.8125,0.4375
07.250,-0.453125,0.796875,0.4375
07.281,-0.4375,0.796875,0.4375
07.312,-0.4375,0.796875,0.4375
07.343,-0.453125,0.8125,0.4375
07.375,-0.453125,0.8125,0.4375
07.406,-0.453125,0.8125,0.4375
07.437,-0.453125,0.796875,0.4375
07.468,-0.453125,0.8125,0.4375
07.500,-0.453125,0.8125,0.4375
07.531,-0.453125,0.8125,0.4375
07.562,-0.453125,0.8125,0.4375
07.593,-0.453125,0.8125,0.4375
07.625,-0.453125,0.8125,0.4375
07.656,-0.453125,0.8125,0.4375
07.687,-0.453125,0.796875,0.4375
07.718,-0.453125,0.796875,0.4375
07.750,-0.453125,0.796875,0.4375
07.781,-0.453125,0.8125,0.4375
07.812,-0.453125,0.8125,0.4375
07.843,-0.453125,0.8125,0.4375
07.875,-0.453125,0.796875,0.4375
07.906,-0.4375,0.8125,0.4375
07.937,-0.4375,0.8125,0.4375
07.968,-0.4375,0.796875,0.421875
08.000,-0.453125,0.8125,0.4375
08.031,-0.453125,0.796875,0.4375
08.062,-0.453125,0.8125,0.4375
08.093,-0.453125,0.796875,0.4375
08.125,-0.453125,0.796875,0.4375
08.156,-0.453125,0.796875,0.4375
08.187,-0.453125,0.796875,0.421875
08.218,-0.453125,0.8125,0.4375
08.250,-0.453125,0.796875,0.4375
08.281,-0.453125,0.8125,0.4375
08.312,-0.453125,0.796875,0.4375
08.343,-0.453125,0.8125,0.4375
08.375,-0.453125,0.8125,0.421875
08.406,-0.453125,0.8125,0.4375
08.437,-0.453125,0.796875,0.4375
08.468,-0.453125,0.796875,0.4375
08.500,-0.453125,0.796875,0.421875
08.531,-0.46875,0.8125,0.421875
08.562,-0.453125,0.8125,0.4375
08.593,-0.453125,0.8125,0.4375
08.625,-0.453125,0.8125,0.4375
08.656,-0.4375,0.796875,0.4375
08.687,-0.453125,0.796875,0.421875
08.718,-0.453125,0.796875,0.4375
08.750,-0.453125,0.8125,0.421875
08.781,-0.453125,0.8125,0.4375
08.812,-0.453125,0.796875,0.421875
08.843,-0.4375,0.796875,0.421875
08.875,-0.453125,0.8125,0.421875
08.906,-0.453125,0.8125,0.4375
08.937,-0.453125,0.8125,0.4375
08.968,-0.453125,0.8125,0.4375
09.000,-0.453125,0.8125,0.4375
09.031,-0.453125,0.8125,0.421875
09.062,-0.453125,0.796875,0.4375
09.093,-0.453125,0.796875,0.4375
09.125,-0.453125,0.796875,0.4375
09.156,-0.453125,0.796875,0.4375
09.187,-0.453125,0.8125,0.4375
09.218,-0.4375,0.8125,0.421875
09.250,-0.453125,0.8125,0.4375
09.281,-0.453125,0.8125,0.4375
09.312,-0.453125,0.8125,0.421875
09.343,-0.453125,0.8125,0.421875
09.375,-0.453125,0.796875,0.4375
09.406,-0.453125,0.8125,0.4375
09.437,-0.453125,0.796875,0.4375
09.468,-0.453125,0.796875,0.4375
09.500,-0.453125,0.796875,0.4375
09.531,-0.453125,0.796875,0.4375
09.562,-0.453125,0.796875,0.4375
09.593,-0.453125,0.796875,0.4375
09.625,-0.453125,0.8125,0.4375
09.656,-0.453125,0.8125,0.4375
09.687,-0.453125,0.8125,0.4375
09.718,-0.453125,0.796875,0.4375
09.750,-0.453125,0.8125,0.4375
09.781,-0.453125,0.8125,0.4375
09.812,-0.453125,0.8125,0.4375
09.843,-0.453125,0.796875,0.4375
09.875,-0.453125,0.796875,0.4375
09.906,-0.453125,0.8125,0.4375
09.937,-0.453125,0.796875,0.4375
09.968,-0.453125,0.8125,0.4375
10.000,-0.453125,0.8125,0.4375
10.031,-0.453125,0.8125,0.4375
10.062,-0.453125,0.796875,0.4375
10.093,-0.453125,0.8125,0.4375
10.125,-0.453125,0.796875,0.4375
10.156,-0.453125,0.796875,0.4375
10.187,-0.453125,0.8125,0.4375
10.218,-0.453125,0.8125,0.4375
10.250,-0.453125,0.8125,0.4375
10.281,-0.453125,0.796875,0.421875
10.312,-0.453125,0.8125,0.4375
10.343,-0.453125,0.8125,0.4375
10.375,-0.453125,0.8125,0.4375
10.406,-0.453125,0.8125,0.4375
10.437,-0.453125,0.8125,0.4375
10.468,-0.453125,0.8125,0.4375
10.500,-0.453125,0.796875,0.4375
10.531,-0.453125,0.8125,0.4375
10.562,-0.453125,0.8125,0.4375
10.593,-0.453125,0.8125,0.4375
10.625,-0.453125,0.8125,0.4375
10.656,-0.453125,0.8125,0.4375
10.687,-0.453125,0.796875,0.4375
10.718,-0.453125,0.8125,0.4375
10.750,-0.453125,0.796875,0.421875
10.781,-0.453125,0.8125,0.4375
10.812,-0.453125,0.8125,0.4375
10.843,-0.453125,0.8125,0.4375
10.875,-0.4375,0.8125,0.4375
10.906,-0.453125,0.796875,0.421875
10.937,-0.453125,0.8125,0.421875
10.968,-0.453125,0.8125,0.4375
11.000,-0.453125,0.8125,0.4375
11.031,-0.453125,0.796875,0.421875
11.062,-0.453125,0.796875,0.421875
11.093,-0.453125,0.8125,0.4375
11.125,-0.453125,0.8125,0.4375
11.156,-0.453125,0.8125,0.4375
11.187,-0.453125,0.8125,0.4375
11.218,-0.453125,0.8125,0.4375
11.250,-0.453125,0.8125,0.4375
11.281,-0.453125,0.796875,0.4375
11.312,-0.453125,0.8125,0.4375
11.343,-0.453125,0.8125,0.4375
11.375,-0.453125,0.796875,0.421875
11.406,-0.453125,0.796875,0.421875
11.437,-0.453125,0.8125,0.421875
11.468,-0.453125,0.8125,0.4375
11.500,-0.453125,0.8125,0.4375
11.531,-0.453125,0.8125,0.4375
11.562,-0.453125,0.8125,0.4375
11.593,-0.453125,0.796875,0.4375
11.625,-0.453125,0.796875,0.4375
11.656,-0.453125,0.8125,0.4375
11.687,-0.453125,0.8125,0.4375
11.718,-0.453125,0.796875,0.4375
11.750,-0.453125,0.8125,0.4375
11.781,-0.453125,0.796875,0.4375
11.812,-0.453125,0.8125,0.421875
11.843,-0.453125,0.8125,0.4375
11.875,-0.453125,0.796875,0.4375
11.906,-0.453125,0.8125,0.4375
11.937,-0.453125,0.796875,0.4375
11.968,-0.453125,0.796875,0.421875
12.000,-0.453125,0.8125,0.421875
12.031,-0.453125,0.8125,0.4375
12.062,-0.453125,0.796875,0.4375
12.093,-0.453125,0.8125,0.4375
12.125,-0.453125,0.8125,0.4375
12.156,-0.453125,0.8125,0.421875
12.187,-0.453125,0.8125,0.421875
12.218,-0.4375,0.796875,0.4375
12.250,-0.4375,0.796875,0.4375
12.281,-0.453125,0.796875,0.4375
12.312,-0.453125,0.8125,0.4375
12.343,-0.453125,0.8125,0.4375
12.375,-0.453125,0.8125,0.4375
12.406,-0.453125,0.8125,0.4375
12.437,-0.453125,0.796875,0.4375
12.468,-0.453125,0.8125,0.4375
12.500,-0.453125,0.796875,0.4375
12.531,-0.453125,0.796875,0.4375
12.562,-0.453125,0.796875,0.4375
12.593,-0.453125,0.796875,0.4375
12.625,-0.453125,0.8125,0.4375
12.656,-0.453125,0.8125,0.4375
12.687,-0.453125,0.8125,0.4375
12.718,-0.453125,0.796875,0.4375
12.750,-0.453125,0.8125,0.4375
12.781,-0.4375,0.8125,0.4375
12.812,-0.453125,0.8125,0.4375
12.843,-0.453125,0.8125,0.4375
12.875,-0.453125,0.796875,0.4375
12.906,-0.453125,0.796875,0.4375
12.937,-0.453125,0.8125,0.4375
12.968,-0.4375,0.8125,0.4375
13.000,-0.453125,0.796875,0.4375
13.031,-0.4375,0.8125,0.4375
13.062,-0.4375,0.8125,0.4375
13.093,-0.453125,0.796875,0.4375
13.125,-0.453125,0.796875,0.4375
13.156,-0.453125,0.796875,0.4375
13.187,-0.453125,0.796875,0.4375
13.218,-0.4375,0.796875,0.4375
13.250,-0.4375,0.8125,0.4375
13.281,-0.453125,0.8125,0.4375
13.312,-0.453125,0.796875,0.4375
13.343,-0.453125,0.8125,0.4375
13.375,-0.453125,0.796875,0.4375
13.406,-0.453125,0.8125,0.4375
13.437,-0.453125,0.8125,0.4375
13.468,-0.453125,0.8125,0.4375
13.500,-0.4375,0.796875,0.4375
13.531,-0.453125,0.8125,0.4375
13.562,-0.453125,0.796875,0.4375
13.593,-0.453125,0.8125,0.4375
13.625,-0.453125,0.796875,0.4375
13.656,-0.453125,0.796875,0.4375
13.687,-0.453125,0.796875,0.4375
13.718,-0.453125,0.796875,0.4375
13.750,-0.453125,0.796875,0.4375
13.781,-0.453125,0.796875,0.4375
13.812,-0.453125,0.796875,0.4375
13.843,-0.453125,0.796875,0.4375
13.875,-0.453125,0.796875,0.4375
13.906,-0.453125,0.796875,0.4375
13.937,-0.4375,0.796875,0.4375
13.968,-0.453125,0.796875,0.4375
14.000,-0.453125,0.8125,0.4375
14.031,-0.453125,0.8125,0.4375
14.062,-0.453125,0.8125,0.4375
14.093,-0.453125,0.796875,0.4375
14.125,-0.453125,0.8125,0.4375
14.156,-0.453125,0.8125,0.4375
14.187,-0.453125,0.8125,0.4375
14.218,-0.4375,0.828125,0.453125
14.250,-0.421875,0.8125,0.4375
14.281,-0.4375,0.8125,0.4375
14.312,-0.4375,0.8125,0.453125
14.343,-0.4375,0.796875,0.453125
14.375,-0.46875,0.796875,0.4375
14.406,-0.4375,0.796875,0.453125
14.437,-0.421875,0.796875,0.4375
14.468,-0.421875,0.78125,0.4375
14.500,-0.453125,0.78125,0.453125
14.531,-0.46875,0.78125,0.453125
14.562,-0.46875,0.796875,0.484375
14.593,-0.453125,0.796875,0.484375
14.625,-0.421875,0.796875,0.5
14.656,-0.40625,0.75,0.453125
14.687,-0.4375,0.734375,0.4375
14.718,-0.46875,0.78125,0.453125
14.750,-0.46875,0.8125,0.46875
14.781,-0.46875,0.828125,0.484375
14.812,-0.4375,0.796875,0.484375
14.843,-0.4375,0.8125,0.46875
14.875,-0.40625,0.8125,0.46875
14.906,-0.375,0.8125,0.46875
14.937,-0.375,0.796875,0.453125
14.968,-0.453125,0.796875,0.453125
15.000,-0.453125,0.8125,0.5
15.031,-0.453125,0.796875,0.515625
15.062,-0.4375,0.75,0.484375
15.093,-0.484375,0.75,0.4375
15.125,-0.484375,0.671875,0.515625
15.156,-0.484375,0.6875,0.546875
15.187,-0.546875,0.78125,0.46875
15.218,-0.5,0.75,0.46875
15.250,-0.453125,0.75,0.5
15.281,-0.421875,0.8125,0.515625
15.312,-0.390625,0.828125,0.53125
15.343,-0.421875,0.796875,0.5
15.375,-0.546875,0.8125,0.421875
15.406,-0.53125,0.8125,0.4375
15.437,-0.484375,0.78125,0.390625
15.468,-0.484375,0.765625,0.375
15.500,-0.453125,0.75,0.390625
15.531,-0.4375,0.71875,0.40625
15.562,-0.4375,0.734375,0.390625
15.593,-0.40625,0.78125,0.40625
15.625,-0.390625,0.765625,0.5
15.656,-0.421875,0.71875,0.5625
15.687,-0.640625,0.84375,0.46875
15.718,-0.625,0.84375,0.421875
15.750,-0.625,0.796875,0.390625
15.781,-0.453125,0.6875,0.40625
15.812,-0.40625,0.65625,0.390625
15.843,-0.40625,0.71875,0.421875
15.875,-0.46875,0.765625,0.484375
15.906,-0.515625,0.796875,0.515625
15.937,-0.578125,0.6875,0.453125
15.968,-0.578125,0.640625,0.40625
16.000,-0.625,0.609375,0.390625
16.031,-0.65625,0.640625,0.390625
16.062,-0.703125,0.6875,0.40625
16.093,-0.71875,0.765625,0.421875
16.125,-0.65625,0.765625,0.453125
16.156,-0.59375,0.734375,0.421875
16.187,-0.625,0.734375,0.390625
16.218,-0.609375,0.71875,0.390625
16.250,-0.59375,0.734375,0.421875
16.281,-0.59375,0.75,0.4375
16.312,-0.546875,0.765625,0.453125
16.343,-0.515625,0.75,0.421875
16.375,-0.53125,0.734375,0.421875
16.406,-0.578125,0.71875,0.421875
16.437,-0.59375,0.734375,0.4375
16.468,-0.578125,0.71875,0.421875
16.500,-0.5625,0.734375,0.40625
16.531,-0.5625,0.734375,0.390625
16.562,-0.53125,0.75,0.421875
16.593,-0.53125,0.75,0.40625
16.625,-0.546875,0.75,0.40625
16.656,-0.546875,0.765625,0.421875
16.687,-0.53125,0.765625,0.421875
16.718,-0.53125,0.78125,0.421875
16.750,-0.546875,0.765625,0.390625
16.781,-0.546875,0.765625,0.390625
16.812,-0.546875,0.765625,0.40625
16.843,-0.546875,0.765625,0.40625
16.875,-0.546875,0.765625,0.40625
16.906,-0.546875,0.765625,0.390625
16.937,-0.53125,0.765625,0.390625
16.968,-0.53125,0.765625,0.390625
17.000,-0.546875,0.765625,0.390625
17.031,-0.546875,0.78125,0.390625
17.062,-0.53125,0.78125,0.390625
17.093,-0.53125,0.78125,0.390625
17.125,-0.53125,0.765625,0.390625
17.156,-0.53125,0.765625,0.390625
17.187,-0.53125,0.765625,0.390625
17.218,-0.546875,0.765625,0.390625
17.250,-0.546875,0.78125,0.390625
17.281,-0.546875,0.78125,0.390625
17.312,-0.53125,0.78125,0.390625
17.343,-0.53125,0.765625,0.390625
17.375,-0.546875,0.765625,0.390625
17.406,-0.53125,0.78125,0.390625
17.437,-0.53125,0.78125,0.390625
17.468,-0.53125,0.78125,0.390625
17.500,-0.53125,0.78125,0.390625
17.531,-0.53125,0.765625,0.390625
17.562,-0.53125,0.78125,0.390625
17.593,-0.53125,0.78125,0.390625
17.625,-0.53125,0.78125,0.390625
17.656,-0.53125,0.78125,0.390625
17.687,-0.53125,0.765625,0.390625
17.718,-0.53125,0.78125,0.390625
17.750,-0.53125,0.78125,0.390625
17.781,-0.53125,0.78125,0.390625
17.812,-0.53125,0.78125,0.390625
17.843,-0.53125,0.78125,0.390625
17.875,-0.53125,0.78125,0.390625
17.906,-0.53125,0.78125,0.390625
17.937,-0.53125,0.78125,0.390625
17.968,-0.53125,0.78125,0.390625
18.000,-0.53125,0.78125,0.390625
18.031,-0.53125,0.78125,0.390625
18.062,-0.53125,0.78125,0.390625
18.093,-0.515625,0.78125,0.390625
18.125,-0.515625,0.78125,0.390625
18.156,-0.53125,0.78125,0.390625
18.187,-0.53125,0.78125,0.390625
18.218,-0.53125,0.78125,0.390625
18.250,-0.515625,0.78125,0.390625
18.281,-0.53125,0.78125,0.390625
18.312,-0.53125,0.78125,0.390625
18.343,-0.53125,0.78125,0.390625
18.375,-0.515625,0.78125,0.390625
18.406,-0.515625,0.78125,0.390625
18.437,-0.53125,0.78125,0.390625
18.468,-0.53125,0.78125,0.390625
18.500,-0.515625,0.78125,0.390625
18.531,-0.53125,0.78125,0.390625
18.562,-0.53125,0.78125,0.390625
18.593,-0.515625,0.78125,0.390625
18.625,-0.515625,0.78125,0.390625
18.656,-0.515625,0.78125,0.390625
18.687,-0.515625,0.78125,0.390625
18.718,-0.515625,0.78125,0.390625
18.750,-0.515625,0.78125,0.390625
18.781,-0.515625,0.78125,0.390625
18.812,-0.515625,0.78125,0.40625
18.843,-0.515625,0.78125,0.390625
18.875,-0.515625,0.78125,0.390625
18.906,-0.5,0.78125,0.390625
18.937,-0.515625,0.78125,0.390625
18.968,-0.515625,0.78125,0.390625
19.000,-0.515625,0.796875,0.40625
19.031,-0.515625,0.78125,0.40625
19.062,-0.515625,0.78125,0.390625
19.093,-0.515625,0.78125,0.390625
19.125,-0.515625,0.78125,0.390625
19.156,-0.515625,0.78125,0.40625
19.187,-0.515625,0.796875,0.390625
19.218,-0.515625,0.796875,0.40625
19.250,-0.5,0.796875,0.40625
19.281,-0.515625,0.78125,0.390625
19.312,-0.515625,0.796875,0.40625
19.343,-0.515625,0.78125,0.40625
19.375,-0.515625,0.78125,0.390625
19.406,-0.515625,0.78125,0.390625
19.437,-0.515625,0.78125,0.390625
19.468,-0.5,0.78125,0.40625
19.500,-0.515625,0.78125,0.40625
19.531,-0.515625,0.78125,0.390625
19.562,-0.515625,0.796875,0.390625
19.593,-0.515625,0.78125,0.390625
19.625,-0.515625,0.78125,0.390625
19.656,-0.515625,0.796875,0.390625
19.687,-0.515625,0.78125,0.390625
19.718,-0.515625,0.796875,0.40625
19.750,-0.515625,0.78125,0.390625
19.781,-0.515625,0.78125,0.390625
19.812,-0.515625,0.78125,0.390625
19.843,-0.515625,0.78125,0.40625
19.875,-0.515625,0.78125,0.390625
19.906,-0.515625,0.78125,0.390625
19.937,-0.515625,0.796875,0.390625
19.968,-0.515625,0.78125,0.390625
20.000,-0.515625,0.78125,0.390625
20.031,-0.515625,0.796875,0.390625
20.062,-0.515625,0.796875,0.390625
20.093,-0.515625,0.796875,0.40625
20.125,-0.515625,0.78125,0.40625
20.156,-0.515625,0.78125,0.390625
20.187,-0.515625,0.78125,0.390625
20.218,-0.515625,0.78125,0.390625
20.250,-0.515625,0.796875,0.390625
20.281,-0.515625,0.78125,0.390625
20.312,-0.5,0.78125,0.40625
20.343,-0.5,0.796875,0.390625
20.375,-0.515625,0.796875,0.390625
20.406,-0.515625,0.796875,0.390625
20.437,-0.515625,0.78125,0.390625
20.468,-0.515625,0.78125,0.390625
20.500,-0.515625,0.78125,0.390625
20.531,-0.515625,0.78125,0.40625
20.562,-0.515625,0.796875,0.390625
20.593,-0.5,0.78125,0.390625
20.625,-0.5,0.796875,0.390625
20.656,-0.515625,0.78125,0.390625
20.687,-0.515625,0.796875,0.390625
20.718,-0.5,0.78125,0.390625
20.750,-0.515625,0.78125,0.390625
20.781,-0.5,0.78125,0.390625
20.812,-0.5,0.796875,0.390625
20.843,-0.515625,0.796875,0.390625
20.875,-0.515625,0.796875,0.390625
20.906,-0.515625,0.78125,0.390625
20.937,-0.515625,0.78125,0.390625
20.968,-0.5,0.78125,0.390625
21.000,-0.515625,0.78125,0.390625
21.031,-0.515625,0.796875,0.390625
21.062,-0.5,0.796875,0.40625
21.093,-0.515625,0.796875,0.40625
21.125,-0.515625,0.796875,0.390625
21.156,-0.515625,0.796875,0.390625
21.187,-0.515625,0.78125,0.390625
21.218,-0.515625,0.78125,0.390625
21.250,-0.5,0.78125,0.390625
21.281,-0.515625,0.796875,0.390625
21.312,-0.515625,0.796875,0.390625
21.343,-0.515625,0.796875,0.390625
21.375,-0.515625,0.78125,0.390625
21.406,-0.5,0.796875,0.40625
21.437,-0.515625,0.796875,0.390625
21.468,-0.515625,0.796875,0.390625
21.500,-0.515625,0.796875,0.390625
21.531,-0.515625,0.78125,0.390625
21.562,-0.515625,0.796875,0.390625
21.593,-0.5,0.78125,0.390625
21.625,-0.5,0.78125,0.390625
21.656,-0.515625,0.796875,0.390625
21.687,-0.5,0.796875,0.40625
21.718,-0.5,0.78125,0.390625
21.750,-0.5,0.78125,0.390625
21.781,-0.484375,0.78125,0.390625
21.812,-0.515625,0.796875,0.40625
21.843,-0.515625,0.796875,0.390625
21.875,-0.515625,0.796875,0.390625
21.906,-0.515625,0.78125,0.390625
21.937,-0.5,0.78125,0.390625
21.968,-0.484375,0.78125,0.390625
22.000,-0.5,0.796875,0.390625
22.031,-0.5,0.796875,0.390625
22.062,-0.5,0.796875,0.390625
22.093,-0.515625,0.78125,0.390625
22.125,-0.515625,0.796875,0.390625
22.156,-0.5,0.796875,0.390625
22.187,-0.5,0.796875,0.390625
22.218,-0.5,0.796875,0.390625
22.250,-0.5,0.796875,0.390625
22.281,-0.5,0.78125,0.390625
22.312,-0.515625,0.796875,0.390625
22.343,-0.515625,0.796875,0.390625
22.375,-0.515625,0.796875,0.390625
22.406,-0.515625,0.796875,0.390625
22.437,-0.5,0.796875,0.390625
22.468,-0.5,0.796875,0.390625
22.500,-0.5,0.796875,0.40625
22.531,-0.5,0.78125,0.390625
22.562,-0.5,0.78125,0.390625
22.593,-0.515625,0.796875,0.390625
22.625,-0.515625,0.78125,0.390625
22.656,-0.515625,0.796875,0.390625
22.687,-0.5,0.796875,0.390625
22.718,-0.5,0.796875,0.390625
22.750,-0.5,0.796875,0.390625
22.781,-0.5,0.796875,0.390625
22.812,-0.5,0.796875,0.390625
22.843,-0.5,0.796875,0.390625
22.875,-0.5,0.796875,0.390625
22.906,-0.5,0.796875,0.390625
22.937,-0.5,0.796875,0.390625
22.968,-0.5,0.796875,0.390625
23.000,-0.5,0.796875,0.390625
23.031,-0.5,0.796875,0.390625
23.062,-0.5,0.796875,0.390625
23.093,-0.5,0.796875,0.390625
23.125,-0.5,0.796875,0.390625
23.156,-0.5,0.796875,0.390625
23.187,-0.5,0.796875,0.390625
23.218,-0.5,0.796875,0.390625
23.250,-0.5,0.796875,0.390625
23.281,-0.5,0.796875,0.390625
23.312,-0.5,0.796875,0.390625
23.343,-0.5,0.796875,0.390625
23.375,-0.5,0.796875,0.390625
23.406,-0.5,0.796875,0.390625
23.437,-0.515625,0.796875,0.390625
23.468,-0.5,0.796875,0.390625
23.500,-0.5,0.796875,0.390625
23.531,-0.5,0.796875,0.390625
23.562,-0.5,0.78125,0.390625
23.593,-0.5,0.796875,0.390625
23.625,-0.515625,0.796875,0.390625
23.656,-0.5,0.796875,0.390625
23.687,-0.5,0.78125,0.390625
23.718,-0.515625,0.796875,0.390625
23.750,-0.5,0.796875,0.390625
23.781,-0.5,0.796875,0.390625
23.812,-0.5,0.796875,0.390625
23.843,-0.5,0.796875,0.390625
23.875,-0.5,0.796875,0.390625
23.906,-0.5,0.796875,0.390625
23.937,-0.5,0.796875,0.40625
23.968,-0.5,0.796875,0.390625
24.000,-0.5,0.796875,0.390625
24.031,-0.5,0.796875,0.390625
24.062,-0.5,0.796875,0.390625
24.093,-0.5,0.796875,0.390625
24.125,-0.5,0.796875,0.390625
24.156,-0.5,0.796875,0.390625
24.187,-0.5,0.796875,0.40625
24.218,-0.5,0.796875,0.390625
24.250,-0.5,0.796875,0.390625
24.281,-0.5,0.796875,0.390625
24.312,-0.5,0.796875,0.390625
24.343,-0.515625,0.796875,0.390625
24.375,-0.5,0.796875,0.390625
24.406,-0.515625,0.796875,0.390625
24.437,-0.5,0.796875,0.390625
24.468,-0.5,0.796875,0.390625
24.500,-0.5,0.796875,0.390625
24.531,-0.5,0.796875,0.390625
24.562,-0.5,0.796875,0.390625
24.593,-0.5,0.796875,0.390625
24.625,-0.5,0.796875,0.390625
24.656,-0.5,0.796875,0.390625
24.687,-0.5,0.796875,0.390625
24.718,-0.5,0.78125,0.390625
24.750,-0.515625,0.796875,0.390625
24.781,-0.515625,0.796875,0.40625
24.812,-0.5,0.796875,0.390625
24.843,-0.5,0.796875,0.390625
24.875,-0.484375,0.796875,0.390625
24.906,-0.5,0.796875,0.390625
24.937,-0.515625,0.796875,0.390625
24.968,-0.515625,0.8125,0.390625
25.000,-0.5625,0.859375,0.390625
25.031,-0.5625,0.84375,0.40625
25.062,-0.6875,0.859375,0.453125
25.093,-0.734375,0.9375,0.515625
25.125,-0.75,0.9375,0.609375
25.156,-0.6875,0.890625,0.625
25.187,-0.703125,0.890625,0.59375
25.218,-0.640625,0.875,0.609375
25.250,-0.828125,0.765625,0.421875
25.281,-0.96875,0.6875,0.3125
25.312,-1.078125,0.515625,0.265625
25.343,-1.03125,0.421875,0.28125
25.375,-0.953125,0.28125,0.203125
25.406,-0.875,0.1875,0.140625
25.437,-0.859375,0.140625,0.078125
25.468,-0.8125,-0.078125,0.03125
25.500,-0.78125,-0.140625,0.03125
25.531,-0.796875,-0.15625,0.015625
25.562,-0.71875,-0.40625,0.140625
25.593,-0.671875,-0.3125,0.140625
25.625,-0.703125,-0.46875,0.171875
25.656,-0.71875,-0.5,0.09375
25.687,-0.640625,-0.53125,-0.03125
25.718,-0.78125,-0.65625,-0.015625
25.750,-0.625,-0.6875,0.078125
25.781,-0.46875,-0.765625,-0.015625
25.812,-0.484375,-0.796875,0.0
25.843,-0.484375,-0.796875,0.015625
25.875,-0.4375,-0.828125,0.078125
25.906,-0.484375,-0.8125,0.09375
25.937,-0.59375,-0.765625,0.15625
25.968,-0.625,-0.75,0.078125
26.000,-0.625,-0.75,0.046875
26.031,-0.6875,-0.75,0.046875
26.062,-0.671875,-0.75,0.0625
26.093,-0.671875,-0.765625,0.0
26.125,-0.625,-0.796875,0.03125
26.156,-0.625,-0.796875,0.046875
26.187,-0.65625,-0.78125,0.046875
26.218,-0.625,-0.765625,0.03125
26.250,-0.640625,-0.765625,0.015625
26.281,-0.65625,-0.765625,0.0625
26.312,-0.640625,-0.765625,0.09375
26.343,-0.609375,-0.765625,0.0625
26.375,-0.609375,-0.75,0.078125
26.406,-0.640625,-0.765625,0.046875
26.437,-0.65625,-0.75,0.015625
26.468,-0.65625,-0.75,0.015625
26.500,-0.640625,-0.765625,0.078125
26.531,-0.640625,-0.75,0.046875
26.562,-0.65625,-0.734375,-0.03125
26.593,-0.671875,-0.75,0.015625
26.625,-0.6875,-0.71875,0.0
26.656,-0.71875,-0.703125,0.0
26.687,-0.734375,-0.6875,-0.046875
26.718,-0.71875,-0.703125,-0.0625
26.750,-0.71875,-0.734375,0.0
26.781,-0.703125,-0.71875,-0.015625
26.812,-0.71875,-0.71875,-0.015625
26.843,-0.71875,-0.703125,-0.015625
26.875,-0.703125,-0.703125,0.0
26.906,-0.703125,-0.703125,0.0
26.937,-0.71875,-0.71875,0.0
26.968,-0.6875,-0.703125,-0.046875
27.000,-0.671875,-0.71875,0.0
27.031,-0.6875,-0.71875,0.015625
27.062,-0.703125,-0.703125,0.015625
27.093,-0.703125,-0.6875,-0.03125
27.125,-0.703125,-0.703125,0.0
27.156,-0.703125,-0.703125,0.015625
27.187,-0.75,-0.703125,-0.046875
27.218,-0.71875,-0.703125,-0.03125
27.250,-0.71875,-0.71875,0.015625
27.281,-0.6875,-0.6875,-0.046875
27.312,-0.734375,-0.703125,-0.03125
27.343,-0.71875,-0.703125,-0.046875
27.375,-0.6875,-0.703125,-0.03125
27.406,-0.703125,-0.703125,-0.046875
27.437,-0.703125,-0.6875,-0.046875
27.468,-0.71875,-0.6875,-0.046875
27.500,-0.71875,-0.6875,-0.03125
27.531,-0.734375,-0.6875,-0.046875
27.562,-0.765625,-0.6875,-0.046875
27.593,-0.75,-0.6875,-0.0625
27.625,-0.734375,-0.6875,-0.046875
27.656,-0.75,-0.6875,-0.0625
27.687,-0.734375,-0.6875,-0.03125
27.718,-0.734375,-0.703125,0.0
27.750,-0.71875,-0.703125,0.015625
27.781,-0.671875,-0.703125,0.03125
27.812,-0.6875,-0.6875,0.078125
27.843,-0.703125,-0.6875,0.078125
27.875,-0.703125,-0.6875,0.046875
27.906,-0.71875,-0.6875,0.046875
27.937,-0.71875,-0.703125,0.03125
27.968,-0.71875,-0.6875,0.0
28.000,-0.734375,-0.6875,0.015625
28.031,-0.71875,-0.6875,0.03125
28.062,-0.734375,-0.6875,0.03125
28.093,-0.71875,-0.6875,0.046875
28.125,-0.71875,-0.6875,0.0625
28.156,-0.703125,-0.6875,0.0625
28.187,-0.703125,-0.6875,0.078125
28.218,-0.71875,-0.6875,0.0625
28.250,-0.71875,-0.6875,0.046875
28.281,-0.734375,-0.703125,0.046875
28.312,-0.734375,-0.703125,0.0625
28.343,-0.71875,-0.703125,0.0625
28.375,-0.71875,-0.6875,0.0625
28.406,-0.703125,-0.71875,0.09375
28.437,-0.703125,-0.6875,0.0625
28.468,-0.71875,-0.671875,0.03125
28.500,-0.703125,-0.6875,0.046875
28.531,-0.71875,-0.6875,0.0625
28.562,-0.734375,-0.671875,0.046875
28.593,-0.734375,-0.671875,0.0625
28.625,-0.75,-0.6875,0.078125
28.656,-0.734375,-0.671875,0.0625
28.687,-0.734375,-0.671875,0.078125
28.718,-0.734375,-0.6875,0.0625
28.750,-0.734375,-0.6875,0.0625
28.781,-0.75,-0.671875,0.0625
28.812,-0.734375,-0.671875,0.046875
28.843,-0.71875,-0.6875,0.0625
28.875,-0.71875,-0.671875,0.078125
28.906,-0.75,-0.671875,0.078125
28.937,-0.75,-0.65625,0.078125
28.968,-0.75,-0.671875,0.09375
29.000,-0.75,-0.671875,0.109375
29.031,-0.75,-0.671875,0.09375
29.062,-0.71875,-0.65625,0.09375
29.093,-0.703125,-0.6875,0.109375
29.125,-0.75,-0.6875,0.09375
29.156,-0.828125,-0.65625,0.0625
29.187,-0.75,-0.65625,0.09375
29.218,-0.71875,-0.65625,0.09375
29.250,-0.703125,-0.65625,0.09375
29.281,-0.71875,-0.671875,0.09375
29.312,-0.703125,-0.671875,0.109375
29.343,-0.765625,-0.65625,0.09375
29.375,-0.78125,-0.640625,0.078125
29.406,-0.78125,-0.65625,0.09375
29.437,-0.75,-0.65625,0.09375
29.468,-0.75,-0.65625,0.109375
29.500,-0.765625,-0.65625,0.109375
29.531,-0.734375,-0.65625,0.109375
29.562,-0.734375,-0.65625,0.109375
29.593,-0.75,-0.65625,0.109375
29.625,-0.75,-0.65625,0.125
29.656,-0.734375,-0.65625,0.140625
29.687,-0.765625,-0.640625,0.109375
29.718,-0.734375,-0.640625,0.125
29.750,-0.75,-0.640625,0.140625
29.781,-0.75,-0.640625,0.125
29.812,-0.78125,-0.640625,0.140625
29.843,-0.734375,-0.640625,0.125
29.875,-0.75,-0.640625,0.15625
29.906,-0.765625,-0.640625,0.140625
29.937,-0.75,-0.640625,0.125
29.968,-0.75,-0.625,0.125
30.000,-0.765625,-0.640625,0.09375
30.031,-0.796875,-0.640625,0.09375
30.062,-0.796875,-0.625,0.109375
30.093,-0.78125,-0.625,0.125
30.125,-0.765625,-0.625,0.125
30.156,-0.765625,-0.625,0.125
30.187,-0.765625,-0.625,0.125
30.218,-0.78125,-0.625,0.125
30.250,-0.75,-0.625,0.109375
30.281,-0.78125,-0.625,0.140625
30.312,-0.765625,-0.640625,0.109375
30.343,-0.78125,-0.625,0.109375
30.375,-0.734375,-0.640625,0.125
30.406,-0.78125,-0.625,0.078125
30.437,-0.765625,-0.625,0.0625
30.468,-0.765625,-0.625,0.046875
30.500,-0.796875,-0.640625,0.046875
30.531,-0.78125,-0.640625,0.0625
30.562,-0.78125,-0.609375,0.078125
30.593,-0.796875,-0.609375,0.078125
30.625,-0.8125,-0.609375,0.015625
30.656,-0.8125,-0.625,0.03125
30.687,-0.8125,-0.625,0.046875
30.718,-0.8125,-0.625,0.015625
30.750,-0.78125,-0.625,0.046875
30.781,-0.78125,-0.609375,0.015625
30.812,-0.78125,-0.625,0.0625
30.843,-0.75,-0.625,0.0625
30.875,-0.796875,-0.625,0.03125
30.906,-0.796875,-0.625,0.046875
30.937,-0.765625,-0.609375,0.03125
30.968,-0.796875,-0.625,0.03125
31.000,-0.796875,-0.625,0.046875
31.031,-0.796875,-0.609375,0.03125
31.062,-0.8125,-0.625,0.046875
31.093,-0.765625,-0.609375,0.03125
31.125,-0.796875,-0.609375,0.03125
31.156,-0.765625,-0.609375,0.015625
31.187,-0.78125,-0.625,0.03125
31.218,-0.8125,-0.609375,0.03125
31.250,-0.796875,-0.609375,0.015625
31.281,-0.796875,-0.609375,-0.03125
31.312,-0.78125,-0.625,0.03125
31.343,-0.78125,-0.609375,0.046875
31.375,-0.78125,-0.59375,0.046875
31.406,-0.78125,-0.609375,0.046875
31.437,-0.796875,-0.609375,0.015625
31.468,-0.796875,-0.625,0.03125
31.500,-0.78125,-0.625,0.046875
31.531,-0.78125,-0.609375,0.046875
31.562,-0.78125,-0.625,0.0625
31.593,-0.765625,-0.625,0.046875
31.625,-0.78125,-0.625,0.046875
31.656,-0.78125,-0.625,0.0625
31.687,-0.78125,-0.625,0.0625
31.718,-0.78125,-0.625,0.046875
31.750,-0.828125,-0.625,0.015625
31.781,-0.703125,-0.640625,0.171875
31.812,-0.75,-0.625,0.109375
31.843,-0.75,-0.640625,0.078125
31.875,-0.765625,-0.625,0.09375
31.906,-0.78125,-0.625,0.078125
31.937,-0.78125,-0.625,0.046875
31.968,-0.78125,-0.625,0.078125
32.000,-0.796875,-0.625,0.078125
32.031,-0.796875,-0.625,0.046875
32.062,-0.765625,-0.625,0.0625
32.093,-0.78125,-0.625,0.078125
32.125,-0.78125,-0.609375,0.046875
32.156,-0.796875,-0.625,0.09375
32.187,-0.78125,-0.625,0.078125
32.218,-0.75,-0.625,0.03125
32.250,-0.75,-0.640625,0.109375
32.281,-0.75,-0.625,0.109375
32.312,-0.75,-0.609375,0.046875
32.343,-0.8125,-0.625,0.046875
32.375,-0.796875,-0.640625,0.03125
32.406,-0.734375,-0.625,0.09375
32.437,-0.796875,-0.609375,0.109375
32.468,-0.765625,-0.609375,0.109375
32.500,-0.78125,-0.609375,0.078125
32.531,-0.765625,-0.625,0.078125
32.562,-0.796875,-0.625,0.078125
32.593,-0.796875,-0.625,0.0625
32.625,-0.78125,-0.625,0.0625
32.656,-0.78125,-0.625,0.078125
32.687,-0.765625,-0.625,0.09375
32.718,-0.78125,-0.625,0.09375
32.750,-0.78125,-0.625,0.078125
32.781,-0.78125,-0.625,0.078125
32.812,-0.78125,-0.625,0.09375
32.843,-0.78125,-0.625,0.109375
32.875,-0.78125,-0.625,0.09375
32.906,-0.765625,-0.625,0.09375
32.937,-0.78125,-0.609375,0.109375
32.968,-0.78125,-0.625,0.109375
33.000,-0.78125,-0.609375,0.109375
33.031,-0.78125,-0.609375,0.09375
33.062,-0.78125,-0.625,0.109375
33.093,-0.78125,-0.625,0.09375
33.125,-0.78125,-0.609375,0.09375
33.156,-0.78125,-0.625,0.09375
33.187,-0.78125,-0.625,0.09375
33.218,-0.78125,-0.625,0.09375
33.250,-0.78125,-0.625,0.09375
33.281,-0.78125,-0.609375,0.109375
33.312,-0.78125,-0.625,0.09375
33.343,-0.78125,-0.625,0.09375
33.375,-0.78125,-0.609375,0.09375
33.406,-0.78125,-0.609375,0.09375
33.437,-0.78125,-0.609375,0.09375
33.468,-0.796875,-0.625,0.09375
33.500,-0.78125,-0.609375,0.09375
33.531,-0.78125,-0.609375,0.09375
33.562,-0.78125,-0.625,0.09375
33.593,-0.78125,-0.625,0.09375
33.625,-0.78125,-0.609375,0.09375
33.656,-0.78125,-0.609375,0.09375
33.687,-0.78125,-0.609375,0.09375
33.718,-0.796875,-0.609375,0.109375
33.750,-0.78125,-0.609375,0.09375
33.781,-0.796875,-0.625,0.09375
33.812,-0.796875,-0.609375,0.09375
33.843,-0.78125,-0.609375,0.09375
33.875,-0.78125,-0.609375,0.09375
33.906,-0.78125,-0.609375,0.09375
33.937,-0.78125,-0.609375,0.09375
33.968,-0.78125,-0.625,0.09375
34.000,-0.78125,-0.625,0.09375
34.031,-0.78125,-0.609375,0.09375
34.062,-0.78125,-0.609375,0.09375
34.093,-0.78125,-0.609375,0.109375
34.125,-0.78125,-0.609375,0.09375
34.156,-0.78125,-0.609375,0.09375
34.187,-0.78125,-0.609375,0.09375
34.218,-0.796875,-0.609375,0.09375
34.250,-0.796875,-0.609375,0.09375
34.281,-0.78125,-0.609375,0.09375
34.312,-0.78125,-0.609375,0.09375
34.343,-0.78125,-0.609375,0.09375
34.375,-0.78125,-0.609375,0.09375
34.406,-0.796875,-0.609375,0.09375
34.437,-0.796875,-0.609375,0.09375
34.468,-0.796875,-0.609375,0.09375
34.500,-0.796875,-0.609375,0.09375
34.531,-0.796875,-0.609375,0.09375
34.562,-0.796875,-0.609375,0.09375
34.593,-0.78125,-0.609375,0.09375
34.625,-0.78125,-0.609375,0.09375
34.656,-0.78125,-0.609375,0.09375
34.687,-0.796875,-0.609375,0.09375
34.718,-0.796875,-0.609375,0.09375
34.750,-0.796875,-0.609375,0.09375
34.781,-0.796875,-0.609375,0.09375
34.812,-0.796875,-0.609375,0.09375
34.843,-0.796875,-0.609375,0.109375
34.875,-0.78125,-0.609375,0.109375
34.906,-0.796875,-0.609375,0.09375
34.937,-0.796875,-0.609375,0.09375
34.968,-0.796875,-0.609375,0.09375
35.000,-0.78125,-0.625,0.125
35.031,-0.765625,-0.609375,0.09375
35.062,-0.84375,-0.609375,0.0625
35.093,-0.796875,-0.625,0.109375
35.125,-0.765625,-0.609375,0.109375
35.156,-0.765625,-0.59375,0.078125
35.187,-0.765625,-0.609375,0.125
35.218,-0.78125,-0.609375,0.125
35.250,-0.796875,-0.609375,0.09375
35.281,-0.8125,-0.609375,0.09375
35.312,-0.78125,-0.609375,0.109375
35.343,-0.796875,-0.625,0.125
35.375,-0.765625,-0.625,0.109375
35.406,-0.765625,-0.625,0.125
35.437,-0.734375,-0.640625,0.140625
35.468,-0.796875,-0.640625,0.09375
35.500,-0.765625,-0.640625,0.109375
35.531,-0.78125,-0.625,0.109375
35.562,-0.765625,-0.609375,0.109375
35.593,-0.765625,-0.609375,0.125
35.625,-0.765625,-0.625,0.125
35.656,-0.78125,-0.625,0.140625
35.687,-0.78125,-0.625,0.125
35.718,-0.78125,-0.625,0.125
35.750,-0.765625,-0.609375,0.109375
35.781,-0.765625,-0.609375,0.125
35.812,-0.78125,-0.609375,0.140625
35.843,-0.796875,-0.609375,0.125
35.875,-0.78125,-0.59375,0.125
35.906,-0.8125,-0.59375,0.125
35.937,-0.8125,-0.59375,0.125
35.968,-0.8125,-0.59375,0.125
36.000,-0.8125,-0.59375,0.125
36.031,-0.8125,-0.59375,0.109375
36.062,-0.8125,-0.578125,0.109375
36.093,-0.8125,-0.578125,0.109375
36.125,-0.8125,-0.578125,0.109375
36.156,-0.8125,-0.578125,0.109375
36.187,-0.796875,-0.578125,0.125
36.218,-0.78125,-0.578125,0.125
36.250,-0.765625,-0.59375,0.125
36.281,-0.734375,-0.59375,0.109375
36.312,-0.671875,-0.546875,0.125
36.343,-0.625,-0.53125,0.125
36.375,-0.5625,-0.5,0.09375
36.406,-0.484375,-0.484375,0.125
36.437,-0.421875,-0.4375,0.109375
36.468,-0.328125,-0.140625,0.1875
36.500,-0.375,0.03125,0.1875
36.531,-0.5,0.390625,0.296875
36.562,-0.671875,0.484375,0.328125
36.593,-0.78125,0.546875,0.328125
36.625,-0.953125,0.828125,0.546875
36.656,-0.953125,0.984375,0.734375
36.687,-1.140625,0.96875,0.71875
36.718,-1.3125,1.0625,0.5625
36.750,-1.171875,1.078125,0.734375
36.781,-1.140625,0.8125,0.5
36.812,-0.8125,0.671875,0.28125
36.843,-0.609375,0.6875,0.28125
36.875,-0.5625,0.734375,0.328125
36.906,-0.734375,0.765625,0.25
36.937,-0.5625,0.671875,0.265625
36.968,-0.625,0.765625,0.65625
37.000,-0.609375,0.6875,0.734375
37.031,-0.546875,0.609375,0.71875
37.062,-0.5,0.640625,0.71875
37.093,-0.578125,0.640625,0.6875
37.125,-0.578125,0.65625,0.75
37.156,-0.515625,0.625,0.765625
37.187,-0.484375,0.5,0.65625
37.218,-0.53125,0.40625,0.5625
37.250,-0.390625,0.40625,0.53125
37.281,-0.25,0.390625,0.46875
37.312,-0.25,0.40625,0.46875
37.343,-0.359375,0.59375,0.578125
37.375,-0.359375,0.703125,0.65625
37.406,-0.359375,0.6875,0.6875
37.437,-0.578125,0.828125,0.765625
37.468,-0.59375,0.796875,0.828125
37.500,-0.59375,0.78125,0.84375
37.531,-0.5,0.75,0.703125
37.562,-0.5,0.765625,0.671875
37.593,-0.4375,0.78125,0.65625
37.625,-0.421875,0.765625,0.65625
37.656,-0.625,0.671875,0.625
37.687,-0.546875,0.671875,0.6875
37.718,-0.421875,0.609375,0.703125
37.750,-0.5,0.625,0.734375
37.781,-0.25,0.453125,0.875
37.812,-0.234375,0.453125,0.875
37.843,0.0,0.3125,0.890625
37.875,0.046875,0.265625,0.90625
37.906,0.125,0.171875,0.84375
37.937,0.1875,0.109375,0.859375
37.968,0.171875,0.0625,0.859375
38.000,0.140625,0.0625,0.765625
38.031,0.15625,0.09375,0.703125
38.062,0.125,0.125,0.78125
38.093,0.0,0.125,0.921875
38.125,0.0,0.140625,0.953125
38.156,0.09375,0.15625,0.984375
38.187,0.078125,0.1875,1.0
38.218,0.109375,0.21875,1.015625
38.250,0.09375,0.25,1.015625
38.281,0.0625,0.28125,1.0625
38.312,0.140625,0.21875,1.015625
38.343,0.078125,0.203125,0.9375
38.375,0.09375,0.21875,0.9375
38.406,0.0625,0.234375,0.890625
38.437,0.046875,0.25,0.875
38.468,0.109375,0.25,1.015625
38.500,0.0625,0.25,0.953125
38.531,0.09375,0.25,0.9375
38.562,0.09375,0.28125,0.953125
38.593,0.09375,0.25,0.9375
38.625,0.078125,0.265625,0.953125
38.656,0.0625,0.25,0.953125
38.687,0.078125,0.25,0.953125
38.718,0.09375,0.265625,0.953125
38.750,0.09375,0.25,0.9375
38.781,0.078125,0.25,0.9375
38.812,0.078125,0.25,0.9375
38.843,0.078125,0.265625,0.953125
38.875,0.09375,0.265625,0.953125
38.906,0.078125,0.25,0.953125
38.937,0.09375,0.25,0.9375
38.968,0.078125,0.265625,0.9375
39.000,0.078125,0.25,0.9375
39.031,0.078125,0.265625,0.953125
39.062,0.09375,0.265625,0.9375
39.093,0.09375,0.265625,0.9375
39.125,0.09375,0.265625,0.9375
39.156,0.09375,0.265625,0.953125
39.187,0.09375,0.28125,0.953125
39.218,0.09375,0.265625,0.953125
39.250,0.09375,0.265625,0.9375
39.281,0.09375,0.265625,0.953125
39.312,0.09375,0.265625,0.953125
39.343,0.09375,0.265625,0.953125
39.375,0.109375,0.265625,0.921875
39.406,0.09375,0.265625,0.921875
39.437,0.109375,0.265625,0.9375
39.468,0.09375,0.265625,0.953125
39.500,0.09375,0.28125,0.953125
39.531,0.09375,0.25,0.953125
39.562,0.09375,0.25,0.953125
39.593,0.109375,0.265625,0.9375
39.625,0.109375,0.28125,0.9375
39.656,0.109375,0.265625,0.9375
39.687,0.09375,0.28125,0.9375
39.718,0.109375,0.265625,0.9375
39.750,0.09375,0.265625,0.953125
39.781,0.09375,0.28125,0.953125
39.812,0.09375,0.28125,0.953125
39.843,0.109375,0.265625,0.9375
39.875,0.09375,0.265625,0.9375
39.906,0.109375,0.265625,0.9375
39.937,0.109375,0.265625,0.9375
39.968,0.109375,0.265625,0.9375
40.000,0.109375,0.265625,0.921875
40.031,0.109375,0.265625,0.9375
40.062,0.109375,0.265625,0.9375
40.093,0.09375,0.265625,0.9375
40.125,0.109375,0.28125,0.953125
40.156,0.109375,0.265625,0.9375
40.187,0.109375,0.265625,0.9375
40.218,0.109375,0.265625,0.9375
40.250,0.109375,0.28125,0.9375
40.281,0.09375,0.28125,0.9375
40.312,0.09375,0.296875,0.953125
40.343,0.09375,0.28125,0.953125
40.375,0.09375,0.28125,0.953125
40.406,0.109375,0.265625,0.9375
40.437,0.109375,0.265625,0.921875
40.468,0.109375,0.28125,0.921875
40.500,0.109375,0.28125,0.953125
40.531,0.09375,0.28125,0.953125
40.562,0.109375,0.28125,0.9375
40.593,0.109375,0.265625,0.921875
40.625,0.109375,0.28125,0.9375
40.656,0.109375,0.28125,0.9375
40.687,0.109375,0.28125,0.9375
40.718,0.09375,0.28125,0.921875
40.750,0.109375,0.28125,0.953125
40.781,0.09375,0.28125,0.953125
40.812,0.09375,0.28125,0.9375
40.843,0.109375,0.28125,0.9375
40.875,0.109375,0.28125,0.9375
40.906,0.09375,0.265625,0.953125
40.937,0.09375,0.28125,0.953125
40.968,0.109375,0.265625,0.921875
41.000,0.09375,0.28125,0.9375
41.031,0.109375,0.265625,0.9375
41.062,0.09375,0.265625,0.9375
41.093,0.09375,0.265625,0.9375
41.125,0.109375,0.265625,0.921875
41.156,0.09375,0.265625,0.921875
41.187,0.109375,0.265625,0.921875
41.218,0.09375,0.265625,0.9375
41.250,0.109375,0.265625,0.953125
41.281,0.109375,0.28125,0.9375
41.312,0.109375,0.28125,0.953125
41.343,0.109375,0.296875,0.96875
41.375,0.125,0.265625,0.96875
41.406,0.09375,0.25,0.9375
41.437,0.109375,0.25,0.9375
41.468,0.109375,0.265625,0.953125
41.500,0.109375,0.265625,0.9375
41.531,0.109375,0.265625,0.9375
41.562,0.125,0.28125,0.9375
41.593,0.125,0.265625,0.9375
41.625,0.109375,0.265625,0.9375
41.656,0.109375,0.265625,0.953125
41.687,0.109375,0.265625,0.9375
41.718,0.109375,0.265625,0.9375
41.750,0.125,0.265625,0.9375
41.781,0.125,0.265625,0.9375
41.812,0.109375,0.265625,0.953125
41.843,0.109375,0.265625,0.953125
41.875,0.109375,0.28125,0.9375
41.906,0.125,0.265625,0.9375
41.937,0.109375,0.265625,0.9375
41.968,0.109375,0.265625,0.9375
42.000,0.109375,0.265625,0.9375
42.031,0.109375,0.265625,0.9375
42.062,0.109375,0.265625,0.9375
42.093,0.109375,0.265625,0.9375
42.125,0.109375,0.28125,0.953125
42.156,0.109375,0.265625,0.953125
42.187,0.109375,0.265625,0.9375
42.218,0.109375,0.265625,0.9375
42.250,0.109375,0.265625,0.9375
42.281,0.109375,0.265625,0.9375
42.312,0.125,0.265625,0.9375
42.343,0.109375,0.265625,0.9375
42.375,0.109375,0.265625,0.9375
42.406,0.109375,0.265625,0.9375
42.437,0.125,0.265625,0.9375
42.468,0.109375,0.28125,0.9375
42.500,0.109375,0.265625,0.9375
42.531,0.109375,0.265625,0.953125
42.562,0.125,0.265625,0.9375
42.593,0.109375,0.265625,0.953125
42.625,0.109375,0.265625,0.9375
42.656,0.109375,0.265625,0.9375
42.687,0.125,0.265625,0.9375
42.718,0.125,0.28125,0.9375
42.750,0.109375,0.265625,0.9375
42.781,0.125,0.265625,0.9375
42.812,0.125,0.265625,0.9375
42.843,0.125,0.265625,0.9375
42.875,0.125,0.265625,0.921875
42.906,0.125,0.25,0.921875
42.937,0.125,0.265625,0.921875
42.968,0.140625,0.265625,0.921875
43.000,0.140625,0.296875,0.953125
43.031,0.140625,0.28125,0.953125
43.062,0.140625,0.28125,0.953125
43.093,0.15625,0.265625,0.921875
43.125,0.15625,0.265625,0.921875
43.156,0.140625,0.296875,0.96875
43.187,0.140625,0.28125,0.953125
43.218,0.140625,0.265625,0.9375
43.250,0.15625,0.28125,0.921875
43.281,0.15625,0.265625,0.9375
43.312,0.140625,0.265625,0.9375
43.343,0.140625,0.265625,0.9375
43.375,0.15625,0.265625,0.921875
43.406,0.15625,0.265625,0.921875
43.437,0.140625,0.265625,0.9375
43.468,0.140625,0.265625,0.9375
43.500,0.15625,0.265625,0.921875
43.531,0.171875,0.265625,0.890625
43.562,0.171875,0.265625,0.90625
43.593,0.1875,0.25,0.890625
43.625,0.203125,0.25,0.875
43.656,0.21875,0.25,0.890625
43.687,0.234375,0.25,0.90625
43.718,0.15625,0.25,0.984375
43.750,0.140625,0.265625,1.0
43.781,0.140625,0.265625,0.984375
43.812,0.15625,0.265625,0.984375
43.843,0.15625,0.265625,0.953125
43.875,0.1875,0.265625,0.953125
43.906,0.1875,0.25,0.9375
43.937,0.1875,0.25,0.9375
43.968,0.1875,0.25,0.9375
44.000,0.1875,0.25,0.9375
44.031,0.1875,0.25,0.9375
44.062,0.1875,0.25,0.921875
44.093,0.1875,0.25,0.921875
44.125,0.1875,0.25,0.921875
44.156,0.1875,0.25,0.9375
44.187,0.1875,0.25,0.9375
44.218,0.1875,0.25,0.921875
44.250,0.1875,0.265625,0.9375
44.281,0.1875,0.265625,0.9375
44.312,0.1875,0.25,0.9375
44.343,0.1875,0.25,0.921875
44.375,0.203125,0.25,0.921875
44.406,0.1875,0.25,0.9375
44.437,0.1875,0.25,0.9375
44.468,0.1875,0.25,0.9375
44.500,0.1875,0.25,0.921875
44.531,0.1875,0.25,0.921875
44.562,0.1875,0.25,0.9375
44.593,0.1875,0.25,0.9375
44.625,0.1875,0.25,0.9375
44.656,0.1875,0.25,0.921875
44.687,0.1875,0.25,0.9375
44.718,0.1875,0.25,0.9375
44.750,0.1875,0.25,0.9375
44.781,0.203125,0.25,0.9375
44.812,0.1875,0.25,0.9375
44.843,0.1875,0.25,0.9375
44.875,0.1875,0.25,0.921875
44.906,0.1875,0.25,0.921875
44.937,0.1875,0.25,0.921875
44.968,0.1875,0.25,0.921875
45.000,0.1875,0.25,0.9375
45.031,0.1875,0.265625,0.9375
45.062,0.1875,0.25,0.9375
45.093,0.1875,0.25,0.9375
45.125,0.1875,0.25,0.921875
45.156,0.203125,0.25,0.9375
45.187,0.1875,0.25,0.921875
45.218,0.203125,0.265625,0.9375
45.250,0.1875,0.25,0.9375
45.281,0.1875,0.234375,0.9375
45.312,0.171875,0.234375,0.9375
45.343,0.1875,0.234375,0.921875
45.375,0.1875,0.234375,0.9375
45.406,0.171875,0.234375,0.953125
45.437,0.15625,0.25,0.9375
45.468,0.171875,0.234375,0.9375
45.500,0.171875,0.25,0.90625
45.531,0.171875,0.265625,0.921875
45.562,0.171875,0.25,0.953125
45.593,0.15625,0.25,0.96875
45.625,0.15625,0.25,0.953125
45.656,0.1875,0.265625,0.9375
45.687,0.171875,0.25,0.921875
45.718,0.1875,0.234375,0.9375
45.750,0.1875,0.234375,0.921875
45.781,0.15625,0.234375,0.921875
45.812,0.1875,0.234375,0.9375
45.843,0.171875,0.234375,0.9375
45.875,0.1875,0.25,0.921875
45.906,0.1875,0.25,0.9375
45.937,0.1875,0.25,0.9375
45.968,0.1875,0.25,0.9375
46.000,0.1875,0.25,0.9375
46.031,0.1875,0.265625,0.9375
46.062,0.1875,0.25,0.9375
46.093,0.171875,0.25,0.921875
46.125,0.1875,0.25,0.9375
46.156,0.171875,0.25,0.9375
46.187,0.1875,0.25,0.9375
46.218,0.171875,0.25,0.921875
46.250,0.171875,0.25,0.9375
46.281,0.1875,0.25,0.9375
46.312,0.1875,0.25,0.9375
46.343,0.171875,0.25,0.953125
46.375,0.171875,0.25,0.953125
46.406,0.171875,0.25,0.9375
46.437,0.171875,0.25,0.921875
46.468,0.171875,0.25,0.921875
46.500,0.171875,0.25,0.9375
46.531,0.171875,0.25,0.9375
46.562,0.171875,0.25,0.9375
46.593,0.171875,0.25,0.9375
46.625,0.171875,0.25,0.921875
46.656,0.171875,0.25,0.9375
46.687,0.171875,0.25,0.9375
46.718,0.171875,0.25,0.9375
46.750,0.171875,0.25,0.9375
46.781,0.171875,0.25,0.9375
46.812,0.171875,0.25,0.9375
46.843,0.171875,0.25,0.9375
46.875,0.171875,0.25,0.9375
46.906,0.171875,0.25,0.9375
46.937,0.171875,0.234375,0.9375
46.968,0.171875,0.234375,0.9375
47.000,0.171875,0.25,0.9375
47.031,0.171875,0.25,0.9375
47.062,0.171875,0.25,0.9375
47.093,0.171875,0.25,0.9375
47.125,0.171875,0.25,0.9375
47.156,0.171875,0.25,0.9375
47.187,0.171875,0.25,0.9375
47.218,0.171875,0.25,0.9375
47.250,0.171875,0.25,0.9375
47.281,0.171875,0.25,0.9375
47.312,0.15625,0.234375,0.9375
47.343,0.171875,0.234375,0.9375
47.375,0.171875,0.234375,0.921875
47.406,0.171875,0.25,0.9375
47.437,0.171875,0.234375,0.9375
47.468,0.171875,0.234375,0.9375
47.500,0.171875,0.234375,0.9375
47.531,0.171875,0.25,0.953125
47.562,0.171875,0.25,0.9375
47.593,0.171875,0.25,0.921875
47.625,0.171875,0.234375,0.9375
47.656,0.171875,0.234375,0.9375
47.687,0.171875,0.234375,0.9375
47.718,0.171875,0.234375,0.9375
47.750,0.171875,0.25,0.9375
47.781,0.171875,0.25,0.9375
47.812,0.171875,0.234375,0.9375
47.843,0.171875,0.25,0.953125
47.875,0.171875,0.25,0.9375
47.906,0.171875,0.25,0.9375
47.937,0.171875,0.25,0.9375
47.968,0.171875,0.25,0.9375
48.000,0.171875,0.234375,0.9375
48.031,0.171875,0.25,0.9375
48.062,0.171875,0.25,0.9375
48.093,0.171875,0.25,0.9375
48.125,0.171875,0.25,0.9375
48.156,0.171875,0.25,0.9375
48.187,0.171875,0.25,0.9375
48.218,0.171875,0.25,0.9375
48.250,0.171875,0.234375,0.9375
48.281,0.171875,0.25,0.9375
48.312,0.171875,0.25,0.9375
48.343,0.171875,0.25,0.9375
48.375,0.171875,0.25,0.9375
48.406,0.171875,0.25,0.9375
48.437,0.171875,0.25,0.9375
48.468,0.171875,0.25,0.9375
48.500,0.171875,0.25,0.9375
48.531,0.171875,0.25,0.9375
48.562,0.171875,0.25,0.9375
48.593,0.171875,0.25,0.9375
48.625,0.171875,0.25,0.9375
48.656,0.171875,0.25,0.9375
48.687,0.171875,0.25,0.9375
48.718,0.171875,0.25,0.9375
48.750,0.171875,0.25,0.9375
48.781,0.171875,0.25,0.9375
48.812,0.171875,0.25,0.9375
48.843,0.171875,0.25,0.9375
48.875,0.171875,0.25,0.9375
48.906,0.171875,0.25,0.9375
48.937,0.171875,0.25,0.9375
48.968,0.171875,0.25,0.9375
49.000,0.171875,0.25,0.9375
49.031,0.171875,0.25,0.9375
49.062,0.171875,0.25,0.9375
49.093,0.171875,0.25,0.9375
49.125,0.171875,0.25,0.9375
49.156,0.171875,0.25,0.9375
49.187,0.171875,0.25,0.9375
49.218,0.171875,0.25,0.9375
49.250,0.171875,0.25,0.9375
49.281,0.171875,0.25,0.9375
49.312,0.171875,0.25,0.9375
49.343,0.171875,0.25,0.9375
49.375,0.171875,0.25,0.9375
49.406,0.171875,0.25,0.9375
49.437,0.171875,0.25,0.9375
49.468,0.171875,0.25,0.921875
49.500,0.171875,0.25,0.9375
49.531,0.171875,0.25,0.9375
49.562,0.171875,0.25,0.9375
49.593,0.171875,0.25,0.9375
49.625,0.171875,0.25,0.9375
49.656,0.171875,0.25,0.9375
49.687,0.171875,0.25,0.9375
49.718,0.171875,0.25,0.9375
49.750,0.171875,0.25,0.9375
49.781,0.171875,0.25,0.9375
49.812,0.171875,0.25,0.9375
49.843,0.171875,0.25,0.9375
49.875,0.171875,0.25,0.9375
49.906,0.171875,0.25,0.9375
49.937,0.171875,0.25,0.9375
49.968,0.171875,0.25,0.9375
50.000,0.171875,0.25,0.9375
50.031,0.171875,0.25,0.9375
50.062,0.171875,0.25,0.9375
50.093,0.171875,0.25,0.9375
50.125,0.171875,0.25,0.9375
50.156,0.171875,0.25,0.9375
50.187,0.171875,0.25,0.9375
50.218,0.171875,0.25,0.9375
50.250,0.171875,0.25,0.9375
50.281,0.171875,0.25,0.9375
50.312,0.171875,0.25,0.9375
50.343,0.171875,0.25,0.9375
50.375,0.171875,0.25,0.9375
50.406,0.171875,0.25,0.9375
50.437,0.171875,0.25,0.9375
50.468,0.171875,0.25,0.9375
50.500,0.171875,0.25,0.9375
50.531,0.171875,0.25,0.9375
50.562,0.171875,0.25,0.9375
50.593,0.171875,0.25,0.9375
50.625,0.171875,0.25,0.9375
50.656,0.171875,0.25,0.9375
50.687,0.171875,0.25,0.9375
50.718,0.171875,0.25,0.9375
50.750,0.171875,0.25,0.921875
50.781,0.171875,0.25,0.9375
50.812,0.171875,0.25,0.9375
50.843,0.171875,0.25,0.9375
50.875,0.171875,0.25,0.9375
50.906,0.171875,0.25,0.921875
50.937,0.171875,0.25,0.9375
50.968,0.171875,0.25,0.921875
51.000,0.171875,0.25,0.9375
51.031,0.171875,0.25,0.9375
51.062,0.171875,0.25,0.9375
51.093,0.171875,0.25,0.9375
51.125,0.171875,0.25,0.9375
51.156,0.171875,0.25,0.9375
51.187,0.171875,0.25,0.9375
51.218,0.171875,0.25,0.9375
51.250,0.171875,0.25,0.9375
51.281,0.171875,0.25,0.9375
51.312,0.171875,0.25,0.9375
51.343,0.171875,0.25,0.9375
51.375,0.171875,0.25,0.9375
51.406,0.171875,0.25,0.9375
51.437,0.171875,0.25,0.9375
51.468,0.171875,0.25,0.9375
51.500,0.171875,0.25,0.9375
51.531,0.171875,0.25,0.9375
51.562,0.171875,0.25,0.9375
51.593,0.171875,0.25,0.9375
51.625,0.171875,0.25,0.9375
51.656,0.171875,0.25,0.9375
51.687,0.171875,0.25,0.9375
51.718,0.171875,0.25,0.9375
51.750,0.171875,0.25,0.9375
51.781,0.171875,0.25,0.9375
51.812,0.1875,0.25,0.9375
51.843,0.171875,0.25,0.9375
51.875,0.171875,0.25,0.9375
51.906,0.171875,0.25,0.9375
51.937,0.171875,0.25,0.9375
51.968,0.171875,0.25,0.9375
52.000,0.171875,0.25,0.9375
52.031,0.171875,0.25,0.9375
52.062,0.171875,0.25,0.9375
52.093,0.171875,0.25,0.9375
52.125,0.171875,0.25,0.9375
52.156,0.171875,0.25,0.9375
52.187,0.171875,0.25,0.9375
52.218,0.171875,0.25,0.9375
52.250,0.171875,0.25,0.9375
52.281,0.171875,0.25,0.9375
52.312,0.171875,0.25,0.9375
52.343,0.171875,0.25,0.9375
52.375,0.171875,0.25,0.9375
52.406,0.171875,0.25,0.9375
52.437,0.171875,0.25,0.9375
52.468,0.171875,0.25,0.9375
52.500,0.171875,0.25,0.9375
52.531,0.171875,0.25,0.9375
52.562,0.171875,0.25,0.9375
52.593,0.171875,0.25,0.9375
52.625,0.171875,0.25,0.9375
52.656,0.171875,0.25,0.9375
52.687,0.171875,0.25,0.9375
52.718,0.171875,0.25,0.9375
52.750,0.171875,0.25,0.9375
52.781,0.171875,0.25,0.9375
52.812,0.171875,0.25,0.9375
52.843,0.171875,0.25,0.9375
52.875,0.171875,0.25,0.9375
52.906,0.171875,0.25,0.9375
52.937,0.171875,0.25,0.9375
52.968,0.171875,0.25,0.9375
53.000,0.171875,0.25,0.9375
53.031,0.171875,0.25,0.9375
53.062,0.171875,0.25,0.9375
53.093,0.171875,0.25,0.9375
53.125,0.171875,0.25,0.9375
53.156,0.171875,0.25,0.9375
53.187,0.171875,0.25,0.9375
53.218,0.171875,0.25,0.9375
53.250,0.171875,0.25,0.9375
53.281,0.171875,0.25,0.9375
53.312,0.171875,0.25,0.9375
53.343,0.171875,0.25,0.9375
53.375,0.171875,0.25,0.9375
53.406,0.171875,0.25,0.9375
53.437,0.171875,0.25,0.9375
53.468,0.171875,0.25,0.9375
53.500,0.171875,0.25,0.9375
53.531,0.171875,0.25,0.9375
53.562,0.171875,0.25,0.9375
53.593,0.171875,0.25,0.9375
53.625,0.171875,0.25,0.9375
53.656,0.171875,0.25,0.9375
53.687,0.171875,0.25,0.9375
53.718,0.171875,0.25,0.9375
53.750,0.171875,0.25,0.9375
53.781,0.171875,0.25,0.9375
53.812,0.171875,0.25,0.9375
53.843,0.171875,0.25,0.9375
53.875,0.171875,0.25,0.921875
53.906,0.171875,0.25,0.9375
53.937,0.171875,0.25,0.9375
53.968,0.171875,0.25,0.9375
54.000,0.171875,0.25,0.9375
54.031,0.171875,0.25,0.9375
54.062,0.1875,0.25,0.9375
54.093,0.171875,0.25,0.9375
54.125,0.171875,0.25,0.9375
54.156,0.171875,0.25,0.9375
54.187,0.171875,0.25,0.9375
54.218,0.1875,0.25,0.9375
54.250,0.171875,0.25,0.9375
54.281,0.171875,0.25,0.9375
54.312,0.171875,0.25,0.9375
54.343,0.171875,0.25,0.9375
54.375,0.171875,0.25,0.9375
54.406,0.171875,0.25,0.9375
54.437,0.171875,0.25,0.9375
54.468,0.171875,0.25,0.9375
54.500,0.1875,0.25,0.9375
54.531,0.171875,0.25,0.9375
54.562,0.171875,0.25,0.9375
54.593,0.171875,0.25,0.9375
54.625,0.171875,0.25,0.9375
54.656,0.1875,0.25,0.9375
54.687,0.1875,0.25,0.9375
54.718,0.171875,0.25,0.9375
54.750,0.171875,0.25,0.9375
54.781,0.171875,0.25,0.9375
54.812,0.171875,0.25,0.9375
54.843,0.171875,0.25,0.9375
54.875,0.171875,0.25,0.9375
54.906,0.1875,0.25,0.9375
54.937,0.171875,0.25,0.9375
54.968,0.171875,0.25,0.9375
55.000,0.171875,0.25,0.9375
55.031,0.1875,0.25,0.9375
55.062,0.171875,0.25,0.9375
55.093,0.171875,0.25,0.9375
55.125,0.171875,0.25,0.9375
55.156,0.1875,0.25,0.9375
55.187,0.171875,0.25,0.9375
55.218,0.171875,0.25,0.9375
55.250,0.171875,0.25,0.9375
55.281,0.171875,0.25,0.9375
55.312,0.171875,0.25,0.9375
55.343,0.171875,0.25,0.9375
55.375,0.171875,0.25,0.9375
55.406,0.171875,0.25,0.9375
55.437,0.171875,0.25,0.9375
55.468,0.1875,0.25,0.9375
55.500,0.171875,0.25,0.9375
55.531,0.1875,0.25,0.9375
55.562,0.1875,0.25,0.9375
55.593,0.171875,0.25,0.9375
55.625,0.1875,0.25,0.9375
55.656,0.1875,0.25,0.9375
55.687,0.1875,0.25,0.9375
55.718,0.171875,0.25,0.9375
55.750,0.171875,0.25,0.9375
55.781,0.1875,0.25,0.9375
55.812,0.171875,0.25,0.921875
55.843,0.171875,0.25,0.9375
55.875,0.171875,0.25,0.9375
55.906,0.171875,0.25,0.9375
55.937,0.171875,0.25,0.9375
55.968,0.171875,0.25,0.9375
56.000,0.171875,0.25,0.9375
56.031,0.171875,0.25,0.9375
56.062,0.171875,0.25,0.9375
56.093,0.171875,0.25,0.9375
56.125,0.171875,0.25,0.9375
56.156,0.171875,0.25,0.9375
56.187,0.171875,0.25,0.9375
56.218,0.171875,0.25,0.9375
56.250,0.171875,0.25,0.9375
56.281,0.171875,0.25,0.9375
56.312,0.171875,0.25,0.9375
56.343,0.171875,0.25,0.9375
56.375,0.171875,0.25,0.9375
56.406,0.171875,0.25,0.9375
56.437,0.1875,0.25,0.9375
56.468,0.171875,0.25,0.9375
56.500,0.171875,0.25,0.9375
56.531,0.171875,0.25,0.9375
56.562,0.1875,0.25,0.9375
56.593,0.171875,0.25,0.9375
56.625,0.171875,0.25,0.9375
56.656,0.171875,0.234375,0.9375
56.687,0.15625,0.25,0.953125
56.718,0.125,0.265625,0.984375
56.750,0.140625,0.265625,1.015625
56.781,0.125,0.25,0.984375
56.812,0.21875,0.21875,0.9375
56.843,0.171875,0.234375,0.890625
56.875,0.1875,0.265625,0.90625
56.906,0.15625,0.265625,0.953125
56.937,0.171875,0.234375,0.921875
56.968,0.15625,0.234375,0.90625
57.000,0.15625,0.234375,0.875
57.031,0.15625,0.234375,0.875
57.062,0.140625,0.234375,0.953125
57.093,0.15625,0.234375,0.984375
57.125,0.140625,0.234375,0.96875
57.156,0.1875,0.234375,0.96875
57.187,0.171875,0.21875,0.953125
57.218,0.171875,0.25,0.921875
57.250,0.109375,0.25,0.921875
57.281,0.078125,0.25,0.921875
57.312,0.09375,0.25,0.984375
57.343,0.125,0.25,0.953125
57.375,0.125,0.234375,0.9375
57.406,0.109375,0.25,0.9375
57.437,0.125,0.25,0.96875
57.468,0.140625,0.234375,0.953125
57.500,0.09375,0.21875,0.90625
57.531,0.109375,0.21875,0.921875
57.562,0.125,0.234375,0.96875
57.593,0.109375,0.234375,0.96875
57.625,0.109375,0.234375,0.953125
57.656,0.109375,0.234375,0.953125
57.687,0.09375,0.234375,0.953125
57.718,0.109375,0.234375,0.953125
57.750,0.09375,0.234375,0.953125
57.781,0.109375,0.234375,0.953125
57.812,0.109375,0.234375,0.953125
57.843,0.09375,0.234375,0.953125
57.875,0.109375,0.234375,0.953125
57.906,0.09375,0.234375,0.953125
57.937,0.109375,0.234375,0.953125
57.968,0.109375,0.234375,0.953125
58.000,0.09375,0.234375,0.953125
58.031,0.109375,0.234375,0.96875
58.062,0.109375,0.25,0.953125
58.093,0.109375,0.234375,0.953125
58.125,0.109375,0.234375,0.9375
58.156,0.109375,0.234375,0.9375
58.187,0.109375,0.234375,0.953125
58.218,0.109375,0.234375,0.953125
58.250,0.109375,0.234375,0.953125
58.281,0.109375,0.234375,0.953125
58.312,0.125,0.234375,0.953125
58.343,0.125,0.234375,0.953125
58.375,0.125,0.234375,0.9375
58.406,0.125,0.234375,0.9375
58.437,0.125,0.234375,0.9375
58.468,0.125,0.234375,0.9375
58.500,0.140625,0.234375,0.953125
58.531,0.109375,0.234375,0.96875
58.562,0.125,0.234375,0.984375
58.593,0.125,0.234375,0.984375
58.625,0.125,0.234375,0.953125
58.656,0.140625,0.21875,0.953125
58.687,0.15625,0.203125,0.921875
58.718,0.125,0.1875,0.9375
58.750,0.15625,0.21875,0.953125
58.781,0.09375,0.21875,0.953125
58.812,0.109375,0.203125,0.953125
58.843,0.140625,0.21875,0.9375
58.875,0.140625,0.203125,0.921875
58.906,0.125,0.21875,0.9375
58.937,0.125,0.203125,0.953125
58.968,0.140625,0.203125,0.953125
59.000,0.140625,0.203125,0.9375
59.031,0.140625,0.21875,0.953125
59.062,0.125,0.234375,0.984375
59.093,0.140625,0.21875,1.0
59.125,0.125,0.234375,0.984375
59.156,0.109375,0.234375,1.0
59.187,0.078125,0.25,1.015625
59.218,0.0625,0.265625,1.015625
59.250,0.109375,0.203125,0.984375
59.281,0.15625,0.28125,1.0625
59.312,0.109375,0.25,1.109375
59.343,0.125,0.21875,1.15625
59.375,0.09375,0.265625,1.078125
59.406,-0.015625,0.234375,1.15625
59.437,-0.046875,0.109375,1.1875
59.468,-0.421875,0.015625,1.09375
59.500,-0.28125,0.015625,1.09375
59.531,-0.359375,0.0,1.09375
59.562,-0.40625,-0.140625,0.9375
59.593,-0.4375,-0.265625,0.8125
59.625,-0.34375,-0.3125,0.71875
59.656,-0.53125,-0.40625,0.546875
59.687,-0.25,-0.5,0.484375
59.718,-0.1875,-0.546875,0.515625
59.750,-0.09375,-0.625,0.515625
59.781,-0.09375,-0.640625,0.5
59.812,-0.078125,-0.6875,0.453125
59.843,-0.015625,-0.734375,0.5
59.875,0.046875,-0.734375,0.546875
59.906,0.078125,-0.75,0.5625
59.937,0.078125,-0.75,0.546875
59.968,0.0625,-0.75,0.546875
