timestamp,x,y,z
00.000,-1.015625,-0.59375,-0.375
00.031,-0.984375,-0.5,-0.421875
00.062,-0.890625,-0.453125,-0.390625
00.093,-0.703125,-0.421875,-0.328125
00.125,-0.65625,-0.4375,-0.40625
00.156,-0.65625,-0.4375,-0.453125
00.187,-0.671875,-0.453125,-0.515625
00.218,-0.6875,-0.453125,-0.515625
00.250,-0.75,-0.421875,-0.453125
00.281,-0.703125,-0.40625,-0.328125
00.312,-0.734375,-0.421875,-0.3125
00.343,-0.71875,-0.5,-0.328125
00.375,-0.703125,-0.515625,-0.3125
00.406,-0.640625,-0.53125,-0.25
00.437,-0.734375,-0.546875,-0.296875
00.468,-0.765625,-0.546875,-0.296875
00.500,-0.796875,-0.53125,-0.296875
00.531,-0.75,-0.53125,-0.296875
00.562,-0.75,-0.515625,-0.296875
00.593,-0.828125,-0.5,-0.265625
00.625,-0.8125,-0.5,-0.25
00.656,-0.859375,-0.546875,-0.265625
00.687,-0.96875,-0.765625,-0.4375
00.718,-1.0625,-0.71875,-0.578125
00.750,-0.96875,-0.375,-0.234375
00.781,-0.953125,-0.359375,-0.171875
00.812,-0.828125,-0.359375,-0.21875
00.843,-0.765625,-0.453125,-0.265625
00.875,-0.828125,-0.40625,-0.3125
00.906,-0.8125,-0.390625,-0.328125
00.937,-0.859375,-0.390625,-0.359375
00.968,-0.828125,-0.375,-0.265625
01.000,-0.796875,-0.421875,-0.109375
01.031,-0.875,-0.453125,-0.15625
01.062,-0.90625,-0.453125,-0.21875
01.093,-0.78125,-0.46875,-0.234375
01.125,-0.78125,-0.453125,-0.234375
01.156,-0.8125,-0.453125,-0.1875
01.187,-0.875,-0.4375,-0.1875
01.218,-0.859375,-0.484375,-0.15625
01.250,-0.84375,-0.5,-0.140625
01.281,-0.8125,-0.53125,-0.15625
01.312,-0.859375,-0.546875,-0.1875
01.343,-0.859375,-0.5625,-0.203125
01.375,-0.96875,-0.578125,-0.21875
01.406,-0.9375,-0.578125,-0.140625
01.437,-0.984375,-0.59375,-0.125
01.468,-1.0,-0.578125,-0.140625
01.500,-0.890625,-0.484375,-0.171875
01.531,-0.859375,-0.46875,-0.1875
01.562,-0.796875,-0.421875,-0.171875
01.593,-0.765625,-0.46875,-0.1875
01.625,-0.84375,-0.46875,-0.3125
01.656,-0.8125,-0.4375,-0.3125
01.687,-0.828125,-0.4375,-0.3125
01.718,-0.921875,-0.4375,-0.390625
01.750,-0.90625,-0.421875,-0.3125
01.781,-0.796875,-0.40625,-0.1875
01.812,-0.71875,-0.46875,-0.21875
01.843,-0.734375,-0.484375,-0.25
01.875,-0.75,-0.515625,-0.234375
01.906,-0.734375,-0.515625,-0.265625
01.937,-0.796875,-0.5,-0.296875
01.968,-0.75,-0.53125,-0.28125
02.000,-0.75,-0.53125,-0.28125
02.031,-0.8125,-0.5625,-0.296875
02.062,-0.796875,-0.546875,-0.234375
02.093,-0.8125,-0.5625,-0.203125
02.125,-0.890625,-0.53125,-0.1875
02.156,-0.90625,-0.484375,-0.140625
02.187,-0.90625,-0.515625,-0.109375
02.218,-0.953125,-0.484375,-0.078125
02.250,-1.109375,-0.46875,-0.078125
02.281,-1.171875,-0.296875,-0.03125
02.312,-0.984375,-0.203125,0.0625
02.343,-0.765625,-0.359375,-0.109375
02.375,-0.875,-0.53125,-0.28125
02.406,-0.890625,-0.546875,-0.34375
02.437,-0.90625,-0.40625,-0.21875
02.468,-0.90625,-0.34375,-0.1875
02.500,-0.765625,-0.359375,-0.0625
02.531,-0.8125,-0.40625,-0.125
02.562,-0.796875,-0.46875,-0.171875
02.593,-0.796875,-0.515625,-0.1875
02.625,-0.765625,-0.484375,-0.15625
02.656,-0.84375,-0.4375,-0.140625
02.687,-0.828125,-0.390625,-0.109375
02.718,-0.8125,-0.40625,-0.171875
02.750,-0.859375,-0.515625,-0.28125
02.781,-0.828125,-0.515625,-0.3125
02.812,-0.84375,-0.546875,-0.34375
02.843,-0.859375,-0.53125,-0.359375
02.875,-0.8125,-0.53125,-0.328125
02.906,-0.875,-0.546875,-0.375
02.937,-0.921875,-0.5625,-0.359375
02.968,-0.9375,-0.578125,-0.390625
03.000,-0.828125,-0.53125,-0.359375
03.031,-0.8125,-0.484375,-0.328125
03.062,-0.75,-0.40625,-0.28125
03.093,-0.859375,-0.515625,-0.453125
03.125,-0.875,-0.5,-0.453125
03.156,-0.796875,-0.46875,-0.328125
03.187,-0.828125,-0.4375,-0.296875
03.218,-0.8125,-0.46875,-0.296875
03.250,-0.828125,-0.390625,-0.265625
03.281,-0.75,-0.4375,-0.21875
03.312,-0.734375,-0.453125,-0.15625
03.343,-0.71875,-0.5,-0.1875
03.375,-0.734375,-0.515625,-0.234375
03.406,-0.765625,-0.484375,-0.234375
03.437,-0.765625,-0.515625,-0.21875
03.468,-0.78125,-0.515625,-0.21875
03.500,-0.796875,-0.53125,-0.234375
03.531,-0.796875,-0.53125,-0.21875
03.562,-0.859375,-0.546875,-0.1875
03.593,-0.828125,-0.515625,-0.171875
03.625,-0.875,-0.546875,-0.21875
03.656,-0.90625,-0.5,-0.203125
03.687,-0.90625,-0.609375,-0.234375
03.718,-0.984375,-0.53125,-0.328125
03.750,-0.828125,-0.3125,-0.140625
03.781,-0.9375,-0.265625,-0.25
03.812,-0.9375,-0.4375,-0.375
03.843,-0.859375,-0.46875,-0.3125
03.875,-0.921875,-0.390625,-0.109375
03.906,-1.046875,-0.1875,-0.015625
03.937,-1.0,-0.203125,0.0
03.968,-0.796875,-0.28125,0.03125
04.000,-0.859375,-0.421875,-0.09375
04.031,-0.875,-0.453125,-0.140625
04.062,-0.8125,-0.546875,-0.265625
04.093,-0.796875,-0.53125,-0.25
04.125,-0.828125,-0.453125,-0.203125
04.156,-0.921875,-0.34375,-0.03125
04.187,-0.9375,-0.359375,-0.046875
04.218,-0.9375,-0.453125,-0.15625
04.250,-0.9375,-0.515625,-0.21875
04.281,-0.921875,-0.53125,-0.28125
04.312,-0.875,-0.5,-0.171875
04.343,-0.859375,-0.46875,-0.0625
04.375,-0.953125,-0.5,-0.203125
04.406,-0.9375,-0.546875,-0.3125
04.437,-0.9375,-0.46875,-0.359375
04.468,-0.84375,-0.46875,-0.421875
04.500,-0.90625,-0.5,-0.53125
04.531,-0.84375,-0.484375,-0.5
04.562,-0.921875,-0.484375,-0.5
04.593,-0.78125,-0.40625,-0.34375
04.625,-0.75,-0.390625,-0.171875
04.656,-0.734375,-0.390625,-0.109375
04.687,-0.8125,-0.25,0.03125
04.718,-0.796875,-0.453125,-0.1875
04.750,-0.796875,-0.515625,-0.265625
04.781,-0.75,-0.5,-0.140625
04.812,-0.796875,-0.515625,-0.15625
04.843,-0.78125,-0.5625,-0.1875
04.875,-0.703125,-0.53125,-0.015625
04.906,-0.890625,-0.4375,0.015625
04.937,-0.953125,-0.390625,-0.015625
04.968,-0.859375,-0.4375,-0.046875
05.000,-0.9375,-0.578125,-0.1875
05.031,-1.015625,-0.578125,-0.25
05.062,-1.0,-0.640625,-0.234375
05.093,-1.09375,-0.40625,-0.203125
05.125,-1.140625,-0.328125,-0.15625
05.156,-0.90625,-0.3125,-0.140625
05.187,-0.84375,-0.40625,-0.25
05.218,-0.84375,-0.40625,-0.28125
05.250,-0.84375,-0.375,-0.234375
05.281,-0.9375,-0.28125,-0.25
05.312,-0.890625,-0.296875,-0.234375
05.343,-0.78125,-0.375,-0.140625
05.375,-0.84375,-0.40625,-0.15625
05.406,-0.84375,-0.4375,-0.1875
05.437,-0.84375,-0.46875,-0.234375
05.468,-0.84375,-0.484375,-0.25
05.500,-0.875,-0.421875,-0.265625
05.531,-0.84375,-0.421875,-0.234375
05.562,-0.859375,-0.4375,-0.203125
05.593,-0.859375,-0.484375,-0.171875
05.625,-0.859375,-0.5,-0.1875
05.656,-0.8125,-0.546875,-0.265625
05.687,-0.859375,-0.546875,-0.328125
05.718,-0.9375,-0.53125,-0.296875
05.750,-0.90625,-0.5625,-0.28125
05.781,-0.921875,-0.578125,-0.28125
05.812,-0.953125,-0.546875,-0.328125
05.843,-0.875,-0.421875,-0.15625
05.875,-0.921875,-0.328125,-0.15625
05.906,-0.875,-0.375,-0.203125
05.937,-0.859375,-0.40625,-0.203125
05.968,-0.890625,-0.4375,-0.3125
06.000,-0.921875,-0.46875,-0.28125
06.031,-0.890625,-0.4375,-0.3125
06.062,-0.796875,-0.40625,-0.203125
06.093,-0.890625,-0.375,-0.1875
06.125,-0.875,-0.328125,-0.109375
06.156,-0.71875,-0.421875,-0.171875
06.187,-0.734375,-0.46875,-0.21875
06.218,-0.8125,-0.46875,-0.25
06.250,-0.796875,-0.453125,-0.15625
06.281,-0.828125,-0.453125,-0.1875
06.312,-0.828125,-0.515625,-0.21875
06.343,-0.828125,-0.5625,-0.203125
06.375,-0.84375,-0.53125,-0.15625
06.406,-0.859375,-0.515625,-0.125
06.437,-0.875,-0.53125,-0.125
06.468,-0.875,-0.53125,-0.109375
06.500,-0.859375,-0.546875,-0.125
06.531,-0.890625,-0.53125,-0.15625
06.562,-0.890625,-0.5625,-0.234375
06.593,-0.875,-0.546875,-0.234375
06.625,-0.859375,-0.59375,-0.234375
06.656,-0.984375,-0.453125,-0.15625
06.687,-1.03125,-0.34375,-0.15625
06.718,-0.921875,-0.34375,-0.171875
06.750,-0.84375,-0.390625,-0.21875
06.781,-0.796875,-0.4375,-0.25
06.812,-0.921875,-0.4375,-0.234375
06.843,-0.96875,-0.375,-0.203125
06.875,-0.84375,-0.328125,-0.046875
06.906,-0.859375,-0.328125,0.0
06.937,-0.875,-0.34375,0.015625
06.968,-0.84375,-0.4375,-0.0625
07.000,-0.859375,-0.453125,-0.140625
07.031,-0.90625,-0.484375,-0.25
07.062,-0.875,-0.5,-0.25
07.093,-0.8125,-0.40625,-0.140625
07.125,-0.828125,-0.40625,-0.109375
07.156,-0.90625,-0.421875,-0.171875
07.187,-0.9375,-0.46875,-0.1875
07.218,-0.875,-0.484375,-0.140625
07.250,-0.875,-0.515625,-0.078125
07.281,-0.890625,-0.484375,0.015625
07.312,-0.984375,-0.40625,-0.015625
07.343,-0.984375,-0.484375,-0.15625
07.375,-1.046875,-0.625,-0.265625
07.406,-1.03125,-0.578125,-0.1875
07.437,-0.921875,-0.5,-0.140625
07.468,-0.875,-0.46875,-0.15625
07.500,-0.90625,-0.359375,-0.109375
07.531,-0.828125,-0.3125,-0.0625
07.562,-0.828125,-0.359375,-0.171875
07.593,-0.734375,-0.515625,-0.3125
07.625,-0.765625,-0.578125,-0.375
07.656,-0.84375,-0.53125,-0.453125
07.687,-0.8125,-0.453125,-0.34375
07.718,-0.890625,-0.40625,-0.359375
07.750,-0.84375,-0.5,-0.359375
07.781,-0.796875,-0.453125,-0.203125
07.812,-0.703125,-0.484375,-0.1875
07.843,-0.78125,-0.5,-0.1875
07.875,-0.78125,-0.515625,-0.171875
07.906,-0.859375,-0.4375,-0.140625
07.937,-0.84375,-0.484375,-0.171875
07.968,-0.890625,-0.5625,-0.234375
08.000,-0.765625,-0.578125,-0.1875
08.031,-0.703125,-0.59375,-0.09375
08.062,-0.796875,-0.53125,0.046875
08.093,-0.953125,-0.421875,0.109375
08.125,-1.015625,-0.4375,0.03125
08.156,-0.890625,-0.4375,0.015625
08.187,-0.921875,-0.4375,-0.046875
08.218,-1.078125,-0.625,-0.390625
08.250,-1.078125,-0.546875,-0.34375
08.281,-0.890625,-0.46875,-0.15625
08.312,-0.890625,-0.328125,-0.109375
08.343,-0.71875,-0.3125,-0.203125
08.375,-0.671875,-0.359375,-0.203125
08.406,-0.953125,-0.421875,-0.34375
08.437,-0.984375,-0.390625,-0.328125
08.468,-0.890625,-0.359375,-0.203125
08.500,-0.859375,-0.359375,-0.109375
08.531,-0.9375,-0.3125,-0.015625
08.562,-0.921875,-0.296875,0.015625
08.593,-0.890625,-0.328125,0.0
08.625,-0.84375,-0.390625,-0.15625
08.656,-0.890625,-0.453125,-0.28125
08.687,-0.875,-0.484375,-0.34375
08.718,-0.84375,-0.453125,-0.25
08.750,-0.859375,-0.421875,-0.140625
08.781,-0.859375,-0.46875,-0.203125
08.812,-0.9375,-0.53125,-0.234375
08.843,-0.9375,-0.515625,-0.203125
08.875,-0.890625,-0.46875,-0.125
08.906,-0.96875,-0.46875,-0.15625
08.937,-0.96875,-0.515625,-0.1875
08.968,-0.9375,-0.515625,-0.234375
09.000,-0.9375,-0.578125,-0.234375
09.031,-0.953125,-0.578125,-0.296875
09.062,-0.875,-0.46875,-0.265625
09.093,-0.875,-0.359375,-0.1875
09.125,-0.78125,-0.375,-0.25
09.156,-0.734375,-0.40625,-0.296875
09.187,-0.8125,-0.453125,-0.34375
09.218,-0.875,-0.4375,-0.34375
09.250,-0.875,-0.421875,-0.328125
09.281,-0.875,-0.4375,-0.296875
09.312,-0.796875,-0.421875,-0.21875
09.343,-0.78125,-0.421875,-0.171875
09.375,-0.765625,-0.453125,-0.171875
09.406,-0.71875,-0.484375,-0.1875
09.437,-0.734375,-0.515625,-0.234375
09.468,-0.78125,-0.5,-0.234375
09.500,-0.765625,-0.515625,-0.25
09.531,-0.8125,-0.546875,-0.296875
09.562,-0.8125,-0.5625,-0.296875
09.593,-0.78125,-0.578125,-0.28125
09.625,-0.84375,-0.578125,-0.234375
09.656,-0.8125,-0.5625,-0.21875
09.687,-0.78125,-0.546875,-0.140625
09.718,-0.84375,-0.53125,-0.15625
09.750,-0.90625,-0.515625,-0.171875
09.781,-0.953125,-0.453125,-0.125
09.812,-1.046875,-0.546875,-0.15625
09.843,-1.0625,-0.390625,-0.203125
09.875,-0.90625,-0.453125,-0.234375
09.906,-0.8125,-0.40625,-0.21875
09.937,-0.78125,-0.46875,-0.203125
09.968,-0.875,-0.421875,-0.15625
10.000,-0.9375,-0.34375,-0.1875
10.031,-0.90625,-0.390625,-0.25
10.062,-0.859375,-0.421875,-0.25
10.093,-0.90625,-0.4375,-0.265625
10.125,-0.78125,-0.4375,-0.171875
10.156,-0.796875,-0.46875,-0.109375
10.187,-0.828125,-0.46875,-0.203125
10.218,-0.796875,-0.46875,-0.203125
10.250,-0.828125,-0.40625,-0.171875
10.281,-0.796875,-0.4375,-0.140625
10.312,-0.921875,-0.40625,-0.109375
10.343,-0.84375,-0.5,-0.109375
10.375,-0.90625,-0.515625,-0.171875
10.406,-0.859375,-0.515625,-0.140625
10.437,-0.84375,-0.5,-0.0625
10.468,-0.875,-0.453125,-0.03125
10.500,-0.875,-0.390625,0.015625
10.531,-0.875,-0.40625,0.03125
10.562,-0.890625,-0.46875,-0.1875
10.593,-0.96875,-0.71875,-0.359375
10.625,-1.046875,-0.6875,-0.453125
10.656,-0.890625,-0.578125,-0.390625
10.687,-0.890625,-0.53125,-0.359375
10.718,-0.96875,-0.453125,-0.359375
10.750,-0.734375,-0.4375,-0.1875
10.781,-0.71875,-0.46875,-0.15625
10.812,-0.859375,-0.34375,-0.1875
10.843,-0.90625,-0.390625,-0.171875
10.875,-0.890625,-0.40625,-0.25
10.906,-0.984375,-0.484375,-0.375
10.937,-0.953125,-0.46875,-0.296875
10.968,-0.828125,-0.40625,-0.078125
11.000,-0.71875,-0.390625,0.0
11.031,-0.71875,-0.40625,-0.03125
11.062,-0.796875,-0.453125,-0.125
11.093,-0.84375,-0.46875,-0.140625
11.125,-0.859375,-0.484375,-0.109375
11.156,-0.84375,-0.515625,-0.15625
11.187,-0.8125,-0.484375,-0.078125
11.218,-0.90625,-0.4375,-0.03125
11.250,-0.9375,-0.46875,-0.078125
11.281,-0.859375,-0.5,-0.09375
11.312,-0.875,-0.578125,-0.09375
11.343,-0.84375,-0.515625,-0.03125
11.375,-0.859375,-0.515625,-0.0625
11.406,-0.890625,-0.5625,-0.109375
11.437,-0.9375,-0.515625,-0.125
11.468,-1.015625,-0.40625,-0.109375
11.500,-0.984375,-0.390625,-0.09375
11.531,-0.9375,-0.40625,-0.109375
11.562,-0.84375,-0.421875,-0.09375
11.593,-0.9375,-0.375,-0.109375
11.625,-0.90625,-0.359375,-0.125
11.656,-0.90625,-0.328125,-0.109375
11.687,-0.828125,-0.421875,-0.109375
11.718,-0.890625,-0.46875,-0.125
11.750,-0.890625,-0.453125,-0.078125
11.781,-0.84375,-0.5,-0.078125
11.812,-0.84375,-0.5,-0.125
11.843,-0.890625,-0.46875,-0.171875
11.875,-0.890625,-0.453125,-0.171875
11.906,-0.84375,-0.421875,-0.109375
11.937,-0.859375,-0.46875,-0.09375
11.968,-0.890625,-0.5,-0.0625
12.000,-0.890625,-0.46875,0.03125
12.031,-0.921875,-0.484375,-0.015625
12.062,-0.921875,-0.53125,-0.0625
12.093,-1.015625,-0.53125,-0.078125
12.125,-1.046875,-0.546875,-0.078125
12.156,-1.0,-0.53125,-0.0625
12.187,-0.921875,-0.484375,-0.03125
12.218,-0.921875,-0.484375,-0.078125
12.250,-0.890625,-0.453125,-0.09375
12.281,-0.875,-0.421875,-0.1875
12.312,-0.828125,-0.40625,-0.21875
12.343,-0.75,-0.453125,-0.328125
12.375,-0.78125,-0.484375,-0.375
12.406,-0.78125,-0.515625,-0.359375
12.437,-0.84375,-0.515625,-0.296875
12.468,-0.84375,-0.484375,-0.265625
12.500,-0.765625,-0.484375,-0.25
12.531,-0.828125,-0.484375,-0.25
12.562,-0.75,-0.5,-0.203125
12.593,-0.796875,-0.515625,-0.1875
12.625,-0.78125,-0.5,-0.171875
12.656,-0.75,-0.53125,-0.21875
12.687,-0.78125,-0.515625,-0.1875
12.718,-0.78125,-0.546875,-0.1875
12.750,-0.828125,-0.546875,-0.1875
12.781,-0.796875,-0.5625,-0.1875
12.812,-0.828125,-0.578125,-0.171875
12.843,-0.84375,-0.578125,-0.15625
12.875,-0.84375,-0.5625,-0.171875
12.906,-0.8125,-0.5625,-0.171875
12.937,-0.828125,-0.5625,-0.171875
12.968,-0.78125,-0.578125,-0.140625
13.000,-0.8125,-0.578125,-0.171875
13.031,-0.796875,-0.5625,-0.171875
13.062,-0.84375,-0.5625,-0.171875
13.093,-0.84375,-0.5625,-0.171875
13.125,-0.890625,-0.578125,-0.171875
13.156,-0.921875,-0.625,-0.21875
13.187,-0.890625,-0.546875,-0.203125
13.218,-0.875,-0.4375,-0.09375
13.250,-0.890625,-0.390625,-0.140625
13.281,-0.8125,-0.421875,-0.140625
13.312,-0.828125,-0.453125,-0.171875
13.343,-0.90625,-0.453125,-0.203125
13.375,-0.890625,-0.421875,-0.21875
13.406,-0.90625,-0.40625,-0.203125
13.437,-0.875,-0.40625,-0.15625
13.468,-0.875,-0.484375,-0.125
13.500,-0.84375,-0.4375,-0.015625
13.531,-0.8125,-0.46875,-0.046875
13.562,-0.828125,-0.5,-0.1875
13.593,-0.8125,-0.484375,-0.1875
13.625,-0.875,-0.453125,-0.15625
13.656,-0.875,-0.453125,-0.125
13.687,-0.890625,-0.46875,-0.125
13.718,-0.875,-0.484375,-0.140625
13.750,-0.875,-0.5,-0.15625
13.781,-0.84375,-0.484375,-0.1875
13.812,-0.828125,-0.46875,-0.1875
13.843,-0.84375,-0.46875,-0.203125
13.875,-0.8125,-0.484375,-0.125
13.906,-0.828125,-0.453125,-0.046875
13.937,-0.828125,-0.453125,0.0
13.968,-0.96875,-0.515625,-0.140625
14.000,-0.984375,-0.53125,-0.1875
14.031,-0.984375,-0.625,-0.203125
14.062,-1.03125,-0.578125,-0.203125
14.093,-1.0,-0.5,-0.171875
14.125,-0.953125,-0.421875,-0.21875
14.156,-0.921875,-0.421875,-0.234375
14.187,-0.84375,-0.359375,-0.171875
14.218,-0.84375,-0.453125,-0.1875
14.250,-0.859375,-0.453125,-0.203125
14.281,-0.859375,-0.421875,-0.171875
14.312,-0.875,-0.421875,-0.1875
14.343,-0.875,-0.453125,-0.21875
14.375,-0.890625,-0.390625,-0.171875
14.406,-0.828125,-0.40625,-0.140625
14.437,-0.78125,-0.453125,-0.171875
14.468,-0.796875,-0.484375,-0.1875
14.500,-0.75,-0.484375,-0.1875
14.531,-0.828125,-0.46875,-0.15625
14.562,-0.84375,-0.46875,-0.140625
14.593,-0.828125,-0.515625,-0.171875
14.625,-0.828125,-0.53125,-0.15625
14.656,-0.859375,-0.53125,-0.15625
14.687,-0.8125,-0.515625,-0.125
14.718,-0.84375,-0.53125,-0.109375
14.750,-0.890625,-0.515625,-0.078125
14.781,-0.9375,-0.515625,-0.109375
14.812,-0.9375,-0.515625,-0.140625
14.843,-0.984375,-0.609375,-0.1875
14.875,-1.09375,-0.625,-0.25
14.906,-1.046875,-0.421875,-0.140625
14.937,-0.90625,-0.328125,-0.03125
14.968,-0.875,-0.296875,-0.078125
15.000,-0.71875,-0.40625,-0.140625
15.031,-0.765625,-0.4375,-0.15625
15.062,-0.96875,-0.359375,-0.171875
15.093,-0.953125,-0.328125,-0.15625
15.125,-0.921875,-0.328125,-0.125
15.156,-0.859375,-0.40625,-0.09375
15.187,-0.84375,-0.4375,-0.0625
15.218,-0.859375,-0.453125,-0.0625
15.250,-0.828125,-0.46875,-0.109375
15.281,-0.8125,-0.46875,-0.140625
15.312,-0.84375,-0.40625,-0.1875
15.343,-0.90625,-0.390625,-0.125
15.375,-0.890625,-0.40625,-0.109375
15.406,-0.828125,-0.453125,-0.109375
15.437,-0.875,-0.453125,-0.109375
15.468,-0.90625,-0.484375,-0.15625
15.500,-0.921875,-0.484375,-0.1875
15.531,-0.890625,-0.5,-0.171875
15.562,-0.890625,-0.46875,-0.140625
15.593,-0.890625,-0.484375,-0.203125
15.625,-0.90625,-0.515625,-0.28125
15.656,-0.984375,-0.4375,-0.40625
15.687,-0.96875,-0.390625,-0.46875
15.718,-0.78125,-0.34375,-0.484375
15.750,-0.71875,-0.359375,-0.484375
15.781,-0.71875,-0.390625,-0.546875
15.812,-0.625,-0.40625,-0.671875
15.843,-0.65625,-0.390625,-0.703125
15.875,-0.703125,-0.40625,-0.75
15.906,-0.703125,-0.34375,-0.703125
15.937,-0.6875,-0.328125,-0.625
15.968,-0.671875,-0.34375,-0.53125
16.000,-0.640625,-0.375,-0.5
16.031,-0.609375,-0.375,-0.5
16.062,-0.625,-0.40625,-0.5625
16.093,-0.625,-0.40625,-0.578125
16.125,-0.640625,-0.421875,-0.59375
16.156,-0.671875,-0.40625,-0.59375
16.187,-0.65625,-0.4375,-0.625
16.218,-0.734375,-0.4375,-0.640625
16.250,-0.75,-0.4375,-0.671875
16.281,-0.78125,-0.421875,-0.71875
16.312,-0.828125,-0.40625,-0.609375
16.343,-0.734375,-0.375,-0.640625
16.375,-0.703125,-0.453125,-0.890625
16.406,-0.796875,-0.34375,-0.90625
16.437,-0.796875,-0.234375,-0.65625
16.468,-0.6875,-0.21875,-0.5
16.500,-0.703125,-0.265625,-0.546875
16.531,-0.6875,-0.296875,-0.65625
16.562,-0.796875,-0.296875,-0.65625
16.593,-0.84375,-0.3125,-0.65625
16.625,-0.84375,-0.34375,-0.46875
16.656,-0.875,-0.390625,-0.421875
16.687,-0.8125,-0.421875,-0.484375
16.718,-0.703125,-0.453125,-0.484375
16.750,-0.640625,-0.4375,-0.453125
16.781,-0.65625,-0.46875,-0.390625
16.812,-0.625,-0.453125,-0.375
16.843,-0.65625,-0.5,-0.34375
16.875,-0.71875,-0.5625,-0.34375
16.906,-0.71875,-0.578125,-0.296875
16.937,-0.703125,-0.609375,-0.296875
16.968,-0.703125,-0.625,-0.3125
17.000,-0.71875,-0.6875,-0.3125
17.031,-0.671875,-0.71875,-0.296875
17.062,-0.671875,-0.703125,-0.25
17.093,-0.734375,-0.703125,-0.265625
17.125,-0.6875,-0.765625,-0.3125
17.156,-0.703125,-0.71875,-0.21875
17.187,-0.734375,-0.65625,-0.328125
17.218,-0.703125,-0.6875,-0.359375
17.250,-0.734375,-0.640625,-0.25
17.281,-0.703125,-0.640625,-0.21875
17.312,-0.71875,-0.625,-0.25
17.343,-0.828125,-0.5,-0.21875
17.375,-0.78125,-0.484375,-0.1875
17.406,-0.75,-0.53125,-0.234375
17.437,-0.765625,-0.53125,-0.21875
17.468,-0.734375,-0.5625,-0.1875
17.500,-0.75,-0.609375,-0.1875
17.531,-0.75,-0.625,-0.171875
17.562,-0.671875,-0.65625,-0.109375
17.593,-0.765625,-0.671875,-0.140625
17.625,-0.765625,-0.65625,-0.109375
17.656,-0.8125,-0.640625,-0.09375
17.687,-0.75,-0.625,-0.078125
17.718,-0.84375,-0.65625,-0.125
17.750,-0.890625,-0.625,-0.125
17.781,-0.78125,-0.71875,-0.109375
17.812,-0.875,-0.71875,-0.203125
17.843,-0.890625,-0.5,-0.015625
17.875,-0.8125,-0.484375,-0.015625
17.906,-0.703125,-0.53125,-0.140625
17.937,-0.703125,-0.578125,-0.125
17.968,-0.8125,-0.546875,-0.15625
18.000,-0.875,-0.5,-0.28125
18.031,-0.84375,-0.515625,-0.1875
18.062,-0.78125,-0.5625,-0.140625
18.093,-0.765625,-0.59375,-0.109375
18.125,-0.71875,-0.578125,-0.09375
18.156,-0.75,-0.625,-0.109375
18.187,-0.703125,-0.65625,-0.125
18.218,-0.703125,-0.625,-0.09375
18.250,-0.703125,-0.59375,-0.09375
18.281,-0.75,-0.59375,-0.125
18.312,-0.84375,-0.65625,-0.15625
18.343,-0.8125,-0.640625,-0.125
18.375,-0.75,-0.640625,-0.15625
18.406,-0.796875,-0.640625,-0.171875
18.437,-0.8125,-0.640625,-0.15625
18.468,-0.734375,-0.6875,-0.171875
18.500,-0.734375,-0.75,-0.234375
18.531,-0.765625,-0.71875,-0.265625
18.562,-0.75,-0.625,-0.328125
18.593,-0.796875,-0.65625,-0.375
18.625,-0.65625,-0.5625,-0.3125
18.656,-0.625,-0.5625,-0.265625
18.687,-0.578125,-0.578125,-0.375
18.718,-0.703125,-0.640625,-0.546875
18.750,-0.75,-0.625,-0.5
18.781,-0.734375,-0.578125,-0.375
18.812,-0.703125,-0.5625,-0.359375
18.843,-0.6875,-0.546875,-0.296875
18.875,-0.671875,-0.53125,-0.234375
18.906,-0.65625,-0.53125,-0.265625
18.937,-0.578125,-0.578125,-0.34375
18.968,-0.5625,-0.578125,-0.359375
19.000,-0.546875,-0.609375,-0.375
19.031,-0.578125,-0.578125,-0.421875
19.062,-0.625,-0.5625,-0.421875
19.093,-0.59375,-0.5625,-0.515625
19.125,-0.78125,-0.484375,-0.484375
19.156,-0.71875,-0.46875,-0.421875
19.187,-0.671875,-0.515625,-0.5
19.218,-0.734375,-0.5,-0.578125
19.250,-0.78125,-0.484375,-0.640625
19.281,-0.703125,-0.484375,-0.546875
19.312,-0.765625,-0.453125,-0.5625
19.343,-0.734375,-0.4375,-0.625
19.375,-0.71875,-0.40625,-0.65625
19.406,-0.671875,-0.421875,-0.6875
19.437,-0.828125,-0.203125,-0.640625
19.468,-0.890625,-0.28125,-0.609375
19.500,-0.59375,-0.328125,-0.484375
19.531,-0.640625,-0.28125,-0.625
19.562,-0.59375,-0.34375,-0.796875
19.593,-0.546875,-0.234375,-0.84375
19.625,-0.484375,-0.203125,-0.859375
19.656,-0.5,-0.25,-0.84375
19.687,-0.59375,-0.265625,-0.875
19.718,-0.5625,-0.296875,-0.78125
19.750,-0.4375,-0.265625,-0.71875
19.781,-0.4375,-0.28125,-0.8125
19.812,-0.375,-0.265625,-0.765625
19.843,-0.328125,-0.171875,-0.765625
19.875,-0.328125,-0.21875,-0.734375
19.906,-0.46875,-0.171875,-0.796875
19.937,-0.421875,-0.15625,-0.78125
19.968,-0.421875,-0.125,-0.75
20.000,-0.328125,-0.140625,-0.96875
20.031,-0.390625,-0.078125,-0.9375
20.062,-0.359375,-0.109375,-1.0
20.093,-0.375,-0.0625,-1.0625
20.125,-0.515625,-0.078125,-1.109375
20.156,-0.4375,0.015625,-1.046875
20.187,-0.515625,0.0,-1.0
20.218,-0.609375,0.015625,-1.0
20.250,-0.484375,0.03125,-0.84375
20.281,-0.53125,0.0,-0.796875
20.312,-0.640625,-0.046875,-0.75
20.343,-0.515625,-0.09375,-0.796875
20.375,-0.375,-0.046875,-0.78125
20.406,-0.515625,0.015625,-1.0
20.437,-0.5625,0.09375,-1.03125
20.468,-0.578125,0.078125,-0.9375
20.500,-0.46875,0.0,-0.796875
20.531,-0.46875,-0.046875,-0.75
20.562,-0.5,-0.0625,-0.734375
20.593,-0.46875,-0.0625,-0.734375
20.625,-0.53125,-0.03125,-0.75
20.656,-0.5625,-0.015625,-0.734375
20.687,-0.5625,-0.015625,-0.71875
20.718,-0.5625,-0.015625,-0.765625
20.750,-0.59375,0.0,-0.984375
20.781,-0.640625,0.015625,-1.015625
20.812,-0.75,0.046875,-0.921875
20.843,-0.640625,0.046875,-0.96875
20.875,-0.734375,0.078125,-1.109375
20.906,-0.75,0.125,-0.859375
20.937,-0.640625,0.0625,-0.71875
20.968,-0.609375,-0.03125,-0.5625
21.000,-0.4375,0.0,-0.515625
21.031,-0.421875,0.046875,-0.640625
21.062,-0.5,0.140625,-0.984375
21.093,-0.5625,0.21875,-0.890625
21.125,-0.5,0.21875,-0.640625
21.156,-0.59375,0.1875,-0.53125
21.187,-0.5625,0.171875,-0.484375
21.218,-0.453125,0.171875,-0.328125
21.250,-0.46875,0.1875,-0.34375
21.281,-0.515625,0.234375,-0.453125
21.312,-0.71875,0.328125,-0.546875
21.343,-0.796875,0.296875,-0.609375
21.375,-0.734375,0.34375,-0.46875
21.406,-0.96875,0.375,-0.5
21.437,-0.859375,0.421875,-0.390625
21.468,-0.4375,0.5625,-0.140625
21.500,-0.546875,0.734375,-0.09375
21.531,-0.796875,1.015625,-0.046875
21.562,-0.75,1.15625,0.0
21.593,-0.921875,1.40625,0.125
21.625,-0.921875,1.140625,0.109375
21.656,-0.609375,0.984375,0.25
21.687,-0.3125,0.875,0.421875
21.718,-0.46875,1.015625,0.21875
21.750,-0.515625,1.03125,0.15625
21.781,-0.53125,1.078125,0.078125
21.812,-0.46875,1.09375,0.09375
21.843,-0.40625,1.0625,0.109375
21.875,-0.25,0.96875,0.078125
21.906,-0.171875,0.9375,0.078125
21.937,-0.171875,0.890625,0.140625
21.968,-0.203125,0.859375,0.15625
22.000,-0.3125,0.859375,0.15625
22.031,-0.3125,0.84375,0.171875
22.062,-0.296875,0.828125,0.140625
22.093,-0.375,0.8125,0.046875
22.125,-0.375,0.8125,0.015625
22.156,-0.390625,0.828125,0.0
22.187,-0.390625,0.859375,0.03125
22.218,-0.375,0.875,0.0625
22.250,-0.390625,0.90625,0.109375
22.281,-0.421875,0.984375,0.15625
22.312,-0.4375,1.078125,0.15625
22.343,-0.453125,1.421875,0.09375
22.375,-0.46875,1.8125,0.171875
22.406,-0.28125,1.453125,0.453125
22.437,0.140625,0.625,0.421875
22.468,0.15625,0.484375,0.328125
22.500,-0.046875,0.703125,0.140625
22.531,-0.109375,0.796875,0.078125
22.562,-0.25,0.984375,0.109375
22.593,-0.484375,1.09375,0.03125
22.625,-0.484375,1.015625,0.0
22.656,-0.375,0.859375,0.03125
22.687,-0.265625,0.828125,0.125
22.718,-0.25,0.859375,0.234375
22.750,-0.3125,0.953125,0.203125
22.781,-0.34375,0.9375,0.140625
22.812,-0.375,0.84375,0.078125
22.843,-0.34375,0.78125,0.09375
22.875,-0.3125,0.78125,0.109375
22.906,-0.34375,0.8125,0.171875
22.937,-0.359375,0.828125,0.203125
22.968,-0.28125,0.90625,0.25
23.000,-0.34375,1.25,0.203125
23.031,-0.40625,1.5,0.265625
23.062,-0.40625,1.3125,0.21875
23.093,-0.34375,1.09375,0.140625
23.125,-0.375,0.921875,0.09375
23.156,-0.390625,0.84375,0.0625
23.187,-0.359375,0.8125,0.03125
23.218,-0.359375,0.828125,-0.015625
23.250,-0.484375,0.921875,-0.046875
23.281,-0.484375,0.984375,-0.046875
23.312,-0.4375,0.96875,-0.046875
23.343,-0.359375,0.96875,-0.046875
23.375,-0.28125,0.96875,-0.015625
23.406,-0.21875,0.90625,0.015625
23.437,-0.234375,0.890625,0.015625
23.468,-0.34375,0.9375,-0.015625
23.500,-0.375,0.953125,0.0
23.531,-0.40625,0.9375,0.015625
23.562,-0.5,1.0,0.078125
23.593,-0.515625,1.0,0.046875
23.625,-0.53125,0.953125,0.0
23.656,-0.5625,0.890625,-0.015625
23.687,-0.53125,0.78125,-0.03125
23.718,-0.546875,0.671875,-0.0625
23.750,-0.578125,0.59375,-0.09375
23.781,-0.65625,0.5,-0.09375
23.812,-0.59375,0.625,-0.15625
23.843,-0.578125,0.796875,-0.140625
23.875,-0.765625,1.296875,0.046875
23.906,-0.796875,1.25,0.09375
23.937,-0.46875,0.90625,0.046875
23.968,-0.234375,1.1875,0.15625
24.000,-0.25,1.25,0.125
24.031,-0.453125,1.265625,0.125
24.062,-0.5625,1.25,0.046875
24.093,-0.375,1.03125,0.1875
24.125,-0.28125,0.796875,0.09375
24.156,-0.171875,0.734375,0.109375
24.187,-0.203125,0.671875,0.09375
24.218,-0.234375,0.625,0.078125
24.250,-0.3125,0.65625,0.0625
24.281,-0.375,0.71875,0.078125
24.312,-0.375,0.75,0.078125
24.343,-0.390625,0.875,0.109375
24.375,-0.453125,1.015625,0.109375
24.406,-0.40625,1.09375,0.109375
24.437,-0.359375,1.34375,0.15625
24.468,-0.359375,1.390625,0.1875
24.500,-0.453125,1.515625,0.34375
24.531,-0.28125,0.9375,0.359375
24.562,-0.390625,0.609375,0.125
24.593,-0.34375,0.65625,0.046875
24.625,-0.484375,0.96875,0.015625
24.656,-0.765625,1.203125,-0.046875
24.687,-0.5625,1.078125,-0.03125
24.718,-0.390625,1.015625,0.03125
24.750,-0.09375,0.859375,0.140625
24.781,-0.046875,0.8125,0.125
24.812,-0.078125,0.875,0.09375
24.843,-0.1875,0.875,0.046875
24.875,-0.234375,0.875,0.0625
24.906,-0.296875,0.859375,0.109375
24.937,-0.34375,0.828125,0.125
24.968,-0.359375,0.8125,0.109375
25.000,-0.34375,0.890625,0.09375
25.031,-0.328125,0.953125,0.09375
25.062,-0.28125,1.0,0.09375
25.093,-0.28125,1.015625,0.109375
25.125,-0.328125,1.09375,0.0625
25.156,-0.5,1.53125,0.171875
25.187,-0.53125,1.328125,0.265625
25.218,-0.34375,0.890625,0.359375
25.250,-0.171875,0.5625,0.234375
25.281,-0.15625,0.5625,0.15625
25.312,-0.296875,0.90625,0.03125
25.343,-0.390625,1.171875,0.046875
25.375,-0.4375,1.234375,0.09375
25.406,-0.265625,1.09375,0.21875
25.437,-0.125,1.0,0.25
25.468,0.03125,0.875,0.28125
25.500,0.046875,0.8125,0.265625
25.531,-0.03125,0.8125,0.25
25.562,-0.25,0.828125,0.1875
25.593,-0.390625,0.828125,0.140625
25.625,-0.453125,0.796875,0.1875
25.656,-0.234375,0.765625,0.53125
25.687,-0.28125,0.78125,0.578125
25.718,-0.5625,0.890625,0.546875
25.750,-0.59375,0.90625,0.59375
25.781,-0.78125,1.015625,0.34375
25.812,-0.40625,1.09375,0.234375
25.843,-0.375,1.390625,0.296875
25.875,-0.796875,1.515625,-0.109375
25.906,-0.453125,0.75,-0.234375
25.937,-0.421875,0.6875,-0.171875
25.968,-0.609375,1.0,-0.140625
26.000,-0.6875,0.953125,-0.15625
26.031,-0.625,0.84375,-0.15625
26.062,-0.46875,0.765625,-0.234375
26.093,-0.40625,0.828125,-0.25
26.125,-0.34375,0.8125,-0.265625
26.156,-0.28125,0.78125,-0.234375
26.187,-0.265625,0.71875,-0.25
26.218,-0.3125,0.703125,-0.25
26.250,-0.359375,0.703125,-0.203125
26.281,-0.46875,0.734375,-0.171875
26.312,-0.53125,0.78125,-0.15625
26.343,-0.5,0.859375,0.09375
26.375,-0.53125,0.828125,0.078125
26.406,-0.65625,0.84375,-0.046875
26.437,-0.765625,0.875,-0.21875
26.468,-0.734375,0.90625,-0.15625
26.500,-0.734375,0.90625,-0.046875
26.531,-0.671875,0.875,0.125
26.562,-0.609375,0.828125,0.15625
26.593,-0.609375,0.953125,0.109375
26.625,-0.9375,1.1875,0.09375
26.656,-0.953125,0.96875,0.046875
26.687,-0.375,0.734375,0.109375
26.718,-0.109375,0.796875,0.203125
26.750,-0.171875,1.046875,0.25
26.781,-0.40625,1.21875,0.140625
26.812,-0.4375,1.15625,0.109375
26.843,-0.34375,0.9375,0.09375
26.875,-0.3125,0.84375,0.09375
26.906,-0.359375,0.734375,0.078125
26.937,-0.40625,0.734375,0.078125
26.968,-0.390625,0.734375,0.09375
27.000,-0.390625,0.765625,0.078125
27.031,-0.421875,0.78125,0.109375
27.062,-0.421875,0.796875,0.125
27.093,-0.40625,0.890625,0.203125
27.125,-0.359375,0.9375,0.203125
27.156,-0.34375,0.96875,0.21875
27.187,-0.34375,0.921875,0.21875
27.218,-0.328125,0.921875,0.21875
27.250,-0.390625,0.96875,0.203125
27.281,-0.390625,0.96875,0.21875
27.312,-0.359375,0.96875,0.1875
27.343,-0.40625,1.140625,0.15625
27.375,-0.5,1.328125,0.1875
27.406,-0.453125,1.078125,0.25
27.437,-0.125,0.578125,0.09375
27.468,-0.15625,0.734375,0.109375
27.500,-0.421875,1.203125,0.109375
27.531,-0.484375,1.328125,0.125
27.562,-0.375,1.234375,0.109375
27.593,-0.140625,1.015625,0.203125
27.625,-0.0625,0.9375,0.203125
27.656,-0.03125,0.84375,0.15625
27.687,-0.078125,0.859375,0.125
27.718,-0.15625,0.859375,0.09375
27.750,-0.1875,0.8125,0.109375
27.781,-0.21875,0.796875,0.09375
27.812,-0.28125,0.71875,0.046875
27.843,-0.3125,0.734375,0.03125
27.875,-0.375,0.84375,0.03125
27.906,-0.359375,0.90625,0.078125
27.937,-0.359375,0.90625,0.09375
27.968,-0.328125,1.0,0.140625
28.000,-0.34375,1.390625,0.046875
28.031,-0.546875,1.859375,0.1875
28.062,-0.515625,1.171875,0.328125
28.093,-0.171875,0.828125,0.359375
28.125,0.09375,0.625,0.34375
28.156,-0.203125,1.046875,0.21875
28.187,-0.234375,1.203125,0.21875
28.218,-0.390625,1.28125,0.109375
28.250,-0.359375,1.125,0.140625
28.281,-0.28125,0.953125,0.15625
28.312,-0.234375,0.90625,0.203125
28.343,-0.21875,0.90625,0.1875
28.375,-0.203125,1.046875,0.171875
28.406,-0.21875,1.0,0.078125
28.437,-0.25,0.9375,0.0625
28.468,-0.25,0.796875,0.09375
28.500,-0.234375,0.71875,0.09375
28.531,-0.265625,0.609375,0.109375
28.562,-0.390625,0.625,0.125
28.593,-0.359375,0.6875,0.21875
28.625,-0.53125,0.875,0.3125
28.656,-0.53125,0.921875,0.328125
28.687,-0.578125,1.0,0.109375
28.718,-0.53125,1.28125,0.109375
28.750,-0.625,1.53125,0.171875
28.781,-0.609375,1.109375,0.109375
28.812,-0.5,0.765625,0.125
28.843,-0.5,0.734375,0.171875
28.875,-0.5,1.171875,0.09375
28.906,-0.484375,1.28125,0.0625
28.937,-0.421875,1.203125,0.046875
28.968,-0.359375,1.09375,0.0625
29.000,-0.265625,1.046875,0.125
29.031,-0.171875,0.9375,0.140625
29.062,-0.15625,0.921875,0.125
29.093,-0.1875,0.9375,0.078125
29.125,-0.234375,0.953125,0.0625
29.156,-0.234375,0.953125,0.046875
29.187,-0.265625,0.859375,0.015625
29.218,-0.28125,0.84375,0.015625
29.250,-0.25,0.84375,0.03125
29.281,-0.234375,0.875,0.046875
29.312,-0.25,0.875,0.046875
29.343,-0.28125,0.8125,0.078125
29.375,-0.28125,0.765625,0.109375
29.406,-0.25,0.75,0.140625
29.437,-0.1875,1.109375,-0.0625
29.468,-0.421875,1.640625,0.078125
29.500,-0.8125,1.125,0.390625
29.531,-0.171875,0.53125,0.40625
29.562,-0.078125,0.640625,0.40625
29.593,-0.1875,1.21875,0.265625
29.625,-0.296875,1.421875,0.21875
29.656,-0.390625,1.0625,0.171875
29.687,-0.375,0.90625,0.296875
29.718,-0.28125,0.859375,0.328125
29.750,-0.140625,0.921875,0.421875
29.781,-0.1875,0.90625,0.375
29.812,-0.375,0.875,0.234375
29.843,-0.46875,0.921875,0.140625
29.875,-0.4375,0.90625,0.140625
29.906,-0.359375,0.84375,0.21875
29.937,-0.359375,0.796875,0.21875
29.968,-0.328125,0.75,0.21875
30.000,-0.296875,0.84375,0.1875
30.031,-0.265625,0.890625,0.171875
30.062,-0.296875,1.046875,0.15625
30.093,-0.34375,1.125,0.15625
30.125,-0.375,1.3125,0.1875
30.156,-0.453125,1.296875,0.28125
30.187,-0.375,1.046875,0.25
30.218,-0.25,0.875,0.1875
30.250,-0.203125,1.03125,0.171875
30.281,-0.21875,1.140625,0.140625
30.312,-0.265625,1.296875,0.09375
30.343,-0.28125,1.265625,0.125
30.375,-0.234375,1.1875,0.1875
30.406,-0.15625,0.984375,0.1875
30.437,-0.140625,0.90625,0.15625
30.468,-0.125,0.78125,0.109375
30.500,-0.15625,0.6875,0.078125
30.531,-0.1875,0.671875,0.078125
30.562,-0.265625,0.625,0.078125
30.593,-0.28125,0.625,0.0625
30.625,-0.296875,0.625,0.0625
30.656,-0.296875,0.671875,0.0625
30.687,-0.296875,0.734375,0.078125
30.718,-0.375,0.9375,0.109375
30.750,-0.421875,1.0625,0.109375
30.781,-0.46875,1.8125,0.03125
30.812,-0.453125,1.921875,0.515625
30.843,-0.109375,1.171875,0.5
30.875,0.3125,0.71875,0.359375
30.906,0.3125,0.53125,0.28125
30.937,-0.15625,0.828125,0.109375
30.968,-0.546875,1.15625,0.015625
31.000,-0.5,1.234375,0.109375
31.031,-0.34375,1.03125,0.109375
31.062,-0.15625,0.875,0.125
31.093,-0.234375,0.8125,0.109375
31.125,-0.46875,0.78125,0.125
31.156,-0.453125,0.859375,0.140625
31.187,-0.375,0.953125,0.09375
31.218,-0.3125,0.90625,0.046875
31.250,-0.328125,0.859375,0.03125
31.281,-0.4375,0.75,0.03125
31.312,-0.421875,0.703125,0.015625
31.343,-0.25,0.71875,0.109375
31.375,-0.3125,1.046875,0.53125
31.406,-0.5,1.265625,0.875
31.437,-0.546875,1.328125,0.859375
31.468,-0.484375,1.109375,0.546875
31.500,-0.515625,1.234375,0.171875
31.531,-0.421875,1.140625,0.015625
31.562,-0.359375,0.9375,-0.09375
31.593,-0.203125,0.78125,-0.140625
31.625,-0.265625,0.9375,-0.015625
31.656,-0.328125,1.015625,0.0625
31.687,-0.328125,1.125,0.140625
31.718,-0.234375,1.046875,0.171875
31.750,-0.21875,0.890625,0.140625
31.781,-0.234375,0.828125,0.078125
31.812,-0.234375,0.828125,0.046875
31.843,-0.28125,0.828125,0.0
31.875,-0.28125,0.8125,-0.015625
31.906,-0.3125,0.828125,-0.015625
31.937,-0.296875,0.796875,0.03125
31.968,-0.296875,0.796875,0.046875
32.000,-0.34375,0.84375,0.0625
32.031,-0.34375,0.90625,0.046875
32.062,-0.34375,1.03125,0.046875
32.093,-0.28125,1.109375,0.140625
32.125,-0.265625,1.171875,0.234375
32.156,-0.140625,1.21875,0.234375
32.187,-0.515625,1.671875,0.3125
32.218,-0.578125,1.5,0.4375
32.250,-0.09375,0.78125,0.453125
32.281,-0.09375,0.578125,0.375
32.312,-0.328125,0.640625,0.21875
32.343,-0.375,0.875,0.1875
32.375,-0.4375,1.015625,0.171875
32.406,-0.46875,1.15625,0.15625
32.437,-0.421875,1.109375,0.171875
32.468,-0.28125,0.984375,0.203125
32.500,-0.109375,0.890625,0.1875
32.531,-0.140625,0.890625,0.140625
32.562,-0.28125,0.90625,0.078125
32.593,-0.328125,0.875,0.0625
32.625,-0.3125,0.8125,0.0625
32.656,-0.234375,0.71875,0.109375
32.687,-0.21875,0.71875,0.125
32.718,-0.28125,0.765625,0.140625
32.750,-0.4375,0.921875,0.171875
32.781,-0.453125,1.015625,0.1875
32.812,-0.390625,1.125,0.1875
32.843,-0.328125,1.40625,0.546875
32.875,-0.71875,1.5625,0.359375
32.906,-0.4375,1.0,0.265625
32.937,-0.359375,0.875,0.234375
32.968,-0.28125,0.71875,0.140625
33.000,-0.296875,0.75,0.03125
33.031,-0.28125,0.875,0.015625
33.062,-0.375,1.125,0.0625
33.093,-0.375,1.109375,0.078125
33.125,-0.328125,1.09375,0.0625
33.156,-0.3125,1.03125,0.03125
33.187,-0.28125,0.921875,0.03125
33.218,-0.203125,0.8125,0.0625
33.250,-0.171875,0.828125,0.0625
33.281,-0.1875,0.890625,0.046875
33.312,-0.265625,0.9375,0.046875
33.343,-0.296875,0.9375,0.0625
33.375,-0.296875,0.875,0.09375
33.406,-0.296875,0.859375,0.09375
33.437,-0.265625,0.875,0.109375
33.468,-0.265625,0.890625,0.09375
33.500,-0.25,0.921875,0.09375
33.531,-0.265625,1.0,0.15625
33.562,-0.25,1.171875,0.078125
33.593,-0.34375,1.65625,0.109375
33.625,-0.578125,1.5,0.375
33.656,-0.375,1.109375,0.453125
33.687,0.015625,0.65625,0.328125
33.718,0.0625,0.71875,0.140625
33.750,-0.03125,0.84375,0.046875
33.781,-0.296875,1.0625,0.03125
33.812,-0.421875,1.109375,0.078125
33.843,-0.453125,1.0,0.15625
33.875,-0.328125,0.921875,0.25
33.906,-0.203125,0.890625,0.34375
33.937,0.046875,0.8125,0.359375
33.968,0.0,0.796875,0.28125
34.000,-0.296875,0.828125,0.09375
34.031,-0.40625,0.828125,0.078125
34.062,-0.390625,0.828125,0.140625
34.093,-0.21875,0.859375,0.25
34.125,-0.140625,0.875,0.3125
34.156,-0.1875,0.9375,0.3125
34.187,-0.234375,1.03125,0.328125
34.218,-0.25,1.078125,0.359375
34.250,-0.390625,1.109375,0.28125
34.281,-0.40625,1.171875,0.203125
34.312,-0.515625,1.375,0.171875
34.343,-0.53125,1.28125,0.203125
34.375,-0.4375,1.0625,0.171875
34.406,-0.3125,0.796875,0.15625
34.437,-0.265625,0.75,0.140625
34.468,-0.234375,0.796875,0.109375
34.500,-0.296875,1.015625,0.046875
34.531,-0.34375,1.09375,0.046875
34.562,-0.34375,1.09375,0.078125
34.593,-0.296875,1.109375,0.125
34.625,-0.25,1.0625,0.15625
34.656,-0.1875,0.90625,0.125
34.687,-0.15625,0.828125,0.09375
34.718,-0.15625,0.84375,0.078125
34.750,-0.1875,0.875,0.046875
34.781,-0.234375,0.890625,0.046875
34.812,-0.28125,0.890625,0.09375
34.843,-0.3125,0.859375,0.109375
34.875,-0.3125,0.84375,0.125
34.906,-0.296875,0.859375,0.125
34.937,-0.28125,0.875,0.125
34.968,-0.328125,0.96875,0.125
35.000,-0.328125,1.015625,0.1875
35.031,-0.3125,1.015625,0.234375
35.062,-0.171875,1.1875,0.140625
35.093,-0.25,1.5625,0.15625
35.125,-0.40625,1.375,0.40625
35.156,-0.0625,0.734375,0.359375
35.187,0.078125,0.59375,0.25
35.218,0.0625,0.78125,0.109375
35.250,-0.265625,1.09375,0.078125
35.281,-0.25,1.125,0.15625
35.312,-0.421875,1.140625,0.125
35.343,-0.40625,1.046875,0.078125
35.375,-0.359375,0.859375,0.125
35.406,-0.25,0.84375,0.203125
35.437,-0.1875,0.890625,0.21875
35.468,-0.25,0.890625,0.15625
35.500,-0.34375,0.859375,0.109375
35.531,-0.359375,0.84375,0.109375
35.562,-0.28125,0.828125,0.140625
35.593,-0.21875,0.84375,0.171875
35.625,-0.21875,0.921875,0.28125
35.656,-0.296875,0.921875,0.359375
35.687,-0.25,0.921875,0.4375
35.718,-0.265625,1.0625,0.46875
35.750,-0.5,1.125,0.234375
35.781,-0.703125,1.515625,0.078125
35.812,-0.4375,1.15625,0.09375
35.843,-0.28125,0.9375,0.109375
35.875,-0.09375,0.734375,0.1875
35.906,-0.109375,0.703125,0.203125
35.937,-0.1875,0.921875,0.125
35.968,-0.359375,1.078125,0.109375
36.000,-0.390625,1.09375,0.109375
36.031,-0.375,1.125,0.109375
36.062,-0.296875,1.078125,0.109375
36.093,-0.1875,0.96875,0.09375
36.125,-0.140625,0.890625,0.109375
36.156,-0.140625,0.84375,0.125
36.187,-0.125,0.796875,0.109375
36.218,-0.1875,0.828125,0.125
36.250,-0.25,0.8125,0.140625
36.281,-0.28125,0.78125,0.109375
36.312,-0.28125,0.796875,0.0625
36.343,-0.28125,0.859375,0.03125
36.375,-0.34375,0.9375,0.078125
36.406,-0.40625,0.984375,0.109375
36.437,-0.453125,0.984375,0.15625
36.468,-0.40625,1.0,0.1875
36.500,-0.3125,1.09375,0.234375
36.531,-0.25,1.21875,0.265625
36.562,-0.265625,1.265625,0.25
36.593,-0.40625,1.5625,0.21875
36.625,-0.46875,1.578125,0.359375
36.656,-0.171875,0.796875,0.40625
36.687,-0.046875,0.515625,0.265625
36.718,-0.171875,0.65625,0.1875
36.750,-0.5625,1.140625,0.046875
36.781,-0.671875,1.328125,-0.140625
36.812,-0.640625,1.203125,-0.1875
36.843,-0.484375,1.015625,-0.078125
36.875,-0.453125,0.90625,-0.0625
36.906,-0.484375,0.8125,-0.09375
36.937,-0.65625,0.765625,-0.1875
36.968,-0.671875,0.765625,-0.1875
37.000,-0.71875,0.734375,-0.203125
37.031,-0.734375,0.734375,-0.234375
37.062,-0.828125,0.703125,-0.296875
37.093,-0.828125,0.71875,-0.296875
37.125,-0.84375,0.703125,-0.296875
37.156,-0.921875,0.671875,-0.28125
37.187,-0.984375,0.640625,-0.296875
37.218,-0.984375,0.5,-0.3125
37.250,-1.09375,0.421875,-0.328125
37.281,-0.953125,0.390625,-0.28125
37.312,-0.875,0.234375,-0.15625
37.343,-0.703125,0.140625,0.109375
37.375,-0.765625,0.09375,0.109375
37.406,-0.671875,-0.046875,0.09375
37.437,-0.578125,-0.03125,0.203125
37.468,-0.640625,-0.015625,0.421875
37.500,-0.671875,-0.046875,0.46875
37.531,-0.625,-0.046875,0.546875
37.562,-0.515625,0.0,0.625
37.593,-0.53125,0.0,0.609375
37.625,-0.28125,0.125,1.046875
37.656,-0.8125,0.015625,0.6875
37.687,-0.765625,0.0,0.71875
37.718,-0.625,-0.015625,0.703125
37.750,-0.703125,0.03125,0.703125
37.781,-0.828125,0.078125,0.6875
37.812,-0.921875,0.109375,0.703125
37.843,-0.96875,0.0625,0.625
37.875,-0.890625,-0.015625,0.609375
37.906,-1.03125,0.171875,0.640625
37.937,-0.921875,0.1875,0.671875
37.968,-0.84375,0.09375,0.578125
38.000,-0.859375,0.09375,0.578125
38.031,-0.734375,0.0625,0.546875
38.062,-0.6875,0.0625,0.578125
38.093,-0.625,0.09375,0.578125
38.125,-0.546875,0.125,0.5625
38.156,-0.59375,0.1875,0.5625
38.187,-0.484375,0.1875,0.515625
38.218,-0.328125,0.171875,0.484375
38.250,-0.359375,0.203125,0.578125
38.281,-0.640625,0.3125,0.515625
38.312,-0.6875,0.46875,0.578125
38.343,-0.625,0.53125,0.609375
38.375,-0.5625,0.640625,0.578125
38.406,-0.515625,0.671875,0.59375
38.437,-0.46875,0.75,0.625
38.468,-0.546875,0.84375,0.5625
38.500,-0.546875,0.90625,0.5625
38.531,-0.46875,0.96875,0.5
38.562,-0.453125,1.03125,0.453125
38.593,-0.40625,1.203125,0.5
38.625,-0.375,1.0625,0.4375
38.656,-0.34375,0.984375,0.390625
38.687,-0.21875,0.828125,0.375
38.718,-0.1875,0.765625,0.359375
38.750,-0.28125,0.875,0.328125
38.781,-0.484375,1.03125,0.3125
38.812,-0.59375,1.140625,0.265625
38.843,-0.515625,1.1875,0.3125
38.875,-0.390625,0.984375,0.28125
38.906,-0.34375,0.90625,0.21875
38.937,-0.28125,0.828125,0.234375
38.968,-0.265625,0.828125,0.265625
39.000,-0.3125,0.828125,0.28125
39.031,-0.40625,0.84375,0.171875
39.062,-0.4375,0.875,0.1875
39.093,-0.40625,0.90625,0.203125
39.125,-0.34375,0.890625,0.21875
39.156,-0.3125,0.90625,0.15625
39.187,-0.296875,0.953125,0.1875
39.218,-0.234375,1.015625,0.21875
39.250,-0.328125,1.03125,0.1875
39.281,-0.296875,1.0,0.203125
39.312,-0.375,1.234375,0.1875
39.343,-0.359375,1.28125,0.265625
39.375,-0.3125,1.03125,0.265625
39.406,-0.1875,0.953125,0.25
39.437,-0.140625,0.78125,0.1875
39.468,-0.1875,0.8125,0.1875
39.500,-0.3125,0.96875,0.203125
39.531,-0.359375,1.03125,0.1875
39.562,-0.28125,1.03125,0.21875
39.593,-0.15625,0.90625,0.28125
39.625,-0.140625,0.828125,0.25
39.656,-0.28125,0.828125,0.265625
39.687,-0.265625,0.828125,0.3125
39.718,-0.25,0.859375,0.34375
39.750,-0.171875,0.875,0.359375
39.781,-0.15625,0.875,0.375
39.812,-0.171875,0.921875,0.390625
39.843,-0.1875,0.90625,0.359375
39.875,-0.1875,0.921875,0.375
39.906,-0.171875,0.90625,0.359375
39.937,-0.1875,0.90625,0.34375
39.968,-0.25,0.890625,0.328125
40.000,-0.234375,0.859375,0.328125
40.031,-0.234375,0.859375,0.328125
40.062,-0.1875,0.90625,0.4375
40.093,-0.140625,0.953125,0.546875
40.125,-0.1875,1.0,0.46875
40.156,-0.671875,0.96875,0.125
40.187,-0.578125,0.890625,0.109375
40.218,-0.453125,0.96875,0.203125
40.250,-0.421875,1.015625,0.234375
40.281,-0.453125,1.25,0.234375
40.312,-0.34375,1.3125,0.203125
40.343,-0.28125,1.203125,0.21875
40.375,-0.15625,0.96875,0.234375
40.406,-0.125,0.875,0.171875
40.437,-0.140625,0.875,0.140625
40.468,-0.171875,0.90625,0.15625
40.500,-0.1875,0.921875,0.140625
40.531,-0.21875,0.890625,0.015625
40.562,-0.28125,0.90625,-0.015625
40.593,-0.296875,0.90625,-0.015625
40.625,-0.328125,0.890625,0.03125
40.656,-0.328125,0.875,0.078125
40.687,-0.34375,0.890625,0.1875
40.718,-0.296875,0.875,0.34375
40.750,-0.265625,0.84375,0.34375
40.781,-0.265625,0.890625,0.34375
40.812,-0.296875,0.96875,0.359375
40.843,-0.3125,0.96875,0.359375
40.875,-0.34375,1.0,0.3125
40.906,-0.328125,1.046875,0.3125
40.937,-0.359375,1.125,0.3125
40.968,-0.34375,0.984375,0.34375
41.000,-0.3125,0.9375,0.34375
41.031,-0.265625,0.953125,0.34375
41.062,-0.25,0.96875,0.34375
41.093,-0.21875,1.0625,0.328125
41.125,-0.21875,1.109375,0.296875
41.156,-0.1875,1.0625,0.3125
41.187,-0.1875,0.953125,0.265625
41.218,-0.203125,0.921875,0.25
41.250,-0.1875,0.90625,0.265625
41.281,-0.1875,0.921875,0.296875
41.312,-0.203125,0.921875,0.296875
41.343,-0.21875,0.90625,0.3125
41.375,-0.203125,0.875,0.3125
41.406,-0.15625,0.875,0.296875
41.437,-0.109375,0.953125,0.328125
41.468,-0.125,0.96875,0.328125
41.500,-0.15625,0.984375,0.328125
41.531,-0.15625,0.96875,0.296875
41.562,-0.140625,0.953125,0.296875
41.593,-0.125,0.96875,0.265625
41.625,-0.109375,1.0,0.25
41.656,-0.109375,1.03125,0.265625
41.687,-0.15625,1.046875,0.265625
41.718,-0.15625,1.03125,0.265625
41.750,-0.171875,0.953125,0.234375
41.781,-0.171875,0.9375,0.234375
41.812,-0.171875,0.953125,0.234375
41.843,-0.25,1.0,0.21875
41.875,-0.25,1.015625,0.21875
41.906,-0.296875,1.015625,0.21875
41.937,-0.296875,0.921875,0.234375
41.968,-0.28125,0.890625,0.21875
42.000,-0.28125,0.890625,0.21875
42.031,-0.28125,0.90625,0.21875
42.062,-0.28125,0.9375,0.21875
42.093,-0.28125,0.9375,0.21875
42.125,-0.296875,0.9375,0.21875
42.156,-0.328125,0.9375,0.203125
42.187,-0.328125,0.953125,0.203125
42.218,-0.328125,0.96875,0.21875
42.250,-0.3125,0.953125,0.203125
42.281,-0.296875,0.953125,0.21875
42.312,-0.28125,0.921875,0.21875
42.343,-0.28125,0.921875,0.203125
42.375,-0.28125,0.921875,0.21875
42.406,-0.296875,0.921875,0.203125
42.437,-0.3125,0.921875,0.203125
42.468,-0.3125,0.96875,0.203125
42.500,-0.328125,0.984375,0.203125
42.531,-0.328125,1.0,0.203125
42.562,-0.3125,0.96875,0.21875
42.593,-0.296875,0.953125,0.203125
42.625,-0.28125,0.96875,0.203125
42.656,-0.28125,1.015625,0.21875
42.687,-0.265625,1.0,0.21875
42.718,-0.265625,0.96875,0.21875
42.750,-0.265625,0.984375,0.203125
42.781,-0.25,0.96875,0.21875
42.812,-0.25,0.984375,0.1875
42.843,-0.25,0.984375,0.203125
42.875,-0.25,0.984375,0.1875
42.906,-0.25,0.984375,0.1875
42.937,-0.25,0.984375,0.1875
42.968,-0.234375,0.953125,0.1875
43.000,-0.234375,0.9375,0.171875
43.031,-0.234375,0.9375,0.171875
43.062,-0.25,0.953125,0.1875
43.093,-0.25,0.953125,0.171875
43.125,-0.234375,0.96875,0.171875
43.156,-0.234375,0.96875,0.171875
43.187,-0.25,0.96875,0.171875
43.218,-0.25,0.9375,0.171875
43.250,-0.265625,0.921875,0.1875
43.281,-0.265625,0.890625,0.1875
43.312,-0.265625,0.890625,0.1875
43.343,-0.28125,0.890625,0.1875
43.375,-0.296875,0.9375,0.1875
43.406,-0.296875,0.953125,0.1875
43.437,-0.3125,1.03125,0.203125
43.468,-0.28125,1.0625,0.21875
43.500,-0.265625,1.0625,0.21875
43.531,-0.21875,1.109375,0.21875
43.562,-0.1875,1.109375,0.21875
43.593,-0.15625,1.078125,0.21875
43.625,-0.140625,1.0,0.203125
43.656,-0.15625,0.984375,0.1875
43.687,-0.1875,0.953125,0.1875
43.718,-0.21875,0.9375,0.1875
43.750,-0.21875,0.9375,0.171875
43.781,-0.21875,0.953125,0.15625
43.812,-0.21875,0.9375,0.15625
43.843,-0.25,0.9375,0.140625
43.875,-0.25,0.953125,0.125
43.906,-0.265625,1.0,0.15625
43.937,-0.265625,0.984375,0.15625
43.968,-0.25,0.984375,0.15625
44.000,-0.21875,0.953125,0.15625
44.031,-0.21875,0.921875,0.140625
44.062,-0.203125,0.9375,0.15625
44.093,-0.203125,0.953125,0.171875
44.125,-0.21875,0.984375,0.171875
44.156,-0.21875,1.015625,0.171875
44.187,-0.234375,1.015625,0.171875
44.218,-0.234375,1.0,0.15625
44.250,-0.203125,1.0,0.171875
44.281,-0.1875,0.984375,0.171875
44.312,-0.171875,0.96875,0.171875
44.343,-0.21875,0.96875,0.15625
44.375,-0.21875,0.984375,0.15625
44.406,-0.15625,0.96875,0.171875
44.437,-0.109375,1.03125,0.203125
44.468,-0.09375,1.0625,0.21875
44.500,-0.09375,1.0625,0.21875
44.531,-0.09375,1.078125,0.21875
44.562,-0.078125,1.0,0.234375
44.593,-0.125,0.984375,0.21875
44.625,-0.125,0.96875,0.21875
44.656,-0.109375,0.921875,0.234375
44.687,-0.109375,0.921875,0.234375
44.718,-0.09375,0.953125,0.234375
44.750,-0.109375,0.984375,0.234375
44.781,-0.125,1.0,0.234375
44.812,-0.15625,1.0,0.234375
44.843,-0.15625,1.0,0.234375
44.875,-0.171875,1.0,0.25
44.906,-0.1875,0.984375,0.234375
44.937,-0.203125,1.0,0.25
44.968,-0.21875,0.984375,0.28125
45.000,-0.1875,0.96875,0.296875
45.031,-0.171875,0.953125,0.296875
45.062,-0.171875,0.953125,0.328125
45.093,-0.15625,0.9375,0.34375
45.125,-0.1875,0.953125,0.3125
45.156,-0.234375,0.9375,0.28125
45.187,-0.234375,0.9375,0.28125
45.218,-0.265625,0.921875,0.265625
45.250,-0.28125,0.90625,0.25
45.281,-0.265625,0.90625,0.296875
45.312,-0.09375,0.921875,0.4375
45.343,-0.09375,0.9375,0.4375
45.375,-0.328125,1.0,0.3125
45.406,-0.359375,1.0,0.265625
45.437,-0.328125,0.984375,0.234375
45.468,-0.265625,0.9375,0.203125
45.500,-0.265625,0.921875,0.1875
45.531,-0.3125,0.921875,0.171875
45.562,-0.390625,0.984375,0.171875
45.593,-0.40625,1.0,0.171875
45.625,-0.34375,1.015625,0.203125
45.656,-0.296875,1.015625,0.203125
45.687,-0.21875,0.984375,0.1875
45.718,-0.203125,0.953125,0.171875
45.750,-0.234375,0.9375,0.171875
45.781,-0.265625,0.96875,0.15625
45.812,-0.28125,1.0,0.15625
45.843,-0.25,1.0625,0.15625
45.875,-0.21875,1.015625,0.140625
45.906,-0.203125,0.96875,0.125
45.937,-0.21875,0.953125,0.171875
45.968,-0.15625,0.953125,0.21875
46.000,-0.203125,0.890625,0.203125
46.031,-0.21875,0.890625,0.234375
46.062,-0.25,0.921875,0.234375
46.093,-0.265625,0.890625,0.234375
46.125,-0.28125,0.921875,0.21875
46.156,-0.28125,0.921875,0.234375
46.187,-0.265625,0.9375,0.21875
46.218,-0.28125,1.0,0.21875
46.250,-0.265625,1.109375,0.265625
46.281,-0.25,0.953125,0.25
46.312,-0.234375,0.875,0.234375
46.343,-0.234375,0.921875,0.25
46.375,-0.234375,0.984375,0.265625
46.406,-0.1875,1.0,0.265625
46.437,-0.1875,1.03125,0.28125
46.468,-0.21875,1.046875,0.28125
46.500,-0.265625,1.0,0.234375
46.531,-0.3125,0.984375,0.21875
46.562,-0.28125,0.9375,0.234375
46.593,-0.1875,0.921875,0.265625
46.625,-0.15625,0.9375,0.28125
46.656,-0.140625,0.953125,0.265625
46.687,-0.15625,0.96875,0.25
46.718,-0.15625,0.96875,0.234375
46.750,-0.15625,0.96875,0.203125
46.781,-0.15625,0.984375,0.1875
46.812,-0.15625,0.984375,0.1875
46.843,-0.171875,0.96875,0.1875
46.875,-0.171875,0.9375,0.1875
46.906,-0.15625,0.921875,0.203125
46.937,-0.140625,0.9375,0.21875
46.968,-0.15625,0.9375,0.21875
47.000,-0.15625,0.953125,0.21875
47.031,-0.171875,0.953125,0.21875
47.062,-0.203125,0.9375,0.21875
47.093,-0.1875,0.921875,0.234375
47.125,-0.1875,0.90625,0.234375
47.156,-0.203125,0.890625,0.21875
47.187,-0.203125,0.953125,0.25
47.218,-0.234375,1.0625,0.25
47.250,-0.21875,1.296875,0.390625
47.281,-0.0625,1.25,0.5
47.312,-0.3125,1.0625,0.296875
47.343,-0.359375,0.890625,0.234375
47.375,-0.453125,0.78125,0.140625
47.406,-0.328125,1.015625,0.265625
47.437,-0.328125,1.078125,0.265625
47.468,-0.296875,1.109375,0.234375
47.500,-0.234375,1.125,0.25
47.531,-0.140625,1.078125,0.234375
47.562,-0.125,0.953125,0.1875
47.593,-0.140625,0.890625,0.171875
47.625,-0.265625,0.8125,0.171875
47.656,-0.34375,0.796875,0.203125
47.687,-0.359375,0.8125,0.203125
47.718,-0.328125,0.890625,0.234375
47.750,-0.296875,0.90625,0.234375
47.781,-0.25,0.875,0.25
47.812,-0.265625,0.875,0.25
47.843,-0.265625,0.875,0.28125
47.875,-0.28125,0.84375,0.3125
47.906,-0.296875,0.828125,0.3125
47.937,-0.3125,0.8125,0.328125
47.968,-0.328125,0.828125,0.3125
48.000,-0.328125,0.890625,0.3125
48.031,-0.328125,0.984375,0.265625
48.062,-0.359375,1.46875,0.3125
48.093,-0.359375,1.390625,0.34375
48.125,-0.3125,0.9375,0.34375
48.156,-0.296875,0.8125,0.3125
48.187,-0.28125,0.78125,0.265625
48.218,-0.203125,0.890625,0.3125
48.250,-0.171875,0.953125,0.328125
48.281,-0.1875,0.96875,0.265625
48.312,-0.21875,0.96875,0.234375
48.343,-0.28125,1.078125,0.234375
48.375,-0.375,1.15625,0.1875
48.406,-0.3125,1.109375,0.21875
48.437,-0.1875,0.984375,0.25
48.468,-0.140625,0.953125,0.25
48.500,-0.0625,0.84375,0.234375
48.531,-0.03125,0.84375,0.265625
48.562,-0.03125,0.84375,0.28125
48.593,-0.078125,0.8125,0.28125
48.625,-0.109375,0.8125,0.25
48.656,-0.140625,0.859375,0.265625
48.687,-0.140625,0.90625,0.296875
48.718,-0.15625,0.9375,0.328125
48.750,-0.21875,0.96875,0.359375
48.781,-0.25,1.0,0.328125
48.812,-0.203125,1.046875,0.359375
48.843,-0.015625,1.265625,0.59375
48.875,-0.015625,1.1875,0.484375
48.906,-0.421875,1.0625,0.203125
48.937,-0.3125,0.859375,0.1875
48.968,-0.3125,0.828125,0.15625
49.000,-0.359375,1.015625,0.1875
49.031,-0.40625,1.046875,0.171875
49.062,-0.453125,1.046875,0.15625
49.093,-0.390625,1.0,0.1875
49.125,-0.34375,0.953125,0.1875
49.156,-0.265625,0.8125,0.1875
49.187,-0.265625,0.75,0.234375
49.218,-0.265625,0.734375,0.21875
49.250,-0.265625,0.828125,0.21875
49.281,-0.265625,0.890625,0.234375
49.312,-0.28125,1.0,0.25
49.343,-0.265625,0.984375,0.234375
49.375,-0.25,0.984375,0.25
49.406,-0.25,1.015625,0.25
49.437,-0.25,1.046875,0.265625
49.468,-0.234375,1.03125,0.296875
49.500,-0.28125,1.078125,0.265625
49.531,-0.3125,1.28125,0.3125
49.562,-0.28125,1.09375,0.328125
49.593,-0.28125,0.9375,0.28125
49.625,-0.234375,0.859375,0.28125
49.656,-0.1875,0.78125,0.25
49.687,-0.15625,0.765625,0.25
49.718,-0.109375,0.8125,0.234375
49.750,-0.125,1.015625,0.21875
49.781,-0.140625,1.125,0.21875
49.812,-0.234375,1.203125,0.140625
49.843,-0.28125,1.140625,0.140625
49.875,-0.234375,0.984375,0.171875
49.906,-0.203125,0.90625,0.21875
49.937,-0.1875,0.875,0.234375
49.968,-0.078125,0.8125,0.265625
50.000,-0.140625,0.8125,0.3125
50.031,-0.171875,0.84375,0.3125
50.062,-0.3125,0.859375,0.265625
50.093,-0.28125,0.84375,0.296875
50.125,-0.265625,0.90625,0.28125
50.156,-0.234375,0.921875,0.3125
50.187,-0.25,0.953125,0.328125
50.218,-0.234375,0.984375,0.359375
50.250,-0.234375,1.015625,0.359375
50.281,-0.25,1.03125,0.390625
50.312,-0.25,0.984375,0.359375
50.343,-0.328125,1.078125,0.359375
50.375,-0.375,1.1875,0.359375
50.406,-0.34375,1.09375,0.328125
50.437,-0.296875,0.921875,0.296875
50.468,-0.296875,0.734375,0.1875
50.500,-0.328125,0.78125,0.171875
50.531,-0.390625,0.984375,0.171875
50.562,-0.421875,1.03125,0.15625
50.593,-0.375,1.09375,0.171875
50.625,-0.296875,1.078125,0.171875
50.656,-0.25,1.0,0.171875
50.687,-0.234375,0.84375,0.171875
50.718,-0.234375,0.78125,0.171875
50.750,-0.265625,0.78125,0.1875
50.781,-0.265625,0.8125,0.25
50.812,-0.265625,0.828125,0.265625
50.843,-0.34375,0.84375,0.234375
50.875,-0.375,0.84375,0.21875
50.906,-0.390625,0.859375,0.203125
50.937,-0.40625,0.921875,0.21875
50.968,-0.40625,0.96875,0.21875
51.000,-0.359375,1.0,0.25
51.031,-0.34375,1.03125,0.28125
51.062,-0.34375,1.0625,0.328125
51.093,-0.34375,1.0625,0.328125
51.125,-0.375,1.1875,0.3125
51.156,-0.421875,1.453125,0.390625
51.187,-0.3125,0.921875,0.296875
51.218,-0.234375,0.71875,0.25
51.250,-0.21875,0.734375,0.1875
51.281,-0.203125,0.9375,0.125
51.312,-0.21875,1.0625,0.125
51.343,-0.234375,1.171875,0.171875
51.375,-0.203125,1.0625,0.234375
51.406,-0.21875,0.796875,0.171875
51.437,-0.3125,0.828125,0.1875
51.468,-0.28125,0.84375,0.21875
51.500,-0.25,0.796875,0.234375
51.531,-0.25,0.765625,0.234375
51.562,-0.296875,0.765625,0.265625
51.593,-0.328125,0.78125,0.328125
51.625,-0.34375,0.796875,0.3125
51.656,-0.28125,0.859375,0.296875
51.687,-0.265625,0.875,0.296875
51.718,-0.25,0.9375,0.25
51.750,-0.265625,0.96875,0.234375
51.781,-0.25,0.96875,0.234375
51.812,-0.296875,1.109375,0.234375
51.843,-0.359375,1.4375,0.328125
51.875,-0.328125,1.296875,0.328125
51.906,-0.265625,0.84375,0.296875
51.937,-0.234375,0.703125,0.265625
51.968,-0.296875,0.890625,0.203125
52.000,-0.3125,1.125,0.25
52.031,-0.296875,1.171875,0.25
52.062,-0.1875,1.15625,0.296875
52.093,-0.15625,1.046875,0.25
52.125,-0.140625,0.921875,0.171875
52.156,-0.125,0.875,0.140625
52.187,-0.109375,0.859375,0.109375
52.218,-0.171875,0.84375,0.109375
52.250,-0.171875,0.828125,0.140625
52.281,-0.203125,0.859375,0.171875
52.312,-0.25,0.875,0.21875
52.343,-0.265625,0.875,0.21875
52.375,-0.34375,0.953125,0.171875
52.406,-0.265625,1.0625,0.171875
52.437,-0.234375,1.09375,0.171875
52.468,-0.234375,1.078125,0.203125
52.500,-0.265625,1.0625,0.171875
52.531,-0.359375,1.40625,0.296875
52.562,-0.265625,1.046875,0.34375
52.593,-0.25,0.859375,0.328125
52.625,-0.265625,0.65625,0.21875
52.656,-0.28125,0.671875,0.1875
52.687,-0.359375,0.90625,0.0625
52.718,-0.34375,1.15625,0.046875
52.750,-0.296875,1.1875,0.078125
52.781,-0.265625,1.078125,0.140625
52.812,-0.359375,0.984375,0.125
52.843,-0.328125,0.9375,0.15625
52.875,-0.21875,0.875,0.1875
52.906,-0.140625,0.859375,0.1875
52.937,-0.125,0.828125,0.1875
52.968,-0.140625,0.796875,0.28125
53.000,-0.171875,0.78125,0.28125
53.031,-0.28125,0.78125,0.28125
53.062,-0.3125,0.796875,0.328125
53.093,-0.328125,0.78125,0.328125
53.125,-0.265625,0.8125,0.328125
53.156,-0.21875,0.890625,0.375
53.187,-0.171875,1.03125,0.46875
53.218,-0.25,1.046875,0.453125
53.250,-0.359375,1.125,0.375
53.281,-0.359375,0.984375,0.3125
53.312,-0.328125,0.921875,0.265625
53.343,-0.296875,1.015625,0.265625
53.375,-0.328125,1.078125,0.3125
53.406,-0.34375,1.109375,0.3125
53.437,-0.28125,1.078125,0.3125
53.468,-0.234375,1.015625,0.296875
53.500,-0.1875,0.84375,0.234375
53.531,-0.21875,0.734375,0.21875
53.562,-0.296875,0.71875,0.203125
53.593,-0.359375,0.796875,0.21875
53.625,-0.375,0.84375,0.25
53.656,-0.359375,0.9375,0.28125
53.687,-0.328125,0.96875,0.25
53.718,-0.296875,0.96875,0.25
53.750,-0.25,1.046875,0.234375
53.781,-0.21875,1.078125,0.21875
53.812,-0.171875,1.203125,0.25
53.843,-0.171875,1.296875,0.3125
53.875,-0.15625,1.109375,0.3125
53.906,-0.28125,0.875,0.21875
53.937,-0.328125,0.8125,0.21875
53.968,-0.3125,0.828125,0.203125
54.000,-0.25,0.890625,0.203125
54.031,-0.203125,0.921875,0.203125
54.062,-0.125,0.96875,0.21875
54.093,-0.125,1.03125,0.203125
54.125,-0.15625,1.0625,0.21875
54.156,-0.203125,1.015625,0.265625
54.187,-0.21875,0.96875,0.296875
54.218,-0.21875,0.890625,0.296875
54.250,-0.15625,0.859375,0.296875
54.281,-0.15625,0.859375,0.28125
54.312,-0.15625,0.84375,0.28125
54.343,-0.140625,0.859375,0.296875
54.375,-0.140625,0.875,0.296875
54.406,-0.140625,0.90625,0.28125
54.437,-0.140625,0.921875,0.28125
54.468,-0.140625,0.953125,0.28125
54.500,-0.140625,0.96875,0.3125
54.531,-0.109375,0.953125,0.34375
54.562,-0.171875,0.921875,0.296875
54.593,-0.1875,1.0,0.359375
54.625,-0.046875,0.96875,0.515625
54.656,-0.578125,0.890625,0.1875
54.687,-0.59375,1.0,0.171875
54.718,-0.4375,1.203125,0.1875
54.750,-0.40625,1.21875,0.1875
54.781,-0.25,1.15625,0.21875
54.812,-0.203125,1.0,0.15625
54.843,-0.203125,0.984375,0.15625
54.875,-0.234375,1.03125,0.1875
54.906,-0.203125,1.015625,0.171875
54.937,-0.171875,0.96875,0.1875
54.968,-0.15625,0.890625,0.171875
55.000,-0.15625,0.84375,0.140625
55.031,-0.1875,0.84375,0.109375
55.062,-0.25,0.84375,0.09375
55.093,-0.265625,0.875,0.125
55.125,-0.28125,0.890625,0.1875
55.156,-0.25,0.90625,0.21875
55.187,-0.234375,0.921875,0.25
55.218,-0.1875,0.96875,0.28125
55.250,-0.171875,1.0,0.28125
55.281,-0.15625,0.96875,0.265625
55.312,-0.140625,1.0,0.28125
55.343,-0.140625,1.015625,0.1875
55.375,-0.171875,1.390625,0.265625
55.406,-0.203125,1.1875,0.265625
55.437,-0.21875,1.0,0.328125
55.468,-0.28125,0.84375,0.359375
55.500,-0.234375,0.828125,0.34375
55.531,-0.1875,0.921875,0.296875
55.562,-0.109375,0.96875,0.328125
55.593,-0.15625,0.96875,0.28125
55.625,-0.21875,0.953125,0.28125
55.656,-0.28125,0.9375,0.28125
55.687,-0.3125,0.859375,0.296875
55.718,-0.28125,0.859375,0.328125
55.750,-0.21875,0.90625,0.40625
55.781,-0.1875,0.96875,0.40625
55.812,-0.171875,0.96875,0.421875
55.843,-0.21875,0.921875,0.421875
55.875,-0.3125,0.75,0.359375
55.906,-0.34375,0.703125,0.34375
55.937,-0.390625,0.75,0.3125
55.968,-0.375,0.8125,0.296875
56.000,-0.296875,0.921875,0.28125
56.031,-0.265625,0.9375,0.28125
56.062,-0.265625,0.9375,0.265625
56.093,-0.28125,0.96875,0.28125
56.125,-0.3125,0.96875,0.28125
56.156,-0.359375,1.0,0.28125
56.187,-0.390625,1.109375,0.3125
56.218,-0.375,1.125,0.328125
56.250,-0.34375,1.03125,0.359375
56.281,-0.3125,0.9375,0.359375
56.312,-0.234375,0.8125,0.328125
56.343,-0.28125,0.953125,0.34375
56.375,-0.296875,1.09375,0.34375
56.406,-0.390625,1.203125,0.25
56.437,-0.34375,1.15625,0.296875
56.468,-0.28125,0.953125,0.3125
56.500,-0.28125,0.734375,0.25
56.531,-0.3125,0.71875,0.25
56.562,-0.40625,0.75,0.25
56.593,-0.375,0.8125,0.265625
56.625,-0.34375,0.828125,0.265625
56.656,-0.34375,0.875,0.28125
56.687,-0.359375,0.828125,0.28125
56.718,-0.4375,0.78125,0.34375
56.750,-0.5625,0.890625,0.359375
56.781,-0.546875,0.90625,0.390625
56.812,-0.421875,0.953125,0.40625
56.843,-0.359375,0.953125,0.4375
56.875,-0.265625,0.875,0.46875
56.906,-0.25,0.875,0.453125
56.937,-0.28125,0.828125,0.421875
56.968,-0.328125,0.9375,0.375
57.000,-0.40625,0.921875,0.359375
57.031,-0.453125,0.859375,0.359375
57.062,-0.484375,0.828125,0.34375
57.093,-0.46875,0.828125,0.296875
57.125,-0.34375,0.875,0.3125
57.156,-0.296875,0.984375,0.359375
57.187,-0.34375,0.984375,0.390625
57.218,-0.4375,0.953125,0.4375
57.250,-0.46875,0.9375,0.453125
57.281,-0.484375,0.921875,0.453125
57.312,-0.453125,1.03125,0.421875
57.343,-0.421875,1.109375,0.40625
57.375,-0.46875,1.09375,0.375
57.406,-0.5,1.046875,0.34375
57.437,-0.578125,0.9375,0.296875
57.468,-0.640625,0.75,0.296875
57.500,-0.609375,0.6875,0.3125
57.531,-0.5625,0.546875,0.296875
57.562,-0.40625,0.359375,0.40625
57.593,-0.390625,0.28125,0.390625
57.625,-0.515625,0.234375,0.34375
57.656,-0.515625,0.21875,0.34375
57.687,-0.4375,0.21875,0.328125
57.718,-0.65625,0.296875,0.21875
57.750,-0.78125,0.359375,0.1875
57.781,-0.703125,0.453125,0.28125
57.812,-0.671875,0.515625,0.296875
57.843,-0.65625,0.640625,0.453125
57.875,-0.53125,0.796875,0.453125
57.906,-0.546875,0.78125,0.421875
57.937,-0.625,0.828125,0.40625
57.968,-0.609375,0.796875,0.359375
58.000,-0.65625,0.84375,0.328125
58.031,-0.6875,1.0,0.390625
58.062,-0.703125,1.09375,0.390625
58.093,-0.71875,1.15625,0.328125
58.125,-0.5625,1.203125,0.296875
58.156,-0.515625,1.140625,0.25
58.187,-0.4375,0.953125,0.234375
58.218,-0.421875,0.859375,0.234375
58.250,-0.46875,0.78125,0.21875
58.281,-0.484375,0.78125,0.234375
58.312,-0.5,0.8125,0.265625
58.343,-0.453125,0.890625,0.28125
58.375,-0.453125,1.0,0.296875
58.406,-0.453125,1.109375,0.296875
58.437,-0.359375,0.890625,0.3125
58.468,-0.34375,0.890625,0.328125
58.500,-0.390625,0.875,0.3125
58.531,-0.390625,0.875,0.3125
58.562,-0.359375,0.875,0.328125
58.593,-0.3125,0.84375,0.34375
58.625,-0.3125,0.859375,0.328125
58.656,-0.390625,0.9375,0.328125
58.687,-0.3125,0.90625,0.359375
58.718,-0.296875,0.875,0.359375
58.750,-0.34375,0.8125,0.296875
58.781,-0.375,0.796875,0.3125
58.812,-0.390625,0.78125,0.34375
58.843,-0.40625,0.796875,0.359375
58.875,-0.375,0.8125,0.375
58.906,-0.359375,0.859375,0.359375
58.937,-0.359375,0.84375,0.359375
58.968,-0.390625,0.84375,0.359375
59.000,-0.453125,0.828125,0.34375
59.031,-0.46875,0.828125,0.328125
59.062,-0.453125,0.796875,0.296875
59.093,-0.453125,0.84375,0.28125
59.125,-0.46875,0.90625,0.296875
59.156,-0.453125,0.90625,0.296875
59.187,-0.4375,0.890625,0.28125
59.218,-0.421875,0.9375,0.25
59.250,-0.4375,1.0625,0.234375
59.281,-0.421875,1.125,0.25
59.312,-0.359375,1.078125,0.234375
59.343,-0.328125,1.03125,0.234375
59.375,-0.328125,0.9375,0.203125
59.406,-0.328125,0.921875,0.1875
59.437,-0.3125,0.921875,0.1875
59.468,-0.296875,0.953125,0.1875
59.500,-0.28125,0.953125,0.1875
59.531,-0.296875,0.96875,0.1875
59.562,-0.296875,0.953125,0.171875
59.593,-0.3125,0.9375,0.140625
59.625,-0.328125,0.921875,0.15625
59.656,-0.3125,0.890625,0.171875
59.687,-0.3125,0.890625,0.1875
59.718,-0.3125,0.90625,0.203125
59.750,-0.296875,0.921875,0.21875
59.781,-0.328125,0.953125,0.21875
59.812,-0.34375,0.984375,0.203125
59.843,-0.34375,0.984375,0.203125
59.875,-0.34375,0.984375,0.21875
59.906,-0.359375,0.984375,0.234375
59.937,-0.328125,0.953125,0.25
59.968,-0.296875,0.953125,0.265625
