timestamp,value
00.000,-42.04
00.015,-13.57
00.031,16.32
00.046,45.97
00.062,74.02
00.078,99.52
00.093,122.03
00.109,141.68
00.125,159.28
00.140,176.15
00.156,193.71
00.171,212.7
00.187,232.73
00.203,252.12
00.218,268.5
00.234,279.61
00.250,284.43
00.265,283.63
00.281,279.31
00.296,274.17
00.312,270.59
00.328,269.96
00.343,272.31
00.359,276.59
00.375,281.2
00.390,284.64
00.406,285.99
00.421,284.89
00.437,281.65
00.453,276.93
00.468,271.61
00.484,266.11
00.500,260.16
00.515,252.99
00.531,243.66
00.546,231.66
00.562,217.0
00.578,200.27
00.593,182.25
00.609,164.01
00.625,146.14
00.640,128.94
00.656,112.68
00.671,97.95
00.687,85.58
00.703,76.29
00.718,70.51
00.734,68.29
00.750,70.06
00.765,75.51
00.781,83.56
00.796,92.9
00.812,102.75
00.828,113.0
00.843,123.79
00.859,135.26
00.875,147.2
00.890,160.61
00.906,175.23
00.921,189.29
00.937,200.68
00.953,208.24
00.968,211.97
00.984,212.35
01.000,209.85
01.015,204.83
01.031,200.04
01.046,196.67
01.062,193.6
01.078,189.27
01.093,183.9
01.109,179.52
01.125,178.74
01.140,183.32
01.156,192.81
01.171,207.35
01.187,222.74
01.203,230.73
01.218,223.2
01.234,196.26
01.250,150.52
01.265,89.45
01.281,17.7
01.296,-79.64
01.312,-198.24
01.328,-316.56
01.343,-408.29
01.359,-457.73
01.375,-463.61
01.390,-434.79
01.406,-383.63
01.421,-321.69
01.437,-258.04
01.453,-195.52
01.468,-133.46
01.484,-76.04
01.500,-29.28
01.515,3.52
01.531,21.83
01.546,27.73
01.562,24.96
01.578,17.68
01.593,12.27
01.609,12.46
01.625,18.34
01.640,22.1
01.656,21.14
01.671,15.18
01.687,5.94
01.703,-3.89
01.718,-11.46
01.734,-12.93
01.750,-6.72
01.765,5.38
01.781,20.0
01.796,35.03
01.812,49.04
01.828,61.57
01.843,72.64
01.859,82.02
01.875,89.9
01.890,95.5
01.906,97.14
01.921,93.67
01.937,85.99
01.953,75.96
01.968,65.75
01.984,57.2
02.000,51.35
02.015,49.09
02.031,51.06
02.046,57.75
02.062,69.66
02.078,87.43
02.093,110.15
02.109,135.28
02.125,159.07
02.140,177.57
02.156,188.04
02.171,189.4
02.187,181.74
02.203,165.45
02.218,140.78
02.234,107.36
02.250,65.25
02.265,16.12
02.281,-36.7
02.296,-88.73
02.312,-135.89
02.328,-176.09
02.343,-209.65
02.359,-238.47
02.375,-264.98
02.390,-290.79
02.406,-315.96
02.421,-339.2
02.437,-358.29
02.453,-370.68
02.468,-374.24
02.484,-368.02
02.500,-352.79
02.515,-331.6
02.531,-309.19
02.546,-290.6
02.562,-279.75
02.578,-278.37
02.593,-286.25
02.609,-302.42
02.625,-326.23
02.640,-357.43
02.656,-395.26
02.671,-436.73
02.687,-475.84
02.703,-504.54
02.718,-514.8
02.734,-500.81
02.750,-460.46
02.765,-394.91
02.781,-307.42
02.796,-202.18
02.812,-83.69
02.828,42.86
02.843,171.2
02.859,294.12
02.875,404.88
02.890,498.52
02.906,572.99
02.921,629.24
02.937,670.5
02.953,701.05
02.968,724.75
02.984,743.94
03.000,758.49
03.015,765.79
03.031,761.1
03.046,738.82
03.062,694.16
03.078,624.87
03.093,532.32
03.109,421.35
03.125,299.28
03.140,174.55
03.156,55.39
03.171,-51.33
03.187,-140.52
03.203,-208.91
03.218,-255.08
03.234,-279.24
03.250,-283.38
03.265,-270.87
03.281,-245.85
03.296,-212.13
03.312,-172.55
03.328,-128.68
03.343,-81.15
03.359,-30.69
03.375,21.23
03.390,72.16
03.406,119.32
03.421,160.38
03.437,193.87
03.453,219.17
03.468,236.01
03.484,244.17
03.500,243.08
03.515,232.07
03.531,210.69
03.546,179.14
03.562,138.25
03.578,89.27
03.593,34.13
03.609,-24.58
03.625,-83.77
03.640,-140.75
03.656,-193.75
03.671,-242.47
03.687,-287.69
03.703,-330.49
03.718,-371.61
03.734,-410.54
03.750,-445.59
03.765,-474.38
03.781,-494.58
03.796,-504.41
03.812,-502.71
03.828,-488.97
03.843,-463.57
03.859,-427.69
03.875,-383.01
03.890,-331.17
03.906,-273.03
03.921,-208.73
03.937,-138.39
03.953,-63.32
03.968,13.11
03.984,85.58
04.000,148.55
04.015,198.04
04.031,232.62
04.046,253.05
04.062,261.21
04.078,258.77
04.093,246.63
04.109,225.39
04.125,196.49
04.140,163.23
04.156,130.64
04.171,103.75
04.187,85.87
04.203,77.66
04.218,77.34
04.234,81.46
04.250,86.1
04.265,87.47
04.281,83.14
04.296,72.1
04.312,54.5
04.328,31.22
04.343,3.62
04.359,-26.64
04.375,-57.95
04.390,-89.06
04.406,-120.38
04.421,-151.68
04.437,-181.67
04.453,-208.44
04.468,-230.13
04.484,-245.82
04.500,-255.74
04.515,-261.4
04.531,-265.07
04.546,-271.44
04.562,-282.49
04.578,-296.99
04.593,-312.18
04.609,-325.97
04.625,-338.14
04.640,-349.98
04.656,-363.42
04.671,-379.82
04.687,-402.75
04.703,-431.03
04.718,-459.45
04.734,-482.03
04.750,-495.47
04.765,-499.82
04.781,-496.53
04.796,-486.45
04.812,-468.34
04.828,-443.75
04.843,-409.61
04.859,-360.44
04.875,-292.6
04.890,-207.5
04.906,-111.22
04.921,-11.33
04.937,85.44
04.953,203.61
04.968,339.28
04.984,467.81
05.000,561.35
05.015,607.87
05.031,611.99
05.046,586.01
05.062,543.33
05.078,495.22
05.093,449.87
05.109,405.2
05.125,362.91
05.140,327.6
05.156,304.25
05.171,294.23
05.187,294.68
05.203,300.08
05.218,304.19
05.234,301.68
05.250,285.6
05.265,256.42
05.281,218.73
05.296,179.68
05.312,145.1
05.328,118.09
05.343,99.17
05.359,87.42
05.375,81.16
05.390,76.46
05.406,71.8
05.421,67.64
05.437,65.44
05.453,65.89
05.468,68.85
05.484,73.8
05.500,80.3
05.515,87.86
05.531,94.91
05.546,100.68
05.562,105.12
05.578,108.49
05.593,110.85
05.609,112.07
05.625,112.3
05.640,112.02
05.656,112.11
05.671,113.08
05.687,115.34
05.703,118.71
05.718,122.18
05.734,123.87
05.750,121.74
05.765,114.4
05.781,101.66
05.796,84.87
05.812,66.36
05.828,48.74
05.843,33.97
05.859,22.97
05.875,15.46
05.890,10.5
05.906,6.81
05.921,3.35
05.937,-0.39
05.953,-4.47
05.968,-8.81
05.984,-13.33
06.000,-18.07
06.015,-23.23
06.031,-28.95
06.046,-35.36
06.062,-42.36
06.078,-49.77
06.093,-57.58
06.109,-66.19
06.125,-76.27
06.140,-88.47
06.156,-102.97
06.171,-119.0
06.187,-135.02
06.203,-149.12
06.218,-159.7
06.234,-166.11
06.250,-168.66
06.265,-168.28
06.281,-165.99
06.296,-162.45
06.312,-157.78
06.328,-151.75
06.343,-144.0
06.359,-134.3
06.375,-122.76
06.390,-109.79
06.406,-96.09
06.421,-82.71
06.437,-70.71
06.453,-60.86
06.468,-53.35
06.484,-47.69
06.500,-42.93
06.515,-38.08
06.531,-32.47
06.546,-25.82
06.562,-18.28
06.578,-10.13
06.593,-1.53
06.609,7.52
06.625,16.99
06.640,26.82
06.656,36.73
06.671,46.4
06.687,55.5
06.703,63.77
06.718,71.03
06.734,77.05
06.750,81.37
06.765,83.41
06.781,82.53
06.796,78.3
06.812,70.43
06.828,58.69
06.843,42.57
06.859,20.97
06.875,-7.64
06.890,-44.88
06.906,-91.66
06.921,-147.24
06.937,-208.86
06.953,-272.03
06.968,-331.27
06.984,-381.28
07.000,-417.97
07.015,-438.94
07.031,-443.67
07.046,-433.34
07.062,-410.4
07.078,-378.34
07.093,-341.29
07.109,-303.44
07.125,-268.28
07.140,-237.94
07.156,-212.73
07.171,-191.27
07.187,-171.32
07.203,-150.73
07.218,-128.26
07.234,-103.99
07.250,-79.04
07.265,-54.94
07.281,-32.92
07.296,-13.26
07.312,4.9
07.328,22.98
07.343,42.33
07.359,63.26
07.375,84.81
07.390,105.19
07.406,122.56
07.421,135.94
07.437,145.7
07.453,153.2
07.468,159.87
07.484,166.65
07.500,173.42
07.515,179.63
07.531,184.89
07.546,189.51
07.562,194.35
07.578,200.34
07.593,207.77
07.609,215.91
07.625,223.4
07.640,228.61
07.656,230.4
07.671,228.38
07.687,223.01
07.703,215.06
07.718,205.4
07.734,194.54
07.750,182.65
07.765,169.73
07.781,155.8
07.796,141.1
07.812,126.23
07.828,111.87
07.843,98.71
07.859,87.29
07.875,77.79
07.890,70.21
07.906,64.45
07.921,60.38
07.937,57.92
07.953,56.93
07.968,57.14
07.984,58.11
08.000,59.3
08.015,60.17
08.031,60.12
08.046,58.71
08.062,55.66
08.078,50.95
08.093,44.81
08.109,37.69
08.125,30.14
08.140,22.71
08.156,15.83
08.171,9.77
08.187,4.56
08.203,0.04
08.218,-3.98
08.234,-7.66
08.250,-10.99
08.265,-13.69
08.281,-15.19
08.296,-14.72
08.312,-11.54
08.328,-5.25
08.343,3.88
08.359,14.91
08.375,26.47
08.390,37.16
08.406,45.92
08.421,52.23
08.437,56.12
08.453,57.89
08.468,57.9
08.484,56.41
08.500,53.49
08.515,49.32
08.531,44.2
08.546,38.68
08.562,33.28
08.578,28.45
08.593,24.33
08.609,20.69
08.625,17.0
08.640,12.66
08.656,7.25
08.671,0.94
08.687,-5.44
08.703,-10.74
08.718,-13.92
08.734,-14.59
08.750,-13.35
08.765,-11.47
08.781,-10.38
08.796,-11.15
08.812,-14.08
08.828,-18.83
08.843,-24.92
08.859,-32.07
08.875,-40.42
08.890,-50.28
08.906,-61.55
08.921,-73.46
08.937,-84.63
08.953,-93.27
08.968,-97.65
08.984,-96.43
09.000,-88.95
09.015,-75.25
09.031,-56.14
09.046,-32.94
09.062,-7.29
09.078,18.94
09.093,43.98
09.109,66.12
09.125,83.62
09.140,94.74
09.156,98.06
09.171,92.71
09.187,79.0
09.203,58.58
09.218,34.11
09.234,8.73
09.250,-14.74
09.265,-34.23
09.281,-48.39
09.296,-56.04
09.312,-56.38
09.328,-49.16
09.343,-35.4
09.359,-17.66
09.375,0.45
09.390,15.35
09.406,24.75
09.421,28.3
09.437,27.53
09.453,24.87
09.468,22.59
09.484,22.24
09.500,24.78
09.515,30.87
09.531,41.13
09.546,55.75
09.562,73.96
09.578,93.4
09.593,110.13
09.609,119.67
09.625,118.26
09.640,104.38
09.656,79.66
09.671,48.77
09.687,17.58
09.703,-8.88
09.718,-28.55
09.734,-42.5
09.750,-53.95
09.765,-66.48
09.781,-82.43
09.796,-102.25
09.812,-124.56
09.828,-147.59
09.843,-169.93
09.859,-190.72
09.875,-208.73
09.890,-221.83
09.906,-226.83
09.921,-220.21
09.937,-199.01
09.953,-161.11
09.968,-105.88
09.984,-34.78
10.000,48.28
10.015,136.69
10.031,221.64
10.046,293.74
10.062,345.44
10.078,372.89
10.093,376.95
10.109,362.19
10.125,334.8
10.140,300.23
10.156,261.83
10.171,221.07
10.187,178.7
10.203,135.95
10.218,94.43
10.234,55.55
10.250,19.59
10.265,-14.24
10.281,-47.17
10.296,-79.98
10.312,-111.97
10.328,-140.61
10.343,-161.97
10.359,-172.15
10.375,-168.52
10.390,-150.58
10.406,-120.15
10.421,-80.78
10.437,-37.01
10.453,6.67
10.468,47.01
10.484,82.53
10.500,113.3
10.515,140.4
10.531,164.63
10.546,185.65
10.562,201.81
10.578,210.74
10.593,210.45
10.609,200.17
10.625,180.57
10.640,152.79
10.656,117.76
10.671,75.38
10.687,25.09
10.703,-32.92
10.718,-96.32
10.734,-160.01
10.750,-216.9
10.765,-259.82
10.781,-283.72
10.796,-287.08
10.812,-272.23
10.828,-244.09
10.843,-208.33
10.859,-169.71
10.875,-131.12
10.890,-93.85
10.906,-58.68
10.921,-26.62
10.937,1.02
10.953,22.93
10.968,38.65
10.984,48.9
11.000,55.4
11.015,60.46
11.031,66.08
11.046,73.2
11.062,81.51
11.078,89.91
11.093,97.55
11.109,104.56
11.125,112.35
11.140,123.18
11.156,139.51
11.171,162.49
11.187,190.71
11.203,220.01
11.218,244.2
11.234,257.04
11.250,253.96
11.265,232.9
11.281,194.16
11.296,140.42
11.312,75.17
11.328,1.87
11.343,-76.25
11.359,-155.67
11.375,-232.4
11.390,-301.87
11.406,-360.52
11.421,-406.59
11.437,-439.05
11.453,-457.85
11.468,-463.98
11.484,-459.01
11.500,-444.51
11.515,-422.32
11.531,-393.77
11.546,-361.18
11.562,-327.69
11.578,-294.11
11.593,-259.8
11.609,-223.78
11.625,-185.65
11.640,-145.37
11.656,-103.83
11.671,-60.82
11.687,-16.94
11.703,26.74
11.718,72.19
11.734,122.55
11.750,179.8
11.765,243.43
11.781,311.02
11.796,378.31
11.812,442.6
11.828,500.61
11.843,532.34
11.859,521.69
11.875,468.16
11.890,388.69
11.906,304.42
11.921,236.82
11.937,183.65
11.953,141.25
11.968,106.56
11.984,76.65
12.000,51.84
12.015,32.75
12.031,17.68
12.046,2.62
12.062,-16.19
12.078,-41.36
12.093,-70.81
12.109,-101.51
12.125,-130.75
12.140,-154.75
12.156,-170.73
12.171,-178.4
12.187,-180.25
12.203,-179.97
12.218,-181.55
12.234,-185.99
12.250,-193.11
12.265,-201.84
12.281,-209.43
12.296,-213.22
12.312,-212.31
12.328,-207.76
12.343,-201.6
12.359,-196.0
12.375,-191.16
12.390,-186.56
12.406,-181.54
12.421,-174.87
12.437,-165.44
12.453,-152.89
12.468,-137.42
12.484,-119.49
12.500,-99.74
12.515,-78.39
12.531,-55.96
12.546,-33.3
12.562,-11.17
12.578,9.97
12.593,29.88
12.609,48.5
12.625,66.04
12.640,82.65
12.656,98.52
12.671,113.67
12.687,128.01
12.703,141.26
12.718,153.21
12.734,163.65
12.750,172.56
12.765,180.15
12.781,186.94
12.796,193.74
12.812,201.44
12.828,210.7
12.843,221.39
12.859,232.49
12.875,242.21
12.890,248.44
12.906,249.45
12.921,244.23
12.937,232.91
12.953,216.37
12.968,195.72
12.984,171.7
13.000,144.3
13.015,112.7
13.031,75.77
13.046,32.7
13.062,-16.39
13.078,-70.02
13.093,-125.31
13.109,-178.61
13.125,-226.02
13.140,-264.53
13.156,-292.59
13.171,-310.46
13.187,-319.79
13.203,-323.06
13.218,-322.65
13.234,-319.71
13.250,-313.39
13.265,-300.65
13.281,-277.27
13.296,-239.6
13.312,-186.77
13.328,-122.1
13.343,-53.05
13.359,10.74
13.375,60.3
13.390,90.07
13.406,99.17
13.421,90.89
13.437,70.82
13.453,44.75
13.468,17.28
13.484,-8.42
13.500,-30.2
13.515,-46.48
13.531,-56.47
13.546,-60.49
13.562,-60.36
13.578,-59.12
13.593,-60.17
13.609,-65.91
13.625,-76.71
13.640,-90.56
13.656,-103.86
13.671,-112.95
13.687,-115.61
13.703,-111.88
13.718,-103.8
13.734,-94.25
13.750,-85.42
13.765,-78.03
13.781,-71.53
13.796,-64.87
13.812,-57.66
13.828,-50.59
13.843,-45.21
13.859,-43.23
13.875,-46.05
13.890,-54.2
13.906,-67.35
13.921,-84.22
13.937,-102.54
13.953,-119.53
13.968,-132.22
13.984,-138.29
14.000,-136.45
14.015,-126.87
14.031,-110.76
14.046,-89.77
14.062,-65.34
14.078,-38.31
14.093,-8.88
14.109,23.32
14.125,58.95
14.140,98.68
14.156,142.72
14.171,190.49
14.187,240.42
14.203,289.88
14.218,335.81
14.234,375.03
14.250,404.76
14.265,422.98
14.281,428.38
14.296,420.51
14.312,399.93
14.328,368.09
14.343,327.11
14.359,279.62
14.375,228.54
14.390,177.17
14.406,129.37
14.421,89.28
14.437,60.6
14.453,45.53
14.468,43.78
14.484,52.19
14.500,65.81
14.515,79.17
14.531,87.77
14.546,89.05
14.562,82.2
14.578,67.75
14.593,46.83
14.609,20.9
14.625,-8.29
14.640,-38.37
14.656,-66.5
14.671,-89.8
14.687,-105.76
14.703,-113.04
14.718,-111.61
14.734,-102.8
14.750,-88.82
14.765,-72.06
14.781,-54.38
14.796,-36.93
14.812,-20.37
14.828,-5.05
14.843,8.41
14.859,19.3
14.875,27.01
14.890,31.36
14.906,32.86
14.921,32.63
14.937,31.88
14.953,31.5
14.968,31.82
14.984,32.42
15.000,32.66
15.015,31.77
15.031,29.14
15.046,24.5
15.062,17.88
15.078,9.67
15.093,0.48
15.109,-8.87
15.125,-17.68
15.140,-25.28
15.156,-31.15
15.171,-34.99
15.187,-36.6
15.203,-36.14
15.218,-34.18
15.234,-31.72
15.250,-29.96
15.265,-30.1
15.281,-32.9
15.296,-38.56
15.312,-46.69
15.328,-56.37
15.343,-66.54
15.359,-76.1
15.375,-84.15
15.390,-89.95
15.406,-93.15
15.421,-93.72
15.437,-92.13
15.453,-89.12
15.468,-85.36
15.484,-81.27
15.500,-76.72
15.515,-71.31
15.531,-64.65
15.546,-56.82
15.562,-48.46
15.578,-40.72
15.593,-34.9
15.609,-31.93
15.625,-32.24
15.640,-35.68
15.656,-41.49
15.671,-48.55
15.687,-55.47
15.703,-60.73
15.718,-63.05
15.734,-61.65
15.750,-56.42
15.765,-47.97
15.781,-37.45
15.796,-26.17
15.812,-15.29
15.828,-5.62
15.843,2.44
15.859,8.83
15.875,13.72
15.890,17.43
15.906,20.2
15.921,22.12
15.937,23.03
15.953,22.64
15.968,20.55
15.984,16.56
16.000,10.67
16.015,2.93
16.031,-6.66
16.046,-18.23
16.062,-32.04
16.078,-48.15
16.093,-65.76
16.109,-83.11
16.125,-97.33
16.140,-105.14
16.156,-103.81
16.171,-92.05
16.187,-70.46
16.203,-41.31
16.218,-7.94
16.234,26.23
16.250,58.28
16.265,86.24
16.281,108.93
16.296,125.81
16.312,136.84
16.328,142.42
16.343,143.47
16.359,141.4
16.375,137.7
16.390,133.63
16.406,129.91
16.421,126.51
16.437,122.85
16.453,118.12
16.468,111.65
16.484,103.15
16.500,92.78
16.515,80.93
16.531,67.88
16.546,53.67
16.562,38.03
16.578,20.73
16.593,1.96
16.609,-17.28
16.625,-35.23
16.640,-49.66
16.656,-58.63
16.671,-61.14
16.687,-57.56
16.703,-49.45
16.718,-39.13
16.734,-28.89
16.750,-20.27
16.765,-13.73
16.781,-8.61
16.796,-3.49
16.812,3.22
16.828,12.8
16.843,25.54
16.859,40.79
16.875,57.03
16.890,72.36
16.906,85.11
16.921,94.09
16.937,98.8
16.953,99.09
16.968,94.97
16.984,86.43
17.000,73.59
17.015,57.07
17.031,38.1
17.046,18.49
17.062,-0.07
17.078,-16.45
17.093,-30.5
17.109,-43.05
17.125,-55.28
17.140,-68.08
17.156,-81.48
17.171,-94.64
17.187,-106.21
17.203,-115.0
17.218,-120.48
17.234,-123.09
17.250,-123.97
17.265,-124.33
17.281,-125.04
17.296,-126.24
17.312,-127.44
17.328,-127.97
17.343,-127.24
17.359,-124.83
17.375,-120.55
17.390,-114.17
17.406,-105.08
17.421,-92.61
17.437,-76.28
17.453,-56.17
17.468,-32.85
17.484,-7.12
17.500,20.39
17.515,49.34
17.531,79.43
17.546,110.15
17.562,140.26
17.578,167.7
17.593,189.92
17.609,204.57
17.625,209.89
17.640,205.22
17.656,190.92
17.671,168.12
17.687,138.49
17.703,103.98
17.718,66.7
17.734,28.87
17.750,-7.38
17.765,-40.25
17.781,-68.45
17.796,-91.38
17.812,-109.12
17.828,-122.31
17.843,-131.82
17.859,-138.26
17.875,-141.77
17.890,-142.08
17.906,-138.8
17.921,-131.84
17.937,-121.63
17.953,-109.22
17.968,-96.01
17.984,-83.26
18.000,-71.76
18.015,-61.68
18.031,-52.73
18.046,-44.41
18.062,-36.16
18.078,-27.53
18.093,-18.21
18.109,-8.03
18.125,3.07
18.140,14.91
18.156,27.12
18.171,39.0
18.187,49.82
18.203,59.0
18.218,66.22
18.234,71.59
18.250,75.55
18.265,78.74
18.281,81.74
18.296,84.92
18.312,88.36
18.328,91.98
18.343,95.56
18.359,98.95
18.375,102.07
18.390,104.87
18.406,107.51
18.421,110.18
18.437,113.19
18.453,116.88
18.468,121.38
18.484,126.48
18.500,131.69
18.515,136.28
18.531,139.42
18.546,140.47
18.562,138.97
18.578,134.62
18.593,127.21
18.609,116.58
18.625,102.57
18.640,85.37
18.656,65.45
18.671,43.64
18.687,21.09
18.703,-0.95
18.718,-21.14
18.734,-38.35
18.750,-51.66
18.765,-60.68
18.781,-65.6
18.796,-67.15
18.812,-66.5
18.828,-64.84
18.843,-63.03
18.859,-61.53
18.875,-60.31
18.890,-59.18
18.906,-58.01
18.921,-56.88
18.937,-56.0
18.953,-55.61
18.968,-55.83
18.984,-56.51
19.000,-57.59
19.015,-58.93
19.031,-60.44
19.046,-62.15
19.062,-63.95
19.078,-65.6
19.093,-66.7
19.109,-66.71
19.125,-65.15
19.140,-61.74
19.156,-56.55
19.171,-49.95
19.187,-42.61
19.203,-35.27
19.218,-28.45
19.234,-22.46
19.250,-17.33
19.265,-12.92
19.281,-9.07
19.296,-5.7
19.312,-2.85
19.328,-0.62
19.343,1.05
19.359,2.37
19.375,3.7
19.390,5.28
19.406,7.26
19.421,9.54
19.437,11.87
19.453,14.14
19.468,16.3
19.484,18.63
19.500,21.42
19.515,24.93
19.531,29.22
19.546,34.09
19.562,39.16
19.578,43.94
19.593,48.06
19.609,51.41
19.625,54.23
19.640,56.9
19.656,59.82
19.671,63.12
19.687,66.45
19.703,69.2
19.718,70.43
19.734,69.6
19.750,66.66
19.765,62.15
19.781,57.09
19.796,52.66
19.812,49.9
19.828,49.48
19.843,51.7
19.859,56.29
19.875,62.68
19.890,69.78
19.906,76.28
19.921,80.74
19.937,82.11
19.953,80.12
19.968,75.26
19.984,68.76
20.000,61.82
20.015,55.06
20.031,48.08
20.046,39.75
20.062,28.77
20.078,14.54
20.093,-2.48
20.109,-21.07
20.125,-39.8
20.140,-57.72
20.156,-74.6
20.171,-90.69
20.187,-106.22
20.203,-120.9
20.218,-134.21
20.234,-145.52
20.250,-154.5
20.265,-161.27
20.281,-166.02
20.296,-168.89
20.312,-169.79
20.328,-168.69
20.343,-165.93
20.359,-162.69
20.375,-160.73
20.390,-161.77
20.406,-166.89
20.421,-175.96
20.437,-187.95
20.453,-201.69
20.468,-216.55
20.484,-232.7
20.500,-250.57
20.515,-269.91
20.531,-289.33
20.546,-306.56
20.562,-319.59
20.578,-327.81
20.593,-332.29
20.609,-335.07
20.625,-337.74
20.640,-340.25
20.656,-340.56
20.671,-335.64
20.687,-322.71
20.703,-300.24
20.718,-268.37
20.734,-228.54
20.750,-183.04
20.765,-134.57
20.781,-86.14
20.796,-40.63
20.812,-0.49
20.828,32.62
20.843,58.2
20.859,76.75
20.875,89.39
20.890,97.61
20.906,102.84
20.921,106.32
20.937,108.84
20.953,110.53
20.968,110.74
20.984,108.56
21.000,103.41
21.015,95.82
21.031,87.5
21.046,80.89
21.062,78.12
21.078,80.22
21.093,86.87
21.109,96.95
21.125,109.48
21.140,124.18
21.156,141.57
21.171,162.24
21.187,186.07
21.203,211.7
21.218,236.68
21.234,258.16
21.250,273.63
21.265,281.48
21.281,281.16
21.296,273.1
21.312,258.25
21.328,237.91
21.343,213.41
21.359,186.02
21.375,156.95
21.390,127.36
21.406,98.42
21.421,71.3
21.437,47.29
21.453,27.54
21.468,12.99
21.484,3.98
21.500,0.12
21.515,0.17
21.531,2.42
21.546,5.12
21.562,7.02
21.578,7.55
21.593,6.72
21.609,4.93
21.625,2.4
21.640,-0.84
21.656,-4.92
21.671,-9.83
21.687,-15.15
21.703,-20.07
21.718,-23.8
21.734,-25.98
21.750,-26.87
21.765,-27.38
21.781,-28.56
21.796,-30.97
21.812,-34.51
21.828,-38.15
21.843,-40.32
21.859,-39.49
21.875,-34.59
21.890,-25.25
21.906,-12.08
21.921,3.59
21.937,20.11
21.953,35.81
21.968,49.64
21.984,61.57
22.000,72.79
22.015,85.24
22.031,101.15
22.046,121.92
22.062,147.47
22.078,175.95
22.093,203.88
22.109,227.23
22.125,242.37
22.140,247.06
22.156,240.57
22.171,223.73
22.187,198.19
22.203,166.02
22.218,129.43
22.234,90.53
22.250,51.47
22.265,14.16
22.281,-19.98
22.296,-50.19
22.312,-76.46
22.328,-99.26
22.343,-119.08
22.359,-135.93
22.375,-149.55
22.390,-159.36
22.406,-165.08
22.421,-166.96
22.437,-165.71
22.453,-162.37
22.468,-157.93
22.484,-153.02
22.500,-147.56
22.515,-141.05
22.531,-132.74
22.546,-122.06
22.562,-108.87
22.578,-93.33
22.593,-75.9
22.609,-57.12
22.625,-37.62
22.640,-18.05
22.656,0.65
22.671,17.43
22.687,31.34
22.703,41.82
22.718,48.98
22.734,53.56
22.750,56.64
22.765,59.23
22.781,61.9
22.796,64.63
22.812,66.99
22.828,68.6
22.843,69.3
22.859,69.43
22.875,69.61
22.890,70.49
22.906,72.32
22.921,74.86
22.937,77.45
22.953,79.47
22.968,80.7
22.984,81.25
23.000,81.36
23.015,81.04
23.031,80.08
23.046,78.06
23.062,74.71
23.078,70.22
23.093,65.45
23.109,62.01
23.125,61.59
23.140,65.47
23.156,74.04
23.171,87.06
23.187,103.91
23.203,123.61
23.218,144.71
23.234,165.82
23.250,185.8
23.265,203.81
23.281,219.23
23.296,231.7
23.312,241.47
23.328,249.17
23.343,255.06
23.359,258.25
23.375,257.65
23.390,252.06
23.406,240.42
23.421,221.69
23.437,194.95
23.453,160.25
23.468,118.03
23.484,68.56
23.500,11.52
23.515,-51.79
23.531,-118.94
23.546,-186.73
23.562,-252.46
23.578,-314.61
23.593,-371.82
23.609,-422.92
23.625,-460.83
23.640,-477.52
23.656,-468.24
23.671,-435.3
23.687,-384.67
23.703,-323.29
23.718,-257.95
23.734,-193.52
23.750,-130.75
23.765,-71.36
23.781,-17.63
23.796,31.62
23.812,78.42
23.828,125.73
23.843,177.6
23.859,230.44
23.875,284.98
23.890,343.13
23.906,404.22
23.921,447.95
23.937,457.83
23.953,425.1
23.968,353.39
23.984,255.74
24.000,148.33
24.015,46.92
24.031,-37.66
24.046,-102.97
24.062,-156.26
24.078,-201.09
24.093,-239.21
24.109,-270.88
24.125,-296.56
24.140,-317.97
24.156,-338.0
24.171,-352.94
24.187,-363.97
24.203,-373.03
24.218,-378.36
24.234,-377.19
24.250,-366.26
24.265,-343.56
24.281,-309.15
24.296,-264.59
24.312,-213.35
24.328,-161.33
24.343,-113.8
24.359,-72.72
24.375,-38.79
24.390,-11.93
24.406,7.83
24.421,20.03
24.437,24.4
24.453,20.97
24.468,9.42
24.484,-9.15
24.500,-31.48
24.515,-54.16
24.531,-74.44
24.546,-90.66
24.562,-101.91
24.578,-107.32
24.593,-105.87
24.609,-96.91
24.625,-79.97
24.640,-55.01
24.656,-23.22
24.671,13.06
24.687,50.91
24.703,87.51
24.718,120.91
24.734,150.35
24.750,175.88
24.765,198.34
24.781,218.66
24.796,236.91
24.812,251.96
24.828,261.56
24.843,263.08
24.859,254.68
24.875,236.16
24.890,208.98
24.906,176.07
24.921,141.02
24.937,107.49
24.953,79.24
24.968,60.38
24.984,54.8
25.000,65.36
25.015,92.27
25.031,131.65
25.046,175.57
25.062,213.76
25.078,237.1
25.093,240.45
25.109,224.36
25.125,193.84
25.140,155.74
25.156,115.86
25.171,77.3
25.187,40.67
25.203,5.69
25.218,-27.09
25.234,-55.66
25.250,-77.16
25.265,-89.66
25.281,-92.84
25.296,-87.75
25.312,-76.12
25.328,-59.45
25.343,-38.87
25.359,-15.31
25.375,9.86
25.390,34.65
25.406,55.18
25.421,67.78
25.437,70.83
25.453,65.42
25.468,54.39
25.484,40.73
25.500,26.59
25.515,12.15
25.531,-3.54
25.546,-24.27
25.562,-53.07
25.578,-89.77
25.593,-130.35
25.609,-169.43
25.625,-202.57
25.640,-226.71
25.656,-241.84
25.671,-248.92
25.687,-253.3
25.703,-259.63
25.718,-268.73
25.734,-276.51
25.750,-277.8
25.765,-269.84
25.781,-252.84
25.796,-232.01
25.812,-213.77
25.828,-209.49
25.843,-228.58
25.859,-274.08
25.875,-340.87
25.890,-420.03
25.906,-502.94
25.921,-581.54
25.937,-651.47
25.953,-675.4
25.968,-627.15
25.984,-508.87
26.000,-352.35
26.015,-193.61
26.031,-54.01
26.046,53.94
26.062,142.62
26.078,219.58
26.093,288.29
26.109,344.9
26.125,386.51
26.140,408.57
26.156,414.35
26.171,410.51
26.187,403.2
26.203,397.63
26.218,394.79
26.234,394.89
26.250,393.45
26.265,385.86
26.281,370.28
26.296,349.64
26.312,328.24
26.328,308.95
26.343,293.36
26.359,279.75
26.375,266.37
26.390,249.54
26.406,226.67
26.421,197.97
26.437,167.5
26.453,140.1
26.468,118.93
26.484,105.15
26.500,96.67
26.515,90.73
26.531,83.73
26.546,73.02
26.562,57.71
26.578,39.19
26.593,19.29
26.609,-0.68
26.625,-19.82
26.640,-37.88
26.656,-54.32
26.671,-68.79
26.687,-81.08
26.703,-91.24
26.718,-99.29
26.734,-105.43
26.750,-109.85
26.765,-112.25
26.781,-111.86
26.796,-107.64
26.812,-98.74
26.828,-85.24
26.843,-68.53
26.859,-51.0
26.875,-35.31
26.890,-23.37
26.906,-15.82
26.921,-11.85
26.937,-9.84
26.953,-8.07
26.968,-5.32
26.984,-1.02
27.000,4.93
27.015,12.31
27.031,20.88
27.046,30.22
27.062,39.77
27.078,49.01
27.093,57.5
27.109,65.1
27.125,71.97
27.140,78.34
27.156,84.19
27.171,89.16
27.187,92.58
27.203,93.8
27.218,92.41
27.234,88.32
27.250,81.65
27.265,72.43
27.281,60.65
27.296,46.19
27.312,29.16
27.328,10.04
27.343,-10.11
27.359,-29.99
27.375,-48.54
27.390,-65.16
27.406,-79.83
27.421,-92.77
27.437,-103.97
27.453,-112.98
27.468,-119.16
27.484,-122.32
27.500,-123.11
27.515,-123.04
27.531,-123.72
27.546,-125.98
27.562,-129.68
27.578,-133.76
27.593,-137.1
27.609,-139.28
27.625,-140.66
27.640,-142.11
27.656,-144.27
27.671,-146.82
27.687,-148.66
27.703,-148.61
27.718,-146.1
27.734,-141.41
27.750,-135.48
27.765,-129.34
27.781,-123.88
27.796,-119.82
27.812,-117.28
27.828,-116.24
27.843,-116.71
27.859,-118.76
27.875,-122.26
27.890,-126.61
27.906,-131.05
27.921,-135.12
27.937,-138.76
27.953,-141.28
27.968,-141.42
27.984,-137.75
28.000,-129.44
28.015,-116.48
28.031,-99.73
28.046,-80.93
28.062,-61.99
28.078,-44.46
28.093,-27.44
28.109,-8.77
28.125,13.07
28.140,37.29
28.156,61.32
28.171,82.51
28.187,99.53
28.203,113.13
28.218,125.28
28.234,139.78
28.250,160.05
28.265,187.01
28.281,219.29
28.296,255.21
28.312,294.84
28.328,339.98
28.343,392.56
28.359,441.03
28.375,469.42
28.390,466.05
28.406,430.51
28.421,371.75
28.437,300.65
28.453,225.77
28.468,152.25
28.484,82.05
28.500,14.91
28.515,-49.36
28.531,-109.12
28.546,-161.08
28.562,-201.44
28.578,-227.8
28.593,-240.04
28.609,-240.37
28.625,-232.82
28.640,-222.26
28.656,-211.99
28.671,-196.18
28.687,-173.69
28.703,-145.73
28.718,-115.24
28.734,-85.82
28.750,-60.67
28.765,-41.84
28.781,-30.2
28.796,-24.63
28.812,-22.49
28.828,-22.14
28.843,-22.35
28.859,-22.53
28.875,-22.45
28.890,-22.13
28.906,-21.68
28.921,-21.36
28.937,-21.09
28.953,-20.31
28.968,-19.38
28.984,-18.61
29.000,-18.51
29.015,-19.68
29.031,-22.68
29.046,-27.9
29.062,-35.37
29.078,-44.34
29.093,-53.22
29.109,-60.71
29.125,-65.43
29.140,-66.65
29.156,-64.39
29.171,-59.3
29.187,-52.37
29.203,-44.51
29.218,-36.24
29.234,-27.6
29.250,-18.67
29.265,-9.28
29.281,0.64
29.296,11.01
29.312,21.83
29.328,33.23
29.343,45.49
29.359,58.96
29.375,73.86
29.390,89.89
29.406,106.46
29.421,122.74
29.437,137.94
29.453,151.69
29.468,164.1
29.484,175.59
29.500,186.57
29.515,197.22
29.531,207.23
29.546,216.02
29.562,222.85
29.578,227.28
29.593,229.21
29.609,228.75
29.625,225.94
29.640,220.45
29.656,211.41
29.671,197.77
29.687,178.63
29.703,153.65
29.718,123.16
29.734,87.95
29.750,48.97
29.765,7.39
29.781,-35.23
29.796,-76.78
29.812,-114.58
29.828,-145.89
29.843,-168.89
29.859,-183.35
29.875,-190.82
29.890,-194.25
29.906,-196.72
29.921,-200.45
29.937,-206.07
29.953,-212.67
29.968,-218.3
29.984,-220.76
30.000,-218.39
30.015,-210.41
30.031,-197.1
30.046,-179.57
30.062,-159.3
30.078,-137.68
30.093,-115.54
30.109,-93.06
30.125,-69.85
30.140,-45.31
30.156,-19.09
30.171,8.69
30.187,37.29
30.203,65.41
30.218,91.54
30.234,114.2
30.250,132.26
30.265,145.1
30.281,152.82
30.296,156.23
30.312,156.63
30.328,155.47
30.343,153.9
30.359,152.39
30.375,150.81
30.390,148.64
30.406,145.53
30.421,141.4
30.437,136.66
30.453,131.73
30.468,126.58
30.484,120.66
30.500,112.92
30.515,102.22
30.531,87.69
30.546,68.91
30.562,45.62
30.578,18.0
30.593,-13.57
30.609,-47.94
30.625,-83.2
30.640,-116.84
30.656,-146.5
30.671,-170.68
30.687,-189.2
30.703,-203.01
30.718,-213.12
30.734,-220.03
30.750,-223.01
30.765,-220.69
30.781,-211.95
30.796,-196.93
30.812,-177.16
30.828,-155.23
30.843,-133.87
30.859,-114.78
30.875,-98.32
30.890,-83.54
30.906,-69.07
30.921,-53.99
30.937,-38.5
30.953,-23.76
30.968,-11.25
30.984,-2.02
31.000,4.06
31.015,8.16
31.031,11.91
31.046,16.66
31.062,22.85
31.078,29.99
31.093,37.04
31.109,43.1
31.125,47.8
31.140,51.45
31.156,54.66
31.171,57.97
31.187,61.45
31.203,64.5
31.218,66.1
31.234,65.22
31.250,61.34
31.265,55.04
31.281,48.03
31.296,42.51
31.312,40.42
31.328,42.7
31.343,48.6
31.359,56.24
31.375,63.33
31.390,68.23
31.406,70.65
31.421,71.54
31.437,72.43
31.453,74.48
31.468,77.97
31.484,82.06
31.500,85.28
31.515,86.27
31.531,84.38
31.546,79.79
31.562,73.28
31.578,65.8
31.593,58.13
31.609,50.78
31.625,44.06
31.640,37.98
31.656,32.36
31.671,26.6
31.687,19.8
31.703,11.04
31.718,-0.19
31.734,-13.53
31.750,-27.89
31.765,-41.82
31.781,-54.17
31.796,-64.36
31.812,-72.45
31.828,-78.69
31.843,-83.18
31.859,-85.8
31.875,-86.47
31.890,-85.28
31.906,-82.6
31.921,-78.92
31.937,-74.44
31.953,-68.95
31.968,-62.02
31.984,-53.26
32.000,-42.74
32.015,-31.05
32.031,-19.07
32.046,-7.68
32.062,2.29
32.078,10.21
32.093,15.72
32.109,18.77
32.125,19.89
32.140,20.14
32.156,20.74
32.171,22.54
32.187,25.53
32.203,28.66
32.218,30.41
32.234,29.46
32.250,25.41
32.265,18.86
32.281,11.04
32.296,3.1
32.312,-4.46
32.328,-11.82
32.343,-19.66
32.359,-28.55
32.375,-38.78
32.390,-50.3
32.406,-62.88
32.421,-76.34
32.437,-90.51
32.453,-105.16
32.468,-119.61
32.484,-132.91
32.500,-143.93
32.515,-151.84
32.531,-156.5
32.546,-158.6
32.562,-159.51
32.578,-160.76
32.593,-163.18
32.609,-166.3
32.625,-168.48
32.640,-167.31
32.656,-160.75
32.671,-147.84
32.687,-129.08
32.703,-106.19
32.718,-81.46
32.734,-57.07
32.750,-34.72
32.765,-15.67
32.781,-0.65
32.796,10.01
32.812,16.55
32.828,20.05
32.843,22.3
32.859,25.51
32.875,31.71
32.890,42.19
32.906,57.18
32.921,75.95
32.937,97.03
32.953,118.57
32.968,138.95
32.984,157.0
33.000,172.24
33.015,184.81
33.031,195.05
33.046,203.21
33.062,209.31
33.078,213.0
33.093,213.73
33.109,211.17
33.125,205.22
33.140,196.22
33.156,184.81
33.171,171.88
33.187,158.33
33.203,144.91
33.218,132.02
33.234,119.62
33.250,107.38
33.265,94.68
33.281,81.19
33.296,66.87
33.312,52.25
33.328,38.17
33.343,25.42
33.359,14.49
33.375,5.38
33.390,-2.18
33.406,-8.61
33.421,-14.22
33.437,-19.04
33.453,-22.94
33.468,-25.7
33.484,-27.14
33.500,-27.11
33.515,-25.67
33.531,-22.87
33.546,-19.0
33.562,-14.45
33.578,-9.79
33.593,-5.69
33.609,-2.79
33.625,-1.46
33.640,-1.79
33.656,-3.65
33.671,-6.71
33.687,-10.61
33.703,-14.97
33.718,-19.43
33.734,-23.55
33.750,-26.82
33.765,-28.58
33.781,-28.29
33.796,-25.83
33.812,-21.51
33.828,-16.02
33.843,-10.12
33.859,-4.37
33.875,0.77
33.890,5.02
33.906,8.04
33.921,9.26
33.937,8.1
33.953,3.99
33.968,-3.39
33.984,-14.08
34.000,-27.91
34.015,-44.85
34.031,-64.82
34.046,-87.7
34.062,-113.0
34.078,-139.82
34.093,-167.01
34.109,-193.62
34.125,-219.07
34.140,-243.04
34.156,-265.38
34.171,-285.6
34.187,-302.89
34.203,-316.32
34.218,-325.46
34.234,-330.74
34.250,-333.5
34.265,-335.06
34.281,-335.96
34.296,-335.42
34.312,-331.57
34.328,-322.41
34.343,-306.7
34.359,-284.39
34.375,-256.3
34.390,-223.31
34.406,-185.68
34.421,-143.2
34.437,-95.68
34.453,-43.65
34.468,11.31
34.484,66.91
34.500,120.62
34.515,170.08
34.531,213.12
34.546,247.64
34.562,271.77
34.578,284.46
34.593,286.07
34.609,278.75
34.625,265.88
34.640,251.14
34.656,237.21
34.671,225.18
34.687,214.43
34.703,203.48
34.718,190.95
34.734,176.29
34.750,159.87
34.765,142.8
34.781,126.52
34.796,112.27
34.812,100.83
34.828,92.25
34.843,85.91
34.859,80.69
34.875,75.34
34.890,68.98
34.906,61.6
34.921,53.96
34.937,47.28
34.953,42.52
34.968,39.96
34.984,39.18
35.000,39.5
35.015,40.4
35.031,41.86
35.046,44.36
35.062,48.18
35.078,53.07
35.093,58.03
35.109,61.65
35.125,62.69
35.140,60.87
35.156,56.81
35.171,51.84
35.187,47.25
35.203,43.67
35.218,40.76
35.234,37.77
35.250,33.89
35.265,28.89
35.281,23.27
35.296,17.79
35.312,13.07
35.328,9.24
35.343,5.83
35.359,2.13
35.375,-2.27
35.390,-7.24
35.406,-12.02
35.421,-15.49
35.437,-16.47
35.453,-14.15
35.468,-8.13
35.484,1.33
35.500,13.46
35.515,27.11
35.531,40.94
35.546,53.65
35.562,64.17
35.578,71.82
35.593,76.32
35.609,77.84
35.625,76.83
35.640,74.0
35.656,70.08
35.671,65.65
35.687,61.03
35.703,56.17
35.718,50.63
35.734,43.84
35.750,35.34
35.765,25.17
35.781,14.04
35.796,3.2
35.812,-5.96
35.828,-12.38
35.843,-15.88
35.859,-17.13
35.875,-17.48
35.890,-18.34
35.906,-20.68
35.921,-24.77
35.937,-30.08
35.953,-35.79
35.968,-41.12
35.984,-45.57
36.000,-49.18
36.015,-52.18
36.031,-54.88
36.046,-57.31
36.062,-59.32
36.078,-60.52
36.093,-60.48
36.109,-58.89
36.125,-55.43
36.140,-49.78
36.156,-41.47
36.171,-30.07
36.187,-15.29
36.203,2.69
36.218,23.09
36.234,44.65
36.250,65.93
36.265,85.56
36.281,102.54
36.296,116.24
36.312,126.24
36.328,132.27
36.343,134.08
36.359,131.44
36.375,124.23
36.390,112.71
36.406,97.46
36.421,79.57
36.437,60.53
36.453,42.1
36.468,25.71
36.484,12.33
36.500,2.13
36.515,-5.44
36.531,-11.31
36.546,-16.43
36.562,-21.42
36.578,-26.58
36.593,-31.79
36.609,-36.87
36.625,-41.48
36.640,-45.24
36.656,-47.76
36.671,-48.85
36.687,-48.69
36.703,-47.91
36.718,-47.43
36.734,-48.07
36.750,-50.14
36.765,-53.03
36.781,-55.24
36.796,-54.75
36.812,-49.68
36.828,-38.97
36.843,-22.81
36.859,-2.55
36.875,19.61
36.890,41.5
36.906,61.39
36.921,78.48
36.937,92.76
36.953,104.58
36.968,114.19
36.984,121.29
37.000,125.22
37.015,125.26
37.031,121.16
37.046,113.3
37.062,102.72
37.078,90.57
37.093,77.85
37.109,65.05
37.125,52.19
37.140,39.16
37.156,25.97
37.171,12.93
37.187,0.4
37.203,-11.53
37.218,-23.18
37.234,-35.29
37.250,-48.8
37.265,-64.65
37.281,-83.36
37.296,-105.12
37.312,-129.58
37.328,-155.91
37.343,-182.87
37.359,-208.74
37.375,-231.51
37.390,-248.97
37.406,-259.19
37.421,-260.8
37.437,-253.1
37.453,-236.26
37.468,-211.07
37.484,-178.81
37.500,-140.99
37.515,-99.34
37.531,-55.65
37.546,-11.9
37.562,29.8
37.578,67.38
37.593,98.99
37.609,123.32
37.625,139.82
37.640,148.82
37.656,151.35
37.671,148.83
37.687,142.75
37.703,134.29
37.718,124.29
37.734,113.36
37.750,102.09
37.765,91.32
37.781,82.01
37.796,74.97
37.812,70.53
37.828,68.42
37.843,67.92
37.859,68.34
37.875,69.44
37.890,71.58
37.906,75.49
37.921,81.7
37.937,90.03
37.953,99.52
37.968,108.75
37.984,116.34
38.000,121.5
38.015,123.97
38.031,123.92
38.046,121.32
38.062,115.72
38.078,106.3
38.093,92.16
38.109,72.83
38.125,48.33
38.140,19.21
38.156,-13.68
38.171,-49.46
38.187,-87.24
38.203,-126.15
38.218,-165.42
38.234,-204.46
38.250,-243.07
38.265,-281.39
38.281,-319.47
38.296,-356.65
38.312,-391.05
38.328,-419.3
38.343,-437.1
38.359,-440.25
38.375,-425.93
38.390,-393.58
38.406,-345.21
38.421,-284.82
38.437,-217.55
38.453,-148.84
38.468,-83.4
38.484,-24.84
38.500,24.7
38.515,64.51
38.531,95.15
38.546,117.86
38.562,133.93
38.578,144.36
38.593,149.62
38.609,150.1
38.625,146.24
38.640,138.75
38.656,128.6
38.671,116.89
38.687,104.59
38.703,92.55
38.718,81.62
38.734,72.69
38.750,66.5
38.765,63.48
38.781,63.6
38.796,66.57
38.812,71.98
38.828,79.35
38.843,88.17
38.859,97.82
38.875,107.47
38.890,116.23
38.906,123.3
38.921,128.26
38.937,131.11
38.953,132.11
38.968,131.57
38.984,129.84
39.000,127.36
39.015,124.44
39.031,121.22
39.046,117.35
39.062,111.88
39.078,103.3
39.093,90.02
39.109,71.16
39.125,47.13
39.140,19.68
39.156,-8.59
39.171,-34.99
39.187,-57.47
39.203,-74.97
39.218,-87.71
39.234,-96.69
39.250,-103.22
39.265,-108.58
39.281,-113.68
39.296,-118.88
39.312,-123.91
39.328,-127.92
39.343,-129.81
39.359,-128.54
39.375,-123.35
39.390,-113.87
39.406,-100.41
39.421,-83.71
39.437,-64.78
39.453,-44.74
39.468,-24.77
39.484,-6.26
39.500,9.41
39.515,21.04
39.531,27.78
39.546,29.03
39.562,24.72
39.578,15.41
39.593,2.2
39.609,-13.35
39.625,-29.51
39.640,-44.36
39.656,-55.95
39.671,-62.62
39.687,-63.53
39.703,-58.18
39.718,-45.96
39.734,-26.11
39.750,2.19
39.765,39.36
39.781,84.98
39.796,137.5
39.812,193.92
39.828,248.57
39.843,295.0
39.859,327.9
39.875,344.4
39.890,344.19
39.906,329.12
39.921,302.61
39.937,269.13
39.953,233.12
39.968,195.57
39.984,156.43
40.000,116.62
40.015,79.1
40.031,47.56
40.046,24.81
40.062,12.0
40.078,9.12
40.093,15.1
40.109,23.87
40.125,29.38
40.140,28.7
40.156,23.14
40.171,15.35
40.187,6.31
40.203,-5.73
40.218,-23.51
40.234,-50.13
40.250,-93.65
40.265,-160.11
40.281,-249.65
40.296,-355.55
40.312,-468.22
40.328,-579.47
40.343,-683.97
40.359,-777.29
40.375,-823.88
40.390,-795.61
40.406,-689.18
40.421,-531.74
40.437,-359.85
40.453,-199.17
40.468,-61.21
40.484,50.94
40.500,138.89
40.515,211.81
40.531,269.9
40.546,311.29
40.562,336.73
40.578,351.38
40.593,362.19
40.609,375.14
40.625,386.8
40.640,396.19
40.656,402.96
40.671,402.39
40.687,390.7
40.703,367.54
40.718,336.84
40.734,304.25
40.750,273.89
40.765,247.14
40.781,224.31
40.796,203.94
40.812,180.67
40.828,149.79
40.843,109.6
40.859,62.45
40.875,13.08
40.890,-33.56
40.906,-73.4
40.921,-102.68
40.937,-119.28
40.953,-124.54
40.968,-121.16
40.984,-112.04
41.000,-99.28
41.015,-84.2
41.031,-67.89
41.046,-51.39
41.062,-35.16
41.078,-19.82
41.093,-6.59
41.109,3.79
41.125,11.28
41.140,16.79
41.156,21.42
41.171,25.72
41.187,29.35
41.203,31.56
41.218,31.2
41.234,27.41
41.250,20.04
41.265,9.58
41.281,-3.0
41.296,-16.63
41.312,-30.53
41.328,-43.99
41.343,-56.25
41.359,-66.61
41.375,-74.53
41.390,-79.96
41.406,-83.52
41.421,-86.45
41.437,-90.12
41.453,-95.71
41.468,-103.38
41.484,-112.35
41.500,-121.26
41.515,-128.91
41.531,-134.88
41.546,-139.73
41.562,-144.57
41.578,-150.2
41.593,-156.39
41.609,-161.44
41.625,-162.64
41.640,-157.29
41.656,-143.78
41.671,-122.31
41.687,-94.9
41.703,-64.57
41.718,-34.36
41.734,-6.49
41.750,17.94
41.765,38.73
41.781,55.92
41.796,69.51
41.812,79.22
41.828,84.9
41.843,86.75
41.859,85.65
41.875,82.77
41.890,79.22
41.906,75.66
41.921,71.89
41.937,67.29
41.953,61.02
41.968,52.58
41.984,41.95
42.000,29.61
42.015,16.23
42.031,2.4
42.046,-11.55
42.062,-25.65
42.078,-39.91
42.093,-54.13
42.109,-67.86
42.125,-80.17
42.140,-90.2
42.156,-97.25
42.171,-101.07
42.187,-101.81
42.203,-99.87
42.218,-95.58
42.234,-88.95
42.250,-79.82
42.265,-67.91
42.281,-53.16
42.296,-35.72
42.312,-16.34
42.328,4.18
42.343,24.85
42.359,44.69
42.375,62.74
42.390,78.05
42.406,89.82
42.421,97.24
42.437,99.78
42.453,97.16
42.468,89.95
42.484,79.57
42.500,68.05
42.515,57.3
42.531,48.13
42.546,40.06
42.562,31.17
42.578,19.23
42.593,2.46
42.609,-19.25
42.625,-44.09
42.640,-69.45
42.656,-93.09
42.671,-113.94
42.687,-131.97
42.703,-147.81
42.718,-161.76
42.734,-174.33
42.750,-184.87
42.765,-191.96
42.781,-194.66
42.796,-193.34
42.812,-189.42
42.828,-184.28
42.843,-178.88
42.859,-173.37
42.875,-168.92
42.890,-165.28
42.906,-161.22
42.921,-156.08
42.937,-150.83
42.953,-147.45
42.968,-147.65
42.984,-152.55
43.000,-162.23
43.015,-178.25
43.031,-199.35
43.046,-221.6
43.062,-241.02
43.078,-255.43
43.093,-264.4
43.109,-267.79
43.125,-265.75
43.140,-258.12
43.156,-247.7
43.171,-234.31
43.187,-214.58
43.203,-184.78
43.218,-143.03
43.234,-89.41
43.250,-24.94
43.265,47.29
43.281,142.04
43.296,248.88
43.312,341.15
43.328,395.75
43.343,407.96
43.359,387.17
43.375,346.45
43.390,296.66
43.406,243.67
43.421,189.92
43.437,133.22
43.453,74.73
43.468,19.41
43.484,-27.35
43.500,-63.08
43.515,-92.24
43.531,-115.57
43.546,-134.38
43.562,-149.46
43.578,-163.27
43.593,-175.25
43.609,-182.21
43.625,-181.07
43.640,-171.24
43.656,-154.8
43.671,-134.43
43.687,-113.35
43.703,-93.79
43.718,-77.81
43.734,-64.09
43.750,-51.5
43.765,-38.56
43.781,-24.89
43.796,-11.29
43.812,1.56
43.828,12.73
43.843,21.86
43.859,28.41
43.875,32.55
43.890,34.87
43.906,36.06
43.921,36.2
43.937,35.03
43.953,32.76
43.968,29.7
43.984,26.64
44.000,24.06
44.015,22.33
44.031,21.51
44.046,21.57
44.062,22.14
44.078,22.84
44.093,23.74
44.109,25.29
44.125,28.21
44.140,33.13
44.156,40.12
44.171,48.65
44.187,57.91
44.203,67.03
44.218,75.45
44.234,83.15
44.250,90.57
44.265,98.43
44.281,107.49
44.296,118.38
44.312,131.34
44.328,145.98
44.343,160.76
44.359,173.0
44.375,179.22
44.390,176.33
44.406,163.07
44.421,140.81
44.437,113.42
44.453,86.04
44.468,63.36
44.484,48.18
44.500,40.98
44.515,40.27
44.531,43.87
44.546,50.02
44.562,58.06
44.578,68.29
44.593,81.46
44.609,98.2
44.625,118.74
44.640,142.92
44.656,170.33
44.671,200.43
44.687,232.8
44.703,266.93
44.718,302.02
44.734,336.54
44.750,368.08
44.765,393.31
44.781,408.71
44.796,411.33
44.812,399.37
44.828,372.54
44.843,331.78
44.859,278.93
44.875,216.6
44.890,148.27
44.906,78.47
44.921,12.82
44.937,-42.69
44.953,-83.03
44.968,-105.55
44.984,-110.73
45.000,-102.04
45.015,-84.89
45.031,-65.03
45.046,-47.26
45.062,-34.8
45.078,-29.07
45.093,-30.0
45.109,-36.57
45.125,-47.15
45.140,-59.9
45.156,-73.0
45.171,-84.91
45.187,-94.43
45.203,-101.02
45.218,-104.64
45.234,-105.74
45.250,-105.15
45.265,-103.85
45.281,-102.71
45.296,-102.23
45.312,-102.5
45.328,-103.21
45.343,-103.98
45.359,-104.54
45.375,-104.89
45.390,-105.28
45.406,-106.05
45.421,-107.36
45.437,-109.12
45.453,-110.96
45.468,-112.43
45.484,-113.19
45.500,-113.09
45.515,-112.22
45.531,-110.84
45.546,-109.2
45.562,-107.27
45.578,-104.62
45.593,-100.48
45.609,-93.9
45.625,-84.14
45.640,-70.98
45.656,-54.95
45.671,-37.23
45.687,-19.3
45.703,-2.54
45.718,12.16
45.734,24.48
45.750,34.54
45.765,42.55
45.781,48.63
45.796,52.8
45.812,55.03
45.828,55.55
45.843,54.92
45.859,53.73
45.875,52.6
45.890,51.9
45.906,51.64
45.921,51.64
45.937,51.68
45.953,51.57
45.968,51.26
45.984,50.82
46.000,50.2
46.015,49.31
46.031,48.12
46.046,46.42
46.062,44.11
46.078,40.98
46.093,36.91
46.109,31.85
46.125,25.86
46.140,19.25
46.156,12.42
46.171,5.81
46.187,-0.25
46.203,-5.62
46.218,-10.35
46.234,-14.57
46.250,-18.44
46.265,-22.15
46.281,-25.84
46.296,-29.58
46.312,-33.32
46.328,-36.76
46.343,-39.35
46.359,-40.36
46.375,-39.1
46.390,-35.21
46.406,-28.87
46.421,-20.63
46.437,-11.36
46.453,-1.94
46.468,6.98
46.484,14.98
46.500,21.9
46.515,27.67
46.531,32.2
46.546,35.34
46.562,37.18
46.578,37.9
46.593,37.86
46.609,37.51
46.625,37.15
46.640,36.81
46.656,36.28
46.671,35.24
46.687,33.43
46.703,30.93
46.718,28.04
46.734,25.11
46.750,22.43
46.765,20.04
46.781,17.67
46.796,15.11
46.812,12.05
46.828,8.4
46.843,4.26
46.859,-0.16
46.875,-4.54
46.890,-8.51
46.906,-11.97
46.921,-14.93
46.937,-17.5
46.953,-20.06
46.968,-22.99
46.984,-26.55
47.000,-30.86
47.015,-35.71
47.031,-40.48
47.046,-44.42
47.062,-46.58
47.078,-46.13
47.093,-42.72
47.109,-36.43
47.125,-27.8
47.140,-17.84
47.156,-7.58
47.171,2.15
47.187,10.86
47.203,18.41
47.218,24.92
47.234,30.45
47.250,34.92
47.265,38.17
47.281,39.92
47.296,40.04
47.312,38.71
47.328,36.26
47.343,33.11
47.359,29.74
47.375,26.33
47.390,22.91
47.406,19.47
47.421,15.95
47.437,12.46
47.453,9.35
47.468,6.8
47.484,4.91
47.500,3.56
47.515,2.3
47.531,0.64
47.546,-1.86
47.562,-5.41
47.578,-9.74
47.593,-14.44
47.609,-19.05
47.625,-23.29
47.640,-27.14
47.656,-30.82
47.671,-34.5
47.687,-38.19
47.703,-41.64
47.718,-44.38
47.734,-45.81
47.750,-45.44
47.765,-43.05
47.781,-38.64
47.796,-32.54
47.812,-25.18
47.828,-17.06
47.843,-8.66
47.859,-0.45
47.875,7.23
47.890,14.07
47.906,19.9
47.921,24.6
47.937,28.08
47.953,30.41
47.968,31.71
47.984,32.21
48.000,32.16
48.015,31.76
48.031,31.14
48.046,30.43
48.062,29.62
48.078,28.73
48.093,27.76
48.109,26.68
48.125,25.47
48.140,24.02
48.156,22.14
48.171,19.7
48.187,16.66
48.203,13.17
48.218,9.44
48.234,5.8
48.250,2.44
48.265,-0.52
48.281,-3.18
48.296,-5.77
48.312,-8.54
48.328,-11.7
48.343,-15.25
48.359,-19.08
48.375,-22.83
48.390,-26.19
48.406,-28.85
48.421,-30.53
48.437,-31.07
48.453,-30.22
48.468,-27.75
48.484,-23.43
48.500,-17.24
48.515,-9.31
48.531,-0.1
48.546,9.64
48.562,19.29
48.578,28.31
48.593,36.51
48.609,43.95
48.625,50.72
48.640,56.73
48.656,61.62
48.671,64.99
48.687,66.48
48.703,66.23
48.718,64.7
48.734,62.61
48.750,60.6
48.765,58.94
48.781,57.58
48.796,56.27
48.812,54.91
48.828,53.53
48.843,52.3
48.859,51.23
48.875,50.08
48.890,48.45
48.906,45.84
48.921,42.09
48.937,37.36
48.953,32.21
48.968,27.34
48.984,23.27
49.000,20.18
49.015,17.85
49.031,15.87
49.046,13.62
49.062,10.73
49.078,7.19
49.093,3.45
49.109,0.38
49.125,-1.08
49.140,-0.25
49.156,3.05
49.171,8.53
49.187,15.44
49.203,23.02
49.218,30.56
49.234,37.57
49.250,43.6
49.265,48.2
49.281,50.87
49.296,51.2
49.312,49.14
49.328,45.16
49.343,40.21
49.359,35.33
49.375,31.44
49.390,28.95
49.406,27.91
49.421,28.03
49.437,28.9
49.453,30.18
49.468,31.57
49.484,32.9
49.500,33.95
49.515,34.69
49.531,35.14
49.546,35.59
49.562,36.56
49.578,38.55
49.593,41.96
49.609,47.0
49.625,53.66
49.640,61.79
49.656,71.34
49.671,82.29
49.687,94.74
49.703,108.87
49.718,124.66
49.734,141.9
49.750,160.14
49.765,178.61
49.781,196.48
49.796,213.06
49.812,227.98
49.828,241.2
49.843,253.07
49.859,263.84
49.875,273.45
49.890,281.28
49.906,285.86
49.921,285.29
49.937,277.77
49.953,262.41
49.968,239.95
49.984,213.14
50.000,186.17
50.015,163.71
50.031,149.5
50.046,145.07
50.062,149.46
50.078,159.47
50.093,170.78
50.109,179.16
50.125,181.41
50.140,175.7
50.156,161.48
50.171,139.13
50.187,109.53
50.203,73.89
50.218,33.67
50.234,-9.54
50.250,-54.02
50.265,-98.36
50.281,-141.7
50.296,-184.3
50.312,-227.56
50.328,-273.72
50.343,-325.18
50.359,-383.24
50.375,-447.68
50.390,-516.15
50.406,-585.2
50.421,-650.74
50.437,-709.46
50.453,-759.46
50.468,-800.23
50.484,-832.32
50.500,-857.0
50.515,-876.17
50.531,-891.64
50.546,-904.48
50.562,-913.5
50.578,-914.81
50.593,-902.28
50.609,-869.65
50.625,-813.36
50.640,-734.7
50.656,-640.13
50.671,-539.21
50.687,-441.55
50.703,-354.0
50.718,-279.68
50.734,-218.68
50.750,-169.83
50.765,-132.05
50.781,-104.44
50.796,-85.7
50.812,-73.34
50.828,-63.87
50.843,-53.58
50.859,-39.85
50.875,-21.78
50.890,0.06
50.906,24.08
50.921,48.98
50.937,74.38
50.953,100.93
50.968,129.61
50.984,161.01
51.000,194.67
51.015,229.09
51.031,262.18
51.046,291.98
51.062,317.47
51.078,338.83
51.093,357.47
51.109,375.31
51.125,394.49
51.140,416.38
51.156,440.99
51.171,466.4
51.187,488.97
51.203,504.29
51.218,508.63
51.234,500.44
51.250,480.85
51.265,453.4
51.281,422.38
51.296,391.21
51.312,361.54
51.328,333.38
51.343,306.15
51.359,279.71
51.375,254.9
51.390,232.97
51.406,214.97
51.421,200.97
51.437,190.01
51.453,180.63
51.468,171.41
51.484,161.49
51.500,150.56
51.515,138.9
51.531,126.85
51.546,114.78
51.562,102.93
51.578,91.19
51.593,79.4
51.609,67.25
51.625,54.6
51.640,41.7
51.656,29.24
51.671,18.22
51.687,9.53
51.703,3.67
51.718,0.41
51.734,-1.15
51.750,-2.26
51.765,-4.03
51.781,-6.98
51.796,-10.78
51.812,-14.29
51.828,-16.16
51.843,-15.29
51.859,-11.49
51.875,-5.49
51.890,1.2
51.906,6.75
51.921,9.58
51.937,8.58
51.953,3.18
51.968,-7.03
51.984,-22.34
52.000,-43.3
52.015,-70.25
52.031,-103.2
52.046,-141.55
52.062,-183.89
52.078,-228.13
52.093,-271.48
52.109,-310.84
52.125,-342.98
52.140,-365.04
52.156,-374.96
52.171,-371.8
52.187,-355.95
52.203,-329.0
52.218,-293.1
52.234,-250.43
52.250,-202.63
52.265,-150.53
52.281,-94.65
52.296,-35.69
52.312,25.03
52.328,85.28
52.343,142.44
52.359,193.81
52.375,237.31
52.390,271.74
52.406,296.67
52.421,312.24
52.437,318.8
52.453,316.96
52.468,307.53
52.484,291.82
52.500,271.57
52.515,248.9
52.531,226.04
52.546,204.94
52.562,186.79
52.578,171.77
52.593,159.04
52.609,147.08
52.625,134.23
52.640,119.46
52.656,102.57
52.671,84.28
52.687,65.86
52.703,48.68
52.718,33.82
52.734,21.66
52.750,12.05
52.765,4.38
52.781,-2.12
52.796,-8.18
52.812,-14.17
52.828,-20.23
52.843,-26.13
52.859,-31.53
52.875,-36.19
52.890,-39.99
52.906,-42.89
52.921,-44.82
52.937,-45.64
52.953,-45.08
52.968,-43.15
52.984,-40.11
53.000,-36.51
53.015,-32.98
53.031,-29.84
53.046,-27.02
53.062,-24.07
53.078,-20.31
53.093,-15.4
53.109,-9.38
53.125,-2.77
53.140,3.79
53.156,9.82
53.171,15.25
53.187,20.26
53.203,24.94
53.218,29.05
53.234,31.68
53.250,31.74
53.265,28.49
53.281,22.01
53.296,13.32
53.312,4.16
53.328,-3.66
53.343,-8.91
53.359,-11.07
53.375,-10.34
53.390,-7.06
53.406,-1.38
53.421,6.78
53.437,17.6
53.453,30.99
53.468,46.31
53.484,62.05
53.500,75.98
53.515,85.32
53.531,87.32
53.546,79.9
53.562,62.15
53.578,34.97
53.593,0.81
53.609,-36.59
53.625,-73.08
53.640,-104.7
53.656,-128.34
53.671,-142.22
53.687,-145.93
53.703,-140.6
53.718,-128.43
53.734,-112.46
53.750,-95.99
53.765,-81.91
53.781,-72.24
53.796,-67.73
53.812,-68.08
53.828,-72.16
53.843,-78.67
53.859,-86.44
53.875,-94.92
53.890,-104.19
53.906,-114.5
53.921,-125.79
53.937,-137.12
53.953,-146.74
53.968,-152.4
53.984,-152.14
54.000,-144.89
54.015,-130.78
54.031,-111.28
54.046,-88.61
54.062,-65.32
54.078,-43.66
54.093,-25.34
54.109,-11.3
54.125,-1.85
54.140,3.55
54.156,6.15
54.171,7.39
54.187,8.56
54.203,10.4
54.218,13.04
54.234,15.94
54.250,18.15
54.265,18.57
54.281,16.63
54.296,12.28
54.312,5.62
54.328,-3.6
54.343,-16.01
54.359,-32.21
54.375,-52.59
54.390,-76.51
54.406,-102.59
54.421,-127.84
54.437,-148.88
54.453,-163.34
54.468,-171.26
54.484,-174.72
54.500,-176.7
54.515,-180.19
54.531,-186.42
54.546,-195.46
54.562,-204.83
54.578,-210.91
54.593,-210.54
54.609,-202.78
54.625,-188.25
54.640,-168.01
54.656,-143.32
54.671,-113.59
54.687,-77.76
54.703,-32.7
54.718,25.24
54.734,98.17
54.750,184.29
54.765,278.69
54.781,375.19
54.796,466.87
54.812,549.32
54.828,607.93
54.843,627.6
54.859,602.64
54.875,541.78
54.890,460.84
54.906,373.68
54.921,293.78
54.937,219.41
54.953,149.37
54.968,83.59
54.984,23.92
55.000,-28.52
55.015,-70.88
55.031,-103.7
55.046,-129.58
55.062,-151.08
55.078,-170.33
55.093,-186.67
55.109,-198.75
55.125,-203.81
55.140,-199.07
55.156,-183.28
55.171,-158.28
55.187,-127.82
55.203,-95.93
55.218,-66.37
55.234,-40.51
55.250,-18.85
55.265,-0.75
55.281,14.78
55.296,28.1
55.312,38.02
55.328,42.81
55.343,41.3
55.359,32.92
55.375,18.69
55.390,-0.15
55.406,-22.28
55.421,-46.68
55.437,-72.87
55.453,-101.25
55.468,-132.44
55.484,-166.69
55.500,-203.85
55.515,-242.92
55.531,-282.43
55.546,-320.48
55.562,-354.83
55.578,-383.1
55.593,-403.19
55.609,-413.32
55.625,-411.98
55.640,-398.06
55.656,-370.76
55.671,-329.9
55.687,-276.66
55.703,-213.69
55.718,-144.78
55.734,-74.25
55.750,-5.98
55.765,57.26
55.781,114.09
55.796,164.18
55.812,207.95
55.828,245.94
55.843,279.02
55.859,308.47
55.875,335.6
55.890,361.13
55.906,384.25
55.921,402.54
55.937,412.66
55.953,411.72
55.968,398.63
55.984,374.67
56.000,342.99
56.015,307.23
56.031,270.51
56.046,234.81
56.062,201.29
56.078,170.46
56.093,142.33
56.109,116.51
56.125,92.27
56.140,68.79
56.156,45.54
56.171,23.01
56.187,2.61
56.203,-13.99
56.218,-25.87
56.234,-33.39
56.250,-38.03
56.265,-41.83
56.281,-46.48
56.296,-53.25
56.312,-62.79
56.328,-75.73
56.343,-92.92
56.359,-115.54
56.375,-144.56
56.390,-179.89
56.406,-220.24
56.421,-263.02
56.437,-305.09
56.453,-343.25
56.468,-374.95
56.484,-398.3
56.500,-412.05
56.515,-415.52
56.531,-408.68
56.546,-392.28
56.562,-367.49
56.578,-335.72
56.593,-298.1
56.609,-255.26
56.625,-207.53
56.640,-155.27
56.656,-99.41
56.671,-41.83
56.687,14.36
56.703,65.24
56.718,106.61
56.734,134.89
56.750,148.29
56.765,147.67
56.781,136.62
56.796,120.7
56.812,105.95
56.828,97.0
56.843,96.16
56.859,103.24
56.875,116.19
56.890,132.22
56.906,148.49
56.921,162.34
56.937,171.35
56.953,173.25
56.968,166.45
56.984,150.64
57.000,127.12
57.015,98.81
57.031,69.29
57.046,41.81
57.062,18.76
57.078,1.51
57.093,-9.21
57.109,-12.71
57.125,-8.29
57.140,4.4
57.156,24.81
57.171,51.17
57.187,80.68
57.203,110.28
57.218,137.27
57.234,159.81
57.250,176.83
57.265,187.81
57.281,192.5
57.296,190.78
57.312,182.89
57.328,169.49
57.343,151.72
57.359,130.91
57.375,108.33
57.390,84.91
57.406,61.31
57.421,38.08
57.437,15.88
57.453,-4.42
57.468,-21.82
57.484,-35.49
57.500,-44.84
57.515,-49.54
57.531,-49.44
57.546,-44.75
57.562,-35.85
57.578,-23.42
57.593,-8.59
57.609,7.22
57.625,22.51
57.640,35.94
57.656,46.54
57.671,53.77
57.687,57.09
57.703,56.12
57.718,50.53
57.734,40.31
57.750,26.01
57.765,8.82
57.781,-9.69
57.796,-28.21
57.812,-46.06
57.828,-63.26
57.843,-80.1
57.859,-96.62
57.875,-112.34
57.890,-126.25
57.906,-137.2
57.921,-144.26
57.937,-146.77
57.953,-144.48
57.968,-137.4
57.984,-125.98
58.000,-111.04
58.015,-93.96
58.031,-76.34
58.046,-59.66
58.062,-44.87
58.078,-32.01
58.093,-20.57
58.109,-9.81
58.125,0.88
58.140,11.75
58.156,22.71
58.171,33.3
58.187,42.53
58.203,48.81
58.218,50.31
58.234,45.3
58.250,32.97
58.265,13.79
58.281,-10.3
58.296,-36.35
58.312,-61.1
58.328,-81.64
58.343,-95.87
58.359,-102.57
58.375,-101.28
58.390,-92.27
58.406,-76.4
58.421,-55.25
58.437,-30.83
58.453,-5.35
58.468,19.32
58.484,42.0
58.500,62.46
58.515,81.32
58.531,99.65
58.546,118.4
58.562,137.76
58.578,156.94
58.593,174.38
58.609,188.21
58.625,196.98
58.640,200.15
58.656,198.1
58.671,191.83
58.687,182.39
58.703,170.38
58.718,155.95
58.734,139.16
58.750,120.32
58.765,100.42
58.781,80.88
58.796,63.24
58.812,48.68
58.828,37.8
58.843,30.54
58.859,26.34
58.875,24.61
58.890,24.77
58.906,26.51
58.921,29.63
58.937,34.0
58.953,39.35
58.968,45.24
58.984,50.99
59.000,55.81
59.015,59.24
59.031,61.17
59.046,62.07
59.062,62.74
59.078,64.11
59.093,67.1
59.109,72.39
59.125,80.32
59.140,91.05
59.156,104.5
59.171,120.28
59.187,137.71
59.203,155.92
59.218,174.05
59.234,191.75
59.250,209.07
59.265,226.46
59.281,244.34
59.296,262.37
59.312,278.91
59.328,291.08
59.343,295.28
59.359,288.2
59.375,268.16
59.390,235.58
59.406,193.07
59.421,144.55
59.437,93.92
59.453,43.95
59.468,-4.26
59.484,-51.04
59.500,-97.42
59.515,-144.09
59.531,-190.99
59.546,-237.48
59.562,-282.44
59.578,-325.19
59.593,-365.45
59.609,-403.45
59.625,-439.87
59.640,-475.84
59.656,-512.93
59.671,-552.83
59.687,-596.32
59.703,-641.7
59.718,-684.18
59.734,-716.22
59.750,-730.1
59.765,-721.13
59.781,-690.3
59.796,-644.27
59.812,-593.03
59.828,-545.94
59.843,-508.26
59.859,-479.99
59.875,-457.0
59.890,-433.46
59.906,-403.99
59.921,-364.66
59.937,-313.11
59.953,-248.47
59.968,-171.79
59.984,-86.7
