timestamp,x,y,z,roll,pitch,yaw
00.012,0.0013610078,0.00033780848,0.0003817908,-0.0,-0.0,0.0
00.029,0.0007501425,0.001559539,-0.00022907446,0.0,-0.0,0.0
00.069,0.001971873,0.004003,-0.0008399397,0.0,-0.0,0.0
00.089,-0.00047158796,-0.000883922,-0.0008399397,-0.0,-0.0,0.0
00.130,0.00013927728,-0.00027305676,-0.00022907446,-0.0,-0.0,0.0
00.170,-0.00047158796,0.004613865,-0.00022907446,-0.0,0.0,0.0
00.192,0.0007501425,-0.000883922,0.0003817908,-0.0,-0.0,-0.0
00.231,0.0013610078,0.0009486737,-0.0008399397,0.0,-0.0,0.0
00.270,-0.00047158796,0.00033780848,-0.00022907446,5.655575e-08,7.895305e-08,3.8351544e-08
00.292,0.00013927728,-0.00027305676,0.0003817908,-0.0,-0.0,-0.0
00.331,-0.00047158796,-0.003327383,0.0009926561,-0.0,0.0,0.0
00.370,0.00013927728,-0.000883922,-0.001450805,-0.0,-0.0,0.0
00.391,-0.00047158796,-0.00027305676,-0.00022907446,-0.0,-0.0,0.0
00.431,0.00013927728,-0.000883922,0.0009926561,-0.0,-0.0,-0.0
00.471,-0.0010824533,0.00033780848,-0.00022907446,-0.0,0.0,0.0
00.511,-0.0010824533,-0.0021056526,-0.001450805,-0.0,-0.0,0.0
00.532,-0.0010824533,-0.00027305676,-0.0008399397,-1.024016e-07,4.0594074e-07,3.1499354e-07
00.572,-0.0010824533,0.00033780848,-0.00022907446,-0.0,0.0,0.0
00.611,0.0007501425,0.00033780848,-0.00022907446,0.0,-0.0,0.0
00.629,-0.00047158796,-0.000883922,-0.00022907446,-0.0,-0.0,0.0
00.669,-0.00047158796,-0.00027305676,-0.00022907446,-0.0,-0.0,0.0
00.709,0.0007501425,0.0009486737,0.0003817908,-0.0,-0.0,0.0
00.732,0.0013610078,-0.00027305676,0.0009926561,-0.0,-0.0,-0.0
00.770,-0.0010824533,-0.000883922,0.0003817908,-0.0,0.0,0.0
00.810,0.00013927728,-0.00027305676,-0.0008399397,-6.553757e-08,-3.3428567e-08,2.0159766e-07
00.831,0.0007501425,0.0009486737,-0.0008399397,0.0,-0.0,0.0
00.870,0.0007501425,-0.0014947872,-0.0008399397,-0.0,-0.0,0.0
00.909,-0.0023041838,-0.000883922,-0.00022907446,-0.0,-0.0,0.0
00.930,0.00013927728,0.00033780848,-0.0008399397,0.0,-0.0,0.0
00.971,-0.0010824533,-0.000883922,0.0003817908,-0.0,0.0,0.0
01.010,0.0007501425,0.00033780848,0.0003817908,-0.0,-0.0,0.0
01.029,0.0013610078,0.00033780848,-0.00022907446,0.0,-0.0,0.0
01.071,0.0007501425,0.00033780848,-0.00022907446,7.7439864e-08,-1.7196409e-07,5.251347e-08
01.111,-0.00047158796,-0.000883922,0.0003817908,-0.0,0.0,0.0
01.130,0.00013927728,-0.00027305676,-0.00022907446,-0.0,-0.0,0.0
01.170,0.00013927728,-0.00027305676,0.0009926561,-0.0,-0.0,-0.0
01.209,-0.00047158796,-0.00027305676,-0.0008399397,-0.0,-0.0,0.0
01.230,0.0007501425,0.0027812696,-0.0008399397,0.0,-0.0,0.0
01.270,0.0007501425,0.00033780848,-0.00022907446,0.0,-0.0,0.0
01.312,0.0007501425,0.0009486737,-0.00022907446,0.0,-0.0,0.0
01.330,0.00013927728,0.0009486737,0.0003817908,-0.0,-0.0,0.0
01.372,0.00013927728,0.00033780848,-0.00022907446,0.0,-0.0,0.0
01.411,0.0007501425,0.00033780848,-0.00022907446,0.0,-0.0,0.0
01.451,0.00013927728,-0.000883922,0.0009926561,-0.0,-0.0,-0.0
01.471,-0.00047158796,0.00033780848,-0.0008399397,-0.0,0.0,0.0
01.509,-0.0016933185,-0.000883922,0.0003817908,-0.0,0.0,0.0
01.550,0.00013927728,0.001559539,-0.001450805,0.0,-0.0,0.0
01.569,-0.00047158796,0.00033780848,0.0003817908,0.0,-0.0,-0.0
01.609,0.0007501425,0.00033780848,0.0003817908,8.224372e-08,-1.8263165e-07,-9.295178e-08
01.649,0.0007501425,0.001559539,-0.0008399397,0.0,-0.0,0.0
01.669,0.00013927728,0.00033780848,-0.00022907446,0.0,-0.0,0.0
01.710,-0.00047158796,0.0009486737,-0.001450805,-0.0,0.0,0.0
01.750,0.0007501425,-0.000883922,0.0003817908,-0.0,-0.0,-0.0
01.770,-0.00047158796,-0.00027305676,0.0003817908,-0.0,0.0,0.0
01.811,0.001971873,0.001559539,0.0003817908,-0.0,-0.0,0.0
01.850,0.0007501425,0.00033780848,-0.00022907446,0.0,-0.0,0.0
01.871,0.0007501425,0.0009486737,-0.00022907446,3.1346386e-07,-2.4786453e-07,7.569157e-08
01.910,0.0007501425,0.0009486737,0.0003817908,-0.0,-0.0,0.0
01.950,-0.0010824533,0.00033780848,-0.00022907446,-0.0,0.0,0.0
01.970,0.00013927728,0.0009486737,-0.0008399397,0.0,-0.0,0.0
02.010,-0.00047158796,0.001559539,-0.00022907446,-0.0,0.0,0.0
02.051,0.0007501425,0.001559539,-0.00022907446,0.0,-0.0,0.0
02.070,0.0013610078,0.00033780848,-0.0008399397,0.0,-0.0,0.0
02.111,0.00013927728,0.00033780848,0.0003817908,-0.0,-0.0,0.0
02.151,-0.0010824533,-0.000883922,-0.00022907446,-3.360199e-07,4.1149082e-07,8.708193e-08
02.171,-0.0023041838,-0.0014947872,-0.00022907446,-0.0,-0.0,0.0
02.212,-0.0023041838,-0.003327383,0.0009926561,-0.0,0.0,0.0
02.251,0.0007501425,-0.000883922,-0.00022907446,-0.0,-0.0,0.0
02.271,0.00013927728,0.00033780848,0.0003817908,-0.0,-0.0,0.0
02.312,-0.0010824533,0.00033780848,0.0003817908,0.0,-0.0,-0.0
02.350,0.00013927728,0.00033780848,-0.00022907446,0.0,-0.0,0.0
02.392,-0.00047158796,-0.0021056526,0.0003817908,-0.0,0.0,0.0
02.411,-0.00047158796,-0.00027305676,-0.0008399397,-7.338801e-08,1.2674614e-07,2.2574608e-07
02.452,-0.00047158796,-0.00027305676,-0.00022907446,-0.0,-0.0,0.0
02.489,-0.0016933185,-0.00027305676,-0.00022907446,-0.0,-0.0,0.0
02.512,-0.0016933185,-0.0014947872,-0.0008399397,-0.0,-0.0,0.0
02.550,-0.00047158796,-0.000883922,-0.00022907446,-0.0,-0.0,0.0
02.589,0.00013927728,0.00033780848,-0.00022907446,0.0,-0.0,0.0
02.609,0.0007501425,-0.00027305676,-0.0008399397,-0.0,-0.0,0.0
02.649,-0.00047158796,0.00033780848,0.0003817908,0.0,-0.0,-0.0
02.689,0.00013927728,0.0021704042,-0.0008399397,1.3583204e-06,-8.7164594e-08,5.256658e-07
02.710,0.00013927728,-0.00027305676,0.0009926561,-0.0,-0.0,-0.0
02.755,0.00013927728,0.00033780848,0.0003817908,-0.0,-0.0,0.0
02.789,-0.00047158796,-0.00027305676,-0.00022907446,-0.0,-0.0,0.0
02.812,0.00013927728,0.00033780848,-0.00022907446,0.0,-0.0,0.0
02.851,-0.00047158796,-0.00027305676,-0.00022907446,-0.0,-0.0,0.0
02.892,0.0013610078,0.0009486737,-0.00022907446,0.0,-0.0,0.0
02.911,0.00013927728,-0.00027305676,-0.0008399397,-0.0,-0.0,0.0
02.951,-0.0010824533,-0.0021056526,0.0022143864,-1.8323427e-06,9.419551e-07,-1.9269633e-06
02.992,0.00013927728,0.00033780848,-0.00022907446,0.0,-0.0,0.0
03.011,-0.00047158796,0.00033780848,-0.00022907446,-0.0,0.0,0.0
03.051,0.0013610078,-0.00027305676,-0.00022907446,-0.0,-0.0,0.0
03.091,0.0007501425,0.001559539,-0.0008399397,0.0,-0.0,0.0
03.131,-0.0010824533,-0.000883922,0.0003817908,-0.0,0.0,0.0
03.151,0.0007501425,0.001559539,-0.00022907446,0.0,-0.0,0.0
03.190,0.00013927728,0.00033780848,0.0009926561,-0.0,-0.0,0.0
03.234,-0.00047158796,-0.000883922,-0.00022907446,-2.43851e-07,1.3009878e-07,6.319567e-08
03.251,0.0007501425,0.001559539,-0.00022907446,0.0,-0.0,0.0
03.291,0.00013927728,-0.000883922,0.0003817908,-0.0,-0.0,-0.0
03.331,0.00013927728,-0.000883922,0.0003817908,-0.0,-0.0,-0.0
03.352,-0.00047158796,-0.000883922,-0.00022907446,-0.0,-0.0,0.0
03.391,0.0007501425,-0.000883922,-0.00022907446,-0.0,-0.0,0.0
03.431,-0.00047158796,0.001559539,-0.00022907446,-0.0,0.0,0.0
03.451,-0.0010824533,-0.0014947872,-0.0008399397,-0.0,-0.0,0.0
03.490,0.0007501425,0.00033780848,-0.00022907446,7.7439864e-08,-1.7196409e-07,5.251347e-08
03.529,0.0007501425,0.0009486737,-0.0008399397,0.0,-0.0,0.0
03.549,-0.00047158796,-0.000883922,-0.00022907446,-0.0,-0.0,0.0
03.589,-0.00047158796,-0.00027305676,-0.00022907446,-0.0,-0.0,0.0
03.629,0.0013610078,0.0009486737,0.0003817908,-0.0,-0.0,0.0
03.649,0.0013610078,-0.00027305676,0.0003817908,-0.0,-0.0,-0.0
03.689,0.00013927728,0.00033780848,0.0003817908,-0.0,-0.0,0.0
03.730,-0.00047158796,-0.00027305676,0.0003817908,-0.0,0.0,0.0
03.751,-0.00047158796,-0.000883922,-0.001450805,-4.183432e-07,2.2319328e-07,6.866379e-07
03.792,0.0007501425,-0.003327383,-0.0045051314,-0.0,-0.0,0.0
03.830,0.00746966,0.008279056,-0.13461943,0.0,-0.0,0.0
03.850,0.004415334,0.0009486737,-0.11446088,0.0,-0.0,0.0
03.892,0.001971873,-0.0027165178,-0.10407616,-0.0,-0.0,0.0
03.931,0.0007501425,-0.003327383,-0.09980011,-0.0,-0.0,0.0
03.951,-0.0023041838,-0.0039382484,-0.046654835,-0.0,-0.0,0.0
03.990,0.0025827382,-0.0039382484,-0.104687035,-0.0,-0.0,0.0
04.031,0.001971873,0.00033780848,-0.08269589,7.54062e-06,-4.3774955e-05,0.0018361125
04.071,0.0025827382,0.001559539,-0.0753655,0.0,-0.0,0.0
04.091,0.0007501425,-0.0014947872,-0.039935313,-0.0,-0.0,0.0
04.131,0.00013927728,-0.00027305676,-0.07108944,-0.0,-0.0,0.0
04.174,0.00013927728,-0.00027305676,-0.05337435,-0.0,-0.0,0.0
04.191,0.0013610078,0.00033780848,-0.060704734,0.0,-0.0,0.0
04.231,-0.0010824533,-0.0021056526,-0.00022907446,-0.0,-0.0,0.0
04.271,0.0007501425,0.00033780848,-0.00022907446,0.0,-0.0,0.0
04.291,-0.00047158796,-0.0014947872,0.0009926561,-7.444475e-07,2.3486473e-07,-4.9437153e-07
04.330,-0.0010824533,-0.00027305676,-0.00022907446,-0.0,-0.0,0.0
04.374,0.00013927728,-0.00027305676,-0.0008399397,-0.0,-0.0,0.0
04.390,0.00013927728,0.00033780848,-0.0008399397,0.0,-0.0,0.0
04.430,0.00013927728,0.001559539,0.0003817908,-0.0,-0.0,0.0
04.470,-0.0023041838,-0.00027305676,0.0003817908,-0.0,0.0,0.0
04.496,0.00013927728,0.0021704042,0.0003817908,-0.0,-0.0,0.0
04.532,0.00013927728,0.0009486737,-0.001450805,0.0,-0.0,0.0
04.568,0.0007501425,0.004613865,0.0003817908,5.8086976e-06,-9.4440503e-07,-4.8065874e-07
04.609,0.00013927728,-0.00027305676,-0.00022907446,-0.0,-0.0,0.0
04.629,0.0007501425,0.0021704042,0.0022143864,-0.0,-0.0,0.0
04.669,-0.0023041838,-0.0014947872,0.0009926561,-0.0,0.0,0.0
04.708,0.00013927728,-0.000883922,0.0003817908,-0.0,-0.0,-0.0
04.730,-0.0010824533,0.0009486737,-0.001450805,-0.0,0.0,0.0
04.771,0.00013927728,-0.000883922,0.0016035212,-0.0,-0.0,-0.0
04.792,-0.0010824533,-0.00027305676,-0.00022907446,-0.0,-0.0,0.0
04.830,-0.00047158796,-0.00027305676,0.0009926561,-8.300249e-08,1.4335112e-07,-3.0174294e-07
04.871,0.0007501425,0.0009486737,-0.001450805,0.0,-0.0,0.0
04.910,-0.00047158796,-0.0014947872,0.0003817908,-0.0,0.0,0.0
04.930,0.00013927728,0.0009486737,-0.0008399397,0.0,-0.0,0.0
04.972,0.001971873,0.00033780848,0.0009926561,-0.0,-0.0,0.0
05.010,-0.00047158796,0.0009486737,-0.00022907446,-0.0,0.0,0.0
05.030,-0.00047158796,-0.0014947872,0.0009926561,-0.0,0.0,0.0
05.074,0.0007501425,0.00033780848,-0.00022907446,0.0,-0.0,0.0
05.110,0.0007501425,0.00033780848,-0.00022907446,0.0,-0.0,0.0
05.130,-0.00047158796,-0.000883922,-0.00022907446,-0.0,-0.0,0.0
05.171,-0.00047158796,0.00033780848,-0.00022907446,-0.0,0.0,0.0
05.211,-0.00047158796,0.00033780848,-0.00022907446,-0.0,0.0,0.0
05.231,-0.00047158796,0.0009486737,-0.00022907446,-0.0,0.0,0.0
05.271,0.0007501425,-0.00027305676,0.0003817908,-0.0,-0.0,-0.0
05.311,-0.00047158796,0.0021704042,-0.0008399397,-0.0,0.0,0.0
05.331,0.0007501425,0.00033780848,-0.00022907446,0.0,-0.0,0.0
05.371,0.00013927728,-0.00027305676,0.0003817908,-3.5887822e-08,-1.8305197e-08,-5.0178727e-08
05.411,0.0013610078,0.00033780848,0.0003817908,-0.0,-0.0,0.0
05.430,0.0007501425,0.0009486737,-0.00022907446,0.0,-0.0,0.0
05.470,-0.0016933185,-0.00027305676,-0.00022907446,-0.0,-0.0,0.0
05.510,-0.0010824533,0.00033780848,-0.00022907446,-0.0,0.0,0.0
05.532,-0.00047158796,-0.00027305676,-0.00022907446,-0.0,-0.0,0.0
05.569,-0.00047158796,0.00033780848,-0.0008399397,-0.0,0.0,0.0
05.608,0.00013927728,0.00033780848,0.0003817908,-0.0,-0.0,0.0
05.648,-0.0016933185,-0.00027305676,-0.00022907446,-0.0,-0.0,0.0
05.669,-0.0010824533,0.0009486737,0.0003817908,0.0,-0.0,-0.0
05.711,-0.0010824533,-0.0014947872,0.0003817908,-0.0,0.0,0.0
05.756,-0.00047158796,0.0009486737,-0.0008399397,-0.0,0.0,0.0
05.770,-0.00047158796,-0.000883922,0.0003817908,-0.0,0.0,0.0
05.810,-0.00047158796,-0.00027305676,-0.00022907446,-0.0,-0.0,0.0
05.851,-0.00047158796,-0.00027305676,-0.0008399397,-0.0,-0.0,0.0
05.871,0.00013927728,-0.000883922,-0.00022907446,-0.0,-0.0,0.0
05.911,0.0007501425,0.00033780848,-0.00022907446,7.7439864e-08,-1.7196409e-07,5.251347e-08
05.952,0.0007501425,0.00033780848,0.0016035212,-0.0,-0.0,0.0
05.970,0.00013927728,0.001559539,-0.0008399397,0.0,-0.0,0.0
06.011,0.0007501425,-0.00027305676,-0.00022907446,-0.0,-0.0,0.0
06.053,0.0007501425,-0.00027305676,-0.00022907446,-0.0,-0.0,0.0
06.072,-0.0023041838,0.0009486737,-0.00022907446,-0.0,0.0,0.0
06.112,-0.00047158796,-0.00027305676,0.0003817908,-0.0,0.0,0.0
06.151,-0.00047158796,-0.00027305676,-0.00022907446,-0.0,-0.0,0.0
06.171,0.00013927728,-0.000883922,-0.00022907446,-2.1916794e-07,-3.4533727e-08,5.6798875e-08
06.213,-0.00047158796,0.00033780848,0.0003817908,0.0,-0.0,-0.0
06.250,-0.00047158796,-0.000883922,-0.00022907446,-0.0,-0.0,0.0
06.270,-0.00047158796,-0.00027305676,0.0009926561,-0.0,0.0,0.0
06.310,-0.00047158796,0.00033780848,-0.00022907446,-0.0,0.0,0.0
06.352,-0.0010824533,-0.00027305676,0.0003817908,-0.0,0.0,0.0
06.370,-0.00047158796,0.00033780848,-0.0008399397,-0.0,0.0,0.0
06.411,-0.0010824533,0.0009486737,0.0003817908,0.0,-0.0,-0.0
06.451,0.00013927728,0.00033780848,-0.0008399397,8.306046e-08,-3.4245538e-08,2.0652465e-07
06.471,0.00013927728,-0.00027305676,-0.00022907446,-0.0,-0.0,0.0
06.512,0.00013927728,-0.00027305676,-0.00022907446,-0.0,-0.0,0.0
06.552,-0.00047158796,-0.000883922,0.0003817908,-0.0,0.0,0.0
06.589,0.00013927728,0.00033780848,-0.0008399397,0.0,-0.0,0.0
06.608,-0.0010824533,0.001559539,0.0003817908,0.0,-0.0,-0.0
06.648,-0.0010824533,0.001559539,-0.0008399397,-0.0,0.0,0.0
06.689,0.0007501425,0.00033780848,0.0003817908,-0.0,-0.0,0.0
06.709,-0.00047158796,-0.00027305676,0.0003817908,-4.877048e-08,8.423e-08,-6.81914e-08
06.749,0.00013927728,-0.00027305676,-0.00022907446,-0.0,-0.0,0.0
06.789,0.0013610078,0.00033780848,-0.00022907446,0.0,-0.0,0.0
06.808,0.0007501425,-0.000883922,0.0003817908,-0.0,-0.0,-0.0
06.849,0.0007501425,0.0009486737,-0.00022907446,0.0,-0.0,0.0
06.889,0.00013927728,-0.00027305676,0.0003817908,-0.0,-0.0,-0.0
06.909,-0.0029150487,0.0058355955,0.0003817908,0.0,-0.0,-0.0
06.949,-0.0023041838,0.0033921346,0.0009926561,0.0,-0.0,-0.0
06.988,-0.00047158796,-0.00027305676,0.0009926561,-0.0,0.0,0.0
07.008,-0.00047158796,0.0009486737,-0.00022907446,-0.0,0.0,0.0
07.048,-0.00047158796,-0.00027305676,0.0003817908,-0.0,0.0,0.0
07.089,0.0007501425,-0.00027305676,0.0009926561,-0.0,-0.0,-0.0
07.130,0.001971873,0.00033780848,-0.00022907446,0.0,-0.0,0.0
07.148,0.00013927728,-0.00027305676,-0.0008399397,-0.0,-0.0,0.0
07.188,-0.0010824533,-0.000883922,0.0003817908,-0.0,0.0,0.0
07.228,0.00013927728,-0.00027305676,0.0003817908,-0.0,-0.0,-0.0
07.248,0.00013927728,-0.000883922,0.0009926561,-3.1710604e-07,-4.9965518e-08,-3.561143e-07
07.288,0.001971873,0.001559539,-0.00022907446,0.0,-0.0,0.0
07.327,0.00013927728,-0.000883922,0.0003817908,-0.0,-0.0,-0.0
07.347,0.00013927728,0.00033780848,0.0003817908,-0.0,-0.0,0.0
07.389,-0.0016933185,0.00033780848,-0.0008399397,-0.0,0.0,0.0
07.428,0.00013927728,0.0009486737,-0.0008399397,0.0,-0.0,0.0
07.448,-0.00047158796,0.00033780848,0.0003817908,0.0,-0.0,-0.0
07.488,0.00013927728,0.00033780848,-0.0008399397,0.0,-0.0,0.0
07.528,-0.00047158796,-0.000883922,-0.0008399397,-0.0,-0.0,0.0
07.548,-0.00047158796,-0.00027305676,-0.00022907446,-0.0,-0.0,0.0
07.587,-0.00047158796,-0.0014947872,-0.00022907446,-0.0,-0.0,0.0
07.628,0.001971873,-0.006992575,0.0003817908,-0.0,-0.0,-0.0
07.647,-0.0023041838,0.004613865,-0.00022907446,-0.0,0.0,0.0
07.688,0.0013610078,-0.00027305676,0.0003817908,-0.0,-0.0,-0.0
07.728,-0.0010824533,-0.00027305676,-0.00022907446,-0.0,-0.0,0.0
07.748,-0.0010824533,-0.000883922,0.0003817908,-0.0,0.0,0.0
07.788,0.0007501425,0.0009486737,-0.00022907446,3.1346386e-07,-2.4786453e-07,7.569157e-08
07.827,0.00013927728,-0.000883922,-0.00022907446,-0.0,-0.0,0.0
07.848,0.00013927728,0.00033780848,0.0009926561,-0.0,-0.0,0.0
07.887,0.00013927728,0.00033780848,-0.0008399397,0.0,-0.0,0.0
07.927,-0.0010824533,-0.00027305676,0.0009926561,-0.0,0.0,0.0
07.968,0.0007501425,-0.000883922,-0.00022907446,-0.0,-0.0,0.0
07.987,-0.00047158796,-0.00027305676,0.0003817908,-0.0,0.0,0.0
08.028,0.00013927728,0.0009486737,-0.00022907446,0.0,-0.0,0.0
08.067,-0.00047158796,-0.0014947872,-0.0008399397,-0.0,-0.0,0.0
08.088,-0.0016933185,-0.00027305676,0.0003817908,-0.0,0.0,0.0
08.128,0.0013610078,0.00033780848,-0.00022907446,0.0,-0.0,0.0
08.168,0.0007501425,0.00033780848,-0.0008399397,0.0,-0.0,0.0
08.188,0.00013927728,0.00033780848,0.0009926561,-0.0,-0.0,0.0
08.229,-0.00047158796,0.00033780848,-0.00022907446,-0.0,0.0,0.0
08.270,0.0007501425,-0.000883922,-0.00022907446,-0.0,-0.0,0.0
08.289,0.001971873,0.00033780848,-0.00022907446,0.0,-0.0,0.0
08.330,0.00013927728,-0.00027305676,0.0003817908,-3.5887822e-08,-1.8305197e-08,-5.0178727e-08
08.369,-0.00047158796,-0.0014947872,-0.00022907446,-0.0,-0.0,0.0
08.390,-0.0010824533,-0.000883922,0.0009926561,-0.0,0.0,0.0
08.431,0.0007501425,-0.000883922,0.0003817908,-0.0,-0.0,-0.0
08.471,-0.0010824533,-0.00027305676,-0.00022907446,-0.0,-0.0,0.0
08.490,0.00013927728,0.00033780848,-0.00022907446,0.0,-0.0,0.0
08.528,0.0007501425,0.00033780848,0.0003817908,-0.0,-0.0,0.0
08.568,-0.00047158796,-0.00027305676,-0.00022907446,-0.0,-0.0,0.0
08.588,0.00013927728,-0.0014947872,-0.0008399397,-6.902599e-07,-6.431533e-08,3.878657e-07
08.630,-0.0010824533,-0.00027305676,-0.00022907446,-0.0,-0.0,0.0
08.670,0.00013927728,0.0058355955,0.0003817908,-0.0,-0.0,0.0
08.690,-0.0010824533,0.0009486737,-0.00022907446,-0.0,0.0,0.0
08.730,0.00013927728,-0.00027305676,-0.00022907446,-0.0,-0.0,0.0
08.770,0.001971873,0.00033780848,0.0009926561,-0.0,-0.0,0.0
08.790,-0.0010824533,-0.00027305676,-0.00022907446,-0.0,-0.0,0.0
08.831,0.00013927728,-0.000883922,-0.0008399397,-0.0,-0.0,0.0
08.869,0.0013610078,-0.0021056526,0.0003817908,-0.0,-0.0,-0.0
08.909,0.0007501425,0.00033780848,0.0003817908,-0.0,-0.0,0.0
08.929,-0.0010824533,-0.0014947872,0.0003817908,-0.0,0.0,0.0
08.970,0.00013927728,-0.00027305676,0.0003817908,-0.0,-0.0,-0.0
09.009,0.0007501425,0.00033780848,-0.00022907446,0.0,-0.0,0.0
09.030,-0.00047158796,-0.0014947872,-0.00022907446,-0.0,-0.0,0.0
09.069,-0.00047158796,0.00033780848,0.0003817908,0.0,-0.0,-0.0
09.110,0.00013927728,-0.00027305676,0.0003817908,-0.0,-0.0,-0.0
09.129,-0.00047158796,-0.00027305676,-0.00022907446,-4.3328445e-08,7.483123e-08,3.6349366e-08
09.170,0.00013927728,-0.00027305676,-0.00022907446,-0.0,-0.0,0.0
09.210,0.00013927728,-0.0014947872,-0.00022907446,-0.0,-0.0,0.0
09.230,0.00013927728,-0.000883922,-0.00022907446,-0.0,-0.0,0.0
09.270,0.0007501425,0.0009486737,-0.0008399397,0.0,-0.0,0.0
09.310,-0.00047158796,-0.00027305676,0.0003817908,-0.0,0.0,0.0
09.329,-0.00047158796,0.00033780848,0.0003817908,0.0,-0.0,-0.0
09.369,-0.0010824533,0.00033780848,0.0003817908,0.0,-0.0,-0.0
09.411,-0.0010824533,0.00033780848,0.0009926561,0.0,-0.0,-0.0
09.430,-0.0010824533,-0.0014947872,-0.00022907446,-0.0,-0.0,0.0
09.471,-0.00047158796,-0.00027305676,0.0003817908,-0.0,0.0,0.0
09.510,-0.0010824533,-0.000883922,0.0003817908,-0.0,0.0,0.0
09.531,-0.00047158796,0.0009486737,-0.00022907446,-0.0,0.0,0.0
09.575,0.0007501425,0.0021704042,-0.0008399397,0.0,-0.0,0.0
09.609,0.0013610078,0.00033780848,-0.00022907446,0.0,-0.0,0.0
09.631,-0.00047158796,-0.000883922,-0.00022907446,-0.0,-0.0,0.0
09.669,0.0013610078,0.0009486737,-0.00022907446,4.264888e-07,-6.1185904e-07,1.0298358e-07
09.709,-0.00047158796,-0.00027305676,0.0009926561,-0.0,0.0,0.0
09.750,-0.00047158796,-0.00027305676,0.0009926561,-0.0,0.0,0.0
09.769,-0.0010824533,-0.00027305676,-0.00022907446,-0.0,-0.0,0.0
09.809,-0.00047158796,-0.00027305676,-0.00022907446,-0.0,-0.0,0.0
09.833,0.00013927728,-0.00027305676,0.0003817908,-0.0,-0.0,-0.0
09.871,-0.00047158796,0.0021704042,-0.00022907446,-0.0,0.0,0.0
09.911,0.00013927728,0.00033780848,0.0009926561,-0.0,-0.0,0.0
09.954,-0.013910623,-0.0014947872,0.45486555,-0.0,0.0,0.0
09.972,-0.022462737,-0.00760344,0.7584656,-0.0,0.0,0.0
10.012,-0.021241007,0.0027812696,0.71631587,0.0,-0.0,-0.0
10.051,-0.020019276,-0.00760344,0.60330576,-0.0,0.0,0.0
10.070,-0.017575815,-0.003327383,0.7945066,-0.0,0.0,0.0
10.110,-0.029793119,-0.014933823,0.98754007,-0.0,0.0,0.0
10.149,-0.027349658,-0.018599015,0.7004334,-0.0,0.0,0.0
10.173,0.072221376,0.12739778,0.4731915,-0.0,-0.0,0.0
10.211,0.0013610078,-0.003327383,0.0003817908,-0.0,-0.0,-0.0
10.251,0.00013927728,-0.003327383,-0.00022907446,-0.0,-0.0,0.0
10.271,-0.0010824533,-0.0021056526,0.0003817908,-0.0,0.0,0.0
10.311,0.00013927728,-0.000883922,0.0003817908,-0.0,-0.0,-0.0
10.351,0.00013927728,-0.000883922,0.0009926561,-0.0,-0.0,-0.0
10.372,0.00013927728,-0.000883922,0.0003817908,-0.0,-0.0,-0.0
10.411,0.0007501425,0.00033780848,-0.00022907446,0.0,-0.0,0.0
10.451,0.0007501425,0.001559539,-0.0008399397,0.0,-0.0,0.0
10.471,0.0007501425,0.00033780848,-0.001450805,1.5123874e-07,-3.3584269e-07,6.49533e-07
10.511,-0.00047158796,-0.0014947872,0.0003817908,-0.0,0.0,0.0
10.550,-0.00047158796,-0.00027305676,-0.00022907446,-0.0,-0.0,0.0
10.589,0.0007501425,-0.0027165178,-0.0008399397,-0.0,-0.0,0.0
10.609,0.00013927728,0.001559539,-0.00022907446,0.0,-0.0,0.0
10.649,0.00013927728,0.00033780848,0.0009926561,-0.0,-0.0,0.0
10.689,0.0007501425,-0.0021056526,-0.00022907446,-0.0,-0.0,0.0
10.711,-0.0010824533,0.00033780848,0.0003817908,0.0,-0.0,-0.0
10.752,0.00013927728,0.0009486737,0.0003817908,-0.0,-0.0,0.0
10.791,0.0007501425,-0.00027305676,-0.00022907446,-0.0,-0.0,0.0
10.812,-0.0010824533,0.00033780848,-0.00022907446,-0.0,0.0,0.0
10.851,-0.0010824533,-0.00027305676,0.0003817908,-0.0,0.0,0.0
10.892,-0.00047158796,-0.00027305676,0.0003817908,-0.0,0.0,0.0
10.912,0.00013927728,-0.000883922,-0.0008399397,-0.0,-0.0,0.0
10.952,-0.00047158796,0.001559539,-0.00022907446,-0.0,0.0,0.0
10.992,-0.00047158796,-0.00027305676,0.0003817908,-0.0,0.0,0.0
11.012,-0.0016933185,-0.000883922,-0.0008399397,-4.9511414e-07,9.484836e-07,4.7047826e-07
11.052,-0.0010824533,-0.00027305676,0.0009926561,-0.0,0.0,0.0
11.093,-0.00047158796,-0.00027305676,0.0003817908,-0.0,0.0,0.0
11.112,0.001971873,-0.00027305676,0.0003817908,-0.0,-0.0,-0.0
11.152,-0.00047158796,-0.00027305676,-0.0008399397,-0.0,-0.0,0.0
11.190,0.00013927728,0.00033780848,-0.00022907446,0.0,-0.0,0.0
11.210,0.0007501425,0.00033780848,0.0003817908,-0.0,-0.0,0.0
11.250,0.0007501425,-0.00027305676,-0.00022907446,-0.0,-0.0,0.0
11.291,-0.00047158796,-0.0014947872,0.0003817908,-0.0,0.0,0.0
11.311,-0.00047158796,0.0009486737,-0.00022907446,-0.0,0.0,0.0
11.350,0.00013927728,0.0009486737,-0.0008399397,0.0,-0.0,0.0
11.391,0.0007501425,-0.0014947872,0.0003817908,-0.0,-0.0,-0.0
11.411,0.0007501425,-0.000883922,0.0003817908,-0.0,-0.0,-0.0
11.451,0.00013927728,-0.0014947872,-0.00022907446,-0.0,-0.0,0.0
11.489,0.00013927728,-0.000883922,-0.00022907446,-0.0,-0.0,0.0
11.511,0.00013927728,0.0009486737,0.0003817908,-0.0,-0.0,0.0
11.550,-0.00047158796,0.00033780848,0.0003817908,6.297343e-08,8.791227e-08,-7.11725e-08
11.589,-0.00047158796,0.00033780848,0.0003817908,0.0,-0.0,-0.0
11.629,-0.0010824533,-0.00027305676,0.0009926561,-0.0,0.0,0.0
11.649,0.0007501425,0.00033780848,-0.00022907446,0.0,-0.0,0.0
11.691,-0.00047158796,-0.00027305676,-0.00022907446,-0.0,-0.0,0.0
11.729,-0.00047158796,0.001559539,-0.00022907446,-0.0,0.0,0.0
11.751,-0.00047158796,-0.00027305676,0.0003817908,-0.0,0.0,0.0
11.790,0.00013927728,-0.00027305676,-0.0008399397,-0.0,-0.0,0.0
11.829,0.00013927728,-0.000883922,-0.0008399397,-0.0,-0.0,0.0
11.850,-0.00047158796,0.00033780848,-0.00022907446,-0.0,0.0,0.0
11.888,-0.0010824533,-0.00027305676,-0.00022907446,-0.0,-0.0,0.0
11.929,0.00013927728,-0.00027305676,-0.001450805,-0.0,-0.0,0.0
11.950,0.00013927728,0.0009486737,-0.00022907446,0.0,-0.0,0.0
11.989,-0.00047158796,-0.000883922,-0.00022907446,-0.0,-0.0,0.0
12.029,-0.00047158796,0.0009486737,0.0003817908,0.0,-0.0,-0.0
12.050,-0.0010824533,-0.00027305676,-0.00022907446,-0.0,-0.0,0.0
12.093,0.00013927728,0.0009486737,-0.0008399397,0.0,-0.0,0.0
12.129,-0.00047158796,-0.000883922,-0.00022907446,-0.0,-0.0,0.0
12.149,-0.0010824533,-0.0021056526,-0.00022907446,-0.0,-0.0,0.0
12.189,0.0007501425,-0.000883922,-0.0008399397,-0.0,-0.0,0.0
12.231,0.0007501425,0.0009486737,0.0003817908,-0.0,-0.0,0.0
12.251,-0.00047158796,0.00033780848,0.0003817908,0.0,-0.0,-0.0
12.291,-0.00047158796,0.00033780848,0.0003817908,0.0,-0.0,-0.0
12.330,-0.00047158796,-0.000883922,-0.00022907446,-0.0,-0.0,0.0
12.351,0.0007501425,0.00033780848,-0.0008399397,1.06614415e-07,-2.3674947e-07,2.6509002e-07
12.389,-0.0010824533,-0.0014947872,0.0003817908,-0.0,0.0,0.0
12.431,-0.0010824533,-0.000883922,0.0009926561,-0.0,0.0,0.0
12.471,0.0013610078,0.0009486737,-0.00022907446,0.0,-0.0,0.0
12.489,0.0013610078,-0.000883922,0.0003817908,-0.0,-0.0,-0.0
12.530,-0.0010824533,0.00033780848,0.0003817908,0.0,-0.0,-0.0
12.569,0.00013927728,-0.00027305676,0.0003817908,-0.0,-0.0,-0.0
12.589,0.00013927728,0.00033780848,-0.00022907446,0.0,-0.0,0.0
12.629,-0.0010824533,-0.0014947872,0.0003817908,-0.0,0.0,0.0
12.669,0.00013927728,0.0009486737,0.0009926561,-0.0,-0.0,0.0
12.689,0.00013927728,-0.0014947872,-0.00022907446,-0.0,-0.0,0.0
12.731,-0.00047158796,-0.00027305676,0.0009926561,-0.0,0.0,0.0
12.772,-0.0010824533,0.00033780848,-0.00022907446,-0.0,0.0,0.0
12.791,0.0007501425,0.001559539,-0.0008399397,0.0,-0.0,0.0
12.831,0.00013927728,0.0009486737,0.0003817908,-0.0,-0.0,0.0
12.871,0.00013927728,-0.00027305676,-0.00022907446,-0.0,-0.0,0.0
12.892,0.00013927728,0.001559539,0.0009926561,7.761063e-07,-6.931168e-08,-4.9399637e-07
12.931,-0.00047158796,-0.00027305676,-0.00022907446,-0.0,-0.0,0.0
12.971,-0.00047158796,-0.00027305676,-0.00022907446,-0.0,-0.0,0.0
13.004,0.00013927728,-0.00027305676,-0.0008399397,-0.0,-0.0,0.0
13.029,0.00013927728,-0.000883922,-0.00022907446,-0.0,-0.0,0.0
13.071,-0.0010824533,-0.00027305676,0.0003817908,-0.0,0.0,0.0
13.109,0.0007501425,-0.00027305676,-0.00022907446,-0.0,-0.0,0.0
13.131,0.0007501425,0.0009486737,-0.00022907446,0.0,-0.0,0.0
13.169,-0.0010824533,0.00033780848,-0.00022907446,-0.0,0.0,0.0
13.191,0.00013927728,0.001559539,0.0003817908,-0.0,-0.0,0.0
13.229,0.0007501425,0.001559539,0.0003817908,-0.0,-0.0,0.0
13.272,0.0013610078,0.0009486737,-0.00022907446,0.0,-0.0,0.0
13.311,0.00013927728,-0.00027305676,0.0003817908,-0.0,-0.0,-0.0
13.330,0.0007501425,0.0009486737,-0.0008399397,0.0,-0.0,0.0
13.371,0.0013610078,-0.000883922,0.0003817908,-0.0,-0.0,-0.0
13.410,-0.0016933185,0.00033780848,0.0009926561,0.0,-0.0,-0.0
13.431,0.0025827382,0.0009486737,0.0009926561,7.4488406e-07,-2.0279288e-06,-7.794185e-07
13.470,-0.00047158796,-0.000883922,-0.00022907446,-0.0,-0.0,0.0
13.508,0.00013927728,-0.00027305676,0.0009926561,-0.0,-0.0,-0.0
13.538,-0.00047158796,-0.00027305676,0.0003817908,-0.0,0.0,0.0
13.571,-0.00047158796,0.00033780848,0.0003817908,0.0,-0.0,-0.0
13.611,-0.0010824533,-0.000883922,-0.00022907446,-0.0,-0.0,0.0
13.628,-0.00047158796,-0.00027305676,-0.00022907446,-0.0,-0.0,0.0
13.669,0.00013927728,-0.000883922,0.0003817908,-0.0,-0.0,-0.0
13.710,0.00013927728,0.00033780848,-0.0008399397,0.0,-0.0,0.0
13.730,0.00013927728,-0.00027305676,0.0003817908,-0.0,-0.0,-0.0
13.771,-0.00047158796,-0.00027305676,-0.0008399397,-0.0,-0.0,0.0
13.818,-0.0010824533,-0.00027305676,-0.00022907446,-0.0,-0.0,0.0
13.831,-0.0016933185,-0.000883922,-0.00022907446,-0.0,-0.0,0.0
13.872,-0.00047158796,-0.00027305676,-0.00022907446,-0.0,-0.0,0.0
13.912,-0.0010824533,-0.000883922,-0.0008399397,-0.0,-0.0,0.0
13.932,-0.00047158796,-0.00027305676,0.0009926561,-0.0,0.0,0.0
13.973,0.00013927728,-0.00027305676,-0.00022907446,-0.0,-0.0,0.0
14.011,-0.00047158796,-0.00027305676,-0.0008399397,-0.0,-0.0,0.0
14.032,0.0007501425,-0.0014947872,-0.00022907446,-0.0,-0.0,0.0
14.072,0.0007501425,0.0009486737,-0.00022907446,0.0,-0.0,0.0
14.111,0.00013927728,-0.000883922,-0.0008399397,-0.0,-0.0,0.0
14.152,0.00013927728,0.0009486737,-0.00022907446,0.0,-0.0,0.0
14.175,-0.0010824533,-0.000883922,-0.00022907446,-0.0,-0.0,0.0
14.209,0.00013927728,-0.00027305676,-0.00022907446,-0.0,-0.0,0.0
14.251,-0.00047158796,-0.0014947872,-0.00022907446,-0.0,-0.0,0.0
14.270,-0.0016933185,-0.000883922,-0.0008399397,-0.0,-0.0,0.0
14.311,0.00013927728,0.0009486737,-0.0008399397,0.0,-0.0,0.0
14.351,0.0013610078,0.00033780848,-0.00022907446,0.0,-0.0,0.0
14.371,-0.00047158796,0.00033780848,-0.00022907446,-0.0,0.0,0.0
14.409,0.00013927728,0.00033780848,-0.0008399397,0.0,-0.0,0.0
14.451,-0.00047158796,-0.00027305676,0.0009926561,-0.0,0.0,0.0
14.472,0.00013927728,0.00033780848,0.0003817908,-0.0,-0.0,0.0
14.510,-0.00047158796,-0.00027305676,0.0003817908,-0.0,0.0,0.0
14.549,0.00013927728,-0.0014947872,0.0016035212,-0.0,-0.0,-0.0
14.569,-0.00047158796,-0.00027305676,0.0009926561,-0.0,0.0,0.0
14.608,0.00013927728,-0.000883922,0.0003817908,-0.0,-0.0,-0.0
14.648,0.00013927728,-0.00027305676,0.0009926561,-0.0,-0.0,-0.0
14.669,0.0007501425,-0.000883922,-0.00022907446,-0.0,-0.0,0.0
14.709,-0.00047158796,0.00033780848,0.0003817908,0.0,-0.0,-0.0
14.750,-0.0010824533,-0.00027305676,-0.00022907446,-0.0,-0.0,0.0
14.771,0.0007501425,-0.0014947872,-0.001450805,-8.883887e-07,-4.4582853e-07,8.6224895e-07
14.810,-0.00047158796,0.0009486737,-0.0008399397,-0.0,0.0,0.0
14.851,-0.0010824533,-0.00027305676,0.0003817908,-0.0,0.0,0.0
14.872,0.00013927728,-0.000883922,0.0003817908,-0.0,-0.0,-0.0
14.911,-0.0010824533,-0.00027305676,-0.00022907446,-0.0,-0.0,0.0
14.951,0.00013927728,0.0009486737,0.0003817908,-0.0,-0.0,0.0
14.992,0.00013927728,-0.0014947872,0.0003817908,-0.0,-0.0,-0.0
15.011,-0.00047158796,0.00033780848,0.0003817908,0.0,-0.0,-0.0
15.051,-0.00047158796,-0.000883922,-0.00022907446,-0.0,-0.0,0.0
15.090,-0.00047158796,0.00033780848,-0.00022907446,-0.0,0.0,0.0
15.110,-0.00047158796,0.00033780848,0.0009926561,0.0,-0.0,-0.0
15.149,0.00013927728,-0.0014947872,0.0003817908,-0.0,-0.0,-0.0
15.189,-0.00047158796,-0.0021056526,-0.00022907446,-0.0,-0.0,0.0
15.210,0.0007501425,0.00033780848,0.0003817908,-0.0,-0.0,0.0
15.249,0.0007501425,-0.00027305676,-0.00022907446,-0.0,-0.0,0.0
15.290,0.0007501425,-0.00027305676,-0.00022907446,-0.0,-0.0,0.0
15.314,0.0013610078,0.00033780848,-0.00022907446,1.2884612e-07,-5.191123e-07,8.737306e-08
15.351,-0.0010824533,-0.0014947872,-0.00022907446,-0.0,-0.0,0.0
15.391,0.00013927728,-0.000883922,-0.00022907446,-0.0,-0.0,0.0
15.411,0.0007501425,0.00033780848,-0.00022907446,0.0,-0.0,0.0
15.451,-0.00047158796,0.001559539,-0.00022907446,-0.0,0.0,0.0
15.490,-0.00047158796,-0.000883922,-0.0008399397,-0.0,-0.0,0.0
15.509,0.00013927728,0.0009486737,0.0009926561,-0.0,-0.0,0.0
15.548,0.00013927728,-0.00027305676,-0.0008399397,-0.0,-0.0,0.0
15.589,-0.00047158796,-0.00027305676,-0.00022907446,-0.0,-0.0,0.0
15.628,-0.0010824533,-0.00027305676,-0.00022907446,-0.0,-0.0,0.0
15.648,0.0007501425,0.0009486737,0.0003817908,-0.0,-0.0,0.0
15.688,-0.00047158796,0.0009486737,0.0003817908,0.0,-0.0,-0.0
15.731,-0.00047158796,0.0009486737,-0.00022907446,-0.0,0.0,0.0
15.750,-0.00047158796,0.00033780848,-0.0008399397,-0.0,0.0,0.0
15.790,0.00013927728,0.00033780848,-0.00022907446,0.0,-0.0,0.0
15.831,-0.0023041838,-0.000883922,0.0009926561,-6.3116903e-07,1.645316e-06,-7.0881134e-07
15.850,-0.0010824533,0.0009486737,-0.0008399397,-0.0,0.0,0.0
15.891,-0.0010824533,-0.00027305676,-0.0008399397,-0.0,-0.0,0.0
15.930,-0.00047158796,-0.00027305676,0.0003817908,-0.0,0.0,0.0
15.951,-0.0010824533,-0.000883922,0.0003817908,-0.0,0.0,0.0
15.990,0.00013927728,-0.000883922,0.0003817908,-0.0,-0.0,-0.0
16.029,0.0007501425,0.0009486737,-0.0008399397,0.0,-0.0,0.0
16.051,0.00013927728,0.00033780848,-0.0008399397,0.0,-0.0,0.0
16.091,-0.0010824533,0.0009486737,0.0003817908,0.0,-0.0,-0.0
16.131,0.0007501425,0.00033780848,-0.0008399397,0.0,-0.0,0.0
16.151,0.00013927728,-0.00027305676,-0.00022907446,-0.0,-0.0,0.0
16.189,-0.0010824533,-0.000883922,-0.0008399397,-0.0,-0.0,0.0
16.231,0.0007501425,0.001559539,-0.00022907446,0.0,-0.0,0.0
16.251,0.00013927728,0.00033780848,0.0009926561,-0.0,-0.0,0.0
16.291,0.0007501425,0.00033780848,-0.00022907446,0.0,-0.0,0.0
16.332,0.0013610078,0.0009486737,-0.00022907446,0.0,-0.0,0.0
16.350,-0.00047158796,-0.00027305676,0.0003817908,-0.0,0.0,0.0
16.391,-0.00047158796,-0.00027305676,0.0003817908,-0.0,0.0,0.0
16.431,-0.00047158796,-0.00027305676,0.0003817908,-0.0,0.0,0.0
16.451,-0.00047158796,-0.00027305676,0.0009926561,-0.0,0.0,0.0
16.491,0.00013927728,-0.000883922,0.0003817908,-0.0,-0.0,-0.0
16.532,-0.00047158796,-0.000883922,-0.00022907446,-0.0,-0.0,0.0
16.569,-0.00047158796,-0.00027305676,0.0003817908,-0.0,0.0,0.0
16.589,-0.00047158796,0.00033780848,-0.00022907446,-0.0,0.0,0.0
16.628,-0.0010824533,-0.00027305676,0.0009926561,-0.0,0.0,0.0
16.669,-0.00047158796,-0.000883922,0.0003817908,-0.0,0.0,0.0
16.688,-0.0010824533,0.00033780848,0.0009926561,0.0,-0.0,-0.0
16.730,0.00013927728,-0.00027305676,-0.00022907446,-0.0,-0.0,0.0
16.769,0.001971873,0.001559539,0.0003817908,-0.0,-0.0,0.0
16.789,0.00013927728,0.00033780848,-0.00022907446,0.0,-0.0,0.0
16.828,-0.00047158796,0.00033780848,-0.00022907446,-0.0,0.0,0.0
16.868,-0.00047158796,0.00033780848,0.0003817908,0.0,-0.0,-0.0
16.890,0.0013610078,0.00033780848,-0.00022907446,0.0,-0.0,0.0
16.928,-0.00047158796,0.0009486737,0.0009926561,0.0,-0.0,-0.0
16.970,-0.0016933185,-0.0014947872,0.0003817908,-0.0,0.0,0.0
16.991,-0.00047158796,-0.00027305676,0.0003817908,-0.0,0.0,0.0
17.032,-0.0010824533,0.00033780848,0.0003817908,0.0,-0.0,-0.0
17.070,0.0007501425,0.00033780848,-0.0008399397,0.0,-0.0,0.0
17.090,0.00013927728,-0.000883922,0.0003817908,-0.0,-0.0,-0.0
17.131,-0.00047158796,-0.000883922,0.0003817908,-0.0,0.0,0.0
17.170,-0.00047158796,0.00033780848,-0.00022907446,5.655575e-08,7.895305e-08,3.8351544e-08
17.190,-0.0010824533,-0.00027305676,0.0009926561,-0.0,0.0,0.0
17.230,-0.00047158796,-0.00027305676,0.0009926561,-0.0,0.0,0.0
17.271,-0.00047158796,-0.000883922,0.0003817908,-0.0,0.0,0.0
17.290,-0.00047158796,-0.00027305676,-0.001450805,-0.0,-0.0,0.0
17.330,-0.00047158796,-0.000883922,0.0009926561,-0.0,0.0,0.0
17.370,-0.0010824533,-0.00027305676,0.0003817908,-0.0,0.0,0.0
17.410,0.00013927728,0.00033780848,-0.00022907446,0.0,-0.0,0.0
17.430,-0.00047158796,0.0009486737,-0.00022907446,-0.0,0.0,0.0
17.470,-0.00047158796,0.00033780848,0.0003817908,0.0,-0.0,-0.0
17.509,0.00013927728,0.0009486737,-0.00022907446,0.0,-0.0,0.0
17.530,0.0007501425,0.00033780848,0.0009926561,-0.0,-0.0,0.0
17.569,0.0007501425,0.00033780848,-0.00022907446,0.0,-0.0,0.0
17.608,0.001971873,-0.000883922,-0.00022907446,-0.0,-0.0,0.0
17.628,-0.00047158796,-0.000883922,0.0009926561,-0.0,0.0,0.0
17.669,-0.00047158796,-0.000883922,0.0003817908,-0.0,0.0,0.0
17.707,0.0013610078,0.0009486737,0.0003817908,4.3352333e-07,-6.219512e-07,-1.7447002e-07
17.728,0.00013927728,0.00033780848,-0.00022907446,0.0,-0.0,0.0
17.769,0.00013927728,0.0009486737,-0.00022907446,0.0,-0.0,0.0
17.810,-0.0010824533,-0.0014947872,-0.00022907446,-0.0,-0.0,0.0
17.830,-0.0010824533,-0.000883922,0.0003817908,-0.0,0.0,0.0
17.871,0.0013610078,-0.00027305676,-0.00022907446,-0.0,-0.0,0.0
17.911,0.00013927728,-0.00027305676,-0.00022907446,-0.0,-0.0,0.0
17.931,-0.00047158796,0.0009486737,0.0003817908,0.0,-0.0,-0.0
17.971,0.0013610078,-0.00027305676,0.0003817908,-0.0,-0.0,-0.0
18.010,0.00013927728,0.00033780848,0.0003817908,-0.0,-0.0,0.0
18.029,0.0007501425,0.00033780848,0.0003817908,-0.0,-0.0,0.0
18.071,-0.00047158796,0.00033780848,-0.0008399397,-0.0,0.0,0.0
18.111,0.00013927728,0.00033780848,-0.00022907446,0.0,-0.0,0.0
18.134,-0.0010824533,0.00033780848,-0.00022907446,-0.0,0.0,0.0
18.172,-0.0010824533,0.0009486737,0.0009926561,0.0,-0.0,-0.0
18.209,-0.0010824533,-0.00027305676,-0.00022907446,-0.0,-0.0,0.0
18.231,-0.0016933185,0.00033780848,-0.0008399397,-0.0,0.0,0.0
18.270,0.0013610078,0.00033780848,-0.00022907446,0.0,-0.0,0.0
18.311,0.0013610078,-0.000883922,0.0003817908,-0.0,-0.0,-0.0
18.351,-0.00047158796,-0.0014947872,-0.00022907446,-0.0,-0.0,0.0
18.370,-0.00047158796,-0.000883922,0.0009926561,-0.0,0.0,0.0
18.411,0.00013927728,0.00033780848,-0.00022907446,0.0,-0.0,0.0
18.450,-0.00047158796,-0.000883922,-0.00022907446,-0.0,-0.0,0.0
18.471,0.00013927728,0.00033780848,-0.00022907446,0.0,-0.0,0.0
18.509,-0.0010824533,-0.000883922,-0.00022907446,-0.0,-0.0,0.0
18.547,-0.00047158796,-0.00027305676,-0.0008399397,-0.0,-0.0,0.0
18.568,0.0007501425,0.00033780848,0.0003817908,-0.0,-0.0,0.0
18.608,0.00013927728,0.00033780848,-0.0008399397,0.0,-0.0,0.0
18.649,0.0007501425,0.00033780848,0.0003817908,-0.0,-0.0,0.0
18.688,0.00013927728,-0.000883922,-0.0008399397,-0.0,-0.0,0.0
18.709,-0.0010824533,0.00033780848,0.0003817908,0.0,-0.0,-0.0
18.750,0.0007501425,0.00033780848,-0.00022907446,0.0,-0.0,0.0
18.770,0.00013927728,-0.0014947872,-0.00022907446,-0.0,-0.0,0.0
18.810,0.00013927728,0.00033780848,-0.00022907446,0.0,-0.0,0.0
18.850,0.0007501425,0.00033780848,0.0003817908,-0.0,-0.0,0.0
18.870,0.00013927728,0.00033780848,-0.00022907446,0.0,-0.0,0.0
18.910,-0.00047158796,-0.00027305676,-0.00022907446,-0.0,-0.0,0.0
18.951,0.00013927728,-0.00027305676,0.0003817908,-0.0,-0.0,-0.0
18.970,-0.00047158796,0.00033780848,-0.00022907446,-0.0,0.0,0.0
19.011,-0.0010824533,-0.00027305676,-0.00022907446,-0.0,-0.0,0.0
19.050,0.0007501425,0.0009486737,0.0003817908,3.229697e-07,-2.553811e-07,-1.2997812e-07
19.090,-0.0023041838,-0.0014947872,-0.0008399397,-0.0,-0.0,0.0
19.111,0.0013610078,0.00033780848,-0.00022907446,0.0,-0.0,0.0
19.151,0.00013927728,0.00033780848,0.0003817908,-0.0,-0.0,0.0
19.191,0.0007501425,0.00033780848,-0.00022907446,0.0,-0.0,0.0
19.208,0.00013927728,-0.00027305676,-0.0008399397,-0.0,-0.0,0.0
19.251,-0.0010824533,-0.000883922,-0.00022907446,-0.0,-0.0,0.0
19.272,0.0013610078,0.0009486737,0.0003817908,-0.0,-0.0,0.0
19.310,-0.00047158796,-0.00027305676,0.0003817908,-0.0,0.0,0.0
19.348,0.00013927728,0.00033780848,-0.00022907446,0.0,-0.0,0.0
19.390,-0.0010824533,0.0009486737,-0.0008399397,-0.0,0.0,0.0
19.409,0.0007501425,0.00033780848,0.0003817908,-0.0,-0.0,0.0
19.450,-0.0010824533,0.00033780848,0.0009926561,0.0,-0.0,-0.0
19.493,0.0007501425,0.00033780848,0.0003817908,-0.0,-0.0,0.0
19.508,-0.00047158796,-0.00027305676,0.0016035212,-0.0,0.0,0.0
19.548,-0.00047158796,-0.00027305676,-0.0008399397,-0.0,-0.0,0.0
19.587,0.0007501425,0.001559539,0.0009926561,8.352005e-07,-4.0173398e-07,-5.316101e-07
19.608,0.00013927728,-0.00027305676,0.0003817908,-0.0,-0.0,-0.0
19.648,-0.00047158796,-0.00027305676,-0.00022907446,-0.0,-0.0,0.0
19.687,0.0013610078,0.00033780848,-0.00022907446,0.0,-0.0,0.0
19.730,-0.00047158796,-0.000883922,-0.00022907446,-0.0,-0.0,0.0
19.750,-0.0010824533,0.00033780848,-0.00022907446,-0.0,0.0,0.0
19.790,-0.0010824533,0.001559539,0.0003817908,0.0,-0.0,-0.0
19.810,-0.00047158796,-0.00027305676,0.0009926561,-0.0,0.0,0.0
19.853,-0.00047158796,-0.0014947872,-0.0008399397,-0.0,-0.0,0.0
19.891,0.0013610078,0.00033780848,-0.00022907446,0.0,-0.0,0.0
19.930,0.0013610078,0.0009486737,-0.00022907446,0.0,-0.0,0.0
19.950,0.0007501425,0.00033780848,0.0009926561,-0.0,-0.0,0.0
19.990,-0.00047158796,0.0009486737,0.0003817908,0.0,-0.0,-0.0
20.030,-0.00047158796,-0.00027305676,-0.0008399397,-0.0,-0.0,0.0
20.049,0.0007501425,0.00033780848,-0.00022907446,0.0,-0.0,0.0
20.088,0.0007501425,-0.00027305676,-0.00022907446,-0.0,-0.0,0.0
20.128,-0.00047158796,0.00033780848,-0.00022907446,5.655575e-08,7.895305e-08,3.8351544e-08
20.149,-0.0023041838,-0.000883922,0.0009926561,-0.0,0.0,0.0
20.190,0.00013927728,0.001559539,-0.00022907446,0.0,-0.0,0.0
20.230,-0.00047158796,-0.00027305676,0.0003817908,-0.0,0.0,0.0
20.250,-0.0010824533,-0.000883922,-0.00022907446,-0.0,-0.0,0.0
20.290,-0.00047158796,0.00033780848,-0.00022907446,-0.0,0.0,0.0
20.330,0.00013927728,-0.000883922,-0.0008399397,-0.0,-0.0,0.0
20.350,-0.00047158796,0.00033780848,-0.00022907446,-0.0,0.0,0.0
20.390,-0.0016933185,-0.000883922,-0.0008399397,-0.0,-0.0,0.0
20.433,-0.00047158796,0.0009486737,-0.00022907446,-0.0,0.0,0.0
20.451,0.00013927728,-0.00027305676,0.0009926561,-0.0,-0.0,-0.0
20.489,0.00013927728,-0.00027305676,-0.00022907446,-0.0,-0.0,0.0
20.538,-0.00047158796,-0.000883922,0.0003817908,-0.0,0.0,0.0
20.552,-0.0010824533,0.00033780848,-0.0008399397,-0.0,0.0,0.0
20.587,0.00013927728,-0.00027305676,0.0003817908,-0.0,-0.0,-0.0
20.628,-0.00047158796,-0.000883922,0.0003817908,-0.0,0.0,0.0
20.668,0.00013927728,-0.000883922,0.0003817908,-2.3083922e-07,-3.637272e-08,-9.9705964e-08
20.688,-0.00047158796,-0.0014947872,0.0003817908,-0.0,0.0,0.0
20.729,0.0007501425,-0.00027305676,-0.00022907446,-0.0,-0.0,0.0
20.772,0.0007501425,0.00033780848,0.0003817908,-0.0,-0.0,0.0
20.790,0.0007501425,0.00033780848,-0.00022907446,0.0,-0.0,0.0
20.830,-0.00047158796,0.00033780848,-0.00022907446,-0.0,0.0,0.0
20.868,0.0013610078,0.00033780848,-0.00022907446,0.0,-0.0,0.0
20.889,0.00013927728,-0.0014947872,-0.0008399397,-0.0,-0.0,0.0
20.929,-0.00047158796,-0.00027305676,-0.00022907446,-4.3328445e-08,7.483123e-08,3.6349366e-08
20.970,-0.0016933185,-0.000883922,0.0003817908,-0.0,0.0,0.0
20.990,-0.0010824533,-0.00027305676,0.0003817908,-0.0,0.0,0.0
21.030,-0.00047158796,0.00033780848,0.0003817908,0.0,-0.0,-0.0
21.068,0.0007501425,-0.00027305676,-0.00022907446,-0.0,-0.0,0.0
21.090,-0.00047158796,-0.00027305676,-0.0008399397,-0.0,-0.0,0.0
21.130,-0.0010824533,0.00033780848,-0.00022907446,-0.0,0.0,0.0
21.171,0.00013927728,0.00033780848,-0.00022907446,0.0,-0.0,0.0
21.190,-0.00047158796,-0.00027305676,0.0003817908,-0.0,0.0,0.0
21.232,0.00013927728,0.00033780848,-0.00022907446,0.0,-0.0,0.0
21.271,-0.00047158796,-0.0021056526,0.0009926561,-0.0,0.0,0.0
21.290,-0.0010824533,-0.0027165178,0.0003817908,-0.0,0.0,0.0
21.330,0.0013610078,0.00033780848,0.0003817908,-0.0,-0.0,0.0
21.370,-0.00047158796,0.0009486737,-0.0008399397,-0.0,0.0,0.0
21.390,0.00013927728,-0.000883922,-0.0008399397,-0.0,-0.0,0.0
21.430,0.0025827382,0.00033780848,0.0003817908,-0.0,-0.0,0.0
21.470,-0.00047158796,0.0009486737,-0.0008399397,3.4429442e-07,1.7114965e-07,3.0483247e-07
21.495,0.00013927728,0.00033780848,-0.00022907446,0.0,-0.0,0.0
21.529,-0.00047158796,0.0009486737,0.0003817908,0.0,-0.0,-0.0
21.569,-0.0016933185,-0.000883922,0.0003817908,-0.0,0.0,0.0
21.609,0.0007501425,0.001559539,-0.00022907446,0.0,-0.0,0.0
21.627,-0.0010824533,-0.000883922,-0.00022907446,-0.0,-0.0,0.0
21.668,-0.00047158796,0.0009486737,-0.00022907446,-0.0,0.0,0.0
21.709,0.00013927728,-0.00027305676,0.0009926561,-0.0,-0.0,-0.0
21.729,-0.00047158796,0.0009486737,-0.00022907446,-0.0,0.0,0.0
21.769,-0.0010824533,-0.000883922,0.0003817908,-0.0,0.0,0.0
21.808,0.0013610078,0.00033780848,-0.0008399397,0.0,-0.0,0.0
21.827,0.0007501425,-0.00027305676,0.0003817908,-0.0,-0.0,-0.0
21.867,-0.00047158796,-0.00027305676,-0.00022907446,-0.0,-0.0,0.0
21.908,0.00013927728,-0.000883922,-0.00022907446,-0.0,-0.0,0.0
21.928,0.0013610078,-0.00027305676,0.0003817908,-0.0,-0.0,-0.0
21.969,-0.00047158796,-0.00027305676,-0.00022907446,-0.0,-0.0,0.0
22.009,0.0013610078,0.00033780848,-0.00022907446,1.2884612e-07,-5.191123e-07,8.737306e-08
22.029,0.00013927728,0.00033780848,-0.0008399397,0.0,-0.0,0.0
22.069,0.0007501425,0.00033780848,0.0003817908,-0.0,-0.0,0.0
22.108,-0.00047158796,-0.0021056526,-0.0008399397,-0.0,-0.0,0.0
22.128,-0.00047158796,-0.0014947872,-0.001450805,-0.0,-0.0,0.0
22.168,0.0025827382,0.0009486737,-0.00022907446,0.0,-0.0,0.0
22.207,-0.0010824533,-0.0014947872,-0.00022907446,-0.0,-0.0,0.0
22.248,0.0013610078,0.001559539,-0.00022907446,0.0,-0.0,0.0
22.268,-0.0016933185,-0.00027305676,-0.00022907446,-0.0,-0.0,0.0
22.307,-0.0010824533,-0.00027305676,-0.00022907446,-0.0,-0.0,0.0
22.347,-0.0016933185,-0.0014947872,-0.00022907446,-0.0,-0.0,0.0
22.368,0.0038044685,0.0052247304,0.0009926561,-0.0,-0.0,0.0
22.408,-0.00047158796,-0.0021056526,-0.0008399397,-0.0,-0.0,0.0
22.447,0.0007501425,0.0009486737,0.0009926561,-0.0,-0.0,0.0
22.468,-0.00047158796,0.001559539,0.0016035212,0.0,-0.0,-0.0
22.510,0.0013610078,0.0021704042,0.0009926561,-0.0,-0.0,0.0
22.548,-0.0016933185,-0.0014947872,-0.00022907446,-9.1096035e-07,1.03195e-06,1.3960411e-07
22.567,0.00013927728,0.0009486737,-0.001450805,0.0,-0.0,0.0
22.609,0.0013610078,0.0027812696,0.0009926561,-0.0,-0.0,0.0
22.647,0.00013927728,-0.0014947872,-0.0008399397,-0.0,-0.0,0.0
22.670,-0.00047158796,0.0009486737,-0.00022907446,-0.0,0.0,0.0
22.708,0.0038044685,0.0058355955,-0.00022907446,0.0,-0.0,0.0
22.750,0.0007501425,0.0009486737,-0.00022907446,0.0,-0.0,0.0
22.768,0.00013927728,-0.000883922,-0.00022907446,-0.0,-0.0,0.0
22.809,-0.0023041838,-0.0021056526,-0.0008399397,-1.8270667e-06,1.9993302e-06,7.28814e-07
22.850,-0.0016933185,-0.0027165178,-0.00022907446,-0.0,-0.0,0.0
22.869,-0.00047158796,0.00033780848,-0.00022907446,-0.0,0.0,0.0
22.910,0.0007501425,-0.00027305676,0.0003817908,-0.0,-0.0,-0.0
22.950,0.001971873,0.001559539,-0.0008399397,0.0,-0.0,0.0
22.971,0.0007501425,-0.000883922,0.0003817908,-0.0,-0.0,-0.0
23.011,-0.0010824533,-0.00027305676,-0.001450805,-0.0,-0.0,0.0
23.050,-0.0016933185,-0.0014947872,0.0003817908,-0.0,0.0,0.0
23.088,-0.0010824533,-0.00027305676,-0.00022907446,-8.353223e-08,3.3113892e-07,7.007737e-08
23.110,-0.00047158796,-0.000883922,0.0003817908,-0.0,0.0,0.0
23.151,0.0007501425,0.0009486737,-0.00022907446,0.0,-0.0,0.0
23.189,0.00013927728,0.0009486737,-0.00022907446,0.0,-0.0,0.0
23.210,0.00013927728,-0.00027305676,-0.00022907446,-0.0,-0.0,0.0
23.249,-0.00047158796,-0.00027305676,0.0003817908,-0.0,0.0,0.0
23.292,-0.0010824533,-0.000883922,0.0003817908,-0.0,0.0,0.0
23.310,0.0013610078,0.00033780848,-0.00022907446,0.0,-0.0,0.0
23.349,0.00013927728,0.00033780848,-0.0008399397,8.306046e-08,-3.4245538e-08,2.0652465e-07
23.389,0.0007501425,0.0009486737,0.0009926561,-0.0,-0.0,0.0
23.409,-0.00047158796,0.00033780848,-0.00022907446,-0.0,0.0,0.0
23.450,0.0013610078,0.0009486737,-0.00022907446,0.0,-0.0,0.0
23.488,-0.0010824533,0.001559539,-0.0008399397,-0.0,0.0,0.0
23.509,-0.0010824533,-0.000883922,0.0003817908,-0.0,0.0,0.0
23.548,-0.0010824533,-0.000883922,-0.00022907446,-0.0,-0.0,0.0
23.587,0.00013927728,0.00033780848,-0.00022907446,0.0,-0.0,0.0
23.607,0.00013927728,-0.000883922,-0.00022907446,-0.0,-0.0,0.0
23.647,0.00013927728,-0.000883922,0.0003817908,-0.0,-0.0,-0.0
23.689,-0.00047158796,0.0009486737,-0.00022907446,-0.0,0.0,0.0
23.708,0.0013610078,0.00033780848,0.0009926561,-0.0,-0.0,0.0
23.749,0.00013927728,-0.00027305676,-0.0008399397,-0.0,-0.0,0.0
23.789,0.0013610078,-0.000883922,0.0003817908,-0.0,-0.0,-0.0
23.810,0.0007501425,0.0009486737,-0.00022907446,0.0,-0.0,0.0
23.849,0.00013927728,-0.000883922,-0.0008399397,-0.0,-0.0,0.0
23.889,-0.00047158796,0.0027812696,-0.00022907446,2.113042e-06,3.5828447e-07,1.7403667e-07
23.909,0.00013927728,0.001559539,0.0016035212,-0.0,-0.0,0.0
23.949,-0.0010824533,-0.003327383,-0.0008399397,-0.0,-0.0,0.0
23.991,0.00013927728,-0.0014947872,-0.0008399397,-0.0,-0.0,0.0
24.030,0.0007501425,0.001559539,0.0003817908,-0.0,-0.0,0.0
24.051,0.0007501425,0.00033780848,-0.00022907446,0.0,-0.0,0.0
24.090,0.00013927728,-0.000883922,-0.0008399397,-0.0,-0.0,0.0
24.130,-0.0010824533,0.0009486737,0.0003817908,0.0,-0.0,-0.0
24.150,0.0007501425,0.00033780848,-0.001450805,1.5123874e-07,-3.3584269e-07,6.49533e-07
24.189,-0.00047158796,-0.000883922,0.0003817908,-0.0,0.0,0.0
24.228,0.00013927728,0.0009486737,0.0003817908,-0.0,-0.0,0.0
24.248,0.0007501425,0.0009486737,-0.00022907446,0.0,-0.0,0.0
24.292,-0.00047158796,0.00033780848,-0.00022907446,-0.0,0.0,0.0
24.327,0.00013927728,0.0009486737,0.0003817908,-0.0,-0.0,0.0
24.350,0.00013927728,0.0009486737,-0.00022907446,0.0,-0.0,0.0
24.389,-0.0016933185,0.00033780848,-0.00022907446,-0.0,0.0,0.0
24.430,-0.00047158796,-0.00027305676,-0.00022907446,-4.3328445e-08,7.483123e-08,3.6349366e-08
24.448,0.0007501425,0.001559539,-0.00022907446,0.0,-0.0,0.0
24.490,0.00013927728,-0.00027305676,-0.00022907446,-0.0,-0.0,0.0
24.530,0.0025827382,0.00033780848,0.0009926561,-0.0,-0.0,0.0
24.567,0.0007501425,-0.0021056526,0.0003817908,-0.0,-0.0,-0.0
24.589,0.00013927728,0.0009486737,-0.0008399397,0.0,-0.0,0.0
24.627,0.0025827382,0.0033921346,-0.00022907446,0.0,-0.0,0.0
24.649,-0.00047158796,-0.000883922,-0.00022907446,-0.0,-0.0,0.0
24.687,0.0013610078,0.00033780848,-0.0008399397,1.4822633e-07,-5.9719355e-07,3.685553e-07
24.727,-0.0010824533,0.00033780848,-0.0008399397,-0.0,0.0,0.0
24.770,-0.0010824533,-0.00027305676,0.0003817908,-0.0,0.0,0.0
24.790,0.0013610078,-0.0014947872,-0.0008399397,-0.0,-0.0,0.0
24.828,-0.00047158796,-0.00027305676,0.0009926561,-0.0,0.0,0.0
24.868,-0.0016933185,0.00033780848,-0.00022907446,-0.0,0.0,0.0
24.889,-0.00047158796,0.00033780848,-0.00022907446,-0.0,0.0,0.0
24.947,-0.0010824533,0.00033780848,-0.00022907446,-0.0,0.0,0.0
24.967,0.0007501425,-0.00027305676,0.0003817908,-6.486109e-08,-1.781866e-07,-9.068945e-08
24.989,0.00013927728,-0.00027305676,-0.0008399397,-0.0,-0.0,0.0
25.029,-0.00047158796,-0.00027305676,-0.00022907446,-0.0,-0.0,0.0
25.069,-0.00047158796,-0.00027305676,-0.00022907446,-0.0,-0.0,0.0
25.089,-0.0016933185,-0.0014947872,0.0009926561,-0.0,0.0,0.0
25.128,0.0007501425,0.00033780848,-0.001450805,0.0,-0.0,0.0
25.168,0.0007501425,-0.000883922,0.0003817908,-0.0,-0.0,-0.0
25.188,-0.00047158796,-0.00027305676,-0.00022907446,-0.0,-0.0,0.0
25.228,0.0007501425,-0.000883922,-0.00022907446,-2.8039827e-07,-2.3796068e-07,7.2667106e-08
25.268,0.0007501425,-0.00027305676,0.0003817908,-0.0,-0.0,-0.0
25.288,0.00013927728,0.0009486737,-0.00022907446,0.0,-0.0,0.0
25.328,0.00013927728,0.00033780848,-0.00022907446,0.0,-0.0,0.0
25.368,0.0013610078,0.00033780848,-0.0008399397,0.0,-0.0,0.0
25.390,-0.00047158796,-0.000883922,-0.00022907446,-0.0,-0.0,0.0
25.428,-0.00047158796,0.0009486737,-0.0008399397,-0.0,0.0,0.0
25.468,0.0007501425,-0.00027305676,0.0009926561,-0.0,-0.0,-0.0
25.491,-0.0010824533,0.00033780848,-0.00022907446,-0.0,0.0,0.0
25.531,-0.00047158796,0.00033780848,0.0003817908,0.0,-0.0,-0.0
25.567,-0.0010824533,-0.00027305676,-0.00022907446,-0.0,-0.0,0.0
25.607,0.00013927728,-0.000883922,0.0003817908,-0.0,-0.0,-0.0
25.627,0.0007501425,0.00033780848,-0.0008399397,0.0,-0.0,0.0
25.668,0.00013927728,-0.000883922,0.0003817908,-0.0,-0.0,-0.0
25.707,-0.00047158796,-0.00027305676,-0.0008399397,-0.0,-0.0,0.0
25.728,-0.0010824533,-0.0014947872,-0.00022907446,-0.0,-0.0,0.0
25.769,0.00013927728,0.0009486737,-0.00022907446,2.5104842e-07,-3.685707e-08,6.0620195e-08
25.807,0.0007501425,-0.0014947872,0.0003817908,-0.0,-0.0,-0.0
25.829,0.0007501425,0.0009486737,-0.00022907446,0.0,-0.0,0.0
25.869,-0.00047158796,-0.000883922,0.0009926561,-0.0,0.0,0.0
25.910,-0.00047158796,-0.00027305676,-0.00022907446,-0.0,-0.0,0.0
25.930,-0.0016933185,-0.00027305676,-0.0008399397,-0.0,-0.0,0.0
25.970,0.00013927728,0.00033780848,-0.00022907446,0.0,-0.0,0.0
26.009,0.00013927728,-0.000883922,-0.001450805,-0.0,-0.0,0.0
26.030,-0.00047158796,-0.00027305676,-0.00022907446,-4.3328445e-08,7.483123e-08,3.6349366e-08
26.068,0.0007501425,0.0009486737,-0.00022907446,0.0,-0.0,0.0
26.110,0.0007501425,-0.00027305676,-0.0008399397,-0.0,-0.0,0.0
26.129,-0.0010824533,-0.000883922,0.0003817908,-0.0,0.0,0.0
26.171,-0.00047158796,-0.000883922,-0.00022907446,-0.0,-0.0,0.0
26.210,-0.00047158796,0.0009486737,0.0003817908,0.0,-0.0,-0.0
26.228,0.0013610078,-0.00027305676,0.0003817908,-0.0,-0.0,-0.0
26.270,0.00013927728,-0.000883922,-0.00022907446,-0.0,-0.0,0.0
26.310,-0.00047158796,-0.00027305676,-0.00022907446,-4.3328445e-08,7.483123e-08,3.6349366e-08
26.330,-0.00047158796,0.0009486737,0.0003817908,0.0,-0.0,-0.0
26.370,0.00013927728,-0.00027305676,-0.00022907446,-0.0,-0.0,0.0
26.409,0.00013927728,0.00033780848,0.0003817908,-0.0,-0.0,0.0
26.429,0.00013927728,0.00033780848,-0.0008399397,0.0,-0.0,0.0
26.470,0.00013927728,-0.00027305676,-0.00022907446,-0.0,-0.0,0.0
26.508,0.00013927728,0.0009486737,0.0009926561,-0.0,-0.0,0.0
26.541,0.0007501425,0.00033780848,-0.00022907446,0.0,-0.0,0.0
26.568,0.0013610078,-0.000883922,-0.00022907446,-3.8888192e-07,-5.987761e-07,1.00781314e-07
26.607,-0.00047158796,0.0009486737,0.0003817908,0.0,-0.0,-0.0
26.647,-0.00047158796,0.00033780848,0.0009926561,0.0,-0.0,-0.0
26.667,0.0007501425,0.00033780848,0.0003817908,-0.0,-0.0,0.0
26.708,-0.0010824533,0.00033780848,-0.0008399397,-0.0,0.0,0.0
26.749,0.0013610078,-0.00027305676,0.0003817908,-0.0,-0.0,-0.0
26.768,-0.0010824533,-0.000883922,-0.001450805,-0.0,-0.0,0.0
26.808,0.0007501425,-0.00027305676,-0.00022907446,-0.0,-0.0,0.0
26.846,-0.00047158796,-0.000883922,-0.00022907446,-2.43851e-07,1.3009878e-07,6.319567e-08
26.867,-0.0023041838,0.00033780848,-0.0008399397,-0.0,0.0,0.0
26.906,0.00013927728,0.0009486737,0.0003817908,-0.0,-0.0,0.0
26.947,0.0007501425,0.00033780848,-0.001450805,0.0,-0.0,0.0
26.969,0.00013927728,0.0009486737,-0.00022907446,0.0,-0.0,0.0
27.007,0.00013927728,-0.00027305676,0.0003817908,-0.0,-0.0,-0.0
27.047,0.00013927728,-0.00027305676,0.0009926561,-0.0,-0.0,-0.0
27.089,0.0007501425,-0.000883922,-0.00022907446,-0.0,-0.0,0.0
27.110,-0.00047158796,-0.00027305676,-0.00022907446,-4.3328445e-08,7.483123e-08,3.6349366e-08
27.149,0.00013927728,-0.00027305676,-0.0008399397,-0.0,-0.0,0.0
27.169,0.0007501425,-0.000883922,-0.00022907446,-0.0,-0.0,0.0
27.210,-0.0010824533,-0.000883922,0.0003817908,-0.0,0.0,0.0
27.249,0.0007501425,0.0009486737,-0.00022907446,0.0,-0.0,0.0
27.270,-0.00047158796,-0.000883922,-0.00022907446,-0.0,-0.0,0.0
27.309,0.00013927728,0.00033780848,0.0003817908,-0.0,-0.0,0.0
27.350,-0.0010824533,-0.00027305676,-0.00022907446,-0.0,-0.0,0.0
27.389,0.0007501425,0.00033780848,0.0003817908,8.224372e-08,-1.8263165e-07,-9.295178e-08
27.409,-0.00047158796,0.00033780848,-0.00022907446,-0.0,0.0,0.0
27.448,0.0007501425,-0.000883922,-0.00022907446,-0.0,-0.0,0.0
27.488,0.00013927728,-0.0014947872,-0.0008399397,-0.0,-0.0,0.0
27.508,0.00013927728,0.00033780848,0.0003817908,-0.0,-0.0,0.0
27.547,0.00013927728,-0.00027305676,-0.00022907446,-0.0,-0.0,0.0
27.587,0.00013927728,0.00033780848,-0.00022907446,0.0,-0.0,0.0
27.608,0.0013610078,0.00033780848,0.0003817908,-0.0,-0.0,0.0
27.647,0.0007501425,0.00033780848,-0.0008399397,1.06614415e-07,-2.3674947e-07,2.6509002e-07
27.687,0.0031936036,0.004003,-0.0008399397,0.0,-0.0,0.0
27.707,0.0007501425,-0.00027305676,0.0009926561,-0.0,-0.0,-0.0
27.747,0.0013610078,0.010722518,-0.0008399397,0.0,-0.0,0.0
27.789,-0.0023041838,-0.00760344,-0.001450805,-0.0,-0.0,0.0
27.809,-0.0016933185,-0.0021056526,-0.0057268613,-0.0,-0.0,0.0
27.848,0.0031936036,0.0070573264,0.0046578473,-0.0,-0.0,0.0
27.889,0.0013610078,0.001559539,-0.0020616704,0.0,-0.0,0.0
27.909,-0.0010824533,-0.0021056526,0.0009926561,-1.4510989e-06,7.459674e-07,-6.8408303e-07
27.949,-0.0029150487,-0.005770844,-0.0020616704,-0.0,-0.0,0.0
27.989,0.0025827382,0.0009486737,0.004046982,-0.0,-0.0,0.0
28.010,0.001971873,0.004003,-0.001450805,0.0,-0.0,0.0
28.047,0.0038044685,0.00033780848,0.0009926561,-0.0,-0.0,0.0
28.088,0.001971873,0.0027812696,-0.001450805,0.0,-0.0,0.0
28.109,0.001971873,0.0027812696,-0.00022907446,0.0,-0.0,0.0
28.149,0.00013927728,0.0033921346,-0.00022907446,0.0,-0.0,0.0
28.189,-0.00047158796,0.0009486737,0.0009926561,3.6971375e-07,1.837855e-07,-3.868544e-07
28.229,0.00013927728,0.001559539,-0.00022907446,0.0,-0.0,0.0
28.249,-0.0010824533,-0.000883922,0.0003817908,-0.0,0.0,0.0
28.289,0.00013927728,-0.000883922,-0.0008399397,-0.0,-0.0,0.0
28.328,-0.0010824533,-0.0021056526,-0.00022907446,-0.0,-0.0,0.0
28.348,0.0013610078,-0.000883922,0.0003817908,-0.0,-0.0,-0.0
28.389,0.0013610078,0.00033780848,0.0003817908,-0.0,-0.0,0.0
28.429,0.0007501425,-0.00027305676,0.0003817908,-0.0,-0.0,-0.0
28.448,0.0007501425,-0.00027305676,-0.00022907446,-6.0874896e-08,-1.6723575e-07,5.1069545e-08
28.487,0.0013610078,0.00033780848,-0.001450805,0.0,-0.0,0.0
28.528,0.00013927728,-0.0014947872,-0.00022907446,-0.0,-0.0,0.0
28.549,-0.0016933185,-0.0014947872,0.0003817908,-0.0,0.0,0.0
28.587,-0.00047158796,-0.00027305676,-0.00022907446,-0.0,-0.0,0.0
28.627,-0.00047158796,-0.00027305676,-0.0008399397,-0.0,-0.0,0.0
28.647,0.0013610078,0.0009486737,-0.00022907446,0.0,-0.0,0.0
28.687,0.0007501425,-0.00027305676,0.0003817908,-0.0,-0.0,-0.0
28.729,0.0007501425,0.00033780848,-0.00022907446,7.7439864e-08,-1.7196409e-07,5.251347e-08
28.748,0.0013610078,0.0009486737,-0.00022907446,0.0,-0.0,0.0
28.791,-0.0010824533,-0.0014947872,-0.001450805,-0.0,-0.0,0.0
28.836,0.0007501425,-0.000883922,0.0003817908,-0.0,-0.0,-0.0
28.849,0.0007501425,0.0009486737,-0.001450805,0.0,-0.0,0.0
28.888,0.00013927728,-0.00027305676,0.0003817908,-0.0,-0.0,-0.0
28.929,-0.0016933185,-0.000883922,0.0003817908,-0.0,0.0,0.0
28.949,0.0007501425,-0.000883922,-0.00022907446,-0.0,-0.0,0.0
28.989,-0.0016933185,0.001559539,0.0003817908,9.768888e-07,1.0606875e-06,-2.3915268e-07
29.029,0.0013610078,0.0021704042,-0.00022907446,0.0,-0.0,0.0
29.069,-0.0010824533,-0.00027305676,-0.00022907446,-0.0,-0.0,0.0
29.090,0.0007501425,0.00033780848,-0.00022907446,0.0,-0.0,0.0
29.129,0.00013927728,-0.000883922,-0.0008399397,-0.0,-0.0,0.0
29.168,0.0007501425,-0.00027305676,-0.00022907446,-0.0,-0.0,0.0
29.189,-0.00047158796,0.00033780848,-0.00022907446,-0.0,0.0,0.0
29.229,0.00013927728,-0.00027305676,0.0003817908,-0.0,-0.0,-0.0
29.270,0.0007501425,-0.0014947872,-0.00022907446,-6.7734425e-07,-3.399178e-07,1.0380214e-07
29.288,-0.00047158796,0.00033780848,0.0003817908,0.0,-0.0,-0.0
29.329,-0.00047158796,-0.000883922,0.0003817908,-0.0,0.0,0.0
29.369,-0.0010824533,-0.00027305676,-0.0008399397,-0.0,-0.0,0.0
29.389,-0.00047158796,0.00033780848,0.0003817908,0.0,-0.0,-0.0
29.429,0.00013927728,-0.00027305676,-0.00022907446,-0.0,-0.0,0.0
29.470,-0.00047158796,-0.00027305676,0.0003817908,-0.0,0.0,0.0
29.487,0.0007501425,0.00033780848,0.0003817908,-0.0,-0.0,0.0
29.530,0.00013927728,-0.00027305676,0.0003817908,-3.5887822e-08,-1.8305197e-08,-5.0178727e-08
29.567,0.001971873,-0.00027305676,-0.00022907446,-0.0,-0.0,0.0
29.607,0.00013927728,0.00033780848,-0.00022907446,0.0,-0.0,0.0
29.627,-0.00047158796,0.00033780848,-0.00022907446,-0.0,0.0,0.0
29.667,-0.00047158796,-0.00027305676,0.0003817908,-0.0,0.0,0.0
29.688,-0.0016933185,-0.0014947872,0.0009926561,-0.0,0.0,0.0
29.728,-0.00047158796,-0.00027305676,-0.00022907446,-0.0,-0.0,0.0
29.769,-0.00047158796,-0.000883922,0.0003817908,-0.0,0.0,0.0
29.789,-0.00047158796,-0.00027305676,0.0003817908,-4.877048e-08,8.423e-08,-6.81914e-08
29.829,0.00013927728,-0.00027305676,-0.0008399397,-0.0,-0.0,0.0
29.867,0.00013927728,0.00033780848,0.0009926561,-0.0,-0.0,0.0
29.909,-0.00047158796,0.00033780848,-0.00022907446,-0.0,0.0,0.0
29.928,0.0007501425,0.00033780848,-0.00022907446,0.0,-0.0,0.0
29.969,-0.00047158796,-0.00027305676,-0.0008399397,-0.0,-0.0,0.0
30.008,0.0007501425,-0.00027305676,0.0003817908,-0.0,-0.0,-0.0
30.030,-0.00047158796,-0.000883922,0.0009926561,-0.0,0.0,0.0
30.069,-0.0010824533,-0.00027305676,-0.00022907446,-8.353223e-08,3.3113892e-07,7.007737e-08
30.108,-0.00047158796,-0.00027305676,-0.00022907446,-0.0,-0.0,0.0
30.128,-0.0010824533,-0.00027305676,-0.00022907446,-0.0,-0.0,0.0
30.168,0.00013927728,0.00033780848,-0.00022907446,0.0,-0.0,0.0
30.206,0.0013610078,-0.00027305676,0.0003817908,-0.0,-0.0,-0.0
30.227,0.00013927728,-0.00027305676,-0.00022907446,-0.0,-0.0,0.0
30.269,-0.00047158796,-0.000883922,0.0003817908,-0.0,0.0,0.0
30.306,0.00013927728,-0.00027305676,-0.0008399397,-0.0,-0.0,0.0
30.347,0.00013927728,0.00033780848,-0.00022907446,0.0,-0.0,0.0
30.366,0.0013610078,0.00033780848,0.0003817908,-0.0,-0.0,0.0
30.408,0.0007501425,-0.00027305676,-0.00022907446,-0.0,-0.0,0.0
30.428,0.00013927728,-0.000883922,-0.00022907446,-0.0,-0.0,0.0
30.467,0.0007501425,0.001559539,-0.00022907446,0.0,-0.0,0.0
30.506,-0.00047158796,-0.000883922,0.0003817908,-0.0,0.0,0.0
30.528,0.00013927728,-0.000883922,0.0003817908,-0.0,-0.0,-0.0
30.566,0.0007501425,0.00033780848,-0.00022907446,0.0,-0.0,0.0
30.606,0.00013927728,-0.0014947872,-0.00022907446,-6.0935946e-07,-5.6777296e-08,9.338364e-08
30.646,0.0007501425,0.00033780848,-0.0008399397,0.0,-0.0,0.0
30.666,0.0007501425,-0.00027305676,-0.00022907446,-0.0,-0.0,0.0
30.708,0.00013927728,-0.000883922,0.0009926561,-0.0,-0.0,-0.0
30.748,0.0007501425,-0.000883922,0.0003817908,-0.0,-0.0,-0.0
30.768,0.00013927728,0.00033780848,0.0003817908,-0.0,-0.0,0.0
30.810,0.0013610078,0.0009486737,-0.00022907446,0.0,-0.0,0.0
30.847,0.00013927728,0.00033780848,-0.00022907446,0.0,-0.0,0.0
30.868,-0.0016933185,-0.000883922,0.0003817908,-4.621956e-07,8.8542265e-07,-1.9963514e-07
30.909,0.00013927728,0.00033780848,-0.00022907446,0.0,-0.0,0.0
30.949,0.0007501425,0.00033780848,-0.0008399397,0.0,-0.0,0.0
30.968,0.0013610078,0.0009486737,-0.0008399397,0.0,-0.0,0.0
31.009,0.00013927728,-0.000883922,-0.00022907446,-0.0,-0.0,0.0
31.048,0.00013927728,-0.00027305676,-0.00022907446,-0.0,-0.0,0.0
31.069,0.00013927728,0.00033780848,-0.00022907446,0.0,-0.0,0.0
31.109,0.0007501425,0.00033780848,-0.0008399397,0.0,-0.0,0.0
31.149,-0.00047158796,-0.000883922,-0.00022907446,-2.43851e-07,1.3009878e-07,6.319567e-08
31.169,-0.00047158796,-0.00027305676,-0.00022907446,-0.0,-0.0,0.0
31.208,-0.00047158796,-0.000883922,0.0003817908,-0.0,0.0,0.0
31.249,0.0013610078,-0.00027305676,0.0003817908,-0.0,-0.0,-0.0
31.268,-0.00047158796,-0.00027305676,-0.0008399397,-0.0,-0.0,0.0
31.309,0.00013927728,0.00033780848,-0.00022907446,0.0,-0.0,0.0
31.350,-0.00047158796,0.0009486737,-0.00022907446,-0.0,0.0,0.0
31.368,0.00013927728,-0.000883922,0.0003817908,-0.0,-0.0,-0.0
31.409,-0.0010824533,-0.00027305676,0.0009926561,-1.0949737e-07,4.340705e-07,-3.9806122e-07
31.448,-0.0010824533,-0.00027305676,0.0003817908,-0.0,0.0,0.0
31.487,0.00013927728,0.0009486737,-0.00022907446,0.0,-0.0,0.0
31.507,0.0007501425,-0.000883922,-0.00022907446,-0.0,-0.0,0.0
31.555,0.00013927728,-0.00027305676,0.0003817908,-0.0,-0.0,-0.0
31.586,-0.0016933185,0.00033780848,-0.00022907446,-0.0,0.0,0.0
31.607,-0.0010824533,-0.00027305676,-0.00022907446,-0.0,-0.0,0.0
31.646,0.0007501425,0.00033780848,-0.00022907446,0.0,-0.0,0.0
31.687,-0.0016933185,0.00033780848,-0.00022907446,-0.0,0.0,0.0
31.708,0.00013927728,0.00033780848,-0.0008399397,0.0,-0.0,0.0
31.748,-0.00047158796,-0.000883922,0.0003817908,-0.0,0.0,0.0
31.789,0.0013610078,-0.000883922,0.0003817908,-0.0,-0.0,-0.0
31.807,-0.0016933185,-0.000883922,0.0009926561,-0.0,0.0,0.0
31.847,0.00013927728,0.0009486737,0.0003817908,-0.0,-0.0,0.0
31.887,-0.00047158796,-0.0021056526,-0.00022907446,-0.0,-0.0,0.0
31.906,-0.0010824533,-0.00027305676,-0.00022907446,-0.0,-0.0,0.0
31.946,-0.00047158796,-0.0014947872,0.0003817908,-6.473194e-07,2.0422179e-07,-1.653349e-07
31.986,-0.0010824533,-0.0014947872,-0.00022907446,-0.0,-0.0,0.0
32.007,0.0013610078,-0.00027305676,0.0003817908,-0.0,-0.0,-0.0
32.048,0.00013927728,0.0009486737,-0.00022907446,0.0,-0.0,0.0
32.090,0.00013927728,-0.00027305676,-0.00022907446,-0.0,-0.0,0.0
32.110,0.00013927728,-0.0014947872,0.0003817908,-0.0,-0.0,-0.0
32.149,0.00013927728,-0.0014947872,-0.00022907446,-0.0,-0.0,0.0
32.189,0.0007501425,0.0009486737,0.0003817908,-0.0,-0.0,0.0
32.208,0.00013927728,-0.000883922,0.0003817908,-2.3083922e-07,-3.637272e-08,-9.9705964e-08
32.249,0.0007501425,0.00033780848,-0.00022907446,0.0,-0.0,0.0
32.288,0.001971873,0.00033780848,0.0003817908,-0.0,-0.0,0.0
32.328,-0.0010824533,-0.00027305676,-0.00022907446,-0.0,-0.0,0.0
32.347,-0.0016933185,-0.0014947872,-0.00022907446,-0.0,-0.0,0.0
32.387,-0.00047158796,-0.00027305676,-0.00022907446,-0.0,-0.0,0.0
32.428,0.00013927728,-0.0014947872,-0.00022907446,-0.0,-0.0,0.0
32.449,-0.0010824533,-0.00027305676,0.0003817908,-0.0,0.0,0.0
32.490,0.0007501425,-0.0014947872,-0.00022907446,-6.7734425e-07,-3.399178e-07,1.0380214e-07
32.529,-0.00047158796,-0.00027305676,0.0003817908,-0.0,0.0,0.0
32.546,-0.00047158796,-0.00027305676,-0.00022907446,-0.0,-0.0,0.0
32.586,0.0013610078,0.00033780848,-0.00022907446,0.0,-0.0,0.0
32.626,-0.00047158796,-0.00027305676,-0.00022907446,-0.0,-0.0,0.0
32.646,-0.00047158796,-0.00027305676,-0.00022907446,-0.0,-0.0,0.0
32.687,0.0013610078,-0.00027305676,0.0003817908,-0.0,-0.0,-0.0
32.727,-0.00047158796,0.0009486737,-0.00022907446,-0.0,0.0,0.0
32.748,0.00013927728,0.0009486737,0.0009926561,3.514595e-07,-5.1598757e-08,-3.6775387e-07
32.786,0.0007501425,-0.000883922,-0.00022907446,-0.0,-0.0,0.0
32.828,-0.00047158796,-0.00027305676,-0.00022907446,-0.0,-0.0,0.0
32.849,0.00013927728,-0.000883922,-0.0008399397,-0.0,-0.0,0.0
32.887,0.00077457714,0.0010085385,-0.00019242255,0.0,-0.0,0.0
32.929,0.00016371188,0.00039767328,-0.00019242255,0.0,-0.0,0.0
32.948,0.0013854423,-0.0014349225,-0.00019242255,-0.0,-0.0,0.0
32.991,-0.0010580185,-0.00021319198,0.0004184427,-0.0,0.0,0.0
33.028,0.00016371188,0.0010085385,-0.0008032878,0.0,-0.0,0.0
33.048,0.00016371188,-0.00021319198,-0.00019242255,-0.0,-0.0,0.0
33.088,-0.0010580185,-0.0014349225,0.0004184427,-0.0,0.0,0.0
33.127,0.00077457714,0.0016194037,-0.00019242255,0.0,-0.0,0.0
33.149,-0.0022797491,-0.0008240572,-0.00019242255,-0.0,-0.0,0.0
33.188,-0.00044715335,-0.00021319198,0.0004184427,-0.0,0.0,0.0
33.227,-0.00044715335,0.00039767328,-0.0014141531,-0.0,0.0,0.0
33.268,0.0013854423,0.0016194037,-0.0008032878,0.0,-0.0,0.0
33.288,-0.0010580185,-0.0008240572,-0.00019242255,-2.996915e-07,3.847781e-07,6.997991e-08
33.328,0.00077457714,-0.0008240572,-0.00019242255,-0.0,-0.0,0.0
33.368,-0.0010580185,-0.00021319198,-0.00019242255,-0.0,-0.0,0.0
33.387,-0.0010580185,-0.00021319198,0.0004184427,-0.0,0.0,0.0
33.429,-0.00044715335,-0.0008240572,0.0004184427,-0.0,0.0,0.0
33.469,-0.0010580185,0.00039767328,0.0004184427,0.0,-0.0,-0.0
33.487,0.00016371188,0.00039767328,-0.0008032878,0.0,-0.0,0.0
33.530,-0.0010580185,-0.00021319198,0.001029308,-0.0,0.0,0.0
33.566,0.00016371188,0.00039767328,0.0004184427,-0.0,-0.0,0.0
33.587,-0.0010580185,-0.0008240572,-0.00019242255,-0.0,-0.0,0.0
33.628,-0.00044715335,0.0010085385,-0.00019242255,-0.0,0.0,0.0
33.666,0.00016371188,-0.0008240572,0.0004184427,-0.0,-0.0,-0.0
33.707,0.00077457714,0.00039767328,0.0004184427,-0.0,-0.0,0.0
33.727,0.00016371188,0.00039767328,0.0004184427,-0.0,-0.0,0.0
33.769,0.00077457714,-0.00021319198,-0.00019242255,-0.0,-0.0,0.0
33.788,0.00016371188,-0.00021319198,-0.0008032878,-0.0,-0.0,0.0
33.829,0.00016371188,0.00039767328,-0.0008032878,9.726624e-08,-4.0042e-08,1.9647479e-07
33.867,-0.00044715335,0.00039767328,-0.00019242255,-0.0,0.0,0.0
33.888,0.00016371188,0.00039767328,-0.00019242255,0.0,-0.0,0.0
33.928,0.00077457714,-0.0014349225,-0.0014141531,-0.0,-0.0,0.0
33.968,-0.0010580185,0.0010085385,-0.0008032878,-0.0,0.0,0.0
34.008,-0.00044715335,-0.00021319198,-0.00019242255,-0.0,-0.0,0.0
34.028,0.00016371188,-0.0014349225,-0.00019242255,-0.0,-0.0,0.0
34.068,0.00016371188,-0.00021319198,-0.00019242255,-0.0,-0.0,0.0
34.108,0.00016371188,-0.00021319198,-0.00019242255,-0.0,-0.0,0.0
34.129,0.00077457714,-0.00021319198,0.0004184427,-0.0,-0.0,-0.0
34.168,0.00016371188,0.00039767328,-0.00019242255,0.0,-0.0,0.0
34.208,0.00016371188,-0.00021319198,-0.00019242255,-0.0,-0.0,0.0
34.228,-0.00044715335,0.0010085385,0.0004184427,0.0,-0.0,-0.0
34.267,0.00016371188,0.0010085385,0.0004184427,-0.0,-0.0,0.0
34.311,0.00077457714,-0.0014349225,-0.00019242255,-0.0,-0.0,0.0
34.327,-0.0010580185,0.00039767328,0.001029308,0.0,-0.0,-0.0
34.369,0.00016371188,-0.0014349225,-0.00019242255,-5.6121075e-07,-6.402917e-08,7.525813e-08
34.408,0.00077457714,0.00039767328,-0.00019242255,0.0,-0.0,0.0
34.428,0.00016371188,-0.00021319198,-0.00019242255,-0.0,-0.0,0.0
34.468,0.00016371188,-0.00021319198,0.0004184427,-0.0,-0.0,-0.0
34.509,0.00077457714,0.0010085385,-0.00019242255,0.0,-0.0,0.0
34.529,0.00077457714,0.0010085385,-0.00019242255,0.0,-0.0,0.0
34.566,-0.00044715335,-0.0008240572,-0.00019242255,-0.0,-0.0,0.0
34.606,0.00016371188,-0.0014349225,0.0004184427,-0.0,-0.0,-0.0
34.646,-0.00044715335,-0.00021319198,0.0004184427,-0.0,0.0,0.0
34.666,-0.00044715335,-0.00021319198,-0.00019242255,-0.0,-0.0,0.0
34.707,0.00016371188,-0.00021319198,-0.00019242255,-0.0,-0.0,0.0
34.748,0.00077457714,-0.00021319198,-0.00019242255,-0.0,-0.0,0.0
34.768,0.0013854423,-0.0008240572,0.0004184427,-0.0,-0.0,-0.0
34.808,-0.00044715335,-0.00021319198,0.0004184427,-0.0,0.0,0.0
34.847,0.00077457714,0.00039767328,-0.0008032878,0.0,-0.0,0.0
34.867,0.00077457714,0.00039767328,-0.0008032878,0.0,-0.0,0.0
34.913,0.0013854423,0.0010085385,-0.00019242255,0.0,-0.0,0.0
34.947,-0.00044715335,0.0010085385,-0.00019242255,-0.0,0.0,0.0
34.969,0.00016371188,0.0010085385,-0.0014141531,0.0,-0.0,0.0
35.007,0.00016371188,-0.00021319198,-0.0008032878,-0.0,-0.0,0.0
35.048,0.00016371188,0.0016194037,-0.00019242255,0.0,-0.0,0.0
35.067,-0.0010580185,-0.0008240572,0.0004184427,-0.0,0.0,0.0
35.108,-0.0010580185,-0.0014349225,0.0004184427,-0.0,0.0,0.0
35.148,-0.0016688838,-0.0008240572,0.0004184427,-0.0,0.0,0.0
35.169,0.00016371188,0.0010085385,-0.00019242255,2.8147562e-07,-4.5690765e-08,5.370371e-08
35.208,0.00077457714,-0.0008240572,0.0004184427,-0.0,-0.0,-0.0
35.248,0.00077457714,-0.00021319198,0.0004184427,-0.0,-0.0,-0.0
35.269,0.00077457714,-0.00021319198,0.0004184427,-0.0,-0.0,-0.0
35.308,0.0019963076,0.00039767328,0.0004184427,-0.0,-0.0,0.0
35.350,-0.00044715335,0.00039767328,-0.00019242255,-0.0,0.0,0.0
35.368,-0.0010580185,-0.0020457879,0.001029308,-0.0,0.0,0.0
35.409,-0.00044715335,-0.0008240572,-0.00019242255,-0.0,-0.0,0.0
35.448,0.00077457714,0.0010085385,-0.0008032878,0.0,-0.0,0.0
35.487,0.00016371188,-0.0008240572,-0.00019242255,-0.0,-0.0,0.0
35.507,-0.0010580185,-0.00021319198,0.0004184427,-0.0,0.0,0.0
35.547,-0.0010580185,0.002230269,0.0004184427,0.0,-0.0,-0.0
35.585,0.00016371188,0.00039767328,0.0004184427,-0.0,-0.0,0.0
35.606,0.00016371188,-0.00021319198,0.0004184427,-0.0,-0.0,-0.0
35.646,-0.00044715335,-0.0008240572,-0.00019242255,-0.0,-0.0,0.0
35.687,-0.0016688838,-0.00021319198,0.0004184427,-0.0,0.0,0.0
35.706,0.00077457714,-0.00021319198,-0.00019242255,-4.727648e-08,-1.7176671e-07,4.267075e-08
35.749,0.00016371188,0.00039767328,-0.00019242255,0.0,-0.0,0.0
35.788,-0.0010580185,-0.00021319198,0.0004184427,-0.0,0.0,0.0
35.809,-0.00044715335,-0.0014349225,-0.00019242255,-0.0,-0.0,0.0
35.848,-0.00044715335,-0.00021319198,0.0004184427,-0.0,0.0,0.0
35.887,-0.0016688838,-0.0014349225,0.001029308,-0.0,0.0,0.0
35.908,-0.00044715335,-0.00021319198,0.0004184427,-0.0,0.0,0.0
35.946,-0.00044715335,0.00039767328,0.0004184427,0.0,-0.0,-0.0
35.987,0.00016371188,0.00039767328,-0.00019242255,0.0,-0.0,0.0
36.007,0.00016371188,-0.00021319198,-0.0008032878,-0.0,-0.0,0.0
36.047,0.00077457714,-0.00021319198,0.0004184427,-0.0,-0.0,-0.0
36.088,-0.00044715335,-0.00021319198,-0.0008032878,-0.0,-0.0,0.0
36.109,0.00077457714,-0.00021319198,-0.00019242255,-0.0,-0.0,0.0
36.148,0.00077457714,0.00039767328,0.0004184427,-0.0,-0.0,0.0
36.188,0.00016371188,-0.0008240572,0.0004184427,-0.0,-0.0,-0.0
36.209,-0.00044715335,-0.0008240572,-0.0008032878,-0.0,-0.0,0.0
36.249,0.00016371188,-0.0008240572,-0.00019242255,-1.9066103e-07,-3.7877804e-08,4.4520547e-08
36.289,-0.0010580185,0.00039767328,0.0004184427,0.0,-0.0,-0.0
36.308,-0.0016688838,-0.00021319198,-0.00019242255,-0.0,-0.0,0.0
36.349,-0.00044715335,0.0016194037,-0.00019242255,-0.0,0.0,0.0
36.386,0.00077457714,0.00039767328,-0.00019242255,0.0,-0.0,0.0
36.408,0.0019963076,0.0010085385,-0.00019242255,0.0,-0.0,0.0
36.449,0.0013854423,-0.00021319198,-0.00019242255,-0.0,-0.0,0.0
36.486,-0.00044715335,-0.0008240572,-0.00019242255,-0.0,-0.0,0.0
36.514,0.00016371188,-0.00021319198,-0.00019242255,-1.8918154e-08,-1.4527407e-08,1.7075124e-08
36.550,0.00016371188,-0.00021319198,-0.0008032878,-0.0,-0.0,0.0
36.586,0.00077457714,0.0010085385,-0.0008032878,0.0,-0.0,0.0
36.626,0.00077457714,0.00039767328,-0.0014141531,0.0,-0.0,0.0
36.646,0.00016371188,0.00039767328,0.001029308,-0.0,-0.0,0.0
36.686,0.00016371188,-0.00021319198,-0.0008032878,-0.0,-0.0,0.0
36.727,0.00016371188,-0.0008240572,-0.00019242255,-0.0,-0.0,0.0
36.748,0.00016371188,-0.00021319198,-0.00019242255,-0.0,-0.0,0.0
36.787,0.00016371188,-0.00021319198,0.0004184427,-0.0,-0.0,-0.0
36.828,-0.00044715335,0.0016194037,-0.00019242255,-0.0,0.0,0.0
36.846,-0.0010580185,-0.00021319198,0.0004184427,-0.0,0.0,0.0
36.886,0.0019963076,-0.00021319198,0.0004184427,-0.0,-0.0,-0.0
36.926,0.00016371188,0.0010085385,-0.00019242255,0.0,-0.0,0.0
36.946,-0.00044715335,-0.00021319198,0.0004184427,-0.0,0.0,0.0
36.986,-0.00045753806,0.0016413949,0.00044226644,0.0,-0.0,-0.0
37.027,-0.00045753806,-0.00019120082,0.00044226644,-0.0,0.0,0.0
37.047,0.00015332719,0.0004196644,0.00044226644,7.0821535e-08,-2.587512e-08,-7.46358e-08
37.088,0.00015332719,0.0004196644,-0.0001685988,0.0,-0.0,0.0
37.128,-0.00045753806,-0.0014129314,0.00044226644,-0.0,0.0,0.0
37.167,0.0013750577,0.0028631254,0.00044226644,-0.0,-0.0,0.0
37.188,-0.00045753806,-0.00019120082,-0.0001685988,-0.0,-0.0,0.0
37.228,-0.00045753806,0.0010305296,0.00044226644,0.0,-0.0,-0.0
37.249,-0.00045753806,-0.00019120082,0.0010531317,-0.0,0.0,0.0
37.288,0.00015332719,-0.00019120082,-0.0007794641,-0.0,-0.0,0.0
37.328,0.00076419243,-0.00080206606,0.00044226644,-0.0,-0.0,-0.0
37.368,-0.00045753806,-0.00080206606,-0.0001685988,-0.0,-0.0,0.0
37.387,-0.00045753806,-0.0014129314,-0.0001685988,-0.0,-0.0,0.0
37.428,0.001985923,0.0016413949,-0.0001685988,0.0,-0.0,0.0
37.469,0.00076419243,0.0004196644,-0.0001685988,0.0,-0.0,0.0
37.487,0.00015332719,0.0016413949,-0.0013903292,0.0,-0.0,0.0
37.526,0.0013750577,0.0004196644,0.00044226644,-0.0,-0.0,0.0
37.568,0.00076419243,0.0004196644,-0.0001685988,0.0,-0.0,0.0
37.585,0.00015332719,-0.00019120082,-0.0001685988,-1.5268027e-08,-1.22436905e-08,1.346318e-08
37.626,-0.00045753806,0.0004196644,-0.0001685988,-0.0,0.0,0.0
37.666,-0.00045753806,-0.00080206606,-0.0001685988,-0.0,-0.0,0.0
37.685,0.00076419243,0.0004196644,-0.0001685988,0.0,-0.0,0.0
37.726,-0.00045753806,-0.00019120082,0.0010531317,-0.0,0.0,0.0
37.767,-0.0016792685,-0.00080206606,0.00044226644,-0.0,0.0,0.0
37.787,0.00076419243,0.0004196644,-0.0001685988,0.0,-0.0,0.0
37.827,-0.00045753806,-0.00080206606,-0.0001685988,-0.0,-0.0,0.0
37.867,0.00015332719,0.0004196644,0.00044226644,-0.0,-0.0,0.0
37.888,-0.0010684034,-0.00019120082,0.00044226644,-0.0,0.0,0.0
37.927,-0.0016792685,-0.00019120082,-0.0001685988,-0.0,-0.0,0.0
37.975,-0.0022901336,-0.0020237966,-0.0001685988,-0.0,-0.0,0.0
38.007,0.001985923,0.0010305296,-0.0007794641,0.0,-0.0,0.0
38.028,0.00015332719,0.0004196644,0.0010531317,-0.0,-0.0,0.0
38.068,0.00076419243,-0.00019120082,-0.0001685988,-0.0,-0.0,0.0
38.088,0.00015332719,0.0010305296,0.00044226644,-0.0,-0.0,0.0
38.128,0.00015332719,0.0010305296,-0.0001685988,2.9196346e-07,-4.343973e-08,4.7766406e-08
38.167,0.00076419243,-0.00080206606,-0.0001685988,-0.0,-0.0,0.0
38.208,0.00015332719,-0.00019120082,-0.0013903292,-0.0,-0.0,0.0
38.226,-0.0010684034,0.0004196644,0.0010531317,0.0,-0.0,-0.0
38.269,0.00015332719,-0.00019120082,-0.0001685988,-0.0,-0.0,0.0
38.307,-0.0016792685,-0.0014129314,0.00044226644,-0.0,0.0,0.0
38.327,0.00015332719,0.0010305296,-0.0001685988,0.0,-0.0,0.0
38.367,0.00015332719,-0.00019120082,-0.0001685988,-0.0,-0.0,0.0
38.407,0.00076419243,0.0010305296,-0.0001685988,0.0,-0.0,0.0
38.433,0.00015332719,-0.00080206606,0.00044226644,-0.0,-0.0,-0.0
38.469,-0.00045753806,0.0004196644,-0.0001685988,-0.0,0.0,0.0
38.507,-0.00045753806,-0.00080206606,-0.0007794641,-0.0,-0.0,0.0
38.535,-0.0010684034,-0.00080206606,0.00044226644,-0.0,0.0,0.0
38.566,0.00015332719,-0.00019120082,-0.0001685988,-0.0,-0.0,0.0
38.605,0.0013750577,0.0004196644,-0.0001685988,0.0,-0.0,0.0
38.627,0.00076419243,-0.00019120082,-0.0001685988,-0.0,-0.0,0.0
38.666,-0.00045753806,-0.00019120082,-0.0001685988,-0.0,-0.0,0.0
38.707,0.00076419243,-0.00019120082,-0.0001685988,-0.0,-0.0,0.0
38.728,0.0013750577,0.0004196644,-0.0001685988,0.0,-0.0,0.0
38.768,0.00015332719,0.0004196644,0.00044226644,-0.0,-0.0,0.0
38.812,-0.0016792685,-0.00080206606,-0.0001685988,-0.0,-0.0,0.0
38.847,-0.00045753806,-0.00080206606,0.00044226644,-0.0,0.0,0.0
38.868,0.00015332719,-0.00080206606,-0.0007794641,-0.0,-0.0,0.0
38.907,0.00076419243,0.0010305296,-0.0001685988,0.0,-0.0,0.0
38.928,0.00015332719,0.0004196644,0.0010531317,1.288737e-07,-4.7084892e-08,-3.234036e-07
38.967,-0.00045753806,0.0004196644,0.00044226644,0.0,-0.0,-0.0
39.008,0.00076419243,0.0010305296,0.00044226644,-0.0,-0.0,0.0
39.048,-0.00045753806,0.0010305296,-0.0001685988,-0.0,0.0,0.0
39.067,0.00015332719,-0.00019120082,0.0010531317,-0.0,-0.0,-0.0
39.108,0.00076419243,-0.00019120082,0.00044226644,-0.0,-0.0,-0.0
39.148,-0.00045753806,-0.00080206606,-0.0001685988,-0.0,-0.0,0.0
39.169,-0.00045753806,-0.0014129314,0.00044226644,-0.0,0.0,0.0
39.208,0.00015332719,-0.00019120082,-0.0001685988,-0.0,-0.0,0.0
39.247,-0.00045753806,-0.00080206606,-0.0001685988,-0.0,-0.0,0.0
39.268,0.00076419243,-0.00080206606,-0.0001685988,-0.0,-0.0,0.0
39.308,-0.00045753806,0.0004196644,-0.0007794641,-0.0,0.0,0.0
39.348,0.00015332719,-0.00019120082,0.00044226644,-0.0,-0.0,-0.0
39.367,-0.00045753806,-0.0014129314,-0.0001685988,-0.0,-0.0,0.0
39.406,-0.00045753806,-0.00019120082,-0.0001685988,-0.0,-0.0,0.0
39.447,0.00015332719,0.0010305296,0.00044226644,-0.0,-0.0,0.0
39.467,-0.00045753806,-0.00019120082,-0.0007794641,-4.7415693e-08,1.1346436e-07,1.9329845e-07
39.506,0.00015332719,-0.00080206606,0.00044226644,-0.0,-0.0,-0.0
39.545,-0.0016792685,-0.00019120082,-0.0001685988,-0.0,-0.0,0.0
39.586,0.00076419243,0.0004196644,0.00044226644,-0.0,-0.0,0.0
39.605,0.00015332719,-0.00080206606,-0.0007794641,-0.0,-0.0,0.0
39.646,-0.00045753806,0.0010305296,0.00044226644,0.0,-0.0,-0.0
39.685,0.00015332719,0.0016413949,-0.0001685988,0.0,-0.0,0.0
39.706,0.00015332719,-0.00080206606,0.00044226644,-0.0,-0.0,-0.0
39.748,-0.0010684034,-0.00019120082,0.00044226644,-0.0,0.0,0.0
39.768,-0.00045753806,0.0004196644,0.0010531317,0.0,-0.0,-0.0
39.808,-0.0010684034,-0.00019120082,-0.0001685988,-0.0,-0.0,0.0
39.847,0.00015332719,-0.00080206606,-0.0007794641,-0.0,-0.0,0.0
39.888,-0.0010684034,0.0004196644,0.00044226644,0.0,-0.0,-0.0
39.907,-0.0010684034,-0.00019120082,-0.0001685988,-0.0,-0.0,0.0
39.947,0.00076419243,0.0010305296,-0.0013903292,0.0,-0.0,0.0
39.986,-0.00045753806,0.0004196644,0.00044226644,0.0,-0.0,-0.0
40.007,0.00076419243,0.0004196644,-0.0001685988,1.0003505e-07,-1.821599e-07,4.0188763e-08
40.047,0.0013750577,-0.00019120082,-0.0001685988,-0.0,-0.0,0.0
40.086,-0.00045753806,-0.00019120082,-0.0001685988,-0.0,-0.0,0.0
40.107,-0.0016792685,-0.0014129314,-0.0001685988,-0.0,-0.0,0.0
40.146,-0.00045753806,-0.00080206606,-0.0007794641,-0.0,-0.0,0.0
40.186,0.00015332719,-0.00019120082,-0.0001685988,-0.0,-0.0,0.0
40.207,0.00076419243,-0.00080206606,0.00044226644,-0.0,-0.0,-0.0
40.247,-0.00045753806,-0.00080206606,0.00044226644,-0.0,0.0,0.0
40.286,-0.00045753806,-0.00019120082,-0.0001685988,-0.0,-0.0,0.0
40.307,-0.00045753806,-0.00019120082,-0.0001685988,-0.0,-0.0,0.0
40.347,0.00015332719,-0.00080206606,0.0010531317,-0.0,-0.0,-0.0
40.387,0.00015332719,0.0004196644,0.0010531317,-0.0,-0.0,0.0
40.407,0.00015332719,-0.00019120082,0.0010531317,-0.0,-0.0,-0.0
40.448,-0.0010684034,-0.00080206606,0.0010531317,-0.0,0.0,0.0
40.486,0.0013750577,-0.00080206606,0.00044226644,-0.0,-0.0,-0.0
40.527,0.00015332719,-0.00019120082,0.00044226644,-2.5951746e-08,-2.0811147e-08,-6.002896e-08
40.546,-0.00045753806,-0.00019120082,0.00044226644,-0.0,0.0,0.0
40.585,0.00015332719,-0.00019120082,-0.0001685988,-0.0,-0.0,0.0
40.626,0.00076419243,0.0004196644,-0.0001685988,0.0,-0.0,0.0
40.645,0.00015332719,0.0022522602,-0.0001685988,0.0,-0.0,0.0
40.685,0.00015332719,0.0016413949,-0.0001685988,0.0,-0.0,0.0
40.727,-0.0010684034,-0.0014129314,-0.0001685988,-0.0,-0.0,0.0
40.747,0.00015332719,-0.00019120082,-0.0001685988,-0.0,-0.0,0.0
40.788,-0.00045753806,-0.00080206606,-0.0001685988,-0.0,-0.0,0.0
40.827,0.00015332719,0.0004196644,-0.0001685988,0.0,-0.0,0.0
40.847,0.00015332719,-0.00080206606,0.0010531317,-0.0,-0.0,-0.0
40.886,0.00015332719,-0.00080206606,-0.0001685988,-0.0,-0.0,0.0
40.928,-0.00045753806,-0.00080206606,0.00044226644,-0.0,0.0,0.0
40.948,-0.00045753806,0.0010305296,-0.0001685988,-0.0,0.0,0.0
40.987,-0.00045753806,0.0010305296,0.00044226644,0.0,-0.0,-0.0
41.026,0.00015332719,-0.0014129314,-0.0001685988,-0.0,-0.0,0.0
41.048,-0.00045753806,-0.00019120082,-0.0007794641,-0.0,-0.0,0.0
41.087,0.0013750577,0.0010305296,0.00044226644,-0.0,-0.0,0.0
41.127,0.00015332719,0.0004196644,0.00044226644,-0.0,-0.0,0.0
41.147,-0.0016792685,-0.00080206606,-0.0001685988,-0.0,-0.0,0.0
41.187,-0.00045753806,-0.00080206606,-0.0001685988,-0.0,-0.0,0.0
41.226,-0.00045753806,-0.0014129314,0.00044226644,-0.0,0.0,0.0
41.247,-0.0010684034,-0.0014129314,0.0010531317,-0.0,0.0,0.0
41.286,0.0013750577,-0.00080206606,-0.0001685988,-0.0,-0.0,0.0
41.328,-0.00045753806,0.0004196644,0.00044226644,0.0,-0.0,-0.0
41.366,-0.00045753806,-0.00080206606,0.0010531317,-0.0,0.0,0.0
41.388,0.00076419243,-0.00019120082,-0.0001685988,-0.0,-0.0,0.0
41.427,0.00076419243,0.0004196644,-0.0007794641,0.0,-0.0,0.0
41.468,0.0013750577,0.0016413949,0.0010531317,-0.0,-0.0,0.0
41.485,0.00076419243,0.0004196644,0.0010531317,-0.0,-0.0,0.0
41.528,-0.0010684034,0.0004196644,0.0010531317,0.0,-0.0,-0.0
41.566,-0.0010684034,-0.00019120082,0.00044226644,-0.0,0.0,0.0
41.585,-0.00045753806,0.0004196644,0.00044226644,0.0,-0.0,-0.0
41.626,0.00076419243,0.0004196644,0.00044226644,-0.0,-0.0,0.0
41.665,0.00076419243,-0.00019120082,-0.0007794641,-0.0,-0.0,0.0
41.686,-0.00045753806,0.0004196644,0.00044226644,0.0,-0.0,-0.0
41.726,0.00076419243,-0.00080206606,-0.0001685988,-0.0,-0.0,0.0
41.767,0.00015332719,-0.00019120082,0.00044226644,-0.0,-0.0,-0.0
41.787,-0.0010684034,-0.00019120082,0.00044226644,-0.0,0.0,0.0
41.829,0.00076419243,-0.00019120082,0.00044226644,-0.0,-0.0,-0.0
41.866,-0.00045753806,-0.00080206606,-0.0001685988,-2.0209559e-07,1.15285296e-07,4.248164e-08
41.885,-0.00045753806,-0.00019120082,-0.0001685988,-0.0,-0.0,0.0
41.926,-0.00045753806,0.0010305296,0.00044226644,0.0,-0.0,-0.0
41.965,-0.0016792685,-0.00080206606,-0.0001685988,-0.0,-0.0,0.0
41.986,-0.00045753806,-0.00019120082,0.0010531317,-0.0,0.0,0.0
42.026,0.00015332719,-0.00019120082,-0.0001685988,-0.0,-0.0,0.0
42.068,0.00076419243,-0.00019120082,0.00044226644,-0.0,-0.0,-0.0
42.087,0.00015332719,-0.00080206606,-0.0001685988,-0.0,-0.0,0.0
42.127,-0.0016792685,-0.0014129314,0.00044226644,-0.0,0.0,0.0
42.168,-0.00045753806,0.0004196644,0.00044226644,0.0,-0.0,-0.0
42.188,-0.0010684034,-0.00019120082,0.001663997,-0.0,0.0,0.0
42.232,0.0013750577,0.0010305296,-0.0001685988,0.0,-0.0,0.0
42.266,0.00015332719,-0.00080206606,-0.0001685988,-0.0,-0.0,0.0
42.306,-0.0010684034,-0.00080206606,0.00044226644,-0.0,0.0,0.0
42.327,-0.00045753806,0.0004196644,-0.0001685988,-0.0,0.0,0.0
42.367,-0.00045753806,-0.00080206606,0.00044226644,-0.0,0.0,0.0
42.407,0.00015332719,-0.00080206606,-0.0001685988,-1.795225e-07,-3.431847e-08,3.7736633e-08
42.427,0.00015332719,0.0004196644,0.00044226644,-0.0,-0.0,0.0
42.468,-0.0016792685,-0.00080206606,0.0010531317,-0.0,0.0,0.0
42.506,0.00015332719,0.0004196644,-0.0007794641,0.0,-0.0,0.0
42.528,0.0013750577,-0.00019120082,0.00044226644,-0.0,-0.0,-0.0
42.568,0.00076419243,0.0010305296,-0.0013903292,0.0,-0.0,0.0
42.605,0.00076419243,-0.00019120082,0.00044226644,-0.0,-0.0,-0.0
42.624,-0.00045753806,-0.00080206606,0.0010531317,-0.0,0.0,0.0
42.665,-0.00045753806,-0.00080206606,-0.0007794641,-0.0,-0.0,0.0
42.705,-0.00045753806,-0.00019120082,-0.0001685988,-0.0,-0.0,0.0
42.726,0.00076419243,-0.00080206606,0.00044226644,-0.0,-0.0,-0.0
42.766,0.00015332719,0.0004196644,-0.0007794641,0.0,-0.0,0.0
42.807,0.00076419243,0.0004196644,-0.0007794641,0.0,-0.0,0.0
42.827,0.00076419243,0.0010305296,-0.0007794641,0.0,-0.0,0.0
42.867,0.00015332719,-0.00019120082,-0.0001685988,-0.0,-0.0,0.0
42.907,-0.00045753806,-0.00080206606,0.00044226644,-0.0,0.0,0.0
42.927,-0.0010684034,-0.00019120082,0.00044226644,-0.0,0.0,0.0
42.967,0.00076419243,0.0004196644,-0.0001685988,0.0,-0.0,0.0
43.007,0.00015332719,0.0004196644,0.00044226644,-0.0,-0.0,0.0
43.045,0.00015332719,0.0010305296,-0.0001685988,0.0,-0.0,0.0
43.067,0.0013750577,0.0010305296,-0.0001685988,0.0,-0.0,0.0
43.106,0.00076419243,-0.00019120082,-0.0013903292,-0.0,-0.0,0.0
43.128,-0.00045753806,0.0010305296,0.0010531317,0.0,-0.0,-0.0
43.167,-0.00045753806,-0.00019120082,-0.0001685988,-0.0,-0.0,0.0
43.207,-0.0010684034,-0.00080206606,0.00044226644,-0.0,0.0,0.0
43.247,-0.0010684034,-0.00019120082,0.00044226644,-0.0,0.0,0.0
43.266,0.00015332719,0.0010305296,-0.0007794641,0.0,-0.0,0.0
43.308,-0.00045753806,-0.00019120082,-0.0001685988,-0.0,-0.0,0.0
43.347,0.00076419243,-0.00019120082,-0.0007794641,-0.0,-0.0,0.0
43.367,0.00015332719,0.0004196644,-0.0001685988,0.0,-0.0,0.0
43.411,-0.00045753806,0.0004196644,-0.0007794641,-0.0,0.0,0.0
43.445,-0.0010684034,-0.00080206606,-0.0001685988,-0.0,-0.0,0.0
43.467,-0.0010684034,-0.00080206606,0.00044226644,-0.0,0.0,0.0
43.507,0.00015332719,-0.00019120082,-0.0007794641,-0.0,-0.0,0.0
43.545,-0.0010684034,-0.0014129314,-0.0001685988,-0.0,-0.0,0.0
43.565,0.00076419243,0.0016413949,-0.0013903292,0.0,-0.0,0.0
43.605,0.00015332719,-0.00080206606,0.00044226644,-0.0,-0.0,-0.0
43.645,0.00015332719,-0.00019120082,-0.0001685988,-0.0,-0.0,0.0
43.666,0.00015332719,-0.00080206606,0.00044226644,-0.0,-0.0,-0.0
43.705,-0.0010684034,0.0010305296,0.00044226644,0.0,-0.0,-0.0
43.746,0.00015332719,0.0004196644,-0.0001685988,5.379722e-08,-1.9655173e-08,2.1612857e-08
43.787,-0.0010684034,-0.00019120082,0.0010531317,-0.0,0.0,0.0
43.807,0.00015332719,-0.00080206606,0.00044226644,-0.0,-0.0,-0.0
43.848,0.00076419243,0.0016413949,0.00044226644,-0.0,-0.0,0.0
43.889,-0.0010684034,-0.00080206606,-0.0001685988,-0.0,-0.0,0.0
43.907,-0.0010684034,-0.0014129314,-0.0007794641,-0.0,-0.0,0.0
43.947,0.00015332719,-0.00019120082,-0.0001685988,-0.0,-0.0,0.0
43.989,-0.00045753806,0.0004196644,-0.0007794641,-0.0,0.0,0.0
44.005,0.00015332719,-0.00019120082,-0.0001685988,-0.0,-0.0,0.0
44.052,0.00076419243,0.0004196644,-0.0001685988,0.0,-0.0,0.0
44.087,0.00015332719,-0.00019120082,0.00044226644,-0.0,-0.0,-0.0
44.107,0.00015332719,0.0004196644,-0.0001685988,0.0,-0.0,0.0
44.147,-0.00045753806,0.0004196644,-0.0007794641,-0.0,0.0,0.0
44.187,-0.00045753806,-0.00019120082,-0.0007794641,-0.0,-0.0,0.0
44.209,0.00015332719,-0.00019120082,0.0010531317,-0.0,-0.0,-0.0
44.247,-0.0010684034,-0.00019120082,-0.0001685988,-0.0,-0.0,0.0
44.286,-0.0010684034,0.0010305296,-0.0001685988,4.1327382e-07,4.2846239e-07,6.7613186e-08
44.307,-0.00045753806,0.0016413949,-0.0001685988,-0.0,0.0,0.0
44.347,0.0013750577,0.0004196644,-0.0001685988,0.0,-0.0,0.0
44.388,0.00015332719,-0.00080206606,-0.0001685988,-0.0,-0.0,0.0
44.407,-0.0010684034,-0.00080206606,0.00044226644,-0.0,0.0,0.0
44.448,-0.00045753806,0.0016413949,-0.0001685988,-0.0,0.0,0.0
44.486,-0.0010684034,-0.0014129314,-0.0007794641,-0.0,-0.0,0.0
44.506,0.00015332719,-0.00019120082,0.00044226644,-0.0,-0.0,-0.0
44.546,0.00076419243,0.0004196644,0.00044226644,-0.0,-0.0,0.0
44.584,-0.0010684034,-0.00019120082,-0.0001685988,-0.0,-0.0,0.0
44.626,0.00076419243,-0.00019120082,0.00044226644,-0.0,-0.0,-0.0
44.645,0.0013750577,-0.00080206606,0.00044226644,-0.0,-0.0,-0.0
44.685,-0.00045753806,-0.00019120082,0.00044226644,-0.0,0.0,0.0
44.726,0.002596788,-0.00019120082,-0.0001685988,-0.0,-0.0,0.0
44.746,-0.0010684034,-0.00080206606,0.0010531317,-0.0,0.0,0.0
44.785,-0.00045753806,-0.0014129314,-0.0001685988,-0.0,-0.0,0.0
44.825,0.0013750577,0.0010305296,-0.0001685988,4.776348e-07,-6.373183e-07,7.8143124e-08
44.846,0.00015332719,-0.0014129314,-0.0007794641,-0.0,-0.0,0.0
44.885,-0.00045753806,0.0004196644,0.0010531317,0.0,-0.0,-0.0
44.926,-0.0010684034,-0.00080206606,-0.0001685988,-0.0,-0.0,0.0
44.945,0.00076419243,-0.00019120082,-0.0001685988,-0.0,-0.0,0.0
44.986,-0.00045753806,-0.00080206606,0.00044226644,-0.0,0.0,0.0
45.026,0.00015332719,0.0004196644,-0.0001685988,0.0,-0.0,0.0
45.047,0.00015332719,-0.00019120082,-0.0007794641,-0.0,-0.0,0.0
45.086,-0.00045753806,0.0010305296,0.00044226644,0.0,-0.0,-0.0
45.126,-0.0010231993,-0.00012767084,0.00040378192,-0.0,0.0,0.0
45.150,-0.00041233405,0.00048319442,0.00040378192,0.0,-0.0,-0.0
45.185,0.0014202617,0.00048319442,0.00040378192,-0.0,-0.0,0.0
45.227,0.00019853121,0.00048319442,0.00040378192,-0.0,-0.0,0.0
45.246,-0.0010231993,0.0010940597,0.0010146471,0.0,-0.0,-0.0
45.287,0.00080939644,-0.0013494013,-0.00020708331,-0.0,-0.0,0.0
45.327,-0.00041233405,-0.00012767084,0.00040378192,-0.0,0.0,0.0
45.348,-0.0010231993,-0.00073853607,0.00040378192,-0.0,0.0,0.0
45.387,-0.0010231993,-0.0025711318,0.00040378192,-0.0,0.0,0.0
45.426,0.0014202617,0.0010940597,-0.0008179486,0.0,-0.0,0.0
45.468,0.00019853121,-0.00073853607,-0.00020708331,-0.0,-0.0,0.0
45.485,-0.00041233405,-0.00012767084,-0.00020708331,-0.0,-0.0,0.0
45.525,-0.0010231993,-0.00012767084,0.00040378192,-0.0,0.0,0.0
45.564,0.00019853121,-0.00073853607,0.00040378192,-0.0,-0.0,-0.0
45.584,-0.00041233405,-0.0013494013,-0.00020708331,-0.0,-0.0,0.0
45.625,0.00080939644,0.00048319442,0.00040378192,1.3301332e-07,-2.2280994e-07,-1.1115271e-07
45.666,-0.0010231993,-0.00012767084,-0.00020708331,-0.0,-0.0,0.0
45.684,-0.00041233405,-0.00012767084,0.00040378192,-0.0,0.0,0.0
45.726,0.00080939644,0.0010940597,0.00040378192,-0.0,-0.0,0.0
45.765,-0.00041233405,-0.00012767084,-0.00020708331,-0.0,-0.0,0.0
45.787,0.00019853121,-0.0013494013,-0.0014288138,-0.0,-0.0,0.0
45.826,0.00019853121,0.0010940597,-0.0008179486,0.0,-0.0,0.0
45.865,0.00019853121,0.00048319442,0.0010146471,-0.0,-0.0,0.0
45.887,-0.0010231993,-0.00073853607,0.00040378192,-0.0,0.0,0.0
45.924,-0.00041233405,-0.00073853607,-0.0008179486,-0.0,-0.0,0.0
45.964,0.00080939644,0.00048319442,-0.0008179486,0.0,-0.0,0.0
45.985,0.00019853121,-0.0013494013,0.00040378192,-0.0,-0.0,-0.0
46.025,-0.0016340646,-0.00012767084,0.00040378192,-0.0,0.0,0.0
46.065,0.00019853121,0.00048319442,0.00040378192,-0.0,-0.0,0.0
46.086,0.00019853121,0.0010940597,0.00040378192,-0.0,-0.0,0.0
46.126,0.00080939644,-0.00012767084,0.00040378192,-0.0,-0.0,-0.0
46.165,0.00019853121,-0.00012767084,0.00040378192,-1.6029128e-08,-2.492568e-08,-5.0694993e-08
46.187,0.00019853121,-0.0013494013,0.00040378192,-0.0,-0.0,-0.0
46.225,0.00080939644,-0.00073853607,-0.00020708331,-0.0,-0.0,0.0
46.265,-0.00041233405,0.00048319442,-0.00020708331,-0.0,0.0,0.0
46.287,-0.00041233405,-0.00012767084,0.00040378192,-0.0,0.0,0.0
46.327,-0.0022449298,-0.00012767084,0.00040378192,-0.0,0.0,0.0
46.367,0.00080939644,0.0010940597,-0.00020708331,0.0,-0.0,0.0
46.407,-0.00041233405,0.0010940597,0.0010146471,0.0,-0.0,-0.0
46.427,0.00080939644,0.0010940597,-0.0008179486,0.0,-0.0,0.0
46.467,-0.00041233405,-0.0013494013,-0.00020708331,-0.0,-0.0,0.0
46.507,0.00019853121,-0.0013494013,-0.00020708331,-0.0,-0.0,0.0
46.527,0.00080939644,-0.00073853607,-0.00020708331,-0.0,-0.0,0.0
46.565,0.00080939644,0.00048319442,0.00040378192,-0.0,-0.0,0.0
46.606,0.00019853121,0.00048319442,0.00040378192,-0.0,-0.0,0.0
46.625,-0.00041233405,-0.00012767084,0.00040378192,-0.0,0.0,0.0
46.665,-0.00041233405,-0.00073853607,-0.0008179486,-0.0,-0.0,0.0
46.704,0.00019853121,-0.00012767084,-0.00020708331,-1.0761321e-08,-1.6734111e-08,1.7454965e-08
46.727,0.00080939644,0.00048319442,-0.00020708331,0.0,-0.0,0.0
46.766,0.0014202617,-0.00073853607,-0.0008179486,-0.0,-0.0,0.0
46.811,-0.00041233405,-0.00073853607,-0.0008179486,-0.0,-0.0,0.0
46.829,-0.00041233405,-0.00073853607,-0.00020708331,-0.0,-0.0,0.0
46.866,0.002031127,0.00048319442,0.00040378192,-0.0,-0.0,0.0
46.905,-0.0016340646,-0.00012767084,0.0010146471,-0.0,0.0,0.0
46.944,0.00080939644,-0.00012767084,-0.00020708331,-0.0,-0.0,0.0
46.966,0.0014202617,-0.00073853607,-0.00020708331,-0.0,-0.0,0.0
47.004,0.00019853121,-0.00012767084,-0.00020708331,-0.0,-0.0,0.0
47.026,0.00019853121,0.00048319442,-0.00020708331,0.0,-0.0,0.0
47.066,0.00019853121,-0.00012767084,0.00040378192,-0.0,-0.0,-0.0
47.106,-0.0010231993,-0.00073853607,-0.00020708331,-0.0,-0.0,0.0
47.127,0.00080939644,-0.00012767084,0.00040378192,-0.0,-0.0,-0.0
47.166,-0.00041233405,-0.00012767084,0.00040378192,-0.0,0.0,0.0
47.207,-0.0016340646,-0.00012767084,-0.0008179486,-0.0,-0.0,0.0
47.228,-0.00041233405,-0.00012767084,0.00040378192,-0.0,0.0,0.0
47.268,-0.00041233405,0.00048319442,0.00040378192,0.0,-0.0,-0.0
47.306,0.00019853121,-0.00012767084,-0.00020708331,-0.0,-0.0,0.0
47.346,0.00019853121,-0.00012767084,-0.0008179486,-0.0,-0.0,0.0
47.367,0.00080939644,0.00048319442,0.0010146471,-0.0,-0.0,0.0
47.406,0.00019853121,0.0010940597,0.00040378192,-0.0,-0.0,0.0
47.445,-0.00041233405,-0.0019602666,0.00040378192,-0.0,0.0,0.0
47.466,-0.0010231993,-0.00012767084,-0.00020708331,-0.0,-0.0,0.0
47.506,0.00080939644,0.00048319442,0.00040378192,1.3301332e-07,-2.2280994e-07,-1.1115271e-07
47.545,0.00019853121,-0.00073853607,0.00040378192,-0.0,-0.0,-0.0
47.565,0.0014202617,-0.00012767084,-0.0014288138,-0.0,-0.0,0.0
47.604,-0.0010231993,0.00048319442,-0.00020708331,-0.0,0.0,0.0
47.645,0.00019853121,-0.00073853607,-0.0008179486,-0.0,-0.0,0.0
47.665,-0.0010231993,0.0010940597,0.00040378192,0.0,-0.0,-0.0
47.704,0.00019853121,-0.00012767084,-0.00020708331,-0.0,-0.0,0.0
47.745,0.00019853121,-0.00073853607,0.00040378192,-0.0,-0.0,-0.0
47.767,0.00019853121,0.00048319442,-0.00020708331,0.0,-0.0,0.0
47.807,0.00080939644,0.001704925,-0.00020708331,0.0,-0.0,0.0
47.847,-0.00041233405,-0.00073853607,-0.0008179486,-0.0,-0.0,0.0
47.866,0.00080939644,-0.00073853607,-0.00020708331,-0.0,-0.0,0.0
47.906,-0.00041233405,-0.00073853607,0.00040378192,-0.0,0.0,0.0
47.946,0.00019853121,-0.00012767084,0.00040378192,-0.0,-0.0,-0.0
47.987,0.00080939644,0.00048319442,-0.0008179486,0.0,-0.0,0.0
48.006,0.00019853121,-0.00073853607,0.00040378192,-0.0,-0.0,-0.0
48.047,-0.00041233405,-0.00012767084,0.00040378192,-2.0256644e-08,6.5422185e-08,-6.4065276e-08
48.085,0.00019853121,0.00048319442,-0.0014288138,0.0,-0.0,0.0
48.105,-0.00041233405,-0.00012767084,-0.00020708331,-0.0,-0.0,0.0
48.147,0.00019853121,-0.00012767084,-0.00020708331,-0.0,-0.0,0.0
48.168,-0.00041233405,0.00048319442,-0.00020708331,-0.0,0.0,0.0
48.206,-0.00041233405,-0.00012767084,0.00040378192,-0.0,0.0,0.0
48.247,0.00080939644,-0.00012767084,0.00040378192,-0.0,-0.0,-0.0
48.286,-0.00041233405,-0.00012767084,0.00040378192,-0.0,0.0,0.0
48.304,-0.0010231993,-0.00073853607,-0.0008179486,-0.0,-0.0,0.0
48.345,-0.00041233405,-0.00012767084,0.0016255124,-0.0,0.0,0.0
48.392,0.00080939644,-0.00012767084,0.00040378192,-0.0,-0.0,-0.0
48.405,-0.00041233405,-0.00073853607,-0.0008179486,-0.0,-0.0,0.0
48.444,-0.00041233405,0.00048319442,-0.0008179486,-0.0,0.0,0.0
48.485,-0.00041233405,0.00048319442,0.00040378192,0.0,-0.0,-0.0
48.508,0.00019853121,0.00048319442,-0.00020708331,0.0,-0.0,0.0
48.544,0.00080939644,0.00048319442,0.00040378192,-0.0,-0.0,0.0
48.584,0.00080939644,-0.00012767084,-0.0008179486,-3.9678802e-08,-2.5155242e-07,2.5421033e-07
48.625,0.00080939644,0.00048319442,-0.00020708331,0.0,-0.0,0.0
48.645,-0.00041233405,-0.00012767084,0.00040378192,-0.0,0.0,0.0
48.685,0.00080939644,-0.00012767084,0.0016255124,-0.0,-0.0,-0.0
48.706,0.00019853121,-0.00012767084,0.0010146471,-0.0,-0.0,-0.0
48.747,-0.0010231993,0.00048319442,0.00040378192,0.0,-0.0,-0.0
48.785,-0.00041233405,-0.00012767084,-0.00020708331,-0.0,-0.0,0.0
48.826,-0.00041233405,-0.00012767084,0.00040378192,-0.0,0.0,0.0
48.846,0.00019853121,-0.0013494013,0.0010146471,-6.1576554e-07,-9.059462e-08,-4.6300886e-07
48.887,-0.0010231993,-0.00012767084,-0.0008179486,-0.0,-0.0,0.0
48.926,0.00019853121,0.00048319442,-0.00020708331,0.0,-0.0,0.0
48.947,0.00019853121,0.0010940597,0.00040378192,-0.0,-0.0,0.0
48.987,0.00080939644,-0.00012767084,-0.00020708331,-0.0,-0.0,0.0
49.027,-0.0010231993,-0.00073853607,0.00040378192,-0.0,0.0,0.0
49.046,-0.00041233405,-0.00012767084,0.00040378192,-0.0,0.0,0.0
49.088,0.00080939644,0.00048319442,-0.0014288138,0.0,-0.0,0.0
49.126,-0.00041233405,-0.00012767084,0.00040378192,-2.0256644e-08,6.5422185e-08,-6.4065276e-08
49.146,-0.00041233405,0.00048319442,0.00040378192,0.0,-0.0,-0.0
49.186,-0.0010158689,-0.00072204275,0.0003848451,-0.0,0.0,0.0
49.226,-0.00040500367,0.00049968774,-0.00022602014,-0.0,0.0,0.0
49.247,-0.00040500367,-0.000111177476,-0.0008368854,-0.0,-0.0,0.0
49.286,-0.00040500367,-0.0019437731,0.0003848451,-0.0,0.0,0.0
49.327,0.00020586158,0.00049968774,-0.0008368854,0.0,-0.0,0.0
49.347,0.0008167268,-0.000111177476,-0.00022602014,-0.0,-0.0,0.0
49.387,0.0008167268,-0.000111177476,-0.00022602014,-2.5507223e-08,-1.8738002e-07,5.1855352e-08
49.428,0.00020586158,-0.000111177476,0.0003848451,-0.0,-0.0,-0.0
49.447,0.00020586158,-0.000111177476,0.0003848451,-0.0,-0.0,-0.0
49.486,0.0008167268,0.00049968774,-0.00022602014,0.0,-0.0,0.0
49.525,-0.0010158689,-0.0019437731,-0.0008368854,-0.0,-0.0,0.0
49.565,0.0008167268,-0.000111177476,-0.0008368854,-0.0,-0.0,0.0
49.584,0.0008167268,-0.000111177476,0.0003848451,-0.0,-0.0,-0.0
49.624,-0.00040500367,-0.000111177476,0.0003848451,-0.0,0.0,0.0
49.665,-0.00040500367,-0.000111177476,0.0003848451,-1.7000435e-08,6.1930166e-08,-5.8847665e-08
49.684,-0.0010158689,-0.00072204275,0.0009957104,-0.0,0.0,0.0
49.724,0.0008167268,0.001110553,-0.00022602014,0.0,-0.0,0.0
49.765,0.0008167268,-0.000111177476,0.0003848451,-0.0,-0.0,-0.0
49.786,-0.0010158689,-0.0013329079,0.0016065756,-0.0,0.0,0.0
49.826,0.0008167268,0.00049968774,-0.00022602014,0.0,-0.0,0.0
49.866,-0.00040500367,-0.00072204275,-0.0008368854,-0.0,-0.0,0.0
49.886,0.0008167268,0.001110553,-0.00022602014,0.0,-0.0,0.0
49.927,0.00020586158,-0.00072204275,-0.0008368854,-2.1791836e-07,-6.2130724e-08,2.5257881e-07
49.967,0.00020586158,-0.000111177476,-0.00022602014,-0.0,-0.0,0.0
49.987,0.00020586158,0.00049968774,-0.00022602014,0.0,-0.0,0.0
50.027,-0.00040500367,-0.000111177476,-0.00022602014,-0.0,-0.0,0.0
50.066,0.001427592,-0.00072204275,-0.00022602014,-0.0,-0.0,0.0
50.087,0.00020586158,-0.000111177476,-0.00022602014,-0.0,-0.0,0.0
50.127,-0.00040500367,-0.0013329079,0.0003848451,-0.0,0.0,0.0
50.165,0.0008167268,0.001110553,0.0003848451,-0.0,-0.0,0.0
50.184,-0.0010158689,-0.000111177476,0.0003848451,-0.0,0.0,0.0
50.228,0.001427592,0.00049968774,-0.0008368854,0.0,-0.0,0.0
50.267,0.00020586158,-0.00072204275,-0.0008368854,-0.0,-0.0,0.0
50.286,-0.00040500367,0.001110553,-0.00022602014,-0.0,0.0,0.0
50.326,0.0008167268,0.00049968774,-0.00022602014,0.0,-0.0,0.0
50.366,0.00020586158,0.00049968774,0.0003848451,-0.0,-0.0,0.0
50.386,0.00020586158,0.00049968774,0.0003848451,-0.0,-0.0,0.0
50.427,0.00020586158,-0.000111177476,-0.00022602014,-0.0,-0.0,0.0
50.467,0.0008167268,-0.00072204275,-0.00022602014,-2.1578505e-07,-2.4408175e-07,6.75469e-08
50.512,0.00020586158,0.00049968774,0.0003848451,-0.0,-0.0,0.0
50.528,0.0008167268,-0.000111177476,0.0003848451,-0.0,-0.0,-0.0
50.564,-0.0010158689,-0.00072204275,0.0009957104,-0.0,0.0,0.0
50.605,-0.00040500367,0.00049968774,0.0003848451,0.0,-0.0,-0.0
50.624,-0.00040500367,-0.0013329079,0.0003848451,-0.0,0.0,0.0
50.664,-0.00040500367,-0.00072204275,0.0003848451,-0.0,0.0,0.0
50.704,0.001427592,-0.00072204275,0.0003848451,-0.0,-0.0,-0.0
50.725,0.00020586158,0.00049968774,0.0003848451,8.899181e-08,-3.666289e-08,-6.853893e-08
50.766,0.00020586158,-0.000111177476,-0.00022602014,-0.0,-0.0,0.0
50.807,-0.00040500367,-0.000111177476,-0.0008368854,-0.0,-0.0,0.0
50.825,0.00020586158,0.00049968774,-0.00022602014,0.0,-0.0,0.0
50.867,0.00020586158,-0.0019437731,-0.00022602014,-0.0,-0.0,0.0
50.905,-0.00040500367,-0.00072204275,-0.00022602014,-0.0,-0.0,0.0
50.925,0.0008167268,-0.000111177476,0.0003848451,-0.0,-0.0,-0.0
50.964,-0.00040500367,0.00049968774,-0.00022602014,-0.0,0.0,0.0
51.004,0.0008167268,0.00049968774,-0.0008368854,1.7057216e-07,-2.7879574e-07,2.856771e-07
51.024,0.001427592,-0.000111177476,-0.00022602014,-0.0,-0.0,0.0
51.066,0.0008167268,-0.000111177476,-0.0008368854,-0.0,-0.0,0.0
51.107,0.0008167268,0.00049968774,0.0003848451,-0.0,-0.0,0.0
51.146,0.00020586158,-0.000111177476,-0.00022602014,-0.0,-0.0,0.0
51.166,0.0008167268,0.00049968774,-0.00022602014,0.0,-0.0,0.0
51.206,0.0008167268,-0.0013329079,-0.00022602014,-0.0,-0.0,0.0
51.227,0.001427592,0.00049968774,-0.00022602014,0.0,-0.0,0.0
51.266,0.00020586158,0.00049968774,0.0003848451,8.899181e-08,-3.666289e-08,-6.853893e-08
51.305,0.001427592,0.001110553,-0.00022602014,0.0,-0.0,0.0
51.346,0.0008167268,-0.000111177476,-0.0008368854,-0.0,-0.0,0.0
51.367,-0.0010158689,-0.000111177476,-0.0008368854,-0.0,-0.0,0.0
51.406,0.0008167268,0.00049968774,-0.00022602014,0.0,-0.0,0.0
51.446,-0.0010158689,0.00049968774,0.0003848451,0.0,-0.0,-0.0
51.466,0.00020586158,0.001110553,0.0003848451,-0.0,-0.0,0.0
51.505,-0.00040500367,-0.00072204275,-0.0008368854,-0.0,-0.0,0.0
51.545,0.00020586158,-0.00072204275,-0.00022602014,-1.5197537e-07,-4.3329692e-08,4.7572655e-08
51.563,0.0008167268,0.00049968774,-0.00022602014,0.0,-0.0,0.0
51.604,0.0008167268,0.00049968774,-0.00022602014,0.0,-0.0,0.0
51.643,-0.00040500367,-0.000111177476,0.0003848451,-0.0,0.0,0.0
51.664,0.0008167268,-0.00072204275,-0.00022602014,-0.0,-0.0,0.0
51.706,0.00020586158,-0.000111177476,-0.00022602014,-0.0,-0.0,0.0
51.746,0.0008167268,-0.000111177476,0.0003848451,-0.0,-0.0,-0.0
51.766,0.00020586158,0.00049968774,-0.00022602014,0.0,-0.0,0.0
51.804,-0.00040500367,0.00049968774,-0.0008368854,1.4157914e-07,1.1475183e-07,2.3711912e-07
51.845,0.0008167268,-0.000111177476,-0.00022602014,-0.0,-0.0,0.0
51.865,-0.00040500367,-0.00072204275,-0.00022602014,-0.0,-0.0,0.0
51.903,0.0020384574,0.001110553,0.0003848451,-0.0,-0.0,0.0
51.944,0.00020586158,-0.000111177476,-0.00022602014,-0.0,-0.0,0.0
51.987,0.0008167268,-0.000111177476,-0.00022602014,-0.0,-0.0,0.0
52.006,-0.0010158689,-0.000111177476,-0.0014477507,-0.0,-0.0,0.0
52.046,-0.0010158689,0.001110553,-0.00022602014,-0.0,0.0,0.0
52.084,-0.00040500367,-0.000111177476,-0.00022602014,-1.423384e-08,5.1851845e-08,2.8936926e-08
52.104,-0.00040500367,-0.000111177476,-0.00022602014,-0.0,-0.0,0.0
52.146,0.0008167268,-0.000111177476,-0.00022602014,-0.0,-0.0,0.0
52.186,0.00020586158,0.00049968774,0.0003848451,-0.0,-0.0,0.0
52.206,0.0008167268,-0.000111177476,0.0003848451,-0.0,-0.0,-0.0
52.253,0.001427592,-0.000111177476,-0.0008368854,-0.0,-0.0,0.0
52.285,0.00020586158,-0.0013329079,-0.00022602014,-0.0,-0.0,0.0
52.306,0.0008167268,0.00049968774,0.0003848451,-0.0,-0.0,0.0
52.345,0.001427592,-0.000111177476,0.0009957104,-5.205047e-08,-6.683603e-07,-4.6616492e-07
52.386,-0.0016267342,0.00049968774,-0.0008368854,-0.0,0.0,0.0
52.406,0.001427592,0.001110553,0.0003848451,-0.0,-0.0,0.0
52.445,0.0008167268,0.00049968774,0.0003848451,-0.0,-0.0,0.0
52.485,0.00020586158,-0.000111177476,-0.00022602014,-0.0,-0.0,0.0
52.505,0.0008167268,0.001110553,-0.0014477507,0.0,-0.0,0.0
52.546,0.0008167268,-0.000111177476,0.0003848451,-0.0,-0.0,-0.0
52.583,0.00020586158,0.00049968774,-0.0008368854,0.0,-0.0,0.0
52.604,-0.0010158689,-0.000111177476,0.0003848451,-3.258949e-08,2.9778212e-07,-1.1280983e-07
52.643,-0.00040500367,-0.00072204275,0.0009957104,-0.0,0.0,0.0
52.683,0.0008167268,0.00049968774,-0.00022602014,0.0,-0.0,0.0
52.704,-0.00040500367,-0.000111177476,-0.0008368854,-0.0,-0.0,0.0
52.744,0.00020586158,0.00049968774,-0.00022602014,0.0,-0.0,0.0
52.785,-0.0010158689,-0.0013329079,0.0003848451,-0.0,0.0,0.0
52.825,0.00020586158,0.00049968774,-0.0008368854,0.0,-0.0,0.0
52.845,0.00020586158,-0.000111177476,-0.00022602014,-0.0,-0.0,0.0
52.884,-0.00040500367,-0.000111177476,0.0003848451,-1.7000435e-08,6.1930166e-08,-5.8847665e-08
52.926,0.00020586158,-0.000111177476,-0.00022602014,-0.0,-0.0,0.0
52.946,0.001427592,0.001110553,0.0003848451,-0.0,-0.0,0.0
52.985,-0.0010158689,-0.000111177476,-0.0008368854,-0.0,-0.0,0.0
53.026,-0.00040500367,0.00049968774,-0.0008368854,-0.0,0.0,0.0
53.045,-0.00040500367,-0.000111177476,0.0016065756,-0.0,0.0,0.0
53.086,0.0008167268,-0.000111177476,0.0003848451,-0.0,-0.0,-0.0
53.108,0.00020586158,-0.000111177476,0.0003848451,-0.0,-0.0,-0.0
53.144,0.0008167268,0.00049968774,-0.00022602014,1.3195773e-07,-2.1568154e-07,5.96875e-08
53.185,0.00020586158,-0.00072204275,0.0009957104,-0.0,-0.0,-0.0
53.226,-0.00040500367,-0.000111177476,0.0003848451,-0.0,0.0,0.0
53.245,0.0008167268,-0.0013329079,-0.00022602014,-0.0,-0.0,0.0
53.286,0.00072387536,0.0011264355,0.0010213667,-0.0,-0.0,0.0
53.326,-0.0011087204,0.0005155703,-0.0002003638,-0.0,0.0,0.0
53.346,0.00011301007,0.0011264355,-0.0002003638,0.0,-0.0,0.0
53.387,0.0019456057,0.0005155703,-0.0002003638,0.0,-0.0,0.0
53.426,0.0013347405,-9.529498e-05,-0.0002003638,-3.4611887e-08,-4.8478853e-07,7.277374e-08
53.446,-0.002330451,-0.0019278907,0.0010213667,-0.0,0.0,0.0
53.484,-0.0011087204,0.0005155703,0.00041050144,0.0,-0.0,-0.0
53.525,-0.0004978552,0.0005155703,-0.0002003638,-0.0,0.0,0.0
53.546,0.00072387536,-9.529498e-05,0.00041050144,-0.0,-0.0,-0.0
53.584,-0.0011087204,0.0005155703,-0.0002003638,-0.0,0.0,0.0
53.624,-0.0004978552,0.0011264355,-0.0002003638,-0.0,0.0,0.0
53.663,0.00072387536,-0.00070616027,-0.0002003638,-0.0,-0.0,0.0
53.684,-0.0011087204,-9.529498e-05,0.00041050144,-3.0341287e-08,3.5300945e-07,-1.3070103e-07
53.724,0.00072387536,-0.0013170254,0.00041050144,-0.0,-0.0,-0.0
53.746,-0.0004978552,0.0005155703,-0.00081122905,-0.0,0.0,0.0
53.785,0.00011301007,-9.529498e-05,0.00041050144,-0.0,-0.0,-0.0
53.825,-0.0004978552,-9.529498e-05,0.00041050144,-0.0,0.0,0.0
53.866,0.00072387536,-9.529498e-05,0.0010213667,-0.0,-0.0,-0.0
53.886,0.00011301007,0.0005155703,0.00041050144,-0.0,-0.0,0.0
53.925,-0.0004978552,-9.529498e-05,0.00041050144,-0.0,0.0,0.0
53.966,-0.0004978552,-9.529498e-05,-0.0002003638,-1.3942845e-08,7.2842425e-08,2.9315723e-08
53.986,-0.0004978552,0.0005155703,0.00041050144,0.0,-0.0,-0.0
54.026,0.00072387536,-0.00070616027,0.00041050144,-0.0,-0.0,-0.0
54.066,-0.0004978552,0.0005155703,-0.00081122905,-0.0,0.0,0.0
54.086,0.00011301007,0.0005155703,0.00041050144,-0.0,-0.0,0.0
54.124,0.00011301007,-9.529498e-05,-0.0002003638,-0.0,-0.0,0.0
54.151,0.00072387536,-0.00070616027,-0.00081122905,-0.0,-0.0,0.0
54.186,0.0013347405,-0.0013170254,-0.0002003638,-0.0,-0.0,0.0
54.226,-0.0004978552,0.0011264355,0.00041050144,3.925324e-07,1.7348908e-07,-1.4304872e-07
54.266,-0.0011087204,-0.00070616027,-0.00081122905,-0.0,-0.0,0.0
54.285,-0.0011087204,-0.00070616027,-0.0002003638,-0.0,-0.0,0.0
54.325,0.00011301007,-9.529498e-05,-0.00081122905,-0.0,-0.0,0.0
54.367,-0.0004978552,0.0005155703,0.00041050144,0.0,-0.0,-0.0
54.387,-0.0004978552,-0.0013170254,-0.0002003638,-0.0,-0.0,0.0
54.427,0.00072387536,0.0005155703,-0.00081122905,0.0,-0.0,0.0
54.467,0.00011301007,0.0011264355,-0.0002003638,0.0,-0.0,0.0
54.485,0.00072387536,-9.529498e-05,0.00041050144,-2.1426494e-08,-1.6275891e-07,-9.229871e-08
54.527,0.00011301007,0.0005155703,-0.00081122905,0.0,-0.0,0.0
54.564,-0.0011087204,-0.00070616027,-0.0002003638,-0.0,-0.0,0.0
54.604,0.00072387536,0.0011264355,-0.0002003638,0.0,-0.0,0.0
54.625,-0.0004978552,-0.00070616027,-0.0002003638,-0.0,-0.0,0.0
54.664,-0.0004978552,-0.00070616027,0.00041050144,-0.0,0.0,0.0
54.706,0.00011301007,0.0005155703,-0.0002003638,0.0,-0.0,0.0
54.726,0.00011301007,0.0005155703,-0.00081122905,0.0,-0.0,0.0
54.767,-0.0011087204,0.0005155703,-0.0002003638,1.7147978e-07,3.6876284e-07,6.6641405e-08
54.807,-0.0011087204,0.0005155703,-0.0002003638,-0.0,0.0,0.0
54.830,0.00011301007,-0.00070616027,0.00041050144,-0.0,-0.0,-0.0
54.866,0.0013347405,0.0011264355,-0.00081122905,0.0,-0.0,0.0
54.907,-0.0004978552,0.0005155703,-0.0002003638,-0.0,0.0,0.0
54.925,-0.0011087204,-0.00070616027,0.00041050144,-0.0,0.0,0.0
54.967,0.00011301007,0.0011264355,0.00041050144,-0.0,-0.0,0.0
55.006,0.00011301007,-0.00070616027,0.00041050144,-0.0,-0.0,-0.0
55.025,0.00011301007,-9.529498e-05,0.00041050144,-1.1160974e-08,-1.3235771e-08,-4.8078043e-08
55.067,-0.0011087204,-0.00070616027,-0.0002003638,-0.0,-0.0,0.0
55.106,-0.0011087204,-0.00070616027,0.00041050144,-0.0,0.0,0.0
55.126,0.00011301007,0.0011264355,-0.0002003638,0.0,-0.0,0.0
55.167,0.0013347405,0.0005155703,-0.0002003638,0.0,-0.0,0.0
55.205,-0.0004978552,-0.00070616027,0.001632232,-0.0,0.0,0.0
55.225,0.00011301007,-0.00070616027,0.0010213667,-0.0,-0.0,-0.0
55.267,0.00072387536,0.0005155703,0.00041050144,-0.0,-0.0,0.0
55.307,0.00072387536,0.0017373008,-0.0002003638,8.8267166e-07,-3.6777982e-07,1.0179914e-07
55.325,0.00011301007,-9.529498e-05,-0.0002003638,-0.0,-0.0,0.0
55.367,0.00011301007,0.0011264355,0.00041050144,-0.0,-0.0,0.0
55.407,-0.0004978552,0.0005155703,-0.00081122905,-0.0,0.0,0.0
55.427,-0.0004978552,-9.529498e-05,-0.00081122905,-0.0,-0.0,0.0
55.467,-0.0004978552,0.0005155703,-0.0002003638,-0.0,0.0,0.0
55.505,-0.0017195856,-0.00070616027,0.0010213667,-0.0,0.0,0.0
55.545,0.00011301007,-9.529498e-05,0.00041050144,-0.0,-0.0,-0.0
55.564,0.00072387536,0.0005155703,-0.0002003638,1.2608247e-07,-1.7702338e-07,4.899888e-08
55.605,0.00072387536,0.0005155703,-0.00081122905,0.0,-0.0,0.0
55.644,0.00072387536,0.0011264355,-0.0002003638,0.0,-0.0,0.0
55.665,-0.0004978552,-9.529498e-05,0.00041050144,-0.0,0.0,0.0
55.704,0.00011301007,0.0005155703,0.0010213667,-0.0,-0.0,0.0
55.746,0.00011301007,-9.529498e-05,-0.0002003638,-0.0,-0.0,0.0
55.766,0.00011301007,-9.529498e-05,-0.0002003638,-0.0,-0.0,0.0
55.807,-0.0004978552,-0.00070616027,0.00041050144,-0.0,0.0,0.0
55.849,-0.0011087204,0.0005155703,0.00041050144,0.0,-0.0,-0.0
55.867,-0.0004978552,-0.00070616027,0.00041050144,-0.0,0.0,0.0
55.908,-0.0017195856,-0.00070616027,0.00041050144,-0.0,0.0,0.0
55.947,0.00072387536,-9.529498e-05,-0.00081122905,-0.0,-0.0,0.0
55.967,0.00011301007,0.0005155703,-0.00081122905,0.0,-0.0,0.0
56.006,-0.0017195856,-0.0013170254,0.00041050144,-0.0,0.0,0.0
56.046,0.00011301007,-0.0013170254,0.0010213667,-0.0,-0.0,-0.0
56.068,-0.0011087204,-9.529498e-05,-0.0002003638,-0.0,-0.0,0.0
56.107,-0.0017195856,-9.529498e-05,-0.0002003638,-4.435262e-08,8.0033664e-07,9.325416e-08
56.148,0.0019456057,0.0005155703,-0.0002003638,0.0,-0.0,0.0
56.167,0.00072387536,0.0005155703,-0.0002003638,0.0,-0.0,0.0
56.208,-0.0004978552,0.0011264355,-0.0002003638,-0.0,0.0,0.0
56.247,-0.0017195856,0.0005155703,-0.0002003638,-0.0,0.0,0.0
56.268,-0.0004978552,-0.0013170254,0.00041050144,-0.0,0.0,0.0
56.307,0.00011301007,0.0011264355,0.00041050144,-0.0,-0.0,0.0
56.347,0.00011301007,0.0005155703,-0.00081122905,0.0,-0.0,0.0
56.368,0.00011301007,-9.529498e-05,-0.0002003638,-6.3694054e-09,-7.553462e-09,1.3392083e-08
56.407,-0.0004978552,-9.529498e-05,0.00041050144,-0.0,0.0,0.0
56.447,-0.0004978552,-9.529498e-05,0.00041050144,-0.0,0.0,0.0
56.468,0.00011301007,0.0005155703,-0.00081122905,0.0,-0.0,0.0
56.506,0.00011301007,-9.529498e-05,0.0010213667,-0.0,-0.0,-0.0
56.535,-0.0011087204,-9.529498e-05,-0.0002003638,-0.0,-0.0,0.0
56.584,-0.0004978552,-9.529498e-05,0.00041050144,-0.0,0.0,0.0
56.604,0.00072387536,0.0005155703,-0.00081122905,0.0,-0.0,0.0
56.644,-0.0011087204,0.0005155703,-0.0002003638,1.7147978e-07,3.6876284e-07,6.6641405e-08
56.685,0.00011301007,0.0005155703,-0.0002003638,0.0,-0.0,0.0
56.706,0.00011301007,-0.00070616027,0.0010213667,-0.0,-0.0,-0.0
56.747,0.00011301007,-0.00070616027,-0.0002003638,-0.0,-0.0,0.0
56.786,-0.0017195856,-9.529498e-05,-0.0002003638,-0.0,-0.0,0.0
56.808,0.00011301007,-0.00070616027,0.00041050144,-0.0,-0.0,-0.0
56.844,-0.0004978552,0.0005155703,-0.0002003638,-0.0,0.0,0.0
56.884,-0.0004978552,-9.529498e-05,0.00041050144,-0.0,0.0,0.0
56.906,0.00011301007,0.0005155703,-0.00081122905,1.339438e-07,-2.9359702e-08,2.1075516e-07
56.945,-0.0004978552,-9.529498e-05,-0.0002003638,-0.0,-0.0,0.0
56.985,0.00011301007,-9.529498e-05,-0.0002003638,-0.0,-0.0,0.0
57.025,0.00011301007,0.0005155703,-0.0002003638,0.0,-0.0,0.0
57.045,0.0019456057,-9.529498e-05,-0.0002003638,-0.0,-0.0,0.0
57.086,-0.0004978552,-0.0013170254,0.00041050144,-0.0,0.0,0.0
57.106,-0.0017195856,-0.00070616027,0.00041050144,-0.0,0.0,0.0
57.144,-0.0017195856,-0.0031496212,0.00041050144,-0.0,0.0,0.0
57.185,-0.002330451,-0.0019278907,-0.0002003638,-1.5686667e-06,1.8962177e-06,1.6303147e-07
57.226,-0.0017195856,-0.0013170254,-0.00081122905,-0.0,-0.0,0.0
57.245,0.00011301007,-0.002538756,0.0010213667,-0.0,-0.0,-0.0
57.285,-0.0011087204,-0.00070616027,-0.0002003638,-0.0,-0.0,0.0
57.324,-0.0011087204,-0.0013170254,-0.0014220943,-0.0,-0.0,0.0
57.345,-0.0011087204,-0.0013170254,-0.00081122905,-0.0,-0.0,0.0
57.385,-0.0017195856,-0.0013170254,0.00041050144,-0.0,0.0,0.0
57.425,-0.0017195856,-0.0013170254,0.00041050144,-0.0,0.0,0.0
57.445,-0.0017195856,-0.0031496212,0.0010213667,-3.1544375e-06,1.7222173e-06,-1.0229262e-06
57.485,-0.0011087204,-0.0013170254,-0.00081122905,-0.0,-0.0,0.0
57.527,-0.0004978552,0.0011264355,-0.0014220943,-0.0,0.0,0.0
57.546,-0.0017195856,-0.0037604864,-0.00081122905,-0.0,-0.0,0.0
57.586,0.00011301007,0.0011264355,-0.0002003638,0.0,-0.0,0.0
57.624,-0.0011087204,-9.529498e-05,-0.0002003638,-0.0,-0.0,0.0
57.645,-0.0011087204,-0.00070616027,0.0010213667,-0.0,0.0,0.0
57.683,0.0013347405,0.0005155703,-0.0002003638,0.0,-0.0,0.0
57.727,-0.0011087204,-9.529498e-05,0.00041050144,-0.0,0.0,0.0
57.746,0.00011301007,-9.529498e-05,0.00041050144,-0.0,-0.0,-0.0
57.786,0.00011301007,0.0005155703,0.00041050144,-0.0,-0.0,0.0
57.827,-0.0004978552,-0.00070616027,-0.00081122905,-0.0,-0.0,0.0
57.846,0.00072387536,0.0005155703,0.00041050144,-0.0,-0.0,0.0
57.887,0.00011301007,0.0011264355,-0.0002003638,0.0,-0.0,0.0
57.925,0.0013347405,-9.529498e-05,0.00041050144,-0.0,-0.0,-0.0
57.947,0.00072387536,0.0011264355,-0.0002003638,0.0,-0.0,0.0
57.986,-0.0004978552,0.0005155703,-0.00081122905,1.4981248e-07,1.4466492e-07,2.357239e-07
58.028,-0.0011087204,-0.0013170254,-0.0002003638,-0.0,-0.0,0.0
58.065,0.00072387536,-0.00070616027,0.00041050144,-0.0,-0.0,-0.0
58.085,0.00011301007,-9.529498e-05,0.00041050144,-0.0,-0.0,-0.0
58.127,0.00072387536,0.0011264355,-0.0002003638,0.0,-0.0,0.0
58.165,0.00011301007,0.0005155703,-0.0002003638,0.0,-0.0,0.0
58.186,-0.0004978552,0.0005155703,0.00041050144,0.0,-0.0,-0.0
58.226,-0.0004978552,0.0005155703,-0.0002003638,-0.0,0.0,0.0
58.265,-0.0017195856,-0.00070616027,-0.0002003638,-0.0,-0.0,0.0
58.286,-0.0011087204,-0.00070616027,-0.00081122905,-0.0,-0.0,0.0
58.329,-0.0004978552,0.0005155703,-0.0002003638,-0.0,0.0,0.0
58.366,0.00072387536,0.0005155703,0.0010213667,-0.0,-0.0,0.0
58.386,0.0013347405,0.0011264355,0.00041050144,-0.0,-0.0,0.0
58.427,0.0013347405,0.0017373008,-0.0002003638,0.0,-0.0,0.0
58.466,-0.0004978552,-0.00070616027,-0.0002003638,-0.0,-0.0,0.0
58.485,0.0013347405,-0.00070616027,0.00041050144,-0.0,-0.0,-0.0
58.526,0.00011301007,-0.0013170254,-0.0002003638,-4.7266533e-07,-4.055804e-08,7.190827e-08
58.564,0.00011301007,-9.529498e-05,-0.00081122905,-0.0,-0.0,0.0
58.584,-0.0017195856,-0.00070616027,0.00041050144,-0.0,0.0,0.0
58.624,0.00072387536,-9.529498e-05,0.00041050144,-0.0,-0.0,-0.0
58.664,-0.0011087204,-9.529498e-05,-0.0002003638,-0.0,-0.0,0.0
58.685,-0.0011087204,-9.529498e-05,-0.0002003638,-0.0,-0.0,0.0
58.726,0.00011301007,-0.0013170254,-0.0002003638,-0.0,-0.0,0.0
58.764,0.00011301007,-9.529498e-05,0.00041050144,-0.0,-0.0,-0.0
58.803,-0.0004978552,0.0011264355,-0.0002003638,-0.0,0.0,0.0
58.825,0.00011301007,0.0005155703,-0.00081122905,0.0,-0.0,0.0
58.864,-0.0011087204,-0.00070616027,-0.0002003638,-0.0,-0.0,0.0
58.904,0.00072387536,0.0005155703,-0.0002003638,0.0,-0.0,0.0
58.924,0.00011301007,-9.529498e-05,-0.00081122905,-0.0,-0.0,0.0
58.964,-0.0004978552,0.0005155703,0.0010213667,0.0,-0.0,-0.0
59.005,0.00072387536,-9.529498e-05,-0.0002003638,-0.0,-0.0,0.0
59.026,0.00011301007,0.0005155703,-0.0002003638,0.0,-0.0,0.0
59.064,-0.0011087204,-0.00070616027,0.00041050144,-2.6104297e-07,4.098556e-07,-1.5174811e-07
59.110,-0.0004978552,-0.00070616027,0.00041050144,-0.0,0.0,0.0
59.125,-0.0004978552,0.0005155703,-0.00081122905,-0.0,0.0,0.0
59.165,-0.0004978552,0.0005155703,0.00041050144,0.0,-0.0,-0.0
59.205,0.00011301007,-0.00070616027,0.00041050144,-0.0,-0.0,-0.0
59.224,0.00072387536,-9.529498e-05,-0.0002003638,-0.0,-0.0,0.0
59.264,-0.0004978552,0.0011264355,-0.00081122905,-0.0,0.0,0.0
59.304,-0.0004978552,-9.529498e-05,-0.00081122905,-0.0,-0.0,0.0
59.324,-0.0004978552,0.0011264355,-0.0002003638,3.7728654e-07,1.6675085e-07,6.7109504e-08
59.364,0.00011301007,-9.529498e-05,-0.00081122905,-0.0,-0.0,0.0
59.406,0.00011301007,0.0011264355,0.00041050144,-0.0,-0.0,0.0
59.426,0.00011301007,0.0005155703,-0.0002003638,0.0,-0.0,0.0
59.466,0.00072387536,0.0005155703,0.0010213667,-0.0,-0.0,0.0
59.506,0.00072387536,-0.00070616027,-0.0002003638,-0.0,-0.0,0.0
59.525,0.00011301007,0.0005155703,-0.0002003638,0.0,-0.0,0.0
59.564,-0.0011087204,0.0011264355,-0.0002003638,-0.0,0.0,0.0
59.604,-0.0004978552,0.0005155703,0.00041050144,0.0,-0.0,-0.0
59.644,0.00011301007,0.0017373008,-0.0002003638,0.0,-0.0,0.0
59.664,0.00011301007,-0.0013170254,-0.0002003638,-0.0,-0.0,0.0
59.704,0.00011301007,0.0005155703,0.00041050144,-0.0,-0.0,0.0
59.745,0.00011301007,0.0005155703,-0.00081122905,0.0,-0.0,0.0
59.766,0.00011301007,0.0011264355,-0.00081122905,0.0,-0.0,0.0
59.806,0.00011301007,-9.529498e-05,-0.0002003638,-0.0,-0.0,0.0
59.846,-0.0004978552,0.0005155703,-0.0002003638,-0.0,0.0,0.0
59.867,-0.0017195856,0.0005155703,-0.0002003638,2.4999525e-07,8.3381127e-07,9.7154455e-08
59.906,-0.0004978552,-0.00070616027,0.00041050144,-0.0,0.0,0.0
59.946,0.00011301007,0.0005155703,-0.00081122905,0.0,-0.0,0.0
59.967,-0.0017195856,0.0005155703,-0.0002003638,-0.0,0.0,0.0
