timestamp,value
00.000,-8.37
00.015,-7.3
00.031,-5.77
00.046,-3.8
00.062,-1.63
00.078,0.37
00.093,1.9
00.109,2.78
00.125,3.19
00.140,3.41
00.156,3.75
00.171,4.34
00.187,5.01
00.203,5.36
00.218,4.92
00.234,3.49
00.250,1.14
00.265,-1.63
00.281,-4.14
00.296,-5.73
00.312,-6.01
00.328,-4.88
00.343,-2.58
00.359,0.48
00.375,3.92
00.390,7.41
00.406,10.7
00.421,13.57
00.437,15.79
00.453,17.07
00.468,17.25
00.484,16.36
00.500,14.63
00.515,12.47
00.531,10.34
00.546,8.57
00.562,7.32
00.578,6.5
00.593,5.92
00.609,5.3
00.625,4.6
00.640,3.89
00.656,3.33
00.671,3.15
00.687,3.36
00.703,3.91
00.718,4.53
00.734,5.04
00.750,5.26
00.765,5.23
00.781,5.04
00.796,4.86
00.812,4.73
00.828,4.49
00.843,4.05
00.859,3.23
00.875,2.12
00.890,0.86
00.906,-0.33
00.921,-1.32
00.937,-2.12
00.953,-2.89
00.968,-3.87
00.984,-5.19
01.000,-6.83
01.015,-8.55
01.031,-10.07
01.046,-11.09
01.062,-11.52
01.078,-11.51
01.093,-11.28
01.109,-11.11
01.125,-11.08
01.140,-11.16
01.156,-11.2
01.171,-11.05
01.187,-10.63
01.203,-9.92
01.218,-8.92
01.234,-7.57
01.250,-5.87
01.265,-3.79
01.281,-1.46
01.296,0.95
01.312,3.18
01.328,4.95
01.343,6.11
01.359,6.6
01.375,6.6
01.390,6.36
01.406,6.21
01.421,6.32
01.437,6.7
01.453,7.23
01.468,7.68
01.484,7.96
01.500,8.04
01.515,8.09
01.531,8.17
01.546,8.28
01.562,8.34
01.578,8.15
01.593,7.61
01.609,6.67
01.625,5.44
01.640,4.08
01.656,2.8
01.671,1.77
01.687,1.04
01.703,0.53
01.718,0.16
01.734,-0.16
01.750,-0.52
01.765,-0.85
01.781,-1.12
01.796,-1.34
01.812,-1.55
01.828,-1.88
01.843,-2.48
01.859,-3.39
01.875,-4.56
01.890,-5.85
01.906,-7.05
01.921,-8.09
01.937,-8.96
01.953,-9.72
01.968,-10.43
01.984,-11.01
02.000,-11.25
02.015,-10.84
02.031,-9.58
02.046,-7.41
02.062,-4.53
02.078,-1.34
02.093,1.72
02.109,4.28
02.125,6.22
02.140,7.59
02.156,8.57
02.171,9.34
02.187,10.0
02.203,10.48
02.218,10.7
02.234,10.58
02.250,10.09
02.265,9.34
02.281,8.53
02.296,7.84
02.312,7.26
02.328,6.74
02.343,6.04
02.359,4.98
02.375,3.57
02.390,2.03
02.406,0.71
02.421,-0.15
02.437,-0.49
02.453,-0.51
02.468,-0.47
02.484,-0.62
02.500,-1.04
02.515,-1.58
02.531,-2.06
02.546,-2.32
02.562,-2.35
02.578,-2.29
02.593,-2.36
02.609,-2.65
02.625,-3.19
02.640,-3.91
02.656,-4.66
02.671,-5.38
02.687,-6.1
02.703,-7.0
02.718,-8.22
02.734,-9.95
02.750,-12.06
02.765,-14.3
02.781,-16.4
02.796,-18.0
02.812,-19.02
02.828,-19.48
02.843,-19.56
02.859,-19.39
02.875,-19.07
02.890,-18.54
02.906,-17.72
02.921,-16.58
02.937,-15.2
02.953,-13.79
02.968,-12.63
02.984,-11.92
03.000,-11.67
03.015,-11.78
03.031,-11.96
03.046,-11.93
03.062,-11.49
03.078,-10.53
03.093,-9.2
03.109,-7.59
03.125,-5.78
03.140,-3.78
03.156,-1.53
03.171,1.03
03.187,3.86
03.203,6.79
03.218,9.59
03.234,12.01
03.250,13.98
03.265,15.58
03.281,16.99
03.296,18.37
03.312,19.8
03.328,21.2
03.343,22.43
03.359,23.33
03.375,23.88
03.390,24.15
03.406,24.28
03.421,24.42
03.437,24.61
03.453,24.67
03.468,24.3
03.484,23.21
03.500,21.29
03.515,18.73
03.531,15.88
03.546,13.16
03.562,10.86
03.578,8.95
03.593,7.21
03.609,5.31
03.625,3.15
03.640,0.85
03.656,-1.33
03.671,-3.2
03.687,-4.76
03.703,-6.18
03.718,-7.7
03.734,-9.39
03.750,-11.06
03.765,-12.29
03.781,-12.69
03.796,-12.01
03.812,-10.32
03.828,-8.01
03.843,-5.52
03.859,-3.29
03.875,-1.55
03.890,-0.31
03.906,0.55
03.921,1.17
03.937,1.63
03.953,1.93
03.968,1.94
03.984,1.67
04.000,1.15
04.015,0.57
04.031,0.1
04.046,-0.14
04.062,-0.16
04.078,-0.16
04.093,-0.3
04.109,-0.73
04.125,-1.41
04.140,-2.12
04.156,-2.59
04.171,-2.63
04.187,-2.28
04.203,-1.72
04.218,-1.23
04.234,-0.99
04.250,-1.03
04.265,-1.19
04.281,-1.27
04.296,-1.15
04.312,-0.81
04.328,-0.45
04.343,-0.31
04.359,-0.56
04.375,-1.18
04.390,-2.03
04.406,-2.87
04.421,-3.55
04.437,-4.06
04.453,-4.49
04.468,-5.0
04.484,-5.6
04.500,-6.21
04.515,-6.59
04.531,-6.65
04.546,-6.37
04.562,-5.92
04.578,-5.54
04.593,-5.32
04.609,-5.22
04.625,-4.98
04.640,-4.31
04.656,-2.99
04.671,-1.0
04.687,1.46
04.703,4.07
04.718,6.43
04.734,8.29
04.750,9.5
04.765,10.09
04.781,10.21
04.796,10.05
04.812,9.77
04.828,9.41
04.843,8.96
04.859,8.32
04.875,7.58
04.890,6.93
04.906,6.65
04.921,6.91
04.937,7.68
04.953,8.7
04.968,9.61
04.984,10.15
05.000,10.26
05.015,10.2
05.031,10.26
05.046,10.61
05.062,11.18
05.078,11.65
05.093,11.64
05.109,10.93
05.125,9.53
05.140,7.7
05.156,5.79
05.171,4.05
05.187,2.57
05.203,1.26
05.218,-0.02
05.234,-1.38
05.250,-2.88
05.265,-4.43
05.281,-5.96
05.296,-7.43
05.312,-8.92
05.328,-10.49
05.343,-12.2
05.359,-14.01
05.375,-15.78
05.390,-17.35
05.406,-18.61
05.421,-19.57
05.437,-20.39
05.453,-21.28
05.468,-22.38
05.484,-23.71
05.500,-25.11
05.515,-26.39
05.531,-27.37
05.546,-28.03
05.562,-28.4
05.578,-28.59
05.593,-28.59
05.609,-28.26
05.625,-27.4
05.640,-25.78
05.656,-23.32
05.671,-20.12
05.687,-16.41
05.703,-12.53
05.718,-8.75
05.734,-5.19
05.750,-1.85
05.765,1.28
05.781,4.23
05.796,6.98
05.812,9.45
05.828,11.57
05.843,13.33
05.859,14.75
05.875,15.88
05.890,16.86
05.906,17.84
05.921,19.0
05.937,20.48
05.953,22.3
05.968,24.34
05.984,26.46
06.000,28.56
06.015,30.6
06.031,32.65
06.046,34.7
06.062,36.49
06.078,37.56
06.093,37.31
06.109,35.3
06.125,31.41
06.140,25.9
06.156,19.28
06.171,12.09
06.187,4.86
06.203,-2.11
06.218,-8.5
06.234,-14.04
06.250,-18.36
06.265,-21.07
06.281,-21.89
06.296,-20.75
06.312,-17.91
06.328,-13.83
06.343,-9.19
06.359,-4.52
06.375,-0.14
06.390,3.86
06.406,7.61
06.421,11.2
06.437,14.59
06.453,17.6
06.468,19.98
06.484,21.47
06.500,21.95
06.515,21.53
06.531,20.39
06.546,18.79
06.562,16.87
06.578,14.64
06.593,12.03
06.609,9.09
06.625,5.92
06.640,2.78
06.656,0.01
06.671,-2.19
06.687,-3.7
06.703,-4.57
06.718,-4.86
06.734,-4.72
06.750,-4.22
06.765,-3.47
06.781,-2.64
06.796,-1.94
06.812,-1.68
06.828,-2.03
06.843,-3.08
06.859,-4.66
06.875,-6.44
06.890,-8.13
06.906,-9.46
06.921,-10.35
06.937,-10.89
06.953,-11.29
06.968,-11.72
06.984,-12.29
07.000,-13.07
07.015,-14.03
07.031,-15.21
07.046,-16.62
07.062,-18.25
07.078,-20.06
07.093,-21.96
07.109,-23.78
07.125,-25.33
07.140,-26.38
07.156,-26.77
07.171,-26.4
07.187,-25.32
07.203,-23.67
07.218,-21.62
07.234,-19.32
07.250,-16.81
07.265,-14.12
07.281,-11.23
07.296,-8.21
07.312,-5.2
07.328,-2.39
07.343,0.05
07.359,2.03
07.375,3.67
07.390,5.13
07.406,6.55
07.421,8.0
07.437,9.4
07.453,10.57
07.468,11.38
07.484,11.75
07.500,11.69
07.515,11.33
07.531,10.77
07.546,10.1
07.562,9.38
07.578,8.64
07.593,7.86
07.609,7.17
07.625,6.63
07.640,6.31
07.656,6.25
07.671,6.4
07.687,6.61
07.703,6.78
07.718,6.81
07.734,6.64
07.750,6.32
07.765,5.87
07.781,5.31
07.796,4.62
07.812,3.8
07.828,2.84
07.843,1.78
07.859,0.61
07.875,-0.58
07.890,-1.7
07.906,-2.61
07.921,-3.21
07.937,-3.51
07.953,-3.66
07.968,-3.87
07.984,-4.37
08.000,-5.31
08.015,-6.59
08.031,-8.01
08.046,-9.26
08.062,-10.1
08.078,-10.32
08.093,-9.86
08.109,-8.75
08.125,-7.07
08.140,-5.07
08.156,-3.01
08.171,-1.28
08.187,-0.31
08.203,-0.44
08.218,-1.88
08.234,-4.66
08.250,-8.65
08.265,-13.54
08.281,-19.04
08.296,-24.86
08.312,-30.83
08.328,-36.92
08.343,-43.12
08.359,-49.39
08.375,-55.45
08.390,-60.74
08.406,-64.47
08.421,-65.8
08.437,-64.15
08.453,-59.32
08.468,-51.61
08.484,-41.59
08.500,-30.06
08.515,-17.7
08.531,-5.13
08.546,7.09
08.562,18.31
08.578,27.86
08.593,35.08
08.609,39.65
08.625,41.72
08.640,41.81
08.656,40.81
08.671,39.58
08.687,38.77
08.703,38.62
08.718,39.14
08.734,40.12
08.750,41.46
08.765,43.05
08.781,44.66
08.796,45.95
08.812,46.39
08.828,45.45
08.843,42.81
08.859,38.41
08.875,32.5
08.890,25.42
08.906,17.55
08.921,9.14
08.937,0.5
08.953,-8.07
08.968,-16.13
08.984,-23.11
09.000,-28.55
09.015,-32.09
09.031,-33.69
09.046,-33.52
09.062,-32.02
09.078,-29.72
09.093,-27.15
09.109,-24.76
09.125,-22.71
09.140,-20.97
09.156,-19.34
09.171,-17.54
09.187,-15.34
09.203,-12.62
09.218,-9.37
09.234,-5.7
09.250,-1.78
09.265,2.25
09.281,6.28
09.296,10.32
09.312,14.41
09.328,18.65
09.343,23.02
09.359,27.42
09.375,31.58
09.390,35.15
09.406,37.77
09.421,39.0
09.437,38.43
09.453,35.78
09.468,30.96
09.484,24.2
09.500,16.11
09.515,7.51
09.531,-0.74
09.546,-7.94
09.562,-13.68
09.578,-17.92
09.593,-20.76
09.609,-22.38
09.625,-22.95
09.640,-22.5
09.656,-21.11
09.671,-18.93
09.687,-16.26
09.703,-13.45
09.718,-10.89
09.734,-8.72
09.750,-6.93
09.765,-5.23
09.781,-3.33
09.796,-1.04
09.812,1.55
09.828,4.24
09.843,6.77
09.859,8.97
09.875,10.84
09.890,12.42
09.906,13.87
09.921,15.21
09.937,16.38
09.953,17.29
09.968,17.88
09.984,18.17
10.000,18.28
10.015,18.39
10.031,18.66
10.046,19.15
10.062,19.83
10.078,20.59
10.093,21.36
10.109,22.08
10.125,22.77
10.140,23.43
10.156,24.04
10.171,24.53
10.187,24.73
10.203,24.49
10.218,23.65
10.234,22.16
10.250,20.05
10.265,17.48
10.281,14.65
10.296,11.73
10.312,8.88
10.328,6.15
10.343,3.57
10.359,1.24
10.375,-0.74
10.390,-2.17
10.406,-2.88
10.421,-2.78
10.437,-1.97
10.453,-0.65
10.468,0.86
10.484,2.3
10.500,3.52
10.515,4.48
10.531,5.2
10.546,5.72
10.562,6.07
10.578,6.14
10.593,5.91
10.609,5.36
10.625,4.66
10.640,4.09
10.656,3.94
10.671,4.38
10.687,5.4
10.703,6.76
10.718,8.22
10.734,9.55
10.750,10.64
10.765,11.5
10.781,12.15
10.796,12.54
10.812,12.59
10.828,12.14
10.843,11.15
10.859,9.66
10.875,7.87
10.890,5.94
10.906,4.05
10.921,2.29
10.937,0.63
10.953,-1.0
10.968,-2.66
10.984,-4.28
11.000,-5.75
11.015,-6.84
11.031,-7.42
11.046,-7.54
11.062,-7.42
11.078,-7.39
11.093,-7.82
11.109,-8.9
11.125,-10.6
11.140,-12.72
11.156,-14.99
11.171,-17.13
11.187,-18.99
11.203,-20.61
11.218,-22.01
11.234,-23.2
11.250,-24.15
11.265,-24.75
11.281,-24.87
11.296,-24.51
11.312,-23.73
11.328,-22.73
11.343,-21.68
11.359,-20.71
11.375,-19.81
11.390,-18.96
11.406,-18.1
11.421,-17.21
11.437,-16.29
11.453,-15.26
11.468,-14.09
11.484,-12.61
11.500,-10.73
11.515,-8.38
11.531,-5.67
11.546,-2.82
11.562,-0.16
11.578,2.03
11.593,3.58
11.609,4.5
11.625,4.89
11.640,4.97
11.656,4.88
11.671,4.69
11.687,4.35
11.703,3.85
11.718,3.19
11.734,2.46
11.750,1.82
11.765,1.39
11.781,1.29
11.796,1.5
11.812,1.97
11.828,2.59
11.843,3.31
11.859,4.15
11.875,5.17
11.890,6.38
11.906,7.77
11.921,9.22
11.937,10.44
11.953,11.23
11.968,11.45
11.984,11.18
12.000,10.61
12.015,9.95
12.031,9.29
12.046,8.6
12.062,7.7
12.078,6.44
12.093,4.8
12.109,2.95
12.125,1.21
12.140,-0.12
12.156,-0.83
12.171,-0.93
12.187,-0.71
12.203,-0.59
12.218,-0.88
12.234,-1.78
12.250,-3.26
12.265,-5.16
12.281,-7.25
12.296,-9.43
12.312,-11.65
12.328,-14.0
12.343,-16.63
12.359,-19.67
12.375,-23.2
12.390,-27.39
12.406,-32.27
12.421,-37.68
12.437,-43.2
12.453,-48.08
12.468,-51.33
12.484,-52.04
12.500,-49.66
12.515,-44.25
12.531,-36.51
12.546,-27.55
12.562,-18.61
12.578,-10.6
12.593,-3.97
12.609,1.27
12.625,5.36
12.640,8.68
12.656,11.5
12.671,14.03
12.687,16.39
12.703,18.59
12.718,20.64
12.734,22.58
12.750,24.39
12.765,25.93
12.781,27.09
12.796,27.67
12.812,27.6
12.828,26.99
12.843,26.09
12.859,25.27
12.875,24.85
12.890,25.03
12.906,25.77
12.921,26.92
12.937,28.19
12.953,29.36
12.968,30.3
12.984,31.05
13.000,31.71
13.015,32.4
13.031,33.12
13.046,33.76
13.062,34.2
13.078,34.19
13.093,33.66
13.109,32.66
13.125,31.35
13.140,29.84
13.156,28.16
13.171,26.15
13.187,23.66
13.203,20.68
13.218,17.26
13.234,13.62
13.250,9.93
13.265,6.26
13.281,2.55
13.296,-1.38
13.312,-5.7
13.328,-10.43
13.343,-15.41
13.359,-20.25
13.375,-24.53
13.390,-27.89
13.406,-30.17
13.421,-31.4
13.437,-31.88
13.453,-31.89
13.468,-31.71
13.484,-31.48
13.500,-31.16
13.515,-30.62
13.531,-29.71
13.546,-28.36
13.562,-26.53
13.578,-24.21
13.593,-21.36
13.609,-17.98
13.625,-14.12
13.640,-9.93
13.656,-5.67
13.671,-1.61
13.687,1.96
13.703,4.89
13.718,7.11
13.734,8.66
13.750,9.57
13.765,9.77
13.781,9.18
13.796,7.69
13.812,5.23
13.828,1.88
13.843,-2.07
13.859,-6.17
13.875,-9.96
13.890,-13.03
13.906,-15.17
13.921,-16.34
13.937,-16.66
13.953,-16.32
13.968,-15.43
13.984,-14.05
14.000,-12.21
14.015,-9.94
14.031,-7.29
14.046,-4.33
14.062,-1.14
14.078,2.15
14.093,5.33
14.109,8.15
14.125,10.26
14.140,11.42
14.156,11.42
14.171,10.22
14.187,7.89
14.203,4.63
14.218,0.71
14.234,-3.59
14.250,-8.01
14.265,-12.36
14.281,-16.42
14.296,-20.02
14.312,-22.99
14.328,-25.29
14.343,-26.84
14.359,-27.65
14.375,-27.76
14.390,-27.24
14.406,-26.11
14.421,-24.38
14.437,-22.09
14.453,-19.31
14.468,-16.18
14.484,-12.8
14.500,-9.25
14.515,-5.6
14.531,-1.93
14.546,1.64
14.562,4.99
14.578,8.0
14.593,10.61
14.609,12.86
14.625,14.86
14.640,16.74
14.656,18.55
14.671,20.28
14.687,21.79
14.703,22.97
14.718,23.85
14.734,24.48
14.750,25.01
14.765,25.56
14.781,26.2
14.796,26.98
14.812,27.93
14.828,29.17
14.843,30.8
14.859,32.9
14.875,35.47
14.890,38.48
14.906,41.84
14.921,45.48
14.937,49.4
14.953,53.52
14.968,57.66
14.984,61.45
15.000,64.26
15.015,65.33
15.031,64.01
15.046,59.79
15.062,52.55
15.078,42.56
15.093,30.44
15.109,17.17
15.125,3.83
15.140,-8.55
15.156,-19.25
15.171,-27.85
15.187,-34.39
15.203,-39.13
15.218,-42.49
15.234,-44.77
15.250,-46.14
15.265,-46.59
15.281,-46.0
15.296,-44.27
15.312,-41.43
15.328,-37.76
15.343,-33.72
15.359,-29.91
15.375,-26.9
15.390,-25.04
15.406,-24.42
15.421,-24.85
15.437,-25.9
15.453,-27.19
15.468,-28.4
15.484,-29.33
15.500,-29.91
15.515,-30.18
15.531,-30.18
15.546,-29.89
15.562,-29.21
15.578,-28.09
15.593,-26.63
15.609,-24.99
15.625,-23.38
15.640,-22.04
15.656,-21.0
15.671,-20.21
15.687,-19.5
15.703,-18.66
15.718,-17.58
15.734,-16.24
15.750,-14.7
15.765,-13.05
15.781,-11.4
15.796,-9.81
15.812,-8.34
15.828,-7.07
15.843,-5.97
15.859,-5.05
15.875,-4.31
15.890,-3.72
15.906,-3.21
15.921,-2.7
15.937,-2.11
15.953,-1.41
15.968,-0.67
15.984,-0.03
16.000,0.39
16.015,0.49
16.031,0.29
16.046,-0.08
16.062,-0.47
16.078,-0.68
16.093,-0.64
16.109,-0.23
16.125,0.57
16.140,1.76
16.156,3.23
16.171,4.8
16.187,6.25
16.203,7.39
16.218,8.17
16.234,8.64
16.250,9.03
16.265,9.43
16.281,9.85
16.296,10.14
16.312,10.08
16.328,9.48
16.343,8.29
16.359,6.63
16.375,4.78
16.390,3.03
16.406,1.58
16.421,0.44
16.437,-0.54
16.453,-1.54
16.468,-2.73
16.484,-4.19
16.500,-5.88
16.515,-7.7
16.531,-9.55
16.546,-11.27
16.562,-12.78
16.578,-14.0
16.593,-14.92
16.609,-15.56
16.625,-15.97
16.640,-16.17
16.656,-16.15
16.671,-15.82
16.687,-15.03
16.703,-13.71
16.718,-11.84
16.734,-9.52
16.750,-6.88
16.765,-4.07
16.781,-1.22
16.796,1.49
16.812,3.89
16.828,5.79
16.843,7.08
16.859,7.74
16.875,7.93
16.890,7.81
16.906,7.63
16.921,7.49
16.937,7.34
16.953,7.16
16.968,6.9
16.984,6.63
17.000,6.51
17.015,6.71
17.031,7.2
17.046,7.86
17.062,8.43
17.078,8.65
17.093,8.42
17.109,7.82
17.125,6.99
17.140,6.14
17.156,5.38
17.171,4.67
17.187,3.97
17.203,3.22
17.218,2.43
17.234,1.7
17.250,1.09
17.265,0.61
17.281,0.13
17.296,-0.48
17.312,-1.33
17.328,-2.39
17.343,-3.56
17.359,-4.67
17.375,-5.55
17.390,-6.15
17.406,-6.41
17.421,-6.29
17.437,-5.73
17.453,-4.69
17.468,-3.17
17.484,-1.3
17.500,0.63
17.515,2.32
17.531,3.5
17.546,4.12
17.562,4.27
17.578,4.07
17.593,3.7
17.609,3.28
17.625,2.83
17.640,2.42
17.656,2.11
17.671,1.92
17.687,1.99
17.703,2.3
17.718,2.81
17.734,3.53
17.750,4.44
17.765,5.55
17.781,6.88
17.796,8.29
17.812,9.58
17.828,10.6
17.843,11.21
17.859,11.42
17.875,11.35
17.890,11.15
17.906,10.97
17.921,11.0
17.937,11.34
17.953,12.06
17.968,13.25
17.984,14.83
18.000,16.76
18.015,18.83
18.031,20.78
18.046,22.36
18.062,23.51
18.078,24.21
18.093,24.54
18.109,24.63
18.125,24.59
18.140,24.55
18.156,24.59
18.171,24.77
18.187,25.24
18.203,26.18
18.218,27.81
18.234,30.38
18.250,34.06
18.265,38.93
18.281,44.91
18.296,51.74
18.312,59.06
18.328,66.48
18.343,73.68
18.359,80.43
18.375,86.58
18.390,91.87
18.406,95.85
18.421,97.95
18.437,97.44
18.453,93.72
18.468,86.48
18.484,75.82
18.500,62.36
18.515,47.17
18.531,31.47
18.546,16.41
18.562,2.97
18.578,-8.37
18.593,-17.5
18.609,-24.59
18.625,-29.99
18.640,-34.08
18.656,-37.19
18.671,-39.67
18.687,-41.87
18.703,-44.07
18.718,-46.5
18.734,-49.24
18.750,-52.09
18.765,-54.77
18.781,-56.94
18.796,-58.33
18.812,-58.9
18.828,-58.7
18.843,-57.86
18.859,-56.51
18.875,-54.7
18.890,-52.5
18.906,-50.08
18.921,-47.69
18.937,-45.57
18.953,-44.01
18.968,-43.14
18.984,-42.95
19.000,-43.39
19.015,-44.21
19.031,-45.13
19.046,-45.87
19.062,-46.16
19.078,-45.73
19.093,-44.57
19.109,-42.65
19.125,-40.08
19.140,-36.95
19.156,-33.36
19.171,-29.35
19.187,-25.09
19.203,-20.89
19.218,-17.08
19.234,-14.07
19.250,-12.1
19.265,-11.18
19.281,-11.18
19.296,-11.89
19.312,-13.09
19.328,-14.64
19.343,-16.43
19.359,-18.3
19.375,-20.03
19.390,-21.36
19.406,-22.04
19.421,-21.97
19.437,-21.21
19.453,-19.99
19.468,-18.57
19.484,-17.14
19.500,-15.95
19.515,-15.1
19.531,-14.68
19.546,-14.75
19.562,-15.24
19.578,-15.92
19.593,-16.43
19.609,-16.35
19.625,-15.31
19.640,-13.14
19.656,-9.87
19.671,-5.73
19.687,-1.05
19.703,3.76
19.718,8.38
19.734,12.49
19.750,15.93
19.765,18.54
19.781,20.24
19.796,21.03
19.812,20.94
19.828,20.11
19.843,18.68
19.859,16.95
19.875,15.14
19.890,13.51
19.906,12.12
19.921,10.92
19.937,9.79
19.953,8.61
19.968,7.42
19.984,6.45
20.000,5.95
20.015,6.15
20.031,7.14
20.046,8.84
20.062,11.04
20.078,13.48
20.093,16.0
20.109,18.46
20.125,20.93
20.140,23.48
20.156,26.2
20.171,29.17
20.187,32.39
20.203,35.76
20.218,39.06
20.234,41.93
20.250,43.99
20.265,44.96
20.281,44.85
20.296,43.84
20.312,42.41
20.328,41.16
20.343,40.64
20.359,41.19
20.375,42.85
20.390,45.42
20.406,48.48
20.421,51.55
20.437,54.1
20.453,55.79
20.468,56.52
20.484,56.56
20.500,56.32
20.515,56.1
20.531,55.88
20.546,55.14
20.562,53.1
20.578,48.87
20.593,42.0
20.609,32.54
20.625,21.19
20.640,9.12
20.656,-2.36
20.671,-12.11
20.687,-19.37
20.703,-23.83
20.718,-25.67
20.734,-25.4
20.750,-23.75
20.765,-21.46
20.781,-19.12
20.796,-17.21
20.812,-16.04
20.828,-15.89
20.843,-16.74
20.859,-18.43
20.875,-20.54
20.890,-22.64
20.906,-24.41
20.921,-25.73
20.937,-26.78
20.953,-27.85
20.968,-29.2
20.984,-30.82
21.000,-32.52
21.015,-33.94
21.031,-34.82
21.046,-35.08
21.062,-34.87
21.078,-34.42
21.093,-34.0
21.109,-33.71
21.125,-33.49
21.140,-33.21
21.156,-32.75
21.171,-32.13
21.187,-31.53
21.203,-31.19
21.218,-31.19
21.234,-31.48
21.250,-31.83
21.265,-31.93
21.281,-31.52
21.296,-30.5
21.312,-28.96
21.328,-27.14
21.343,-25.27
21.359,-23.45
21.375,-21.73
21.390,-20.07
21.406,-18.49
21.421,-17.05
21.437,-15.79
21.453,-14.71
21.468,-13.74
21.484,-12.81
21.500,-11.81
21.515,-10.76
21.531,-9.72
21.546,-8.87
21.562,-8.37
21.578,-8.26
21.593,-8.5
21.609,-8.87
21.625,-9.15
21.640,-9.18
21.656,-8.91
21.671,-8.51
21.687,-8.22
21.703,-8.35
21.718,-9.01
21.734,-10.18
21.750,-11.61
21.765,-12.97
21.781,-13.99
21.796,-14.51
21.812,-14.56
21.828,-14.15
21.843,-13.34
21.859,-12.07
21.875,-10.23
21.890,-7.81
21.906,-4.93
21.921,-1.93
21.937,0.78
21.953,2.81
21.968,4.08
21.984,4.7
22.000,5.07
22.015,5.51
22.031,6.18
22.046,6.86
22.062,7.27
22.078,7.15
22.093,6.43
22.109,5.39
22.125,4.44
22.140,4.04
22.156,4.37
22.171,5.35
22.187,6.65
22.203,7.94
22.218,8.96
22.234,9.68
22.250,10.17
22.265,10.45
22.281,10.52
22.296,10.31
22.312,9.71
22.328,8.71
22.343,7.4
22.359,5.9
22.375,4.33
22.390,2.81
22.406,1.3
22.421,-0.23
22.437,-1.8
22.453,-3.36
22.468,-4.78
22.484,-5.92
22.500,-6.72
22.515,-7.19
22.531,-7.39
22.546,-7.63
22.562,-8.14
22.578,-9.03
22.593,-10.26
22.609,-11.57
22.625,-12.64
22.640,-13.16
22.656,-12.94
22.671,-11.92
22.687,-10.31
22.703,-8.29
22.718,-6.11
22.734,-3.93
22.750,-1.82
22.765,0.18
22.781,1.98
22.796,3.45
22.812,4.53
22.828,5.14
22.843,5.41
22.859,5.53
22.875,5.65
22.890,5.87
22.906,6.05
22.921,6.04
22.937,5.67
22.953,4.96
22.968,4.11
22.984,3.46
23.000,3.35
23.015,3.83
23.031,4.83
23.046,5.97
23.062,6.85
23.078,7.15
23.093,6.81
23.109,5.94
23.125,4.84
23.140,3.78
23.156,2.88
23.171,2.14
23.187,1.42
23.203,0.57
23.218,-0.48
23.234,-1.64
23.250,-2.78
23.265,-3.82
23.281,-4.67
23.296,-5.46
23.312,-6.2
23.328,-7.01
23.343,-7.79
23.359,-8.49
23.375,-9.04
23.390,-9.46
23.406,-9.89
23.421,-10.43
23.437,-11.13
23.453,-11.86
23.468,-12.37
23.484,-12.37
23.500,-11.66
23.515,-10.26
23.531,-8.35
23.546,-6.24
23.562,-4.23
23.578,-2.51
23.593,-1.11
23.609,0.02
23.625,1.01
23.640,1.97
23.656,2.87
23.671,3.72
23.687,4.45
23.703,5.08
23.718,5.59
23.734,6.02
23.750,6.38
23.765,6.74
23.781,7.1
23.796,7.37
23.812,7.56
23.828,7.54
23.843,7.39
23.859,7.21
23.875,7.1
23.890,7.16
23.906,7.35
23.921,7.47
23.937,7.35
23.953,6.88
23.968,6.03
23.984,4.94
24.000,3.84
24.015,2.87
24.031,2.06
24.046,1.41
24.062,0.77
24.078,0.01
24.093,-0.89
24.109,-1.99
24.125,-3.2
24.140,-4.43
24.156,-5.57
24.171,-6.55
24.187,-7.26
24.203,-7.7
24.218,-7.93
24.234,-8.06
24.250,-8.36
24.265,-8.97
24.281,-9.96
24.296,-11.21
24.312,-12.43
24.328,-13.2
24.343,-13.2
24.359,-12.2
24.375,-10.22
24.390,-7.52
24.406,-4.45
24.421,-1.43
24.437,1.25
24.453,3.48
24.468,5.3
24.484,6.8
24.500,8.1
24.515,9.23
24.531,10.14
24.546,10.75
24.562,10.99
24.578,10.89
24.593,10.54
24.609,10.1
24.625,9.74
24.640,9.51
24.656,9.36
24.671,9.14
24.687,8.71
24.703,8.03
24.718,7.27
24.734,6.63
24.750,6.3
24.765,6.31
24.781,6.51
24.796,6.62
24.812,6.37
24.828,5.7
24.843,4.66
24.859,3.45
24.875,2.22
24.890,1.04
24.906,-0.16
24.921,-1.43
24.937,-2.84
24.953,-4.36
24.968,-5.87
24.984,-7.29
25.000,-8.49
25.015,-9.33
25.031,-9.75
25.046,-9.76
25.062,-9.5
25.078,-9.22
25.093,-9.23
25.109,-9.81
25.125,-10.96
25.140,-12.53
25.156,-14.12
25.171,-15.32
25.187,-15.79
25.203,-15.39
25.218,-14.09
25.234,-11.99
25.250,-9.29
25.265,-6.15
25.281,-2.86
25.296,0.31
25.312,3.04
25.328,5.16
25.343,6.65
25.359,7.69
25.375,8.53
25.390,9.39
25.406,10.35
25.421,11.31
25.437,12.12
25.453,12.61
25.468,12.8
25.484,12.8
25.500,12.75
25.515,12.77
25.531,12.78
25.546,12.67
25.562,12.3
25.578,11.64
25.593,10.73
25.609,9.7
25.625,8.71
25.640,7.81
25.656,6.95
25.671,6.08
25.687,5.09
25.703,3.99
25.718,2.89
25.734,1.92
25.750,1.23
25.765,0.81
25.781,0.57
25.796,0.26
25.812,-0.3
25.828,-1.14
25.843,-2.14
25.859,-3.08
25.875,-3.72
25.890,-3.97
25.906,-3.94
25.921,-3.91
25.937,-4.19
25.953,-4.96
25.968,-6.16
25.984,-7.67
26.000,-9.2
26.015,-10.5
26.031,-11.38
26.046,-11.74
26.062,-11.45
26.078,-10.42
26.093,-8.57
26.109,-5.86
26.125,-2.41
26.140,1.48
26.156,5.35
26.171,8.74
26.187,11.31
26.203,12.95
26.218,13.84
26.234,14.26
26.250,14.53
26.265,14.76
26.281,14.95
26.296,14.91
26.312,14.45
26.328,13.54
26.343,12.31
26.359,11.05
26.375,9.99
26.390,9.3
26.406,8.93
26.421,8.73
26.437,8.52
26.453,8.17
26.468,7.74
26.484,7.34
26.500,7.05
26.515,6.85
26.531,6.58
26.546,6.02
26.562,4.97
26.578,3.36
26.593,1.3
26.609,-1.03
26.625,-3.26
26.640,-5.2
26.656,-6.7
26.671,-7.78
26.687,-8.6
26.703,-9.35
26.718,-10.2
26.734,-11.22
26.750,-12.41
26.765,-13.67
26.781,-14.95
26.796,-16.12
26.812,-17.06
26.828,-17.64
26.843,-17.62
26.859,-16.78
26.875,-14.98
26.890,-12.27
26.906,-8.9
26.921,-5.38
26.937,-2.17
26.953,0.41
26.968,2.26
26.984,3.59
27.000,4.72
27.015,5.94
27.031,7.27
27.046,8.63
27.062,9.77
27.078,10.5
27.093,10.81
27.109,10.8
27.125,10.67
27.140,10.52
27.156,10.34
27.171,10.0
27.187,9.38
27.203,8.47
27.218,7.42
27.234,6.51
27.250,5.92
27.265,5.73
27.281,5.72
27.296,5.6
27.312,5.13
27.328,4.31
27.343,3.32
27.359,2.4
27.375,1.72
27.390,1.27
27.406,0.94
27.421,0.5
27.437,-0.19
27.453,-1.11
27.468,-2.1
27.484,-3.02
27.500,-3.76
27.515,-4.32
27.531,-4.84
27.546,-5.44
27.562,-6.21
27.578,-7.16
27.593,-8.27
27.609,-9.4
27.625,-10.5
27.640,-11.59
27.656,-12.74
27.671,-14.0
27.687,-15.24
27.703,-16.16
27.718,-16.33
27.734,-15.43
27.750,-13.44
27.765,-10.6
27.781,-7.37
27.796,-4.28
27.812,-1.77
27.828,0.05
27.843,1.37
27.859,2.5
27.875,3.75
27.890,5.23
27.906,6.89
27.921,8.52
27.937,9.95
27.953,11.02
27.968,11.72
27.984,12.1
28.000,12.22
28.015,12.12
28.031,11.77
28.046,11.19
28.062,10.41
28.078,9.55
28.093,8.73
28.109,8.08
28.125,7.66
28.140,7.43
28.156,7.22
28.171,6.9
28.187,6.32
28.203,5.47
28.218,4.45
28.234,3.5
28.250,2.75
28.265,2.21
28.281,1.79
28.296,1.26
28.312,0.5
28.328,-0.48
28.343,-1.49
28.359,-2.37
28.375,-2.99
28.390,-3.45
28.406,-3.95
28.421,-4.64
28.437,-5.58
28.453,-6.71
28.468,-7.87
28.484,-8.96
28.500,-9.95
28.515,-10.94
28.531,-12.02
28.546,-13.14
28.562,-14.09
28.578,-14.51
28.593,-14.07
28.609,-12.61
28.625,-10.26
28.640,-7.28
28.656,-4.13
28.671,-1.16
28.687,1.45
28.703,3.68
28.718,5.63
28.734,7.42
28.750,9.04
28.765,10.35
28.781,11.19
28.796,11.48
28.812,11.22
28.828,10.57
28.843,9.73
28.859,8.95
28.875,8.36
28.890,8.01
28.906,7.77
28.921,7.54
28.937,7.24
28.953,6.8
28.968,6.24
28.984,5.56
29.000,4.8
29.015,3.95
29.031,2.97
29.046,1.84
29.062,0.57
29.078,-0.72
29.093,-1.84
29.109,-2.54
29.125,-2.78
29.140,-2.67
29.156,-2.48
29.171,-2.51
29.187,-2.95
29.203,-3.73
29.218,-4.53
29.234,-5.02
29.250,-4.93
29.265,-4.32
29.281,-3.46
29.296,-2.67
29.312,-2.18
29.328,-1.98
29.343,-2.02
29.359,-2.17
29.375,-2.39
29.390,-2.76
29.406,-3.34
29.421,-4.13
29.437,-4.88
29.453,-5.24
29.468,-4.83
29.484,-3.51
29.500,-1.33
29.515,1.32
29.531,3.94
29.546,6.16
29.562,7.69
29.578,8.53
29.593,8.83
29.609,8.82
29.625,8.65
29.640,8.43
29.656,8.09
29.671,7.58
29.687,6.95
29.703,6.21
29.718,5.53
29.734,5.03
29.750,4.85
29.765,4.99
29.781,5.38
29.796,5.83
29.812,6.11
29.828,6.15
29.843,5.9
29.859,5.41
29.875,4.79
29.890,4.13
29.906,3.5
29.921,2.91
29.937,2.29
29.953,1.6
29.968,0.94
29.984,0.33
30.000,-0.2
30.015,-0.65
30.031,-1.2
30.046,-1.98
30.062,-3.12
30.078,-4.64
30.093,-6.38
30.109,-8.09
30.125,-9.55
30.140,-10.71
30.156,-11.6
30.171,-12.46
30.187,-13.31
30.203,-14.07
30.218,-14.5
30.234,-14.27
30.250,-13.21
30.265,-11.34
30.281,-8.95
30.296,-6.37
30.312,-3.99
30.328,-1.92
30.343,-0.09
30.359,1.68
30.375,3.53
30.390,5.45
30.406,7.26
30.421,8.71
30.437,9.67
30.453,10.1
30.468,10.2
30.484,10.16
30.500,10.12
30.515,10.07
30.531,9.9
30.546,9.58
30.562,9.16
30.578,8.76
30.593,8.48
30.609,8.41
30.625,8.47
30.640,8.42
30.656,8.08
30.671,7.28
30.687,6.08
30.703,4.71
30.718,3.46
30.734,2.61
30.750,2.25
30.765,2.22
30.781,2.24
30.796,1.98
30.812,1.29
30.828,0.25
30.843,-0.94
30.859,-2.02
30.875,-2.85
30.890,-3.41
30.906,-3.89
30.921,-4.42
30.937,-5.15
30.953,-6.13
30.968,-7.26
30.984,-8.46
31.000,-9.6
31.015,-10.52
31.031,-11.04
31.046,-11.02
31.062,-10.3
31.078,-8.87
31.093,-6.84
31.109,-4.44
31.125,-1.89
31.140,0.55
31.156,2.74
31.171,4.61
31.187,6.17
31.203,7.45
31.218,8.57
31.234,9.61
31.250,10.65
31.265,11.66
31.281,12.58
31.296,13.25
31.312,13.61
31.328,13.66
31.343,13.49
31.359,13.24
31.375,13.01
31.390,12.83
31.406,12.6
31.421,12.29
31.437,11.87
31.453,11.44
31.468,11.11
31.484,10.99
31.500,11.01
31.515,11.01
31.531,10.8
31.546,10.25
31.562,9.34
31.578,8.17
31.593,6.84
31.609,5.4
31.625,3.85
31.640,2.12
31.656,0.2
31.671,-1.84
31.687,-3.85
31.703,-5.74
31.718,-7.47
31.734,-9.06
31.750,-10.57
31.765,-12.09
31.781,-13.66
31.796,-15.23
31.812,-16.71
31.828,-17.86
31.843,-18.43
31.859,-18.2
31.875,-17.14
31.890,-15.35
31.906,-13.21
31.921,-11.13
31.937,-9.43
31.953,-8.25
31.968,-7.5
31.984,-6.97
32.000,-6.5
32.015,-6.07
32.031,-5.73
32.046,-5.56
32.062,-5.53
32.078,-5.52
32.093,-5.34
32.109,-4.85
32.125,-4.09
32.140,-3.28
32.156,-2.69
32.171,-2.49
32.187,-2.6
32.203,-2.72
32.218,-2.53
32.234,-1.86
32.250,-0.71
32.265,0.66
32.281,1.89
32.296,2.71
32.312,3.06
32.328,3.04
32.343,2.9
32.359,2.75
32.375,2.54
32.390,2.1
32.406,1.27
32.437,-1.57
32.453,-3.22
32.468,-4.73
32.484,-5.97
32.500,-6.99
32.515,-7.93
32.531,-9.01
32.546,-10.35
32.562,-11.97
32.578,-13.75
32.593,-15.5
32.609,-16.99
32.625,-17.98
32.640,-18.28
32.656,-17.73
32.671,-16.28
32.687,-13.97
32.703,-10.92
32.718,-7.44
32.734,-3.98
32.750,-0.96
32.765,1.39
32.781,2.96
32.796,4.0
32.812,4.8
32.828,5.67
32.843,6.89
32.859,8.5
32.875,10.38
32.890,12.33
32.906,14.12
32.921,15.45
32.937,16.14
32.953,16.08
32.968,15.28
32.984,13.97
33.000,12.36
33.015,10.71
33.031,9.16
33.046,7.75
33.062,6.41
33.078,5.18
33.093,4.08
33.109,3.21
33.125,2.75
33.140,2.67
33.156,2.93
33.171,3.42
33.187,4.07
33.203,4.92
33.218,6.08
33.234,7.52
33.250,8.88
33.265,9.8
33.281,9.76
33.296,8.6
33.312,6.56
33.328,4.07
33.343,1.61
33.359,-0.56
33.375,-2.47
33.390,-4.42
33.406,-6.52
33.421,-8.65
33.437,-10.45
33.453,-11.47
33.468,-11.58
33.484,-10.93
33.500,-9.97
33.515,-9.22
33.531,-8.94
33.546,-9.23
33.562,-9.9
33.578,-10.68
33.593,-11.32
33.609,-11.7
33.625,-11.71
33.640,-11.28
33.656,-10.46
33.671,-9.29
33.687,-7.88
33.703,-6.37
33.718,-4.9
33.734,-3.57
33.750,-2.39
33.765,-1.36
33.781,-0.42
33.796,0.46
33.812,1.27
33.828,2.0
33.843,2.67
33.859,3.24
33.875,3.62
33.890,3.82
33.906,3.77
33.921,3.56
33.937,3.26
33.953,2.92
33.968,2.53
33.984,2.08
34.000,1.55
34.015,0.97
34.031,0.42
34.046,-0.12
34.062,-0.61
34.078,-1.11
34.093,-1.65
34.109,-2.22
34.125,-2.72
34.140,-3.1
34.156,-3.36
34.171,-3.6
34.187,-3.94
34.203,-4.41
34.218,-4.85
34.234,-5.03
34.250,-4.74
34.265,-3.97
34.281,-2.8
34.296,-1.46
34.312,-0.16
34.328,0.97
34.343,1.96
34.359,2.87
34.375,3.79
34.390,4.71
34.406,5.56
34.421,6.24
34.437,6.75
34.453,7.13
34.468,7.44
34.484,7.82
34.500,8.26
34.515,8.78
34.531,9.32
34.546,9.84
34.562,10.33
34.578,10.92
34.593,11.73
34.609,12.89
34.625,14.47
34.640,16.35
34.656,18.34
34.671,20.2
34.687,21.72
34.703,22.82
34.718,23.57
34.734,24.09
34.750,24.59
34.765,25.16
34.781,25.89
34.796,26.92
34.812,28.34
34.828,30.21
34.843,32.53
34.859,35.16
34.875,37.82
34.890,40.19
34.906,42.03
34.921,43.19
34.937,43.77
34.953,43.94
34.968,43.93
34.984,43.97
35.000,44.27
35.015,44.99
35.031,46.2
35.046,47.91
35.062,49.97
35.078,52.25
35.093,54.45
35.109,56.32
35.125,57.65
35.140,58.24
35.156,57.99
35.171,56.86
35.187,54.85
35.203,51.92
35.218,48.08
35.234,43.22
35.250,37.21
35.265,29.9
35.281,21.13
35.296,10.88
35.312,-0.73
35.328,-13.25
35.343,-26.05
35.359,-38.16
35.375,-48.61
35.390,-56.59
35.406,-61.63
35.421,-63.87
35.437,-63.73
35.453,-61.85
35.468,-58.79
35.484,-54.96
35.500,-50.51
35.515,-45.64
35.531,-40.55
35.546,-35.53
35.562,-30.94
35.578,-26.9
35.593,-23.39
35.609,-20.24
35.625,-17.29
35.640,-14.46
35.656,-11.87
35.671,-9.77
35.687,-8.32
35.703,-7.7
35.718,-7.74
35.734,-8.17
35.750,-8.67
35.765,-8.92
35.781,-8.82
35.796,-8.42
35.812,-7.94
35.828,-7.52
35.843,-7.42
35.859,-7.69
35.875,-8.31
35.890,-9.26
35.906,-10.44
35.921,-11.78
35.937,-13.16
35.953,-14.46
35.968,-15.4
35.984,-15.8
36.000,-15.49
36.015,-14.45
36.031,-12.78
36.046,-10.56
36.062,-7.87
36.078,-4.7
36.093,-1.1
36.109,2.85
36.125,6.82
36.140,10.46
36.156,13.41
36.171,15.48
36.187,16.76
36.203,17.48
36.218,17.99
36.234,18.47
36.250,18.97
36.265,19.34
36.281,19.35
36.296,18.78
36.312,17.52
36.328,15.64
36.343,13.27
36.359,10.59
36.375,7.78
36.390,4.94
36.406,2.12
36.421,-0.6
36.437,-3.0
36.453,-4.86
36.468,-5.77
36.484,-5.29
36.500,-2.96
36.515,1.57
36.531,8.54
36.546,17.76
36.562,28.58
36.578,39.84
36.593,49.91
36.609,57.12
36.625,60.22
36.640,58.77
36.656,53.17
36.671,44.59
36.687,34.34
36.703,23.55
36.718,12.85
36.734,2.49
36.750,-7.53
36.765,-17.21
36.781,-26.4
36.796,-34.84
36.812,-42.06
36.828,-47.47
36.843,-50.49
36.859,-50.66
36.875,-47.92
36.890,-42.71
36.906,-35.98
36.921,-28.98
36.937,-22.93
36.953,-18.66
36.968,-16.56
36.984,-16.53
37.000,-18.08
37.015,-20.62
37.031,-23.45
37.046,-25.89
37.062,-27.39
37.078,-27.65
37.093,-26.67
37.109,-24.93
37.125,-23.26
37.140,-22.39
37.156,-22.86
37.171,-24.67
37.187,-27.39
37.203,-30.27
37.218,-32.75
37.234,-34.56
37.250,-35.96
37.265,-37.6
37.281,-40.04
37.296,-43.56
37.312,-47.83
37.328,-51.99
37.343,-54.93
37.359,-55.79
37.375,-54.21
37.390,-50.57
37.406,-45.87
37.421,-41.28
37.437,-37.86
37.453,-36.08
37.468,-35.8
37.484,-36.34
37.500,-36.79
37.515,-36.24
37.531,-34.2
37.546,-30.65
37.562,-25.94
37.578,-20.72
37.593,-15.62
37.609,-11.05
37.625,-7.27
37.640,-4.43
37.656,-2.58
37.671,-1.69
37.687,-1.68
37.703,-2.26
37.718,-3.04
37.734,-3.52
37.750,-3.37
37.765,-2.51
37.781,-1.19
37.796,0.19
37.812,1.29
37.828,1.96
37.843,2.42
37.859,2.88
37.875,3.65
37.890,4.86
37.906,6.4
37.921,8.02
37.937,9.46
37.953,10.46
37.968,10.89
37.984,10.81
38.000,10.29
38.015,9.47
38.031,8.45
38.046,7.13
38.062,5.3
38.078,2.68
38.093,-0.87
38.109,-5.26
38.125,-10.07
38.140,-14.85
38.156,-19.23
38.171,-23.06
38.187,-26.49
38.203,-29.65
38.218,-32.53
38.234,-34.86
38.250,-36.22
38.265,-36.22
38.281,-34.61
38.296,-31.39
38.312,-26.73
38.328,-20.96
38.343,-14.46
38.359,-7.75
38.375,-1.36
38.390,4.18
38.406,8.51
38.421,11.53
38.437,13.37
38.453,14.39
38.468,14.9
38.484,15.16
38.500,15.29
38.515,15.29
38.531,15.16
38.546,14.9
38.562,14.6
38.578,14.32
38.593,14.11
38.609,13.96
38.625,13.84
38.640,13.69
38.656,13.46
38.671,13.16
38.687,12.77
38.703,12.33
38.718,11.84
38.734,11.29
38.750,10.68
38.765,10.03
38.781,9.27
38.796,8.39
38.812,7.39
38.828,6.29
38.843,5.15
38.859,4.07
38.875,3.08
38.890,2.2
38.906,1.4
38.921,0.56
38.937,-0.35
38.953,-1.37
38.968,-2.38
38.984,-3.26
39.000,-3.85
39.015,-4.13
39.031,-4.12
39.046,-4.06
39.062,-4.19
39.078,-4.6
39.093,-5.39
39.109,-6.45
39.125,-7.61
39.140,-8.68
39.156,-9.58
39.171,-10.17
39.187,-10.47
39.203,-10.43
39.218,-9.97
39.234,-9.03
39.250,-7.54
39.265,-5.53
39.281,-3.14
39.296,-0.58
39.312,1.93
39.328,4.21
39.343,6.18
39.359,7.74
39.375,8.83
39.390,9.43
39.406,9.56
39.421,9.29
39.437,8.81
39.453,8.34
39.468,8.16
39.484,8.4
39.500,9.06
39.515,10.01
39.531,11.05
39.546,11.99
39.562,12.67
39.578,13.11
39.593,13.38
39.609,13.59
39.625,13.78
39.640,13.96
39.656,14.04
39.671,13.99
39.687,13.85
39.703,13.72
39.718,13.7
39.734,13.83
39.750,13.91
39.765,13.73
39.781,13.1
39.796,11.95
39.812,10.37
39.828,8.58
39.843,6.8
39.859,5.16
39.875,3.67
39.890,2.26
39.906,0.88
39.921,-0.5
39.937,-1.82
39.953,-3.03
39.968,-3.99
39.984,-4.55
40.000,-4.64
40.015,-4.3
40.031,-3.77
40.046,-3.34
40.062,-3.31
40.078,-3.85
40.093,-4.77
40.109,-5.7
40.125,-6.17
40.140,-5.89
40.156,-4.78
40.171,-3.05
40.187,-1.01
40.203,1.11
40.218,3.11
40.234,4.99
40.250,6.74
40.265,8.36
40.281,9.8
40.296,11.01
40.312,11.98
40.328,12.66
40.343,13.08
40.359,13.22
40.375,13.12
40.390,12.74
40.406,12.16
40.421,11.46
40.437,10.73
40.453,10.06
40.468,9.47
40.484,8.97
40.500,8.48
40.515,8.03
40.531,7.58
40.546,7.13
40.562,6.73
40.578,6.38
40.593,6.04
40.609,5.64
40.625,5.15
40.640,4.55
40.656,3.93
40.671,3.38
40.687,2.98
40.703,2.8
40.718,2.75
40.734,2.74
40.750,2.64
40.765,2.43
40.781,2.09
40.796,1.67
40.812,1.15
40.828,0.47
40.843,-0.33
40.859,-1.29
40.875,-2.22
40.890,-3.0
40.906,-3.54
40.921,-3.89
40.937,-4.22
40.953,-4.76
40.968,-5.65
40.984,-6.8
41.000,-8.02
41.015,-8.95
41.031,-9.32
41.046,-9.09
41.062,-8.3
41.078,-7.08
41.093,-5.54
41.109,-3.74
41.125,-1.71
41.140,0.43
41.156,2.57
41.171,4.48
41.187,5.99
41.203,7.02
41.218,7.52
41.234,7.57
41.250,7.35
41.265,7.01
41.281,6.61
41.296,6.23
41.312,5.81
41.328,5.32
41.343,4.73
41.359,4.05
41.375,3.43
41.390,3.07
41.406,3.16
41.421,3.72
41.437,4.61
41.453,5.57
41.468,6.32
41.484,6.72
41.500,6.75
41.515,6.57
41.531,6.43
41.546,6.42
41.562,6.5
41.578,6.57
41.593,6.52
41.609,6.34
41.625,6.13
41.640,5.93
41.656,5.83
41.671,5.79
41.687,5.71
41.703,5.48
41.718,5.04
41.734,4.34
41.750,3.42
41.765,2.35
41.781,1.18
41.812,-1.18
41.828,-2.33
41.843,-3.43
41.859,-4.46
41.875,-5.36
41.890,-6.1
41.906,-6.66
41.921,-7.0
41.937,-7.15
41.953,-7.15
41.968,-6.97
41.984,-6.55
42.000,-5.81
42.015,-4.67
42.031,-3.15
42.046,-1.4
42.062,0.35
42.078,1.86
42.093,2.94
42.109,3.6
42.125,3.98
42.140,4.25
42.156,4.56
42.171,4.91
42.187,5.22
42.203,5.33
42.218,5.19
42.234,4.87
42.250,4.54
42.265,4.4
42.281,4.57
42.296,5.06
42.312,5.76
42.328,6.53
42.343,7.25
42.359,7.84
42.375,8.35
42.390,8.82
42.406,9.21
42.421,9.44
42.437,9.35
42.453,8.82
42.468,7.86
42.484,6.62
42.500,5.31
42.515,4.17
42.531,3.34
42.546,2.81
42.562,2.55
42.578,2.39
42.593,2.25
42.609,2.01
42.625,1.64
42.640,1.09
42.656,0.36
42.671,-0.52
42.687,-1.51
42.703,-2.54
42.718,-3.6
42.734,-4.62
42.750,-5.6
42.765,-6.47
42.781,-7.26
42.796,-7.95
42.812,-8.49
42.828,-8.88
42.843,-9.1
42.859,-9.17
42.875,-9.08
42.890,-8.77
42.906,-8.13
42.921,-7.07
42.937,-5.6
42.953,-3.8
42.968,-1.87
42.984,0.01
43.000,1.7
43.015,3.16
43.031,4.37
43.046,5.32
43.062,5.95
43.078,6.12
43.093,5.8
43.109,5.08
43.125,4.12
43.140,3.14
43.156,2.24
43.171,1.47
43.187,0.83
43.203,0.32
43.218,-0.1
43.234,-0.37
43.250,-0.49
43.265,-0.38
43.281,0.02
43.296,0.69
43.312,1.59
43.328,2.62
43.343,3.63
43.359,4.43
43.375,4.93
43.390,5.05
43.406,4.86
43.421,4.51
43.437,4.05
43.453,3.53
43.468,2.92
43.484,2.22
43.500,1.41
43.515,0.52
43.531,-0.41
43.546,-1.31
43.562,-2.09
43.578,-2.77
43.593,-3.32
43.609,-3.78
43.625,-4.23
43.640,-4.67
43.656,-5.1
43.671,-5.54
43.687,-6.04
43.703,-6.66
43.718,-7.52
43.734,-8.6
43.750,-9.74
43.765,-10.69
43.781,-11.11
43.796,-10.8
43.812,-9.79
43.828,-8.32
43.843,-6.78
43.859,-5.45
43.875,-4.38
43.890,-3.49
43.906,-2.6
43.921,-1.56
43.937,-0.37
43.953,0.75
43.968,1.59
43.984,2.07
44.000,2.2
44.015,2.17
44.031,2.21
44.046,2.36
44.062,2.63
44.078,2.86
44.093,2.92
44.109,2.75
44.125,2.38
44.140,1.93
44.156,1.51
44.171,1.19
44.187,0.93
44.203,0.64
44.218,0.21
44.234,-0.52
44.250,-1.59
44.265,-3.07
44.281,-4.94
44.296,-7.1
44.312,-9.39
44.328,-11.51
44.343,-13.15
44.359,-13.98
44.375,-13.78
44.390,-12.53
44.406,-10.54
44.421,-8.43
44.437,-6.81
44.453,-6.25
44.468,-6.91
44.484,-8.51
44.500,-10.46
44.515,-12.02
44.531,-12.61
44.546,-12.06
44.562,-10.64
44.578,-8.88
44.593,-7.42
44.609,-6.68
44.625,-6.72
44.640,-7.2
44.656,-7.65
44.671,-7.55
44.687,-6.69
44.703,-5.16
44.718,-3.2
44.734,-1.09
44.750,1.03
44.765,3.21
44.781,5.57
44.796,8.16
44.812,10.89
44.828,13.51
44.843,15.76
44.859,17.37
44.875,18.28
44.890,18.52
44.906,18.21
44.921,17.45
44.937,16.37
44.953,15.15
44.968,13.89
44.984,12.74
45.000,11.79
45.015,11.08
45.031,10.65
45.046,10.57
45.062,10.87
45.078,11.67
45.093,13.05
45.109,14.96
45.125,17.31
45.140,19.98
45.156,22.74
45.171,25.36
45.187,27.55
45.203,28.98
45.218,29.39
45.234,28.88
45.250,27.66
45.265,26.16
45.281,24.8
45.296,23.77
45.312,22.9
45.328,21.75
45.343,19.91
45.359,17.15
45.375,13.7
45.390,9.95
45.406,6.31
45.421,3.1
45.437,0.64
45.453,-0.77
45.468,-0.96
45.484,-0.14
45.500,1.09
45.515,1.75
45.531,1.0
45.546,-1.39
45.562,-4.86
45.578,-8.26
45.593,-10.42
45.609,-10.74
45.625,-9.4
45.640,-7.08
45.656,-4.51
45.671,-2.1
45.687,0.26
45.703,2.73
45.718,5.26
45.734,7.48
45.750,8.94
45.765,9.31
45.781,8.57
45.796,6.98
45.812,4.99
45.828,3.0
45.843,1.22
45.859,-0.46
45.875,-2.31
45.890,-4.5
45.906,-7.04
45.921,-9.83
45.937,-12.61
45.953,-15.03
45.968,-16.8
45.984,-17.73
46.000,-17.65
46.015,-16.6
46.031,-14.76
46.046,-12.39
46.062,-9.86
46.078,-7.45
46.093,-5.32
46.109,-3.48
46.125,-1.85
46.140,-0.24
46.156,1.45
46.171,3.25
46.187,5.06
46.203,6.69
46.218,7.92
46.234,8.55
46.250,8.5
46.265,7.79
46.281,6.61
46.296,5.14
46.312,3.59
46.328,2.09
46.343,0.59
46.359,-1.01
46.375,-2.88
46.390,-5.22
46.406,-8.14
46.421,-11.71
46.437,-15.96
46.453,-20.83
46.468,-26.11
46.484,-31.48
46.500,-36.49
46.515,-40.64
46.531,-43.63
46.546,-45.36
46.562,-46.08
46.578,-46.23
46.593,-46.25
46.609,-46.44
46.625,-46.9
46.640,-47.47
46.656,-48.02
46.671,-48.38
46.687,-48.48
46.703,-48.23
46.718,-47.6
46.734,-46.48
46.750,-44.88
46.765,-42.87
46.781,-40.57
46.796,-38.12
46.812,-35.57
46.828,-32.9
46.843,-29.94
46.859,-26.63
46.875,-22.82
46.890,-18.52
46.906,-13.7
46.921,-8.44
46.937,-2.85
46.953,2.86
46.968,8.45
46.984,13.78
47.000,18.69
47.015,23.19
47.031,27.24
47.046,30.84
47.062,33.92
47.078,36.28
47.093,37.73
47.109,38.13
47.125,37.44
47.140,35.79
47.156,33.44
47.171,30.68
47.187,27.81
47.203,25.15
47.218,22.78
47.234,20.71
47.250,18.8
47.265,16.89
47.281,14.89
47.296,12.85
47.312,10.9
47.328,9.11
47.343,7.65
47.359,6.41
47.375,5.33
47.390,4.24
47.406,3.07
47.421,1.8
47.437,0.43
47.453,-0.96
47.468,-2.31
47.484,-3.47
47.500,-4.3
47.515,-4.6
47.531,-4.29
47.546,-3.39
47.562,-2.0
47.578,-0.32
47.593,1.5
47.609,3.36
47.625,5.17
47.640,6.88
47.656,8.42
47.671,9.71
47.687,10.62
47.703,11.16
47.718,11.27
47.734,11.04
47.750,10.51
47.765,9.72
47.781,8.74
47.796,7.63
47.812,6.52
47.828,5.52
47.843,4.75
47.859,4.2
47.875,3.83
47.890,3.53
47.906,3.2
47.921,2.89
47.937,2.61
47.953,2.43
47.968,2.43
47.984,2.57
48.000,2.77
48.015,2.93
48.031,2.96
48.046,2.78
48.062,2.45
48.078,1.94
48.093,1.29
48.109,0.52
48.125,-0.43
48.140,-1.5
48.156,-2.63
48.171,-3.7
48.187,-4.64
48.203,-5.39
48.218,-5.97
48.234,-6.49
48.250,-7.06
48.265,-7.82
48.281,-8.75
48.296,-9.74
48.312,-10.57
48.328,-11.01
48.343,-10.86
48.359,-10.08
48.375,-8.73
48.390,-7.01
48.406,-5.12
48.421,-3.18
48.437,-1.29
48.453,0.51
48.468,2.15
48.484,3.5
48.500,4.45
48.515,5.01
48.531,5.27
48.546,5.38
48.562,5.53
48.578,5.8
48.593,6.21
48.609,6.7
48.625,7.12
48.640,7.36
48.656,7.35
48.671,7.15
48.687,6.85
48.703,6.63
48.718,6.58
48.734,6.71
48.750,6.94
48.765,7.02
48.781,6.86
48.796,6.4
48.812,5.7
48.828,4.98
48.843,4.43
48.859,4.13
48.875,4.07
48.890,4.18
48.906,4.28
48.921,4.35
48.937,4.38
48.953,4.35
48.968,4.33
48.984,4.33
49.000,4.27
49.015,4.1
49.031,3.8
49.046,3.32
49.062,2.67
49.078,1.86
49.093,0.88
49.109,-0.23
49.125,-1.41
49.140,-2.5
49.156,-3.23
49.171,-3.27
49.187,-2.39
49.203,-0.5
49.218,2.24
49.234,5.5
49.250,8.85
49.265,11.9
49.281,14.42
49.296,16.42
49.312,18.01
49.328,19.28
49.343,20.35
49.359,21.25
49.375,21.96
49.390,22.5
49.406,22.84
49.421,22.95
49.437,22.79
49.453,22.31
49.468,21.48
49.484,20.4
49.500,19.21
49.515,18.09
49.531,17.13
49.546,16.31
49.562,15.59
49.578,14.86
49.593,14.14
49.609,13.44
49.625,12.85
49.640,12.35
49.656,11.85
49.671,11.22
49.687,10.44
49.703,9.6
49.718,8.87
49.734,8.41
49.750,8.17
49.765,8.0
49.781,7.61
49.796,6.78
49.812,5.54
49.828,4.01
49.843,2.48
49.859,1.12
49.875,-0.02
49.890,-1.08
49.906,-2.19
49.921,-3.43
49.937,-4.8
49.953,-6.17
49.968,-7.45
49.984,-8.64
50.000,-9.74
50.015,-10.76
50.031,-11.64
50.046,-12.23
50.062,-12.36
50.078,-12.0
50.093,-11.09
50.109,-9.76
50.125,-8.16
50.140,-6.43
50.156,-4.69
50.171,-3.11
50.187,-1.78
50.203,-0.79
50.218,-0.21
50.234,0.04
50.250,0.05
50.281,0.04
50.296,0.29
50.312,0.72
50.328,1.27
50.343,1.86
50.359,2.36
50.375,2.71
50.390,2.83
50.406,2.66
50.421,2.26
50.437,1.67
50.453,1.01
50.468,0.4
50.484,-0.1
50.500,-0.48
50.515,-0.74
50.531,-0.97
50.546,-1.26
50.562,-1.61
50.578,-1.95
50.593,-2.18
50.609,-2.24
50.625,-2.17
50.640,-2.06
50.656,-1.95
50.671,-1.91
50.687,-1.93
50.703,-1.98
50.718,-2.05
50.734,-2.19
50.750,-2.41
50.765,-2.81
50.781,-3.4
50.796,-4.15
50.812,-5.02
50.828,-6.0
50.843,-7.07
50.859,-8.16
50.875,-9.26
50.890,-10.29
50.906,-11.33
50.921,-12.38
50.937,-13.52
50.953,-14.61
50.968,-15.43
50.984,-15.67
51.000,-15.16
51.015,-13.89
51.031,-12.09
51.046,-10.06
51.062,-8.05
51.078,-6.21
51.093,-4.56
51.109,-3.09
51.125,-1.8
51.140,-0.76
51.156,0.03
51.171,0.6
51.187,1.02
51.203,1.4
51.218,1.83
51.234,2.31
51.250,2.78
51.265,3.14
51.281,3.32
51.296,3.29
51.312,3.16
51.328,3.16
51.343,3.44
51.359,4.14
51.375,5.2
51.390,6.37
51.406,7.32
51.421,7.87
51.437,7.88
51.453,7.48
51.468,6.84
51.484,6.04
51.500,5.09
51.515,3.97
51.531,2.73
51.546,1.49
51.562,0.48
51.578,-0.25
51.593,-0.7
51.609,-1.04
51.625,-1.57
51.640,-2.43
51.656,-3.59
51.671,-4.79
51.687,-5.73
51.703,-6.15
51.718,-6.02
51.734,-5.47
51.750,-4.79
51.765,-4.31
51.781,-4.25
51.796,-4.73
51.812,-5.71
51.828,-7.01
51.843,-8.34
51.859,-9.37
51.875,-9.76
51.890,-9.3
51.906,-7.98
51.921,-5.95
51.937,-3.57
51.953,-1.22
51.968,0.87
51.984,2.59
52.000,4.01
52.015,5.24
52.031,6.29
52.046,7.1
52.062,7.61
52.078,7.81
52.093,7.79
52.109,7.77
52.125,7.93
52.140,8.32
52.156,8.87
52.171,9.34
52.187,9.57
52.203,9.5
52.218,9.16
52.234,8.66
52.250,8.08
52.265,7.4
52.281,6.57
52.296,5.57
52.312,4.39
52.328,3.15
52.343,2.07
52.359,1.29
52.375,0.87
52.390,0.74
52.406,0.68
52.421,0.46
52.437,0.01
52.453,-0.65
52.468,-1.37
52.484,-2.02
52.500,-2.55
52.515,-2.96
52.531,-3.32
52.546,-3.68
52.562,-4.08
52.578,-4.5
52.593,-4.99
52.609,-5.61
52.625,-6.5
52.640,-7.73
52.656,-9.25
52.671,-10.84
52.687,-12.16
52.703,-12.89
52.718,-12.79
52.734,-11.85
52.750,-10.21
52.765,-8.1
52.781,-5.86
52.796,-3.7
52.812,-1.76
52.828,-0.1
52.843,1.32
52.859,2.5
52.875,3.46
52.890,4.16
52.906,4.63
52.921,4.83
52.937,4.82
52.953,4.71
52.968,4.59
52.984,4.55
53.000,4.51
53.015,4.37
53.031,4.02
53.046,3.49
53.062,2.81
53.078,2.13
53.093,1.53
53.109,1.0
53.125,0.48
53.140,-0.12
53.156,-0.84
53.171,-1.62
53.187,-2.26
53.203,-2.67
53.218,-2.75
53.234,-2.59
53.250,-2.38
53.265,-2.28
53.281,-2.39
53.296,-2.67
53.312,-3.04
53.328,-3.42
53.343,-3.76
53.359,-4.1
53.375,-4.5
53.390,-5.06
53.406,-5.79
53.421,-6.69
53.437,-7.65
53.453,-8.6
53.468,-9.45
53.484,-10.15
53.500,-10.73
53.515,-11.21
53.531,-11.62
53.546,-11.85
53.562,-11.75
53.578,-11.08
53.593,-9.77
53.609,-7.82
53.625,-5.45
53.640,-2.94
53.656,-0.49
53.671,1.71
53.687,3.62
53.703,5.22
53.718,6.53
53.734,7.51
53.750,8.22
53.765,8.7
53.781,9.07
53.796,9.52
53.812,10.13
53.828,10.9
53.843,11.75
53.859,12.6
53.875,13.34
53.890,13.99
53.906,14.54
53.921,15.01
53.937,15.44
53.953,15.9
53.968,16.53
53.984,17.45
54.000,18.8
54.015,20.6
54.031,22.72
54.046,24.92
54.062,27.03
54.078,29.0
54.093,30.84
54.109,32.66
54.125,34.53
54.140,36.48
54.156,38.57
54.171,40.78
54.187,43.1
54.203,45.57
54.218,48.27
54.234,51.15
54.250,54.22
54.265,57.39
54.281,60.66
54.296,64.13
54.312,67.93
54.328,72.17
54.343,76.84
54.359,81.45
54.375,84.95
54.390,86.02
54.406,83.46
54.421,76.79
54.437,66.7
54.453,54.49
54.468,41.51
54.484,28.45
54.500,14.86
54.515,-0.73
54.531,-19.69
54.546,-42.22
54.562,-66.71
54.578,-89.98
54.593,-108.63
54.609,-120.15
54.625,-123.5
54.640,-118.96
54.656,-108.28
54.671,-93.88
54.687,-78.58
54.703,-65.04
54.718,-55.37
54.734,-50.66
54.750,-50.36
54.765,-52.0
54.781,-51.73
54.796,-46.87
54.812,-36.69
54.828,-22.74
54.843,-7.67
54.859,6.27
54.875,17.9
54.890,27.04
54.906,33.78
54.921,37.65
54.937,35.34
54.953,21.87
54.968,-7.58
54.984,-55.32
55.000,-119.47
55.015,-194.72
55.031,-274.08
55.046,-350.67
55.062,-408.78
55.078,-434.33
55.093,-419.34
55.109,-366.95
55.125,-290.46
55.140,-205.96
55.156,-125.47
55.171,-54.65
55.187,5.82
55.203,57.77
55.218,101.81
55.234,137.35
55.250,163.59
55.265,180.8
55.281,191.33
55.296,198.92
55.312,206.55
55.328,215.61
55.343,225.61
55.359,233.54
55.375,236.07
55.390,231.86
55.406,220.6
55.421,204.61
55.437,187.36
55.453,171.72
55.468,159.67
55.484,151.84
55.500,147.11
55.515,144.13
55.531,141.63
55.546,139.13
55.562,137.25
55.578,136.98
55.593,138.79
55.609,142.73
55.625,148.16
55.640,153.87
55.656,158.69
55.671,161.71
55.687,162.2
55.703,159.57
55.718,155.4
55.734,150.02
55.750,143.59
55.765,136.19
55.781,127.69
55.796,118.14
55.812,107.57
55.828,95.87
55.843,83.14
55.859,69.5
55.875,54.93
55.890,39.86
55.906,24.89
55.921,10.73
55.937,-2.05
55.953,-13.37
55.968,-23.65
55.984,-33.67
56.000,-44.54
56.015,-57.1
56.031,-71.58
56.046,-87.47
56.062,-103.93
56.078,-120.14
56.093,-135.45
56.109,-149.38
56.125,-161.87
56.140,-172.53
56.156,-181.25
56.171,-188.65
56.187,-196.41
56.203,-206.7
56.218,-220.29
56.234,-234.9
56.250,-244.72
56.265,-242.81
56.281,-222.81
56.296,-182.2
56.312,-123.9
56.328,-55.74
56.343,12.33
56.359,71.46
56.375,114.44
56.390,136.43
56.406,132.53
56.421,100.87
56.437,43.4
56.453,-34.25
56.468,-123.91
56.484,-216.74
56.500,-304.79
56.515,-382.95
56.531,-449.13
56.546,-505.71
56.562,-553.25
56.578,-589.44
56.593,-611.02
56.609,-616.2
56.625,-606.4
56.640,-584.61
56.656,-555.02
56.671,-521.67
56.687,-491.28
56.703,-465.99
56.718,-441.84
56.734,-411.35
56.750,-366.62
56.765,-303.05
56.781,-220.58
56.796,-125.46
56.812,-5.75
56.828,126.82
56.843,246.36
56.859,329.7
56.875,369.99
56.890,376.47
56.906,361.69
56.921,337.35
56.937,308.73
56.953,278.0
56.968,243.78
56.984,208.04
57.000,179.29
57.015,165.07
57.031,169.01
57.046,189.71
57.062,222.71
57.078,261.97
57.093,301.31
57.109,332.7
57.125,351.17
57.140,355.92
57.156,348.66
57.171,332.51
57.187,310.88
57.203,287.51
57.218,265.32
57.234,245.81
57.250,227.08
57.265,207.36
57.281,186.28
57.296,164.24
57.312,142.21
57.328,121.05
57.343,101.96
57.359,85.94
57.375,73.44
57.390,63.54
57.406,55.22
57.421,47.83
57.437,41.12
57.453,35.3
57.468,31.18
57.484,30.0
57.500,32.74
57.515,39.5
57.531,48.96
57.546,58.97
57.562,67.39
57.578,72.93
57.593,75.68
57.609,76.82
57.625,77.59
57.640,78.34
57.656,77.86
57.671,73.82
57.687,64.0
57.703,47.83
57.718,27.13
57.734,5.69
57.750,-12.52
57.765,-25.11
57.781,-32.04
57.796,-35.54
57.812,-38.35
57.828,-42.38
57.843,-47.58
57.859,-52.13
57.875,-54.01
57.890,-52.23
57.906,-47.65
57.921,-42.85
57.937,-40.66
57.953,-42.52
57.968,-47.6
57.984,-52.91
58.000,-54.88
58.015,-51.32
58.031,-42.62
58.046,-31.91
58.062,-23.43
58.078,-20.4
58.093,-23.35
58.109,-29.86
58.125,-36.13
58.140,-38.9
58.156,-37.03
58.171,-31.95
58.187,-26.69
58.203,-24.28
58.218,-26.35
58.234,-32.57
58.250,-41.24
58.265,-50.51
58.281,-59.07
58.296,-66.85
58.312,-74.27
58.328,-81.7
58.343,-88.69
58.359,-93.71
58.375,-94.99
58.390,-91.22
58.406,-82.32
58.421,-69.79
58.437,-56.25
58.453,-44.15
58.468,-34.8
58.484,-27.55
58.500,-20.53
58.515,-11.92
58.531,-0.95
58.546,11.29
58.562,22.45
58.578,29.97
58.593,32.67
58.609,31.41
58.625,28.69
58.640,27.21
58.656,28.11
58.671,30.42
58.687,31.87
58.703,30.32
58.718,25.09
58.734,17.53
58.750,10.15
58.765,5.51
58.781,5.07
58.796,7.3
58.812,9.48
58.828,9.6
58.843,7.84
58.859,6.57
58.875,8.81
58.890,16.31
58.906,28.97
58.921,44.63
58.937,57.9
58.953,64.15
58.968,62.29
58.984,56.13
59.000,51.84
59.015,54.56
59.031,65.94
59.046,83.76
59.062,103.26
59.078,116.1
59.093,116.05
59.109,102.84
59.125,82.85
59.140,64.51
59.156,53.43
59.171,49.51
59.187,47.49
59.203,39.71
59.218,14.52
59.234,-37.02
59.250,-116.86
59.265,-218.66
59.281,-331.72
59.296,-445.82
59.312,-554.0
59.328,-651.82
59.343,-706.24
59.359,-689.54
59.375,-594.17
59.390,-440.02
59.406,-260.82
59.421,-85.39
59.437,70.06
59.453,199.07
59.468,300.68
59.484,376.38
59.500,428.68
59.515,456.95
59.531,461.98
59.546,448.58
59.562,423.86
59.578,394.45
59.593,364.89
59.609,337.33
59.625,312.52
59.640,288.48
59.656,262.56
59.671,234.29
59.687,206.54
59.703,183.52
59.718,168.32
59.734,161.86
59.750,162.09
59.765,165.03
59.781,163.46
59.796,149.4
59.812,117.45
59.828,66.71
59.843,-0.18
59.859,-78.75
59.875,-163.99
59.890,-251.55
59.906,-337.58
59.921,-420.24
59.937,-499.21
59.953,-574.47
59.968,-645.89
59.984,-713.31
