timestamp,value
00.000,218.14
00.015,218.15
00.031,217.23
00.046,211.79
00.062,198.87
00.078,177.26
00.093,147.76
00.109,112.64
00.125,74.41
00.140,34.96
00.156,-4.8
00.171,-44.46
00.187,-83.23
00.203,-119.53
00.218,-150.8
00.234,-174.47
00.250,-188.96
00.265,-194.45
00.281,-192.92
00.296,-186.89
00.312,-178.06
00.328,-166.04
00.343,-148.78
00.359,-124.08
00.375,-91.58
00.390,-53.74
00.406,-15.6
00.421,16.76
00.437,38.14
00.453,45.04
00.468,35.73
00.484,9.66
00.500,-32.52
00.515,-87.95
00.531,-150.42
00.546,-210.57
00.562,-258.09
00.578,-285.16
00.593,-289.51
00.609,-274.9
00.625,-249.3
00.640,-221.3
00.656,-197.16
00.671,-179.46
00.687,-167.71
00.703,-160.03
00.718,-154.09
00.734,-147.41
00.750,-137.01
00.765,-119.4
00.781,-91.49
00.796,-52.04
00.812,-2.66
00.828,52.01
00.843,105.56
00.859,151.48
00.875,184.76
00.890,202.92
00.906,206.36
00.921,197.68
00.937,180.6
00.953,158.75
00.968,134.65
00.984,109.51
01.000,83.53
01.015,56.63
01.031,29.09
01.046,2.13
01.062,-22.17
01.078,-41.58
01.093,-54.5
01.109,-60.69
01.125,-61.3
01.140,-58.53
01.156,-54.79
01.171,-51.92
01.187,-50.57
01.203,-50.29
01.218,-50.07
01.234,-48.91
01.250,-46.59
01.265,-43.25
01.281,-38.98
01.296,-33.43
01.312,-25.74
01.328,-15.06
01.343,-1.14
01.359,15.37
01.375,33.16
01.390,50.36
01.406,64.85
01.421,74.42
01.437,76.76
01.453,69.62
01.468,51.27
01.484,21.31
01.500,-18.68
01.515,-64.69
01.531,-110.78
01.546,-149.98
01.562,-175.69
01.578,-183.25
01.593,-171.09
01.609,-141.33
01.625,-99.07
01.640,-50.72
01.656,-1.95
01.671,43.62
01.687,84.75
01.703,121.61
01.718,154.25
01.734,182.25
01.750,204.53
01.765,220.2
01.781,229.11
01.796,231.96
01.812,229.72
01.828,223.46
01.843,214.7
01.859,205.92
01.875,200.65
01.890,202.34
01.906,212.49
01.921,228.88
01.937,246.08
01.953,257.46
01.968,258.43
01.984,248.44
02.000,230.65
02.015,209.86
02.031,189.76
02.046,171.18
02.062,152.23
02.078,129.84
02.093,101.62
02.109,67.05
02.125,27.72
02.140,-13.49
02.156,-53.37
02.171,-89.22
02.187,-119.59
02.203,-144.21
02.218,-163.76
02.234,-179.24
02.250,-191.59
02.265,-201.26
02.281,-208.56
02.296,-213.92
02.312,-218.05
02.328,-221.73
02.343,-225.22
02.359,-227.77
02.375,-227.72
02.390,-223.29
02.406,-213.21
02.421,-197.51
02.437,-177.58
02.453,-155.86
02.468,-135.19
02.484,-117.81
02.500,-104.9
02.515,-96.52
02.531,-91.91
02.546,-90.2
02.562,-90.86
02.578,-93.52
02.593,-97.55
02.609,-101.5
02.625,-103.12
02.640,-100.09
02.656,-91.13
02.671,-76.6
02.687,-58.43
02.703,-39.23
02.718,-20.96
02.734,-4.23
02.750,11.77
02.765,28.38
02.781,46.7
02.796,67.02
02.812,88.88
02.828,111.26
02.843,132.69
02.859,151.56
02.875,166.14
02.890,175.43
02.906,179.62
02.921,180.14
02.937,178.93
02.953,177.23
02.968,174.27
02.984,167.39
03.000,153.36
03.015,129.98
03.031,97.43
03.046,58.35
03.062,17.04
03.078,-21.29
03.093,-51.46
03.109,-68.76
03.125,-70.01
03.140,-54.81
03.156,-26.86
03.171,6.34
03.187,35.28
03.203,51.32
03.218,49.76
03.234,30.86
03.250,-0.95
03.265,-39.29
03.281,-78.11
03.296,-112.82
03.312,-140.31
03.328,-158.69
03.343,-167.33
03.359,-167.15
03.375,-160.73
03.390,-151.62
03.406,-142.85
03.421,-135.9
03.437,-130.39
03.453,-124.62
03.468,-116.89
03.484,-106.87
03.500,-95.89
03.515,-86.21
03.531,-79.99
03.546,-78.2
03.562,-80.53
03.578,-85.72
03.593,-92.3
03.609,-99.03
03.625,-105.09
03.640,-109.85
03.656,-112.7
03.671,-112.86
03.687,-109.1
03.703,-99.83
03.718,-83.47
03.734,-58.97
03.750,-26.45
03.765,12.2
03.781,52.98
03.796,89.99
03.812,116.49
03.828,126.79
03.843,118.37
03.859,93.12
03.875,57.63
03.890,21.64
03.906,-4.83
03.921,-14.78
03.937,-6.62
03.953,15.38
03.968,43.63
03.984,71.35
04.000,95.73
04.015,118.93
04.031,145.51
04.046,178.34
04.062,214.89
04.078,246.94
04.093,263.45
04.109,255.82
04.125,222.33
04.140,169.13
04.156,107.58
04.171,49.22
04.187,1.44
04.203,-34.06
04.218,-59.52
04.234,-78.19
04.250,-91.92
04.265,-100.49
04.281,-102.97
04.296,-99.14
04.312,-90.57
04.328,-80.37
04.343,-71.9
04.359,-67.61
04.375,-68.46
04.390,-73.94
04.406,-82.39
04.421,-91.69
04.437,-99.5
04.453,-103.8
04.468,-103.51
04.484,-98.78
04.500,-90.94
04.515,-82.02
04.531,-73.85
04.546,-67.28
04.562,-62.01
04.578,-57.1
04.593,-51.93
04.609,-46.99
04.625,-43.86
04.640,-44.53
04.656,-50.36
04.671,-61.23
04.687,-75.32
04.703,-89.69
04.718,-100.97
04.734,-106.23
04.750,-103.61
04.765,-92.52
04.781,-73.67
04.796,-48.83
04.812,-20.49
04.828,8.66
04.843,36.12
04.859,59.99
04.875,79.16
04.890,93.2
04.906,102.4
04.921,107.6
04.937,110.15
04.953,111.51
04.968,112.83
04.984,114.45
05.000,115.82
05.015,115.66
05.031,112.4
05.046,104.9
05.062,92.77
05.078,76.63
05.093,57.93
05.109,38.57
05.125,20.42
05.140,4.98
05.156,-6.89
05.171,-15.21
05.187,-20.53
05.203,-23.73
05.218,-25.57
05.234,-26.51
05.250,-26.53
05.265,-25.51
05.281,-23.52
05.296,-20.81
05.312,-18.06
05.328,-16.01
05.343,-15.34
05.359,-16.51
05.375,-19.69
05.390,-24.88
05.406,-31.78
05.421,-39.78
05.437,-47.81
05.453,-54.64
05.468,-59.03
05.484,-60.47
05.500,-59.27
05.515,-56.61
05.531,-53.94
05.546,-52.34
05.562,-52.05
05.578,-52.27
05.593,-51.67
05.609,-48.68
05.625,-42.22
05.640,-31.76
05.656,-17.28
05.671,0.65
05.687,21.06
05.703,42.6
05.718,63.88
05.734,83.64
05.750,101.25
05.765,116.59
05.781,130.02
05.796,142.11
05.812,153.25
05.828,163.54
05.843,172.7
05.859,180.15
05.875,185.31
05.890,187.88
05.906,188.21
05.921,187.6
05.937,188.38
05.953,193.14
05.968,203.96
05.984,221.15
06.000,242.71
06.015,264.36
06.031,280.45
06.046,285.23
06.062,274.39
06.078,246.15
06.093,201.85
06.109,146.07
06.125,85.78
06.140,28.89
06.156,-17.62
06.171,-49.36
06.187,-65.52
06.203,-68.58
06.218,-62.99
06.234,-53.8
06.250,-45.39
06.265,-41.12
06.281,-43.44
06.296,-54.04
06.312,-73.56
06.328,-101.18
06.343,-134.05
06.359,-167.61
06.375,-196.57
06.390,-216.43
06.406,-224.66
06.421,-221.11
06.437,-207.59
06.453,-186.94
06.468,-162.4
06.484,-137.23
06.500,-114.77
06.515,-98.46
06.531,-91.44
06.546,-95.72
06.562,-111.18
06.578,-135.07
06.593,-162.23
06.609,-186.59
06.625,-202.82
06.640,-207.83
06.656,-201.31
06.671,-185.08
06.687,-161.83
06.703,-133.9
06.718,-102.66
06.734,-68.77
06.750,-32.96
06.765,3.13
06.781,36.76
06.796,64.46
06.812,83.18
06.828,91.39
06.843,89.82
06.859,81.34
06.875,70.26
06.890,61.09
06.906,57.3
06.921,60.62
06.937,70.71
06.953,85.54
06.968,102.05
06.984,116.73
07.000,126.2
07.015,127.59
07.031,119.01
07.046,100.0
07.062,72.06
07.078,38.69
07.093,4.87
07.109,-24.04
07.125,-43.83
07.140,-52.69
07.156,-51.69
07.171,-44.44
07.187,-35.79
07.203,-30.27
07.218,-30.81
07.234,-37.97
07.250,-50.14
07.265,-64.27
07.281,-77.05
07.296,-85.91
07.312,-89.7
07.328,-88.59
07.343,-83.28
07.359,-74.45
07.375,-62.25
07.390,-46.56
07.406,-27.66
07.421,-6.75
07.437,13.91
07.453,31.42
07.468,43.02
07.484,46.69
07.500,41.23
07.515,26.27
07.531,2.11
07.546,-30.01
07.562,-67.5
07.578,-106.05
07.593,-140.17
07.609,-164.23
07.625,-174.27
07.640,-169.32
07.656,-151.61
07.671,-125.49
07.687,-95.54
07.703,-64.98
07.718,-35.07
07.734,-5.89
07.750,22.36
07.765,48.29
07.781,69.26
07.796,82.16
07.812,84.89
07.828,77.76
07.843,64.1
07.859,49.71
07.875,40.99
07.890,42.63
07.906,55.61
07.921,76.57
07.937,98.86
07.953,114.96
07.968,119.44
07.984,110.87
08.000,91.76
08.015,66.82
08.031,40.35
08.046,14.62
08.062,-10.24
08.078,-34.79
08.093,-58.57
08.109,-79.35
08.125,-93.69
08.140,-98.47
08.156,-92.45
08.171,-76.89
08.187,-55.12
08.203,-31.14
08.218,-8.17
08.234,12.16
08.250,29.6
08.265,44.41
08.281,56.79
08.296,66.45
08.312,72.8
08.328,75.43
08.343,74.35
08.359,70.18
08.375,63.99
08.390,57.05
08.406,50.56
08.421,45.63
08.437,42.94
08.453,42.61
08.468,43.94
08.484,45.56
08.500,45.7
08.515,42.5
08.531,34.51
08.546,20.89
08.562,1.8
08.578,-21.64
08.593,-47.06
08.609,-71.23
08.625,-90.56
08.640,-101.96
08.656,-103.69
08.671,-95.72
08.687,-79.63
08.703,-57.76
08.718,-32.48
08.734,-5.47
08.750,22.16
08.765,49.5
08.781,75.73
08.796,100.07
08.812,121.85
08.828,140.51
08.843,155.44
08.859,165.5
08.875,168.81
08.890,162.89
08.906,145.44
08.921,116.0
08.937,77.07
08.953,34.54
08.968,-3.74
08.984,-30.39
09.000,-41.2
09.015,-36.84
09.031,-22.54
09.046,-6.17
09.062,4.75
09.078,5.37
09.093,-5.31
09.109,-25.02
09.125,-49.81
09.140,-75.71
09.156,-99.57
09.171,-119.07
09.187,-132.37
09.203,-137.84
09.218,-134.62
09.234,-123.24
09.250,-105.8
09.265,-85.59
09.281,-65.85
09.296,-48.31
09.312,-32.46
09.328,-16.31
09.343,2.23
09.359,23.59
09.375,45.82
09.390,65.12
09.406,77.11
09.421,78.45
09.437,67.68
09.453,45.54
09.468,14.26
09.484,-22.96
09.500,-62.55
09.515,-100.93
09.531,-134.83
09.546,-161.55
09.562,-179.04
09.578,-185.94
09.593,-181.48
09.609,-165.72
09.625,-139.68
09.640,-105.77
09.656,-67.75
09.671,-30.25
09.687,2.32
09.703,27.15
09.718,43.82
09.734,54.21
09.750,61.44
09.765,68.47
09.781,77.02
09.796,87.31
09.812,98.74
09.828,110.62
09.843,122.4
09.859,133.21
09.875,141.16
09.890,143.49
09.906,137.66
09.921,122.79
09.937,100.6
09.953,74.92
09.968,49.92
09.984,28.32
10.000,10.41
10.015,-5.27
10.031,-20.29
10.046,-34.89
10.062,-47.8
10.078,-57.25
10.093,-62.38
10.109,-64.11
10.125,-64.55
10.140,-65.78
10.156,-68.61
10.171,-72.37
10.187,-75.49
10.203,-76.49
10.218,-74.59
10.234,-69.76
10.250,-62.56
10.265,-53.66
10.281,-43.71
10.296,-33.34
10.312,-23.26
10.328,-14.22
10.343,-6.77
10.359,-1.13
10.375,2.92
10.390,5.67
10.406,7.31
10.421,7.7
10.437,6.37
10.453,2.77
10.468,-3.26
10.484,-11.36
10.500,-20.61
10.515,-29.72
10.531,-37.51
10.546,-43.02
10.562,-45.6
10.578,-44.92
10.593,-40.89
10.609,-33.62
10.625,-23.5
10.640,-11.19
10.656,2.51
10.671,16.67
10.687,30.4
10.703,42.92
10.718,53.64
10.734,62.38
10.750,69.34
10.765,75.24
10.781,80.99
10.796,87.36
10.812,94.53
10.828,101.85
10.843,108.0
10.859,111.42
10.875,110.93
10.890,106.01
10.906,97.01
10.921,84.75
10.937,70.18
10.953,53.84
10.968,35.87
10.984,16.21
11.000,-4.81
11.015,-26.1
11.031,-45.81
11.046,-61.78
11.062,-72.43
11.078,-77.27
11.093,-77.15
11.109,-73.77
11.125,-68.92
11.140,-63.85
11.156,-59.15
11.171,-55.0
11.187,-51.5
11.203,-48.75
11.218,-46.77
11.234,-45.34
11.250,-44.15
11.265,-43.1
11.281,-42.48
11.296,-42.65
11.312,-43.42
11.328,-43.06
11.343,-38.04
11.359,-23.63
11.375,4.54
11.390,48.41
11.406,105.97
11.421,170.96
11.437,234.12
11.453,285.36
11.468,316.36
11.484,322.51
11.500,303.79
11.515,264.44
11.531,211.52
11.546,153.23
11.562,97.04
11.578,48.38
11.593,10.02
11.609,-17.85
11.625,-36.7
11.640,-48.34
11.656,-53.88
11.671,-53.42
11.687,-46.42
11.703,-32.46
11.718,-12.0
11.734,13.48
11.750,41.69
11.765,70.11
11.781,96.24
11.796,117.74
11.812,132.42
11.828,138.37
11.843,134.45
11.859,120.67
11.875,98.39
11.890,70.19
11.906,39.15
11.921,8.19
11.937,-20.4
11.953,-45.09
11.968,-65.15
11.984,-80.8
12.000,-93.28
12.015,-104.58
12.031,-116.66
12.046,-130.24
12.062,-144.19
12.078,-155.71
12.093,-161.67
12.109,-160.42
12.125,-152.91
12.140,-142.4
12.156,-132.87
12.171,-126.98
12.187,-124.79
12.203,-124.17
12.218,-122.36
12.234,-117.43
12.250,-109.01
12.265,-97.94
12.281,-85.5
12.296,-73.31
12.312,-63.57
12.328,-59.25
12.343,-63.41
12.359,-77.32
12.375,-98.69
12.390,-121.24
12.406,-136.35
12.421,-136.35
12.437,-117.88
12.453,-83.25
12.468,-39.18
12.484,5.92
12.500,45.01
12.515,73.92
12.531,91.29
12.546,97.47
12.562,93.58
12.578,81.3
12.593,63.48
12.609,44.55
12.625,29.42
12.640,22.22
12.656,25.11
12.671,37.63
12.687,56.98
12.703,78.68
12.718,98.24
12.734,112.84
12.750,122.99
12.765,130.86
12.781,139.0
12.796,148.66
12.812,159.36
12.828,168.87
12.843,173.6
12.859,170.28
12.875,157.38
12.890,137.22
12.906,113.43
12.921,89.72
12.937,68.17
12.953,49.34
12.968,32.02
12.984,13.76
13.000,-8.23
13.015,-36.1
13.031,-68.97
13.046,-105.58
13.062,-144.32
13.078,-183.59
13.093,-220.83
13.109,-247.78
13.125,-254.51
13.140,-233.73
13.156,-195.7
13.171,-149.36
13.187,-102.07
13.203,-55.29
13.218,-10.54
13.234,32.97
13.250,77.45
13.265,125.56
13.281,177.93
13.296,229.85
13.312,272.41
13.328,293.09
13.343,282.39
13.359,239.02
13.375,175.21
13.390,101.74
13.406,26.79
13.421,-45.07
13.437,-112.7
13.453,-172.36
13.468,-220.46
13.484,-253.45
13.500,-268.79
13.515,-265.17
13.531,-244.13
13.546,-208.98
13.562,-164.58
13.578,-116.26
13.593,-68.13
13.609,-24.13
13.625,12.54
13.640,39.28
13.656,54.61
13.671,57.74
13.687,49.85
13.703,33.77
13.718,13.32
13.734,-6.8
13.750,-22.76
13.765,-32.04
13.781,-33.99
13.796,-29.73
13.812,-22.08
13.828,-13.98
13.843,-7.6
13.859,-3.76
13.875,-1.79
13.890,-0.54
13.906,0.85
13.921,2.29
13.937,2.67
13.953,0.22
13.968,-6.39
13.984,-17.38
14.000,-31.78
14.015,-47.63
14.031,-62.42
14.046,-73.57
14.062,-78.93
14.078,-77.42
14.093,-69.52
14.109,-57.36
14.125,-44.12
14.140,-33.05
14.156,-26.29
14.171,-24.32
14.187,-25.91
14.203,-28.73
14.218,-30.39
14.234,-29.17
14.250,-24.52
14.265,-17.05
14.281,-8.27
14.296,-0.24
14.312,4.82
14.328,4.99
14.343,-0.79
14.359,-12.54
14.375,-29.44
14.390,-50.18
14.406,-73.63
14.421,-99.12
14.437,-126.47
14.453,-155.37
14.468,-184.8
14.484,-212.48
14.500,-234.79
14.515,-247.38
14.531,-246.33
14.546,-229.4
14.562,-196.92
14.578,-151.98
14.593,-99.62
14.609,-45.68
14.625,4.64
14.640,47.62
14.656,81.32
14.671,105.41
14.687,120.52
14.703,127.92
14.718,129.18
14.734,126.05
14.750,120.16
14.765,112.74
14.781,104.42
14.796,95.15
14.812,84.63
14.828,72.64
14.843,59.55
14.859,46.35
14.875,34.46
14.890,25.44
14.906,20.54
14.921,20.45
14.937,25.27
14.953,34.52
14.968,47.3
14.984,62.37
15.000,78.34
15.015,93.8
15.031,107.42
15.046,118.23
15.062,125.75
15.078,130.06
15.093,131.67
15.109,131.27
15.125,129.41
15.140,126.39
15.156,122.26
15.171,117.05
15.187,110.94
15.203,104.37
15.218,97.86
15.234,91.84
15.250,86.67
15.265,82.54
15.281,79.72
15.296,78.65
15.312,79.7
15.328,82.89
15.343,87.54
15.359,92.05
15.375,94.07
15.390,91.28
15.406,82.05
15.421,66.1
15.437,44.7
15.453,20.27
15.468,-4.21
15.484,-26.04
15.500,-43.18
15.515,-54.38
15.531,-58.93
15.546,-56.54
15.562,-47.23
15.578,-31.61
15.593,-11.42
15.609,10.44
15.625,30.19
15.640,44.1
15.656,49.64
15.671,46.44
15.687,36.15
15.703,21.93
15.718,7.23
15.734,-5.33
15.750,-14.31
15.765,-19.38
15.781,-20.74
15.796,-18.72
15.812,-13.45
15.828,-4.96
15.843,6.55
15.859,20.67
15.875,36.6
15.890,53.13
15.906,68.57
15.921,80.84
15.937,87.84
15.953,87.97
15.968,80.68
15.984,66.56
16.000,47.21
16.015,24.47
16.031,-0.21
16.046,-26.16
16.062,-53.28
16.078,-81.6
16.093,-110.73
16.109,-139.62
16.125,-166.73
16.140,-190.12
16.156,-207.8
16.171,-217.69
16.187,-217.73
16.203,-206.26
16.218,-182.62
16.234,-147.82
16.250,-104.75
16.265,-57.62
16.281,-10.89
16.296,31.91
16.312,68.86
16.328,99.54
16.343,124.32
16.359,143.57
16.375,157.29
16.390,165.18
16.406,166.85
16.421,162.05
16.437,150.83
16.453,133.82
16.468,112.63
16.484,89.81
16.500,68.67
16.515,52.64
16.531,44.62
16.546,45.89
16.562,56.06
16.578,73.48
16.593,96.14
16.609,122.23
16.625,149.87
16.640,176.58
16.656,199.14
16.671,214.3
16.687,219.35
16.703,213.22
16.718,197.03
16.734,173.82
16.750,147.45
16.765,121.09
16.781,96.29
16.796,73.29
16.812,52.33
16.828,33.72
16.843,17.92
16.859,4.88
16.875,-6.28
16.890,-17.43
16.906,-30.6
16.921,-46.86
16.937,-67.25
16.953,-88.0
16.968,-102.32
16.984,-104.1
17.000,-91.19
17.015,-66.51
17.031,-35.33
17.046,-2.21
17.062,29.73
17.078,58.68
17.093,82.76
17.109,100.31
17.125,110.39
17.140,113.47
17.156,111.4
17.171,106.01
17.187,97.09
17.203,81.4
17.218,54.34
17.234,13.14
17.250,-40.44
17.265,-99.38
17.281,-153.61
17.296,-193.84
17.312,-215.09
17.328,-217.95
17.343,-207.11
17.359,-188.06
17.375,-164.45
17.390,-137.73
17.406,-108.81
17.421,-80.01
17.437,-55.73
17.453,-41.58
17.468,-42.4
17.484,-60.42
17.500,-94.5
17.515,-140.87
17.531,-195.1
17.546,-253.5
17.562,-313.42
17.578,-372.13
17.593,-425.57
17.609,-467.79
17.625,-492.4
17.640,-494.95
17.656,-475.32
17.671,-438.42
17.687,-392.82
17.703,-347.81
17.718,-310.2
17.734,-282.6
17.750,-263.42
17.765,-248.49
17.781,-232.85
17.796,-212.21
17.812,-183.54
17.828,-145.13
17.843,-96.79
17.859,-39.76
17.875,22.9
17.890,86.76
17.906,146.71
17.921,198.12
17.937,238.32
17.953,267.42
17.968,288.53
17.984,306.49
18.000,325.63
18.015,347.24
18.031,368.07
18.046,380.76
18.062,376.34
18.078,348.05
18.093,294.84
18.109,223.18
18.125,145.93
18.140,78.46
18.156,33.48
18.171,16.55
18.187,24.44
18.203,46.84
18.218,70.74
18.234,85.32
18.250,85.15
18.265,70.71
18.281,46.35
18.296,17.15
18.312,-13.3
18.328,-43.34
18.343,-72.25
18.359,-98.72
18.375,-120.36
18.390,-134.67
18.406,-140.25
18.421,-137.74
18.437,-129.74
18.453,-119.66
18.468,-110.18
18.484,-102.47
18.500,-96.21
18.515,-90.31
18.531,-84.02
18.546,-77.6
18.562,-72.13
18.578,-68.93
18.593,-68.6
18.609,-70.43
18.625,-72.33
18.640,-71.53
18.656,-65.77
18.671,-54.41
18.687,-38.76
18.703,-21.72
18.718,-6.75
18.734,3.62
18.750,8.58
18.765,9.26
18.781,8.16
18.796,7.89
18.812,10.21
18.828,15.62
18.843,23.59
18.859,33.0
18.875,42.82
18.890,52.05
18.906,59.62
18.921,64.44
18.937,65.41
18.953,61.81
18.968,53.7
18.984,41.89
19.000,27.54
19.015,12.12
19.031,-2.75
19.046,-15.14
19.062,-22.81
19.078,-23.57
19.093,-16.08
19.109,-0.79
19.125,19.61
19.140,40.71
19.156,57.73
19.171,67.02
19.187,67.34
19.203,60.14
19.218,48.85
19.234,37.49
19.250,29.28
19.265,25.75
19.281,26.63
19.296,30.39
19.312,34.81
19.328,37.84
19.343,38.3
19.359,36.07
19.375,32.32
19.390,28.92
19.406,27.84
19.421,30.55
19.437,37.55
19.453,48.03
19.468,60.03
19.484,70.93
19.500,77.92
19.515,78.96
19.531,72.98
19.546,60.41
19.562,43.27
19.578,25.0
19.593,9.77
19.609,1.33
19.625,1.64
19.640,10.11
19.656,23.81
19.671,38.62
19.687,50.71
19.703,57.98
19.718,60.44
19.734,59.88
19.750,58.85
19.765,59.59
19.781,63.49
19.796,71.11
19.812,82.5
19.828,97.22
19.843,114.64
19.859,133.79
19.875,153.71
19.890,173.51
19.906,192.45
19.921,209.92
19.937,224.98
19.953,236.11
19.968,241.0
19.984,237.17
20.000,222.72
20.015,197.85
20.031,165.45
20.046,130.67
20.062,99.75
20.078,78.04
20.093,68.28
20.109,69.79
20.125,78.97
20.140,90.63
20.156,99.87
20.171,103.32
20.187,99.47
20.203,88.26
20.218,70.3
20.234,46.49
20.250,18.06
20.265,-13.38
20.281,-46.07
20.296,-78.53
20.312,-110.1
20.328,-141.26
20.343,-173.14
20.359,-206.62
20.375,-241.39
20.390,-275.15
20.406,-304.32
20.421,-325.14
20.437,-334.84
20.453,-332.38
20.468,-318.59
20.484,-295.42
20.500,-265.42
20.515,-231.53
20.531,-196.79
20.546,-164.75
20.562,-138.71
20.578,-120.49
20.593,-109.2
20.609,-101.55
20.625,-93.12
20.640,-80.52
20.656,-63.18
20.671,-43.6
20.687,-25.86
20.703,-13.03
20.718,-5.52
20.734,-1.14
20.750,3.08
20.765,8.75
20.781,14.9
20.796,18.66
20.812,17.22
20.828,9.72
20.843,-1.89
20.859,-13.7
20.875,-21.52
20.890,-22.42
20.906,-15.55
20.921,-2.23
20.937,14.63
20.953,31.67
20.968,45.91
20.984,55.43
21.000,59.39
21.015,57.9
21.031,51.75
21.046,42.08
21.062,30.15
21.078,17.2
21.093,4.51
21.109,-7.06
21.125,-17.4
21.140,-27.28
21.156,-37.69
21.171,-48.67
21.187,-58.28
21.203,-62.14
21.218,-54.71
21.234,-31.91
21.250,5.85
21.265,52.45
21.281,97.32
21.296,129.22
21.312,140.19
21.328,128.25
21.343,97.47
21.359,55.36
21.375,9.8
21.390,-33.37
21.406,-70.68
21.421,-100.0
21.437,-119.24
21.453,-126.26
21.468,-119.69
21.484,-100.12
21.500,-70.72
21.515,-36.69
21.531,-3.62
21.546,24.24
21.562,44.83
21.578,58.12
21.593,65.11
21.609,66.64
21.625,63.14
21.640,55.02
21.656,43.57
21.671,31.55
21.687,22.86
21.703,21.03
21.718,27.74
21.734,41.79
21.750,59.46
21.765,75.87
21.781,86.68
21.796,89.84
21.812,86.01
21.828,78.02
21.843,69.55
21.859,63.58
21.875,60.9
21.890,59.83
21.906,57.04
21.921,48.91
21.937,33.22
21.953,10.19
21.968,-17.23
21.984,-43.95
22.000,-64.08
22.015,-72.6
22.031,-66.97
22.046,-48.26
22.062,-20.96
22.078,8.3
22.093,32.69
22.109,47.28
22.125,50.12
22.140,42.22
22.156,26.66
22.171,7.24
22.187,-12.5
22.203,-29.77
22.218,-42.44
22.234,-49.34
22.250,-50.19
22.265,-45.78
22.281,-37.86
22.296,-28.64
22.312,-20.15
22.328,-13.96
22.343,-10.99
22.359,-11.18
22.375,-13.87
22.390,-18.01
22.406,-22.67
22.421,-27.66
22.437,-33.87
22.453,-43.01
22.468,-56.2
22.484,-72.49
22.500,-88.26
22.515,-98.03
22.531,-96.42
22.546,-80.62
22.562,-51.78
22.578,-14.68
22.593,23.81
22.609,57.23
22.625,81.34
22.640,94.78
22.656,98.7
22.671,96.17
22.687,91.24
22.703,88.1
22.718,89.83
22.734,96.93
22.750,106.61
22.765,113.76
22.781,113.22
22.796,102.35
22.812,82.75
22.828,59.66
22.843,40.17
22.859,30.69
22.875,34.86
22.890,52.66
22.906,80.78
22.921,113.72
22.937,145.17
22.953,169.49
22.968,182.87
22.984,184.33
23.000,175.47
23.015,159.32
23.031,138.64
23.046,114.76
23.062,87.54
23.078,56.43
23.093,21.91
23.109,-13.92
23.125,-47.47
23.140,-74.56
23.156,-91.39
23.171,-95.02
23.187,-83.95
23.203,-58.81
23.218,-23.04
23.234,16.89
23.250,52.29
23.265,74.69
23.281,78.68
23.296,63.79
23.312,34.92
23.328,0.02
23.343,-33.05
23.359,-59.2
23.375,-76.96
23.390,-87.58
23.406,-93.18
23.421,-95.36
23.437,-95.05
23.453,-93.03
23.468,-90.79
23.484,-90.17
23.500,-92.19
23.515,-95.87
23.531,-97.97
23.546,-94.27
23.562,-81.63
23.578,-60.18
23.593,-33.9
23.609,-9.31
23.625,6.98
23.640,10.96
23.656,2.62
23.671,-14.41
23.687,-34.84
23.703,-54.02
23.718,-69.75
23.734,-82.63
23.750,-94.96
23.765,-109.19
23.781,-126.5
23.796,-146.41
23.812,-167.31
23.828,-187.3
23.843,-204.83
23.859,-218.61
23.875,-226.99
23.890,-227.32
23.906,-216.45
23.921,-192.21
23.937,-155.16
23.953,-109.38
23.968,-61.54
23.984,-18.39
24.000,15.81
24.015,40.41
24.031,57.58
24.046,70.16
24.062,79.86
24.078,87.11
24.093,92.02
24.109,96.04
24.125,102.36
24.140,114.49
24.156,133.65
24.171,156.67
24.187,176.21
24.203,183.46
24.218,172.07
24.234,140.98
24.250,95.3
24.265,44.31
24.281,-2.09
24.296,-36.46
24.312,-55.5
24.328,-59.65
24.343,-51.31
24.359,-33.41
24.375,-8.94
24.390,18.84
24.406,46.22
24.421,69.45
24.437,85.88
24.453,94.91
24.468,97.96
24.484,97.6
24.500,96.22
24.515,94.88
24.531,93.13
24.546,89.65
24.562,82.83
24.578,71.75
24.593,56.29
24.609,37.04
24.625,15.1
24.640,-8.06
24.656,-30.45
24.671,-49.87
24.687,-64.49
24.703,-73.58
24.718,-77.91
24.734,-79.62
24.750,-81.28
24.765,-84.85
24.781,-91.01
24.796,-98.94
24.812,-107.0
24.828,-113.43
24.843,-116.9
24.859,-116.51
24.875,-111.58
24.890,-101.23
24.906,-84.6
24.921,-61.48
24.937,-32.74
24.953,-0.75
24.968,31.08
24.984,59.0
25.000,79.86
25.015,91.59
25.031,93.46
25.046,85.98
25.062,70.7
25.078,50.13
25.093,27.35
25.109,5.49
25.125,-12.89
25.140,-26.35
25.156,-34.76
25.171,-39.16
25.187,-41.41
25.203,-43.49
25.218,-46.86
25.234,-51.84
25.250,-57.42
25.265,-61.69
25.281,-62.63
25.296,-59.04
25.312,-51.17
25.328,-40.72
25.343,-30.03
25.359,-21.32
25.375,-15.94
25.390,-13.98
25.406,-14.57
25.421,-16.42
25.437,-18.46
25.453,-20.17
25.468,-21.57
25.484,-22.99
25.500,-24.6
25.515,-26.39
25.531,-28.02
25.546,-29.08
25.562,-29.24
25.578,-28.51
25.593,-27.15
25.609,-25.66
25.625,-24.46
25.640,-23.71
25.656,-23.13
25.671,-22.03
25.687,-19.57
25.703,-14.92
25.718,-7.77
25.734,1.6
25.750,12.24
25.765,22.86
25.781,32.32
25.796,39.93
25.812,45.5
25.828,49.13
25.843,50.88
25.859,50.9
25.875,49.59
25.890,48.03
25.906,47.79
25.921,50.4
25.937,56.33
25.953,64.5
25.968,72.41
25.984,77.01
26.000,76.05
26.015,68.84
26.031,56.4
26.046,40.72
26.062,23.86
26.078,7.38
26.093,-7.56
26.109,-19.93
26.125,-28.66
26.140,-32.88
26.156,-32.35
26.171,-27.9
26.187,-21.28
26.203,-14.62
26.218,-9.64
26.234,-6.89
26.250,-5.68
26.265,-4.61
26.281,-2.43
26.296,1.2
26.312,5.37
26.328,8.41
26.343,8.77
26.359,6.05
26.375,1.41
26.390,-2.91
26.406,-4.74
26.421,-3.27
26.437,0.29
26.453,3.0
26.468,1.4
26.484,-7.01
26.500,-22.49
26.515,-42.84
26.531,-63.91
26.546,-80.85
26.562,-89.45
26.578,-87.35
26.593,-74.62
26.609,-53.79
26.625,-29.15
26.640,-5.54
26.656,13.28
26.671,25.69
26.687,32.46
26.703,35.86
26.718,38.23
26.734,40.79
26.750,43.36
26.765,44.89
26.781,44.47
26.796,42.03
26.812,38.24
26.828,33.91
26.843,29.23
26.859,23.78
26.875,17.23
26.890,9.94
26.906,3.15
26.921,-1.6
26.937,-3.42
26.953,-2.64
26.968,-0.64
26.984,0.95
27.000,1.08
27.015,-0.25
27.031,-2.25
27.046,-3.88
27.062,-4.31
27.078,-3.03
27.093,0.12
27.109,5.13
27.125,11.62
27.140,18.64
27.156,24.58
27.171,27.81
27.187,27.28
27.203,22.98
27.218,15.85
27.234,7.02
27.250,-2.8
27.265,-13.54
27.281,-25.61
27.296,-39.34
27.312,-54.55
27.328,-70.65
27.343,-87.15
27.359,-104.12
27.375,-121.99
27.390,-140.49
27.406,-157.39
27.421,-168.08
27.437,-166.31
27.453,-146.01
27.468,-103.7
27.484,-39.85
27.500,40.79
27.515,130.44
27.531,220.13
27.546,301.48
27.562,367.79
27.578,414.22
27.593,437.84
27.609,437.33
27.625,413.49
27.640,369.86
27.656,312.86
27.671,251.11
27.687,193.58
27.703,147.01
27.718,113.76
27.734,91.28
27.750,73.49
27.765,54.09
27.781,30.03
27.796,3.04
27.812,-21.4
27.828,-37.04
27.843,-40.36
27.859,-32.07
27.875,-16.06
27.890,2.84
27.906,21.59
27.921,39.78
27.937,58.22
27.953,76.52
27.968,91.25
27.984,96.17
28.000,84.79
28.015,53.36
28.031,3.03
28.046,-60.13
28.062,-127.22
28.078,-189.46
28.093,-240.36
28.109,-276.6
28.125,-297.84
28.140,-305.39
28.156,-301.28
28.171,-287.91
28.187,-267.68
28.203,-243.03
28.218,-216.17
28.234,-188.91
28.250,-162.58
28.265,-138.14
28.281,-116.22
28.296,-96.78
28.312,-79.3
28.328,-63.09
28.343,-47.9
28.359,-34.66
28.375,-25.18
28.390,-21.58
28.406,-25.13
28.421,-35.62
28.437,-51.17
28.453,-69.15
28.468,-87.43
28.484,-105.22
28.500,-122.94
28.515,-141.27
28.531,-159.88
28.546,-176.59
28.562,-187.75
28.578,-189.63
28.593,-180.07
28.609,-159.56
28.625,-131.22
28.640,-99.43
28.656,-68.25
28.671,-40.06
28.687,-15.15
28.703,7.59
28.718,29.65
28.734,51.79
28.750,73.61
28.765,93.72
28.781,110.39
28.796,122.44
28.812,129.93
28.828,134.28
28.843,137.76
28.859,142.66
28.875,150.43
28.890,161.06
28.906,173.14
28.921,184.14
28.937,191.11
28.953,191.48
28.968,183.75
28.984,167.72
29.000,144.62
29.015,116.7
29.031,86.77
29.046,57.62
29.062,31.45
29.078,9.83
29.093,-6.41
29.109,-16.71
29.125,-21.03
29.140,-19.72
29.156,-13.96
29.171,-5.26
29.187,4.8
29.203,14.4
29.218,21.61
29.234,23.69
29.250,17.33
29.265,-0.93
29.281,-33.26
29.296,-79.08
29.312,-133.78
29.328,-188.35
29.343,-231.31
29.359,-251.98
29.375,-243.98
29.390,-207.2
29.406,-147.38
29.421,-73.87
29.437,2.98
29.453,73.72
29.468,130.61
29.484,167.77
29.500,181.59
29.515,171.46
29.531,140.53
29.546,95.89
29.562,47.05
29.578,3.66
29.593,-27.17
29.609,-42.1
29.625,-41.33
29.640,-27.09
29.656,-2.63
29.671,28.48
29.687,62.88
29.703,97.11
29.718,128.04
29.734,153.33
29.750,171.54
29.765,182.25
29.781,186.19
29.796,185.07
29.812,180.79
29.828,175.1
29.843,169.47
29.859,164.99
29.875,162.6
29.890,163.16
29.906,166.9
29.921,173.04
29.937,179.52
29.953,183.32
29.968,181.46
29.984,172.07
30.000,155.06
30.015,132.24
30.031,106.73
30.046,82.02
30.062,61.02
30.078,45.42
30.093,35.48
30.109,30.18
30.125,27.87
30.140,27.03
30.156,26.97
30.171,27.83
30.187,30.34
30.203,34.97
30.218,41.07
30.234,46.77
30.250,49.46
30.265,46.86
30.281,38.09
30.296,24.16
30.312,7.22
30.328,-10.71
30.343,-28.61
30.359,-47.14
30.375,-68.38
30.390,-94.83
30.406,-127.57
30.421,-164.87
30.437,-201.43
30.453,-229.31
30.468,-240.24
30.484,-228.52
30.500,-194.1
30.515,-143.44
30.531,-88.43
30.546,-42.76
30.562,-17.84
30.578,-19.42
30.593,-46.59
30.609,-92.8
30.625,-148.25
30.640,-202.37
30.656,-245.47
30.671,-270.02
30.687,-271.25
30.703,-247.81
30.718,-201.84
30.734,-138.68
30.750,-65.74
30.765,9.04
30.781,78.31
30.796,135.9
30.812,176.55
30.828,195.93
30.843,191.68
30.859,165.05
30.875,122.24
30.890,73.55
30.906,30.72
30.921,3.12
30.937,-5.25
30.953,3.22
30.968,21.28
30.984,40.05
31.000,52.1
31.015,53.62
31.031,44.57
31.046,27.7
31.062,6.8
31.078,-14.73
31.093,-34.95
31.109,-53.3
31.125,-69.84
31.140,-84.3
31.156,-95.32
31.171,-100.78
31.187,-98.96
31.203,-89.78
31.218,-74.76
31.234,-56.44
31.250,-37.14
31.265,-18.11
31.281,0.02
31.296,16.81
31.312,31.35
31.328,42.38
31.343,49.18
31.359,52.5
31.375,54.72
31.390,59.16
31.406,68.57
31.421,83.75
31.437,103.2
31.453,123.53
31.468,140.67
31.484,151.11
31.500,152.83
31.515,145.45
31.531,129.98
31.546,108.35
31.562,82.75
31.578,55.4
31.593,27.9
31.609,0.78
31.625,-26.45
31.640,-54.67
31.656,-84.03
31.671,-112.81
31.687,-137.18
31.703,-152.09
31.718,-152.82
31.734,-136.84
31.750,-104.9
31.765,-60.9
31.781,-10.8
31.796,39.12
31.812,83.87
31.828,120.03
31.843,145.45
31.859,158.56
31.875,158.34
31.890,144.91
31.906,120.61
31.921,90.47
31.937,61.35
31.953,39.95
31.968,30.05
31.984,30.74
32.000,36.86
32.015,42.03
32.031,42.22
32.046,38.76
32.062,37.78
32.078,46.59
32.093,68.6
32.109,99.72
32.125,129.29
32.140,144.57
32.156,136.49
32.171,103.32
32.187,50.63
32.203,-12.28
32.218,-76.78
32.234,-137.54
32.250,-192.12
32.265,-238.65
32.281,-273.9
32.296,-293.75
32.312,-294.95
32.328,-277.73
32.343,-246.63
32.359,-209.06
32.375,-172.64
32.390,-143.01
32.406,-122.92
32.421,-112.6
32.437,-110.9
32.453,-115.82
32.468,-125.05
32.484,-136.33
32.500,-147.92
32.515,-158.76
32.531,-168.44
32.546,-176.69
32.562,-182.71
32.578,-184.82
32.593,-180.76
32.609,-169.04
32.625,-150.27
32.640,-127.43
32.656,-104.69
32.671,-85.85
32.687,-72.56
32.703,-63.96
32.718,-57.11
32.734,-48.33
32.750,-34.63
32.765,-14.64
32.781,11.03
32.796,39.94
32.812,68.41
32.828,92.69
32.843,109.82
32.859,118.34
32.875,118.43
32.890,111.48
32.906,99.4
32.921,83.87
32.937,66.09
32.953,46.81
32.968,26.92
32.984,7.51
33.000,-10.09
33.015,-24.58
33.031,-35.09
33.046,-41.4
33.062,-43.87
33.078,-43.35
33.093,-40.89
33.109,-37.28
33.125,-32.83
33.140,-27.42
33.156,-20.51
33.171,-11.43
33.187,0.53
33.203,16.02
33.218,35.37
33.234,58.12
33.250,82.68
33.265,106.25
33.281,125.54
33.296,138.02
33.312,143.08
33.328,142.58
33.343,140.03
33.359,139.19
33.375,142.26
33.390,148.87
33.406,156.27
33.421,160.41
33.437,157.47
33.453,144.82
33.468,121.66
33.484,88.83
33.500,48.7
33.515,4.91
33.531,-37.96
33.546,-75.08
33.562,-101.96
33.578,-115.45
33.593,-114.45
33.609,-100.3
33.625,-76.4
33.640,-47.36
33.656,-17.79
33.671,8.9
33.687,30.76
33.703,47.21
33.718,58.25
33.734,63.83
33.750,63.68
33.765,57.57
33.781,45.93
33.796,30.13
33.812,12.27
33.828,-5.6
33.843,-22.2
33.859,-37.28
33.875,-51.22
33.890,-64.17
33.906,-75.64
33.921,-84.55
33.937,-89.9
33.953,-91.5
33.968,-90.25
33.984,-87.87
34.000,-86.34
34.015,-87.03
34.031,-90.07
34.046,-94.54
34.062,-98.86
34.078,-101.54
34.093,-101.34
34.109,-97.78
34.125,-91.06
34.140,-82.09
34.156,-72.31
34.171,-63.27
34.187,-56.19
34.203,-51.35
34.218,-48.01
34.234,-44.64
34.250,-39.56
34.265,-31.77
34.281,-21.47
34.296,-9.92
34.312,1.14
34.328,10.36
34.343,17.38
34.359,22.85
34.375,27.68
34.390,32.48
34.406,37.33
34.421,41.71
34.437,45.09
34.453,47.26
34.468,48.35
34.484,48.46
34.500,47.2
34.515,43.67
34.531,37.24
34.546,28.73
34.562,20.81
34.578,17.22
34.593,21.17
34.609,33.78
34.625,53.41
34.640,76.36
34.656,98.55
34.671,117.11
34.687,131.23
34.703,141.8
34.718,150.36
34.734,158.0
34.750,164.79
34.765,169.95
34.781,171.68
34.796,167.32
34.812,153.87
34.828,129.37
34.843,94.59
34.859,53.89
34.875,14.08
34.890,-18.28
34.906,-39.71
34.921,-51.69
34.937,-59.83
34.953,-71.21
34.968,-90.95
34.984,-120.19
35.000,-156.09
35.015,-193.65
35.031,-227.72
35.046,-254.21
35.062,-270.52
35.078,-275.34
35.093,-268.77
35.109,-252.43
35.125,-229.34
35.140,-203.38
35.156,-178.15
35.171,-156.0
35.187,-137.72
35.203,-122.61
35.218,-108.84
35.234,-93.91
35.250,-75.24
35.265,-50.63
35.281,-18.84
35.296,20.15
35.312,64.72
35.328,111.81
35.343,157.2
35.359,196.3
35.375,224.88
35.390,239.91
35.406,240.36
35.421,227.28
35.437,203.63
35.453,173.2
35.468,139.63
35.484,105.8
35.500,74.0
35.515,46.31
35.531,24.84
35.546,11.86
35.562,9.05
35.578,16.93
35.593,34.28
35.609,58.39
35.625,85.82
35.640,113.42
35.656,138.91
35.671,161.07
35.687,179.62
35.703,194.64
35.718,206.44
35.734,215.22
35.750,221.31
35.765,225.07
35.781,226.79
35.796,226.52
35.812,223.85
35.828,218.07
35.843,208.09
35.859,192.86
35.875,171.43
35.890,143.25
35.906,108.33
35.921,67.66
35.937,23.57
35.953,-20.26
35.968,-59.17
35.984,-88.47
36.000,-104.38
36.015,-104.97
36.031,-90.61
36.046,-63.94
36.062,-29.58
36.078,6.37
36.093,36.92
36.109,55.45
36.125,57.16
36.140,40.77
36.156,9.08
36.171,-31.46
36.187,-72.75
36.203,-107.73
36.218,-132.66
36.234,-148.0
36.250,-157.53
36.265,-166.15
36.281,-177.55
36.296,-192.93
36.312,-210.74
36.328,-227.74
36.343,-240.4
36.359,-246.06
36.375,-243.65
36.390,-233.42
36.406,-216.64
36.421,-195.19
36.437,-171.23
36.453,-146.94
36.468,-124.29
36.484,-104.77
36.500,-89.04
36.515,-76.99
36.531,-67.73
36.546,-60.07
36.562,-52.94
36.578,-45.7
36.593,-38.29
36.609,-31.11
36.625,-24.69
36.640,-19.27
36.656,-15.02
36.671,-11.8
36.687,-9.19
36.703,-6.5
36.718,-2.65
36.734,3.76
36.750,14.37
36.765,30.35
36.781,51.76
36.796,76.04
36.812,98.99
36.828,116.01
36.843,123.59
36.859,120.43
36.875,107.44
36.890,87.0
36.906,62.09
36.921,35.4
36.937,7.24
36.953,-22.41
36.968,-53.12
36.984,-83.7
37.000,-112.79
37.015,-140.12
37.031,-166.7
37.046,-193.62
37.062,-220.57
37.078,-247.66
37.093,-272.43
37.109,-290.36
37.125,-296.53
37.140,-287.9
37.156,-265.48
37.171,-234.39
37.187,-202.03
37.203,-175.68
37.218,-164.4
37.234,-174.1
37.250,-206.19
37.265,-257.16
37.281,-319.68
37.296,-385.34
37.312,-446.72
37.328,-498.55
37.343,-515.03
37.359,-479.83
37.375,-390.14
37.390,-260.43
37.406,-115.18
37.421,23.36
37.437,142.16
37.453,237.34
37.468,310.53
37.484,365.85
37.500,404.07
37.515,425.8
37.531,432.76
37.546,428.52
37.562,416.98
37.578,400.61
37.593,380.5
37.609,357.59
37.625,333.89
37.640,310.24
37.656,288.67
37.671,271.14
37.687,257.52
37.703,246.79
37.718,234.59
37.734,215.34
37.750,186.01
37.765,148.04
37.781,104.31
37.796,58.41
37.812,10.25
37.828,-40.38
37.843,-91.88
37.859,-140.92
37.875,-182.72
37.890,-212.14
37.906,-225.73
37.921,-223.98
37.937,-206.26
37.953,-175.52
37.968,-135.34
37.984,-88.82
38.000,-38.8
38.015,12.04
38.031,61.51
38.046,108.01
38.062,150.44
38.078,188.33
38.093,220.72
38.109,246.84
38.125,265.83
38.140,276.58
38.156,278.05
38.171,269.51
38.187,250.51
38.203,220.63
38.218,179.64
38.234,127.31
38.250,64.92
38.265,-4.35
38.281,-75.6
38.296,-142.92
38.312,-200.62
38.328,-244.62
38.343,-273.13
38.359,-286.45
38.375,-286.73
38.390,-276.49
38.406,-258.18
38.421,-234.11
38.437,-206.64
38.453,-177.92
38.468,-149.25
38.484,-120.24
38.500,-88.4
38.515,-50.21
38.531,-2.88
38.546,53.37
38.562,114.51
38.578,173.82
38.593,224.35
38.609,261.24
38.625,282.63
38.640,288.74
38.656,280.62
38.671,259.33
38.687,226.69
38.703,186.39
38.718,144.31
38.734,106.97
38.750,78.84
38.765,60.16
38.781,46.75
38.796,32.33
38.812,11.73
38.828,-16.76
38.843,-50.87
38.859,-85.93
38.875,-116.93
38.890,-140.33
38.906,-154.64
38.921,-160.32
38.937,-159.29
38.953,-153.84
38.968,-145.85
38.984,-135.38
39.000,-120.45
39.015,-98.0
39.031,-65.87
39.046,-25.04
39.062,19.47
39.078,60.12
39.093,90.03
39.109,105.74
39.125,108.66
39.140,103.47
39.156,95.48
39.171,88.05
39.187,81.64
39.203,74.7
39.218,65.39
39.234,53.13
39.250,38.71
39.265,23.79
39.281,9.82
39.296,-2.55
39.312,-13.44
39.328,-23.41
39.343,-33.05
39.359,-42.76
39.375,-52.35
39.390,-60.99
39.406,-67.21
39.421,-69.48
39.437,-66.92
39.453,-59.89
39.468,-50.03
39.484,-39.85
39.500,-31.64
39.515,-26.74
39.531,-25.17
39.546,-25.76
39.562,-26.89
39.578,-27.21
39.593,-25.7
39.609,-21.66
39.625,-14.77
39.640,-5.36
39.656,5.11
39.671,14.16
39.687,19.24
39.703,19.19
39.718,15.29
39.734,11.04
39.750,10.5
39.765,16.05
39.781,26.96
39.796,39.52
39.812,48.88
39.828,51.37
39.843,45.96
39.859,34.14
39.875,18.58
39.890,1.7
39.906,-14.91
39.921,-30.25
39.937,-43.08
39.953,-51.74
39.968,-54.65
39.984,-51.27
40.000,-42.99
40.015,-33.02
40.031,-25.36
40.046,-23.12
40.062,-27.12
40.078,-35.69
40.093,-45.49
40.109,-53.11
40.125,-56.4
40.140,-55.07
40.156,-50.11
40.171,-42.85
40.187,-34.14
40.203,-24.18
40.218,-12.55
40.234,1.38
40.250,18.38
40.265,39.36
40.281,65.02
40.296,95.23
40.312,128.22
40.328,160.33
40.343,186.48
40.359,201.72
40.375,202.93
40.390,190.1
40.406,166.51
40.421,137.63
40.437,109.25
40.453,85.63
40.468,68.8
40.484,58.59
40.500,53.88
40.515,53.57
40.531,57.21
40.546,65.04
40.562,77.16
40.578,92.86
40.593,110.16
40.609,126.15
40.625,137.68
40.640,141.99
40.656,137.23
40.671,122.73
40.687,99.36
40.703,69.66
40.718,37.49
40.734,7.18
40.750,-17.72
40.765,-35.43
40.781,-46.28
40.796,-52.15
40.812,-55.45
40.828,-57.93
40.843,-60.41
40.859,-63.4
40.875,-67.86
40.890,-75.96
40.906,-90.51
40.921,-113.67
40.937,-145.4
40.953,-182.63
40.968,-219.22
40.984,-247.63
41.000,-260.9
41.015,-254.88
41.031,-229.83
41.046,-190.06
41.062,-142.59
41.078,-94.76
41.093,-52.0
41.109,-16.59
41.125,11.83
41.140,34.89
41.156,53.82
41.171,68.55
41.187,78.07
41.203,81.45
41.218,78.53
41.234,69.78
41.250,55.46
41.265,34.89
41.281,6.79
41.296,-29.02
41.312,-70.1
41.328,-110.72
41.343,-143.16
41.359,-160.55
41.375,-158.99
41.390,-138.83
41.406,-104.09
41.421,-60.46
41.437,-13.41
41.453,32.91
41.468,75.73
41.484,112.76
41.500,142.08
41.515,162.74
41.531,175.91
41.546,185.23
41.562,195.98
41.578,213.28
41.593,240.0
41.609,275.86
41.625,316.89
41.640,357.21
41.656,391.25
41.671,416.01
41.687,430.67
41.703,435.2
41.718,428.56
41.734,408.42
41.750,372.64
41.765,320.04
41.781,251.76
41.796,171.35
41.812,84.8
41.828,-1.12
41.843,-80.02
41.859,-146.45
41.875,-195.84
41.890,-224.83
41.906,-234.11
41.921,-229.27
41.937,-220.12
41.953,-216.39
41.968,-224.57
41.984,-245.74
42.000,-276.24
42.015,-314.21
42.031,-353.27
42.046,-385.18
42.062,-398.86
42.078,-388.87
42.093,-350.62
42.109,-281.98
42.125,-185.21
42.140,-69.4
42.156,50.49
42.171,158.22
42.187,240.42
42.203,290.12
42.218,307.17
42.234,297.39
42.250,268.35
42.265,226.57
42.281,176.52
42.296,121.34
42.312,64.59
42.328,10.16
42.343,-38.13
42.359,-77.72
42.375,-106.87
42.390,-125.45
42.406,-134.68
42.421,-136.63
42.437,-133.48
42.453,-126.71
42.468,-117.48
42.484,-106.48
42.500,-94.55
42.515,-82.22
42.531,-70.14
42.546,-58.94
42.562,-49.18
42.578,-40.91
42.593,-33.6
42.609,-26.59
42.625,-19.61
42.640,-13.01
42.656,-7.32
42.671,-2.85
42.687,0.57
42.703,3.38
42.718,6.01
42.734,8.57
42.750,10.64
42.765,11.83
42.781,12.24
42.796,12.73
42.812,14.28
42.828,17.36
42.843,21.26
42.859,24.17
42.875,23.78
42.890,18.25
42.906,6.87
42.921,-9.77
42.937,-30.07
42.953,-51.89
42.968,-72.93
42.984,-91.13
43.000,-105.14
43.015,-114.79
43.031,-121.35
43.046,-127.08
43.062,-134.28
43.078,-143.97
43.093,-154.99
43.109,-164.03
43.125,-166.44
43.140,-157.73
43.156,-135.24
43.171,-99.05
43.187,-51.99
43.203,1.06
43.218,54.39
43.234,102.71
43.250,141.92
43.265,169.56
43.281,184.89
43.296,188.62
43.312,182.49
43.328,168.85
43.343,150.52
43.359,130.39
43.375,111.11
43.390,94.61
43.406,81.79
43.421,72.47
43.437,65.68
43.453,60.26
43.468,55.24
43.484,50.08
43.500,44.55
43.515,38.52
43.531,31.72
43.546,23.78
43.562,14.53
43.578,4.32
43.593,-5.77
43.609,-14.07
43.625,-18.77
43.640,-18.36
43.656,-12.13
43.671,-0.25
43.687,16.11
43.703,35.1
43.718,54.51
43.734,72.31
43.750,86.91
43.765,97.59
43.781,104.37
43.796,107.63
43.812,107.54
43.828,103.55
43.843,94.49
43.859,79.14
43.875,56.81
43.890,28.08
43.906,-5.05
43.921,-39.48
43.937,-71.76
43.953,-99.02
43.968,-119.49
43.984,-132.72
44.000,-139.38
44.015,-140.98
44.031,-139.32
44.046,-135.9
44.062,-131.42
44.078,-125.72
44.093,-118.1
44.109,-107.98
44.125,-95.53
44.140,-81.8
44.156,-68.39
44.171,-56.74
44.187,-47.6
44.203,-40.8
44.218,-35.28
44.234,-29.72
44.250,-23.04
44.265,-14.88
44.281,-5.55
44.296,4.28
44.312,13.71
44.328,21.72
44.343,27.31
44.359,30.02
44.375,30.18
44.390,28.87
44.406,27.48
44.421,26.94
44.437,27.29
44.453,27.53
44.468,26.31
44.484,22.51
44.500,15.81
44.515,6.54
44.531,-4.84
44.546,-17.94
44.562,-32.41
44.578,-47.43
44.593,-61.45
44.609,-72.37
44.625,-78.21
44.640,-77.72
44.656,-70.5
44.671,-56.76
44.687,-36.8
44.703,-11.52
44.718,17.43
44.734,47.41
44.750,75.64
44.765,99.82
44.781,118.85
44.796,133.21
44.812,143.87
44.828,151.45
44.843,155.06
44.859,152.79
44.875,143.35
44.890,127.39
44.906,107.81
44.921,88.78
44.937,74.27
44.953,66.47
44.968,65.28
44.984,68.26
45.000,71.58
45.015,71.39
45.031,64.49
45.046,48.91
45.062,23.72
45.078,-10.95
45.093,-54.16
45.109,-104.09
45.125,-157.86
45.140,-211.05
45.156,-257.11
45.171,-288.22
45.187,-296.68
45.203,-277.88
45.218,-232.75
45.234,-168.83
45.250,-98.05
45.265,-32.91
45.281,17.29
45.296,49.19
45.312,64.79
45.328,69.22
45.343,67.88
45.359,64.26
45.375,59.62
45.390,54.08
45.406,47.74
45.421,41.01
45.437,34.12
45.453,26.36
45.468,16.68
45.484,4.38
45.500,-10.16
45.515,-25.56
45.531,-40.49
45.546,-54.25
45.562,-67.21
45.578,-80.09
45.593,-93.15
45.609,-105.66
45.625,-116.02
45.640,-122.53
45.656,-123.9
45.671,-119.41
45.687,-108.6
45.703,-91.6
45.718,-69.33
45.734,-43.72
45.750,-17.58
45.765,6.57
45.781,27.47
45.796,45.47
45.812,62.04
45.828,78.47
45.843,94.75
45.859,109.03
45.875,118.29
45.890,119.58
45.906,111.23
45.921,93.75
45.937,69.84
45.953,43.49
45.968,18.77
45.984,-1.51
46.000,-16.4
46.015,-26.55
46.031,-33.72
46.046,-39.67
46.062,-45.71
46.078,-52.26
46.093,-58.9
46.109,-64.67
46.125,-68.31
46.140,-68.58
46.156,-64.6
46.171,-56.22
46.187,-44.21
46.203,-30.14
46.218,-15.99
46.234,-3.71
46.250,5.21
46.265,9.85
46.281,9.96
46.296,5.78
46.312,-1.85
46.328,-11.61
46.343,-21.66
46.359,-29.93
46.375,-34.59
46.390,-34.83
46.406,-31.25
46.421,-25.74
46.437,-20.96
46.453,-19.45
46.468,-22.85
46.484,-31.32
46.500,-43.45
46.515,-56.51
46.531,-67.27
46.546,-72.78
46.562,-71.27
46.578,-62.55
46.593,-48.04
46.609,-30.28
46.625,-12.18
46.640,3.86
46.656,16.49
46.671,25.31
46.687,30.6
46.703,32.79
46.718,32.13
46.734,28.38
46.750,20.97
46.765,9.28
46.781,-6.42
46.796,-24.06
46.812,-39.4
46.828,-46.8
46.843,-41.1
46.859,-19.86
46.875,15.17
46.890,58.2
46.906,101.36
46.921,137.36
46.937,161.63
46.953,173.1
46.968,173.32
46.984,164.91
47.000,150.4
47.015,131.9
47.031,111.53
47.046,91.92
47.062,75.99
47.078,66.27
47.093,63.7
47.109,66.83
47.125,71.64
47.140,72.5
47.156,64.34
47.171,44.78
47.187,15.51
47.203,-17.83
47.218,-47.55
47.234,-66.76
47.250,-71.9
47.265,-64.09
47.281,-48.49
47.296,-32.09
47.312,-20.95
47.328,-18.36
47.343,-24.56
47.359,-37.59
47.375,-55.07
47.390,-75.26
47.406,-97.38
47.421,-121.04
47.437,-145.53
47.453,-169.9
47.468,-192.99
47.484,-213.84
47.500,-231.39
47.515,-243.99
47.531,-249.03
47.546,-243.16
47.562,-223.49
47.578,-188.85
47.593,-140.78
47.609,-83.19
47.625,-21.23
47.640,40.06
47.656,96.53
47.671,144.96
47.687,182.92
47.703,208.71
47.718,222.03
47.734,223.9
47.750,216.81
47.765,203.78
47.781,187.55
47.796,169.76
47.812,150.96
47.828,131.14
47.843,110.2
47.859,88.84
47.875,67.64
47.890,46.77
47.906,25.9
47.921,4.72
47.937,-16.47
47.953,-36.83
47.968,-55.11
47.984,-70.79
48.000,-83.47
48.015,-94.17
48.031,-104.65
48.046,-115.98
48.062,-127.23
48.078,-134.92
48.093,-134.08
48.109,-119.36
48.125,-87.33
48.140,-36.08
48.156,32.15
48.171,111.29
48.187,193.19
48.203,269.89
48.218,335.59
48.234,387.0
48.250,423.64
48.265,446.08
48.281,457.46
48.296,459.96
48.312,453.96
48.328,438.28
48.343,411.0
48.359,370.87
48.375,318.1
48.390,256.2
48.406,176.85
48.421,82.56
48.437,-15.06
48.453,-100.07
48.468,-160.01
48.484,-192.0
48.500,-198.48
48.515,-190.17
48.531,-176.44
48.546,-164.2
48.562,-155.55
48.578,-150.22
48.593,-148.08
48.609,-145.65
48.625,-137.59
48.640,-118.33
48.656,-84.92
48.671,-37.89
48.687,17.62
48.703,71.4
48.718,111.82
48.734,130.54
48.750,126.52
48.765,104.69
48.781,72.4
48.796,35.93
48.812,0.15
48.828,-31.56
48.843,-55.29
48.859,-67.67
48.875,-68.77
48.890,-61.11
48.906,-50.18
48.921,-43.09
48.937,-46.13
48.953,-62.14
48.968,-89.87
48.984,-124.26
49.000,-158.97
49.015,-186.62
49.031,-202.75
49.046,-207.01
49.062,-202.3
49.078,-192.73
49.093,-181.68
49.109,-171.04
49.125,-161.5
49.140,-153.42
49.156,-147.82
49.171,-146.54
49.187,-151.6
49.203,-163.8
49.218,-181.62
49.234,-200.89
49.250,-215.82
49.265,-220.64
49.281,-211.28
49.296,-186.63
49.312,-149.08
49.328,-104.0
49.343,-58.1
49.359,-17.78
49.375,12.24
49.390,29.53
49.406,33.81
49.421,26.34
49.437,9.31
49.453,-14.67
49.468,-42.46
49.484,-70.05
49.500,-92.73
49.515,-106.09
49.531,-107.26
49.546,-95.94
49.562,-74.69
49.578,-47.76
49.593,-19.59
49.609,6.7
49.625,29.68
49.640,49.29
49.656,65.83
49.671,79.3
49.687,89.41
49.703,95.95
49.718,99.22
49.734,100.12
49.750,99.9
49.765,99.84
49.781,100.91
49.796,103.54
49.812,107.32
49.828,110.79
49.843,111.6
49.859,107.12
49.875,95.68
49.890,77.64
49.906,55.81
49.921,34.88
49.937,19.84
49.953,14.21
49.968,18.85
49.984,31.96
50.000,49.99
50.015,69.01
50.031,85.78
50.046,98.3
50.062,105.88
50.078,108.65
50.093,107.08
50.109,101.81
50.125,93.46
50.140,82.47
50.156,69.34
50.171,54.51
50.187,38.45
50.203,21.72
50.218,4.82
50.234,-11.96
50.250,-28.53
50.265,-44.87
50.281,-60.91
50.296,-76.17
50.312,-89.66
50.328,-99.79
50.343,-104.69
50.359,-102.77
50.375,-93.45
50.390,-77.48
50.406,-56.87
50.421,-34.24
50.437,-12.06
50.453,7.89
50.468,24.42
50.484,36.56
50.500,43.31
50.515,43.66
50.531,37.52
50.546,26.63
50.562,14.92
50.578,7.81
50.593,10.35
50.609,25.01
50.625,50.51
50.640,82.17
50.656,113.67
50.671,139.43
50.687,156.17
50.703,163.12
50.718,161.09
50.734,151.11
50.750,133.75
50.765,109.42
50.781,79.24
50.796,45.8
50.812,12.81
50.828,-15.99
50.843,-38.31
50.859,-54.07
50.875,-65.33
50.890,-75.27
50.906,-87.03
50.921,-102.63
50.937,-122.44
50.953,-145.02
50.968,-167.28
50.984,-185.02
51.000,-193.61
51.015,-189.32
51.031,-170.63
51.046,-139.04
51.062,-99.03
51.078,-56.83
51.093,-18.54
51.109,11.68
51.125,32.3
51.140,44.26
51.156,49.83
51.171,51.3
51.187,50.0
51.203,45.99
51.218,38.23
51.234,25.36
51.250,6.76
51.265,-16.6
51.281,-41.45
51.296,-62.6
51.312,-74.13
51.328,-71.21
51.343,-51.68
51.359,-16.81
51.375,29.17
51.390,80.32
51.406,130.25
51.421,173.15
51.437,204.13
51.453,219.52
51.468,217.35
51.484,197.97
51.500,164.33
51.515,121.76
51.531,76.73
51.546,35.21
51.562,1.41
51.578,-23.03
51.593,-38.69
51.609,-47.5
51.625,-51.82
51.640,-53.58
51.656,-53.84
51.671,-52.77
51.687,-49.93
51.703,-44.66
51.718,-36.86
51.734,-27.26
51.750,-17.42
51.765,-9.34
51.781,-4.77
51.796,-4.68
51.812,-8.78
51.828,-15.77
51.843,-23.64
51.859,-30.44
51.875,-34.78
51.890,-36.2
51.906,-35.29
51.921,-33.25
51.937,-31.41
51.953,-30.73
51.968,-31.56
51.984,-33.66
52.000,-36.63
52.015,-40.21
52.031,-44.32
52.046,-48.87
52.062,-53.34
52.078,-56.54
52.093,-56.94
52.109,-53.22
52.125,-44.99
52.140,-33.02
52.156,-19.04
52.171,-5.01
52.187,7.46
52.203,17.64
52.218,25.53
52.234,31.47
52.250,35.68
52.265,38.16
52.281,38.77
52.296,37.52
52.312,34.82
52.328,31.53
52.343,28.67
52.359,27.14
52.375,27.3
52.390,28.84
52.406,30.77
52.421,31.76
52.437,30.47
52.453,25.87
52.468,17.47
52.484,5.43
52.500,-9.65
52.515,-26.85
52.531,-45.1
52.546,-63.37
52.562,-80.58
52.578,-95.53
52.593,-106.84
52.609,-112.83
52.625,-111.57
52.640,-101.39
52.656,-81.57
52.671,-53.02
52.687,-18.57
52.703,17.73
52.718,51.85
52.734,80.84
52.750,103.52
52.765,120.07
52.781,131.1
52.796,136.74
52.812,136.21
52.828,128.54
52.843,113.32
52.859,91.17
52.875,63.33
52.890,31.15
52.906,-4.17
52.921,-41.12
52.937,-76.9
52.953,-107.57
52.968,-128.73
52.984,-137.28
53.000,-133.23
53.015,-120.11
53.031,-103.44
53.046,-88.22
53.062,-76.73
53.078,-67.79
53.093,-58.36
53.109,-45.23
53.125,-26.52
53.140,-2.26
53.156,26.06
53.171,56.64
53.187,88.19
53.203,119.81
53.218,150.83
53.234,179.68
53.250,204.37
53.265,223.18
53.281,234.78
53.296,238.48
53.312,234.45
53.328,223.99
53.343,209.43
53.359,193.57
53.375,177.67
53.390,161.26
53.406,142.32
53.421,117.25
53.437,81.84
53.453,33.17
53.468,-28.56
53.484,-99.38
53.500,-172.05
53.515,-239.57
53.531,-296.62
53.546,-337.91
53.562,-357.87
53.578,-354.06
53.593,-329.72
53.609,-293.18
53.625,-257.33
53.640,-224.83
53.656,-193.2
53.671,-157.55
53.687,-112.75
53.703,-55.68
53.718,12.15
53.734,85.24
53.750,155.73
53.765,216.51
53.781,264.28
53.796,299.49
53.812,325.89
53.828,347.81
53.843,366.59
53.859,378.05
53.875,373.91
53.890,345.62
53.906,288.97
53.921,207.24
53.937,109.9
53.953,10.33
53.968,-77.9
53.984,-144.79
54.000,-186.6
54.015,-205.5
54.031,-208.09
54.046,-203.02
54.062,-198.34
54.078,-200.19
54.093,-211.3
54.109,-230.29
54.125,-251.85
54.140,-267.97
54.156,-269.78
54.171,-250.02
54.187,-205.54
54.203,-138.62
54.218,-56.94
54.234,27.99
54.250,103.82
54.265,161.13
54.281,195.49
54.296,208.33
54.312,205.24
54.328,192.99
54.343,176.82
54.359,159.4
54.375,140.02
54.390,115.84
54.406,83.74
54.421,41.49
54.437,-11.48
54.453,-74.11
54.468,-144.04
54.484,-217.64
54.500,-289.23
54.515,-346.65
54.531,-376.69
54.546,-370.32
54.562,-328.58
54.578,-262.54
54.593,-187.35
54.609,-115.69
54.625,-57.87
54.640,-12.65
54.656,22.78
54.671,49.77
54.687,68.88
54.703,81.44
54.718,91.08
54.734,102.64
54.750,121.49
54.765,150.59
54.781,189.66
54.796,234.44
54.812,279.2
54.828,318.77
54.843,349.16
54.859,367.18
54.875,369.71
54.890,354.32
54.906,321.12
54.921,275.71
54.937,228.35
54.953,191.7
54.968,175.62
54.984,182.16
55.000,203.95
55.015,226.95
55.031,236.21
55.046,221.84
55.062,182.54
55.078,123.86
55.093,54.36
55.109,-18.92
55.125,-93.3
55.140,-169.92
55.156,-251.09
55.171,-336.96
55.187,-423.53
55.203,-502.19
55.218,-561.97
55.234,-592.46
55.250,-586.82
55.265,-543.99
55.281,-468.85
55.296,-371.18
55.312,-263.02
55.328,-156.25
55.343,-60.19
55.359,19.43
55.375,80.31
55.390,122.75
55.406,148.26
55.421,158.83
55.437,156.57
55.453,144.1
55.468,124.97
55.484,103.28
55.500,83.12
55.515,67.19
55.531,55.57
55.546,45.2
55.562,30.55
55.578,5.51
55.593,-34.41
55.609,-89.84
55.625,-156.43
55.640,-225.1
55.656,-283.76
55.671,-320.26
55.687,-325.66
55.703,-296.7
55.718,-236.42
55.734,-153.17
55.750,-58.07
55.765,37.64
55.781,125.03
55.796,198.68
55.812,256.84
55.828,300.53
55.843,332.07
55.859,353.68
55.875,366.19
55.890,368.84
55.906,359.81
55.921,337.63
55.937,302.38
55.953,256.07
55.968,201.88
55.984,142.32
56.000,78.39
56.015,9.78
56.031,-63.49
56.046,-139.37
56.062,-213.48
56.078,-280.13
56.093,-334.6
56.109,-375.15
56.125,-403.63
56.140,-424.47
56.156,-442.91
56.171,-462.17
56.187,-481.68
56.203,-496.9
56.218,-500.64
56.234,-485.7
56.250,-447.85
56.265,-387.75
56.281,-311.02
56.296,-226.68
56.312,-143.88
56.328,-69.27
56.343,-5.89
56.359,46.22
56.375,87.98
56.390,119.78
56.406,140.9
56.421,150.59
56.437,149.29
56.453,139.57
56.468,125.91
56.484,113.47
56.500,106.97
56.515,109.41
56.531,121.41
56.546,141.0
56.562,164.03
56.578,185.25
56.593,200.0
56.609,205.7
56.625,202.58
56.640,193.15
56.656,180.34
56.671,165.65
56.687,148.46
56.703,126.8
56.718,99.2
56.734,66.2
56.750,30.63
56.765,-3.46
56.781,-32.05
56.796,-52.25
56.812,-62.02
56.828,-59.68
56.843,-43.41
56.859,-12.07
56.875,33.58
56.890,89.73
56.906,149.4
56.921,203.96
56.937,245.49
56.953,269.13
56.968,274.05
56.984,263.06
57.000,240.91
57.015,212.41
57.031,181.33
57.046,150.1
57.062,120.17
57.078,92.29
57.093,66.97
57.109,44.35
57.125,24.31
57.140,6.55
57.156,-9.13
57.171,-22.51
57.187,-33.18
57.203,-40.65
57.218,-44.71
57.234,-45.54
57.250,-43.54
57.265,-39.18
57.281,-32.83
57.296,-24.98
57.312,-16.23
57.328,-7.39
57.343,0.9
57.359,8.4
57.375,15.27
57.390,21.7
57.406,27.38
57.421,31.47
57.437,32.69
57.453,30.08
57.468,23.41
57.484,13.43
57.500,1.62
57.515,-10.37
57.531,-21.11
57.546,-29.74
57.562,-35.88
57.578,-39.72
57.593,-41.9
57.609,-43.42
57.625,-45.34
57.640,-48.33
57.656,-52.33
57.671,-56.39
57.687,-59.13
57.703,-59.34
57.718,-56.6
57.734,-51.42
57.750,-44.98
57.765,-38.66
57.781,-33.58
57.796,-30.4
57.812,-29.34
57.828,-30.16
57.843,-32.32
57.859,-34.96
57.875,-36.86
57.890,-36.69
57.906,-33.5
57.921,-26.97
57.937,-17.59
57.953,-6.51
57.968,4.91
57.984,15.53
58.000,24.6
58.015,31.73
58.031,36.79
58.046,39.71
58.062,40.47
58.078,39.19
58.093,36.16
58.109,31.82
58.125,26.68
58.140,21.08
58.156,15.04
58.171,8.23
58.187,0.17
58.203,-9.45
58.218,-20.54
58.234,-32.53
58.250,-44.33
58.265,-54.54
58.281,-61.69
58.296,-64.45
58.312,-62.0
58.328,-54.14
58.343,-41.37
58.359,-24.91
58.375,-6.5
58.390,11.89
58.406,28.47
58.421,42.19
58.437,52.97
58.453,61.62
58.468,69.26
58.484,76.67
58.500,83.8
58.515,89.67
58.531,92.88
58.546,92.39
58.562,88.14
58.578,81.08
58.593,72.88
58.609,65.11
58.625,58.56
58.640,52.94
58.656,47.07
58.671,39.42
58.687,28.81
58.703,14.92
58.718,-1.65
58.734,-19.81
58.750,-38.42
58.765,-56.89
58.781,-75.21
58.796,-93.61
58.812,-112.13
58.828,-130.07
58.843,-146.0
58.859,-158.09
58.875,-164.82
58.890,-165.53
58.906,-160.72
58.921,-151.55
58.937,-139.28
58.953,-124.6
58.968,-107.47
58.984,-87.49
59.000,-64.49
59.015,-39.01
59.031,-12.35
59.046,13.8
59.062,38.06
59.078,59.55
59.093,77.84
59.109,92.54
59.125,103.19
59.140,109.44
59.156,111.49
59.171,110.21
59.187,106.73
59.203,101.66
59.218,94.46
59.234,83.47
59.250,66.95
59.265,44.39
59.281,17.58
59.296,-9.7
59.312,-32.91
59.328,-48.61
59.343,-55.94
59.359,-56.7
59.375,-54.53
59.390,-53.12
59.406,-54.79
59.421,-59.57
59.437,-65.32
59.453,-68.71
59.468,-66.29
59.484,-55.83
59.500,-36.82
59.515,-10.5
59.531,20.54
59.546,52.95
59.562,83.18
59.578,107.76
59.593,123.84
59.609,129.69
59.625,125.21
59.640,112.17
59.656,93.84
59.671,74.18
59.687,56.6
59.703,43.11
59.718,34.02
59.734,28.4
59.750,24.95
59.765,22.59
59.781,20.85
59.796,19.49
59.812,18.2
59.828,16.39
59.843,13.5
59.859,9.49
59.875,5.18
59.890,2.19
59.906,2.27
59.921,6.38
59.937,14.15
59.953,23.83
59.968,33.16
59.984,40.36
