timestamp,x,y,z,roll,pitch,yaw
00.003,0.0004654793,0.0008491027,0.0005870415,-0.0,-0.0,0.0
00.024,-0.00075625116,-0.000983493,0.0005870415,-0.0,0.0,0.0
00.044,0.0004654793,-0.0003726278,-0.000634689,-0.0,-0.0,0.0
00.084,-0.00014538591,0.00023823744,-2.3823744e-05,-0.0,0.0,0.0
00.123,-0.00014538591,-0.0003726278,0.0005870415,-0.0,0.0,0.0
00.143,-0.00014538591,-0.0003726278,-2.3823744e-05,-0.0,-0.0,0.0
00.184,-0.00014538591,-0.0003726278,0.001808772,-0.0,0.0,0.0
00.226,0.0004654793,-0.0015943584,-2.3823744e-05,-0.0,-0.0,0.0
00.245,-0.00075625116,-0.0003726278,0.0005870415,-0.0,0.0,0.0
00.285,-0.00014538591,0.00023823744,0.0005870415,0.0,-0.0,-0.0
00.326,0.0004654793,-0.0003726278,-0.000634689,-0.0,-0.0,0.0
00.344,-0.0013671165,-0.0003726278,0.0005870415,-0.0,0.0,0.0
00.385,0.0010763446,0.00023823744,-0.000634689,0.0,-0.0,0.0
00.423,0.0004654793,-0.0003726278,0.0005870415,-0.0,-0.0,-0.0
00.444,0.0004654793,-0.0003726278,-2.3823744e-05,-0.0,-0.0,0.0
00.485,0.0004654793,-0.000983493,0.0011979067,-0.0,-0.0,-0.0
00.524,-0.00075625116,0.00023823744,0.0005870415,0.0,-0.0,-0.0
00.544,0.0004654793,0.0014599679,-2.3823744e-05,0.0,-0.0,0.0
00.585,0.0004654793,-0.0003726278,0.0005870415,-0.0,-0.0,-0.0
00.623,-0.00014538591,0.0008491027,-0.000634689,-0.0,0.0,0.0
00.645,0.0004654793,0.0014599679,0.0005870415,-0.0,-0.0,0.0
00.684,0.0010763446,-0.000983493,-2.3823744e-05,-0.0,-0.0,0.0
00.723,0.0004654793,-0.0015943584,0.0005870415,-0.0,-0.0,-0.0
00.744,-0.00075625116,-0.0003726278,-0.000634689,-1.05555124e-07,2.1422493e-07,1.7978977e-07
00.784,-0.00014538591,-0.000983493,0.0005870415,-0.0,0.0,0.0
00.823,-0.00014538591,0.00023823744,-0.0012455542,-0.0,0.0,0.0
00.863,-0.00075625116,-0.0003726278,0.0005870415,-0.0,0.0,0.0
00.884,0.0010763446,-0.0003726278,-0.000634689,-0.0,-0.0,0.0
00.924,-0.00075625116,-0.000983493,-2.3823744e-05,-0.0,-0.0,0.0
00.962,0.0010763446,0.0008491027,0.0011979067,-0.0,-0.0,0.0
00.983,-0.00075625116,-0.0003726278,-2.3823744e-05,-0.0,-0.0,0.0
01.024,-0.00014538591,-0.000983493,0.0005870415,-0.0,0.0,0.0
01.063,-0.00014538591,-0.0003726278,0.0005870415,-0.0,0.0,0.0
01.083,0.0010763446,0.0008491027,0.0005870415,-0.0,-0.0,0.0
01.124,-0.00014538591,0.0008491027,-2.3823744e-05,-0.0,0.0,0.0
01.163,-0.00014538591,-0.0003726278,-0.000634689,-0.0,-0.0,0.0
01.185,0.0004654793,-0.0003726278,-0.0012455542,-0.0,-0.0,0.0
01.224,-0.0013671165,-0.0015943584,-2.3823744e-05,-0.0,-0.0,0.0
01.264,0.0004654793,0.0008491027,-0.000634689,0.0,-0.0,0.0
01.283,0.0010763446,0.0008491027,-0.000634689,3.44341e-07,-4.3649547e-07,2.5738876e-07
01.326,-0.00014538591,-0.0003726278,-0.000634689,-0.0,-0.0,0.0
01.364,-0.00014538591,-0.0003726278,-2.3823744e-05,-0.0,-0.0,0.0
01.383,-0.00014538591,0.00023823744,-2.3823744e-05,-0.0,0.0,0.0
01.425,-0.00014538591,-0.0003726278,-0.000634689,-0.0,-0.0,0.0
01.464,0.0010763446,0.0008491027,0.0005870415,-0.0,-0.0,0.0
01.484,0.00042943825,0.0009150761,-2.443461e-06,0.0,-0.0,0.0
01.526,0.00042943825,0.0009150761,-2.443461e-06,0.0,-0.0,0.0
01.564,-0.00018142698,0.0009150761,-0.00061330874,-0.0,0.0,0.0
01.584,0.00042943825,0.0003042109,0.0006084218,-0.0,-0.0,0.0
01.624,0.00042943825,0.0009150761,-0.00061330874,0.0,-0.0,0.0
01.664,-0.00018142698,-0.00091751956,-2.443461e-06,-0.0,-0.0,0.0
01.686,-0.00079229224,-0.00091751956,-2.443461e-06,-0.0,-0.0,0.0
01.726,0.0016511687,-0.00091751956,-2.443461e-06,-0.0,-0.0,0.0
01.767,-0.00079229224,0.0003042109,-0.00061330874,-0.0,0.0,0.0
01.805,-0.00079229224,0.0003042109,-0.00061330874,8.550721e-08,2.2269657e-07,1.7238807e-07
01.828,-0.00018142698,0.0003042109,-2.443461e-06,-0.0,0.0,0.0
01.869,-0.00018142698,0.0003042109,0.0006084218,0.0,-0.0,-0.0
01.887,-0.00018142698,-0.00030665437,-0.00061330874,-0.0,-0.0,0.0
01.924,-0.00018142698,0.0003042109,-0.0012241739,-0.0,0.0,0.0
01.966,0.0010403035,-0.0015283849,0.0006084218,-0.0,-0.0,-0.0
02.004,0.0010403035,0.0003042109,-2.443461e-06,0.0,-0.0,0.0
02.024,-0.00018142698,0.0003042109,0.0006084218,0.0,-0.0,-0.0
02.064,0.00042943825,-0.00030665437,-2.443461e-06,-0.0,-0.0,0.0
02.090,0.00042943825,-0.00030665437,-0.00061330874,-6.660051e-08,-9.326725e-08,1.3320104e-07
02.125,0.00042943825,0.0015259414,-2.443461e-06,0.0,-0.0,0.0
02.164,0.0016511687,0.0015259414,-2.443461e-06,0.0,-0.0,0.0
02.206,0.0010403035,0.0009150761,-2.443461e-06,0.0,-0.0,0.0
02.224,-0.00079229224,-0.00030665437,-0.0012241739,-0.0,-0.0,0.0
02.266,-0.00079229224,0.0003042109,-0.00061330874,-0.0,0.0,0.0
02.307,0.0010403035,-0.00030665437,-2.443461e-06,-0.0,-0.0,0.0
02.327,-0.00018142698,0.0015259414,0.0006084218,0.0,-0.0,-0.0
02.366,-0.00018142698,0.0003042109,-0.0012241739,-0.0,0.0,0.0
02.407,0.00042943825,0.0003042109,0.0006084218,-0.0,-0.0,0.0
02.426,-0.00079229224,0.0003042109,-0.00061330874,-0.0,0.0,0.0
02.464,0.0010403035,0.0009150761,-2.443461e-06,0.0,-0.0,0.0
02.505,-0.00079229224,-0.00091751956,-2.443461e-06,-0.0,-0.0,0.0
02.525,-0.00018142698,-0.0015283849,0.001219287,-0.0,0.0,0.0
02.565,0.00042943825,0.0015259414,-2.443461e-06,0.0,-0.0,0.0
02.605,0.00042943825,-0.00030665437,-2.443461e-06,-0.0,-0.0,0.0
02.626,0.00042943825,0.0003042109,-2.443461e-06,4.29763e-08,-6.066735e-08,3.4519246e-10
02.665,-0.0020140228,-0.00091751956,0.0006084218,-0.0,0.0,0.0
02.704,-0.00018142698,-0.00091751956,0.001219287,-0.0,0.0,0.0
02.745,-0.0014031575,-0.00091751956,-2.443461e-06,-0.0,-0.0,0.0
02.764,0.00042943825,0.0009150761,-0.00061330874,0.0,-0.0,0.0
02.805,-0.00079229224,-0.00030665437,0.0006084218,-0.0,0.0,0.0
02.845,-0.00079229224,0.0009150761,-2.443461e-06,-0.0,0.0,0.0
02.875,-0.00018142698,0.0003042109,0.0006084218,0.0,-0.0,-0.0
02.905,0.0010403035,0.0009150761,0.0006084218,-0.0,-0.0,0.0
02.945,-0.00079229224,0.0003042109,-2.443461e-06,-0.0,0.0,0.0
02.965,-0.00018142698,-0.00091751956,-2.443461e-06,-0.0,-0.0,0.0
03.005,-0.00018142698,0.0003042109,0.0006084218,0.0,-0.0,-0.0
03.046,0.00042943825,-0.00030665437,-2.443461e-06,-0.0,-0.0,0.0
03.065,0.0016511687,0.0015259414,0.0006084218,-0.0,-0.0,0.0
03.106,0.00042943825,-0.00091751956,0.0006084218,-0.0,-0.0,-0.0
03.145,-0.00018142698,-0.00030665437,0.0006084218,-5.8039532e-08,3.4338132e-08,-1.1515413e-07
03.165,0.00042943825,-0.00091751956,0.0006084218,-0.0,-0.0,-0.0
03.204,0.00042943825,0.0003042109,-2.443461e-06,0.0,-0.0,0.0
03.245,-0.00018142698,0.0003042109,0.0006084218,0.0,-0.0,-0.0
03.265,0.00042943825,0.0003042109,-2.443461e-06,0.0,-0.0,0.0
03.305,-0.00079229224,0.0015259414,-0.00061330874,-0.0,0.0,0.0
03.346,0.00042943825,0.0003042109,0.0006084218,-0.0,-0.0,0.0
03.384,0.0010403035,0.0015259414,0.0006084218,-0.0,-0.0,0.0
03.404,-0.00079229224,0.0003042109,-0.00061330874,-0.0,0.0,0.0
03.444,-0.00018142698,-0.00030665437,-0.00061330874,-0.0,-0.0,0.0
03.483,0.00042943825,0.0015259414,-0.00061330874,0.0,-0.0,0.0
03.505,0.00042943825,0.0009150761,-2.443461e-06,0.0,-0.0,0.0
03.544,0.00042943825,0.0003042109,-0.00061330874,0.0,-0.0,0.0
03.584,0.00042943825,-0.00091751956,0.0006084218,-0.0,-0.0,-0.0
03.608,-0.00018142698,0.0003042109,-2.443461e-06,-0.0,0.0,0.0
03.645,-0.00018142698,0.0003042109,0.0006084218,0.0,-0.0,-0.0
03.685,0.00042943825,0.0015259414,-0.0012241739,8.2041197e-07,-2.3088425e-07,6.581688e-07
03.705,-0.00018142698,-0.00030665437,0.0006084218,-0.0,0.0,0.0
03.744,0.00042943825,0.0003042109,-2.443461e-06,0.0,-0.0,0.0
03.785,-0.0014031575,-0.00030665437,-2.443461e-06,-0.0,-0.0,0.0
03.805,-0.00018142698,-0.00091751956,0.0006084218,-0.0,0.0,0.0
03.846,-0.00018142698,0.0003042109,-2.443461e-06,-0.0,0.0,0.0
03.884,0.0010403035,0.0015259414,0.0006084218,-0.0,-0.0,0.0
03.906,-0.00018142698,0.0003042109,-0.0012241739,-0.0,0.0,0.0
03.944,-0.00079229224,-0.00091751956,-0.00061330874,-0.0,-0.0,0.0
03.984,-0.0014031575,-0.00091751956,-2.443461e-06,-0.0,-0.0,0.0
04.005,-0.00018142698,0.0009150761,-2.443461e-06,-0.0,0.0,0.0
04.044,0.0016511687,0.0003042109,0.0006084218,-0.0,-0.0,0.0
04.085,0.0010403035,-0.00091751956,0.0006084218,-0.0,-0.0,-0.0
04.104,-0.00079229224,0.0003042109,0.0006084218,0.0,-0.0,-0.0
04.144,-0.00079229224,-0.00030665437,0.0006084218,-0.0,0.0,0.0
04.186,-0.0014031575,0.0003042109,-2.443461e-06,-0.0,0.0,0.0
04.205,-0.0014031575,-0.0015283849,0.0006084218,-0.0,0.0,0.0
04.245,0.00042943825,-0.00091751956,0.0006084218,-0.0,-0.0,-0.0
04.285,-0.00018142698,-0.00030665437,-2.443461e-06,-0.0,-0.0,0.0
04.306,0.00042943825,0.0015259414,-2.443461e-06,0.0,-0.0,0.0
04.345,0.0010403035,0.0009150761,-0.00061330874,0.0,-0.0,0.0
04.385,-0.00079229224,-0.00091751956,0.0006084218,-0.0,0.0,0.0
04.425,-0.00018142698,-0.00030665437,0.0006084218,-0.0,0.0,0.0
04.445,-0.00018142698,0.0003042109,0.0006084218,0.0,-0.0,-0.0
04.487,0.00042943825,0.0003042109,0.0006084218,-0.0,-0.0,0.0
04.525,0.00042943825,-0.00091751956,0.0006084218,-0.0,-0.0,-0.0
04.546,-0.00018142698,0.0009150761,-2.443461e-06,-0.0,0.0,0.0
04.588,-0.00079229224,0.0003042109,-2.443461e-06,-0.0,0.0,0.0
04.626,-0.00018142698,-0.00030665437,-2.443461e-06,-0.0,-0.0,0.0
04.645,0.00042943825,-0.00091751956,0.0006084218,-0.0,-0.0,-0.0
04.686,0.00042943825,0.0009150761,-0.00061330874,0.0,-0.0,0.0
04.727,-0.00079229224,-0.00091751956,-0.00061330874,-0.0,-0.0,0.0
04.745,-0.00018142698,-0.00030665437,-0.00061330874,-0.0,-0.0,0.0
04.787,-0.0014031575,0.0003042109,0.0006084218,0.0,-0.0,-0.0
04.825,-0.00079229224,0.0015259414,-0.00061330874,-0.0,0.0,0.0
04.845,0.00042943825,0.0009150761,-0.00061330874,0.0,-0.0,0.0
04.887,-0.00079229224,-0.00091751956,0.0006084218,-0.0,0.0,0.0
04.924,-0.0014031575,-0.00091751956,-2.443461e-06,-0.0,-0.0,0.0
04.945,0.00042943825,-0.00091751956,-2.443461e-06,-0.0,-0.0,0.0
04.983,0.00042943825,0.0003042109,-2.443461e-06,0.0,-0.0,0.0
05.024,0.00042943825,0.0003042109,0.0006084218,6.569211e-08,-9.273406e-08,-1.3138424e-07
05.064,0.00042943825,-0.00030665437,0.0006084218,-0.0,-0.0,-0.0
05.085,-0.00018142698,0.0009150761,0.0006084218,0.0,-0.0,-0.0
05.124,-0.00079229224,-0.00030665437,0.0006084218,-0.0,0.0,0.0
05.164,-0.00079229224,0.0003042109,0.0006084218,0.0,-0.0,-0.0
05.185,0.00042943825,0.0015259414,-0.0018350391,0.0,-0.0,0.0
05.225,-0.00079229224,-0.00030665437,-2.443461e-06,-0.0,-0.0,0.0
05.265,-0.00018142698,0.0003042109,-2.443461e-06,-0.0,0.0,0.0
05.285,-0.00018142698,-0.00030665437,-2.443461e-06,-0.0,-0.0,0.0
05.325,0.00042943825,-0.00030665437,-2.443461e-06,-0.0,-0.0,0.0
05.365,0.00042943825,0.0003042109,0.0006084218,-0.0,-0.0,0.0
05.385,0.00042943825,-0.00091751956,0.0006084218,-0.0,-0.0,-0.0
05.425,-0.00018142698,0.0003042109,0.0006084218,0.0,-0.0,-0.0
05.464,0.00042943825,-0.00091751956,-0.00061330874,-0.0,-0.0,0.0
05.485,0.00042943825,0.0003042109,0.0006084218,-0.0,-0.0,0.0
05.526,-0.00018142698,-0.00030665437,0.0006084218,-0.0,0.0,0.0
05.566,-0.0007825184,0.000852157,-0.0006359107,3.019912e-07,2.7731244e-07,2.2535687e-07
05.586,-0.0007825184,-0.0009804387,-0.0006359107,-0.0,-0.0,0.0
05.625,-0.0007825184,-0.00036957348,-2.5045474e-05,-0.0,-0.0,0.0
05.665,-0.0007825184,0.00024129178,-2.5045474e-05,-0.0,0.0,0.0
05.685,-0.00017165314,0.00024129178,-0.0006359107,-0.0,0.0,0.0
05.725,0.0010500773,-0.00036957348,0.00058581977,-0.0,-0.0,-0.0
05.764,0.0004392121,-0.001591304,0.001196685,-0.0,-0.0,-0.0
05.785,-0.00017165314,0.00024129178,-2.5045474e-05,-0.0,0.0,0.0
05.827,-0.0007825184,-0.00036957348,-0.001246776,-0.0,-0.0,0.0
05.878,0.0004392121,-0.00036957348,-2.5045474e-05,-0.0,-0.0,0.0
05.886,-0.00017165314,0.00024129178,-2.5045474e-05,-0.0,0.0,0.0
05.925,-0.0007825184,-0.00036957348,-0.0006359107,-0.0,-0.0,0.0
05.964,-0.0007825184,-0.00036957348,-2.5045474e-05,-0.0,-0.0,0.0
06.004,0.0010500773,0.000852157,-2.5045474e-05,0.0,-0.0,0.0
06.025,-0.0007825184,0.00024129178,-2.5045474e-05,-0.0,0.0,0.0
06.065,-0.00017165314,0.000852157,-0.0006359107,-0.0,0.0,0.0
06.105,0.0004392121,0.000852157,-2.5045474e-05,2.1937342e-07,-1.13067735e-07,6.4475465e-09
06.125,-0.0007825184,0.000852157,-2.5045474e-05,-0.0,0.0,0.0
06.165,-0.0007825184,-0.00036957348,0.00058581977,-0.0,0.0,0.0
06.205,-0.00017165314,0.000852157,-0.0006359107,-0.0,0.0,0.0
06.225,0.0004392121,-0.00036957348,-2.5045474e-05,-0.0,-0.0,0.0
06.264,0.0004392121,0.0014630222,-2.5045474e-05,0.0,-0.0,0.0
06.305,-0.00017165314,0.000852157,-0.001246776,-0.0,0.0,0.0
06.327,-0.0007825184,0.0014630222,-2.5045474e-05,-0.0,0.0,0.0
06.364,-0.00017165314,0.000852157,-2.5045474e-05,1.9892808e-07,4.0070816e-08,5.846627e-09
06.405,-0.00017165314,0.000852157,-0.0006359107,-0.0,0.0,0.0
06.425,-0.00017165314,-0.00036957348,-2.5045474e-05,-0.0,-0.0,0.0
06.465,0.0004392121,0.00024129178,-0.0006359107,0.0,-0.0,0.0
06.504,-0.00017165314,0.00024129178,0.00058581977,0.0,-0.0,-0.0
06.526,-0.00017165314,0.00024129178,-0.0006359107,-0.0,0.0,0.0
06.565,-0.0007825184,-0.00036957348,0.001196685,-0.0,0.0,0.0
06.605,-0.00017165314,-0.00036957348,0.00058581977,-0.0,0.0,0.0
06.627,0.0004392121,0.000852157,-0.0006359107,0.0,-0.0,0.0
06.664,-0.00017165314,0.000852157,-2.5045474e-05,-0.0,0.0,0.0
06.705,0.0004392121,0.000852157,-0.0006359107,0.0,-0.0,0.0
06.725,-0.0007825184,-0.00036957348,-2.5045474e-05,-0.0,-0.0,0.0
06.765,0.0004392121,0.00024129178,0.001196685,-0.0,-0.0,0.0
06.805,-0.00017165314,-0.00036957348,0.00058581977,-0.0,0.0,0.0
06.846,-0.0007825184,-0.00036957348,-2.5045474e-05,-0.0,-0.0,0.0
06.864,-0.00017165314,0.00024129178,-0.0006359107,-0.0,0.0,0.0
06.904,0.0010500773,0.000852157,-2.5045474e-05,3.0940055e-07,-3.812613e-07,9.093552e-09
06.944,-0.0013933836,0.00024129178,-2.5045474e-05,-0.0,0.0,0.0
06.967,0.0010500773,0.00024129178,-2.5045474e-05,0.0,-0.0,0.0
07.005,0.0010500773,-0.0009804387,0.001196685,-0.0,-0.0,-0.0
07.046,-0.00017165314,0.00024129178,-0.0006359107,-0.0,0.0,0.0
07.065,-0.00017165314,0.0014630222,-2.5045474e-05,-0.0,0.0,0.0
07.105,-0.00017165314,0.000852157,0.00058581977,0.0,-0.0,-0.0
07.144,-0.00017165314,0.000852157,0.001196685,0.0,-0.0,-0.0
07.165,-0.0007825184,0.00024129178,-0.0006359107,-0.0,0.0,0.0
07.208,-0.00017165314,0.00024129178,0.00058581977,0.0,-0.0,-0.0
07.246,-0.0007825184,-0.00036957348,-0.0006359107,-0.0,-0.0,0.0
07.264,-0.0007825184,0.000852157,-0.0006359107,-0.0,0.0,0.0
07.305,0.0004392121,0.00024129178,-2.5045474e-05,0.0,-0.0,0.0
07.345,-0.00017165314,-0.0009804387,-0.0006359107,-0.0,-0.0,0.0
07.365,-0.00017165314,0.000852157,-0.0006359107,-0.0,0.0,0.0
07.405,0.0004392121,0.00024129178,-2.5045474e-05,0.0,-0.0,0.0
07.445,0.0010500773,-0.00036957348,0.00058581977,-1.2479674e-07,-3.5458766e-07,-1.978183e-07
07.465,-0.00017165314,0.00024129178,0.00058581977,0.0,-0.0,-0.0
07.505,-0.00017165314,-0.0009804387,-0.0006359107,-0.0,-0.0,0.0
07.545,0.0004392121,-0.00036957348,-2.5045474e-05,-0.0,-0.0,0.0
07.567,0.0010500773,-0.00036957348,-0.0006359107,-0.0,-0.0,0.0
07.606,0.0010500773,-0.00036957348,-0.0006359107,-0.0,-0.0,0.0
07.644,-0.0007825184,0.00024129178,-2.5045474e-05,-0.0,0.0,0.0
07.666,-0.0007825184,-0.00036957348,-2.5045474e-05,-0.0,-0.0,0.0
07.705,-0.00017165314,0.00024129178,-2.5045474e-05,-0.0,0.0,0.0
07.745,-0.00017165314,0.000852157,-2.5045474e-05,-0.0,0.0,0.0
07.767,-0.0007825184,0.0014630222,-2.5045474e-05,-0.0,0.0,0.0
07.804,-0.00017165314,0.00024129178,0.00058581977,0.0,-0.0,-0.0
07.844,0.0004392121,-0.00036957348,-0.0006359107,-0.0,-0.0,0.0
07.884,0.0004392121,-0.00036957348,-2.5045474e-05,-0.0,-0.0,0.0
07.905,0.0004392121,0.00024129178,-2.5045474e-05,0.0,-0.0,0.0
07.945,-0.0007825184,-0.0009804387,-2.5045474e-05,-0.0,-0.0,0.0
07.986,0.0004392121,0.00024129178,-0.0006359107,5.2441198e-08,-9.545623e-08,1.3820576e-07
08.006,-0.0007825184,0.00024129178,-2.5045474e-05,-0.0,0.0,0.0
08.044,0.0004392121,-0.00036957348,0.00058581977,-0.0,-0.0,-0.0
08.086,-0.0007825184,0.00024129178,-2.5045474e-05,-0.0,0.0,0.0
08.105,-0.0007825184,-0.00036957348,0.00058581977,-0.0,0.0,0.0
08.146,0.0016609426,0.00024129178,0.001196685,-0.0,-0.0,0.0
08.185,-0.00017165314,-0.00036957348,-2.5045474e-05,-0.0,-0.0,0.0
08.205,0.0016609426,-0.00036957348,-0.0006359107,-0.0,-0.0,0.0
08.246,-0.0013933836,-0.00036957348,-2.5045474e-05,-1.4303413e-07,5.392741e-07,9.6932595e-09
08.286,0.0010500773,0.00024129178,-2.5045474e-05,0.0,-0.0,0.0
08.305,0.0010500773,-0.00036957348,-0.0006359107,-0.0,-0.0,0.0
08.346,-0.00017165314,0.00024129178,0.00058581977,0.0,-0.0,-0.0
08.386,-0.00017165314,-0.00036957348,-0.0006359107,-0.0,-0.0,0.0
08.405,0.0004392121,0.0020738875,0.00058581977,-0.0,-0.0,0.0
08.445,-0.0007825184,-0.00036957348,-0.001246776,-0.0,-0.0,0.0
08.486,-0.0007825184,0.00024129178,-0.0006359107,-0.0,0.0,0.0
08.506,0.0004392121,0.000852157,-2.5045474e-05,0.0,-0.0,0.0
08.544,-0.00017165314,0.0014630222,-0.0006359107,-0.0,0.0,0.0
08.585,-0.0007825184,0.00024129178,0.001196685,0.0,-0.0,-0.0
08.625,-0.00017165314,-0.0009804387,-2.5045474e-05,-0.0,-0.0,0.0
08.644,0.0010500773,-0.00036957348,-2.5045474e-05,-0.0,-0.0,0.0
08.686,0.0010500773,-0.00036957348,-2.5045474e-05,-0.0,-0.0,0.0
08.724,-0.00017165314,-0.00036957348,-2.5045474e-05,-0.0,-0.0,0.0
08.745,-0.00017165314,0.000852157,-0.0006359107,-0.0,0.0,0.0
08.785,0.0010500773,0.0014630222,-2.5045474e-05,7.073147e-07,-5.076718e-07,1.2108699e-08
08.825,0.0004392121,0.0014630222,-0.0006359107,0.0,-0.0,0.0
08.844,0.0010500773,0.0014630222,0.00058581977,-0.0,-0.0,0.0
08.884,-0.0013933836,0.00024129178,-0.0006359107,-0.0,0.0,0.0
08.924,0.0004392121,-0.00036957348,-2.5045474e-05,-0.0,-0.0,0.0
08.945,-0.0007825184,-0.001591304,-0.001246776,-0.0,-0.0,0.0
08.985,0.0010500773,0.00024129178,-0.0006359107,0.0,-0.0,0.0
09.024,0.0004392121,-0.00036957348,0.001196685,-0.0,-0.0,-0.0
09.047,0.0010500773,0.00024129178,-2.5045474e-05,0.0,-0.0,0.0
09.084,0.0004392121,-0.00036957348,0.00058581977,-0.0,-0.0,-0.0
09.125,0.0004392121,-0.00036957348,-2.5045474e-05,-0.0,-0.0,0.0
09.145,-0.00017165314,0.00024129178,-0.0006359107,-0.0,0.0,0.0
09.185,-0.00017165314,0.000852157,0.00058581977,0.0,-0.0,-0.0
09.225,-0.00017165314,0.000852157,0.00058581977,0.0,-0.0,-0.0
09.245,-0.0007825184,-0.00036957348,-0.0006359107,-0.0,-0.0,0.0
09.285,0.0004392121,-0.0009804387,-2.5045474e-05,-0.0,-0.0,0.0
09.325,-0.00017165314,0.000852157,0.00058581977,2.3978555e-07,4.830087e-08,-1.6484182e-07
09.365,-0.00017165314,0.000852157,0.00058581977,0.0,-0.0,-0.0
09.385,-0.00017165314,-0.00036957348,-0.0006359107,-0.0,-0.0,0.0
09.425,-0.0007825184,-0.00036957348,-2.5045474e-05,-0.0,-0.0,0.0
09.465,-0.0007825184,0.00024129178,-2.5045474e-05,-0.0,0.0,0.0
09.485,-0.00017165314,-0.00036957348,-0.0006359107,-0.0,-0.0,0.0
09.525,-0.0007825184,-0.00036957348,-0.0006359107,-0.0,-0.0,0.0
09.565,0.0010500773,-0.00036957348,0.00058581977,-0.0,-0.0,-0.0
09.587,0.0004392121,0.00024129178,0.00058581977,-0.0,-0.0,0.0
09.627,0.0004392121,-0.00036957348,-0.0006359107,-0.0,-0.0,0.0
09.665,0.0004300491,-0.00043371433,0.0006078109,-0.0,-0.0,-0.0
09.684,0.0004300491,-0.0010445797,-0.0006139196,-0.0,-0.0,0.0
09.725,-0.00018081612,0.0007880161,0.0006078109,0.0,-0.0,-0.0
09.766,0.0004300491,-0.0010445797,-0.0006139196,-0.0,-0.0,0.0
09.785,-0.00018081612,0.00017715093,0.0006078109,0.0,-0.0,-0.0
09.825,-0.00018081612,-0.00043371433,-0.0006139196,-0.0,-0.0,0.0
09.864,-0.00079168135,-0.0010445797,-3.0543263e-06,-3.6752115e-07,2.7854233e-07,1.0746743e-09
09.888,-0.00018081612,0.00017715093,0.0012186762,0.0,-0.0,-0.0
09.924,-0.0014025467,-0.00043371433,-0.0006139196,-0.0,-0.0,0.0
09.966,-0.00079168135,-0.0010445797,0.0012186762,-0.0,0.0,0.0
09.985,-0.00079168135,0.0007880161,-0.0006139196,-0.0,0.0,0.0
10.023,-0.00079168135,0.00017715093,0.0006078109,0.0,-0.0,-0.0
10.070,0.0004300491,-0.00043371433,0.0006078109,-0.0,-0.0,-0.0
10.085,0.0004300491,0.0007880161,0.0006078109,-0.0,-0.0,0.0
10.128,-0.00018081612,0.00017715093,-0.0006139196,3.157838e-08,3.2231725e-08,1.0943542e-07
10.165,-0.00018081612,-0.00043371433,-3.0543263e-06,-0.0,-0.0,0.0
10.204,-0.00018081612,-0.00043371433,-0.0012247849,-0.0,-0.0,0.0
10.224,-0.00018081612,0.00017715093,0.0006078109,0.0,-0.0,-0.0
10.265,0.0004300491,0.0020097466,-3.0543263e-06,0.0,-0.0,0.0
10.306,-0.00018081612,-0.00043371433,-0.0006139196,-0.0,-0.0,0.0
10.328,-0.00018081612,0.0007880161,-3.0543263e-06,-0.0,0.0,0.0
10.366,-0.00018081612,-0.00043371433,0.0006078109,-0.0,0.0,0.0
10.388,0.0004300491,-0.00043371433,0.0012186762,-0.0,-0.0,-0.0
10.429,-0.00018081612,0.00017715093,-0.0006139196,-0.0,0.0,0.0
10.465,-0.00018081612,-0.00043371433,-3.0543263e-06,-0.0,-0.0,0.0
10.505,0.0004300491,0.0007880161,-3.0543263e-06,0.0,-0.0,0.0
10.528,0.0004300491,-0.00043371433,-0.0006139196,-0.0,-0.0,0.0
10.567,0.0004300491,0.0007880161,-3.0543263e-06,0.0,-0.0,0.0
10.607,-0.00079168135,-0.00043371433,-0.0012247849,-0.0,-0.0,0.0
10.625,-0.00018081612,0.0013988814,0.0006078109,0.0,-0.0,-0.0
10.666,0.0016517796,0.0013988814,-0.0006139196,8.4486635e-07,-9.97606e-07,3.7078232e-07
10.705,-0.00018081612,0.00017715093,-0.0012247849,-0.0,0.0,0.0
10.726,0.0010409144,0.00017715093,0.0012186762,-0.0,-0.0,0.0
10.766,-0.00079168135,0.00017715093,-0.0006139196,-0.0,0.0,0.0
10.807,-0.00018081612,0.00017715093,-0.0006139196,-0.0,0.0,0.0
10.827,-0.00018081612,-0.00043371433,0.0006078109,-0.0,0.0,0.0
10.866,-0.00018081612,-0.0010445797,0.0006078109,-0.0,0.0,0.0
10.907,-0.00079168135,0.0007880161,0.0006078109,0.0,-0.0,-0.0
10.926,-0.00018081612,0.00017715093,0.0006078109,0.0,-0.0,-0.0
10.967,0.0004300491,-0.00043371433,0.0006078109,-0.0,-0.0,-0.0
11.007,-0.00018081612,-0.00043371433,0.0006078109,-0.0,0.0,0.0
11.028,0.0004300491,0.0007880161,0.0006078109,-0.0,-0.0,0.0
11.067,0.0004300491,0.0007880161,-0.0006139196,0.0,-0.0,0.0
11.107,-0.00079168135,-0.0010445797,-3.0543263e-06,-0.0,-0.0,0.0
11.148,-0.00018081612,-0.00226631,-3.0543263e-06,-0.0,-0.0,0.0
11.167,0.0004300491,0.0007880161,0.0006078109,-0.0,-0.0,0.0
11.207,-0.00079168135,-0.0016554449,0.0006078109,-8.5900984e-07,4.1080338e-07,-3.1539273e-07
11.246,-0.00018081612,0.0020097466,0.0006078109,0.0,-0.0,-0.0
11.266,0.0004300491,0.00017715093,0.0006078109,-0.0,-0.0,0.0
11.308,-0.00018081612,0.0007880161,-3.0543263e-06,-0.0,0.0,0.0
11.350,-0.0014025467,-0.0010445797,-0.0006139196,-0.0,-0.0,0.0
11.367,-0.00018081612,0.0007880161,-0.0006139196,-0.0,0.0,0.0
11.407,-0.00079168135,-0.00043371433,-3.0543263e-06,-0.0,-0.0,0.0
11.447,-0.00018081612,0.00017715093,-0.0006139196,-0.0,0.0,0.0
11.467,-0.00079168135,-0.00043371433,-3.0543263e-06,-1.05096824e-07,1.9183871e-07,7.4012857e-10
11.506,-0.00018081612,-0.00043371433,0.0006078109,-0.0,0.0,0.0
11.550,-0.00079168135,0.00017715093,0.0006078109,0.0,-0.0,-0.0
11.567,-0.00079168135,-0.00043371433,-3.0543263e-06,-0.0,-0.0,0.0
11.608,0.0004300491,0.0013988814,-0.0006139196,0.0,-0.0,0.0
11.647,0.0016517796,0.0020097466,-0.0006139196,0.0,-0.0,0.0
11.669,0.0010409144,0.00017715093,0.0012186762,-0.0,-0.0,0.0
11.707,-0.0020134118,0.00017715093,-3.0543263e-06,-0.0,0.0,0.0
11.751,0.0010409144,0.0013988814,-3.0543263e-06,6.54764e-07,-4.872131e-07,1.4297753e-09
11.767,0.0004300491,-0.00043371433,-3.0543263e-06,-0.0,-0.0,0.0
11.806,-0.00079168135,-0.0016554449,0.0006078109,-0.0,0.0,0.0
11.848,-0.0020134118,-0.00043371433,0.0012186762,-0.0,0.0,0.0
11.870,0.0004300491,-0.00043371433,0.0006078109,-0.0,-0.0,-0.0
11.906,0.0004300491,0.00017715093,-0.0006139196,0.0,-0.0,0.0
11.946,0.0010409144,-0.00043371433,0.0006078109,-0.0,-0.0,-0.0
11.968,-0.0014025467,0.0007880161,-3.0543263e-06,-0.0,0.0,0.0
12.006,-0.00018081612,-0.0010445797,-3.0543263e-06,-2.9725948e-07,5.1455437e-08,8.6918733e-10
12.046,0.0010409144,0.0007880161,0.0006078109,-0.0,-0.0,0.0
12.087,0.0004300491,0.0007880161,-0.0006139196,0.0,-0.0,0.0
12.107,0.0010409144,-0.00043371433,-3.0543263e-06,-0.0,-0.0,0.0
12.147,-0.00018081612,0.00017715093,-3.0543263e-06,-0.0,0.0,0.0
12.169,0.0004300491,-0.00043371433,0.0006078109,-0.0,-0.0,-0.0
12.206,0.0010409144,0.0007880161,-0.0006139196,0.0,-0.0,0.0
12.246,-0.00018081612,0.00017715093,0.0006078109,0.0,-0.0,-0.0
12.287,0.0004300491,-0.0010445797,0.0006078109,-3.596942e-07,-1.4808455e-07,-2.0929573e-07
12.306,-0.00018081612,0.0013988814,0.0006078109,0.0,-0.0,-0.0
12.347,-0.00018081612,0.0013988814,0.0006078109,0.0,-0.0,-0.0
12.386,0.0004300491,0.0007880161,-3.0543263e-06,0.0,-0.0,0.0
12.406,-0.00018081612,0.0007880161,0.0006078109,0.0,-0.0,-0.0
12.447,-0.00079168135,-0.0010445797,-3.0543263e-06,-0.0,-0.0,0.0
12.487,-0.00018081612,-0.00043371433,-0.0006139196,-0.0,-0.0,0.0
12.507,0.0010409144,0.0007880161,-0.0006139196,0.0,-0.0,0.0
12.548,-0.00079168135,-0.0010445797,-3.0543263e-06,-3.6752115e-07,2.7854233e-07,1.0746743e-09
12.587,0.0010409144,0.0007880161,-0.0006139196,0.0,-0.0,0.0
12.608,-0.00079168135,-0.00226631,-0.0006139196,-0.0,-0.0,0.0
12.648,-0.00079168135,0.00017715093,-0.0006139196,-0.0,0.0,0.0
12.688,-0.00079168135,-0.0010445797,-0.0006139196,-0.0,-0.0,0.0
12.708,-0.00018081612,-0.0010445797,-3.0543263e-06,-0.0,-0.0,0.0
12.747,0.0004300491,0.0007880161,0.0006078109,-0.0,-0.0,0.0
12.787,0.0004300491,0.00017715093,-3.0543263e-06,0.0,-0.0,0.0
12.807,-0.00079168135,-0.0010445797,-0.0006139196,-0.0,-0.0,0.0
12.847,-0.00018081612,-0.0010445797,0.0012186762,-0.0,0.0,0.0
12.886,-0.0014025467,-0.0010445797,-3.0543263e-06,-0.0,-0.0,0.0
12.926,-0.00018081612,0.0007880161,-0.0006139196,-0.0,0.0,0.0
12.946,0.0004300491,0.0007880161,0.0006078109,-0.0,-0.0,0.0
12.986,0.0004300491,-0.00043371433,-3.0543263e-06,-0.0,-0.0,0.0
13.027,0.0004300491,-0.00043371433,-3.0543263e-06,-0.0,-0.0,0.0
13.046,-0.00018081612,0.00017715093,-3.0543263e-06,-0.0,0.0,0.0
13.087,0.0004300491,0.0007880161,0.0006078109,2.2932836e-07,-1.2515287e-07,-1.7688507e-07
13.126,-0.00018081612,0.00017715093,0.0006078109,0.0,-0.0,-0.0
13.146,-0.00018081612,0.0007880161,-3.0543263e-06,-0.0,0.0,0.0
13.188,-0.00018081612,0.00017715093,-3.0543263e-06,-0.0,0.0,0.0
13.228,0.0010409144,0.00017715093,-3.0543263e-06,0.0,-0.0,0.0
13.247,0.0004300491,0.00017715093,-0.0006139196,0.0,-0.0,0.0
13.286,0.0016517796,-0.0010445797,-0.0006139196,-0.0,-0.0,0.0
13.327,-0.00018081612,-0.00043371433,-0.0006139196,-0.0,-0.0,0.0
13.346,-0.00018081612,0.0007880161,-3.0543263e-06,1.7102332e-07,3.9242565e-08,6.628778e-10
13.387,0.0004300491,0.0007880161,-3.0543263e-06,0.0,-0.0,0.0
13.426,0.0004300491,-0.00043371433,-3.0543263e-06,-0.0,-0.0,0.0
13.446,-0.00018081612,-0.00043371433,-3.0543263e-06,-0.0,-0.0,0.0
13.486,0.0004300491,0.00017715093,-3.0543263e-06,0.0,-0.0,0.0
13.526,-0.0014025467,-0.0016554449,-3.0543263e-06,-0.0,-0.0,0.0
13.547,-0.00018081612,-0.0010445797,-3.0543263e-06,-0.0,-0.0,0.0
13.586,-0.00018081612,0.00017715093,-3.0543263e-06,-0.0,0.0,0.0
13.626,-0.00018081612,0.0007880161,0.0006078109,2.1396049e-07,4.9094794e-08,-1.6503154e-07
13.647,0.0010409144,-0.0010445797,-3.0543263e-06,-0.0,-0.0,0.0
13.686,-0.0014025467,-0.0010445797,-3.0543263e-06,-0.0,-0.0,0.0
13.727,0.00043737952,0.00020280726,-4.520403e-05,0.0,-0.0,0.0
13.766,0.00043737952,-0.0010189232,-0.00065606926,-0.0,-0.0,0.0
13.787,-0.00017348572,-0.0010189232,-4.520403e-05,-0.0,-0.0,0.0
13.829,-0.00017348572,0.0008136725,-4.520403e-05,-0.0,0.0,0.0
13.876,-0.00017348572,-0.000408058,-4.520403e-05,-0.0,-0.0,0.0
13.888,0.00043737952,0.00020280726,0.0005656612,4.0462417e-08,-8.726233e-08,-1.12856014e-07
13.929,-0.00017348572,-0.000408058,-4.520403e-05,-0.0,-0.0,0.0
13.967,0.00043737952,-0.000408058,-4.520403e-05,-0.0,-0.0,0.0
13.986,-0.00017348572,-0.000408058,-4.520403e-05,-0.0,-0.0,0.0
14.028,0.0010482448,0.0008136725,-0.0012669346,0.0,-0.0,0.0
14.067,-0.00078435097,0.00020280726,-4.520403e-05,-0.0,0.0,0.0
14.086,0.00043737952,0.00020280726,-4.520403e-05,0.0,-0.0,0.0
14.127,-0.00017348572,0.00020280726,-0.00065606926,-0.0,0.0,0.0
14.166,-0.0013952162,-0.000408058,-0.00065606926,-1.7469623e-07,5.9731434e-07,2.8087376e-07
14.188,-0.00017348572,-0.000408058,-4.520403e-05,-0.0,-0.0,0.0
14.226,-0.00017348572,-0.000408058,-4.520403e-05,-0.0,-0.0,0.0
14.267,-0.00078435097,-0.0010189232,-4.520403e-05,-0.0,-0.0,0.0
14.286,0.00043737952,0.00020280726,-0.00065606926,0.0,-0.0,0.0
14.327,-0.00078435097,-0.0016297885,0.0005656612,-0.0,0.0,0.0
14.367,0.00043737952,0.0008136725,-0.00065606926,0.0,-0.0,0.0
14.387,-0.00017348572,-0.0010189232,-4.520403e-05,-0.0,-0.0,0.0
14.429,0.00043737952,0.0008136725,-4.520403e-05,2.0201144e-07,-1.08588736e-07,1.1222869e-08
14.468,-0.00017348572,0.0014245377,-4.520403e-05,-0.0,0.0,0.0
14.488,-0.00017348572,0.00020280726,-4.520403e-05,-0.0,0.0,0.0
14.528,-0.00017348572,-0.0010189232,0.0005656612,-0.0,0.0,0.0
14.568,-0.00017348572,-0.000408058,0.0005656612,-0.0,0.0,0.0
14.588,0.00043737952,-0.0010189232,-4.520403e-05,-0.0,-0.0,0.0
14.629,-0.00017348572,0.0008136725,-0.00065606926,-0.0,0.0,0.0
14.667,-0.00017348572,-0.0010189232,-4.520403e-05,-0.0,-0.0,0.0
14.688,-0.00017348572,0.0008136725,-4.520403e-05,1.8198389e-07,3.8801367e-08,1.0110213e-08
14.729,0.00043737952,0.00020280726,-4.520403e-05,0.0,-0.0,0.0
14.768,0.00043737952,-0.000408058,0.0011765264,-0.0,-0.0,-0.0
14.789,-0.00017348572,0.0008136725,0.0011765264,0.0,-0.0,-0.0
14.828,0.00043737952,0.00020280726,0.0005656612,-0.0,-0.0,0.0
14.868,0.00043737952,0.00020280726,-4.520403e-05,0.0,-0.0,0.0
14.907,0.00043737952,-0.000408058,0.0005656612,-0.0,-0.0,-0.0
14.927,0.00043737952,-0.000408058,-4.520403e-05,-0.0,-0.0,0.0
14.968,-0.00078435097,0.00020280726,-0.00065606926,5.675326e-08,2.1949161e-07,1.8359344e-07
15.009,0.00043737952,0.00020280726,-4.520403e-05,0.0,-0.0,0.0
15.028,-0.00078435097,0.00020280726,0.0011765264,0.0,-0.0,-0.0
15.068,0.00043737952,-0.0010189232,-4.520403e-05,-0.0,-0.0,0.0
15.109,-0.00078435097,0.00020280726,0.0005656612,0.0,-0.0,-0.0
15.127,-0.00017348572,0.00020280726,-4.520403e-05,-0.0,0.0,0.0
15.168,-0.00078435097,-0.000408058,-4.520403e-05,-0.0,-0.0,0.0
15.208,0.00043737952,0.00020280726,0.0005656612,-0.0,-0.0,0.0
15.227,-0.00078435097,0.00020280726,-4.520403e-05,4.4173504e-08,1.708397e-07,9.845898e-09
15.267,0.00043737952,-0.000408058,0.0017873916,-0.0,-0.0,-0.0
15.307,0.00043737952,-0.000408058,-4.520403e-05,-0.0,-0.0,0.0
15.328,0.00165911,-0.000408058,-4.520403e-05,-0.0,-0.0,0.0
15.369,0.00043737952,0.0014245377,-0.00065606926,0.0,-0.0,0.0
15.408,-0.00078435097,0.00020280726,-0.00065606926,-0.0,0.0,0.0
15.428,-0.00078435097,-0.0010189232,0.0005656612,-0.0,0.0,0.0
15.468,0.00043737952,0.0008136725,-0.00065606926,0.0,-0.0,0.0
15.508,0.00043737952,-0.000408058,-0.00065606926,-9.725024e-08,-1.042383e-07,1.5635743e-07
15.528,0.00043737952,0.0008136725,-0.00065606926,0.0,-0.0,0.0
15.568,0.00043737952,0.0008136725,-4.520403e-05,0.0,-0.0,0.0
15.607,-0.00017348572,-0.000408058,0.0005656612,-0.0,0.0,0.0
15.629,-0.00017348572,0.00020280726,-0.00065606926,-0.0,0.0,0.0
15.669,0.00043737952,-0.0010189232,-4.520403e-05,-0.0,-0.0,0.0
15.708,-0.00078435097,-0.000408058,-4.520403e-05,-0.0,-0.0,0.0
15.749,0.00043737952,0.0008136725,-0.00065606926,0.0,-0.0,0.0
15.769,-0.00078435097,-0.000408058,-4.520403e-05,-9.697362e-08,1.8639838e-07,1.0742595e-08
15.807,-0.00017348572,-0.000408058,-4.520403e-05,-0.0,-0.0,0.0
15.849,-0.00017348572,-0.000408058,0.0005656612,-0.0,0.0,0.0
15.868,-0.00017348572,0.00020280726,-4.520403e-05,-0.0,0.0,0.0
15.907,0.00043737952,0.0014245377,-0.00065606926,0.0,-0.0,0.0
15.947,0.00043737952,0.0008136725,-4.520403e-05,0.0,-0.0,0.0
15.969,-0.00017348572,-0.0010189232,-4.520403e-05,-0.0,-0.0,0.0
16.008,0.00043737952,0.0014245377,-0.00065606926,0.0,-0.0,0.0
16.047,-0.00017348572,-0.0010189232,0.0005656612,-3.2226936e-07,5.4870828e-08,-1.789097e-07
16.068,0.00043737952,0.0008136725,-0.00065606926,0.0,-0.0,0.0
16.107,-0.00078435097,0.00020280726,-4.520403e-05,-0.0,0.0,0.0
16.147,-0.00017348572,0.00020280726,0.0011765264,0.0,-0.0,-0.0
16.167,-0.00078435097,0.00020280726,-0.00065606926,-0.0,0.0,0.0
16.207,-0.00017348572,0.0014245377,0.0005656612,0.0,-0.0,-0.0
16.248,-0.00017348572,-0.0010189232,0.0005656612,-0.0,0.0,0.0
16.268,-0.00017348572,-0.0010189232,0.0011765264,-0.0,0.0,0.0
16.308,-0.00017348572,0.00020280726,0.0005656612,3.4050473e-08,2.9127511e-08,-9.49721e-08
16.348,-0.00078435097,0.00020280726,-0.00065606926,-0.0,0.0,0.0
16.368,-0.00078435097,-0.0010189232,0.0005656612,-0.0,0.0,0.0
16.408,-0.00078435097,0.00020280726,-4.520403e-05,-0.0,0.0,0.0
16.447,-0.00078435097,0.00020280726,0.0011765264,0.0,-0.0,-0.0
16.491,0.0010482448,-0.000408058,0.0005656612,-0.0,-0.0,-0.0
16.507,0.00043737952,-0.0016297885,0.0011765264,-0.0,-0.0,-0.0
16.550,-0.00017348572,0.00020280726,0.0005656612,0.0,-0.0,-0.0
16.588,0.00043737952,0.0008136725,-0.00065606926,0.0,-0.0,0.0
16.609,-0.00078435097,-0.0010189232,-4.520403e-05,-0.0,-0.0,0.0
16.649,-0.00017348572,0.00020280726,0.0005656612,0.0,-0.0,-0.0
16.688,-0.00017348572,-0.000408058,0.0005656612,-0.0,0.0,0.0
16.708,0.00043737952,-0.000408058,-4.520403e-05,-0.0,-0.0,0.0
16.749,0.00043737952,0.00020280726,-0.00065606926,0.0,-0.0,0.0
16.790,-0.00078435097,-0.0010189232,-4.520403e-05,-0.0,-0.0,0.0
16.809,0.00043737952,0.00020280726,0.0005656612,-0.0,-0.0,0.0
16.849,0.0010482448,-0.000408058,0.0005656612,-1.3791697e-07,-3.5428963e-07,-1.9118427e-07
16.887,-0.00017348572,0.00020280726,-4.520403e-05,-0.0,0.0,0.0
16.907,-0.00017348572,-0.0016297885,0.0005656612,-0.0,0.0,0.0
16.946,0.0010482448,-0.000408058,-0.00065606926,-0.0,-0.0,0.0
16.988,0.00043737952,0.00020280726,-4.520403e-05,0.0,-0.0,0.0
17.007,-0.00017348572,0.00020280726,-4.520403e-05,-0.0,0.0,0.0
17.047,-0.00078435097,-0.000408058,0.0005656612,-0.0,0.0,0.0
17.088,-0.00017348572,-0.000408058,-4.520403e-05,-0.0,-0.0,0.0
17.108,0.00043737952,0.00020280726,-4.520403e-05,2.6361594e-08,-5.6852116e-08,5.875778e-09
17.148,-0.00078435097,0.00020280726,0.0005656612,0.0,-0.0,-0.0
17.188,0.00043737952,0.0008136725,0.0017873916,-0.0,-0.0,0.0
17.208,-0.00017348572,0.0008136725,-0.00065606926,-0.0,0.0,0.0
17.247,0.00043737952,0.00020280726,-4.520403e-05,0.0,-0.0,0.0
17.287,0.0010482448,0.00020280726,0.0005656612,-0.0,-0.0,0.0
17.328,0.00043737952,-0.000408058,0.0011765264,-0.0,-0.0,-0.0
17.348,0.00043737952,0.00020280726,-4.520403e-05,0.0,-0.0,0.0
17.388,0.00165911,0.005089729,0.0005656612,7.354756e-06,-2.3974487e-06,-8.173825e-07
17.428,-0.00078435097,0.0008136725,-0.0012669346,-0.0,0.0,0.0
17.448,-0.00078435097,-0.0010189232,-0.00065606926,-0.0,-0.0,0.0
17.488,0.00043737952,-0.0022406538,0.0005656612,-0.0,-0.0,-0.0
17.528,-0.00017348572,-0.000408058,0.0011765264,-0.0,0.0,0.0
17.548,-0.0013952162,-0.000408058,-4.520403e-05,-0.0,-0.0,0.0
17.587,-0.00017348572,-0.0010189232,0.0005656612,-0.0,0.0,0.0
17.628,0.00043737952,0.00020280726,-4.520403e-05,0.0,-0.0,0.0
17.647,0.00043737952,0.0008136725,-4.520403e-05,2.0201144e-07,-1.08588736e-07,1.1222869e-08
17.688,-0.00078435097,-0.0016297885,0.0005656612,-0.0,0.0,0.0
17.727,-0.0013952162,-0.000408058,-4.520403e-05,-0.0,-0.0,0.0
17.748,0.00043737952,0.0008136725,-0.00065606926,0.0,-0.0,0.0
17.787,0.0010482448,0.00020280726,-0.00065606926,0.0,-0.0,0.0
17.829,0.0010482448,-0.000408058,-4.520403e-05,-0.0,-0.0,0.0
17.870,-0.00017348572,0.00020280726,0.0005656612,0.0,-0.0,-0.0
17.886,-0.00078435097,0.00020280726,-4.520403e-05,-0.0,0.0,0.0
17.928,0.00043737952,0.0014245377,-0.0012669346,0.0,-0.0,0.0
17.968,-0.00017348572,0.00020280726,-0.00065606926,-0.0,0.0,0.0
17.987,-0.00017348572,-0.000408058,-0.00065606926,-0.0,-0.0,0.0
18.028,-0.00078435097,0.003867999,0.0005656612,0.0,-0.0,-0.0
18.048,-0.00078435097,-0.005905845,-4.520403e-05,-0.0,-0.0,0.0
18.087,0.00043737952,-0.0016297885,-4.520403e-05,-0.0,-0.0,0.0
18.128,0.00165911,0.0014245377,-4.520403e-05,0.0,-0.0,0.0
18.168,-0.00078435097,0.0008136725,0.0005656612,0.0,-0.0,-0.0
18.188,-0.00017348572,0.0008136725,0.0005656612,2.1973955e-07,4.6851355e-08,-1.5276187e-07
18.228,-0.00017348572,-0.000408058,0.0005656612,-0.0,0.0,0.0
18.267,-0.00078435097,-0.000408058,0.0005656612,-0.0,0.0,0.0
18.288,-0.00078435097,0.0014245377,-4.520403e-05,-0.0,0.0,0.0
18.329,-0.00078435097,-0.0010189232,0.0005656612,-0.0,0.0,0.0
18.367,0.00043737952,0.00020280726,-4.520403e-05,0.0,-0.0,0.0
18.388,-0.00017348572,-0.0022406538,0.0005656612,-0.0,0.0,0.0
18.428,-0.00078435097,0.00020280726,0.0005656612,0.0,-0.0,-0.0
18.468,-0.00017348572,-0.000408058,-4.520403e-05,-0.0,-0.0,0.0
18.487,-0.0013952162,-0.0016297885,-0.00065606926,-0.0,-0.0,0.0
18.530,-0.00078435097,-0.000408058,0.0005656612,-0.0,0.0,0.0
18.567,-0.00017348572,-0.000408058,0.0011765264,-0.0,0.0,0.0
18.590,-0.00078435097,0.00020280726,-4.520403e-05,-0.0,0.0,0.0
18.627,0.00043737952,-0.000408058,-0.00065606926,-0.0,-0.0,0.0
18.667,0.00043737952,-0.000408058,-4.520403e-05,-0.0,-0.0,0.0
18.688,-0.00017348572,-0.000408058,0.0005656612,-0.0,0.0,0.0
18.727,-0.0013952162,-0.0022406538,-4.520403e-05,-1.5878377e-06,9.887189e-07,3.2034585e-08
18.768,-0.00017348572,0.00020280726,0.0011765264,0.0,-0.0,-0.0
18.808,0.00043737952,0.0008136725,-4.520403e-05,0.0,-0.0,0.0
18.829,-0.00017348572,0.00020280726,0.0005656612,0.0,-0.0,-0.0
18.876,-0.00017348572,-0.000408058,-0.00065606926,-0.0,-0.0,0.0
18.909,0.00043737952,0.00020280726,0.0005656612,-0.0,-0.0,0.0
18.927,-0.00078435097,-0.000408058,-4.520403e-05,-0.0,-0.0,0.0
18.967,-0.0013952162,-0.000408058,-4.520403e-05,-0.0,-0.0,0.0
19.007,-0.00078435097,0.00020280726,0.0005656612,0.0,-0.0,-0.0
19.026,0.00043737952,-0.0010189232,0.0005656612,-0.0,-0.0,-0.0
19.067,0.00043737952,0.0008136725,-4.520403e-05,0.0,-0.0,0.0
19.108,-0.00078435097,-0.0022406538,0.0011765264,-0.0,0.0,0.0
19.128,0.00043737952,-0.0010189232,-4.520403e-05,-0.0,-0.0,0.0
19.167,-0.00078435097,-0.000408058,-4.520403e-05,-0.0,-0.0,0.0
19.208,-0.0013952162,-0.000408058,0.0005656612,-0.0,0.0,0.0
19.227,-0.00017348572,-0.000408058,0.0017873916,-0.0,0.0,0.0
19.269,-0.00078435097,-0.0010189232,-4.520403e-05,-3.5191675e-07,2.7089996e-07,1.5612663e-08
19.309,-0.00017348572,-0.000408058,-0.00065606926,-0.0,-0.0,0.0
19.329,-0.00078435097,0.0008136725,-4.520403e-05,-0.0,0.0,0.0
19.368,0.00043737952,0.0008136725,-0.00065606926,0.0,-0.0,0.0
19.408,0.00043737952,0.00020280726,-4.520403e-05,0.0,-0.0,0.0
19.428,-0.00017348572,-0.000408058,-4.520403e-05,-0.0,-0.0,0.0
19.467,-0.00078435097,-0.0010189232,-4.520403e-05,-0.0,-0.0,0.0
19.507,-0.00017348572,0.00020280726,-4.520403e-05,-0.0,0.0,0.0
19.527,-0.00017348572,-0.000408058,-0.00065606926,-8.6737685e-08,3.6876493e-08,1.394555e-07
19.567,-0.00078435097,0.00020280726,0.0005656612,0.0,-0.0,-0.0
19.608,0.00043737952,-0.0010189232,-4.520403e-05,-0.0,-0.0,0.0
19.647,-0.00078435097,-0.0010189232,-4.520403e-05,-0.0,-0.0,0.0
19.668,0.00043737952,0.0008136725,-0.00065606926,0.0,-0.0,0.0
19.707,0.00043737952,0.00020280726,-0.00065606926,0.0,-0.0,0.0
19.747,-0.00078435097,0.0008136725,0.0005656612,0.0,-0.0,-0.0
19.768,-0.0013952162,-0.0010189232,-4.520403e-05,-0.0,-0.0,0.0
19.807,-0.00078435097,0.00020280726,-0.00065606926,-0.0,0.0,0.0
19.849,0.00043737952,-0.000408058,-4.520403e-05,-0.0,-0.0,0.0
19.868,0.0010482448,0.00020280726,0.0005656612,-0.0,-0.0,0.0
19.907,-0.00078435097,-0.0010189232,0.0005656612,-0.0,0.0,0.0
19.946,0.00043737952,-0.0010189232,-4.520403e-05,-0.0,-0.0,0.0
19.967,-0.00078435097,-0.000408058,0.0005656612,-0.0,0.0,0.0
20.006,0.00043737952,0.0008136725,-0.00065606926,0.0,-0.0,0.0
20.047,-0.00017348572,0.00020280726,0.0005656612,0.0,-0.0,-0.0
20.067,-0.00017348572,-0.0010189232,0.0005656612,-3.2226936e-07,5.4870828e-08,-1.789097e-07
20.107,0.00043737952,0.00020280726,0.0005656612,-0.0,-0.0,0.0
20.147,-0.00078435097,-0.0010189232,0.0011765264,-0.0,0.0,0.0
20.168,-0.00017348572,-0.000408058,-4.520403e-05,-0.0,-0.0,0.0
20.209,-0.00017348572,0.0008136725,-4.520403e-05,-0.0,0.0,0.0
20.250,-0.00078435097,0.00020280726,0.0005656612,0.0,-0.0,-0.0
20.268,-0.00017348572,0.00020280726,-0.00065606926,-0.0,0.0,0.0
20.307,-0.00078435097,-0.000408058,0.0005656612,-0.0,0.0,0.0
20.347,-0.00017348572,-0.000408058,0.0005656612,-0.0,0.0,0.0
20.368,0.0010482448,0.0008136725,-4.520403e-05,0.0,-0.0,0.0
20.407,-0.00078435097,0.00020280726,-4.520403e-05,-0.0,0.0,0.0
20.448,-0.00017348572,-0.000408058,-4.520403e-05,-0.0,-0.0,0.0
20.487,-0.00078435097,-0.000408058,-4.520403e-05,-0.0,-0.0,0.0
20.509,0.00043737952,-0.000408058,-4.520403e-05,-0.0,-0.0,0.0
20.547,0.0010482448,0.00020280726,0.0005656612,-0.0,-0.0,0.0
20.588,-0.00078435097,0.0008136725,-4.520403e-05,-0.0,0.0,0.0
20.608,-0.00017348572,-0.0010189232,-0.00065606926,-3.3484426e-07,5.7011814e-08,2.1560118e-07
20.646,-0.00078435097,-0.0010189232,-4.520403e-05,-0.0,-0.0,0.0
20.689,0.00043737952,0.00020280726,0.0005656612,-0.0,-0.0,0.0
20.707,-0.00017348572,-0.000408058,0.0005656612,-0.0,0.0,0.0
20.748,-0.00017348572,0.00020280726,-0.00065606926,-0.0,0.0,0.0
20.789,-0.00017348572,0.0008136725,-4.520403e-05,-0.0,0.0,0.0
20.809,-0.00017348572,-0.000408058,0.0005656612,-0.0,0.0,0.0
20.847,0.00043737952,0.0014245377,-0.00065606926,0.0,-0.0,0.0
20.888,-0.00017348572,-0.000408058,0.0005656612,-0.0,0.0,0.0
20.907,-0.00078435097,-0.000408058,0.0005656612,-0.0,0.0,0.0
20.948,-0.00078435097,0.0008136725,-0.00065606926,-0.0,0.0,0.0
20.990,0.0010482448,0.00020280726,-4.520403e-05,0.0,-0.0,0.0
21.008,0.0010482448,-0.000408058,-4.520403e-05,-0.0,-0.0,0.0
21.048,-0.00078435097,-0.000408058,0.0005656612,-0.0,0.0,0.0
21.087,-0.00017348572,-0.000408058,-0.00065606926,-0.0,-0.0,0.0
21.109,-0.00078435097,-0.0016297885,0.0005656612,-0.0,0.0,0.0
21.148,-0.00017348572,-0.0010189232,0.0005656612,-3.2226936e-07,5.4870828e-08,-1.789097e-07
21.173,-0.00078435097,0.00020280726,0.0005656612,0.0,-0.0,-0.0
21.209,-0.00078435097,-0.000408058,-4.520403e-05,-0.0,-0.0,0.0
21.247,-0.0013952162,0.00020280726,0.0005656612,0.0,-0.0,-0.0
21.288,0.00043737952,0.00020280726,0.0005656612,-0.0,-0.0,0.0
21.310,-0.00078435097,0.00020280726,-4.520403e-05,-0.0,0.0,0.0
21.348,0.00043737952,0.0008136725,0.0005656612,-0.0,-0.0,0.0
21.387,-0.00017348572,-0.000408058,-0.00065606926,-0.0,-0.0,0.0
21.410,-0.00017348572,-0.0010189232,-4.520403e-05,-2.8297188e-07,4.817986e-08,1.2553915e-08
21.447,-0.00017348572,0.0008136725,0.0011765264,0.0,-0.0,-0.0
21.487,-0.00078435097,-0.000408058,-4.520403e-05,-0.0,-0.0,0.0
21.510,-0.00017348572,-0.000408058,0.0005656612,-0.0,0.0,0.0
21.548,-0.00078435097,0.0008136725,0.0005656612,0.0,-0.0,-0.0
21.588,0.00043737952,-0.000408058,-4.520403e-05,-0.0,-0.0,0.0
21.629,0.00043737952,0.00020280726,-4.520403e-05,0.0,-0.0,0.0
21.649,-0.00017348572,0.00020280726,-4.520403e-05,-0.0,0.0,0.0
21.688,-0.00017348572,0.0008136725,-4.520403e-05,-0.0,0.0,0.0
21.728,0.0010482448,0.0008136725,-4.520403e-05,0.0,-0.0,0.0
21.748,0.00043737952,-0.0010189232,-4.520403e-05,-0.0,-0.0,0.0
21.788,0.00043737952,0.00020280726,-0.00065606926,0.0,-0.0,0.0
21.829,-0.00017348572,-0.000408058,-4.520403e-05,-0.0,-0.0,0.0
21.849,-0.00017348572,0.00020280726,0.0005656612,0.0,-0.0,-0.0
21.888,-0.00017348572,0.00020280726,0.0005656612,0.0,-0.0,-0.0
21.912,0.0010482448,0.0014245377,-0.00065606926,0.0,-0.0,0.0
21.947,0.00043737952,0.0014245377,-4.520403e-05,5.700981e-07,-1.7503869e-07,1.8090642e-08
21.987,-0.00017348572,0.00020280726,-0.00065606926,-0.0,0.0,0.0
22.028,-0.00078435097,-0.0010189232,0.0005656612,-0.0,0.0,0.0
22.048,-0.00078435097,-0.000408058,-0.0012669346,-0.0,-0.0,0.0
22.086,0.00043737952,-0.000408058,-4.520403e-05,-0.0,-0.0,0.0
22.128,-0.00078435097,-0.000408058,0.0005656612,-0.0,0.0,0.0
22.148,-0.00078435097,0.00020280726,-4.520403e-05,-0.0,0.0,0.0
22.188,-0.00017348572,0.00020280726,-0.00065606926,-0.0,0.0,0.0
22.228,0.00043737952,-0.000408058,-4.520403e-05,-0.0,-0.0,0.0
22.268,0.00043737952,-0.0010189232,-4.520403e-05,-0.0,-0.0,0.0
22.288,0.00043737952,-0.000408058,0.0005656612,-0.0,-0.0,-0.0
22.328,-0.00017348572,-0.0010189232,-0.00065606926,-0.0,-0.0,0.0
22.367,0.00043737952,0.0008136725,-4.520403e-05,0.0,-0.0,0.0
22.388,0.00043737952,0.0008136725,-0.00065606926,0.0,-0.0,0.0
22.429,-0.00078435097,-0.0016297885,0.0011765264,-0.0,0.0,0.0
22.467,0.0010482448,0.00020280726,0.0011765264,-0.0,-0.0,0.0
22.488,-0.00078435097,0.00020280726,-4.520403e-05,4.4173504e-08,1.708397e-07,9.845898e-09
22.529,-0.00017348572,0.0014245377,-4.520403e-05,-0.0,0.0,0.0
22.567,-0.00017348572,0.0008136725,0.0005656612,0.0,-0.0,-0.0
22.587,0.00043737952,-0.000408058,0.0005656612,-0.0,-0.0,-0.0
22.627,0.00043737952,-0.000408058,-4.520403e-05,-0.0,-0.0,0.0
22.669,0.00043737952,0.0008136725,-0.00065606926,0.0,-0.0,0.0
22.687,0.00043737952,0.00020280726,-4.520403e-05,0.0,-0.0,0.0
22.729,-0.00017348572,0.0008136725,-0.00065606926,-0.0,0.0,0.0
22.769,-0.00078435097,0.00020280726,-4.520403e-05,-0.0,0.0,0.0
22.788,-0.00078435097,0.00020280726,0.0005656612,0.0,-0.0,-0.0
22.828,-0.00017348572,-0.000408058,-4.520403e-05,-0.0,-0.0,0.0
22.870,-0.00078435097,-0.0010189232,0.0005656612,-0.0,0.0,0.0
22.888,-0.00078435097,-0.0010189232,-4.520403e-05,-0.0,-0.0,0.0
22.927,0.00043737952,0.0008136725,0.0005656612,-0.0,-0.0,0.0
22.968,0.00043737952,0.0014245377,-0.00065606926,0.0,-0.0,0.0
23.008,0.00043737952,-0.0016297885,0.0005656612,-7.7862495e-07,-2.0895622e-07,-2.7024245e-07
23.029,-0.00017348572,-0.000408058,0.0005656612,-0.0,0.0,0.0
23.068,-0.00017348572,-0.000408058,-0.00065606926,-0.0,-0.0,0.0
23.090,-0.0001246165,-0.000979217,0.0005375614,-0.0,0.0,0.0
23.128,-0.0001246165,-0.00036835176,-0.00068416906,-0.0,-0.0,0.0
23.169,-0.0001246165,-0.00036835176,-7.3303825e-05,-0.0,-0.0,0.0
23.209,0.00048624873,-0.000979217,0.0005375614,-0.0,-0.0,-0.0
23.228,-0.0001246165,0.0002425135,-0.0012950343,-0.0,0.0,0.0
23.269,-0.0001246165,-0.00036835176,-7.3303825e-05,-0.0,-0.0,0.0
23.308,-0.00073548174,-0.000979217,-7.3303825e-05,-0.0,-0.0,0.0
23.329,-0.00073548174,-0.0015900823,0.0005375614,-0.0,0.0,0.0
23.369,-0.0001246165,0.001464244,-7.3303825e-05,-0.0,0.0,0.0
23.409,0.00048624873,0.0002425135,-7.3303825e-05,0.0,-0.0,0.0
23.428,-0.0001246165,-0.0015900823,-0.00068416906,-0.0,-0.0,0.0
23.468,-0.00073548174,0.0008533788,-7.3303825e-05,-0.0,0.0,0.0
23.509,0.00048624873,0.0002425135,-0.00068416906,0.0,-0.0,0.0
23.530,-0.0001246165,0.0002425135,0.0005375614,0.0,-0.0,-0.0
23.568,-0.0001246165,-0.00036835176,-7.3303825e-05,-0.0,-0.0,0.0
23.608,0.00048624873,-0.000979217,-0.00068416906,-0.0,-0.0,0.0
23.628,-0.0013463469,-0.00036835176,0.0005375614,-0.0,0.0,0.0
23.667,-0.00073548174,-0.00036835176,0.0005375614,-0.0,0.0,0.0
23.708,-0.0001246165,0.0002425135,0.0011484267,0.0,-0.0,-0.0
23.728,-0.00073548174,0.0002425135,-7.3303825e-05,-0.0,0.0,0.0
23.770,-0.00073548174,-0.0015900823,-7.3303825e-05,-0.0,-0.0,0.0
23.809,-0.0013463469,0.0002425135,-7.3303825e-05,-0.0,0.0,0.0
23.829,-0.0013463469,-0.0015900823,0.0005375614,-9.184365e-07,7.7765446e-07,-3.1049683e-07
23.871,-0.00073548174,-0.00036835176,-7.3303825e-05,-0.0,-0.0,0.0
23.903,-0.0001246165,-0.000979217,0.0005375614,-0.0,0.0,0.0
23.930,-0.0001246165,0.0008533788,0.0005375614,0.0,-0.0,-0.0
23.969,-0.0001246165,0.0002425135,-0.00068416906,-0.0,0.0,0.0
24.008,0.00048624873,0.0008533788,-7.3303825e-05,0.0,-0.0,0.0
24.048,0.00048624873,0.001464244,-7.3303825e-05,0.0,-0.0,0.0
24.068,-0.0001246165,0.0002425135,-7.3303825e-05,-0.0,0.0,0.0
24.108,0.001097114,0.0008533788,-0.00068416906,0.0,-0.0,0.0
24.149,-0.0001246165,0.0002425135,0.0005375614,0.0,-0.0,-0.0
24.170,-0.0001246165,0.0008533788,-7.3303825e-05,-0.0,0.0,0.0
24.208,0.00048624873,0.0002425135,-7.3303825e-05,0.0,-0.0,0.0
24.248,0.00048624873,0.0008533788,-7.3303825e-05,0.0,-0.0,0.0
24.268,-0.0001246165,0.0002425135,-0.0012950343,-0.0,0.0,0.0
24.309,0.00048624873,0.0002425135,-0.0012950343,0.0,-0.0,0.0
24.350,0.00048624873,0.0002425135,-0.00068416906,0.0,-0.0,0.0
24.369,0.001097114,0.0002425135,-0.00068416906,8.563855e-08,-3.874225e-07,2.415998e-07
24.409,-0.0001246165,0.0002425135,-7.3303825e-05,-0.0,0.0,0.0
24.448,-0.0001246165,-0.00036835176,0.0005375614,-0.0,0.0,0.0
24.469,-0.0001246165,-0.00036835176,0.0005375614,-0.0,0.0,0.0
24.509,0.00048624873,0.0002425135,-0.00068416906,0.0,-0.0,0.0
24.548,0.00048624873,-0.000979217,0.0005375614,-0.0,-0.0,-0.0
24.568,-0.0001246165,-0.00036835176,-7.3303825e-05,-0.0,-0.0,0.0
24.609,-0.0001246165,0.0008533788,-7.3303825e-05,-0.0,0.0,0.0
24.649,-0.0001246165,0.0002425135,-7.3303825e-05,-0.0,0.0,0.0
24.668,0.00048624873,0.0002425135,0.0005375614,-0.0,-0.0,0.0
24.709,-0.00073548174,-0.000979217,-0.00068416906,-0.0,-0.0,0.0
24.748,0.00048624873,0.0008533788,-7.3303825e-05,0.0,-0.0,0.0
24.771,0.00048624873,-0.00036835176,-0.00068416906,-0.0,-0.0,0.0
24.809,0.00048624873,0.0008533788,0.0005375614,-0.0,-0.0,0.0
24.849,-0.00073548174,0.0002425135,-7.3303825e-05,-0.0,0.0,0.0
24.876,-0.0001246165,0.0002425135,-7.3303825e-05,-0.0,0.0,0.0
24.909,-0.0001246165,0.0002425135,-7.3303825e-05,-0.0,0.0,0.0
24.952,-0.00073548174,-0.00036835176,-7.3303825e-05,-0.0,-0.0,0.0
24.990,-0.0001246165,0.0026859746,-7.3303825e-05,-0.0,0.0,0.0
25.009,-0.00073548174,0.0008533788,-0.0012950343,-0.0,0.0,0.0
25.048,0.00048624873,-0.000979217,-0.0012950343,-0.0,-0.0,0.0
25.091,0.00048624873,0.0002425135,0.0005375614,-0.0,-0.0,0.0
25.109,-0.0001246165,-0.00036835176,-0.00068416906,-0.0,-0.0,0.0
25.150,0.00048624873,-0.00036835176,0.0011484267,-0.0,-0.0,-0.0
25.190,-0.00073548174,0.0008533788,0.0005375614,0.0,-0.0,-0.0
25.209,0.00048624873,0.0002425135,0.0005375614,-0.0,-0.0,0.0
25.250,0.00048624873,0.0002425135,-0.0012950343,0.0,-0.0,0.0
25.290,0.001097114,0.0002425135,0.0005375614,-0.0,-0.0,0.0
25.313,-0.0001246165,0.0002425135,0.0005375614,0.0,-0.0,-0.0
25.349,0.001097114,-0.00036835176,0.0005375614,-0.0,-0.0,-0.0
25.392,0.001097114,0.0002425135,0.0005375614,-0.0,-0.0,0.0
25.411,0.001097114,-0.00036835176,-7.3303825e-05,-0.0,-0.0,0.0
25.449,0.0017079792,0.0069620316,-0.00068416906,0.0,-0.0,0.0
25.491,0.00048624873,0.0045185704,0.0005375614,-0.0,-0.0,0.0
25.511,-0.0001246165,0.0002425135,-7.3303825e-05,-0.0,0.0,0.0
25.549,-0.0001246165,-0.0046444084,-0.00068416906,-0.0,-0.0,0.0
25.590,-0.00073548174,-0.003422678,0.0005375614,-0.0,0.0,0.0
25.612,0.00048624873,-0.0015900823,-7.3303825e-05,-0.0,-0.0,0.0
25.651,-0.0001246165,0.0002425135,0.0005375614,0.0,-0.0,-0.0
25.689,-0.0001246165,-0.0015900823,-0.00068416906,-0.0,-0.0,0.0
25.710,-0.00073548174,-0.0015900823,0.0005375614,-7.8219864e-07,3.6180077e-07,-2.6443888e-07
25.749,-0.0001246165,-0.000979217,-7.3303825e-05,-0.0,-0.0,0.0
25.791,0.001097114,0.001464244,0.0005375614,-0.0,-0.0,0.0
25.810,0.001097114,0.0008533788,-7.3303825e-05,0.0,-0.0,0.0
25.853,0.00048624873,0.0008533788,-7.3303825e-05,0.0,-0.0,0.0
25.894,-0.001957212,-0.000979217,0.0005375614,-0.0,0.0,0.0
25.911,-0.0001246165,0.0002425135,0.0005375614,0.0,-0.0,-0.0
25.948,0.00048624873,-0.000979217,-0.00068416906,-0.0,-0.0,0.0
25.988,0.00048624873,0.001464244,-0.00068416906,0.0,-0.0,0.0
26.029,-0.0001246165,0.0002425135,-7.3303825e-05,-0.0,0.0,0.0
26.049,0.00048624873,-0.00036835176,-7.3303825e-05,-0.0,-0.0,0.0
26.091,-0.00073548174,-0.0015900823,0.0005375614,-0.0,0.0,0.0
26.130,0.00048624873,-0.00036835176,-7.3303825e-05,-0.0,-0.0,0.0
26.150,0.00048624873,0.001464244,-0.00068416906,0.0,-0.0,0.0
26.189,-0.0001246165,-0.000979217,-7.3303825e-05,-0.0,-0.0,0.0
26.231,0.00048624873,-0.00036835176,0.0005375614,-8.039592e-08,-1.0612793e-07,-1.17327374e-07
26.252,0.00048624873,0.0008533788,-7.3303825e-05,0.0,-0.0,0.0
26.290,-0.00073548174,-0.0015900823,-0.00068416906,-0.0,-0.0,0.0
26.330,-0.0001246165,-0.00036835176,0.0005375614,-0.0,0.0,0.0
26.349,-0.0001246165,-0.00036835176,-0.00068416906,-0.0,-0.0,0.0
26.390,-0.0001246165,-0.00036835176,-0.00068416906,-0.0,-0.0,0.0
26.431,-0.00073548174,-0.0022009476,-7.3303825e-05,-0.0,-0.0,0.0
26.450,-0.0001246165,0.001464244,-7.3303825e-05,-0.0,0.0,0.0
26.490,-0.0001246165,0.001464244,0.0005375614,0.0,-0.0,-0.0
26.530,0.00048624873,0.0020751092,-0.0012950343,0.0,-0.0,0.0
26.549,-0.00073548174,-0.00036835176,0.0005375614,-0.0,0.0,0.0
26.590,-0.00073548174,-0.000979217,-0.00068416906,-0.0,-0.0,0.0
26.632,0.00048624873,-0.0022009476,0.0005375614,-0.0,-0.0,-0.0
26.651,-0.0001246165,0.0008533788,-0.00068416906,-0.0,0.0,0.0
26.692,0.00048624873,-0.00036835176,0.0011484267,-0.0,-0.0,-0.0
26.732,0.00048624873,-0.00036835176,-0.00068416906,-0.0,-0.0,0.0
26.752,-0.00073548174,-0.000979217,0.0005375614,-0.0,0.0,0.0
26.790,-0.0001246165,-0.00036835176,-0.00068416906,-0.0,-0.0,0.0
26.829,-0.00073548174,0.0008533788,-7.3303825e-05,-0.0,0.0,0.0
26.870,0.00048624873,0.0008533788,-0.00068416906,0.0,-0.0,0.0
26.889,-0.0001246165,-0.00036835176,-7.3303825e-05,-0.0,-0.0,0.0
26.932,-0.0001246165,0.0008533788,-0.00068416906,-0.0,0.0,0.0
26.969,0.00048624873,-0.00036835176,-7.3303825e-05,-0.0,-0.0,0.0
26.989,-0.0001246165,0.0002425135,-7.3303825e-05,-0.0,0.0,0.0
27.028,-0.0001246165,-0.00036835176,-0.00068416906,-0.0,-0.0,0.0
27.069,0.00048624873,-0.00036835176,-7.3303825e-05,-0.0,-0.0,0.0
27.089,-0.00073548174,0.0008533788,-7.3303825e-05,-0.0,0.0,0.0
27.129,-0.0013463469,0.0008533788,0.0005375614,0.0,-0.0,-0.0
27.170,0.0023188447,0.001464244,-7.3303825e-05,0.0,-0.0,0.0
27.191,0.0017079792,0.0002425135,-7.3303825e-05,0.0,-0.0,0.0
27.234,-0.0013463469,-0.00036835176,-0.0012950343,-0.0,-0.0,0.0
27.270,-0.0001246165,0.006351166,0.0005375614,0.0,-0.0,-0.0
27.289,-0.0001246165,0.014292413,-0.002516765,-0.0,0.0,0.0
27.330,0.009649227,-0.00953133,0.016420057,-0.0,-0.0,-0.0
27.372,-0.0044006733,0.009405492,-0.0043493602,-0.0,0.0,0.0
27.391,0.001097114,0.012459819,0.0005375614,-0.0,-0.0,0.0
27.432,0.0023188447,0.0075728963,-0.0012950343,0.0,-0.0,0.0
27.471,0.0029297096,0.0057403008,0.0023701573,-0.0,-0.0,0.0
27.491,0.001097114,0.0057403008,0.0017592919,-0.0,-0.0,0.0
27.531,-0.0013463469,-0.0015900823,-7.3303825e-05,-0.0,-0.0,0.0
27.572,-0.001957212,-0.0058661387,0.0005375614,-0.0,0.0,0.0
27.591,0.00048624873,0.0026859746,-7.3303825e-05,1.9688043e-06,-3.5641753e-07,5.3731647e-08
27.633,0.00048624873,0.0008533788,-7.3303825e-05,0.0,-0.0,0.0
27.671,-0.00073548174,-0.0015900823,-0.00068416906,-0.0,-0.0,0.0
27.710,-0.00073548174,0.001464244,0.0011484267,0.0,-0.0,-0.0
27.730,-0.0001246165,-0.0015900823,0.0011484267,-0.0,0.0,0.0
27.770,-0.0013463469,-0.000979217,-0.00068416906,-0.0,-0.0,0.0
27.810,-0.00073548174,-0.0015900823,-7.3303825e-05,-0.0,-0.0,0.0
27.829,0.0017079792,-0.0022009476,0.0005375614,-0.0,-0.0,-0.0
27.870,0.00048624873,0.0008533788,-7.3303825e-05,0.0,-0.0,0.0
27.909,-0.0001246165,0.0045185704,-7.3303825e-05,-0.0,0.0,0.0
27.929,-0.00073548174,0.0020751092,-0.00068416906,-0.0,0.0,0.0
27.969,0.00048624873,0.0008533788,0.0005375614,-0.0,-0.0,0.0
28.010,-0.00073548174,-0.000979217,-7.3303825e-05,-0.0,-0.0,0.0
28.030,-0.001957212,-0.00036835176,-0.0012950343,-0.0,-0.0,0.0
28.070,-0.0001246165,-0.00036835176,-7.3303825e-05,-0.0,-0.0,0.0
28.110,-0.0001246165,0.0026859746,-7.3303825e-05,1.93942e-06,8.9979956e-08,5.292927e-08
28.130,0.001097114,0.0002425135,-0.00068416906,0.0,-0.0,0.0
28.169,0.001097114,0.0002425135,-0.00068416906,0.0,-0.0,0.0
28.210,-0.0001246165,0.0002425135,-0.00068416906,-0.0,0.0,0.0
28.229,-0.0001246165,0.001464244,-7.3303825e-05,-0.0,0.0,0.0
28.270,-0.0001246165,0.0057403008,-0.0037384953,-0.0,0.0,0.0
28.310,0.0023188447,0.0045185704,-0.0012950343,0.0,-0.0,0.0
28.330,-0.0013463469,-0.005255274,-0.0037384953,-0.0,-0.0,0.0
28.372,-0.0013463469,-0.0046444084,0.0035918877,-0.0,0.0,0.0
28.411,-0.00073548174,-0.004033543,0.0005375614,-0.0,0.0,0.0
28.431,0.00048624873,-0.0022009476,-7.3303825e-05,-0.0,-0.0,0.0
28.470,-0.0013463469,-0.003422678,-0.0012950343,-0.0,-0.0,0.0
28.510,-0.0001246165,0.0008533788,0.0011484267,0.0,-0.0,-0.0
28.549,0.001097114,-0.00036835176,-7.3303825e-05,-0.0,-0.0,0.0
28.569,0.00048624873,0.0020751092,-7.3303825e-05,0.0,-0.0,0.0
28.610,0.00048624873,-0.00036835176,0.0017592919,-0.0,-0.0,-0.0
28.650,0.001097114,0.0008533788,-0.00068416906,3.5488495e-07,-4.5624418e-07,2.8451765e-07
28.671,0.00048624873,-0.000979217,-7.3303825e-05,-0.0,-0.0,0.0
28.709,-0.0001246165,-0.00036835176,-0.00068416906,-0.0,-0.0,0.0
28.749,-0.0001246165,-0.00036835176,0.0005375614,-0.0,0.0,0.0
28.770,-0.0001246165,0.0002425135,0.0011484267,0.0,-0.0,-0.0
28.809,-0.00073548174,-0.0015900823,0.0005375614,-0.0,0.0,0.0
28.850,-0.0001246165,-0.000979217,-7.3303825e-05,-0.0,-0.0,0.0
28.876,-0.0001246165,-0.000979217,-7.3303825e-05,-0.0,-0.0,0.0
28.909,0.00048624873,-0.00036835176,0.0005375614,-0.0,-0.0,-0.0
28.950,0.00048624873,0.0008533788,-7.3303825e-05,0.0,-0.0,0.0
28.969,0.00048624873,-0.000979217,0.0011484267,-0.0,-0.0,-0.0
29.009,-0.00073548174,0.0002425135,-7.3303825e-05,-0.0,0.0,0.0
29.048,0.0017079792,0.0002425135,-7.3303825e-05,0.0,-0.0,0.0
29.069,0.001097114,-0.00036835176,-7.3303825e-05,-0.0,-0.0,0.0
29.109,0.00048624873,-0.00036835176,0.0005375614,-0.0,-0.0,-0.0
29.150,0.0017079792,-0.00036835176,-7.3303825e-05,-0.0,-0.0,0.0
29.170,-0.0001246165,0.0002425135,0.0005375614,0.0,-0.0,-0.0
29.211,0.00048624873,-0.00036835176,-7.3303825e-05,-0.0,-0.0,0.0
29.250,-0.0001246165,-0.00036835176,0.0005375614,-0.0,0.0,0.0
29.273,-0.0001246165,-0.00036835176,-7.3303825e-05,-0.0,-0.0,0.0
29.311,-0.00073548174,0.0002425135,-7.3303825e-05,-0.0,0.0,0.0
29.350,0.00048624873,0.0002425135,0.0011484267,-0.0,-0.0,0.0
29.372,0.00048624873,0.0002425135,-7.3303825e-05,0.0,-0.0,0.0
29.410,-0.0013463469,0.0008533788,0.0005375614,0.0,-0.0,-0.0
29.450,0.00048624873,0.0002425135,0.0005375614,-0.0,-0.0,0.0
29.490,0.00048624873,0.0002425135,0.0005375614,-0.0,-0.0,0.0
29.511,0.00048624873,0.0008533788,-0.00068416906,0.0,-0.0,0.0
29.550,-0.0001246165,0.0002425135,0.0005375614,0.0,-0.0,-0.0
29.590,0.001097114,-0.00036835176,-7.3303825e-05,-0.0,-0.0,0.0
29.610,-0.00073548174,-0.00036835176,0.0005375614,-0.0,0.0,0.0
29.650,-0.0001246165,0.0002425135,-7.3303825e-05,-0.0,0.0,0.0
29.691,-0.0001246165,-0.00036835176,0.0011484267,-0.0,0.0,0.0
29.710,-0.0001246165,-0.00036835176,-7.3303825e-05,-0.0,-0.0,0.0
29.751,-0.00073548174,0.0002425135,-7.3303825e-05,-0.0,0.0,0.0
29.792,0.00048624873,0.0002425135,-7.3303825e-05,0.0,-0.0,0.0
29.813,0.00048624873,0.0008533788,-7.3303825e-05,0.0,-0.0,0.0
29.852,0.00048624873,0.0002425135,-0.00068416906,0.0,-0.0,0.0
29.890,-0.0013463469,0.0002425135,-0.00068416906,-0.0,0.0,0.0
29.911,0.00048624873,0.0020751092,-7.3303825e-05,0.0,-0.0,0.0
29.950,-0.0013463469,-0.000979217,-7.3303825e-05,-0.0,-0.0,0.0
29.990,-0.0001246165,-0.00036835176,-7.3303825e-05,-3.9127197e-08,1.3237061e-08,7.7865066e-09
30.029,0.00048624873,-0.0015900823,0.0005375614,-0.0,-0.0,-0.0
30.049,-0.0001246165,0.0002425135,0.0011484267,0.0,-0.0,-0.0
30.089,-0.0001246165,-0.00036835176,-7.3303825e-05,-0.0,-0.0,0.0
30.129,-0.00073548174,0.0002425135,0.0005375614,0.0,-0.0,-0.0
30.150,-0.0001246165,0.0002425135,-7.3303825e-05,-0.0,0.0,0.0
30.190,-0.0001246165,0.0008533788,-7.3303825e-05,-0.0,0.0,0.0
30.230,0.00048624873,0.0002425135,-7.3303825e-05,0.0,-0.0,0.0
30.250,-0.0001246165,0.0008533788,-7.3303825e-05,-0.0,0.0,0.0
30.290,-0.0013463469,-0.000979217,-0.00068416906,-0.0,-0.0,0.0
30.330,0.00048624873,0.001464244,-7.3303825e-05,0.0,-0.0,0.0
30.350,-0.0013463469,0.0002425135,0.0005375614,0.0,-0.0,-0.0
30.391,0.00048624873,-0.00036835176,-7.3303825e-05,-0.0,-0.0,0.0
30.431,-0.0001246165,0.0002425135,-7.3303825e-05,-0.0,0.0,0.0
30.450,-0.0001246165,-0.00036835176,0.0005375614,-0.0,0.0,0.0
30.490,0.00048624873,0.0002425135,-0.00068416906,0.0,-0.0,0.0
30.532,-0.0001246165,0.0008533788,-0.0012950343,3.564265e-07,5.204806e-08,5.408906e-07
30.550,-0.0001246165,-0.000979217,-7.3303825e-05,-0.0,-0.0,0.0
30.591,0.001097114,0.0002425135,-0.00068416906,0.0,-0.0,0.0
30.632,0.00048624873,0.001464244,-0.0012950343,0.0,-0.0,0.0
30.651,-0.00073548174,-0.00036835176,-0.00068416906,-0.0,-0.0,0.0
30.690,0.00048624873,0.0002425135,-7.3303825e-05,0.0,-0.0,0.0
30.732,-0.0001246165,-0.000979217,-7.3303825e-05,-0.0,-0.0,0.0
30.750,0.001097114,0.0008533788,0.0005375614,-0.0,-0.0,0.0
30.790,-0.0001246165,0.0008533788,-0.00068416906,-0.0,0.0,0.0
30.836,0.00048624873,-0.000979217,-0.00068416906,-0.0,-0.0,0.0
30.850,-0.0001246165,-0.000979217,0.0005375614,-0.0,0.0,0.0
30.892,0.00048624873,-0.00036835176,-7.3303825e-05,-0.0,-0.0,0.0
30.930,0.001097114,0.001464244,-0.0012950343,0.0,-0.0,0.0
30.970,0.00048624873,0.0008533788,-7.3303825e-05,0.0,-0.0,0.0
30.990,0.00048624873,0.0008533788,-0.00068416906,0.0,-0.0,0.0
31.030,0.00048624873,0.0002425135,-7.3303825e-05,0.0,-0.0,0.0
31.070,-0.00073548174,0.0002425135,-7.3303825e-05,5.0640317e-08,1.535792e-07,1.5306892e-08
31.090,0.001097114,0.0002425135,0.0005375614,-0.0,-0.0,0.0
31.119,-0.0001246165,-0.00036835176,0.0005375614,-0.0,0.0,0.0
31.171,0.001097114,-0.00036835176,0.0005375614,-0.0,-0.0,-0.0
31.192,0.001097114,0.0002425135,-7.3303825e-05,0.0,-0.0,0.0
31.230,0.00048624873,0.0008533788,-7.3303825e-05,0.0,-0.0,0.0
31.270,-0.00073548174,0.0002425135,0.0005375614,0.0,-0.0,-0.0
31.291,-0.0001246165,0.0002425135,-7.3303825e-05,-0.0,0.0,0.0
31.331,-0.0001246165,-0.00036835176,-0.00068416906,-7.7813155e-08,2.6324841e-08,1.4452857e-07
31.371,0.00048624873,0.0002425135,0.0005375614,-0.0,-0.0,0.0
31.391,0.00048624873,0.0002425135,-7.3303825e-05,0.0,-0.0,0.0
31.431,-0.00073548174,-0.00036835176,-7.3303825e-05,-0.0,-0.0,0.0
31.470,-0.0001246165,0.001464244,-7.3303825e-05,-0.0,0.0,0.0
31.491,-0.00073548174,0.0002425135,-0.00068416906,-0.0,0.0,0.0
31.530,-0.0001246165,0.001464244,0.0005375614,0.0,-0.0,-0.0
31.570,-0.0001246165,0.0008533788,-0.0012950343,-0.0,0.0,0.0
31.590,0.00048624873,-0.00036835176,-7.3303825e-05,-0.0,-0.0,0.0
31.630,0.0017079792,0.0002425135,-0.00068416906,0.0,-0.0,0.0
31.671,-0.0001246165,-0.000979217,-7.3303825e-05,-0.0,-0.0,0.0
31.690,0.001097114,0.0002425135,-0.00068416906,0.0,-0.0,0.0
31.731,0.0017079792,-0.000979217,0.0011484267,-0.0,-0.0,-0.0
31.770,0.001097114,0.001464244,-0.00068416906,0.0,-0.0,0.0
31.791,0.00048624873,0.001464244,-7.3303825e-05,0.0,-0.0,0.0
31.832,0.00048624873,0.0008533788,0.0005375614,-0.0,-0.0,0.0
31.870,-0.0001246165,-0.00036835176,-7.3303825e-05,-3.9127197e-08,1.3237061e-08,7.7865066e-09
31.910,0.00048624873,0.001464244,0.0005375614,-0.0,-0.0,0.0
31.929,0.00048624873,-0.000979217,-0.00068416906,-0.0,-0.0,0.0
31.970,0.00048624873,0.0008533788,-7.3303825e-05,0.0,-0.0,0.0
32.009,-0.0001246165,0.0002425135,0.0005375614,0.0,-0.0,-0.0
32.030,0.00048624873,-0.00036835176,-7.3303825e-05,-0.0,-0.0,0.0
32.070,-0.0001246165,-0.00036835176,0.0005375614,-0.0,0.0,0.0
32.110,0.00048624873,0.001464244,-0.00068416906,0.0,-0.0,0.0
32.131,-0.00073548174,-0.000979217,-0.00068416906,-0.0,-0.0,0.0
32.170,-0.0001246165,0.0002425135,-7.3303825e-05,-0.0,0.0,0.0
32.212,-0.0013463469,0.0002425135,-7.3303825e-05,-0.0,0.0,0.0
32.232,-0.00073548174,0.0002425135,-7.3303825e-05,-0.0,0.0,0.0
32.273,-0.00073548174,0.0002425135,0.0005375614,0.0,-0.0,-0.0
32.311,-0.00073548174,-0.0015900823,-7.3303825e-05,-0.0,-0.0,0.0
32.333,0.00048624873,0.0002425135,-7.3303825e-05,0.0,-0.0,0.0
32.371,-0.0001246165,0.0002425135,0.0005375614,0.0,-0.0,-0.0
32.413,-0.0001246165,-0.00036835176,0.0005375614,-6.560245e-08,2.2193865e-08,-9.573823e-08
32.432,-0.00073548174,-0.00036835176,-7.3303825e-05,-0.0,-0.0,0.0
32.471,0.00048624873,0.0008533788,-0.0012950343,0.0,-0.0,0.0
32.511,-0.00073548174,-0.00036835176,0.0005375614,-0.0,0.0,0.0
32.530,0.00048624873,0.0008533788,-7.3303825e-05,0.0,-0.0,0.0
32.571,-0.00073548174,0.0008533788,0.0005375614,0.0,-0.0,-0.0
32.610,0.00048624873,0.0008533788,-7.3303825e-05,0.0,-0.0,0.0
32.631,-0.0001246165,-0.00036835176,-7.3303825e-05,-0.0,-0.0,0.0
32.670,-0.0001246165,-0.0015900823,-7.3303825e-05,-0.0,-0.0,0.0
32.711,-0.0001246165,-0.00036835176,-7.3303825e-05,-0.0,-0.0,0.0
32.752,-0.00073548174,0.0008533788,-0.00068416906,-0.0,0.0,0.0
32.772,0.00048624873,0.0002425135,-7.3303825e-05,0.0,-0.0,0.0
32.811,0.00048624873,0.0002425135,-7.3303825e-05,0.0,-0.0,0.0
32.851,0.00048624873,-0.00036835176,-0.0012950343,-0.0,-0.0,0.0
32.871,-0.0013463469,-0.00036835176,-7.3303825e-05,-0.0,-0.0,0.0
32.909,0.00048624873,0.0008533788,-0.00068416906,0.0,-0.0,0.0
32.950,0.001097114,0.0008533788,0.0005375614,3.4138534e-07,-4.3888917e-07,-2.1504584e-07
32.970,-0.0001246165,-0.000979217,0.0005375614,-0.0,0.0,0.0
33.009,-0.0001246165,-0.00036835176,-0.0012950343,-0.0,-0.0,0.0
33.050,0.00048624873,0.0008533788,0.0005375614,-0.0,-0.0,0.0
33.070,-0.0001246165,0.0002425135,-0.0012950343,-0.0,0.0,0.0
33.111,-0.0001246165,0.0002425135,-7.3303825e-05,-0.0,0.0,0.0
33.150,-0.0001246165,0.0008533788,-7.3303825e-05,-0.0,0.0,0.0
33.171,-0.0001246165,-0.00036835176,-7.3303825e-05,-0.0,-0.0,0.0
33.211,-0.00073548174,-0.00036835176,-0.0019058995,-2.0525549e-07,4.0982962e-07,1.0620172e-06
33.250,0.00048624873,-0.000979217,0.0005375614,-0.0,-0.0,-0.0
33.271,-0.0001246165,0.0002425135,0.0005375614,0.0,-0.0,-0.0
33.312,0.0017079792,0.0002425135,0.0005375614,-0.0,-0.0,0.0
33.352,-0.00073548174,-0.00036835176,-7.3303825e-05,-0.0,-0.0,0.0
33.370,0.001097114,0.0008533788,0.0005375614,-0.0,-0.0,0.0
33.413,0.001097114,-0.00036835176,0.0005375614,-0.0,-0.0,-0.0
33.452,-0.0001246165,0.001464244,0.0005375614,0.0,-0.0,-0.0
33.472,-0.00073548174,-0.00036835176,0.0005375614,-0.0,0.0,0.0
33.510,0.00048624873,0.0008533788,-7.3303825e-05,0.0,-0.0,0.0
33.550,-0.0001246165,0.0008533788,0.0005375614,0.0,-0.0,-0.0
33.591,0.00048624873,0.0002425135,0.0011484267,-0.0,-0.0,0.0
33.611,-0.0001246165,-0.00036835176,0.0005375614,-0.0,0.0,0.0
33.650,0.00048624873,-0.00036835176,-7.3303825e-05,-0.0,-0.0,0.0
33.690,0.00048624873,-0.000979217,-7.3303825e-05,-0.0,-0.0,0.0
33.711,0.00048624873,0.0008533788,0.0005375614,-0.0,-0.0,0.0
33.750,-0.0001246165,0.001464244,0.0005375614,6.1504153e-07,5.2343886e-08,-2.2579749e-07
33.791,-0.0001246165,-0.00036835176,-7.3303825e-05,-0.0,-0.0,0.0
33.811,0.0010561859,0.000806953,0.00057971117,-0.0,-0.0,0.0
33.850,0.00044532077,-0.0004147775,-3.1154126e-05,-0.0,-0.0,0.0
33.892,-0.00016554448,0.00019608774,-3.1154126e-05,-0.0,0.0,0.0
33.910,-0.00077640975,-0.0004147775,-0.0012528846,-0.0,-0.0,0.0
33.949,0.00044532077,-0.0010256427,-0.0006420194,-0.0,-0.0,0.0
33.989,0.0010561859,0.00019608774,-0.0012528846,0.0,-0.0,0.0
34.010,0.00044532077,0.000806953,-3.1154126e-05,0.0,-0.0,0.0
34.050,-0.00077640975,0.00019608774,-3.1154126e-05,-0.0,0.0,0.0
34.091,-0.00016554448,-0.0004147775,-3.1154126e-05,-0.0,-0.0,0.0
34.110,0.0010561859,-0.0004147775,-0.0006420194,-0.0,-0.0,0.0
34.150,-0.00077640975,0.00019608774,0.00057971117,0.0,-0.0,-0.0
34.190,0.00044532077,0.00019608774,0.00057971117,-0.0,-0.0,0.0
34.210,-0.00077640975,-0.0004147775,-0.0006420194,-0.0,-0.0,0.0
34.250,0.00044532077,-0.0010256427,0.0011905764,-0.0,-0.0,-0.0
34.291,-0.00077640975,-0.0004147775,-3.1154126e-05,-9.8070046e-08,1.8357443e-07,7.366095e-09
34.330,0.00044532077,0.00019608774,0.0011905764,-0.0,-0.0,0.0
34.352,0.00044532077,0.000806953,-3.1154126e-05,0.0,-0.0,0.0
34.391,-0.00016554448,0.00019608774,-3.1154126e-05,-0.0,0.0,0.0
34.431,-0.00016554448,0.00019608774,-3.1154126e-05,-0.0,0.0,0.0
34.450,-0.00016554448,0.00019608774,-3.1154126e-05,-0.0,0.0,0.0
34.491,-0.00077640975,0.00019608774,-0.0012528846,-0.0,0.0,0.0
34.531,0.00044532077,0.00019608774,-0.0006420194,0.0,-0.0,0.0
34.552,0.0010561859,0.000806953,-0.0012528846,3.95666e-07,-5.178698e-07,6.143155e-07
34.591,-0.00016554448,0.00019608774,-3.1154126e-05,-0.0,0.0,0.0
34.613,0.00044532077,-0.0004147775,-3.1154126e-05,-0.0,-0.0,0.0
34.651,0.0010561859,-0.0004147775,-0.0006420194,-0.0,-0.0,0.0
34.692,-0.00077640975,-0.0010256427,-3.1154126e-05,-0.0,-0.0,0.0
34.731,0.0010561859,0.000806953,-3.1154126e-05,0.0,-0.0,0.0
34.751,0.00044532077,0.00019608774,-3.1154126e-05,0.0,-0.0,0.0
34.791,0.00044532077,0.000806953,-0.0006420194,0.0,-0.0,0.0
34.832,0.0010561859,0.00019608774,-3.1154126e-05,5.6568133e-08,-3.046925e-07,8.9874685e-09
34.852,-0.00016554448,-0.0004147775,-3.1154126e-05,-0.0,-0.0,0.0
34.898,-0.00077640975,-0.0022473733,-0.0012528846,-0.0,-0.0,0.0
34.934,-0.00016554448,-0.0010256427,-3.1154126e-05,-0.0,-0.0,0.0
34.950,-0.00077640975,0.00019608774,-0.0012528846,-0.0,0.0,0.0
34.990,-0.00016554448,-0.0004147775,0.00057971117,-0.0,0.0,0.0
35.031,-0.00016554448,-0.0004147775,0.0011905764,-0.0,0.0,0.0
35.051,0.00044532077,0.00019608774,0.0011905764,-0.0,-0.0,0.0
35.092,-0.00077640975,-0.0004147775,0.00057971117,-1.17353444e-07,2.1967051e-07,-1.6401833e-07
35.130,-0.00016554448,0.0020286834,0.00057971117,0.0,-0.0,-0.0
35.152,-0.00016554448,-0.0004147775,-0.0006420194,-0.0,-0.0,0.0
35.190,-0.00016554448,-0.0010256427,-0.0006420194,-0.0,-0.0,0.0
35.230,0.00044532077,0.00019608774,0.00057971117,-0.0,-0.0,0.0
35.271,-0.00016554448,0.00019608774,-3.1154126e-05,-0.0,0.0,0.0
35.291,-0.00016554448,0.000806953,-0.0006420194,-0.0,0.0,0.0
35.331,-0.00077640975,-0.0004147775,0.00057971117,-0.0,0.0,0.0
35.371,0.00044532077,0.00019608774,-0.0006420194,4.2402938e-08,-9.6298244e-08,1.3883327e-07
35.390,-0.00077640975,-0.0004147775,-0.0006420194,-0.0,-0.0,0.0
35.431,0.00044532077,-0.0004147775,-3.1154126e-05,-0.0,-0.0,0.0
35.471,0.00044532077,0.000806953,-0.0006420194,0.0,-0.0,0.0
35.490,0.0016670512,0.000806953,-0.0006420194,0.0,-0.0,0.0
35.530,-0.00016554448,-0.0004147775,-3.1154126e-05,-0.0,-0.0,0.0
35.571,0.00044532077,-0.0004147775,0.00057971117,-0.0,-0.0,-0.0
35.590,0.00044532077,-0.0004147775,-3.1154126e-05,-0.0,-0.0,0.0
35.631,-0.00016554448,0.0014178182,-0.0012528846,7.2285894e-07,8.440125e-08,6.3876934e-07
35.670,-0.00077640975,-0.001636508,0.00057971117,-0.0,0.0,0.0
35.691,-0.00016554448,0.00019608774,0.00057971117,0.0,-0.0,-0.0
35.730,0.0010561859,-0.0004147775,0.00057971117,-0.0,-0.0,-0.0
35.771,0.00044532077,-0.0004147775,-3.1154126e-05,-0.0,-0.0,0.0
35.790,0.0010561859,0.000806953,0.00057971117,-0.0,-0.0,0.0
35.830,-0.00077640975,0.00019608774,-3.1154126e-05,-0.0,0.0,0.0
35.870,-0.00077640975,-0.0010256427,-0.0006420194,-0.0,-0.0,0.0
35.890,-0.00016554448,-0.0004147775,-0.0006420194,-0.0,-0.0,0.0
35.930,-0.00016554448,0.00019608774,-3.1154126e-05,-0.0,0.0,0.0
35.969,0.0010561859,-0.0004147775,-3.1154126e-05,-0.0,-0.0,0.0
36.009,0.00044532077,0.0014178182,-3.1154126e-05,0.0,-0.0,0.0
36.029,-0.00016554448,-0.0004147775,-3.1154126e-05,-0.0,-0.0,0.0
36.069,0.00044532077,0.00019608774,-0.0006420194,0.0,-0.0,0.0
36.111,0.0016670512,0.000806953,-3.1154126e-05,0.0,-0.0,0.0
36.130,-0.00077640975,0.00019608774,0.00057971117,0.0,-0.0,-0.0
36.172,-0.00016554448,-0.0010256427,0.00057971117,-3.2754997e-07,5.2868433e-08,-1.8513695e-07
36.210,0.00044532077,0.00019608774,-3.1154126e-05,0.0,-0.0,0.0
36.232,-0.00016554448,0.0014178182,-3.1154126e-05,-0.0,0.0,0.0
36.271,0.00044532077,-0.0004147775,0.00057971117,-0.0,-0.0,-0.0
36.311,0.0010561859,0.000806953,0.00057971117,-0.0,-0.0,0.0
36.331,-0.00016554448,-0.0010256427,-3.1154126e-05,-0.0,-0.0,0.0
36.372,-0.00016554448,-0.0010256427,-0.0006420194,-0.0,-0.0,0.0
36.411,-0.00016554448,0.00019608774,-0.0006420194,-0.0,0.0,0.0
36.430,-0.00077640975,-0.0004147775,-3.1154126e-05,-9.8070046e-08,1.8357443e-07,7.366095e-09
36.471,-0.00016554448,0.00019608774,-0.0006420194,-0.0,0.0,0.0
36.511,0.00044532077,0.00019608774,0.00057971117,-0.0,-0.0,0.0
36.531,0.0010561859,0.000806953,-0.0012528846,0.0,-0.0,0.0
36.570,0.00044532077,0.000806953,-3.1154126e-05,0.0,-0.0,0.0
36.612,-0.0013872749,-0.0004147775,0.0011905764,-0.0,0.0,0.0
36.632,-0.00016554448,0.00019608774,-3.1154126e-05,-0.0,0.0,0.0
36.672,-0.00016554448,0.00019608774,0.00057971117,0.0,-0.0,-0.0
36.712,0.0022779165,0.000806953,-3.1154126e-05,5.2352016e-07,-1.477825e-06,2.021199e-08
36.731,0.0016670512,0.00019608774,-3.1154126e-05,0.0,-0.0,0.0
36.772,-0.00077640975,0.00019608774,-3.1154126e-05,-0.0,0.0,0.0
36.810,-0.0013872749,0.00019608774,0.00057971117,0.0,-0.0,-0.0
36.831,-0.00077640975,-0.0010256427,0.00057971117,-0.0,0.0,0.0
36.869,0.00044532077,0.00019608774,-3.1154126e-05,0.0,-0.0,0.0
36.914,0.00044532077,-0.0004147775,-3.1154126e-05,-0.0,-0.0,0.0
36.951,0.00044532077,-0.0010256427,-3.1154126e-05,-0.0,-0.0,0.0
36.970,-0.00016554448,-0.001636508,0.00057971117,-7.661452e-07,7.750117e-08,-2.7139671e-07
37.010,-0.0013872749,-0.0010256427,0.00057971117,-0.0,0.0,0.0
37.049,-0.00016554448,0.00019608774,-3.1154126e-05,-0.0,0.0,0.0
37.069,0.0010561859,0.00019608774,-3.1154126e-05,0.0,-0.0,0.0
37.110,-0.00016554448,0.000806953,0.0011905764,0.0,-0.0,-0.0
37.151,-0.00077640975,0.000806953,0.00057971117,0.0,-0.0,-0.0
37.170,0.0010561859,0.00019608774,-0.0006420194,0.0,-0.0,0.0
37.212,-0.00016554448,0.000806953,0.00057971117,0.0,-0.0,-0.0
37.251,-0.00016554448,-0.0004147775,0.00057971117,-8.1477744e-08,3.2519104e-08,-1.1387686e-07
37.271,-0.00016554448,-0.0004147775,-3.1154126e-05,-0.0,-0.0,0.0
37.312,-0.00016554448,0.00019608774,-0.0006420194,-0.0,0.0,0.0
37.349,-0.00077640975,-0.0004147775,-3.1154126e-05,-0.0,-0.0,0.0
37.373,-0.00077640975,-0.0004147775,-3.1154126e-05,-0.0,-0.0,0.0
37.410,-0.00077640975,-0.0010256427,0.00057971117,-0.0,0.0,0.0
37.451,0.00044532077,-0.0010256427,-0.0006420194,-0.0,-0.0,0.0
37.470,-0.00077640975,-0.001636508,-3.1154126e-05,-0.0,-0.0,0.0
37.512,0.00044532077,0.000806953,0.00057971117,2.3585646e-07,-1.3015851e-07,-1.6943815e-07
37.551,-0.00077640975,0.00019608774,-3.1154126e-05,-0.0,0.0,0.0
37.570,-0.00016554448,0.000806953,-0.0006420194,-0.0,0.0,0.0
37.611,-0.00016554448,-0.0004147775,0.0011905764,-0.0,0.0,0.0
37.652,-0.00077640975,-0.0004147775,-3.1154126e-05,-0.0,-0.0,0.0
37.672,-0.00016554448,0.000806953,0.00057971117,0.0,-0.0,-0.0
37.711,0.0016670512,0.0014178182,-3.1154126e-05,0.0,-0.0,0.0
37.750,-0.00077640975,-0.001636508,-3.1154126e-05,-0.0,-0.0,0.0
37.790,0.00044532077,0.00019608774,-3.1154126e-05,2.5664557e-08,-5.828493e-08,4.077547e-09
37.811,0.00044532077,0.00019608774,0.00057971117,-0.0,-0.0,0.0
37.853,-0.00016554448,0.00019608774,0.00057971117,0.0,-0.0,-0.0
37.891,-0.0007947357,0.0007904596,0.0005613852,0.0,-0.0,-0.0
37.910,-0.0007947357,-0.00043127086,-4.9480084e-05,-0.0,-0.0,0.0
37.949,0.00103786,0.00017959438,-0.0006603453,0.0,-0.0,0.0
37.990,0.00103786,-0.00043127086,-0.0006603453,-0.0,-0.0,0.0
38.010,0.00103786,0.00017959438,0.0005613852,-0.0,-0.0,0.0
38.050,-0.00018387043,-0.00043127086,0.0005613852,-8.4673815e-08,3.610031e-08,-1.1021988e-07
38.092,-0.00018387043,0.0007904596,-4.9480084e-05,-0.0,0.0,0.0
38.110,-0.00018387043,-0.00043127086,0.0005613852,-0.0,0.0,0.0
38.152,-0.0007947357,-0.0010421361,0.0005613852,-0.0,0.0,0.0
38.190,0.0004269948,0.00017959438,-0.0006603453,0.0,-0.0,0.0
38.212,0.0004269948,0.00017959438,-0.0006603453,0.0,-0.0,0.0
38.250,0.0004269948,-0.0010421361,0.0005613852,-0.0,-0.0,-0.0
38.290,0.00103786,0.00017959438,0.0005613852,-0.0,-0.0,0.0
38.310,-0.00018387043,-0.00043127086,-4.9480084e-05,-5.45773e-08,2.3268791e-08,6.261702e-09
38.350,-0.00018387043,-0.0010421361,0.0011722504,-0.0,0.0,0.0
38.390,0.00103786,0.0007904596,0.0005613852,-0.0,-0.0,0.0
38.411,0.0004269948,0.0020121902,0.0005613852,-0.0,-0.0,0.0
38.451,-0.0007947357,-0.0016530013,0.0011722504,-0.0,0.0,0.0
38.491,0.0004269948,0.0026230554,-4.9480084e-05,0.0,-0.0,0.0
38.511,-0.0007947357,-0.00043127086,-4.9480084e-05,-0.0,-0.0,0.0
38.551,-0.00018387043,0.0007904596,-4.9480084e-05,-0.0,0.0,0.0
38.590,-0.00018387043,-0.00043127086,0.0005613852,-8.4673815e-08,3.610031e-08,-1.1021988e-07
38.612,0.0004269948,0.00017959438,-0.0012712105,0.0,-0.0,0.0
38.652,-0.00018387043,-0.00043127086,0.0005613852,-0.0,0.0,0.0
38.691,-0.00018387043,0.00017959438,-4.9480084e-05,-0.0,0.0,0.0
38.731,0.0004269948,-0.00043127086,0.0005613852,-0.0,-0.0,-0.0
38.752,0.0004269948,0.00017959438,-4.9480084e-05,0.0,-0.0,0.0
38.791,-0.0014056009,0.0007904596,-0.0006603453,-0.0,0.0,0.0
38.814,-0.00018387043,0.00017959438,-4.9480084e-05,-0.0,0.0,0.0
38.853,-0.0007947357,-0.00043127086,-4.9480084e-05,-1.0483578e-07,1.9318888e-07,1.202791e-08
38.891,-0.00018387043,0.00017959438,-4.9480084e-05,-0.0,0.0,0.0
38.915,-0.00018387043,0.0007904596,-4.9480084e-05,-0.0,0.0,0.0
38.950,-0.0007947357,-0.00043127086,-0.0012712105,-0.0,-0.0,0.0
38.990,0.0004269948,-0.0010421361,0.0005613852,-0.0,-0.0,-0.0
39.030,-0.00018387043,-0.00043127086,-4.9480084e-05,-0.0,-0.0,0.0
39.050,0.00103786,-0.0010421361,0.0005613852,-0.0,-0.0,-0.0
39.090,-0.00018387043,-0.0010421361,-4.9480084e-05,-0.0,-0.0,0.0
39.130,-0.00018387043,-0.00043127086,-4.9480084e-05,-5.45773e-08,2.3268791e-08,6.261702e-09
39.151,0.0004269948,0.00017959438,0.0005613852,-0.0,-0.0,0.0
39.192,0.0004269948,0.0007904596,-0.0006603453,0.0,-0.0,0.0
39.230,-0.0007947357,0.0014013249,-0.0006603453,-0.0,0.0,0.0
39.250,-0.00018387043,-0.0010421361,-4.9480084e-05,-0.0,-0.0,0.0
39.290,0.0004269948,0.0007904596,-0.0006603453,0.0,-0.0,0.0
39.330,0.00103786,0.00017959438,-4.9480084e-05,0.0,-0.0,0.0
39.370,-0.0007947357,-0.00043127086,0.0005613852,-0.0,0.0,0.0
39.390,-0.00018387043,0.00017959438,0.0011722504,5.78561e-08,5.92336e-08,-3.7763886e-07
39.431,0.0016487252,0.0014013249,-0.0006603453,0.0,-0.0,0.0
39.471,-0.00018387043,-0.00043127086,-4.9480084e-05,-0.0,-0.0,0.0
39.492,0.0004269948,0.00017959438,0.0005613852,-0.0,-0.0,0.0
39.530,0.0004269948,0.00017959438,0.0011722504,-0.0,-0.0,0.0
39.571,0.0004269948,0.00017959438,-4.9480084e-05,0.0,-0.0,0.0
39.590,-0.00018387043,0.0007904596,-0.0006603453,-0.0,0.0,0.0
39.630,-0.0007947357,-0.0010421361,-0.0006603453,-0.0,-0.0,0.0
39.671,-0.00018387043,0.00017959438,-4.9480084e-05,1.2618625e-08,1.29190685e-08,3.4765602e-09
39.690,0.00103786,0.00017959438,0.0005613852,-0.0,-0.0,0.0
39.730,-0.00018387043,-0.0010421361,-4.9480084e-05,-0.0,-0.0,0.0
39.771,-0.0007947357,0.00017959438,-4.9480084e-05,-0.0,0.0,0.0
39.791,-0.00018387043,0.00017959438,-4.9480084e-05,-0.0,0.0,0.0
39.831,0.0004269948,0.0007904596,-0.0006603453,0.0,-0.0,0.0
39.872,0.0004269948,-0.00043127086,0.0005613852,-0.0,-0.0,-0.0
39.889,-0.00018387043,0.00017959438,-0.0006603453,-0.0,0.0,0.0
39.929,-0.0007947357,-0.00043127086,0.0005613852,-1.2321328e-07,2.2705453e-07,-1.603867e-07
39.970,0.0004269948,0.0014013249,0.0005613852,-0.0,-0.0,0.0
39.989,0.00103786,0.0020121902,-0.0006603453,0.0,-0.0,0.0
40.029,-0.00018387043,-0.00043127086,-4.9480084e-05,-0.0,-0.0,0.0
40.070,-0.00018387043,0.0007904596,-4.9480084e-05,-0.0,0.0,0.0
40.090,0.0004269948,0.0007904596,0.0005613852,-0.0,-0.0,0.0
40.132,-0.00018387043,0.0007904596,0.0005613852,0.0,-0.0,-0.0
40.170,-0.00018387043,0.00017959438,-4.9480084e-05,-0.0,0.0,0.0
40.192,0.0004269948,-0.00043127086,-4.9480084e-05,-7.049215e-08,-6.979322e-08,8.087623e-09
40.230,0.00103786,0.00017959438,0.0005613852,-0.0,-0.0,0.0
40.270,0.00103786,-0.0010421361,-4.9480084e-05,-0.0,-0.0,0.0
40.310,-0.0014056009,-0.0010421361,0.0005613852,-0.0,0.0,0.0
40.330,0.0004269948,-0.00043127086,-4.9480084e-05,-0.0,-0.0,0.0
40.371,-0.00018387043,0.0007904596,-4.9480084e-05,-0.0,0.0,0.0
40.413,0.0016487252,0.00017959438,-4.9480084e-05,0.0,-0.0,0.0
40.431,0.00103786,0.00017959438,-4.9480084e-05,0.0,-0.0,0.0
40.471,-0.0007947357,-0.00043127086,-0.0006603453,-1.2962212e-07,2.3886452e-07,1.9847236e-07
40.511,0.0004269948,-0.0010421361,0.0005613852,-0.0,-0.0,-0.0
40.532,-0.0007947357,0.0007904596,0.0011722504,0.0,-0.0,-0.0
40.571,-0.00018387043,0.0007904596,-4.9480084e-05,-0.0,0.0,0.0
40.612,-0.00018387043,-0.00043127086,-4.9480084e-05,-0.0,-0.0,0.0
40.633,0.0004269948,-0.00043127086,-0.0006603453,-0.0,-0.0,0.0
40.670,-0.0007947357,0.00017959438,-4.9480084e-05,-0.0,0.0,0.0
40.710,0.00103786,0.0014013249,-0.0006603453,0.0,-0.0,0.0
40.731,-0.00018387043,0.0007904596,0.0011722504,3.0252937e-07,7.0371904e-08,-4.4865055e-07
40.770,-0.00018387043,0.00017959438,-4.9480084e-05,-0.0,0.0,0.0
40.810,-0.00018387043,-0.0010421361,-0.0012712105,-0.0,-0.0,0.0
40.831,0.0004269948,-0.00043127086,-0.0006603453,-0.0,-0.0,0.0
40.871,-0.00018387043,0.00017959438,-4.9480084e-05,-0.0,0.0,0.0
40.910,0.0004269948,-0.00043127086,0.0005613852,-0.0,-0.0,-0.0
40.931,-0.00018387043,-0.00043127086,0.0005613852,-0.0,0.0,0.0
40.970,0.0004269948,0.00017959438,-0.0006603453,0.0,-0.0,0.0
41.010,-0.0007947357,0.00017959438,-4.9480084e-05,3.935228e-08,1.7414052e-07,1.0841951e-08
41.049,-0.00018387043,-0.00043127086,-4.9480084e-05,-0.0,-0.0,0.0
41.070,-0.00018387043,0.00017959438,-4.9480084e-05,-0.0,0.0,0.0
41.110,0.0004269948,-0.0010421361,0.0005613852,-0.0,-0.0,-0.0
41.150,0.0004269948,-0.00043127086,-0.0006603453,-0.0,-0.0,0.0
41.170,-0.00018387043,-0.0010421361,-0.0006603453,-0.0,-0.0,0.0
41.212,-0.0014056009,-0.00043127086,-4.9480084e-05,-0.0,-0.0,0.0
41.250,0.0004269948,0.00017959438,-4.9480084e-05,0.0,-0.0,0.0
41.270,-0.00018387043,-0.00043127086,-0.0006603453,-9.375516e-08,3.9972093e-08,1.4355429e-07
41.310,0.00103786,0.0007904596,0.0011722504,-0.0,-0.0,0.0
41.351,-0.00018387043,-0.00043127086,-4.9480084e-05,-0.0,-0.0,0.0
41.370,0.0004269948,0.0007904596,-4.9480084e-05,0.0,-0.0,0.0
41.411,0.0004269948,-0.0016530013,-4.9480084e-05,-0.0,-0.0,0.0
41.450,-0.0007947357,0.00017959438,-4.9480084e-05,-0.0,0.0,0.0
41.470,-0.0007947357,0.00017959438,-0.0006603453,-0.0,0.0,0.0
41.512,-0.00018387043,0.00017959438,-0.0006603453,-0.0,0.0,0.0
41.552,-0.00018387043,0.00017959438,0.0005613852,0.0,-0.0,-0.0
41.571,-0.0007947357,0.0014013249,0.0005613852,0.0,-0.0,-0.0
41.610,0.0004269948,-0.0010421361,-4.9480084e-05,-0.0,-0.0,0.0
41.650,0.00103786,-0.00043127086,-0.0006603453,-0.0,-0.0,0.0
41.670,0.0004269948,-0.00043127086,-4.9480084e-05,-0.0,-0.0,0.0
41.711,-0.00018387043,0.00017959438,-4.9480084e-05,-0.0,0.0,0.0
41.751,-0.00018387043,0.00017959438,-4.9480084e-05,-0.0,0.0,0.0
41.770,0.0004269948,0.00017959438,0.0005613852,-0.0,-0.0,0.0
41.820,-0.00018387043,0.00017959438,-4.9480084e-05,1.2618625e-08,1.29190685e-08,3.4765602e-09
41.850,-0.00018387043,0.00017959438,0.0005613852,0.0,-0.0,-0.0
41.872,-0.0007947357,-0.0010421361,-4.9480084e-05,-0.0,-0.0,0.0
41.910,-0.0014056009,-0.00043127086,-0.0006603453,-0.0,-0.0,0.0
41.949,0.0004269948,0.0007904596,-0.0006603453,0.0,-0.0,0.0
41.990,-0.0007965683,0.00021319198,-7.3303825e-05,-0.0,0.0,0.0
42.010,-0.00018570304,0.00021319198,-7.3303825e-05,-0.0,0.0,0.0
42.052,0.0010360274,0.00021319198,-7.3303825e-05,0.0,-0.0,0.0
42.091,0.0004251622,0.00021319198,-0.00068416906,0.0,-0.0,0.0
42.110,0.0004251622,-0.00039767328,-7.3303825e-05,-0.0,-0.0,0.0
42.152,-0.0007965683,-0.0016194037,-7.3303825e-05,-0.0,-0.0,0.0
42.190,0.0004251622,0.00021319198,0.0011484267,-0.0,-0.0,0.0
42.210,0.0004251622,0.0014349225,-0.00068416906,0.0,-0.0,0.0
42.252,-0.00018570304,-0.00039767328,0.0005375614,-0.0,0.0,0.0
42.292,0.0010360274,0.0014349225,-7.3303825e-05,0.0,-0.0,0.0
42.312,0.0010360274,-0.00039767328,-7.3303825e-05,-0.0,-0.0,0.0
42.351,0.0010360274,0.0008240572,-7.3303825e-05,2.9327938e-07,-3.6871896e-07,2.6088657e-08
42.392,-0.0007965683,0.00021319198,-7.3303825e-05,-0.0,0.0,0.0
42.412,-0.0007965683,0.00021319198,-7.3303825e-05,-0.0,0.0,0.0
42.450,-0.0007965683,0.00021319198,0.0005375614,0.0,-0.0,-0.0
42.492,-0.0007965683,-0.0010085385,0.0005375614,-0.0,0.0,0.0
42.510,0.0004251622,-0.00039767328,0.0005375614,-0.0,-0.0,-0.0
42.550,-0.0007965683,0.00021319198,-0.00068416906,-0.0,0.0,0.0
42.590,0.0004251622,0.00021319198,-7.3303825e-05,0.0,-0.0,0.0
42.611,-0.00018570304,-0.0010085385,-7.3303825e-05,-2.783375e-07,5.1250513e-08,2.0230472e-08
42.650,0.0010360274,0.00021319198,-0.00068416906,0.0,-0.0,0.0
42.690,-0.00018570304,0.00021319198,-0.00068416906,-0.0,0.0,0.0
42.712,0.0022577578,0.0008240572,-0.00068416906,0.0,-0.0,0.0
42.750,0.0004251622,0.00021319198,-7.3303825e-05,0.0,-0.0,0.0
42.792,-0.00018570304,0.0008240572,-7.3303825e-05,-0.0,0.0,0.0
42.832,0.0004251622,0.00021319198,-7.3303825e-05,0.0,-0.0,0.0
42.852,-0.00018570304,0.00021319198,-7.3303825e-05,-0.0,0.0,0.0
42.882,-0.00018570304,0.00021319198,0.0005375614,0.0,-0.0,-0.0
42.930,-0.0007965683,-0.00039767328,-0.00068416906,-0.0,-0.0,0.0
42.950,0.0004251622,0.0014349225,-7.3303825e-05,0.0,-0.0,0.0
42.989,0.0010360274,-0.00039767328,-0.00068416906,-0.0,-0.0,0.0
43.030,-0.00018570304,0.0008240572,0.0005375614,0.0,-0.0,-0.0
43.049,-0.00018570304,-0.00039767328,-7.3303825e-05,-0.0,-0.0,0.0
43.089,-0.0007965683,0.00021319198,-0.00068416906,-0.0,0.0,0.0
43.130,-0.0007965683,0.00021319198,0.0005375614,0.0,-0.0,-0.0
43.151,-0.00018570304,0.0008240572,0.0005375614,2.2148559e-07,4.9912234e-08,-1.4448283e-07
43.191,-0.00018570304,-0.00039767328,-7.3303825e-05,-0.0,-0.0,0.0
43.230,0.0004251622,0.0014349225,-7.3303825e-05,0.0,-0.0,0.0
43.252,-0.0007965683,-0.00039767328,-7.3303825e-05,-0.0,-0.0,0.0
43.290,0.0004251622,-0.00039767328,-0.00068416906,-0.0,-0.0,0.0
43.330,0.0004251622,0.00021319198,-0.00068416906,0.0,-0.0,0.0
43.350,-0.00018570304,-0.0010085385,-7.3303825e-05,-0.0,-0.0,0.0
43.390,-0.00018570304,-0.00039767328,0.0005375614,-0.0,0.0,0.0
43.430,-0.0007965683,-0.00039767328,0.0011484267,-0.0,0.0,0.0
43.450,0.0004251622,0.0008240572,-7.3303825e-05,0.0,-0.0,0.0
43.490,-0.00018570304,0.00021319198,-7.3303825e-05,-0.0,0.0,0.0
43.530,-0.00018570304,-0.0016194037,-0.00068416906,-0.0,-0.0,0.0
43.551,0.0010360274,0.0008240572,0.0005375614,-0.0,-0.0,0.0
43.591,0.0004251622,-0.00039767328,0.0011484267,-0.0,-0.0,-0.0
43.633,-0.00018570304,-0.00039767328,-7.3303825e-05,-0.0,-0.0,0.0
43.654,0.0004251622,0.0014349225,-7.3303825e-05,0.0,-0.0,0.0
43.690,0.0010360274,-0.00039767328,-0.0012950343,-1.8205758e-07,-4.7430095e-07,5.9287606e-07
43.730,-0.00018570304,-0.00039767328,-7.3303825e-05,-0.0,-0.0,0.0
43.769,0.0004251622,-0.00039767328,0.0005375614,-0.0,-0.0,-0.0
43.791,-0.0014074335,-0.002230269,-7.3303825e-05,-0.0,-0.0,0.0
43.830,0.0004251622,0.00021319198,0.0005375614,-0.0,-0.0,0.0
43.871,-0.0014074335,0.0008240572,-7.3303825e-05,-0.0,0.0,0.0
43.889,-0.00018570304,0.0008240572,0.0011484267,0.0,-0.0,-0.0
43.929,-0.00018570304,-0.00039767328,-0.00068416906,-0.0,-0.0,0.0
43.971,-0.00018570304,0.00021319198,-0.00068416906,-0.0,0.0,0.0
43.991,-0.0007965683,0.00021319198,-7.3303825e-05,-0.0,0.0,0.0
44.030,0.0004251622,0.0008240572,-7.3303825e-05,0.0,-0.0,0.0
44.070,0.0010360274,0.00021319198,-0.00068416906,0.0,-0.0,0.0
44.090,0.0004251622,-0.00039767328,-7.3303825e-05,-0.0,-0.0,0.0
44.130,0.0004251622,0.00021319198,-7.3303825e-05,0.0,-0.0,0.0
44.170,-0.00018570304,0.0014349225,-7.3303825e-05,-0.0,0.0,0.0
44.191,-0.0007965683,-0.0010085385,0.0005375614,-0.0,0.0,0.0
44.230,0.0004251622,-0.00039767328,-0.00068416906,-9.589622e-08,-1.0252499e-07,1.6498274e-07
44.271,-0.00018570304,0.00021319198,-7.3303825e-05,-0.0,0.0,0.0
44.291,-0.00018570304,-0.00039767328,-7.3303825e-05,-0.0,-0.0,0.0
44.330,0.0004251622,-0.0016194037,0.0011484267,-0.0,-0.0,-0.0
44.371,0.0004251622,-0.0010085385,-0.00068416906,-0.0,-0.0,0.0
44.393,-0.00018570304,-0.0010085385,-0.00068416906,-0.0,-0.0,0.0
44.430,0.0010360274,0.00021319198,-0.00068416906,0.0,-0.0,0.0
44.470,-0.00018570304,-0.0010085385,0.0005375614,-0.0,0.0,0.0
44.511,-0.00018570304,-0.0010085385,-0.00068416906,-0.0,-0.0,0.0
44.530,-0.00018570304,-0.00039767328,0.0005375614,-0.0,0.0,0.0
44.571,0.0004251622,0.00021319198,-7.3303825e-05,0.0,-0.0,0.0
44.593,0.0010360274,0.00021319198,-0.0012950343,0.0,-0.0,0.0
44.631,0.0004251622,0.00021319198,-7.3303825e-05,0.0,-0.0,0.0
44.670,-0.0007965683,-0.00039767328,0.0005375614,-0.0,0.0,0.0
44.710,0.0010360274,0.00021319198,0.0005375614,-0.0,-0.0,0.0
44.730,0.0010360274,0.00021319198,-7.3303825e-05,0.0,-0.0,0.0
44.771,0.0004251622,0.0008240572,-0.00068416906,2.5490786e-07,-1.3151656e-07,2.116359e-07
44.810,-0.0014074335,-0.00039767328,-0.00068416906,-0.0,-0.0,0.0
44.830,0.0004251622,0.00021319198,-7.3303825e-05,0.0,-0.0,0.0
44.880,0.0004251622,0.0008240572,-0.00068416906,0.0,-0.0,0.0
44.910,-0.00018570304,0.0008240572,-7.3303825e-05,-0.0,0.0,0.0
44.931,0.0004251622,-0.00039767328,0.0005375614,-0.0,-0.0,-0.0
44.969,-0.0014074335,0.00021319198,-7.3303825e-05,-0.0,0.0,0.0
45.012,-0.0007965683,-0.0010085385,-0.00068416906,-0.0,-0.0,0.0
45.030,-0.0007965683,0.00021319198,-7.3303825e-05,4.737677e-08,1.7701807e-07,1.629e-08
45.076,-0.0007965683,0.0008240572,0.0005375614,0.0,-0.0,-0.0
45.111,0.0004251622,0.0026566528,-0.00068416906,0.0,-0.0,0.0
45.132,-0.00018570304,0.00021319198,-7.3303825e-05,-0.0,0.0,0.0
45.171,0.0004251622,-0.00039767328,-0.00068416906,-0.0,-0.0,0.0
45.212,-0.002018299,-0.0010085385,-0.0012950343,-0.0,-0.0,0.0
45.250,-0.00018570304,-0.0010085385,-0.00068416906,-0.0,-0.0,0.0
45.270,-0.00018570304,0.0008240572,-7.3303825e-05,-0.0,0.0,0.0
45.310,-0.00018570304,0.0008240572,-7.3303825e-05,-0.0,0.0,0.0
45.350,-0.0007965683,-0.00039767328,-7.3303825e-05,-0.0,-0.0,0.0
45.371,0.0004251622,-0.00039767328,0.0005375614,-0.0,-0.0,-0.0
45.411,-0.0007965683,-0.0010085385,-7.3303825e-05,-0.0,-0.0,0.0
45.432,0.0004251622,0.0008240572,-0.00068416906,0.0,-0.0,0.0
45.470,-0.0014074335,-0.0010085385,-7.3303825e-05,-0.0,-0.0,0.0
45.510,0.0004251622,0.00021319198,0.0005375614,-0.0,-0.0,0.0
45.550,-0.00018570304,-0.0010085385,-7.3303825e-05,-0.0,-0.0,0.0
45.570,-0.002629164,-0.00039767328,-7.3303825e-05,-2.839624e-07,1.8773792e-06,5.234355e-08
45.610,-0.0007965683,-0.0016194037,-0.0012950343,-0.0,-0.0,0.0
45.636,0.0010360274,0.0014349225,0.0005375614,-0.0,-0.0,0.0
45.670,0.0004251622,0.00021319198,0.0005375614,-0.0,-0.0,0.0
45.711,-0.0007965683,-0.00039767328,-0.0012950343,-0.0,-0.0,0.0
45.735,-0.00018570304,0.0008240572,-0.00068416906,-0.0,0.0,0.0
45.772,-0.00018570304,0.00021319198,0.0005375614,0.0,-0.0,-0.0
45.810,-0.00018570304,-0.00039767328,0.0005375614,-0.0,0.0,0.0
45.850,-0.0007965683,-0.0016194037,0.0005375614,-0.0,0.0,0.0
45.870,-0.00018570304,0.00021319198,-7.3303825e-05,-0.0,0.0,0.0
45.913,0.0004251622,-0.00039767328,0.0005375614,-0.0,-0.0,-0.0
45.950,0.0004251622,-0.00039767328,0.0011484267,-0.0,-0.0,-0.0
45.970,0.0010360274,0.00021319198,-0.00068416906,0.0,-0.0,0.0
46.010,0.0004251622,-0.00039767328,0.0005375614,-0.0,-0.0,-0.0
46.050,-0.00013866641,-0.0003567453,0.00059986964,-0.0,0.0,0.0
46.090,-0.00013866641,0.00025411992,-1.09955745e-05,-0.0,0.0,0.0
46.110,-0.0007495316,-0.0003567453,0.00059986964,-9.807692e-08,2.0606232e-07,-1.6491701e-07
46.150,-0.00013866641,-0.0009676105,0.00059986964,-0.0,0.0,0.0
46.191,-0.00013866641,0.00025411992,0.00059986964,0.0,-0.0,-0.0
46.211,-0.00013866641,0.00025411992,-1.09955745e-05,-0.0,0.0,0.0
46.251,-0.00013866641,-0.0003567453,-0.0006218608,-0.0,-0.0,0.0
46.291,-0.00013866641,-0.0003567453,0.00059986964,-0.0,0.0,0.0
46.312,0.00047219885,0.00025411992,-1.09955745e-05,0.0,-0.0,0.0
46.350,-0.0013603969,0.00025411992,-1.09955745e-05,-0.0,0.0,0.0
46.390,0.0010830641,0.00025411992,-1.09955745e-05,0.0,-0.0,0.0
46.411,-0.0007495316,-0.0003567453,0.00059986964,-0.0,0.0,0.0
46.453,0.0010830641,-0.0003567453,0.00059986964,-0.0,-0.0,-0.0
46.491,-0.00013866641,0.00086498517,0.001210735,0.0,-0.0,-0.0
46.510,-0.00013866641,0.00086498517,0.00059986964,0.0,-0.0,-0.0
46.551,-0.0007495316,0.0020867158,0.00059986964,0.0,-0.0,-0.0
46.590,0.0010830641,0.00086498517,-0.0018435913,0.0,-0.0,0.0
46.610,-0.00013866641,-0.0003567453,0.001210735,-0.0,0.0,0.0
46.650,0.00047219885,0.00086498517,-1.09955745e-05,0.0,-0.0,0.0
46.690,0.00047219885,0.00025411992,0.00059986964,-0.0,-0.0,0.0
46.710,0.0023047945,-0.0003567453,-0.0006218608,-0.0,-0.0,0.0
46.751,0.00047219885,0.00025411992,0.00059986964,-0.0,-0.0,0.0
46.790,-0.00013866641,-0.0003567453,-1.09955745e-05,-0.0,-0.0,0.0
46.812,0.00047219885,0.0014758505,-0.0006218608,0.0,-0.0,0.0
46.852,-0.0007495316,0.00086498517,0.00059986964,0.0,-0.0,-0.0
46.880,-0.00013866641,0.00086498517,0.00059986964,0.0,-0.0,-0.0
46.912,0.00047219885,0.00025411992,-0.0006218608,5.601343e-08,-1.0408264e-07,1.3707131e-07
46.951,0.0010830641,0.00025411992,-1.09955745e-05,0.0,-0.0,0.0
46.990,0.00047219885,0.00025411992,0.00059986964,-0.0,-0.0,0.0
47.031,-0.00013866641,0.00086498517,-1.09955745e-05,-0.0,0.0,0.0
47.050,-0.00013866641,-0.0009676105,-1.09955745e-05,-0.0,-0.0,0.0
47.092,-0.0007495316,-0.0003567453,-1.09955745e-05,-0.0,-0.0,0.0
47.131,0.00047219885,0.00086498517,-1.09955745e-05,0.0,-0.0,0.0
47.153,-0.0007495316,0.0020867158,-0.0006218608,-0.0,0.0,0.0
47.191,-0.00013866641,-0.0003567453,0.001210735,-0.0,0.0,0.0
47.232,-0.0007495316,-0.0003567453,0.00059986964,-0.0,0.0,0.0
47.253,-0.00013866641,0.00025411992,0.00059986964,0.0,-0.0,-0.0
47.293,-0.0013603969,-0.0009676105,-1.09955745e-05,-0.0,-0.0,0.0
47.332,0.0010830641,-0.0003567453,0.001210735,-0.0,-0.0,-0.0
47.352,-0.0013603969,0.00086498517,-1.09955745e-05,-0.0,0.0,0.0
47.394,-0.00013866641,-0.0003567453,-1.09955745e-05,-0.0,-0.0,0.0
47.432,-0.0007495316,0.00086498517,-0.0006218608,-0.0,0.0,0.0
47.451,-0.00013866641,-0.0003567453,-1.09955745e-05,-3.6668194e-08,1.4252877e-08,1.1301844e-09
47.492,-0.0007495316,-0.0009676105,0.00059986964,-0.0,0.0,0.0
47.532,-0.00013866641,0.00086498517,0.00059986964,0.0,-0.0,-0.0
47.551,-0.00013866641,0.00086498517,-1.09955745e-05,-0.0,0.0,0.0
47.591,-0.0007495316,-0.0009676105,0.001210735,-0.0,0.0,0.0
47.636,0.00047219885,-0.0003567453,-1.09955745e-05,-0.0,-0.0,0.0
47.651,0.00047219885,-0.0003567453,0.00059986964,-0.0,-0.0,-0.0
47.692,-0.0007495316,-0.0009676105,-1.09955745e-05,-0.0,-0.0,0.0
47.732,-0.0007495316,0.00086498517,-1.09955745e-05,-0.0,0.0,0.0
47.752,0.00047219885,-0.0003567453,0.001210735,-0.0,-0.0,-0.0
47.791,0.00047219885,0.00025411992,0.00059986964,-0.0,-0.0,0.0
47.836,0.00047219885,0.00086498517,-0.0006218608,0.0,-0.0,0.0
47.852,-0.0007495316,-0.0003567453,0.00059986964,-0.0,0.0,0.0
47.902,0.00047219885,0.00025411992,0.001210735,-0.0,-0.0,0.0
47.933,-0.0007495316,-0.0009676105,-1.09955745e-05,-0.0,-0.0,0.0
47.970,0.00047219885,0.00086498517,-1.09955745e-05,0.0,-0.0,0.0
47.991,0.0010830641,0.00086498517,-0.0006218608,3.5274482e-07,-4.4167828e-07,2.5359765e-07
48.031,-0.0013603969,-0.0003567453,-0.0012327262,-0.0,-0.0,0.0
48.072,-0.00013866641,0.00025411992,-1.09955745e-05,-0.0,0.0,0.0
48.091,-0.00013866641,0.00025411992,-1.09955745e-05,-0.0,0.0,0.0
48.132,-0.00013866641,-0.0003567453,0.00059986964,-0.0,0.0,0.0
48.173,0.0016939293,0.00025411992,-1.09955745e-05,0.0,-0.0,0.0
48.192,0.00047219885,0.00025411992,-1.09955745e-05,0.0,-0.0,0.0
48.231,0.00047219885,0.00086498517,0.00059986964,-0.0,-0.0,0.0
48.273,0.00047219885,-0.0003567453,-0.0012327262,-0.0,-0.0,0.0
48.291,0.0016939293,0.0014758505,-1.09955745e-05,0.0,-0.0,0.0
48.331,-0.0007495316,-0.0015784758,-1.09955745e-05,-0.0,-0.0,0.0
48.371,-0.001971262,-0.0003567453,0.00059986964,-0.0,0.0,0.0
48.392,0.0010830641,0.00086498517,0.00059986964,-0.0,-0.0,0.0
48.431,-0.00013866641,0.00025411992,-1.09955745e-05,-0.0,0.0,0.0
48.472,-0.00013866641,0.00086498517,-1.09955745e-05,-0.0,0.0,0.0
48.492,0.00047219885,0.00086498517,-0.0006218608,0.0,-0.0,0.0
48.531,0.0010830641,0.00086498517,0.00059986964,-0.0,-0.0,0.0
48.571,-0.0007495316,0.00025411992,0.00059986964,0.0,-0.0,-0.0
48.592,-0.0007495316,0.00086498517,-1.09955745e-05,-0.0,0.0,0.0
48.632,0.00047219885,-0.0003567453,-0.0006218608,-0.0,-0.0,0.0
48.672,-0.0007495316,-0.0009676105,0.00059986964,-0.0,0.0,0.0
48.712,0.0010830641,0.00025411992,-0.0006218608,0.0,-0.0,0.0
48.732,-0.00013866641,0.00025411992,-0.0006218608,-0.0,0.0,0.0
48.771,0.0010830641,-0.0003567453,-1.09955745e-05,-0.0,-0.0,0.0
48.817,0.00047219885,-0.0003567453,-0.0006218608,-0.0,-0.0,0.0
48.833,-0.0007495316,-0.0003567453,0.00059986964,-0.0,0.0,0.0
48.872,0.00047219885,0.00086498517,-1.09955745e-05,0.0,-0.0,0.0
48.911,-0.0013603969,0.00086498517,-0.0006218608,-0.0,0.0,0.0
48.931,-0.00013866641,0.00086498517,-1.09955745e-05,-0.0,0.0,0.0
48.973,0.00047219885,-0.0009676105,-0.0006218608,-0.0,-0.0,0.0
49.015,-0.0007495316,0.00086498517,0.00059986964,0.0,-0.0,-0.0
49.031,-0.00013866641,0.00025411992,0.00059986964,0.0,-0.0,-0.0
49.071,-0.00013866641,0.00025411992,-1.09955745e-05,-0.0,0.0,0.0
49.112,0.0010830641,0.00025411992,0.00059986964,-0.0,-0.0,0.0
49.133,-0.0007495316,-0.0015784758,-1.09955745e-05,-0.0,-0.0,0.0
49.172,-0.0007495316,0.00086498517,0.00059986964,0.0,-0.0,-0.0
49.213,-0.00013866641,0.00086498517,-1.09955745e-05,-0.0,0.0,0.0
49.231,0.00047219885,0.0014758505,-0.0006218608,0.0,-0.0,0.0
49.272,-0.0007495316,-0.0003567453,-0.0012327262,-0.0,-0.0,0.0
49.312,0.00047219885,0.00025411992,0.00059986964,-0.0,-0.0,0.0
49.332,-0.00013866641,0.00086498517,0.001210735,3.4699463e-07,5.5626877e-08,-4.8569444e-07
49.372,0.00047219885,0.00025411992,0.001210735,-0.0,-0.0,0.0
49.411,0.00047219885,0.00086498517,-1.09955745e-05,0.0,-0.0,0.0
49.431,0.00047219885,-0.0003567453,-0.0006218608,-0.0,-0.0,0.0
49.470,0.00047219885,-0.0003567453,-1.09955745e-05,-0.0,-0.0,0.0
49.513,-0.00013866641,-0.0015784758,0.001210735,-0.0,0.0,0.0
49.552,-0.00013866641,-0.0009676105,-0.0006218608,-0.0,-0.0,0.0
49.571,-0.00013866641,-0.0003567453,0.0018216002,-0.0,0.0,0.0
49.611,0.0010830641,0.00025411992,-0.0006218608,0.0,-0.0,0.0
49.633,-0.00013866641,0.00025411992,-1.09955745e-05,-0.0,0.0,0.0
49.673,-0.0013603969,-0.0009676105,0.00059986964,-0.0,0.0,0.0
49.711,-0.00013866641,0.00086498517,-1.09955745e-05,-0.0,0.0,0.0
49.752,0.00047219885,0.00025411992,-0.0006218608,0.0,-0.0,0.0
49.771,-0.0007495316,0.00025411992,-0.0006218608,-0.0,0.0,0.0
49.812,0.00047219885,0.00025411992,-1.09955745e-05,0.0,-0.0,0.0
49.851,0.00047219885,0.00086498517,-1.09955745e-05,2.288355e-07,-1.2492221e-07,2.9089402e-09
49.875,-0.0007495316,-0.0003567453,-0.0006218608,-0.0,-0.0,0.0
49.912,-0.00013866641,-0.0003567453,0.001210735,-0.0,0.0,0.0
49.950,-0.00013866641,-0.0009676105,0.00059986964,-0.0,0.0,0.0
49.971,-0.00013866641,0.00025411992,-1.09955745e-05,-0.0,0.0,0.0
50.010,-0.00013866641,-0.0009676105,-1.09955745e-05,-0.0,-0.0,0.0
50.051,-0.00013866641,0.00086498517,-1.09955745e-05,-0.0,0.0,0.0
50.072,0.00047219885,0.00086498517,-0.0006218608,0.0,-0.0,0.0
50.112,0.0016939293,0.00086498517,-0.0006218608,0.0,-0.0,0.0
50.152,0.0010708468,0.0008155051,0.00054733525,-0.0,-0.0,0.0
50.171,-0.00015088372,0.00020463986,-0.0006743952,-0.0,0.0,0.0
50.213,-0.00015088372,-0.0004062254,0.00054733525,-0.0,0.0,0.0
50.251,-0.00015088372,-0.0010170906,0.00054733525,-0.0,0.0,0.0
50.271,0.00045998153,0.0008155051,-6.352998e-05,0.0,-0.0,0.0
50.312,0.00045998153,-0.0004062254,-6.352998e-05,-0.0,-0.0,0.0
50.339,0.00045998153,0.00020463986,-0.0006743952,0.0,-0.0,0.0
50.373,0.00045998153,0.00020463986,-0.0006743952,0.0,-0.0,0.0
50.412,-0.000761749,0.00020463986,-6.352998e-05,-0.0,0.0,0.0
50.451,0.00045998153,0.00020463986,-0.0006743952,0.0,-0.0,0.0
50.491,-0.00015088372,-0.0004062254,-6.352998e-05,-0.0,-0.0,0.0
50.511,0.0010708468,-0.0004062254,-0.0006743952,-0.0,-0.0,0.0
50.550,-0.000761749,-0.0016279559,-0.0006743952,-0.0,-0.0,0.0
50.590,-0.000761749,0.00020463986,-0.0018961257,-0.0,0.0,0.0
50.611,-0.000761749,-0.0010170906,-0.0006743952,-0.0,-0.0,0.0
50.651,0.00045998153,-0.0004062254,0.00054733525,-0.0,-0.0,-0.0
50.691,0.0010708468,0.0008155051,-6.352998e-05,0.0,-0.0,0.0
50.711,-0.00015088372,-0.0004062254,0.00054733525,-0.0,0.0,0.0
50.754,0.00045998153,0.0014263703,-6.352998e-05,0.0,-0.0,0.0
50.792,-0.00015088372,0.00020463986,-6.352998e-05,-0.0,0.0,0.0
50.813,-0.000761749,0.00020463986,-6.352998e-05,-0.0,0.0,0.0
50.851,0.0010708468,0.00020463986,-0.0012852604,0.0,-0.0,0.0
50.892,0.00045998153,-0.0010170906,-6.352998e-05,-0.0,-0.0,0.0
50.916,0.0010708468,0.0008155051,-6.352998e-05,0.0,-0.0,0.0
50.950,0.00045998153,-0.0016279559,-0.0006743952,-0.0,-0.0,0.0
50.991,-0.0013726143,-0.0010170906,-6.352998e-05,-0.0,-0.0,0.0
51.010,-0.00015088372,-0.002238821,-6.352998e-05,-0.0,-0.0,0.0
51.051,-0.000761749,-0.0004062254,-6.352998e-05,-0.0,-0.0,0.0
51.092,0.00045998153,0.00020463986,-0.0006743952,0.0,-0.0,0.0
51.111,0.001681712,-0.0004062254,-0.0006743952,-0.0,-0.0,0.0
51.151,0.00045998153,0.0008155051,-6.352998e-05,0.0,-0.0,0.0
51.191,-0.00015088372,-0.0004062254,-6.352998e-05,-0.0,-0.0,0.0
51.232,0.00045998153,-0.0004062254,-6.352998e-05,-0.0,-0.0,0.0
51.250,-0.000761749,0.0014263703,-6.352998e-05,-0.0,0.0,0.0
51.292,-0.00015088372,0.00020463986,0.00054733525,0.0,-0.0,-0.0
51.312,0.0010708468,-0.0004062254,0.00054733525,-0.0,-0.0,-0.0
51.352,-0.000761749,-0.0004062254,-0.0006743952,-0.0,-0.0,0.0
51.395,0.00045998153,0.00020463986,0.00054733525,-0.0,-0.0,0.0
51.413,0.001681712,0.0008155051,-6.352998e-05,0.0,-0.0,0.0
51.451,-0.00015088372,0.0008155051,-6.352998e-05,-0.0,0.0,0.0
51.492,0.0010708468,-0.0010170906,-6.352998e-05,-0.0,-0.0,0.0
51.532,-0.000761749,0.0014263703,-6.352998e-05,-0.0,0.0,0.0
51.551,-0.000761749,-0.0004062254,0.00054733525,-0.0,0.0,0.0
51.592,0.00045998153,-0.0004062254,-6.352998e-05,-0.0,-0.0,0.0
51.631,0.0010708468,0.00020463986,-0.0006743952,0.0,-0.0,0.0
51.652,-0.000761749,-0.0004062254,0.0011582006,-0.0,0.0,0.0
51.693,-0.000761749,-0.0004062254,-6.352998e-05,-0.0,-0.0,0.0
51.731,0.00045998153,-0.0004062254,0.00054733525,-8.966799e-08,-1.01533814e-07,-1.2081581e-07
51.752,-0.00015088372,-0.0010170906,-6.352998e-05,-0.0,-0.0,0.0
51.792,-0.000761749,-0.0010170906,-6.352998e-05,-0.0,-0.0,0.0
51.832,0.00045998153,-0.0004062254,-0.0006743952,-0.0,-0.0,0.0
51.852,0.0022925772,-0.0010170906,-0.0006743952,-0.0,-0.0,0.0
51.892,-0.00015088372,0.0008155051,-6.352998e-05,-0.0,0.0,0.0
51.931,-0.000761749,-0.0010170906,-6.352998e-05,-0.0,-0.0,0.0
51.951,-0.0013726143,0.0014263703,-6.352998e-05,-0.0,0.0,0.0
51.991,-0.0013726143,-0.0004062254,-0.0006743952,-0.0,-0.0,0.0
52.030,-0.000761749,-0.0004062254,0.0011582006,-0.0,0.0,0.0
52.071,0.0010708468,0.0008155051,-6.352998e-05,0.0,-0.0,0.0
52.091,-0.00015088372,0.00020463986,-0.0006743952,-0.0,0.0,0.0
52.131,0.0010708468,0.0008155051,-6.352998e-05,0.0,-0.0,0.0
52.171,-0.00015088372,0.0008155051,-6.352998e-05,-0.0,0.0,0.0
52.194,-0.000761749,0.00020463986,-6.352998e-05,-0.0,0.0,0.0
52.231,-0.00015088372,-0.0010170906,-0.0006743952,-0.0,-0.0,0.0
52.271,0.0022925772,-0.0010170906,0.00054733525,-7.008758e-07,-1.5798112e-06,-3.771684e-07
52.294,-0.00015088372,0.00020463986,-6.352998e-05,-0.0,0.0,0.0
52.331,0.0010708468,0.00020463986,0.0011582006,-0.0,-0.0,0.0
52.371,-0.00015088372,-0.0004062254,-6.352998e-05,-0.0,-0.0,0.0
52.391,0.00045998153,-0.0004062254,-6.352998e-05,-0.0,-0.0,0.0
52.432,0.00045998153,0.00020463986,0.00054733525,-0.0,-0.0,0.0
52.474,-0.00015088372,-0.0010170906,-0.0006743952,-0.0,-0.0,0.0
52.494,-0.000761749,0.00020463986,-0.0006743952,-0.0,0.0,0.0
52.531,-0.00015088372,-0.002238821,-6.352998e-05,-0.0,-0.0,0.0
52.571,-0.00015088372,0.00020463986,-0.0006743952,-0.0,0.0,0.0
52.592,-0.000761749,0.0014263703,-0.0006743952,-0.0,0.0,0.0
52.632,-0.000761749,-0.0004062254,-0.0006743952,-0.0,-0.0,0.0
52.672,0.00045998153,0.0014263703,-6.352998e-05,0.0,-0.0,0.0
52.692,0.0010708468,0.0008155051,0.00054733525,-0.0,-0.0,0.0
52.731,0.00045998153,-0.0004062254,-6.352998e-05,-0.0,-0.0,0.0
52.771,-0.000761749,0.0014263703,0.00054733525,0.0,-0.0,-0.0
52.792,-0.00015088372,-0.0004062254,0.0011582006,-0.0,0.0,0.0
52.832,0.00045998153,0.0008155051,-0.0006743952,0.0,-0.0,0.0
52.871,-0.00015088372,-0.0010170906,-6.352998e-05,-0.0,-0.0,0.0
52.912,0.00045998153,0.00020463986,-0.0006743952,0.0,-0.0,0.0
52.930,0.00045998153,0.00020463986,-0.0006743952,0.0,-0.0,0.0
52.971,-0.00015088372,0.00020463986,-0.0006743952,-0.0,0.0,0.0
53.011,-0.00015088372,-0.0010170906,-0.0006743952,-0.0,-0.0,0.0
53.030,-0.00015088372,-0.0004062254,0.00054733525,-0.0,0.0,0.0
53.071,-0.00015088372,-0.0010170906,-0.0006743952,-0.0,-0.0,0.0
53.111,-0.00015088372,-0.0004062254,-6.352998e-05,-0.0,-0.0,0.0
53.131,0.00045998153,0.00020463986,-6.352998e-05,0.0,-0.0,0.0
53.171,-0.00015088372,-0.0004062254,-0.0006743952,-0.0,-0.0,0.0
53.212,0.00045998153,-0.0004062254,-6.352998e-05,-0.0,-0.0,0.0
53.231,-0.0013726143,0.0008155051,0.00054733525,0.0,-0.0,-0.0
53.271,0.00045998153,0.0008155051,-6.352998e-05,0.0,-0.0,0.0
53.313,0.00045998153,0.00020463986,-6.352998e-05,0.0,-0.0,0.0
53.332,0.0010708468,0.00020463986,-6.352998e-05,0.0,-0.0,0.0
53.371,-0.00015088372,0.00020463986,-6.352998e-05,-0.0,0.0,0.0
53.411,-0.00015088372,0.00020463986,0.00054733525,0.0,-0.0,-0.0
53.432,0.00045998153,-0.0004062254,-6.352998e-05,-0.0,-0.0,0.0
53.472,-0.000761749,-0.0004062254,-6.352998e-05,-0.0,-0.0,0.0
53.512,-0.00015088372,-0.0004062254,0.00054733525,-0.0,0.0,0.0
53.533,-0.000761749,-0.0004062254,0.00054733525,-0.0,0.0,0.0
53.571,0.00045998153,0.0014263703,-6.352998e-05,0.0,-0.0,0.0
53.611,-0.00015088372,0.00020463986,0.00054733525,3.3152137e-08,2.4443514e-08,-8.8669594e-08
53.633,-0.00015088372,-0.0010170906,-6.352998e-05,-0.0,-0.0,0.0
53.674,0.00045998153,-0.0010170906,0.00054733525,-0.0,-0.0,-0.0
53.711,-0.000761749,-0.0010170906,-0.0006743952,-0.0,-0.0,0.0
53.733,-0.00015088372,0.00020463986,-6.352998e-05,-0.0,0.0,0.0
53.772,-0.00015088372,-0.0010170906,0.00054733525,-0.0,0.0,0.0
53.811,-0.00015088372,0.00020463986,-6.352998e-05,-0.0,0.0,0.0
53.852,-0.00015088372,-0.0010170906,-6.352998e-05,-0.0,-0.0,0.0
53.872,-0.00015088372,-0.0004062254,0.00054733525,-0.0,0.0,0.0
53.911,-0.000761749,-0.0004062254,0.00054733525,-0.0,0.0,0.0
53.950,0.0010708468,0.00020463986,0.00054733525,-0.0,-0.0,0.0
53.970,-0.00015088372,0.00020463986,-6.352998e-05,-0.0,0.0,0.0
54.010,-0.000761749,0.00020463986,-0.0006743952,-0.0,0.0,0.0
54.052,0.00045998153,-0.0004062254,0.0011582006,-0.0,-0.0,-0.0
54.072,0.0010708468,0.0008155051,0.00054733525,-0.0,-0.0,0.0
54.111,-0.000761749,0.00020463986,0.00054733525,0.0,-0.0,-0.0
54.151,-0.000761749,0.0008155051,-6.352998e-05,2.4468534e-07,2.2855627e-07,1.90616e-08
54.173,-0.00015088372,-0.0010170906,0.00054733525,-0.0,0.0,0.0
54.212,-0.0014049901,0.00021930062,-0.00066767575,-0.0,0.0,0.0
54.252,-0.00018325957,-0.0003915646,-0.00066767575,-0.0,-0.0,0.0
54.272,-0.00018325957,0.00021930062,-5.681047e-05,-0.0,0.0,0.0
54.312,-0.00079412485,0.00021930062,-5.681047e-05,-0.0,0.0,0.0
54.352,-0.00079412485,-0.0010024299,-5.681047e-05,-0.0,-0.0,0.0
54.372,-0.00018325957,-0.0003915646,-5.681047e-05,-0.0,-0.0,0.0
54.414,-0.00079412485,0.00083016587,0.0005540548,0.0,-0.0,-0.0
54.455,0.00042760567,0.00083016587,-5.681047e-05,0.0,-0.0,0.0
54.471,0.0022602014,0.0020518964,-0.0012785409,0.0,-0.0,0.0
54.512,0.00042760567,0.00021930062,-0.00066767575,0.0,-0.0,0.0
54.553,-0.00018325957,-0.0010024299,-5.681047e-05,-0.0,-0.0,0.0
54.592,-0.0014049901,-0.0010024299,-0.00066767575,-0.0,-0.0,0.0
54.613,-0.00018325957,-0.0003915646,-5.681047e-05,-0.0,-0.0,0.0
54.654,-0.00079412485,-0.001613295,-5.681047e-05,-0.0,-0.0,0.0
54.673,-0.00079412485,0.00021930062,-5.681047e-05,-0.0,0.0,0.0
54.712,-0.00079412485,-0.0003915646,-0.0012785409,-0.0,-0.0,0.0
54.754,-0.00018325957,-0.0010024299,-0.00066767575,-0.0,-0.0,0.0
54.773,-0.00018325957,-0.0010024299,0.0005540548,-0.0,0.0,0.0
54.814,-0.00079412485,-0.0003915646,-0.00066767575,-0.0,-0.0,0.0
54.852,-0.00079412485,0.00021930062,0.0011649199,0.0,-0.0,-0.0
54.876,-0.00018325957,-0.0003915646,0.0011649199,-0.0,0.0,0.0
54.912,0.00042760567,0.00021930062,-5.681047e-05,0.0,-0.0,0.0
54.951,0.00042760567,0.00021930062,-0.00066767575,4.8427005e-08,-9.442589e-08,1.4743931e-07
54.990,0.00042760567,0.00083016587,-0.00066767575,0.0,-0.0,0.0
55.011,-0.00018325957,-0.0003915646,-5.681047e-05,-0.0,-0.0,0.0
55.051,0.0010384709,0.0014410311,-5.681047e-05,0.0,-0.0,0.0
55.091,0.00042760567,-0.0010024299,-5.681047e-05,-0.0,-0.0,0.0
55.111,0.0010384709,0.00083016587,-0.0012785409,0.0,-0.0,0.0
55.151,-0.00079412485,-0.0010024299,0.0005540548,-0.0,0.0,0.0
55.191,0.00042760567,-0.0003915646,-0.00066767575,-0.0,-0.0,0.0
55.211,0.0016493362,-0.0003915646,-5.681047e-05,-0.0,-0.0,0.0
55.252,-0.00018325957,-0.0003915646,-0.00066767575,-0.0,-0.0,0.0
55.294,-0.00079412485,0.00083016587,0.0011649199,0.0,-0.0,-0.0
55.312,-0.00018325957,0.00021930062,0.0005540548,0.0,-0.0,-0.0
55.351,0.00042760567,0.00021930062,-5.681047e-05,0.0,-0.0,0.0
55.391,-0.00018325957,-0.0003915646,0.0005540548,-0.0,0.0,0.0
55.434,0.00042760567,-0.0010024299,0.0005540548,-0.0,-0.0,-0.0
55.453,-0.00079412485,-0.0003915646,-5.681047e-05,-0.0,-0.0,0.0
55.492,-0.00079412485,-0.0010024299,-5.681047e-05,-3.444667e-07,2.728865e-07,1.9521925e-08
55.530,-0.00018325957,-0.0010024299,-0.0012785409,-0.0,-0.0,0.0
55.551,0.00042760567,0.00021930062,-5.681047e-05,0.0,-0.0,0.0
55.592,-0.00018325957,0.00021930062,0.0011649199,0.0,-0.0,-0.0
55.631,-0.00079412485,0.00083016587,0.0005540548,0.0,-0.0,-0.0
55.651,0.0010384709,0.00083016587,-5.681047e-05,0.0,-0.0,0.0
55.693,0.00042760567,0.00083016587,-5.681047e-05,0.0,-0.0,0.0
55.731,0.0010384709,-0.0003915646,0.0005540548,-0.0,-0.0,-0.0
55.750,0.0010384709,-0.0010024299,-0.00066767575,-0.0,-0.0,0.0
55.794,0.0010384709,0.00021930062,-0.0012785409,0.0,-0.0,0.0
55.832,-0.0020158554,-0.0003915646,-5.681047e-05,-0.0,-0.0,0.0
55.853,0.0010384709,0.00083016587,0.0005540548,-0.0,-0.0,0.0
55.891,-0.00079412485,0.00021930062,-5.681047e-05,-0.0,0.0,0.0
55.930,-0.00018325957,-0.0010024299,-5.681047e-05,-0.0,-0.0,0.0
55.950,-0.00018325957,-0.001613295,-5.681047e-05,-0.0,-0.0,0.0
55.992,0.00042760567,-0.0003915646,0.0011649199,-0.0,-0.0,-0.0
56.031,0.00042760567,-0.0003915646,-5.681047e-05,-6.1234644e-08,-6.687091e-08,8.884276e-09
56.050,0.0010384709,0.00083016587,0.0005540548,-0.0,-0.0,0.0
56.092,-0.00018325957,0.00083016587,-5.681047e-05,-0.0,0.0,0.0
56.132,0.00042760567,0.00021930062,0.0005540548,-0.0,-0.0,0.0
56.154,0.0010384709,0.0014410311,-0.00066767575,0.0,-0.0,0.0
56.192,-0.00018325957,-0.0010024299,0.0005540548,-0.0,0.0,0.0
56.230,0.00042760567,0.00083016587,-0.00066767575,0.0,-0.0,0.0
56.271,-0.00018325957,0.00021930062,-0.00066767575,-0.0,0.0,0.0
56.291,0.00042760567,-0.0003915646,-0.00066767575,-0.0,-0.0,0.0
56.331,-0.00018325957,0.00021930062,-0.00066767575,-0.0,0.0,0.0
56.371,-0.00079412485,0.00021930062,-5.681047e-05,-0.0,0.0,0.0
56.393,0.00042760567,0.00021930062,-5.681047e-05,0.0,-0.0,0.0
56.430,-0.00079412485,-0.0003915646,-5.681047e-05,-0.0,-0.0,0.0
56.472,-0.00079412485,0.00021930062,-5.681047e-05,-0.0,0.0,0.0
56.491,0.0010384709,0.00021930062,-5.681047e-05,0.0,-0.0,0.0
56.531,-0.00018325957,-0.0003915646,-5.681047e-05,-0.0,-0.0,0.0
56.577,-0.00018325957,0.00021930062,-0.00066767575,4.275409e-08,3.572766e-08,1.3016776e-07
56.591,-0.00018325957,0.00083016587,-5.681047e-05,-0.0,0.0,0.0
56.633,-0.00018325957,-0.0003915646,0.0005540548,-0.0,0.0,0.0
56.671,-0.00079412485,-0.0010024299,0.0011649199,-0.0,0.0,0.0
56.692,-0.00018325957,0.00083016587,0.0005540548,0.0,-0.0,-0.0
56.731,0.00042760567,0.0014410311,-0.00066767575,0.0,-0.0,0.0
56.771,0.00042760567,0.00083016587,0.0005540548,-0.0,-0.0,0.0
56.791,-0.00079412485,0.00021930062,-5.681047e-05,-0.0,0.0,0.0
56.831,0.00042760567,0.00021930062,-5.681047e-05,2.8486717e-08,-5.554513e-08,7.3795685e-09
56.872,0.00042760567,-0.0010024299,-5.681047e-05,-0.0,-0.0,0.0
56.891,-0.00018325957,0.00021930062,0.0005540548,0.0,-0.0,-0.0
56.931,-0.00079412485,0.00021930062,-5.681047e-05,-0.0,0.0,0.0
56.970,-0.00079412485,0.00083016587,-5.681047e-05,-0.0,0.0,0.0
57.013,-0.00018325957,0.00021930062,-5.681047e-05,-0.0,0.0,0.0
57.031,0.00042760567,0.00021930062,-5.681047e-05,0.0,-0.0,0.0
57.071,-0.00079412485,0.00021930062,-5.681047e-05,-0.0,0.0,0.0
57.111,0.00042760567,-0.0010024299,-5.681047e-05,-2.9365592e-07,-1.2526456e-07,1.6642275e-08
57.132,0.00042760567,0.0014410311,-5.681047e-05,0.0,-0.0,0.0
57.172,0.0022602014,0.0020518964,-5.681047e-05,0.0,-0.0,0.0
57.211,-0.00018325957,0.00021930062,-0.00066767575,-0.0,0.0,0.0
57.231,-0.00018325957,0.00021930062,0.0011649199,0.0,-0.0,-0.0
57.271,0.00042760567,0.00021930062,-5.681047e-05,0.0,-0.0,0.0
57.312,0.00042760567,0.00021930062,0.0005540548,-0.0,-0.0,0.0
57.332,0.0010384709,0.0020518964,-5.681047e-05,0.0,-0.0,0.0
57.373,0.00042760567,0.00021930062,-5.681047e-05,2.8486717e-08,-5.554513e-08,7.3795685e-09
57.411,-0.0014049901,0.00021930062,-0.0012785409,-0.0,0.0,0.0
57.431,-0.00079412485,-0.0003915646,-0.00066767575,-0.0,-0.0,0.0
57.472,-0.00079412485,0.00021930062,-5.681047e-05,-0.0,0.0,0.0
57.511,0.00042760567,0.00021930062,0.0005540548,-0.0,-0.0,0.0
57.534,0.00042760567,0.00083016587,-0.00066767575,0.0,-0.0,0.0
57.572,-0.00018325957,0.00021930062,-5.681047e-05,-0.0,0.0,0.0
57.614,-0.00079412485,0.00021930062,0.0005540548,0.0,-0.0,-0.0
57.632,-0.00079412485,0.00021930062,0.0005540548,0.0,-0.0,-0.0
57.672,0.0010384709,0.00083016587,-5.681047e-05,0.0,-0.0,0.0
57.714,0.00042760567,0.00083016587,-0.0012785409,0.0,-0.0,0.0
57.733,0.00042760567,0.00021930062,-5.681047e-05,0.0,-0.0,0.0
57.772,-0.0014049901,0.00021930062,-5.681047e-05,-0.0,0.0,0.0
57.812,-0.00018325957,-0.0003915646,-5.681047e-05,-0.0,-0.0,0.0
57.831,0.0010384709,0.0014410311,-0.00066767575,0.0,-0.0,0.0
57.871,0.00042760567,0.00083016587,-5.681047e-05,0.0,-0.0,0.0
57.911,0.00042760567,0.00021930062,0.0005540548,4.317546e-08,-8.418614e-08,-1.0908119e-07
57.951,-0.0014049901,0.00021930062,0.0011649199,0.0,-0.0,-0.0
57.971,0.00042760567,-0.0003915646,0.0011649199,-0.0,-0.0,-0.0
58.011,0.0010384709,0.00021930062,-5.681047e-05,0.0,-0.0,0.0
58.050,-0.00018325957,-0.0003915646,-0.00066767575,-0.0,-0.0,0.0
58.070,-0.00018325957,-0.0003915646,0.0011649199,-0.0,0.0,0.0
58.110,-0.0020158554,-0.001613295,0.0005540548,-0.0,0.0,0.0
58.151,-0.00018325957,0.00021930062,-5.681047e-05,-0.0,0.0,0.0
58.171,0.00042760567,0.00021930062,-0.0012785409,0.0,-0.0,0.0
58.212,-0.0014049901,-0.0003915646,-0.00066767575,-0.0,-0.0,0.0
58.251,-0.00018325957,0.00021930062,0.0005540548,0.0,-0.0,-0.0
58.271,-0.00018325957,-0.0010024299,0.0005540548,-0.0,0.0,0.0
58.312,0.00042760567,0.00021930062,0.0005540548,-0.0,-0.0,0.0
58.352,-0.00018325957,0.00021930062,-0.0012785409,-0.0,0.0,0.0
58.372,0.00042760567,0.00021930062,-0.00066767575,0.0,-0.0,0.0
58.412,0.00042760567,0.0014410311,0.0005540548,-0.0,-0.0,0.0
58.452,-0.00079412485,-0.0010024299,0.0005540548,-3.7503494e-07,2.971027e-07,-2.0728619e-07
58.472,0.00042760567,0.00021930062,0.0005540548,-0.0,-0.0,0.0
58.511,0.00042760567,-0.0010024299,-5.681047e-05,-0.0,-0.0,0.0
58.552,0.00042760567,0.00021930062,-5.681047e-05,0.0,-0.0,0.0
58.571,0.00042760567,-0.0010024299,-0.00066767575,-0.0,-0.0,0.0
58.612,-0.00018325957,0.00021930062,-0.00066767575,-0.0,0.0,0.0
58.651,-0.00018325957,-0.0010024299,-5.681047e-05,-0.0,-0.0,0.0
58.673,0.0010384709,0.0014410311,-0.00066767575,0.0,-0.0,0.0
58.711,0.00042760567,0.00021930062,-5.681047e-05,2.8486717e-08,-5.554513e-08,7.3795685e-09
58.751,0.0010384709,0.00083016587,-5.681047e-05,0.0,-0.0,0.0
58.772,0.00042760567,0.0014410311,-0.00066767575,0.0,-0.0,0.0
58.812,0.00042760567,0.00021930062,-0.00066767575,0.0,-0.0,0.0
58.852,-0.0014049901,-0.0003915646,0.0005540548,-0.0,0.0,0.0
58.893,-0.00079412485,-0.0022241604,-5.681047e-05,-0.0,-0.0,0.0
58.913,0.0010384709,0.00083016587,-5.681047e-05,0.0,-0.0,0.0
58.951,-0.00079412485,0.00021930062,-5.681047e-05,-0.0,0.0,0.0
58.991,-0.00018325957,-0.0003915646,-5.681047e-05,-4.58325e-08,2.145047e-08,6.649646e-09
59.011,-0.00018325957,-0.0010024299,0.0005540548,-0.0,0.0,0.0
59.051,-0.00018325957,0.00083016587,-0.00066767575,-0.0,0.0,0.0
59.092,-0.00018325957,-0.0003915646,0.0005540548,-0.0,0.0,0.0
59.111,0.00042760567,0.00021930062,-0.00066767575,0.0,-0.0,0.0
59.152,-0.00018325957,0.00083016587,-5.681047e-05,-0.0,0.0,0.0
59.191,-0.00018325957,-0.001613295,-0.0012785409,-0.0,-0.0,0.0
59.211,0.00042760567,-0.0003915646,-5.681047e-05,-0.0,-0.0,0.0
59.252,0.0010384709,-0.0003915646,0.0005540548,-1.3038371e-07,-3.4579136e-07,-1.844899e-07
59.291,-0.00018325957,0.00021930062,0.0005540548,0.0,-0.0,-0.0
59.312,0.00042760567,-0.0003915646,-5.681047e-05,-0.0,-0.0,0.0
59.352,0.00042760567,0.00083016587,-5.681047e-05,0.0,-0.0,0.0
59.393,0.00042760567,0.0014410311,-0.0012785409,0.0,-0.0,0.0
59.412,-0.00079412485,0.00021930062,-0.00066767575,-0.0,0.0,0.0
59.451,0.00042760567,-0.0010024299,0.0005540548,-0.0,-0.0,-0.0
59.491,0.00042760567,0.00021930062,0.0005540548,-0.0,-0.0,0.0
59.511,-0.00079412485,0.00021930062,0.0005540548,0.0,-0.0,-0.0
59.551,0.00042760567,0.00021930062,0.0011649199,-0.0,-0.0,0.0
59.591,0.00042760567,0.0014410311,-5.681047e-05,0.0,-0.0,0.0
59.613,-0.00018325957,0.00083016587,-0.00066767575,-0.0,0.0,0.0
59.652,-0.00079412485,0.00083016587,0.0005540548,0.0,-0.0,-0.0
59.691,-0.00018325957,0.00021930062,-5.681047e-05,-0.0,0.0,0.0
59.730,0.00042760567,-0.0003915646,-5.681047e-05,-0.0,-0.0,0.0
59.753,-0.00018325957,-0.0003915646,-5.681047e-05,-0.0,-0.0,0.0
59.795,-0.00018325957,0.00083016587,0.0005540548,2.2613497e-07,4.99194e-08,-1.5092304e-07
59.832,-0.00079412485,-0.0003915646,-5.681047e-05,-0.0,-0.0,0.0
59.851,-0.00018325957,0.00021930062,-5.681047e-05,-0.0,0.0,0.0
59.891,0.00042760567,0.00083016587,0.0005540548,-0.0,-0.0,0.0
59.932,0.00042760567,-0.0003915646,0.0005540548,-0.0,-0.0,-0.0
59.952,0.00042760567,0.0014410311,-0.00066767575,0.0,-0.0,0.0
59.991,0.0010384709,0.00083016587,-5.681047e-05,0.0,-0.0,0.0
