timestamp,value
00.000,25.54
00.015,25.44
00.031,24.49
00.046,22.66
00.062,20.14
00.078,17.25
00.093,14.24
00.109,11.22
00.125,8.16
00.140,4.95
00.156,1.57
00.171,-1.8
00.187,-4.93
00.203,-7.64
00.218,-9.92
00.234,-12.02
00.250,-14.25
00.265,-16.82
00.281,-19.75
00.296,-22.88
00.312,-25.95
00.328,-28.76
00.343,-31.17
00.359,-33.08
00.375,-34.38
00.390,-34.85
00.406,-34.28
00.421,-32.59
00.437,-29.9
00.453,-26.56
00.468,-23.01
00.484,-19.69
00.500,-16.81
00.515,-14.35
00.531,-12.11
00.546,-9.78
00.562,-7.18
00.578,-4.22
00.593,-1.05
00.609,2.05
00.625,4.79
00.640,6.92
00.656,8.36
00.671,9.16
00.687,9.49
00.703,9.49
00.718,9.27
00.734,8.91
00.750,8.48
00.765,8.06
00.781,7.75
00.796,7.54
00.812,7.38
00.828,7.16
00.843,6.78
00.859,6.24
00.875,5.6
00.890,4.95
00.906,4.32
00.921,3.62
00.937,2.73
00.953,1.58
00.968,0.25
00.984,-1.07
01.000,-2.13
01.015,-2.81
01.031,-3.23
01.046,-3.63
01.062,-4.28
01.078,-5.3
01.093,-6.54
01.109,-7.68
01.125,-8.44
01.140,-8.78
01.156,-8.88
01.171,-9.13
01.187,-9.75
01.203,-10.75
01.218,-11.85
01.234,-12.66
01.250,-12.97
01.265,-12.89
01.281,-12.76
01.296,-12.93
01.312,-13.57
01.328,-14.62
01.343,-15.85
01.359,-17.11
01.375,-18.35
01.390,-19.63
01.406,-21.03
01.421,-22.44
01.437,-23.59
01.453,-24.12
01.468,-23.69
01.484,-22.2
01.500,-19.75
01.515,-16.63
01.531,-13.16
01.546,-9.62
01.562,-6.15
01.578,-2.76
01.593,0.56
01.609,3.91
01.625,7.31
01.640,10.74
01.656,14.08
01.671,17.16
01.687,19.75
01.703,21.61
01.718,22.62
01.734,22.74
01.750,22.13
01.765,21.1
01.781,19.98
01.796,19.12
01.812,18.7
01.828,18.67
01.843,18.84
01.859,18.88
01.875,18.51
01.890,17.63
01.906,16.33
01.921,14.82
01.937,13.35
01.953,12.08
01.968,11.04
01.984,10.14
02.000,9.25
02.015,8.28
02.031,7.19
02.046,5.99
02.062,4.66
02.078,3.21
02.093,1.59
02.109,-0.17
02.125,-2.03
02.140,-3.88
02.156,-5.61
02.171,-7.16
02.187,-8.56
02.203,-9.91
02.218,-11.37
02.234,-13.02
02.250,-14.85
02.265,-16.72
02.281,-18.44
02.296,-19.89
02.312,-21.07
02.328,-22.19
02.343,-23.48
02.359,-25.07
02.375,-26.94
02.390,-28.85
02.406,-30.43
02.421,-31.3
02.437,-31.27
02.453,-30.31
02.468,-28.65
02.484,-26.67
02.500,-24.79
02.515,-23.28
02.531,-22.21
02.546,-21.37
02.562,-20.38
02.578,-18.75
02.593,-15.94
02.609,-11.49
02.625,-5.04
02.640,3.52
02.656,13.88
02.671,25.22
02.687,36.33
02.703,45.84
02.718,52.61
02.734,56.05
02.750,56.21
02.765,53.63
02.781,49.09
02.796,43.33
02.812,36.89
02.828,30.19
02.843,23.59
02.859,17.45
02.875,12.13
02.890,7.91
02.906,4.91
02.921,3.09
02.937,2.32
02.953,2.38
02.968,3.04
02.984,4.1
03.000,5.38
03.015,6.73
03.031,8.07
03.046,9.28
03.062,10.27
03.078,10.9
03.093,11.1
03.109,10.87
03.125,10.32
03.140,9.65
03.156,9.03
03.171,8.58
03.187,8.31
03.203,8.09
03.218,7.71
03.234,6.97
03.250,5.77
03.265,4.13
03.281,2.23
03.296,0.24
03.312,-1.72
03.328,-3.65
03.343,-5.66
03.359,-7.81
03.375,-10.08
03.390,-12.3
03.406,-14.3
03.421,-15.97
03.437,-17.36
03.453,-18.65
03.468,-20.01
03.484,-21.51
03.500,-23.09
03.515,-24.6
03.531,-25.96
03.546,-27.21
03.562,-28.47
03.578,-29.93
03.593,-31.62
03.609,-33.4
03.625,-35.02
03.640,-36.14
03.656,-36.5
03.671,-35.98
03.687,-34.55
03.703,-32.28
03.718,-29.31
03.734,-25.8
03.750,-21.91
03.765,-17.84
03.781,-13.76
03.796,-9.79
03.812,-5.98
03.828,-2.31
03.843,1.23
03.859,4.64
03.875,7.87
03.890,10.87
03.906,13.64
03.921,16.18
03.937,18.49
03.953,20.45
03.968,21.98
03.984,23.04
04.000,23.78
04.015,24.47
04.031,25.4
04.046,26.66
04.062,28.07
04.078,29.24
04.093,29.74
04.109,29.31
04.125,28.01
04.140,26.13
04.156,24.06
04.171,22.08
04.187,20.31
04.203,18.68
04.218,17.05
04.234,15.31
04.250,13.49
04.265,11.72
04.281,10.16
04.296,8.85
04.312,7.67
04.328,6.37
04.343,4.77
04.359,2.82
04.375,0.69
04.390,-1.35
04.406,-3.12
04.421,-4.66
04.437,-6.14
04.453,-7.75
04.468,-9.55
04.484,-11.39
04.500,-13.05
04.515,-14.46
04.531,-15.79
04.546,-17.36
04.562,-19.49
04.578,-22.27
04.593,-25.51
04.609,-28.91
04.625,-32.18
04.640,-35.23
04.656,-38.1
04.671,-40.84
04.687,-43.35
04.703,-45.38
04.718,-46.57
04.734,-46.61
04.750,-45.33
04.765,-42.74
04.781,-39.05
04.796,-34.56
04.812,-29.62
04.828,-24.59
04.843,-19.72
04.859,-15.11
04.875,-10.7
04.890,-6.29
04.906,-1.68
04.921,3.19
04.937,8.2
04.953,13.02
04.968,17.31
04.984,20.78
05.000,23.32
05.015,25.04
05.031,26.08
05.046,26.59
05.062,26.67
05.078,26.43
05.093,26.0
05.109,25.59
05.125,25.43
05.140,25.7
05.156,26.38
05.171,27.28
05.187,28.11
05.203,28.62
05.218,28.69
05.234,28.4
05.250,27.87
05.265,27.26
05.281,26.59
05.296,25.82
05.312,24.88
05.328,23.74
05.343,22.42
05.359,20.93
05.375,19.27
05.390,17.41
05.406,15.32
05.421,13.05
05.437,10.68
05.453,8.3
05.468,6.02
05.484,3.88
05.500,1.91
05.515,0.09
05.531,-1.64
05.546,-3.37
05.562,-5.28
05.578,-7.47
05.593,-9.93
05.609,-12.48
05.625,-14.84
05.640,-16.78
05.656,-18.29
05.671,-19.61
05.687,-21.15
05.703,-23.21
05.718,-25.87
05.734,-28.96
05.750,-32.22
05.765,-35.48
05.781,-38.66
05.796,-41.7
05.812,-44.38
05.828,-46.26
05.843,-46.87
05.859,-45.84
05.875,-43.18
05.890,-39.3
05.906,-34.82
05.921,-30.29
05.937,-25.94
05.953,-21.73
05.968,-17.4
05.984,-12.78
06.000,-7.83
06.015,-2.7
06.031,2.43
06.046,7.46
06.062,12.38
06.078,17.14
06.093,21.57
06.109,25.4
06.125,28.32
06.140,30.18
06.156,31.03
06.171,31.19
06.187,31.05
06.203,30.95
06.218,31.06
06.234,31.38
06.250,31.84
06.265,32.32
06.281,32.72
06.296,32.98
06.312,32.95
06.328,32.55
06.343,31.69
06.359,30.4
06.375,28.8
06.390,27.09
06.406,25.48
06.421,24.15
06.437,23.14
06.453,22.36
06.468,21.61
06.484,20.67
06.500,19.41
06.515,17.87
06.531,16.15
06.546,14.41
06.562,12.75
06.578,11.15
06.593,9.52
06.609,7.79
06.625,5.92
06.640,3.98
06.656,2.05
06.671,0.17
06.687,-1.71
06.703,-3.71
06.718,-5.86
06.734,-8.15
06.750,-10.42
06.765,-12.53
06.781,-14.42
06.796,-16.17
06.812,-18.04
06.828,-20.3
06.843,-23.12
06.859,-26.52
06.875,-30.28
06.890,-34.07
06.906,-37.56
06.921,-40.47
06.937,-42.61
06.953,-43.82
06.968,-43.96
06.984,-42.95
07.000,-40.73
07.015,-37.38
07.031,-33.11
07.046,-28.25
07.062,-23.22
07.078,-18.35
07.093,-13.84
07.109,-9.66
07.125,-5.63
07.140,-1.49
07.156,2.92
07.171,7.58
07.187,12.23
07.203,16.53
07.218,20.11
07.234,22.83
07.250,24.71
07.265,25.86
07.281,26.45
07.296,26.59
07.312,26.38
07.328,25.95
07.343,25.55
07.359,25.37
07.375,25.51
07.390,25.9
07.406,26.29
07.421,26.46
07.437,26.3
07.453,25.87
07.468,25.31
07.484,24.7
07.500,24.0
07.515,23.14
07.531,22.09
07.546,20.93
07.562,19.82
07.578,18.81
07.593,17.77
07.609,16.46
07.625,14.71
07.640,12.56
07.656,10.32
07.671,8.39
07.687,6.99
07.703,6.05
07.718,5.26
07.734,4.22
07.750,2.65
07.765,0.52
07.781,-2.02
07.796,-4.73
07.812,-7.41
07.828,-9.92
07.843,-12.27
07.859,-14.48
07.875,-16.64
07.890,-18.83
07.906,-21.14
07.921,-23.64
07.937,-26.42
07.953,-29.5
07.968,-32.86
07.984,-36.27
08.000,-39.35
08.015,-41.54
08.031,-42.27
08.046,-41.21
08.062,-38.39
08.078,-34.26
08.093,-29.45
08.109,-24.59
08.125,-20.08
08.140,-16.0
08.156,-12.19
08.171,-8.36
08.187,-4.29
08.203,0.11
08.218,4.73
08.234,9.35
08.250,13.65
08.265,17.37
08.281,20.35
08.296,22.57
08.312,24.14
08.328,25.25
08.343,26.07
08.359,26.69
08.375,27.15
08.390,27.41
08.406,27.41
08.421,27.17
08.437,26.71
08.453,26.09
08.468,25.36
08.484,24.64
08.500,23.96
08.515,23.34
08.531,22.72
08.546,21.99
08.562,21.04
08.578,19.77
08.593,18.24
08.609,16.52
08.625,14.77
08.640,13.13
08.656,11.66
08.671,10.39
08.687,9.25
08.703,8.21
08.718,7.17
08.734,6.12
08.750,5.02
08.765,3.85
08.781,2.6
08.796,1.25
08.812,-0.26
08.828,-1.96
08.843,-3.85
08.859,-5.87
08.875,-7.88
08.890,-9.72
08.906,-11.38
08.921,-12.94
08.937,-14.63
08.953,-16.73
08.968,-19.41
08.984,-22.59
09.000,-26.03
09.015,-29.38
09.031,-32.37
09.046,-34.89
09.062,-36.96
09.078,-38.61
09.093,-39.72
09.109,-40.07
09.125,-39.38
09.140,-37.48
09.156,-34.42
09.171,-30.5
09.187,-26.13
09.203,-21.71
09.218,-17.45
09.234,-13.37
09.250,-9.33
09.265,-5.2
09.281,-0.95
09.296,3.27
09.312,7.29
09.328,10.93
09.343,14.1
09.359,16.83
09.375,19.13
09.390,21.01
09.406,22.39
09.421,23.2
09.437,23.43
09.453,23.21
09.468,22.81
09.484,22.49
09.500,22.39
09.515,22.48
09.531,22.58
09.546,22.52
09.562,22.19
09.578,21.62
09.593,20.92
09.609,20.26
09.625,19.75
09.640,19.4
09.656,19.09
09.671,18.59
09.687,17.68
09.703,16.26
09.718,14.44
09.734,12.46
09.750,10.62
09.765,9.05
09.781,7.74
09.796,6.54
09.812,5.29
09.828,3.96
09.843,2.68
09.859,1.62
09.875,0.85
09.890,0.27
09.906,-0.37
09.921,-1.35
09.937,-2.77
09.953,-4.56
09.968,-6.46
09.984,-8.22
10.000,-9.67
10.015,-10.87
10.031,-12.02
10.046,-13.35
10.062,-15.08
10.078,-17.3
10.093,-19.95
10.109,-22.93
10.125,-26.05
10.140,-29.14
10.156,-31.99
10.171,-34.37
10.187,-35.94
10.203,-36.46
10.218,-35.77
10.234,-33.87
10.250,-30.98
10.265,-27.4
10.281,-23.46
10.296,-19.41
10.312,-15.44
10.328,-11.58
10.343,-7.79
10.359,-4.01
10.375,-0.2
10.390,3.65
10.406,7.45
10.421,11.13
10.437,14.55
10.453,17.57
10.468,20.02
10.484,21.73
10.500,22.62
10.515,22.72
10.531,22.24
10.546,21.53
10.562,20.96
10.578,20.75
10.593,20.94
10.609,21.34
10.625,21.71
10.640,21.88
10.656,21.83
10.671,21.62
10.687,21.36
10.703,21.02
10.718,20.5
10.734,19.64
10.750,18.41
10.765,16.85
10.781,15.12
10.796,13.4
10.812,11.78
10.828,10.27
10.843,8.82
10.859,7.37
10.875,5.89
10.890,4.42
10.906,2.97
10.921,1.56
10.937,0.18
10.953,-1.27
10.968,-2.89
10.984,-4.76
11.000,-6.88
11.015,-9.14
11.031,-11.35
11.046,-13.29
11.062,-14.88
11.078,-16.14
11.093,-17.26
11.109,-18.49
11.125,-19.99
11.140,-21.86
11.156,-24.07
11.171,-26.51
11.187,-29.05
11.203,-31.48
11.218,-33.57
11.234,-35.04
11.250,-35.64
11.265,-35.25
11.281,-33.94
11.296,-31.9
11.312,-29.32
11.328,-26.36
11.343,-23.07
11.359,-19.52
11.375,-15.77
11.390,-11.94
11.406,-8.17
11.421,-4.51
11.437,-0.94
11.453,2.6
11.468,6.09
11.484,9.43
11.500,12.42
11.515,14.87
11.531,16.71
11.546,18.01
11.562,18.94
11.578,19.7
11.593,20.45
11.609,21.27
11.625,22.16
11.640,23.04
11.656,23.78
11.671,24.2
11.687,24.17
11.703,23.63
11.718,22.6
11.734,21.24
11.750,19.76
11.765,18.4
11.781,17.35
11.796,16.69
11.812,16.36
11.828,16.17
11.843,15.91
11.859,15.36
11.875,14.45
11.890,13.2
11.906,11.75
11.921,10.27
11.937,8.88
11.953,7.68
11.968,6.68
11.984,5.84
12.000,5.04
12.015,4.09
12.031,2.81
12.046,1.09
12.062,-1.05
12.078,-3.37
12.093,-5.59
12.109,-7.46
12.125,-8.94
12.140,-10.2
12.156,-11.49
12.171,-13.01
12.187,-14.73
12.203,-16.48
12.218,-18.05
12.234,-19.43
12.250,-20.82
12.265,-22.56
12.281,-24.9
12.296,-27.81
12.312,-30.96
12.328,-33.82
12.343,-35.86
12.359,-36.74
12.375,-36.4
12.390,-34.99
12.406,-32.73
12.421,-29.87
12.437,-26.59
12.453,-22.98
12.468,-19.1
12.484,-14.94
12.500,-10.52
12.515,-5.87
12.531,-1.16
12.546,3.4
12.562,7.55
12.578,11.12
12.593,14.09
12.609,16.58
12.625,18.71
12.640,20.55
12.656,22.09
12.671,23.23
12.687,23.92
12.703,24.22
12.718,24.28
12.734,24.27
12.750,24.28
12.765,24.31
12.781,24.3
12.796,24.21
12.812,24.0
12.828,23.64
12.843,23.05
12.859,22.17
12.875,20.95
12.890,19.45
12.906,17.89
12.921,16.48
12.937,15.42
12.953,14.76
12.968,14.35
12.984,13.96
13.000,13.35
13.015,12.36
13.031,10.95
13.046,9.18
13.062,7.28
13.078,5.49
13.093,4.04
13.109,3.06
13.125,2.48
13.140,2.06
13.156,1.5
13.171,0.56
13.187,-0.85
13.203,-2.61
13.218,-4.54
13.234,-6.4
13.250,-8.08
13.265,-9.56
13.281,-10.9
13.296,-12.18
13.312,-13.53
13.328,-15.08
13.343,-16.93
13.359,-19.13
13.375,-21.63
13.390,-24.34
13.406,-27.07
13.421,-29.69
13.437,-32.12
13.453,-34.27
13.468,-36.0
13.484,-37.06
13.500,-37.24
13.515,-36.37
13.531,-34.56
13.546,-32.08
13.562,-29.31
13.578,-26.48
13.593,-23.59
13.609,-20.47
13.625,-16.9
13.640,-12.85
13.656,-8.48
13.671,-4.04
13.687,0.25
13.703,4.34
13.718,8.23
13.734,11.92
13.750,15.22
13.765,17.88
13.781,19.64
13.796,20.51
13.812,20.72
13.828,20.67
13.843,20.75
13.859,21.15
13.875,21.81
13.890,22.48
13.906,22.92
13.921,22.97
13.937,22.61
13.953,21.98
13.968,21.25
13.984,20.56
14.000,19.99
14.015,19.51
14.031,19.02
14.046,18.37
14.062,17.44
14.078,16.2
14.093,14.73
14.109,13.15
14.125,11.65
14.140,10.29
14.156,9.1
14.171,7.99
14.187,6.87
14.203,5.67
14.218,4.34
14.234,2.88
14.250,1.27
14.265,-0.54
14.281,-2.59
14.296,-4.9
14.312,-7.43
14.328,-10.05
14.343,-12.58
14.359,-14.86
14.375,-16.8
14.390,-18.41
14.406,-19.86
14.421,-21.39
14.437,-23.3
14.453,-25.75
14.468,-28.72
14.484,-31.95
14.500,-34.95
14.515,-37.2
14.531,-38.34
14.546,-38.3
14.562,-37.26
14.578,-35.53
14.593,-33.39
14.609,-30.94
14.625,-28.19
14.640,-25.2
14.656,-22.12
14.671,-19.14
14.687,-16.41
14.703,-13.88
14.718,-11.37
14.734,-8.72
14.750,-6.0
14.765,-3.55
14.781,-1.83
14.796,-1.12
14.812,-1.32
14.828,-1.99
14.843,-2.42
14.859,-2.05
14.875,-0.64
14.890,1.71
14.906,4.67
14.921,7.87
14.937,11.03
14.953,13.97
14.968,16.62
14.984,18.9
15.000,20.73
15.015,22.01
15.031,22.68
15.046,22.71
15.062,22.14
15.078,21.11
15.093,19.81
15.109,18.44
15.125,17.21
15.140,16.2
15.156,15.41
15.171,14.76
15.187,14.2
15.203,13.7
15.218,13.27
15.234,12.91
15.250,12.55
15.265,12.01
15.281,11.06
15.296,9.6
15.312,7.67
15.328,5.53
15.343,3.51
15.359,1.87
15.375,0.72
15.390,-0.03
15.406,-0.59
15.421,-1.17
15.437,-1.95
15.453,-3.03
15.468,-4.46
15.484,-6.22
15.500,-8.22
15.515,-10.33
15.531,-12.42
15.546,-14.39
15.562,-16.25
15.578,-18.13
15.593,-20.16
15.609,-22.38
15.625,-24.64
15.640,-26.57
15.656,-27.71
15.671,-27.65
15.687,-26.2
15.703,-23.5
15.718,-19.92
15.734,-15.88
15.750,-11.67
15.765,-7.43
15.781,-3.11
15.796,1.34
15.812,5.94
15.828,10.66
15.843,15.46
15.859,20.31
15.875,25.26
15.890,30.33
15.906,35.5
15.921,40.56
15.937,45.27
15.953,49.41
15.968,52.93
15.984,55.91
16.000,58.53
16.015,60.92
16.031,63.16
16.046,65.25
16.062,67.25
16.078,69.2
16.093,71.24
16.109,73.44
16.125,75.7
16.140,77.76
16.156,79.17
16.171,79.45
16.187,78.28
16.203,75.63
16.218,71.75
16.234,67.01
16.250,61.74
16.265,56.1
16.281,50.12
16.296,43.81
16.312,37.3
16.328,30.83
16.343,24.65
16.359,18.94
16.375,13.62
16.390,8.39
16.406,2.86
16.421,-3.24
16.437,-9.96
16.453,-16.98
16.468,-23.76
16.484,-29.61
16.500,-33.92
16.515,-36.33
16.531,-36.85
16.546,-35.9
16.562,-34.09
16.578,-32.08
16.593,-30.35
16.609,-29.11
16.625,-28.32
16.640,-27.88
16.656,-27.67
16.671,-27.71
16.687,-28.09
16.703,-28.88
16.718,-30.04
16.734,-31.4
16.750,-32.74
16.765,-33.91
16.781,-34.94
16.796,-35.97
16.812,-37.15
16.828,-38.42
16.843,-39.53
16.859,-40.09
16.875,-39.73
16.890,-38.33
16.906,-36.08
16.921,-33.39
16.937,-30.68
16.953,-28.13
16.968,-25.69
16.984,-23.13
17.000,-20.23
17.015,-16.97
17.031,-13.46
17.046,-9.96
17.062,-6.71
17.078,-3.89
17.093,-1.56
17.109,0.3
17.125,1.73
17.140,2.79
17.156,3.56
17.171,4.15
17.187,4.71
17.203,5.35
17.218,6.14
17.234,7.06
17.250,7.98
17.265,8.77
17.281,9.34
17.296,9.57
17.312,9.42
17.328,8.84
17.343,7.76
17.359,6.23
17.375,4.29
17.390,2.08
17.406,-0.2
17.421,-2.36
17.437,-4.22
17.453,-5.66
17.468,-6.66
17.484,-7.31
17.500,-7.77
17.515,-8.27
17.531,-9.0
17.546,-10.09
17.562,-11.57
17.578,-13.38
17.593,-15.35
17.609,-17.31
17.625,-19.09
17.640,-20.55
17.656,-21.64
17.671,-22.45
17.687,-23.12
17.703,-23.83
17.718,-24.71
17.734,-25.75
17.750,-26.89
17.765,-27.99
17.781,-29.01
17.796,-30.03
17.812,-31.19
17.828,-32.61
17.843,-34.39
17.859,-36.46
17.875,-38.71
17.890,-40.93
17.906,-42.89
17.921,-44.26
17.937,-44.72
17.953,-44.06
17.968,-42.17
17.984,-39.26
18.000,-35.75
18.015,-32.2
18.031,-29.14
18.046,-26.92
18.062,-25.6
18.078,-24.91
18.093,-24.4
18.109,-23.58
18.125,-22.08
18.140,-19.81
18.156,-16.95
18.171,-13.86
18.187,-11.01
18.203,-8.79
18.218,-7.44
18.234,-7.04
18.250,-7.45
18.265,-8.39
18.281,-9.43
18.296,-10.15
18.312,-10.29
18.328,-9.79
18.343,-8.84
18.359,-7.77
18.375,-6.83
18.390,-6.09
18.406,-5.43
18.421,-4.67
18.437,-3.7
18.453,-2.49
18.468,-1.13
18.484,0.38
18.500,2.07
18.515,3.97
18.531,6.01
18.546,7.97
18.562,9.46
18.578,10.17
18.593,9.98
18.609,9.11
18.625,8.03
18.640,7.2
18.656,6.89
18.671,6.96
18.687,7.0
18.703,6.53
18.718,5.32
18.734,3.47
18.750,1.37
18.765,-0.5
18.781,-1.85
18.796,-2.54
18.812,-2.64
18.828,-2.26
18.843,-1.46
18.859,-0.38
18.875,0.73
18.890,1.48
18.906,1.44
18.921,0.37
18.937,-1.59
18.953,-3.91
18.968,-5.83
18.984,-6.69
19.000,-6.14
19.015,-4.3
19.031,-1.63
19.046,1.3
19.062,4.05
19.078,6.51
19.093,8.81
19.109,11.18
19.125,13.8
19.140,16.69
19.156,19.78
19.171,23.0
19.187,26.38
19.203,30.01
19.218,33.91
19.234,37.98
19.250,41.88
19.265,45.16
19.281,47.43
19.296,48.5
19.312,48.37
19.328,47.22
19.343,45.3
19.359,42.85
19.375,40.11
19.390,37.3
19.406,34.56
19.421,31.97
19.437,29.55
19.453,27.27
19.468,25.15
19.484,23.23
19.500,21.58
19.515,20.26
19.531,19.2
19.546,18.25
19.562,17.13
19.578,15.59
19.593,13.53
19.609,10.98
19.625,8.1
19.640,5.04
19.656,1.93
19.671,-1.27
19.687,-4.58
19.703,-7.99
19.718,-11.34
19.734,-14.25
19.750,-16.39
19.765,-17.51
19.781,-17.67
19.796,-17.22
19.812,-16.65
19.828,-16.4
19.843,-16.69
19.859,-17.51
19.875,-18.62
19.890,-19.72
19.906,-20.55
19.921,-20.89
19.937,-20.63
19.953,-19.79
19.968,-18.54
19.984,-17.16
20.000,-16.1
20.015,-15.77
20.031,-16.42
20.046,-17.99
20.062,-20.1
20.078,-22.13
20.093,-23.43
20.109,-23.53
20.125,-22.27
20.140,-19.9
20.156,-16.89
20.171,-13.83
20.187,-11.26
20.203,-9.5
20.218,-8.63
20.234,-8.51
20.250,-8.8
20.265,-9.04
20.281,-8.77
20.296,-7.63
20.312,-5.48
20.328,-2.4
20.343,1.29
20.359,5.2
20.375,8.98
20.390,12.37
20.406,15.16
20.421,17.16
20.437,18.21
20.453,18.2
20.468,17.27
20.484,15.83
20.500,14.47
20.515,13.79
20.531,14.06
20.546,15.09
20.562,16.34
20.578,17.11
20.593,17.02
20.609,16.13
20.625,15.02
20.640,14.41
20.656,14.84
20.671,16.35
20.687,18.52
20.703,20.69
20.718,22.38
20.734,23.42
20.750,24.05
20.765,24.55
20.781,25.07
20.796,25.42
20.812,25.24
20.828,24.19
20.843,22.25
20.859,19.67
20.875,16.92
20.890,14.43
20.906,12.41
20.921,10.85
20.937,9.6
20.953,8.49
20.968,7.37
20.984,6.12
21.000,4.56
21.015,2.49
21.031,-0.28
21.046,-3.79
21.062,-7.9
21.078,-12.37
21.093,-16.87
21.109,-21.21
21.125,-25.2
21.140,-28.76
21.156,-31.72
21.171,-33.87
21.187,-34.99
21.203,-34.94
21.218,-33.79
21.234,-31.7
21.250,-28.87
21.265,-25.44
21.281,-21.5
21.296,-17.13
21.312,-12.57
21.328,-8.21
21.343,-4.41
21.359,-1.36
21.375,1.03
21.390,3.13
21.406,5.36
21.421,8.0
21.437,11.1
21.453,14.48
21.468,17.87
21.484,21.0
21.500,23.67
21.515,25.82
21.531,27.45
21.546,28.65
21.562,29.56
21.578,30.31
21.593,31.04
21.609,31.85
21.625,32.81
21.640,33.95
21.656,35.2
21.671,36.43
21.687,37.45
21.703,38.03
21.718,38.08
21.734,37.73
21.750,37.32
21.765,37.22
21.781,37.67
21.796,38.62
21.812,39.79
21.828,40.84
21.843,41.55
21.859,41.91
21.875,42.11
21.890,42.42
21.906,43.05
21.921,44.06
21.937,45.45
21.953,47.13
21.968,49.04
21.984,51.06
22.000,52.98
22.015,54.39
22.031,54.63
22.046,52.97
22.062,48.79
22.078,41.84
22.093,32.31
22.109,20.81
22.125,8.11
22.140,-5.09
22.156,-18.36
22.171,-31.41
22.187,-43.98
22.203,-55.73
22.218,-66.19
22.234,-74.87
22.250,-81.4
22.265,-85.65
22.281,-87.67
22.296,-87.63
22.312,-85.75
22.328,-82.3
22.343,-77.63
22.359,-72.17
22.375,-66.4
22.390,-60.66
22.406,-55.11
22.421,-49.71
22.437,-44.38
22.453,-39.07
22.468,-33.89
22.484,-29.07
22.500,-24.79
22.515,-21.09
22.531,-17.85
22.546,-14.87
22.562,-12.04
22.578,-9.41
22.593,-7.17
22.609,-5.54
22.625,-4.61
22.640,-4.21
22.656,-3.99
22.671,-3.59
22.687,-2.82
22.703,-1.73
22.718,-0.59
22.734,0.28
22.750,0.65
22.765,0.46
22.781,-0.21
22.796,-1.16
22.812,-2.21
22.828,-3.22
22.843,-4.15
22.859,-4.99
22.875,-5.8
22.890,-6.61
22.906,-7.45
22.921,-8.29
22.937,-9.09
22.953,-9.84
22.968,-10.54
22.984,-11.31
23.000,-12.25
23.015,-13.51
23.031,-15.17
23.046,-17.3
23.062,-19.86
23.078,-22.71
23.093,-25.61
23.109,-28.23
23.125,-30.24
23.140,-31.29
23.156,-31.18
23.171,-29.81
23.187,-27.31
23.203,-24.01
23.218,-20.37
23.234,-16.89
23.250,-13.99
23.265,-11.86
23.281,-10.41
23.296,-9.28
23.312,-7.96
23.328,-6.01
23.343,-3.27
23.359,0.15
23.375,3.82
23.390,7.15
23.406,9.63
23.421,10.94
23.437,11.09
23.453,10.4
23.468,9.41
23.484,8.64
23.500,8.44
23.515,8.85
23.531,9.67
23.546,10.51
23.562,11.01
23.578,10.85
23.593,9.92
23.609,8.3
23.625,6.38
23.640,4.87
23.656,4.63
23.671,6.44
23.687,10.61
23.703,16.85
23.718,24.32
23.734,31.97
23.750,38.94
23.765,44.77
23.781,49.4
23.796,52.94
23.812,55.43
23.828,56.69
23.843,56.48
23.859,54.67
23.875,51.37
23.890,46.95
23.906,41.9
23.921,36.62
23.937,31.33
23.953,26.06
23.968,20.71
23.984,15.25
24.000,9.76
24.015,4.5
24.031,-0.12
24.046,-3.65
24.062,-5.74
24.078,-6.33
24.093,-5.68
24.109,-4.27
24.125,-2.66
24.140,-1.23
24.156,-0.04
24.171,1.13
24.187,2.67
24.203,4.85
24.218,7.72
24.234,10.96
24.250,14.09
24.265,16.53
24.281,17.89
24.296,17.99
24.312,16.92
24.328,14.97
24.343,12.47
24.359,9.74
24.375,7.06
24.390,4.65
24.406,2.67
24.421,1.27
24.437,0.53
24.453,0.44
24.468,0.9
24.484,1.64
24.500,2.38
24.515,2.85
24.531,3.0
24.546,2.86
24.562,2.62
24.578,2.52
24.593,2.65
24.609,3.04
24.625,3.59
24.640,4.12
24.656,4.48
24.671,4.59
24.687,4.46
24.703,4.19
24.718,3.96
24.734,3.96
24.750,4.28
24.765,4.83
24.781,5.33
24.796,5.33
24.812,4.39
24.828,2.27
24.843,-0.97
24.859,-5.0
24.875,-9.39
24.890,-13.8
24.906,-18.01
24.921,-22.0
24.937,-25.81
24.953,-29.4
24.968,-32.69
24.984,-35.56
25.000,-37.93
25.015,-39.78
25.031,-41.12
25.046,-41.91
25.062,-42.01
25.078,-41.21
25.093,-39.38
25.109,-36.58
25.125,-33.06
25.140,-29.17
25.156,-25.21
25.171,-21.31
25.187,-17.42
25.203,-13.41
25.218,-9.17
25.234,-4.73
25.250,-0.24
25.265,4.09
25.281,8.11
25.296,11.71
25.312,14.87
25.328,17.59
25.343,19.77
25.359,21.35
25.375,22.28
25.390,22.6
25.406,22.52
25.421,22.39
25.437,22.56
25.453,23.3
25.468,24.67
25.484,26.47
25.500,28.36
25.515,30.01
25.531,31.22
25.546,32.02
25.562,32.52
25.578,32.83
25.593,32.91
25.609,32.66
25.625,32.04
25.640,31.17
25.656,30.32
25.671,29.78
25.687,29.63
25.703,29.57
25.718,29.03
25.734,27.39
25.750,24.3
25.765,19.84
25.781,14.57
25.796,9.33
25.812,4.91
25.828,1.83
25.843,0.26
25.859,-0.01
25.875,0.6
25.890,1.61
25.906,2.5
25.921,2.77
25.937,1.95
25.953,-0.31
25.968,-4.11
25.984,-9.17
26.000,-14.85
26.015,-20.34
26.031,-24.84
26.046,-27.87
26.062,-29.38
26.078,-29.73
26.093,-29.54
26.109,-29.43
26.125,-29.81
26.140,-30.78
26.156,-32.17
26.171,-33.59
26.187,-34.63
26.203,-34.91
26.218,-34.19
26.234,-32.35
26.250,-29.39
26.265,-25.43
26.281,-20.66
26.296,-15.42
26.312,-10.07
26.328,-5.03
26.343,-0.6
26.359,3.12
26.375,6.26
26.390,9.12
26.406,12.03
26.421,15.26
26.437,18.8
26.453,22.3
26.468,25.2
26.484,26.95
26.500,27.25
26.515,26.24
26.531,24.49
26.546,22.7
26.562,21.47
26.578,20.91
26.593,20.7
26.609,20.22
26.625,18.89
26.640,16.49
26.656,13.24
26.671,9.63
26.687,6.23
26.703,3.4
26.718,1.14
26.734,-0.76
26.750,-2.62
26.765,-4.64
26.781,-6.83
26.796,-9.01
26.812,-10.94
26.828,-12.48
26.843,-13.64
26.859,-14.69
26.875,-15.97
26.890,-17.8
26.906,-20.34
26.921,-23.51
26.937,-27.05
26.953,-30.58
26.968,-33.78
26.984,-36.48
27.000,-38.75
27.015,-40.75
27.031,-42.71
27.046,-44.78
27.062,-46.93
27.078,-48.94
27.093,-50.44
27.109,-51.1
27.125,-50.69
27.140,-49.2
27.156,-46.75
27.171,-43.58
27.187,-39.94
27.203,-36.02
27.218,-31.97
27.234,-27.93
27.250,-24.0
27.265,-20.26
27.281,-16.74
27.296,-13.41
27.312,-10.19
27.328,-7.03
27.343,-3.92
27.359,-0.98
27.375,1.6
27.390,3.67
27.406,5.2
27.421,6.34
27.437,7.26
27.453,8.22
27.468,9.3
27.484,10.48
27.500,11.62
27.515,12.53
27.531,13.11
27.546,13.33
27.562,13.22
27.578,12.83
27.593,12.16
27.609,11.28
27.625,10.27
27.640,9.34
27.656,8.67
27.671,8.39
27.687,8.48
27.703,8.78
27.718,9.04
27.734,9.08
27.750,8.84
27.765,8.4
27.781,7.86
27.796,7.27
27.812,6.57
27.828,5.58
27.843,4.15
27.859,2.25
27.890,-2.38
27.906,-4.7
27.921,-6.88
27.937,-8.98
27.953,-11.08
27.968,-13.22
27.984,-15.35
28.000,-17.4
28.015,-19.35
28.031,-21.3
28.046,-23.42
28.062,-25.81
28.078,-28.45
28.093,-31.1
28.109,-33.44
28.125,-35.11
28.140,-35.83
28.156,-35.4
28.171,-33.68
28.187,-30.59
28.203,-26.19
28.218,-20.73
28.234,-14.69
28.250,-8.61
28.265,-2.92
28.281,2.24
28.296,6.98
28.312,11.57
28.328,16.24
28.343,21.01
28.359,25.65
28.375,29.89
28.390,33.51
28.406,36.4
28.421,38.65
28.437,40.42
28.453,41.87
28.468,43.21
28.484,44.63
28.500,46.29
28.515,48.25
28.531,50.49
28.546,52.84
28.562,55.09
28.578,57.05
28.593,58.7
28.609,60.07
28.625,61.3
28.640,62.47
28.656,63.58
28.671,64.56
28.687,65.24
28.703,65.53
28.718,65.41
28.734,64.96
28.750,64.31
28.765,63.64
28.781,63.05
28.796,62.57
28.812,62.15
28.828,61.64
28.843,60.9
28.859,59.85
28.875,58.41
28.890,56.52
28.906,53.98
28.921,50.48
28.937,45.62
28.953,39.04
28.968,30.6
28.984,20.53
29.000,9.32
29.015,-2.32
29.031,-13.51
29.046,-23.37
29.062,-31.17
29.078,-36.55
29.093,-39.75
29.109,-41.64
29.125,-43.53
29.140,-46.61
29.156,-51.55
29.171,-58.15
29.187,-65.59
29.203,-72.85
29.218,-79.21
29.234,-84.43
29.250,-88.58
29.265,-91.62
29.281,-93.18
29.296,-92.51
29.312,-88.84
29.328,-81.76
29.343,-71.53
29.359,-58.98
29.375,-45.32
29.390,-31.8
29.406,-19.45
29.421,-8.91
29.437,-0.32
29.453,6.56
29.468,12.2
29.484,17.22
29.500,22.21
29.515,27.77
29.531,34.42
29.546,42.48
29.562,51.81
29.578,61.59
29.593,70.31
29.609,76.0
29.625,76.75
29.640,71.35
29.656,59.75
29.671,43.21
29.687,23.93
29.703,4.53
29.718,-12.56
29.734,-25.52
29.750,-33.4
29.765,-36.12
29.781,-34.35
29.796,-29.33
29.812,-22.49
29.828,-15.1
29.843,-8.01
29.859,-1.58
29.875,4.15
29.890,9.16
29.906,13.27
29.921,15.99
29.937,16.72
29.953,15.0
29.968,10.81
29.984,4.68
30.000,-2.4
30.015,-9.29
30.031,-14.99
30.046,-18.85
30.062,-20.75
30.078,-21.12
30.093,-20.78
30.109,-20.67
30.125,-21.6
30.140,-23.84
30.156,-27.12
30.171,-30.6
30.187,-33.21
30.203,-34.01
30.218,-32.55
30.234,-28.97
30.250,-24.08
30.265,-19.14
30.281,-15.64
30.296,-14.89
30.312,-17.74
30.328,-24.28
30.343,-33.77
30.359,-44.8
30.375,-55.62
30.390,-64.58
30.406,-70.51
30.421,-72.88
30.437,-71.7
30.453,-67.37
30.468,-60.5
30.484,-51.83
30.500,-42.22
30.515,-32.5
30.531,-23.28
30.546,-14.67
30.562,-6.28
30.578,2.48
30.593,11.9
30.609,21.59
30.625,30.39
30.640,36.78
30.656,39.45
30.671,37.92
30.687,32.78
30.703,25.59
30.718,18.44
30.734,13.24
30.750,11.19
30.765,12.46
30.781,16.19
30.796,20.93
30.812,25.26
30.828,28.3
30.843,29.92
30.859,30.58
30.875,30.79
30.890,30.62
30.906,29.62
30.921,27.09
30.937,22.61
30.953,16.42
30.968,9.4
30.984,2.6
31.000,-3.09
31.015,-7.39
31.031,-10.52
31.046,-13.01
31.062,-15.34
31.078,-17.76
31.093,-20.33
31.109,-22.96
31.125,-25.54
31.140,-28.01
31.156,-30.29
31.171,-32.3
31.187,-33.93
31.203,-35.13
31.218,-35.93
31.234,-36.4
31.250,-36.65
31.265,-36.82
31.281,-37.03
31.296,-37.45
31.312,-38.28
31.328,-39.64
31.343,-41.5
31.359,-43.49
31.375,-45.04
31.390,-45.55
31.406,-44.67
31.421,-42.47
31.437,-39.38
31.453,-35.93
31.468,-32.44
31.484,-28.91
31.500,-25.07
31.515,-20.61
31.531,-15.49
31.546,-9.96
31.562,-4.53
31.578,0.33
31.593,4.39
31.609,7.65
31.625,10.26
31.640,12.35
31.656,13.89
31.671,14.81
31.687,15.11
31.703,14.96
31.718,14.67
31.734,14.59
31.750,14.92
31.765,15.68
31.781,16.68
31.796,17.63
31.812,18.31
31.828,18.57
31.843,18.44
31.859,18.05
31.875,17.64
31.890,17.46
31.906,17.63
31.921,18.18
31.937,18.9
31.953,19.54
31.968,19.87
31.984,19.78
32.000,19.36
32.015,18.74
32.031,18.05
32.046,17.24
32.062,16.18
32.078,14.72
32.093,12.88
32.109,10.82
32.125,8.79
32.140,6.94
32.156,5.26
32.171,3.55
32.187,1.66
32.203,-0.45
32.218,-2.63
32.234,-4.63
32.250,-6.24
32.265,-7.5
32.281,-8.68
32.296,-10.11
32.312,-12.03
32.328,-14.48
32.343,-17.24
32.359,-20.0
32.375,-22.45
32.390,-24.41
32.406,-25.74
32.421,-26.35
32.437,-26.09
32.453,-24.76
32.468,-22.27
32.484,-18.69
32.500,-14.27
32.515,-9.44
32.531,-4.69
32.546,-0.4
32.562,3.17
32.578,5.94
32.593,8.0
32.609,9.59
32.625,11.0
32.640,12.56
32.656,14.41
32.671,16.51
32.687,18.58
32.703,20.28
32.718,21.34
32.734,21.73
32.750,21.68
32.765,21.59
32.781,21.78
32.796,22.39
32.812,23.28
32.828,24.23
32.843,25.02
32.859,25.57
32.875,25.92
32.890,26.14
32.906,26.24
32.921,26.12
32.937,25.62
32.953,24.67
32.968,23.38
32.984,21.97
33.000,20.75
33.015,19.99
33.031,19.78
33.046,20.02
33.062,20.42
33.078,20.64
33.093,20.49
33.109,19.98
33.125,19.28
33.140,18.62
33.156,18.18
33.171,17.95
33.187,17.82
33.203,17.67
33.218,17.48
33.234,17.34
33.250,17.33
33.265,17.45
33.281,17.57
33.296,17.51
33.312,17.15
33.328,16.55
33.343,15.95
33.359,15.65
33.375,15.83
33.390,16.5
33.406,17.38
33.421,17.95
33.437,17.54
33.453,15.61
33.468,11.99
33.484,7.02
33.500,1.53
33.515,-3.46
33.531,-7.11
33.546,-9.14
33.562,-9.97
33.578,-10.51
33.593,-11.73
33.609,-14.24
33.625,-18.05
33.640,-22.71
33.656,-27.57
33.671,-32.05
33.687,-35.9
33.703,-39.01
33.718,-41.4
33.734,-43.07
33.750,-43.99
33.765,-44.23
33.781,-43.91
33.796,-43.23
33.812,-42.35
33.828,-41.29
33.843,-39.91
33.859,-38.0
33.875,-35.37
33.890,-32.01
33.906,-28.04
33.921,-23.71
33.937,-19.33
33.953,-15.18
33.968,-11.52
33.984,-8.47
34.000,-6.09
34.015,-4.26
34.031,-2.83
34.046,-1.6
34.062,-0.44
34.078,0.67
34.093,1.74
34.109,2.77
34.125,3.87
34.140,5.11
34.156,6.58
34.171,8.26
34.187,10.05
34.203,11.88
34.218,13.71
34.234,15.68
34.250,17.97
34.265,20.71
34.281,23.93
34.296,27.45
34.312,30.91
34.328,33.99
34.343,36.44
34.359,38.3
34.375,39.77
34.390,41.13
34.406,42.58
34.421,44.12
34.437,45.59
34.453,46.68
34.468,47.11
34.484,46.61
34.500,44.97
34.515,41.96
34.531,37.48
34.546,31.77
34.562,25.48
34.578,19.6
34.593,15.09
34.609,12.4
34.625,11.23
34.640,10.57
34.656,9.2
34.671,6.31
34.687,1.87
34.703,-3.35
34.718,-8.14
34.734,-11.34
34.750,-12.19
34.765,-10.53
34.781,-6.74
34.796,-1.55
34.812,4.1
34.828,9.24
34.843,13.03
34.859,15.04
34.875,15.24
34.890,14.09
34.906,12.29
34.921,10.63
34.937,9.81
34.953,10.33
34.968,12.36
34.984,15.74
35.000,19.95
35.015,24.27
35.031,27.91
35.046,30.31
35.062,31.3
35.078,31.08
35.093,30.09
35.109,28.74
35.125,27.21
35.140,25.49
35.156,23.5
35.171,21.28
35.187,19.0
35.203,16.91
35.218,15.19
35.234,13.74
35.250,12.26
35.265,10.38
35.281,7.85
35.296,4.74
35.312,1.36
35.328,-1.9
35.343,-4.82
35.359,-7.43
35.375,-9.95
35.390,-12.68
35.406,-15.79
35.421,-19.23
35.437,-22.79
35.453,-26.25
35.468,-29.51
35.484,-32.59
35.500,-35.62
35.515,-38.72
35.531,-41.96
35.546,-45.34
35.562,-48.84
35.578,-52.46
35.593,-56.1
35.609,-59.53
35.625,-62.35
35.640,-64.1
35.656,-64.34
35.671,-62.9
35.687,-59.91
35.703,-55.83
35.718,-51.23
35.734,-46.68
35.750,-42.53
35.765,-38.9
35.781,-35.74
35.796,-32.91
35.812,-30.23
35.828,-27.59
35.843,-24.95
35.859,-22.29
35.875,-19.72
35.890,-17.38
35.906,-15.4
35.921,-13.87
35.937,-12.77
35.953,-11.96
35.968,-11.24
35.984,-10.44
36.000,-9.41
36.015,-8.1
36.031,-6.53
36.046,-4.79
36.062,-3.0
36.078,-1.34
36.093,0.05
36.109,1.07
36.125,1.72
36.140,2.14
36.156,2.56
36.171,3.26
36.187,4.35
36.203,5.79
36.218,7.31
36.234,8.63
36.250,9.56
36.265,10.1
36.281,10.44
36.296,10.77
36.312,11.25
36.328,11.84
36.343,12.45
36.359,12.97
36.375,13.37
36.390,13.73
36.406,14.16
36.421,14.67
36.437,15.17
36.453,15.46
36.468,15.34
36.484,14.64
36.500,13.24
36.515,11.11
36.531,8.3
36.546,4.93
36.562,1.26
36.578,-2.38
36.593,-5.55
36.609,-7.88
36.625,-9.06
36.640,-9.02
36.656,-7.87
36.671,-5.97
36.687,-3.81
36.703,-1.85
36.718,-0.39
36.734,0.54
36.750,1.16
36.765,1.93
36.781,3.24
36.796,5.23
36.812,7.79
36.828,10.51
36.843,12.9
36.859,14.65
36.875,15.76
36.890,16.47
36.906,17.17
36.921,18.1
36.937,19.3
36.953,20.56
36.968,21.6
36.984,22.26
37.000,22.56
37.015,22.7
37.031,22.91
37.046,23.31
37.062,23.83
37.078,24.31
37.093,24.59
37.109,24.65
37.125,24.54
37.140,24.36
37.156,24.19
37.171,24.05
37.187,23.93
37.203,23.8
37.218,23.61
37.234,23.14
37.250,22.09
37.265,20.07
37.281,16.82
37.296,12.35
37.312,6.97
37.328,1.18
37.343,-4.54
37.359,-9.89
37.375,-14.8
37.390,-19.29
37.406,-23.37
37.421,-26.92
37.437,-29.79
37.453,-31.85
37.468,-33.17
37.484,-33.94
37.500,-34.43
37.515,-34.91
37.531,-35.52
37.546,-36.34
37.562,-37.32
37.578,-38.38
37.593,-39.41
37.609,-40.22
37.625,-40.59
37.640,-40.26
37.656,-39.06
37.671,-36.9
37.687,-33.82
37.703,-30.03
37.718,-25.74
37.734,-21.22
37.750,-16.64
37.765,-12.12
37.781,-7.66
37.796,-3.22
37.812,1.27
37.828,5.77
37.843,10.12
37.859,14.1
37.875,17.48
37.890,20.15
37.906,22.14
37.921,23.59
37.937,24.63
37.953,25.37
37.968,25.87
37.984,26.25
38.000,26.69
38.015,27.4
38.031,28.5
38.046,29.87
38.062,31.23
38.078,32.2
38.093,32.55
38.109,32.24
38.125,31.5
38.140,30.67
38.156,30.07
38.171,29.89
38.187,30.18
38.203,30.8
38.218,31.52
38.234,32.09
38.250,32.23
38.265,31.8
38.281,30.77
38.296,29.3
38.312,27.59
38.328,25.86
38.343,24.21
38.359,22.59
38.375,20.85
38.390,18.8
38.406,16.3
38.421,13.38
38.437,10.23
38.453,7.08
38.468,4.08
38.484,1.17
38.500,-1.84
38.515,-5.16
38.531,-8.83
38.546,-12.65
38.562,-16.19
38.578,-18.98
38.593,-20.64
38.609,-21.01
38.625,-20.21
38.640,-18.5
38.656,-16.31
38.671,-14.11
38.687,-12.35
38.703,-11.3
38.718,-11.01
38.734,-11.19
38.750,-11.45
38.765,-11.4
38.781,-10.82
38.796,-9.84
38.812,-8.79
38.828,-8.14
38.843,-8.2
38.859,-9.05
38.875,-10.42
38.890,-11.82
38.906,-12.67
38.921,-12.56
38.937,-11.38
38.953,-9.31
38.968,-6.66
38.984,-3.72
39.000,-0.64
39.015,2.54
39.031,5.78
39.046,8.9
39.062,11.64
39.078,13.64
39.093,14.67
39.109,14.62
39.125,13.54
39.140,11.59
39.156,8.98
39.171,5.96
39.187,2.82
39.203,-0.13
39.218,-2.63
39.234,-4.48
39.250,-5.59
39.265,-5.88
39.281,-5.34
39.296,-3.98
39.312,-1.96
39.328,0.43
39.343,2.82
39.359,4.9
39.375,6.52
39.390,7.75
39.406,8.72
39.421,9.55
39.437,10.22
39.453,10.7
39.468,10.94
39.484,10.99
39.500,11.0
39.515,11.04
39.531,11.13
39.546,11.14
39.562,10.88
39.578,10.25
39.593,9.25
39.609,7.98
39.625,6.55
39.640,4.98
39.656,3.24
39.671,1.31
39.687,-0.7
39.703,-2.55
39.718,-3.87
39.734,-4.35
39.750,-3.91
39.765,-2.77
39.781,-1.46
39.796,-0.63
39.812,-0.74
39.828,-1.88
39.843,-3.72
39.859,-5.59
39.875,-6.81
39.890,-6.91
39.906,-5.79
39.921,-3.66
39.937,-0.93
39.953,1.9
39.968,4.37
39.984,6.09
40.000,6.67
40.015,5.82
40.031,3.44
40.046,-0.37
40.062,-5.21
40.078,-10.57
40.093,-15.86
40.109,-20.59
40.125,-24.47
40.140,-27.37
40.156,-29.32
40.171,-30.37
40.187,-30.61
40.203,-30.07
40.218,-28.84
40.234,-27.03
40.250,-24.77
40.265,-22.11
40.281,-19.04
40.296,-15.46
40.312,-11.41
40.328,-7.07
40.343,-2.83
40.359,0.83
40.375,3.62
40.390,5.48
40.406,6.63
40.421,7.4
40.437,8.01
40.453,8.54
40.468,8.95
40.484,9.18
40.500,9.29
40.515,9.39
40.531,9.59
40.546,9.86
40.562,10.12
40.578,10.22
40.593,10.07
40.609,9.69
40.625,9.1
40.640,8.4
40.656,7.62
40.671,6.84
40.687,6.11
40.703,5.43
40.718,4.72
40.734,3.82
40.750,2.63
40.765,1.2
40.781,-0.3
40.796,-1.6
40.812,-2.53
40.828,-3.16
40.843,-3.72
40.859,-4.56
40.875,-5.95
40.890,-8.05
40.906,-10.9
40.921,-14.44
40.937,-18.63
40.953,-23.38
40.968,-28.46
40.984,-33.45
41.000,-37.8
41.015,-40.89
41.031,-42.32
41.046,-41.98
41.062,-40.06
41.078,-36.99
41.093,-33.27
41.109,-29.27
41.125,-25.13
41.140,-20.79
41.156,-16.04
41.171,-10.79
41.187,-5.12
41.203,0.64
41.218,6.01
41.234,10.54
41.250,14.02
41.265,16.5
41.281,18.21
41.296,19.41
41.312,20.29
41.328,20.96
41.343,21.53
41.359,22.15
41.375,22.97
41.390,24.12
41.406,25.56
41.421,27.01
41.437,28.08
41.453,28.46
41.468,28.08
41.484,27.17
41.500,26.16
41.515,25.41
41.531,25.04
41.546,24.87
41.562,24.55
41.578,23.82
41.593,22.63
41.609,21.22
41.625,19.95
41.640,19.06
41.656,18.58
41.671,18.27
41.687,17.76
41.703,16.71
41.718,15.01
41.734,12.76
41.750,10.29
41.765,7.98
41.781,6.14
41.796,4.89
41.812,4.18
41.828,3.74
41.843,3.29
41.859,2.6
41.875,1.6
41.890,0.45
41.906,-0.58
41.921,-1.21
41.937,-1.34
41.953,-1.14
41.968,-0.94
41.984,-1.1
42.000,-1.79
42.015,-2.9
42.031,-4.11
42.046,-5.02
42.062,-5.36
42.078,-5.05
42.093,-4.23
42.109,-3.03
42.125,-1.47
42.140,0.59
42.156,3.32
42.171,6.79
42.187,10.77
42.203,14.79
42.218,18.31
42.234,20.87
42.250,22.31
42.265,22.64
42.281,21.98
42.296,20.37
42.312,17.72
42.328,13.87
42.343,8.73
42.359,2.52
42.375,-4.33
42.390,-11.24
42.406,-17.76
42.421,-23.64
42.437,-28.82
42.453,-33.25
42.468,-36.73
42.484,-38.91
42.500,-39.44
42.515,-38.22
42.531,-35.51
42.546,-31.91
42.562,-28.07
42.578,-24.52
42.593,-21.47
42.609,-18.84
42.625,-16.44
42.640,-14.1
42.656,-11.81
42.671,-9.66
42.687,-7.75
42.703,-6.12
42.718,-4.64
42.734,-3.13
42.750,-1.37
42.765,0.68
42.781,2.93
42.796,5.06
42.812,6.73
42.828,7.78
42.843,8.28
42.859,8.53
42.875,8.9
42.890,9.63
42.906,10.64
42.921,11.65
42.937,12.23
42.953,12.04
42.968,10.94
42.984,8.96
43.000,6.25
43.015,3.01
43.031,-0.58
43.046,-4.34
43.062,-8.14
43.078,-11.87
43.093,-15.48
43.109,-18.95
43.125,-22.25
43.140,-25.33
43.156,-28.12
43.171,-30.48
43.187,-32.31
43.203,-33.45
43.218,-33.75
43.234,-33.04
43.250,-31.17
43.265,-28.18
43.281,-24.27
43.296,-19.86
43.312,-15.44
43.328,-11.33
43.343,-7.56
43.359,-3.86
43.375,0.19
43.390,4.87
43.406,10.05
43.421,15.23
43.437,19.68
43.453,22.8
43.468,24.34
43.484,24.46
43.500,23.58
43.515,22.1
43.531,20.26
43.546,18.13
43.562,15.73
43.578,13.18
43.593,10.76
43.609,8.86
43.625,7.86
43.640,7.98
43.656,9.25
43.671,11.53
43.687,14.52
43.703,17.77
43.718,20.72
43.734,22.79
43.750,23.52
43.765,22.73
43.781,20.49
43.796,17.17
43.812,13.27
43.828,9.3
43.843,5.7
43.859,2.82
43.875,0.86
43.890,-0.12
43.906,-0.19
43.921,0.37
43.937,1.2
43.953,1.87
43.968,2.02
43.984,1.45
44.000,0.16
44.015,-1.69
44.031,-3.86
44.046,-6.04
44.062,-8.01
44.078,-9.61
44.093,-10.8
44.109,-11.69
44.125,-12.43
44.140,-13.26
44.156,-14.35
44.171,-15.85
44.187,-17.76
44.203,-19.99
44.218,-22.34
44.234,-24.56
44.250,-26.48
44.265,-27.98
44.281,-28.99
44.296,-29.42
44.312,-29.1
44.328,-27.84
44.343,-25.5
44.359,-22.14
44.375,-18.01
44.390,-13.52
44.406,-8.99
44.421,-4.64
44.437,-0.43
44.453,3.78
44.468,8.18
44.484,12.87
44.500,17.82
44.515,22.88
44.531,27.8
44.546,32.3
44.562,36.16
44.578,39.3
44.593,41.79
44.609,43.87
44.625,45.76
44.640,47.54
44.656,49.15
44.671,50.36
44.687,50.96
44.703,50.9
44.718,50.32
44.734,49.48
44.750,48.59
44.765,47.7
44.781,46.65
44.796,45.16
44.812,42.81
44.828,39.2
44.843,34.0
44.859,27.15
44.875,18.89
44.890,9.81
44.906,0.74
44.921,-7.49
44.937,-14.25
44.953,-19.23
44.968,-22.51
44.984,-24.48
45.000,-25.69
45.015,-26.7
45.031,-27.97
45.046,-29.73
45.062,-32.05
45.078,-34.79
45.093,-37.71
45.109,-40.68
45.125,-43.65
45.140,-46.7
45.156,-49.94
45.171,-53.39
45.187,-56.93
45.203,-60.46
45.218,-63.92
45.234,-67.43
45.250,-71.22
45.265,-75.42
45.281,-79.93
45.296,-84.39
45.312,-88.36
45.328,-91.42
45.343,-93.43
45.359,-94.39
45.375,-94.42
45.390,-93.54
45.406,-91.58
45.421,-88.35
45.437,-83.69
45.453,-77.7
45.468,-70.7
45.484,-63.06
45.500,-55.11
45.515,-46.99
45.531,-38.71
45.546,-30.21
45.562,-21.6
45.578,-13.11
45.593,-5.0
45.609,2.53
45.625,9.56
45.640,16.34
45.656,23.19
45.671,30.16
45.687,36.95
45.703,42.89
45.718,47.32
45.734,49.88
45.750,50.72
45.765,50.41
45.781,49.64
45.796,48.88
45.812,48.23
45.828,47.53
45.843,46.57
45.859,45.27
45.875,43.72
45.890,42.06
45.906,40.36
45.921,38.5
45.937,36.28
45.953,33.54
45.968,30.28
45.984,26.68
46.000,22.98
46.015,19.45
46.031,16.23
46.046,13.41
46.062,10.98
46.078,8.9
46.093,7.16
46.109,5.72
46.125,4.52
46.140,3.52
46.156,2.68
46.171,1.97
46.187,1.43
46.203,1.03
46.218,0.74
46.234,0.45
46.250,-0.02
46.265,-0.85
46.281,-2.12
46.296,-3.79
46.312,-5.7
46.328,-7.61
46.343,-9.34
46.359,-10.8
46.375,-12.01
46.390,-13.16
46.406,-14.47
46.421,-16.18
46.437,-18.48
46.453,-21.45
46.468,-25.03
46.484,-29.01
46.500,-33.03
46.515,-36.66
46.531,-39.45
46.546,-41.01
46.562,-41.07
46.578,-39.53
46.593,-36.45
46.609,-32.13
46.625,-27.04
46.640,-21.73
46.656,-16.65
46.671,-12.02
46.687,-7.79
46.703,-3.66
46.718,0.67
46.734,5.44
46.750,10.61
46.765,15.89
46.781,20.82
46.796,24.93
46.812,27.96
46.828,29.87
46.843,30.88
46.859,31.32
46.875,31.51
46.890,31.67
46.906,31.89
46.921,32.24
46.937,32.79
46.953,33.63
46.968,34.77
46.984,36.0
47.000,36.94
47.015,37.17
47.031,36.46
47.046,34.93
47.062,33.0
47.078,31.23
47.093,29.96
47.109,29.18
47.125,28.61
47.140,27.82
47.156,26.56
47.171,24.8
47.187,22.77
47.203,20.76
47.218,18.96
47.234,17.39
47.250,15.9
47.265,14.3
47.281,12.48
47.296,10.44
47.312,8.27
47.328,6.09
47.343,3.92
47.359,1.66
47.375,-0.83
47.390,-3.71
47.406,-6.92
47.421,-10.26
47.437,-13.33
47.453,-15.77
47.468,-17.38
47.484,-18.31
47.500,-19.01
47.515,-20.03
47.531,-21.85
47.546,-24.67
47.562,-28.31
47.578,-32.27
47.593,-35.85
47.609,-38.36
47.625,-39.23
47.640,-38.2
47.656,-35.36
47.671,-31.12
47.687,-26.11
47.703,-20.93
47.718,-16.02
47.734,-11.51
47.750,-7.3
47.765,-3.15
47.781,1.12
47.796,5.52
47.812,9.91
47.828,14.07
47.843,17.8
47.859,21.0
47.875,23.64
47.890,25.69
47.906,27.11
47.921,27.86
47.937,28.0
47.953,27.67
47.968,27.15
47.984,26.74
48.000,26.66
48.015,26.96
48.031,27.51
48.046,28.11
48.062,28.5
48.078,28.51
48.093,28.06
48.109,27.17
48.125,25.93
48.140,24.46
48.156,22.95
48.171,21.55
48.187,20.35
48.203,19.35
48.218,18.49
48.234,17.64
48.250,16.71
48.265,15.63
48.281,14.43
48.296,13.15
48.312,11.8
48.328,10.37
48.343,8.82
48.359,7.17
48.375,5.48
48.390,3.83
48.406,2.26
48.421,0.73
48.437,-0.85
48.453,-2.59
48.468,-4.53
48.484,-6.61
48.500,-8.66
48.515,-10.52
48.531,-12.1
48.546,-13.48
48.562,-14.83
48.578,-16.36
48.593,-18.14
48.609,-20.15
48.625,-22.29
48.640,-24.49
48.656,-26.76
48.671,-29.18
48.687,-31.72
48.703,-34.16
48.718,-36.09
48.734,-36.96
48.750,-36.35
48.765,-34.1
48.781,-30.43
48.796,-25.82
48.812,-20.81
48.828,-15.75
48.843,-10.78
48.859,-5.87
48.875,-0.97
48.890,3.85
48.906,8.41
48.921,12.48
48.937,15.98
48.953,18.97
48.968,21.65
48.984,24.2
49.000,26.67
49.015,28.89
49.031,30.57
49.046,31.47
49.062,31.54
49.078,30.98
49.093,30.15
49.109,29.41
49.125,29.0
49.140,28.93
49.156,29.08
49.171,29.21
49.187,29.17
49.203,28.86
49.218,28.31
49.234,27.59
49.250,26.8
49.265,25.97
49.281,25.12
49.296,24.22
49.312,23.24
49.328,22.13
49.343,20.86
49.359,19.47
49.375,17.98
49.390,16.48
49.406,14.99
49.421,13.48
49.437,11.9
49.453,10.19
49.468,8.38
49.484,6.58
49.500,4.97
49.515,3.66
49.531,2.65
49.546,1.82
49.562,1.02
49.578,0.12
49.593,-0.91
49.609,-2.03
49.625,-3.2
49.640,-4.4
49.656,-5.64
49.671,-6.98
49.687,-8.49
49.703,-10.18
49.718,-12.06
49.734,-14.07
49.750,-16.17
49.765,-18.31
49.781,-20.45
49.796,-22.64
49.812,-24.96
49.828,-27.53
49.843,-30.39
49.859,-33.41
49.875,-36.25
49.890,-38.38
49.906,-39.26
49.921,-38.49
49.937,-36.0
49.953,-32.09
49.968,-27.29
49.984,-22.22
50.000,-17.37
50.015,-12.96
50.031,-8.99
50.046,-5.31
50.062,-1.74
50.078,1.81
50.093,5.32
50.109,8.67
50.125,11.7
50.140,14.28
50.156,16.33
50.171,17.82
50.187,18.76
50.203,19.23
50.218,19.32
50.234,19.15
50.250,18.87
50.265,18.62
50.281,18.51
50.296,18.6
50.312,18.86
50.328,19.17
50.343,19.36
50.359,19.35
50.375,19.16
50.390,18.94
50.406,18.88
50.421,19.1
50.437,19.61
50.453,20.28
50.468,20.93
50.484,21.44
50.500,21.77
50.515,21.98
50.531,22.2
50.546,22.51
50.562,22.97
50.578,23.6
50.593,24.41
50.609,25.42
50.625,26.66
50.640,28.09
50.656,29.61
50.671,30.99
50.687,31.93
50.703,32.17
50.718,31.56
50.734,30.18
50.750,28.32
50.765,26.4
50.781,24.76
50.796,23.49
50.812,22.35
50.828,20.85
50.843,18.4
50.859,14.6
50.875,9.38
50.890,3.08
50.906,-3.67
50.921,-10.18
50.937,-15.85
50.953,-20.34
50.968,-23.55
50.984,-25.53
51.000,-26.4
51.015,-26.3
51.031,-25.43
51.046,-24.04
51.062,-22.49
51.078,-21.08
51.093,-20.02
51.109,-19.3
51.125,-18.65
51.140,-17.7
51.156,-16.12
51.171,-13.82
51.187,-11.04
51.203,-8.23
51.218,-5.94
51.234,-4.52
51.250,-4.01
51.265,-4.18
51.281,-4.6
51.296,-4.8
51.312,-4.5
51.328,-3.6
51.343,-2.26
51.359,-0.74
51.375,0.69
51.390,1.81
51.406,2.56
51.421,2.92
51.437,3.0
51.453,2.96
51.468,2.91
51.484,2.91
51.500,2.96
51.515,3.01
51.531,3.02
51.546,2.94
51.562,2.75
51.578,2.4
51.593,1.88
51.609,1.18
51.625,0.38
51.640,-0.4
51.656,-1.04
51.671,-1.5
51.687,-1.8
51.703,-2.11
51.718,-2.62
51.734,-3.51
51.750,-4.83
51.765,-6.51
51.781,-8.36
51.796,-10.15
51.812,-11.74
51.828,-13.08
51.843,-14.24
51.859,-15.4
51.875,-16.68
51.890,-18.14
51.906,-19.68
51.921,-21.19
51.937,-22.55
51.953,-23.76
51.968,-24.96
51.984,-26.3
52.000,-27.88
52.015,-29.68
52.031,-31.53
52.046,-33.15
52.062,-34.28
52.078,-34.69
52.093,-34.24
52.109,-32.84
52.125,-30.54
52.140,-27.5
52.156,-24.0
52.171,-20.32
52.187,-16.73
52.203,-13.35
52.218,-10.11
52.234,-6.9
52.250,-3.58
52.265,-0.12
52.281,3.34
52.296,6.6
52.312,9.49
52.328,11.9
52.343,13.85
52.359,15.37
52.375,16.52
52.390,17.28
52.406,17.67
52.421,17.7
52.437,17.46
52.453,17.09
52.468,16.72
52.484,16.46
52.500,16.43
52.515,16.62
52.531,16.98
52.546,17.41
52.562,17.74
52.578,17.82
52.593,17.61
52.609,17.14
52.625,16.55
52.640,15.97
52.656,15.45
52.671,14.9
52.687,14.26
52.703,13.47
52.718,12.6
52.734,11.74
52.750,10.97
52.765,10.27
52.781,9.52
52.796,8.58
52.812,7.35
52.828,5.8
52.843,3.99
52.859,2.04
52.875,0.1
52.890,-1.65
52.906,-3.08
52.921,-4.15
52.937,-4.97
52.953,-5.69
52.968,-6.48
52.984,-7.4
53.000,-8.42
53.015,-9.5
53.031,-10.68
53.046,-12.14
53.062,-14.03
53.078,-16.4
53.093,-19.1
53.109,-21.84
53.125,-24.38
53.140,-26.66
53.156,-28.84
53.171,-31.14
53.187,-33.69
53.203,-36.36
53.218,-38.73
53.234,-40.25
53.250,-40.4
53.265,-38.95
53.281,-36.02
53.296,-32.02
53.312,-27.57
53.328,-23.26
53.343,-19.43
53.359,-16.17
53.375,-13.32
53.390,-10.65
53.406,-7.9
53.421,-4.93
53.437,-1.66
53.453,1.9
53.468,5.64
53.484,9.39
53.500,12.82
53.515,15.56
53.531,17.32
53.546,18.0
53.562,17.73
53.578,16.95
53.593,16.2
53.609,15.93
53.625,16.41
53.640,17.54
53.656,18.95
53.671,20.15
53.687,20.72
53.703,20.52
53.718,19.72
53.734,18.66
53.750,17.67
53.765,16.92
53.781,16.35
53.796,15.81
53.812,15.15
53.828,14.34
53.843,13.46
53.859,12.61
53.875,11.88
53.890,11.33
53.906,10.94
53.921,10.68
53.937,10.49
53.953,10.33
53.968,10.12
53.984,9.84
54.000,9.51
54.015,9.15
54.031,8.79
54.046,8.4
54.062,7.88
54.078,7.17
54.093,6.32
54.109,5.46
54.125,4.75
54.140,4.28
54.156,3.96
54.171,3.55
54.187,2.79
54.203,1.48
54.218,-0.48
54.234,-2.97
54.250,-5.86
54.265,-8.88
54.281,-11.8
54.296,-14.34
54.312,-16.34
54.328,-17.63
54.343,-18.14
54.359,-17.87
54.375,-16.87
54.390,-15.26
54.406,-13.19
54.421,-10.87
54.437,-8.54
54.453,-6.35
54.468,-4.37
54.484,-2.56
54.500,-0.87
54.515,0.73
54.531,2.19
54.546,3.42
54.562,4.48
54.578,5.56
54.593,7.02
54.609,9.15
54.625,12.02
54.640,15.33
54.656,18.56
54.671,21.12
54.687,22.67
54.703,23.21
54.718,23.11
54.734,22.83
54.750,22.77
54.765,23.07
54.781,23.63
54.796,24.26
54.812,24.78
54.828,25.13
54.843,25.32
54.859,25.42
54.875,25.37
54.890,25.05
54.906,24.25
54.921,22.8
54.937,20.65
54.953,17.88
54.968,14.65
54.984,11.13
55.000,7.5
55.015,3.94
55.031,0.67
55.046,-2.07
55.062,-4.11
55.078,-5.39
55.093,-6.09
55.109,-6.6
55.125,-7.27
55.140,-8.31
55.156,-9.7
55.171,-11.24
55.187,-12.77
55.203,-14.34
55.218,-16.17
55.234,-18.56
55.250,-21.61
55.265,-25.14
55.281,-28.71
55.296,-31.81
55.312,-34.12
55.328,-35.65
55.343,-36.75
55.359,-37.87
55.375,-39.44
55.390,-41.64
55.406,-44.36
55.421,-47.23
55.437,-49.78
55.453,-51.57
55.468,-52.29
55.484,-51.88
55.500,-50.46
55.515,-48.3
55.531,-45.64
55.546,-42.7
55.562,-39.61
55.578,-36.43
55.593,-33.16
55.609,-29.81
55.625,-26.38
55.640,-22.82
55.656,-19.13
55.671,-15.37
55.687,-11.66
55.703,-8.22
55.718,-5.3
55.734,-3.04
55.750,-1.43
55.765,-0.33
55.781,0.53
55.796,1.32
55.812,2.09
55.828,2.76
55.843,3.21
55.859,3.36
55.875,3.22
55.890,2.81
55.906,2.08
55.921,0.96
55.937,-0.62
55.953,-2.62
55.968,-4.9
55.984,-7.28
56.000,-9.59
56.015,-11.8
56.031,-14.07
56.046,-16.57
56.062,-19.4
56.078,-22.4
56.093,-25.16
56.109,-27.19
56.125,-28.1
56.140,-27.73
56.156,-26.23
56.171,-23.89
56.187,-21.06
56.203,-18.05
56.218,-14.99
56.234,-11.91
56.250,-8.79
56.265,-5.67
56.281,-2.65
56.296,0.04
56.312,2.19
56.328,3.63
56.343,4.32
56.359,4.33
56.375,3.73
56.390,2.68
56.406,1.29
56.421,-0.35
56.437,-2.1
56.453,-3.83
56.468,-5.5
56.484,-7.13
56.500,-8.85
56.515,-10.84
56.531,-13.12
56.546,-15.68
56.562,-18.33
56.578,-20.91
56.593,-23.25
56.609,-25.19
56.625,-26.46
56.640,-26.7
56.656,-25.54
56.671,-22.77
56.687,-18.49
56.703,-13.1
56.718,-7.13
56.734,-1.06
56.750,4.88
56.765,10.66
56.781,16.43
56.796,22.27
56.812,28.22
56.828,34.21
56.843,40.15
56.859,45.96
56.875,51.49
56.890,56.6
56.906,61.05
56.921,64.61
56.937,67.06
56.953,68.3
56.968,68.38
56.984,67.55
57.000,66.19
57.015,64.72
57.031,63.45
57.046,62.46
57.062,61.6
57.078,60.57
57.093,59.18
57.109,57.37
57.125,55.24
57.140,52.93
57.156,50.35
57.171,47.29
57.187,43.49
57.203,38.85
57.218,33.58
57.234,28.14
57.250,23.04
57.265,18.54
57.281,14.63
57.296,10.99
57.312,7.34
57.328,3.59
57.343,-0.08
57.359,-3.38
57.375,-6.06
57.390,-8.15
57.406,-9.93
57.421,-11.8
57.437,-14.05
57.453,-16.72
57.468,-19.67
57.484,-22.67
57.500,-25.65
57.515,-28.72
57.531,-32.04
57.546,-35.76
57.562,-39.74
57.578,-43.76
57.593,-47.57
57.609,-51.07
57.625,-54.4
57.640,-57.8
57.656,-61.45
57.671,-65.35
57.687,-69.26
57.703,-72.84
57.718,-75.78
57.734,-77.93
57.750,-79.29
57.765,-79.96
57.781,-79.87
57.796,-78.8
57.812,-76.31
57.828,-72.0
57.843,-65.72
57.859,-57.74
57.875,-48.78
57.890,-39.8
57.906,-31.65
57.921,-24.84
57.937,-19.39
57.953,-14.94
57.968,-11.02
57.984,-7.28
58.000,-3.56
58.015,0.15
58.031,3.84
58.046,7.51
58.062,11.18
58.078,14.72
58.093,17.94
58.109,20.57
58.125,22.44
58.140,23.64
58.156,24.48
58.171,25.42
58.187,26.82
58.203,28.78
58.218,31.06
58.234,33.22
58.250,34.85
58.265,35.72
58.281,35.89
58.296,35.56
58.312,34.95
58.328,34.16
58.343,33.1
58.359,31.72
58.375,30.05
58.390,28.24
58.406,26.57
58.421,25.26
58.437,24.35
58.453,23.8
58.468,23.48
58.484,23.39
58.500,23.63
58.515,24.36
58.531,25.56
58.546,26.97
58.562,28.15
58.578,28.67
58.593,28.42
58.609,27.66
58.625,26.87
58.640,26.51
58.656,26.74
58.671,27.44
58.687,28.29
58.703,28.98
58.718,29.32
58.734,29.24
58.750,28.72
58.765,27.71
58.781,26.13
58.796,23.96
58.812,21.26
58.828,18.17
58.843,14.81
58.859,11.2
58.875,7.3
58.890,3.09
58.906,-1.39
58.921,-5.91
58.937,-10.2
58.953,-14.01
58.968,-17.23
58.984,-19.88
59.000,-22.12
59.015,-24.12
59.031,-25.96
59.046,-27.61
59.062,-28.9
59.078,-29.72
59.093,-30.0
59.109,-29.83
59.125,-29.43
59.140,-29.07
59.156,-28.95
59.171,-29.2
59.187,-29.78
59.203,-30.55
59.218,-31.3
59.234,-31.86
59.250,-32.14
59.265,-32.12
59.281,-31.86
59.296,-31.46
59.312,-31.04
59.328,-30.68
59.343,-30.38
59.359,-30.0
59.375,-29.33
59.390,-28.17
59.406,-26.35
59.421,-23.92
59.437,-21.07
59.453,-18.07
59.468,-15.19
59.484,-12.58
59.500,-10.28
59.515,-8.23
59.531,-6.41
59.546,-4.87
59.562,-3.71
59.578,-3.07
59.593,-3.0
59.609,-3.5
59.625,-4.5
59.640,-5.94
59.656,-7.7
59.671,-9.63
59.687,-11.56
59.703,-13.23
59.718,-14.33
59.734,-14.62
59.750,-13.95
59.765,-12.35
59.781,-10.07
59.796,-7.56
59.812,-5.32
59.828,-3.82
59.843,-3.28
59.859,-3.67
59.875,-4.74
59.890,-6.12
59.906,-7.54
59.921,-8.88
59.937,-10.18
59.953,-11.52
59.968,-12.9
59.984,-14.17
