timestamp,x,y,z
00.000,-0.265625,-0.109375,0.9375
00.031,-0.25,-0.078125,0.9375
00.062,-0.34375,-0.09375,0.921875
00.093,-0.421875,-0.09375,0.890625
00.125,-0.453125,-0.109375,0.890625
00.156,-0.484375,-0.09375,0.875
00.187,-0.5,-0.09375,0.84375
00.218,-0.53125,-0.09375,0.84375
00.250,-0.53125,-0.09375,0.84375
00.281,-0.53125,-0.09375,0.84375
00.312,-0.484375,-0.09375,0.890625
00.343,-0.453125,-0.09375,0.890625
00.375,-0.484375,-0.09375,0.890625
00.406,-0.453125,-0.078125,0.875
00.437,-0.5,-0.078125,0.875
00.468,-0.625,-0.09375,0.84375
00.500,-0.59375,-0.0625,0.859375
00.531,-0.59375,-0.078125,0.859375
00.562,-0.453125,-0.109375,0.859375
00.593,-0.390625,-0.09375,0.828125
00.625,-0.078125,-0.078125,0.9375
00.656,0.015625,-0.125,0.96875
00.687,0.125,-0.078125,0.984375
00.718,0.25,-0.078125,1.0625
00.750,0.234375,-0.078125,1.03125
00.781,0.15625,-0.125,0.96875
00.812,0.140625,-0.125,0.96875
00.843,0.15625,-0.109375,1.0
00.875,0.125,-0.078125,1.0
00.906,0.09375,-0.078125,0.984375
00.937,0.125,-0.09375,1.015625
00.968,0.171875,-0.09375,1.015625
01.000,0.15625,-0.09375,0.984375
01.031,0.125,-0.109375,1.015625
01.062,0.09375,-0.125,1.0
01.093,-0.046875,-0.109375,1.015625
01.125,-0.109375,-0.046875,1.03125
01.156,-0.09375,-0.0625,1.03125
01.187,-0.125,-0.03125,0.953125
01.218,-0.140625,-0.171875,1.0
01.250,-0.390625,-0.21875,0.921875
01.281,-0.390625,-0.265625,0.875
01.312,-0.5625,-0.375,0.828125
01.343,-0.125,-0.3125,0.90625
01.375,-0.125,-0.234375,0.8125
01.406,-0.484375,-0.21875,0.671875
01.437,-0.359375,-0.140625,0.8125
01.468,-0.578125,-0.125,0.796875
01.500,-0.59375,-0.1875,0.6875
01.531,-0.46875,-0.21875,0.6875
01.562,-0.53125,-0.28125,0.71875
01.593,-0.625,-0.265625,0.671875
01.625,-0.84375,-0.296875,0.625
01.656,-0.984375,-0.1875,0.71875
01.687,-0.984375,-0.125,0.78125
01.718,-0.9375,-0.078125,0.765625
01.750,-0.84375,-0.078125,0.765625
01.781,-0.734375,-0.125,0.765625
01.812,-0.734375,-0.171875,0.765625
01.843,-0.8125,-0.25,0.78125
01.875,-0.890625,-0.328125,0.6875
01.906,-0.90625,-0.359375,0.671875
01.937,-0.828125,-0.359375,0.640625
01.968,-0.796875,-0.328125,0.609375
02.000,-0.765625,-0.28125,0.5625
02.031,-0.578125,-0.125,0.484375
02.062,-0.40625,-0.140625,0.578125
02.093,-0.25,-0.046875,0.78125
02.125,-0.234375,-0.03125,0.828125
02.156,-0.265625,0.046875,0.890625
02.187,-0.140625,0.09375,1.0
02.218,-0.0625,0.109375,1.09375
02.250,0.015625,0.109375,1.09375
02.281,-0.03125,0.09375,1.03125
02.312,-0.078125,0.046875,0.9375
02.343,-0.125,0.03125,0.90625
02.375,-0.15625,0.015625,0.921875
02.406,-0.234375,0.0,1.0
02.437,-0.265625,-0.015625,1.0
02.468,-0.3125,-0.03125,0.96875
02.500,-0.125,-0.015625,1.03125
02.531,-0.046875,-0.03125,1.078125
02.562,-0.15625,0.0,0.890625
02.593,-0.078125,-0.03125,0.90625
02.625,-0.03125,0.03125,1.015625
02.656,-0.015625,0.046875,0.984375
02.687,-0.046875,0.046875,1.0
02.718,-0.140625,0.015625,0.984375
02.750,-0.203125,0.0,0.96875
02.781,-0.328125,-0.046875,0.921875
02.812,-0.484375,-0.125,0.890625
02.843,-0.546875,-0.140625,0.859375
02.875,-0.578125,-0.171875,0.84375
02.906,-0.53125,-0.171875,0.875
02.937,-0.40625,-0.140625,0.9375
02.968,-0.546875,-0.234375,0.875
03.000,-0.796875,-0.0625,0.71875
03.031,-0.84375,-0.171875,0.53125
03.062,-0.84375,-0.15625,0.484375
03.093,-0.75,-0.234375,0.5
03.125,-0.828125,-0.234375,0.5
03.156,-0.828125,-0.203125,0.515625
03.187,-0.90625,-0.203125,0.5625
03.218,-0.9375,-0.203125,0.5625
03.250,-0.953125,-0.203125,0.53125
03.281,-0.875,-0.203125,0.484375
03.312,-0.828125,-0.203125,0.4375
03.343,-0.84375,-0.203125,0.375
03.375,-0.859375,-0.1875,0.359375
03.406,-0.9375,-0.1875,0.34375
03.437,-1.015625,-0.203125,0.28125
03.468,-1.0625,-0.21875,0.25
03.500,-1.125,-0.234375,0.21875
03.531,-1.125,-0.21875,0.203125
03.562,-1.0,-0.234375,0.203125
03.593,-0.984375,-0.25,0.1875
03.625,-1.0,-0.265625,0.171875
03.656,-0.96875,-0.296875,0.171875
03.687,-0.96875,-0.3125,0.15625
03.718,-0.984375,-0.328125,0.15625
03.750,-0.96875,-0.328125,0.140625
03.781,-0.953125,-0.328125,0.15625
03.812,-0.921875,-0.3125,0.265625
03.843,-0.875,-0.3125,0.34375
03.875,-0.84375,-0.265625,0.421875
03.906,-0.84375,-0.3125,0.40625
03.937,-0.859375,-0.3125,0.390625
03.968,-0.90625,-0.328125,0.359375
04.000,-0.921875,-0.3125,0.34375
04.031,-0.90625,-0.3125,0.359375
04.062,-0.890625,-0.3125,0.359375
04.093,-0.859375,-0.3125,0.359375
04.125,-0.8125,-0.3125,0.375
04.156,-0.828125,-0.328125,0.375
04.187,-0.921875,-0.328125,0.3125
04.218,-0.84375,-0.3125,0.3125
04.250,-0.890625,-0.296875,0.28125
04.281,-0.9375,-0.296875,0.28125
04.312,-0.953125,-0.28125,0.296875
04.343,-0.953125,-0.28125,0.328125
04.375,-1.0,-0.28125,0.28125
04.406,-0.984375,-0.28125,0.28125
04.437,-0.96875,-0.296875,0.21875
04.468,-0.953125,-0.296875,0.1875
04.500,-0.984375,-0.3125,0.140625
04.531,-1.015625,-0.3125,0.078125
04.562,-1.0,-0.3125,0.078125
04.593,-0.953125,-0.3125,0.140625
04.625,-0.953125,-0.296875,0.171875
04.656,-0.953125,-0.296875,0.1875
04.687,-0.96875,-0.28125,0.21875
04.718,-0.953125,-0.296875,0.21875
04.750,-0.96875,-0.28125,0.25
04.781,-0.953125,-0.28125,0.25
04.812,-0.921875,-0.28125,0.265625
04.843,-0.90625,-0.28125,0.3125
04.875,-0.90625,-0.28125,0.296875
04.906,-0.984375,-0.296875,0.234375
04.937,-0.984375,-0.28125,0.1875
04.968,-1.0,-0.296875,0.21875
05.000,-0.96875,-0.28125,0.265625
05.031,-0.953125,-0.28125,0.296875
05.062,-0.90625,-0.28125,0.34375
05.093,-0.90625,-0.265625,0.328125
05.125,-0.890625,-0.265625,0.359375
05.156,-0.890625,-0.265625,0.34375
05.187,-0.9375,-0.28125,0.328125
05.218,-0.953125,-0.296875,0.3125
05.250,-0.9375,-0.296875,0.328125
05.281,-0.90625,-0.28125,0.34375
05.312,-0.921875,-0.265625,0.359375
05.343,-0.90625,-0.28125,0.375
05.375,-0.875,-0.28125,0.390625
05.406,-0.859375,-0.25,0.421875
05.437,-0.90625,-0.265625,0.421875
05.468,-0.890625,-0.265625,0.40625
05.500,-0.875,-0.265625,0.390625
05.531,-0.890625,-0.265625,0.40625
05.562,-0.90625,-0.265625,0.390625
05.593,-0.953125,-0.265625,0.390625
05.625,-0.890625,-0.25,0.453125
05.656,-0.796875,-0.234375,0.515625
05.687,-0.890625,-0.234375,0.453125
05.718,-0.90625,-0.25,0.453125
05.750,-0.90625,-0.265625,0.453125
05.781,-0.921875,-0.25,0.421875
05.812,-0.890625,-0.265625,0.421875
05.843,-0.921875,-0.25,0.375
05.875,-0.9375,-0.25,0.390625
05.906,-0.890625,-0.265625,0.421875
05.937,-0.875,-0.25,0.421875
05.968,-0.875,-0.28125,0.421875
06.000,-0.84375,-0.25,0.4375
06.031,-0.859375,-0.25,0.4375
06.062,-0.84375,-0.25,0.4375
06.093,-0.84375,-0.234375,0.453125
06.125,-0.890625,-0.234375,0.46875
06.156,-0.9375,-0.234375,0.4375
06.187,-0.953125,-0.234375,0.4375
06.218,-0.90625,-0.25,0.453125
06.250,-0.90625,-0.25,0.40625
06.281,-0.953125,-0.28125,0.359375
06.312,-0.953125,-0.3125,0.3125
06.343,-0.9375,-0.328125,0.296875
06.375,-0.921875,-0.3125,0.34375
06.406,-0.890625,-0.296875,0.375
06.437,-0.84375,-0.265625,0.4375
06.468,-0.875,-0.25,0.4375
06.500,-0.859375,-0.25,0.4375
06.531,-0.859375,-0.296875,0.453125
06.562,-0.890625,-0.3125,0.4375
06.593,-0.859375,-0.3125,0.390625
06.625,-0.859375,-0.3125,0.40625
06.656,-0.890625,-0.3125,0.40625
06.687,-0.890625,-0.328125,0.40625
06.718,-0.890625,-0.328125,0.421875
06.750,-0.890625,-0.328125,0.421875
06.781,-0.890625,-0.3125,0.40625
06.812,-0.890625,-0.328125,0.40625
06.843,-0.890625,-0.328125,0.390625
06.875,-0.875,-0.328125,0.390625
06.906,-0.859375,-0.328125,0.390625
06.937,-0.953125,-0.34375,0.359375
06.968,-0.90625,-0.328125,0.359375
07.000,-0.796875,-0.3125,0.46875
07.031,-0.828125,-0.3125,0.5
07.062,-0.890625,-0.328125,0.484375
07.093,-0.84375,-0.34375,0.453125
07.125,-0.84375,-0.34375,0.421875
07.156,-0.828125,-0.34375,0.453125
07.187,-0.8125,-0.3125,0.5
07.218,-0.859375,-0.328125,0.4375
07.250,-0.8125,-0.359375,0.453125
07.281,-0.765625,-0.359375,0.46875
07.312,-0.875,-0.390625,0.4375
07.343,-0.890625,-0.359375,0.484375
07.375,-0.875,-0.359375,0.484375
07.406,-0.921875,-0.390625,0.46875
07.437,-0.875,-0.359375,0.5
07.468,-0.8125,-0.34375,0.53125
07.500,-0.828125,-0.359375,0.484375
07.531,-0.8125,-0.390625,0.53125
07.562,-0.71875,-0.390625,0.703125
07.593,-0.921875,-0.390625,0.609375
07.625,-0.828125,-0.40625,0.671875
07.656,-0.796875,-0.40625,0.671875
07.687,-0.734375,-0.4375,0.59375
07.718,-0.6875,-0.421875,0.5625
07.750,-0.6875,-0.40625,0.53125
07.781,-0.578125,-0.34375,0.59375
07.812,-0.203125,-0.328125,0.671875
07.843,-0.125,-0.265625,0.8125
07.875,-0.296875,-0.359375,0.75
07.906,-0.296875,-0.375,0.8125
07.937,-0.125,-0.375,0.859375
07.968,0.125,-0.34375,1.0
08.000,0.046875,-0.421875,0.875
08.031,0.046875,-0.46875,0.8125
08.062,0.109375,-0.46875,0.8125
08.093,0.171875,-0.4375,0.84375
08.125,0.1875,-0.421875,0.90625
08.156,0.1875,-0.40625,0.90625
08.187,0.203125,-0.390625,0.90625
08.218,0.09375,-0.390625,0.84375
08.250,0.140625,-0.40625,0.8125
08.281,0.203125,-0.390625,0.828125
08.312,0.421875,-0.375,0.90625
08.343,0.421875,-0.390625,0.828125
08.375,0.390625,-0.421875,0.796875
08.406,0.484375,-0.421875,0.8125
08.437,0.453125,-0.421875,0.8125
08.468,0.4375,-0.421875,0.71875
08.500,0.46875,-0.421875,0.71875
08.531,0.515625,-0.421875,0.75
08.562,0.53125,-0.4375,0.75
08.593,0.5625,-0.453125,0.75
08.625,0.53125,-0.453125,0.6875
08.656,0.53125,-0.4375,0.671875
08.687,0.515625,-0.421875,0.734375
08.718,0.46875,-0.421875,0.734375
08.750,0.453125,-0.4375,0.734375
08.781,0.453125,-0.453125,0.71875
08.812,0.46875,-0.453125,0.734375
08.843,0.453125,-0.453125,0.71875
08.875,0.484375,-0.453125,0.71875
08.906,0.484375,-0.453125,0.71875
08.937,0.515625,-0.4375,0.75
08.968,0.5,-0.453125,0.734375
09.000,0.5,-0.453125,0.734375
09.031,0.484375,-0.453125,0.75
09.062,0.421875,-0.453125,0.734375
09.093,0.515625,-0.421875,0.78125
09.125,0.5625,-0.40625,0.796875
09.156,0.484375,-0.421875,0.78125
09.187,0.328125,-0.421875,0.71875
09.218,0.328125,-0.4375,0.671875
09.250,0.65625,-0.390625,0.921875
09.281,0.359375,-0.40625,0.796875
09.312,0.28125,-0.453125,0.765625
09.343,0.34375,-0.421875,0.84375
09.375,0.28125,-0.4375,0.84375
09.406,0.125,-0.421875,0.84375
09.437,0.015625,-0.4375,0.875
09.468,0.015625,-0.421875,0.875
09.500,-0.015625,-0.453125,0.90625
09.531,0.078125,-0.484375,0.875
09.562,0.1875,-0.5,0.734375
09.593,0.265625,-0.484375,0.71875
09.625,0.671875,-0.46875,0.703125
09.656,0.734375,-0.4375,0.65625
09.687,0.71875,-0.4375,0.65625
09.718,0.578125,-0.421875,0.671875
09.750,0.53125,-0.421875,0.71875
09.781,0.421875,-0.453125,0.765625
09.812,0.265625,-0.484375,0.734375
09.843,0.328125,-0.5,0.734375
09.875,0.515625,-0.53125,0.671875
09.906,0.53125,-0.53125,0.640625
09.937,0.578125,-0.5,0.515625
09.968,0.765625,-0.421875,0.53125
10.000,0.703125,-0.40625,0.53125
10.031,0.65625,-0.390625,0.5625
10.062,0.671875,-0.390625,0.578125
10.093,0.796875,-0.40625,0.5625
10.125,0.796875,-0.4375,0.53125
10.156,0.796875,-0.4375,0.53125
10.187,0.71875,-0.453125,0.53125
10.218,0.703125,-0.4375,0.546875
10.250,0.703125,-0.46875,0.546875
10.281,0.703125,-0.46875,0.546875
10.312,0.703125,-0.46875,0.546875
10.343,0.6875,-0.46875,0.515625
10.375,0.65625,-0.46875,0.515625
10.406,0.640625,-0.484375,0.546875
10.437,0.625,-0.484375,0.546875
10.468,0.625,-0.484375,0.546875
10.500,0.625,-0.484375,0.53125
10.531,0.609375,-0.484375,0.546875
10.562,0.578125,-0.5,0.546875
10.593,0.59375,-0.5,0.5625
10.625,0.609375,-0.515625,0.59375
10.656,0.59375,-0.515625,0.59375
10.687,0.625,-0.5,0.578125
10.718,0.609375,-0.515625,0.546875
10.750,0.625,-0.515625,0.546875
10.781,0.609375,-0.515625,0.546875
10.812,0.59375,-0.5,0.53125
10.843,0.59375,-0.5,0.546875
10.875,0.625,-0.5,0.546875
10.906,0.625,-0.5,0.546875
10.937,0.640625,-0.5,0.578125
10.968,0.625,-0.5,0.578125
11.000,0.609375,-0.5,0.5625
11.031,0.625,-0.5,0.59375
11.062,0.625,-0.515625,0.59375
11.093,0.609375,-0.5,0.625
11.125,0.5625,-0.515625,0.59375
11.156,0.5625,-0.515625,0.59375
11.187,0.5625,-0.53125,0.625
11.218,0.53125,-0.53125,0.640625
11.250,0.578125,-0.53125,0.625
11.281,0.484375,-0.53125,0.609375
11.312,0.484375,-0.53125,0.625
11.343,0.515625,-0.546875,0.6875
11.375,0.515625,-0.53125,0.671875
11.406,0.453125,-0.546875,0.640625
11.437,0.421875,-0.546875,0.671875
11.468,0.4375,-0.546875,0.6875
11.500,0.421875,-0.546875,0.671875
11.531,0.375,-0.53125,0.671875
11.562,0.390625,-0.515625,0.71875
11.593,0.390625,-0.53125,0.734375
11.625,0.375,-0.53125,0.734375
11.656,0.359375,-0.515625,0.734375
11.687,0.34375,-0.53125,0.734375
11.718,0.4375,-0.515625,0.734375
11.750,0.421875,-0.53125,0.71875
11.781,0.4375,-0.53125,0.703125
11.812,0.421875,-0.546875,0.6875
11.843,0.453125,-0.53125,0.703125
11.875,0.484375,-0.53125,0.703125
11.906,0.515625,-0.53125,0.6875
11.937,0.453125,-0.546875,0.671875
11.968,0.53125,-0.546875,0.640625
12.000,0.40625,-0.5625,0.625
12.031,0.421875,-0.578125,0.625
12.062,0.515625,-0.578125,0.578125
12.093,0.5,-0.5625,0.546875
12.125,0.484375,-0.5625,0.578125
12.156,0.546875,-0.578125,0.578125
12.187,0.53125,-0.578125,0.5625
12.218,0.578125,-0.578125,0.578125
12.250,0.5625,-0.578125,0.546875
12.281,0.609375,-0.59375,0.546875
12.312,0.640625,-0.578125,0.5625
12.343,0.546875,-0.578125,0.578125
12.375,0.546875,-0.59375,0.546875
12.406,0.53125,-0.59375,0.59375
12.437,0.53125,-0.59375,0.578125
12.468,0.515625,-0.59375,0.578125
12.500,0.515625,-0.5625,0.625
12.531,0.484375,-0.578125,0.625
12.562,0.5,-0.59375,0.609375
12.593,0.515625,-0.609375,0.625
12.625,0.515625,-0.609375,0.625
12.656,0.484375,-0.59375,0.59375
12.687,0.46875,-0.59375,0.59375
12.718,0.4375,-0.59375,0.578125
12.750,0.46875,-0.59375,0.625
12.781,0.484375,-0.59375,0.640625
12.812,0.46875,-0.59375,0.625
12.843,0.46875,-0.59375,0.625
12.875,0.46875,-0.59375,0.625
12.906,0.484375,-0.609375,0.625
12.937,0.484375,-0.59375,0.609375
12.968,0.46875,-0.609375,0.59375
13.000,0.46875,-0.609375,0.625
13.031,0.46875,-0.609375,0.640625
13.062,0.453125,-0.59375,0.65625
13.093,0.4375,-0.59375,0.625
13.125,0.4375,-0.609375,0.640625
13.156,0.4375,-0.609375,0.65625
13.187,0.421875,-0.609375,0.625
13.218,0.421875,-0.59375,0.640625
13.250,0.4375,-0.578125,0.640625
13.281,0.40625,-0.59375,0.65625
13.312,0.40625,-0.59375,0.671875
13.343,0.421875,-0.59375,0.671875
13.375,0.390625,-0.59375,0.65625
13.406,0.390625,-0.59375,0.671875
13.437,0.390625,-0.59375,0.671875
13.468,0.390625,-0.609375,0.671875
13.500,0.390625,-0.59375,0.65625
13.531,0.40625,-0.59375,0.671875
13.562,0.390625,-0.609375,0.671875
13.593,0.390625,-0.59375,0.671875
13.625,0.375,-0.59375,0.671875
13.656,0.375,-0.59375,0.671875
13.687,0.375,-0.59375,0.671875
13.718,0.390625,-0.59375,0.671875
13.750,0.390625,-0.59375,0.703125
13.781,0.390625,-0.59375,0.703125
13.812,0.375,-0.59375,0.71875
13.843,0.375,-0.59375,0.75
13.875,0.375,-0.59375,0.765625
13.906,0.34375,-0.578125,0.765625
13.937,0.328125,-0.578125,0.78125
13.968,0.28125,-0.59375,0.78125
14.000,0.203125,-0.578125,0.734375
14.031,0.1875,-0.640625,0.75
14.062,0.203125,-0.625,0.6875
14.093,0.25,-0.625,0.703125
14.125,0.25,-0.640625,0.765625
14.156,0.34375,-0.640625,0.796875
14.187,0.359375,-0.640625,0.796875
14.218,0.34375,-0.671875,0.6875
14.250,0.328125,-0.703125,0.609375
14.281,0.296875,-0.734375,0.546875
14.312,0.171875,-0.734375,0.515625
14.343,0.125,-0.75,0.515625
14.375,0.046875,-0.765625,0.53125
14.406,0.0,-0.75,0.546875
14.437,-0.09375,-0.734375,0.546875
14.468,-0.125,-0.71875,0.546875
14.500,-0.109375,-0.734375,0.578125
14.531,-0.15625,-0.796875,0.609375
14.562,-0.109375,-0.828125,0.640625
14.593,-0.078125,-0.78125,0.640625
14.625,-0.046875,-0.71875,0.671875
14.656,-0.015625,-0.703125,0.6875
14.687,0.03125,-0.71875,0.6875
14.718,0.03125,-0.734375,0.671875
14.750,0.0625,-0.765625,0.65625
14.781,0.03125,-0.734375,0.640625
14.812,0.0,-0.71875,0.640625
14.843,-0.046875,-0.6875,0.671875
14.875,-0.078125,-0.671875,0.671875
14.906,-0.140625,-0.65625,0.734375
14.937,-0.140625,-0.6875,0.75
14.968,-0.109375,-0.703125,0.734375
15.000,-0.046875,-0.703125,0.703125
15.031,-0.03125,-0.6875,0.703125
15.062,-0.03125,-0.6875,0.6875
15.093,0.0,-0.671875,0.6875
15.125,-0.015625,-0.671875,0.671875
15.156,-0.09375,-0.625,0.703125
15.187,-0.125,-0.609375,0.734375
15.218,-0.15625,-0.59375,0.75
15.250,-0.140625,-0.59375,0.78125
15.281,-0.140625,-0.59375,0.796875
15.312,-0.125,-0.59375,0.734375
15.343,-0.09375,-0.578125,0.765625
15.375,-0.109375,-0.5625,0.796875
15.406,-0.078125,-0.53125,0.8125
15.437,-0.046875,-0.5,0.859375
15.468,-0.15625,-0.5,0.828125
15.500,-0.171875,-0.5,0.84375
15.531,-0.296875,-0.453125,0.921875
15.562,-0.234375,-0.484375,0.9375
15.593,-0.171875,-0.484375,0.921875
15.625,-0.109375,-0.484375,0.90625
15.656,-0.078125,-0.484375,0.875
15.687,-0.09375,-0.5,0.859375
15.718,-0.15625,-0.484375,0.875
15.750,-0.21875,-0.484375,0.859375
15.781,-0.40625,-0.484375,0.796875
15.812,-0.375,-0.46875,0.8125
15.843,-0.296875,-0.484375,0.84375
15.875,-0.3125,-0.46875,0.796875
15.906,-0.265625,-0.453125,0.8125
15.937,-0.296875,-0.46875,0.78125
15.968,-0.328125,-0.484375,0.796875
16.000,-0.34375,-0.484375,0.796875
16.031,-0.3125,-0.453125,0.796875
16.062,-0.25,-0.4375,0.859375
16.093,-0.21875,-0.421875,0.96875
16.125,-0.25,-0.4375,0.921875
16.156,-0.25,-0.4375,0.90625
16.187,-0.296875,-0.5,0.84375
16.218,-0.296875,-0.484375,0.8125
16.250,-0.3125,-0.46875,0.796875
16.281,-0.3125,-0.484375,0.796875
16.312,-0.3125,-0.484375,0.8125
16.343,-0.296875,-0.46875,0.8125
16.375,-0.296875,-0.46875,0.828125
16.406,-0.296875,-0.46875,0.828125
16.437,-0.296875,-0.484375,0.828125
16.468,-0.3125,-0.484375,0.8125
16.500,-0.296875,-0.46875,0.8125
16.531,-0.296875,-0.484375,0.828125
16.562,-0.3125,-0.484375,0.8125
16.593,-0.296875,-0.484375,0.8125
16.625,-0.296875,-0.484375,0.828125
16.656,-0.3125,-0.484375,0.828125
16.687,-0.3125,-0.46875,0.828125
16.718,-0.3125,-0.46875,0.828125
16.750,-0.3125,-0.46875,0.828125
16.781,-0.3125,-0.46875,0.828125
16.812,-0.3125,-0.46875,0.8125
16.843,-0.3125,-0.484375,0.8125
16.875,-0.328125,-0.5,0.796875
16.906,-0.296875,-0.5,0.8125
16.937,-0.3125,-0.484375,0.8125
16.968,-0.359375,-0.5,0.796875
17.000,-0.421875,-0.5,0.765625
17.031,-0.390625,-0.5,0.765625
17.062,-0.359375,-0.484375,0.796875
17.093,-0.34375,-0.5,0.8125
17.125,-0.34375,-0.515625,0.8125
17.156,-0.40625,-0.515625,0.78125
17.187,-0.53125,-0.546875,0.703125
17.218,-0.46875,-0.515625,0.71875
17.250,-0.359375,-0.546875,0.78125
17.281,-0.390625,-0.5625,0.734375
17.312,-0.421875,-0.59375,0.6875
17.343,-0.4375,-0.578125,0.625
17.375,-0.40625,-0.578125,0.65625
17.406,-0.40625,-0.59375,0.65625
17.437,-0.359375,-0.5625,0.671875
17.468,-0.40625,-0.59375,0.703125
17.500,-0.390625,-0.59375,0.703125
17.531,-0.3125,-0.546875,0.796875
17.562,-0.28125,-0.578125,0.8125
17.593,-0.328125,-0.578125,0.796875
17.625,-0.390625,-0.578125,0.78125
17.656,-0.40625,-0.578125,0.703125
17.687,-0.40625,-0.59375,0.6875
17.718,-0.359375,-0.609375,0.71875
17.750,-0.34375,-0.609375,0.71875
17.781,-0.34375,-0.609375,0.71875
17.812,-0.3125,-0.625,0.71875
17.843,-0.3125,-0.609375,0.71875
17.875,-0.34375,-0.609375,0.6875
17.906,-0.359375,-0.625,0.671875
17.937,-0.359375,-0.609375,0.6875
17.968,-0.34375,-0.609375,0.71875
18.000,-0.328125,-0.609375,0.703125
18.031,-0.359375,-0.625,0.703125
18.062,-0.375,-0.609375,0.703125
18.093,-0.34375,-0.609375,0.703125
18.125,-0.328125,-0.609375,0.703125
18.156,-0.328125,-0.609375,0.71875
18.187,-0.375,-0.625,0.703125
18.218,-0.359375,-0.625,0.703125
18.250,-0.34375,-0.609375,0.703125
18.281,-0.34375,-0.625,0.671875
18.312,-0.328125,-0.625,0.65625
18.343,-0.4375,-0.59375,0.65625
18.375,-0.484375,-0.609375,0.65625
18.406,-0.5,-0.625,0.65625
18.437,-0.5,-0.53125,0.6875
18.468,-0.515625,-0.5625,0.703125
18.500,-0.546875,-0.578125,0.6875
18.531,-0.484375,-0.59375,0.6875
18.562,-0.484375,-0.578125,0.65625
18.593,-0.46875,-0.59375,0.640625
18.625,-0.4375,-0.59375,0.65625
18.656,-0.4375,-0.59375,0.65625
18.687,-0.4375,-0.59375,0.65625
18.718,-0.46875,-0.59375,0.625
18.750,-0.46875,-0.578125,0.65625
18.781,-0.46875,-0.5625,0.65625
18.812,-0.546875,-0.5625,0.671875
18.843,-0.6875,-0.578125,0.671875
18.875,-0.734375,-0.609375,0.65625
18.906,-0.625,-0.59375,0.8125
18.937,-0.546875,-0.609375,0.859375
18.968,-0.703125,-0.609375,0.765625
19.000,-0.578125,-0.671875,0.84375
19.031,-0.296875,-0.734375,0.84375
19.062,-0.1875,-0.734375,0.71875
19.093,-0.0625,-0.734375,0.796875
19.125,-0.046875,-0.765625,0.6875
19.156,-0.0625,-0.75,0.578125
19.187,-0.0625,-0.734375,0.453125
19.218,-0.125,-0.71875,0.3125
19.250,-0.140625,-0.734375,0.21875
19.281,-0.140625,-0.734375,0.125
19.312,-0.09375,-0.71875,0.046875
19.343,-0.265625,-0.734375,-0.15625
19.375,-0.140625,-0.765625,-0.046875
19.406,-0.0625,-0.6875,0.09375
19.437,-0.265625,-0.390625,0.109375
19.468,-0.5625,-0.25,-0.015625
19.500,-0.78125,0.046875,0.0
19.531,-0.890625,0.3125,0.140625
19.562,-1.078125,0.40625,0.015625
19.593,-1.234375,0.453125,0.109375
19.625,-1.234375,0.40625,0.140625
19.656,-1.109375,0.25,0.046875
19.687,-1.609375,0.359375,0.03125
19.718,-1.953125,0.15625,0.296875
19.750,-1.703125,-0.046875,0.15625
19.781,-1.140625,-0.015625,0.375
19.812,-1.03125,-0.015625,0.375
19.843,-0.984375,0.015625,0.390625
19.875,-0.796875,0.0625,0.46875
19.906,-0.828125,0.09375,0.328125
19.937,-0.859375,0.09375,0.3125
19.968,-0.71875,0.046875,0.453125
20.000,-1.015625,0.078125,0.53125
20.031,-0.71875,0.046875,0.6875
20.062,-0.640625,0.078125,0.8125
20.093,-0.609375,0.09375,0.921875
20.125,-0.5625,0.09375,0.875
20.156,-0.5625,0.109375,0.921875
20.187,-0.609375,0.125,0.9375
20.218,-0.65625,0.140625,0.890625
20.250,-0.734375,0.15625,0.859375
20.281,-0.703125,0.09375,0.953125
20.312,-0.765625,0.046875,0.984375
20.343,-0.78125,0.0,0.953125
20.375,-0.921875,-0.03125,0.71875
20.406,-0.875,-0.015625,0.796875
20.437,-0.734375,-0.0625,0.875
20.468,-0.75,-0.109375,0.828125
20.500,-0.640625,-0.234375,0.71875
20.531,-0.53125,-0.390625,0.65625
20.562,-0.46875,-0.453125,0.625
20.593,-0.453125,-0.5625,0.46875
20.625,-0.40625,-0.546875,0.5
20.656,-0.625,-0.609375,0.421875
20.687,-0.484375,-0.6875,0.53125
20.718,-0.46875,-0.703125,0.5625
20.750,-0.234375,-0.734375,0.578125
20.781,-0.15625,-0.71875,0.59375
20.812,0.078125,-0.671875,0.625
20.843,0.296875,-0.53125,0.75
20.875,0.359375,-0.4375,0.8125
20.906,0.203125,-0.265625,0.9375
20.937,0.28125,-0.125,1.125
20.968,0.4375,-0.140625,0.859375
21.000,-0.5625,0.09375,0.78125
21.031,-0.28125,0.125,0.96875
21.062,0.046875,0.046875,0.953125
21.093,-0.015625,0.078125,0.90625
21.125,0.078125,0.125,0.875
21.156,0.0625,0.25,0.921875
21.187,0.109375,0.25,0.9375
21.218,0.15625,0.296875,0.96875
21.250,0.140625,0.296875,0.984375
21.281,0.140625,0.28125,0.96875
21.312,0.0625,0.171875,0.96875
21.343,0.0,0.203125,0.984375
21.375,-0.234375,0.296875,0.96875
21.406,-0.25,0.328125,0.984375
21.437,-0.140625,0.4375,0.921875
21.468,-0.046875,0.34375,0.90625
21.500,-0.03125,0.234375,0.875
21.531,0.15625,0.328125,0.875
21.562,0.171875,0.328125,0.890625
21.593,0.171875,0.359375,0.96875
21.625,0.140625,0.4375,0.9375
21.656,0.046875,0.421875,0.90625
21.687,0.03125,0.390625,0.890625
21.718,0.015625,0.375,0.875
21.750,-0.015625,0.453125,0.96875
21.781,-0.015625,0.453125,0.96875
21.812,0.0,0.421875,0.921875
21.843,-0.03125,0.40625,0.875
21.875,-0.0625,0.390625,0.859375
21.906,0.09375,0.421875,0.875
21.937,0.109375,0.453125,0.828125
21.968,0.015625,0.46875,0.796875
22.000,0.328125,0.609375,1.109375
22.031,0.25,0.484375,1.078125
22.062,0.1875,0.53125,1.046875
22.093,0.359375,0.546875,1.109375
22.125,0.28125,0.453125,0.984375
22.156,-0.171875,0.359375,0.75
22.187,-0.109375,0.390625,0.78125
22.218,-0.078125,0.3125,0.828125
22.250,-0.21875,0.3125,0.90625
22.281,0.03125,0.34375,0.890625
22.312,-0.0625,0.359375,1.046875
22.343,0.03125,0.40625,1.125
22.375,-0.171875,0.421875,1.09375
22.406,-0.234375,0.40625,1.015625
22.437,-0.34375,0.46875,1.046875
22.468,-0.40625,0.390625,0.96875
22.500,-0.46875,0.375,0.953125
22.531,-0.484375,0.390625,0.828125
22.562,-0.59375,0.359375,0.765625
22.593,-0.5625,0.21875,0.609375
22.625,-0.71875,0.09375,0.46875
22.656,-0.8125,-0.078125,0.375
22.687,-0.703125,-0.109375,0.46875
22.718,-0.671875,-0.203125,0.515625
22.750,-0.875,-0.28125,0.5
22.781,-0.75,-0.359375,0.453125
22.812,-0.78125,-0.3125,0.46875
22.843,-0.84375,-0.359375,0.390625
22.875,-0.9375,-0.375,0.359375
22.906,-0.890625,-0.421875,0.34375
22.937,-0.953125,-0.5,0.3125
22.968,-0.8125,-0.453125,0.3125
23.000,-0.796875,-0.375,0.296875
23.031,-0.828125,-0.359375,0.25
23.062,-0.859375,-0.28125,0.234375
23.093,-0.84375,-0.3125,0.203125
23.125,-0.859375,-0.328125,0.171875
23.156,-0.875,-0.25,0.15625
23.187,-0.84375,-0.3125,0.171875
23.218,-0.890625,-0.34375,0.171875
23.250,-0.984375,-0.40625,0.125
23.281,-0.953125,-0.421875,0.203125
23.312,-0.90625,-0.4375,0.203125
23.343,-0.921875,-0.4375,0.21875
23.375,-1.0,-0.390625,0.234375
23.406,-0.9375,-0.375,0.21875
23.437,-0.921875,-0.375,0.28125
23.468,-0.828125,-0.390625,0.359375
23.500,-0.78125,-0.421875,0.40625
23.531,-0.78125,-0.5,0.515625
23.562,-0.703125,-0.578125,0.546875
23.593,-0.6875,-0.75,0.59375
23.625,-0.609375,-0.921875,0.546875
23.656,-0.546875,-0.984375,0.515625
23.687,-0.46875,-0.984375,0.5625
23.718,-0.4375,-0.890625,0.4375
23.750,-0.4375,-0.84375,0.40625
23.781,-0.453125,-0.6875,0.390625
23.812,-0.53125,-0.59375,0.328125
23.843,-0.625,-0.515625,0.390625
23.875,-0.65625,-0.515625,0.34375
23.906,-0.640625,-0.546875,0.359375
23.937,-0.578125,-0.609375,0.359375
23.968,-0.578125,-0.640625,0.34375
24.000,-0.59375,-0.671875,0.375
24.031,-0.59375,-0.625,0.40625
24.062,-0.609375,-0.609375,0.421875
24.093,-0.671875,-0.546875,0.4375
24.125,-0.71875,-0.5,0.4375
24.156,-0.71875,-0.453125,0.5
24.187,-0.765625,-0.421875,0.546875
24.218,-0.796875,-0.40625,0.53125
24.250,-0.796875,-0.421875,0.546875
24.281,-0.75,-0.421875,0.609375
24.312,-0.8125,-0.421875,0.625
24.343,-0.859375,-0.46875,0.578125
24.375,-0.890625,-0.46875,0.53125
24.406,-1.125,-0.40625,0.390625
24.437,-1.140625,-0.375,0.46875
24.468,-1.015625,-0.390625,0.4375
24.500,-0.984375,-0.40625,0.5
24.531,-0.90625,-0.4375,0.53125
24.562,-0.875,-0.46875,0.46875
24.593,-0.875,-0.5,0.421875
24.625,-0.859375,-0.53125,0.34375
24.656,-0.890625,-0.546875,0.296875
24.687,-0.828125,-0.53125,0.328125
24.718,-0.75,-0.5625,0.234375
24.750,-0.703125,-0.59375,0.15625
24.781,-0.609375,-0.65625,0.125
24.812,-0.6875,-0.671875,0.140625
24.843,-0.640625,-0.671875,0.125
24.875,-0.53125,-0.734375,0.015625
24.906,-0.5625,-0.75,-0.015625
24.937,-0.609375,-0.765625,0.0
24.968,-0.5625,-0.765625,0.0
25.000,-0.609375,-0.78125,0.015625
25.031,-0.53125,-0.8125,0.0625
25.062,-0.46875,-0.828125,0.109375
25.093,-0.46875,-0.78125,0.09375
25.125,-0.515625,-0.765625,0.09375
25.156,-0.640625,-0.78125,0.046875
25.187,-0.609375,-0.828125,-0.03125
25.218,-0.5625,-0.84375,0.03125
25.250,-0.578125,-0.828125,0.109375
25.281,-0.5625,-0.828125,0.078125
25.312,-0.59375,-0.765625,0.125
25.343,-0.640625,-0.765625,0.109375
25.375,-0.671875,-0.78125,0.09375
25.406,-0.609375,-0.78125,0.140625
25.437,-0.59375,-0.796875,0.125
25.468,-0.65625,-0.796875,0.109375
25.500,-0.640625,-0.78125,0.109375
25.531,-0.640625,-0.796875,0.125
25.562,-0.609375,-0.78125,0.125
25.593,-0.59375,-0.796875,0.140625
25.625,-0.609375,-0.765625,0.125
25.656,-0.609375,-0.796875,0.109375
25.687,-0.609375,-0.796875,0.09375
25.718,-0.59375,-0.765625,0.171875
25.750,-0.625,-0.796875,0.140625
25.781,-0.59375,-0.765625,0.15625
25.812,-0.609375,-0.765625,0.171875
25.843,-0.625,-0.765625,0.15625
25.875,-0.609375,-0.765625,0.125
25.906,-0.625,-0.765625,0.140625
25.937,-0.65625,-0.78125,0.109375
25.968,-0.640625,-0.78125,0.109375
26.000,-0.65625,-0.78125,0.109375
26.031,-0.640625,-0.78125,0.125
26.062,-0.625,-0.78125,0.109375
26.093,-0.640625,-0.78125,0.125
26.125,-0.625,-0.78125,0.140625
26.156,-0.625,-0.78125,0.140625
26.187,-0.625,-0.765625,0.125
26.218,-0.625,-0.78125,0.140625
26.250,-0.609375,-0.78125,0.140625
26.281,-0.609375,-0.78125,0.140625
26.312,-0.609375,-0.765625,0.140625
26.343,-0.625,-0.765625,0.140625
26.375,-0.625,-0.765625,0.140625
26.406,-0.640625,-0.765625,0.140625
26.437,-0.640625,-0.75,0.171875
26.468,-0.65625,-0.75,0.171875
26.500,-0.671875,-0.75,0.171875
26.531,-0.65625,-0.75,0.171875
26.562,-0.671875,-0.734375,0.15625
26.593,-0.65625,-0.734375,0.15625
26.625,-0.625,-0.734375,0.140625
26.656,-0.59375,-0.734375,0.125
26.687,-0.609375,-0.734375,0.109375
26.718,-0.625,-0.703125,0.046875
26.750,-0.625,-0.703125,0.046875
26.781,-0.625,-0.703125,0.046875
26.812,-0.625,-0.671875,0.078125
26.843,-0.640625,-0.640625,0.109375
26.875,-0.71875,-0.578125,0.234375
26.906,-0.796875,-0.53125,0.1875
26.937,-0.796875,-0.5,0.171875
26.968,-0.84375,-0.4375,0.3125
27.000,-0.890625,-0.4375,0.3125
27.031,-0.984375,-0.421875,0.265625
27.062,-1.40625,-0.34375,0.1875
27.093,-1.453125,-0.34375,0.234375
27.125,-0.984375,-0.375,0.359375
27.156,-0.796875,-0.390625,0.34375
27.187,-0.75,-0.40625,0.234375
27.218,-0.84375,-0.34375,0.21875
27.250,-0.921875,-0.3125,0.28125
27.281,-1.0,-0.28125,0.359375
27.312,-1.0,-0.296875,0.34375
27.343,-1.015625,-0.296875,0.28125
27.375,-0.96875,-0.28125,0.25
27.406,-0.9375,-0.296875,0.234375
27.437,-0.9375,-0.296875,0.203125
27.468,-0.9375,-0.296875,0.203125
27.500,-0.96875,-0.296875,0.21875
27.531,-0.953125,-0.296875,0.234375
27.562,-0.90625,-0.296875,0.25
27.593,-0.9375,-0.296875,0.1875
27.625,-0.96875,-0.3125,0.15625
27.656,-0.96875,-0.3125,0.109375
27.687,-1.0,-0.3125,0.0625
27.718,-1.0,-0.3125,0.046875
27.750,-0.984375,-0.328125,0.0625
27.781,-0.984375,-0.3125,0.0625
27.812,-0.984375,-0.3125,0.0625
27.843,-0.984375,-0.3125,0.046875
27.875,-0.96875,-0.3125,0.0625
27.906,-0.96875,-0.3125,0.0625
27.937,-0.96875,-0.296875,0.078125
27.968,-0.984375,-0.296875,0.078125
28.000,-0.984375,-0.296875,0.078125
28.031,-0.96875,-0.296875,0.078125
28.062,-0.96875,-0.296875,0.078125
28.093,-0.96875,-0.296875,0.078125
28.125,-0.984375,-0.296875,0.0625
28.156,-0.984375,-0.296875,0.0625
28.187,-0.96875,-0.296875,0.0625
28.218,-0.984375,-0.296875,0.0625
28.250,-0.96875,-0.296875,0.0625
28.281,-0.96875,-0.296875,0.078125
28.312,-0.96875,-0.296875,0.078125
28.343,-0.96875,-0.296875,0.078125
28.375,-0.984375,-0.296875,0.0625
28.406,-0.96875,-0.296875,0.0625
28.437,-0.984375,-0.296875,0.078125
28.468,-0.984375,-0.3125,0.0625
28.500,-0.96875,-0.296875,0.078125
28.531,-0.96875,-0.296875,0.078125
28.562,-0.96875,-0.296875,0.078125
28.593,-0.984375,-0.296875,0.0625
28.625,-0.96875,-0.296875,0.078125
28.656,-0.96875,-0.28125,0.078125
28.687,-0.984375,-0.296875,0.078125
28.718,-0.984375,-0.296875,0.0625
28.750,-0.96875,-0.28125,0.078125
28.781,-0.96875,-0.296875,0.078125
28.812,-0.96875,-0.296875,0.078125
28.843,-0.984375,-0.296875,0.078125
28.875,-0.96875,-0.296875,0.078125
28.906,-0.984375,-0.296875,0.078125
28.937,-0.984375,-0.296875,0.078125
28.968,-0.96875,-0.28125,0.078125
29.000,-0.984375,-0.296875,0.078125
29.031,-0.96875,-0.296875,0.078125
29.062,-0.984375,-0.296875,0.0625
29.093,-0.984375,-0.296875,0.078125
29.125,-0.96875,-0.28125,0.09375
29.156,-0.984375,-0.28125,0.09375
29.187,-0.96875,-0.28125,0.09375
29.218,-0.984375,-0.28125,0.09375
29.250,-0.984375,-0.28125,0.078125
29.281,-0.984375,-0.296875,0.09375
29.312,-0.984375,-0.28125,0.09375
29.343,-0.96875,-0.28125,0.09375
29.375,-0.984375,-0.28125,0.109375
29.406,-0.96875,-0.28125,0.109375
29.437,-0.96875,-0.28125,0.125
29.468,-0.984375,-0.28125,0.109375
29.500,-0.984375,-0.28125,0.109375
29.531,-1.0,-0.28125,0.09375
29.562,-1.0,-0.28125,0.09375
29.593,-0.953125,-0.28125,0.125
29.625,-0.96875,-0.265625,0.15625
29.656,-0.96875,-0.265625,0.15625
29.687,-1.0,-0.25,0.15625
29.718,-0.984375,-0.28125,0.140625
29.750,-0.96875,-0.265625,0.171875
29.781,-0.96875,-0.296875,0.171875
29.812,-1.015625,-0.25,0.15625
29.843,-0.96875,-0.28125,0.078125
29.875,-0.96875,-0.25,0.09375
29.906,-0.953125,-0.25,0.203125
29.937,-1.03125,-0.25,0.171875
29.968,-0.9375,-0.296875,0.1875
30.000,-0.90625,-0.328125,0.15625
30.031,-0.953125,-0.28125,0.140625
30.062,-0.953125,-0.34375,0.0
30.093,-1.015625,-0.359375,-0.140625
30.125,-1.078125,-0.359375,-0.109375
30.156,-0.953125,-0.34375,0.046875
30.187,-0.921875,-0.359375,0.0625
30.218,-0.953125,-0.3125,0.125
30.250,-0.953125,-0.34375,0.09375
30.281,-0.96875,-0.328125,0.09375
30.312,-0.953125,-0.34375,0.125
30.343,-0.96875,-0.34375,0.125
30.375,-0.953125,-0.328125,0.109375
30.406,-0.96875,-0.328125,0.125
30.437,-0.953125,-0.328125,0.140625
30.468,-0.9375,-0.34375,0.109375
30.500,-0.9375,-0.328125,0.125
30.531,-0.984375,-0.328125,0.125
30.562,-0.9375,-0.34375,0.15625
30.593,-0.9375,-0.34375,0.125
30.625,-0.953125,-0.34375,0.125
30.656,-0.9375,-0.328125,0.15625
30.687,-0.953125,-0.34375,0.140625
30.718,-0.953125,-0.34375,0.125
30.750,-0.9375,-0.328125,0.15625
30.781,-0.953125,-0.328125,0.15625
30.812,-0.953125,-0.328125,0.15625
30.843,-0.9375,-0.328125,0.15625
30.875,-0.953125,-0.3125,0.125
30.906,-0.96875,-0.3125,0.140625
30.937,-0.96875,-0.328125,0.140625
30.968,-0.984375,-0.3125,0.125
31.000,-0.953125,-0.3125,0.140625
31.031,-0.953125,-0.3125,0.15625
31.062,-0.953125,-0.3125,0.15625
31.093,-0.96875,-0.3125,0.140625
31.125,-0.953125,-0.3125,0.140625
31.156,-0.953125,-0.3125,0.140625
31.187,-0.953125,-0.3125,0.140625
31.218,-0.96875,-0.3125,0.15625
31.250,-0.953125,-0.3125,0.15625
31.281,-0.953125,-0.3125,0.140625
31.312,-0.96875,-0.3125,0.15625
31.343,-0.96875,-0.3125,0.140625
31.375,-0.96875,-0.3125,0.140625
31.406,-0.953125,-0.3125,0.15625
31.437,-0.953125,-0.3125,0.140625
31.468,-0.96875,-0.3125,0.140625
31.500,-0.96875,-0.3125,0.125
31.531,-0.96875,-0.3125,0.140625
31.562,-0.96875,-0.3125,0.140625
31.593,-0.96875,-0.3125,0.15625
31.625,-0.96875,-0.3125,0.15625
31.656,-0.96875,-0.3125,0.140625
31.687,-0.953125,-0.3125,0.140625
31.718,-0.96875,-0.3125,0.140625
31.750,-0.96875,-0.3125,0.140625
31.781,-0.96875,-0.3125,0.140625
31.812,-0.96875,-0.3125,0.140625
31.843,-0.96875,-0.3125,0.140625
31.875,-0.953125,-0.3125,0.140625
31.906,-0.96875,-0.3125,0.140625
31.937,-0.96875,-0.3125,0.15625
31.968,-0.96875,-0.3125,0.140625
32.000,-0.96875,-0.3125,0.140625
32.031,-0.96875,-0.3125,0.140625
32.062,-0.96875,-0.3125,0.140625
32.093,-0.96875,-0.3125,0.140625
32.125,-0.96875,-0.3125,0.15625
32.156,-0.96875,-0.3125,0.140625
32.187,-0.96875,-0.3125,0.140625
32.218,-0.96875,-0.3125,0.140625
32.250,-0.96875,-0.3125,0.140625
32.281,-0.96875,-0.3125,0.140625
32.312,-0.96875,-0.3125,0.140625
32.343,-0.96875,-0.3125,0.140625
32.375,-0.96875,-0.3125,0.140625
32.406,-0.96875,-0.3125,0.140625
32.437,-0.96875,-0.3125,0.140625
32.468,-0.96875,-0.3125,0.140625
32.500,-0.96875,-0.3125,0.140625
32.531,-0.96875,-0.3125,0.15625
32.562,-0.96875,-0.3125,0.140625
32.593,-0.96875,-0.3125,0.140625
32.625,-0.953125,-0.3125,0.140625
32.656,-0.96875,-0.3125,0.140625
32.687,-0.96875,-0.3125,0.140625
32.718,-0.96875,-0.3125,0.140625
32.750,-0.96875,-0.3125,0.140625
32.781,-0.96875,-0.3125,0.140625
32.812,-0.96875,-0.3125,0.140625
32.843,-0.96875,-0.3125,0.140625
32.875,-0.96875,-0.3125,0.140625
32.906,-0.96875,-0.3125,0.140625
32.937,-0.953125,-0.296875,0.140625
32.968,-0.96875,-0.3125,0.140625
33.000,-0.96875,-0.3125,0.140625
33.031,-0.953125,-0.3125,0.140625
33.062,-0.96875,-0.3125,0.140625
33.093,-0.96875,-0.3125,0.140625
33.125,-0.953125,-0.3125,0.140625
33.156,-0.96875,-0.3125,0.125
33.187,-0.96875,-0.3125,0.125
33.218,-0.953125,-0.3125,0.140625
33.250,-0.96875,-0.296875,0.140625
33.281,-0.96875,-0.3125,0.140625
33.312,-0.96875,-0.3125,0.140625
33.343,-0.96875,-0.296875,0.125
33.375,-0.96875,-0.296875,0.140625
33.406,-0.96875,-0.296875,0.15625
33.437,-0.96875,-0.296875,0.140625
33.468,-0.96875,-0.3125,0.140625
33.500,-0.984375,-0.296875,0.125
33.531,-0.96875,-0.296875,0.15625
33.562,-0.9375,-0.3125,0.203125
33.593,-0.984375,-0.3125,0.09375
33.625,-1.0,-0.3125,0.078125
33.656,-1.0625,-0.28125,0.09375
33.687,-1.046875,-0.265625,0.125
33.718,-1.015625,-0.3125,0.125
33.750,-0.890625,-0.34375,0.21875
33.781,-0.890625,-0.3125,0.28125
33.812,-0.921875,-0.3125,0.34375
33.843,-0.96875,-0.265625,0.375
33.875,-1.0,-0.171875,0.4375
33.906,-1.046875,-0.15625,0.453125
33.937,-1.171875,-0.296875,0.359375
33.968,-1.21875,-0.390625,0.328125
34.000,-1.1875,-0.4375,0.28125
34.031,-0.90625,-0.546875,0.328125
34.062,-0.890625,-0.5,0.34375
34.093,-0.859375,-0.5,0.21875
34.125,-0.578125,-0.546875,0.21875
34.156,-0.515625,-0.546875,0.234375
34.187,-0.5,-0.625,0.1875
34.218,-0.515625,-0.65625,0.15625
34.250,-0.40625,-0.734375,0.1875
34.281,-0.390625,-0.796875,0.203125
34.312,-0.40625,-0.8125,0.171875
34.343,-0.453125,-0.8125,0.15625
34.375,-0.46875,-0.8125,0.140625
34.406,-0.53125,-0.796875,0.125
34.437,-0.578125,-0.828125,0.171875
34.468,-0.578125,-0.828125,0.203125
34.500,-0.53125,-0.796875,0.171875
34.531,-0.5625,-0.796875,0.140625
34.562,-0.625,-0.796875,0.125
34.593,-0.640625,-0.796875,0.140625
34.625,-0.609375,-0.796875,0.140625
34.656,-0.59375,-0.8125,0.140625
34.687,-0.609375,-0.8125,0.15625
34.718,-0.53125,-0.8125,0.15625
34.750,-0.578125,-0.78125,0.203125
34.781,-0.59375,-0.765625,0.21875
34.812,-0.578125,-0.796875,0.21875
34.843,-0.578125,-0.796875,0.21875
34.875,-0.546875,-0.796875,0.203125
34.906,-0.5625,-0.78125,0.171875
34.937,-0.5625,-0.78125,0.203125
34.968,-0.609375,-0.8125,0.171875
35.000,-0.609375,-0.8125,0.1875
35.031,-0.59375,-0.796875,0.203125
35.062,-0.578125,-0.796875,0.1875
35.093,-0.546875,-0.796875,0.203125
35.125,-0.5625,-0.796875,0.1875
35.156,-0.5625,-0.8125,0.203125
35.187,-0.5625,-0.796875,0.21875
35.218,-0.53125,-0.796875,0.21875
35.250,-0.515625,-0.796875,0.234375
35.281,-0.546875,-0.796875,0.25
35.312,-0.578125,-0.796875,0.265625
35.343,-0.53125,-0.796875,0.28125
35.375,-0.53125,-0.796875,0.265625
35.406,-0.546875,-0.796875,0.265625
35.437,-0.578125,-0.796875,0.25
35.468,-0.546875,-0.796875,0.234375
35.500,-0.546875,-0.8125,0.265625
35.531,-0.5625,-0.78125,0.234375
35.562,-0.5625,-0.796875,0.25
35.593,-0.5625,-0.765625,0.234375
35.625,-0.515625,-0.84375,0.203125
35.656,-0.8125,-0.84375,0.203125
35.687,-0.5,-0.796875,0.265625
35.718,-0.53125,-0.78125,0.28125
35.750,-0.5625,-0.765625,0.28125
35.781,-0.59375,-0.8125,0.3125
35.812,-0.5,-0.765625,0.234375
35.843,-0.53125,-0.75,0.296875
35.875,-0.59375,-0.75,0.28125
35.906,-0.609375,-0.765625,0.328125
35.937,-0.609375,-0.765625,0.359375
35.968,-0.671875,-0.765625,0.3125
36.000,-0.671875,-0.75,0.296875
36.031,-0.671875,-0.734375,0.265625
36.062,-0.640625,-0.734375,0.28125
36.093,-0.609375,-0.734375,0.296875
36.125,-0.515625,-0.765625,0.3125
36.156,-0.53125,-0.71875,0.359375
36.187,-0.515625,-0.703125,0.34375
36.218,-0.5,-0.703125,0.34375
36.250,-0.484375,-0.734375,0.359375
36.281,-0.6875,-0.671875,0.28125
36.312,-0.75,-0.640625,0.234375
36.343,-0.640625,-0.640625,0.421875
36.375,-0.53125,-0.703125,0.6875
36.406,-0.5,-0.71875,0.703125
36.437,-0.625,-0.65625,0.6875
36.468,-0.65625,-0.640625,0.65625
36.500,-0.59375,-0.625,0.609375
36.531,-0.640625,-0.640625,0.5625
36.562,-0.65625,-0.625,0.546875
36.593,-0.625,-0.59375,0.5
36.625,-0.578125,-0.578125,0.5
36.656,-0.546875,-0.640625,0.453125
36.687,-0.515625,-0.6875,0.4375
36.718,-0.484375,-0.703125,0.453125
36.750,-0.46875,-0.734375,0.453125
36.781,-0.5,-0.734375,0.4375
36.812,-0.5625,-0.75,0.421875
36.843,-0.578125,-0.765625,0.390625
36.875,-0.5625,-0.765625,0.40625
36.906,-0.5625,-0.75,0.390625
36.937,-0.5625,-0.734375,0.390625
36.968,-0.53125,-0.734375,0.40625
37.000,-0.46875,-0.75,0.421875
37.031,-0.453125,-0.75,0.4375
37.062,-0.453125,-0.734375,0.453125
37.093,-0.484375,-0.75,0.4375
37.125,-0.484375,-0.765625,0.390625
37.156,-0.46875,-0.78125,0.375
37.187,-0.46875,-0.78125,0.375
37.218,-0.5,-0.75,0.375
37.250,-0.5,-0.703125,0.40625
37.281,-0.78125,-0.734375,0.359375
37.312,-0.171875,-0.671875,0.5
37.343,-0.0625,-0.640625,0.578125
37.375,-0.3125,-0.671875,0.546875
37.406,-0.46875,-0.6875,0.578125
37.437,-0.390625,-0.671875,0.671875
37.468,-0.234375,-0.640625,0.65625
37.500,-0.203125,-0.578125,0.734375
37.531,-0.4375,-0.609375,0.734375
37.562,-0.40625,-0.609375,0.859375
37.593,-0.421875,-0.578125,0.78125
37.625,-0.53125,-0.515625,0.59375
37.656,-0.5,-0.53125,0.625
37.687,-0.359375,-0.546875,0.640625
37.718,-0.28125,-0.515625,0.703125
37.750,-0.359375,-0.484375,0.90625
37.781,-0.484375,-0.484375,0.8125
37.812,-0.578125,-0.5,0.828125
37.843,-0.59375,-0.46875,0.8125
37.875,-0.734375,-0.453125,0.71875
37.906,-0.65625,-0.4375,0.6875
37.937,-0.546875,-0.484375,0.703125
37.968,-0.5,-0.484375,0.703125
38.000,-0.5,-0.46875,0.75
38.031,-0.484375,-0.46875,0.734375
38.062,-0.515625,-0.46875,0.71875
38.093,-0.578125,-0.46875,0.71875
38.125,-0.59375,-0.453125,0.703125
38.156,-0.578125,-0.421875,0.703125
38.187,-0.5625,-0.421875,0.703125
38.218,-0.546875,-0.390625,0.734375
38.250,-0.5625,-0.390625,0.796875
38.281,-0.5625,-0.40625,0.75
38.312,-0.53125,-0.40625,0.71875
38.343,-0.515625,-0.40625,0.765625
38.375,-0.53125,-0.40625,0.75
38.406,-0.53125,-0.40625,0.75
38.437,-0.546875,-0.40625,0.765625
38.468,-0.546875,-0.390625,0.75
38.500,-0.546875,-0.40625,0.765625
38.531,-0.53125,-0.390625,0.765625
38.562,-0.546875,-0.390625,0.765625
38.593,-0.546875,-0.390625,0.75
38.625,-0.53125,-0.390625,0.765625
38.656,-0.515625,-0.390625,0.765625
38.687,-0.53125,-0.375,0.765625
38.718,-0.53125,-0.390625,0.765625
38.750,-0.53125,-0.390625,0.765625
38.781,-0.53125,-0.390625,0.765625
38.812,-0.53125,-0.390625,0.765625
38.843,-0.53125,-0.390625,0.765625
38.875,-0.53125,-0.390625,0.765625
38.906,-0.53125,-0.390625,0.765625
38.937,-0.53125,-0.390625,0.75
38.968,-0.53125,-0.390625,0.765625
39.000,-0.53125,-0.390625,0.765625
39.031,-0.53125,-0.375,0.765625
39.062,-0.53125,-0.375,0.765625
39.093,-0.53125,-0.375,0.765625
39.125,-0.53125,-0.390625,0.765625
39.156,-0.53125,-0.390625,0.765625
39.187,-0.53125,-0.390625,0.765625
39.218,-0.53125,-0.390625,0.765625
39.250,-0.53125,-0.390625,0.765625
39.281,-0.53125,-0.390625,0.765625
39.312,-0.53125,-0.390625,0.765625
39.343,-0.53125,-0.390625,0.765625
39.375,-0.53125,-0.390625,0.765625
39.406,-0.53125,-0.390625,0.765625
39.437,-0.53125,-0.390625,0.765625
39.468,-0.53125,-0.375,0.765625
39.500,-0.53125,-0.390625,0.765625
39.531,-0.53125,-0.375,0.765625
39.562,-0.53125,-0.375,0.765625
39.593,-0.53125,-0.390625,0.765625
39.625,-0.53125,-0.390625,0.765625
39.656,-0.53125,-0.375,0.765625
39.687,-0.53125,-0.375,0.765625
39.718,-0.53125,-0.375,0.765625
39.750,-0.515625,-0.375,0.78125
39.781,-0.515625,-0.375,0.765625
39.812,-0.515625,-0.375,0.765625
39.843,-0.53125,-0.375,0.765625
39.875,-0.515625,-0.375,0.78125
39.906,-0.515625,-0.375,0.78125
39.937,-0.515625,-0.375,0.765625
39.968,-0.53125,-0.375,0.78125
40.000,-0.515625,-0.375,0.78125
40.031,-0.515625,-0.375,0.765625
40.062,-0.515625,-0.375,0.78125
40.093,-0.515625,-0.375,0.78125
40.125,-0.515625,-0.375,0.78125
40.156,-0.515625,-0.375,0.78125
40.187,-0.515625,-0.375,0.765625
40.218,-0.515625,-0.375,0.765625
40.250,-0.515625,-0.375,0.78125
40.281,-0.515625,-0.375,0.78125
40.312,-0.515625,-0.375,0.78125
40.343,-0.515625,-0.375,0.78125
40.375,-0.515625,-0.375,0.78125
40.406,-0.515625,-0.375,0.78125
40.437,-0.515625,-0.375,0.78125
40.468,-0.515625,-0.375,0.78125
40.500,-0.515625,-0.375,0.78125
40.531,-0.515625,-0.375,0.78125
40.562,-0.515625,-0.375,0.78125
40.593,-0.515625,-0.375,0.78125
40.625,-0.53125,-0.375,0.78125
40.656,-0.515625,-0.375,0.78125
40.687,-0.515625,-0.375,0.78125
40.718,-0.53125,-0.375,0.78125
40.750,-0.53125,-0.375,0.765625
40.781,-0.515625,-0.375,0.78125
40.812,-0.515625,-0.375,0.78125
40.843,-0.53125,-0.375,0.765625
40.875,-0.515625,-0.375,0.765625
40.906,-0.515625,-0.375,0.78125
40.937,-0.515625,-0.375,0.78125
40.968,-0.515625,-0.375,0.78125
41.000,-0.515625,-0.375,0.78125
41.031,-0.515625,-0.375,0.78125
41.062,-0.515625,-0.375,0.78125
41.093,-0.515625,-0.375,0.78125
41.125,-0.515625,-0.375,0.78125
41.156,-0.515625,-0.375,0.78125
41.187,-0.515625,-0.375,0.78125
41.218,-0.515625,-0.375,0.78125
41.250,-0.515625,-0.375,0.78125
41.281,-0.515625,-0.375,0.78125
41.312,-0.515625,-0.375,0.78125
41.343,-0.515625,-0.375,0.78125
41.375,-0.515625,-0.375,0.78125
41.406,-0.515625,-0.375,0.78125
41.437,-0.515625,-0.375,0.78125
41.468,-0.515625,-0.375,0.78125
41.500,-0.515625,-0.375,0.78125
41.531,-0.515625,-0.375,0.78125
41.562,-0.515625,-0.375,0.78125
41.593,-0.515625,-0.375,0.78125
41.625,-0.515625,-0.375,0.78125
41.656,-0.515625,-0.375,0.78125
41.687,-0.515625,-0.375,0.78125
41.718,-0.515625,-0.375,0.78125
41.750,-0.515625,-0.375,0.78125
41.781,-0.515625,-0.375,0.78125
41.812,-0.515625,-0.375,0.78125
41.843,-0.515625,-0.375,0.78125
41.875,-0.515625,-0.375,0.78125
41.906,-0.515625,-0.375,0.78125
41.937,-0.515625,-0.375,0.78125
41.968,-0.515625,-0.375,0.78125
42.000,-0.515625,-0.375,0.78125
42.031,-0.515625,-0.375,0.78125
42.062,-0.515625,-0.375,0.78125
42.093,-0.515625,-0.375,0.78125
42.125,-0.515625,-0.375,0.78125
42.156,-0.515625,-0.375,0.78125
42.187,-0.515625,-0.375,0.78125
42.218,-0.53125,-0.375,0.78125
42.250,-0.515625,-0.375,0.765625
42.281,-0.515625,-0.375,0.78125
42.312,-0.515625,-0.375,0.78125
42.343,-0.515625,-0.375,0.78125
42.375,-0.515625,-0.375,0.78125
42.406,-0.515625,-0.375,0.78125
42.437,-0.515625,-0.375,0.78125
42.468,-0.515625,-0.375,0.78125
42.500,-0.515625,-0.375,0.78125
42.531,-0.515625,-0.375,0.78125
42.562,-0.515625,-0.375,0.78125
42.593,-0.515625,-0.375,0.78125
42.625,-0.515625,-0.375,0.78125
42.656,-0.515625,-0.375,0.78125
42.687,-0.515625,-0.375,0.78125
42.718,-0.515625,-0.375,0.78125
42.750,-0.515625,-0.375,0.78125
42.781,-0.515625,-0.375,0.78125
42.812,-0.515625,-0.375,0.78125
42.843,-0.515625,-0.375,0.78125
42.875,-0.515625,-0.375,0.78125
42.906,-0.515625,-0.375,0.78125
42.937,-0.515625,-0.375,0.78125
42.968,-0.515625,-0.375,0.78125
43.000,-0.515625,-0.375,0.78125
43.031,-0.515625,-0.375,0.78125
43.062,-0.515625,-0.375,0.78125
43.093,-0.515625,-0.375,0.78125
43.125,-0.515625,-0.375,0.78125
43.156,-0.515625,-0.375,0.78125
43.187,-0.515625,-0.375,0.78125
43.218,-0.515625,-0.375,0.78125
43.250,-0.515625,-0.375,0.78125
43.281,-0.515625,-0.375,0.78125
43.312,-0.515625,-0.375,0.78125
43.343,-0.515625,-0.375,0.78125
43.375,-0.515625,-0.375,0.78125
43.406,-0.515625,-0.375,0.78125
43.437,-0.515625,-0.375,0.78125
43.468,-0.515625,-0.375,0.78125
43.500,-0.515625,-0.375,0.78125
43.531,-0.515625,-0.375,0.78125
43.562,-0.515625,-0.375,0.78125
43.593,-0.515625,-0.375,0.78125
43.625,-0.515625,-0.375,0.78125
43.656,-0.515625,-0.375,0.78125
43.687,-0.515625,-0.375,0.78125
43.718,-0.515625,-0.375,0.78125
43.750,-0.515625,-0.375,0.78125
43.781,-0.515625,-0.375,0.78125
43.812,-0.515625,-0.375,0.78125
43.843,-0.515625,-0.375,0.78125
43.875,-0.515625,-0.375,0.78125
43.906,-0.515625,-0.375,0.78125
43.937,-0.515625,-0.375,0.78125
43.968,-0.515625,-0.375,0.78125
44.000,-0.515625,-0.375,0.78125
44.031,-0.515625,-0.375,0.78125
44.062,-0.515625,-0.375,0.78125
44.093,-0.515625,-0.375,0.78125
44.125,-0.515625,-0.375,0.78125
44.156,-0.515625,-0.375,0.78125
44.187,-0.515625,-0.375,0.78125
44.218,-0.515625,-0.375,0.78125
44.250,-0.515625,-0.375,0.78125
44.281,-0.53125,-0.390625,0.78125
44.312,-0.53125,-0.375,0.765625
44.343,-0.53125,-0.375,0.765625
44.375,-0.53125,-0.375,0.78125
44.406,-0.515625,-0.375,0.78125
44.437,-0.515625,-0.375,0.78125
44.468,-0.53125,-0.375,0.78125
44.500,-0.515625,-0.375,0.78125
44.531,-0.515625,-0.375,0.78125
44.562,-0.515625,-0.375,0.78125
44.593,-0.515625,-0.375,0.78125
44.625,-0.515625,-0.375,0.78125
44.656,-0.515625,-0.375,0.78125
44.687,-0.515625,-0.375,0.78125
44.718,-0.515625,-0.375,0.78125
44.750,-0.515625,-0.375,0.78125
44.781,-0.515625,-0.375,0.78125
44.812,-0.515625,-0.375,0.78125
44.843,-0.515625,-0.375,0.78125
44.875,-0.515625,-0.375,0.78125
44.906,-0.515625,-0.375,0.78125
44.937,-0.515625,-0.375,0.78125
44.968,-0.515625,-0.375,0.78125
45.000,-0.515625,-0.375,0.78125
45.031,-0.515625,-0.375,0.78125
45.062,-0.515625,-0.375,0.78125
45.093,-0.515625,-0.375,0.78125
45.125,-0.515625,-0.375,0.78125
45.156,-0.515625,-0.375,0.78125
45.187,-0.515625,-0.375,0.78125
45.218,-0.515625,-0.375,0.78125
45.250,-0.515625,-0.375,0.78125
45.281,-0.515625,-0.375,0.78125
45.312,-0.515625,-0.375,0.78125
45.343,-0.515625,-0.375,0.78125
45.375,-0.515625,-0.375,0.78125
45.406,-0.515625,-0.375,0.78125
45.437,-0.515625,-0.375,0.78125
45.468,-0.515625,-0.375,0.78125
45.500,-0.515625,-0.375,0.78125
45.531,-0.515625,-0.375,0.78125
45.562,-0.515625,-0.375,0.78125
45.593,-0.515625,-0.375,0.78125
45.625,-0.515625,-0.375,0.78125
45.656,-0.515625,-0.375,0.78125
45.687,-0.515625,-0.375,0.78125
45.718,-0.515625,-0.375,0.78125
45.750,-0.515625,-0.375,0.78125
45.781,-0.515625,-0.375,0.78125
45.812,-0.515625,-0.375,0.78125
45.843,-0.515625,-0.375,0.78125
45.875,-0.515625,-0.375,0.78125
45.906,-0.515625,-0.375,0.78125
45.937,-0.515625,-0.375,0.78125
45.968,-0.515625,-0.375,0.78125
46.000,-0.515625,-0.375,0.78125
46.031,-0.515625,-0.375,0.78125
46.062,-0.515625,-0.375,0.78125
46.093,-0.515625,-0.375,0.78125
46.125,-0.515625,-0.375,0.78125
46.156,-0.515625,-0.375,0.78125
46.187,-0.515625,-0.375,0.78125
46.218,-0.515625,-0.375,0.78125
46.250,-0.515625,-0.375,0.78125
46.281,-0.515625,-0.375,0.78125
46.312,-0.515625,-0.375,0.78125
46.343,-0.515625,-0.375,0.78125
46.375,-0.515625,-0.375,0.78125
46.406,-0.515625,-0.375,0.78125
46.437,-0.515625,-0.375,0.78125
46.468,-0.515625,-0.375,0.78125
46.500,-0.515625,-0.375,0.78125
46.531,-0.515625,-0.375,0.78125
46.562,-0.515625,-0.375,0.78125
46.593,-0.515625,-0.375,0.78125
46.625,-0.515625,-0.375,0.78125
46.656,-0.515625,-0.375,0.78125
46.687,-0.515625,-0.375,0.78125
46.718,-0.515625,-0.375,0.78125
46.750,-0.515625,-0.359375,0.78125
46.781,-0.53125,-0.375,0.78125
46.812,-0.546875,-0.375,0.78125
46.843,-0.5,-0.359375,0.78125
46.875,-0.515625,-0.375,0.78125
46.906,-0.515625,-0.375,0.78125
46.937,-0.515625,-0.375,0.78125
46.968,-0.515625,-0.359375,0.78125
47.000,-0.5,-0.375,0.78125
47.031,-0.515625,-0.375,0.78125
47.062,-0.515625,-0.375,0.78125
47.093,-0.515625,-0.359375,0.78125
47.125,-0.515625,-0.359375,0.78125
47.156,-0.515625,-0.375,0.78125
47.187,-0.515625,-0.375,0.78125
47.218,-0.515625,-0.375,0.78125
47.250,-0.515625,-0.375,0.78125
47.281,-0.5,-0.375,0.78125
47.312,-0.515625,-0.375,0.78125
47.343,-0.515625,-0.375,0.78125
47.375,-0.515625,-0.375,0.78125
47.406,-0.515625,-0.375,0.78125
47.437,-0.515625,-0.375,0.78125
47.468,-0.515625,-0.375,0.78125
47.500,-0.515625,-0.375,0.78125
47.531,-0.515625,-0.375,0.78125
47.562,-0.515625,-0.359375,0.78125
47.593,-0.515625,-0.375,0.78125
47.625,-0.515625,-0.375,0.78125
47.656,-0.515625,-0.375,0.78125
47.687,-0.515625,-0.375,0.78125
47.718,-0.53125,-0.375,0.78125
47.750,-0.515625,-0.375,0.78125
47.781,-0.515625,-0.375,0.78125
47.812,-0.515625,-0.375,0.78125
47.843,-0.515625,-0.375,0.78125
47.875,-0.53125,-0.375,0.78125
47.906,-0.53125,-0.375,0.765625
47.937,-0.515625,-0.375,0.78125
47.968,-0.515625,-0.375,0.78125
48.000,-0.53125,-0.375,0.78125
48.031,-0.515625,-0.375,0.78125
48.062,-0.515625,-0.375,0.78125
48.093,-0.515625,-0.375,0.78125
48.125,-0.515625,-0.359375,0.78125
48.156,-0.5,-0.359375,0.796875
48.187,-0.53125,-0.375,0.78125
48.218,-0.53125,-0.359375,0.78125
48.250,-0.515625,-0.375,0.78125
48.281,-0.515625,-0.375,0.78125
48.312,-0.5,-0.375,0.78125
48.343,-0.515625,-0.375,0.78125
48.375,-0.53125,-0.375,0.78125
48.406,-0.515625,-0.375,0.796875
48.437,-0.5,-0.375,0.796875
48.468,-0.515625,-0.375,0.78125
48.500,-0.515625,-0.375,0.78125
48.531,-0.515625,-0.375,0.78125
48.562,-0.515625,-0.375,0.78125
48.593,-0.515625,-0.375,0.78125
48.625,-0.515625,-0.375,0.78125
48.656,-0.515625,-0.375,0.78125
48.687,-0.515625,-0.375,0.78125
48.718,-0.515625,-0.375,0.78125
48.750,-0.515625,-0.375,0.78125
48.781,-0.515625,-0.375,0.78125
48.812,-0.515625,-0.375,0.78125
48.843,-0.515625,-0.375,0.78125
48.875,-0.515625,-0.359375,0.78125
48.906,-0.515625,-0.375,0.78125
48.937,-0.5,-0.375,0.78125
48.968,-0.515625,-0.375,0.78125
49.000,-0.515625,-0.375,0.78125
49.031,-0.515625,-0.375,0.78125
49.062,-0.515625,-0.375,0.78125
49.093,-0.515625,-0.375,0.78125
49.125,-0.515625,-0.375,0.78125
49.156,-0.515625,-0.359375,0.78125
49.187,-0.515625,-0.375,0.78125
49.218,-0.515625,-0.375,0.78125
49.250,-0.515625,-0.375,0.78125
49.281,-0.515625,-0.375,0.78125
49.312,-0.515625,-0.375,0.78125
49.343,-0.515625,-0.375,0.78125
49.375,-0.5,-0.375,0.78125
49.406,-0.515625,-0.375,0.78125
49.437,-0.515625,-0.375,0.78125
49.468,-0.515625,-0.375,0.78125
49.500,-0.515625,-0.375,0.78125
49.531,-0.515625,-0.375,0.78125
49.562,-0.5,-0.375,0.78125
49.593,-0.515625,-0.359375,0.78125
49.625,-0.515625,-0.375,0.78125
49.656,-0.5,-0.359375,0.78125
49.687,-0.515625,-0.375,0.78125
49.718,-0.515625,-0.359375,0.78125
49.750,-0.5,-0.359375,0.78125
49.781,-0.5,-0.375,0.796875
49.812,-0.53125,-0.375,0.78125
49.843,-0.53125,-0.359375,0.78125
49.875,-0.515625,-0.375,0.78125
49.906,-0.515625,-0.375,0.796875
49.937,-0.515625,-0.375,0.796875
49.968,-0.515625,-0.359375,0.78125
50.000,-0.515625,-0.390625,0.796875
50.031,-0.53125,-0.375,0.734375
50.062,-0.5,-0.375,0.75
50.093,-0.5,-0.375,0.796875
50.125,-0.484375,-0.34375,0.859375
50.156,-0.46875,-0.34375,0.84375
50.187,-0.5625,-0.328125,0.75
50.218,-0.515625,-0.375,0.796875
50.250,-0.53125,-0.359375,0.78125
50.281,-0.5,-0.375,0.796875
50.312,-0.53125,-0.359375,0.78125
50.343,-0.515625,-0.359375,0.78125
50.375,-0.453125,-0.359375,0.8125
50.406,-0.484375,-0.359375,0.8125
50.437,-0.5,-0.359375,0.78125
50.468,-0.5,-0.359375,0.78125
50.500,-0.515625,-0.359375,0.796875
50.531,-0.515625,-0.359375,0.796875
50.562,-0.5,-0.359375,0.796875
50.593,-0.5,-0.359375,0.796875
50.625,-0.515625,-0.359375,0.796875
50.656,-0.5,-0.359375,0.796875
50.687,-0.515625,-0.359375,0.78125
50.718,-0.53125,-0.359375,0.78125
50.750,-0.5,-0.359375,0.796875
50.781,-0.515625,-0.359375,0.796875
50.812,-0.53125,-0.375,0.78125
50.843,-0.515625,-0.34375,0.78125
50.875,-0.546875,-0.34375,0.765625
50.906,-0.546875,-0.359375,0.78125
50.937,-0.546875,-0.359375,0.796875
50.968,-0.546875,-0.359375,0.78125
51.000,-0.53125,-0.375,0.765625
51.031,-0.5,-0.390625,0.78125
51.062,-0.515625,-0.375,0.765625
51.093,-0.5,-0.375,0.78125
51.125,-0.4375,-0.390625,0.828125
51.156,-0.4375,-0.375,0.84375
51.187,-0.421875,-0.359375,0.828125
51.218,-0.4375,-0.359375,0.8125
51.250,-0.4375,-0.359375,0.8125
51.281,-0.453125,-0.375,0.828125
51.312,-0.453125,-0.390625,0.8125
51.343,-0.484375,-0.359375,0.796875
51.375,-0.5,-0.359375,0.796875
51.406,-0.484375,-0.359375,0.8125
51.437,-0.46875,-0.375,0.8125
51.468,-0.46875,-0.359375,0.8125
51.500,-0.46875,-0.359375,0.8125
51.531,-0.46875,-0.359375,0.8125
51.562,-0.46875,-0.359375,0.828125
51.593,-0.484375,-0.359375,0.8125
51.625,-0.484375,-0.359375,0.8125
51.656,-0.46875,-0.359375,0.8125
51.687,-0.46875,-0.359375,0.8125
51.718,-0.46875,-0.359375,0.8125
51.750,-0.453125,-0.359375,0.828125
51.781,-0.46875,-0.34375,0.828125
51.812,-0.5,-0.359375,0.8125
51.843,-0.484375,-0.34375,0.8125
51.875,-0.484375,-0.34375,0.8125
51.906,-0.46875,-0.359375,0.8125
51.937,-0.46875,-0.34375,0.8125
51.968,-0.46875,-0.34375,0.8125
52.000,-0.453125,-0.34375,0.828125
52.031,-0.46875,-0.34375,0.828125
52.062,-0.453125,-0.359375,0.8125
52.093,-0.453125,-0.34375,0.8125
52.125,-0.46875,-0.34375,0.828125
52.156,-0.46875,-0.34375,0.828125
52.187,-0.453125,-0.34375,0.84375
52.218,-0.4375,-0.34375,0.875
52.250,-0.515625,-0.375,0.828125
52.281,-0.5,-0.375,0.8125
52.312,-0.5,-0.375,0.75
52.343,-0.546875,-0.390625,0.71875
52.375,-0.546875,-0.4375,0.703125
52.406,-0.53125,-0.4375,0.71875
52.437,-0.5625,-0.40625,0.703125
52.468,-0.578125,-0.40625,0.71875
52.500,-0.5625,-0.40625,0.71875
52.531,-0.53125,-0.4375,0.75
52.562,-0.484375,-0.421875,0.75
52.593,-0.5,-0.40625,0.78125
52.625,-0.5,-0.390625,0.78125
52.656,-0.5,-0.375,0.78125
52.687,-0.53125,-0.375,0.78125
52.718,-0.546875,-0.375,0.78125
52.750,-0.484375,-0.375,0.796875
52.781,-0.515625,-0.390625,0.78125
52.812,-0.53125,-0.390625,0.78125
52.843,-0.546875,-0.375,0.75
52.875,-0.5625,-0.375,0.75
52.906,-0.53125,-0.375,0.75
52.937,-0.5,-0.359375,0.796875
52.968,-0.484375,-0.359375,0.84375
53.000,-0.5,-0.375,0.8125
53.031,-0.5,-0.359375,0.78125
53.062,-0.515625,-0.375,0.78125
53.093,-0.53125,-0.375,0.765625
53.125,-0.5,-0.375,0.765625
53.156,-0.515625,-0.359375,0.78125
53.187,-0.546875,-0.359375,0.796875
53.218,-0.515625,-0.375,0.78125
53.250,-0.515625,-0.359375,0.78125
53.281,-0.53125,-0.359375,0.765625
53.312,-0.5,-0.390625,0.765625
53.343,-0.546875,-0.390625,0.75
53.375,-0.5625,-0.375,0.734375
53.406,-0.5,-0.359375,0.78125
53.437,-0.5,-0.34375,0.8125
53.468,-0.515625,-0.359375,0.8125
53.500,-0.515625,-0.359375,0.796875
53.531,-0.515625,-0.359375,0.78125
53.562,-0.515625,-0.359375,0.796875
53.593,-0.53125,-0.359375,0.78125
53.625,-0.53125,-0.359375,0.78125
53.656,-0.53125,-0.359375,0.78125
53.687,-0.53125,-0.34375,0.796875
53.718,-0.515625,-0.359375,0.78125
53.750,-0.53125,-0.359375,0.765625
53.781,-0.5,-0.34375,0.796875
53.812,-0.53125,-0.359375,0.78125
53.843,-0.5,-0.359375,0.796875
53.875,-0.53125,-0.359375,0.78125
53.906,-0.53125,-0.359375,0.78125
53.937,-0.53125,-0.359375,0.78125
53.968,-0.515625,-0.359375,0.78125
54.000,-0.5,-0.359375,0.78125
54.031,-0.515625,-0.359375,0.796875
54.062,-0.5,-0.359375,0.796875
54.093,-0.515625,-0.359375,0.78125
54.125,-0.53125,-0.375,0.765625
54.156,-0.578125,-0.359375,0.75
54.187,-0.5625,-0.34375,0.75
54.218,-0.546875,-0.34375,0.78125
54.250,-0.5625,-0.359375,0.765625
54.281,-0.546875,-0.359375,0.75
54.312,-0.546875,-0.375,0.75
54.343,-0.546875,-0.375,0.75
54.375,-0.546875,-0.359375,0.765625
54.406,-0.53125,-0.375,0.765625
54.437,-0.53125,-0.375,0.765625
54.468,-0.53125,-0.359375,0.765625
54.500,-0.53125,-0.359375,0.765625
54.531,-0.546875,-0.359375,0.78125
54.562,-0.546875,-0.359375,0.78125
54.593,-0.53125,-0.359375,0.78125
54.625,-0.546875,-0.359375,0.765625
54.656,-0.546875,-0.359375,0.765625
54.687,-0.53125,-0.359375,0.78125
54.718,-0.53125,-0.359375,0.78125
54.750,-0.53125,-0.359375,0.78125
54.781,-0.546875,-0.359375,0.765625
54.812,-0.546875,-0.34375,0.765625
54.843,-0.53125,-0.34375,0.78125
54.875,-0.53125,-0.359375,0.78125
54.906,-0.53125,-0.34375,0.78125
54.937,-0.546875,-0.359375,0.78125
54.968,-0.546875,-0.359375,0.765625
55.000,-0.53125,-0.359375,0.78125
55.031,-0.546875,-0.359375,0.78125
55.062,-0.578125,-0.34375,0.8125
55.093,-0.515625,-0.359375,0.765625
55.125,-0.53125,-0.359375,0.734375
55.156,-0.53125,-0.359375,0.75
55.187,-0.546875,-0.359375,0.765625
55.218,-0.546875,-0.359375,0.75
55.250,-0.53125,-0.359375,0.8125
55.281,-0.515625,-0.359375,0.84375
55.312,-0.53125,-0.375,0.734375
55.343,-0.53125,-0.359375,0.75
55.375,-0.53125,-0.359375,0.765625
55.406,-0.53125,-0.359375,0.765625
55.437,-0.546875,-0.359375,0.78125
55.468,-0.546875,-0.34375,0.796875
55.500,-0.515625,-0.359375,0.78125
55.531,-0.515625,-0.359375,0.78125
55.562,-0.53125,-0.359375,0.765625
55.593,-0.53125,-0.359375,0.75
55.625,-0.546875,-0.34375,0.765625
55.656,-0.546875,-0.359375,0.796875
55.687,-0.53125,-0.359375,0.796875
55.718,-0.53125,-0.359375,0.765625
55.750,-0.53125,-0.359375,0.75
55.781,-0.546875,-0.34375,0.765625
55.812,-0.5,-0.328125,0.796875
55.843,-0.515625,-0.34375,0.8125
55.875,-0.5,-0.359375,0.828125
55.906,-0.484375,-0.359375,0.796875
55.937,-0.5,-0.359375,0.796875
55.968,-0.5,-0.390625,0.8125
56.000,-0.53125,-0.375,0.8125
56.031,-0.578125,-0.375,0.703125
56.062,-0.578125,-0.375,0.71875
56.093,-0.53125,-0.359375,0.78125
56.125,-0.5,-0.375,0.765625
56.156,-0.515625,-0.375,0.765625
56.187,-0.515625,-0.375,0.765625
56.218,-0.515625,-0.375,0.765625
56.250,-0.546875,-0.390625,0.765625
56.281,-0.5625,-0.375,0.765625
56.312,-0.5625,-0.375,0.75
56.343,-0.515625,-0.375,0.765625
56.375,-0.515625,-0.390625,0.765625
56.406,-0.53125,-0.375,0.765625
56.437,-0.5625,-0.359375,0.75
56.468,-0.5625,-0.359375,0.78125
56.500,-0.59375,-0.375,0.765625
56.531,-0.578125,-0.359375,0.75
56.562,-0.53125,-0.375,0.765625
56.593,-0.5,-0.359375,0.796875
56.625,-0.53125,-0.359375,0.78125
56.656,-0.53125,-0.34375,0.765625
56.687,-0.546875,-0.359375,0.796875
56.718,-0.5625,-0.359375,0.8125
56.750,-0.515625,-0.359375,0.765625
56.781,-0.5,-0.375,0.765625
56.812,-0.53125,-0.359375,0.765625
56.843,-0.546875,-0.34375,0.78125
56.875,-0.53125,-0.34375,0.796875
56.906,-0.53125,-0.34375,0.8125
56.937,-0.5,-0.359375,0.8125
56.968,-0.515625,-0.359375,0.765625
57.000,-0.515625,-0.359375,0.78125
57.031,-0.53125,-0.34375,0.796875
57.062,-0.53125,-0.359375,0.796875
57.093,-0.53125,-0.34375,0.78125
57.125,-0.515625,-0.359375,0.8125
57.156,-0.5,-0.34375,0.796875
57.187,-0.5,-0.359375,0.765625
57.218,-0.5,-0.359375,0.78125
57.250,-0.53125,-0.359375,0.78125
57.281,-0.53125,-0.359375,0.78125
57.312,-0.53125,-0.34375,0.78125
57.343,-0.53125,-0.34375,0.796875
57.375,-0.53125,-0.359375,0.78125
57.406,-0.515625,-0.359375,0.765625
57.437,-0.53125,-0.359375,0.78125
57.468,-0.53125,-0.34375,0.78125
57.500,-0.53125,-0.34375,0.78125
57.531,-0.53125,-0.34375,0.796875
57.562,-0.515625,-0.34375,0.796875
57.593,-0.515625,-0.359375,0.765625
57.625,-0.515625,-0.359375,0.78125
57.656,-0.53125,-0.34375,0.796875
57.687,-0.53125,-0.34375,0.796875
57.718,-0.53125,-0.359375,0.78125
57.750,-0.53125,-0.34375,0.78125
57.781,-0.53125,-0.359375,0.78125
57.812,-0.515625,-0.34375,0.78125
57.843,-0.5,-0.359375,0.78125
57.875,-0.53125,-0.34375,0.78125
57.906,-0.53125,-0.359375,0.78125
57.937,-0.53125,-0.359375,0.78125
57.968,-0.53125,-0.34375,0.78125
58.000,-0.515625,-0.359375,0.78125
58.031,-0.5,-0.359375,0.78125
58.062,-0.546875,-0.359375,0.765625
58.093,-0.546875,-0.359375,0.78125
58.125,-0.53125,-0.359375,0.78125
58.156,-0.53125,-0.359375,0.78125
58.187,-0.53125,-0.359375,0.78125
58.218,-0.53125,-0.359375,0.78125
58.250,-0.53125,-0.359375,0.78125
58.281,-0.53125,-0.359375,0.78125
58.312,-0.53125,-0.34375,0.78125
58.343,-0.53125,-0.359375,0.78125
58.375,-0.53125,-0.359375,0.765625
58.406,-0.53125,-0.359375,0.78125
58.437,-0.53125,-0.359375,0.78125
58.468,-0.53125,-0.359375,0.78125
58.500,-0.53125,-0.359375,0.78125
58.531,-0.53125,-0.359375,0.78125
58.562,-0.53125,-0.359375,0.78125
58.593,-0.53125,-0.359375,0.765625
58.625,-0.515625,-0.359375,0.765625
58.656,-0.53125,-0.359375,0.78125
58.687,-0.53125,-0.359375,0.78125
58.718,-0.515625,-0.359375,0.78125
58.750,-0.53125,-0.34375,0.796875
58.781,-0.53125,-0.34375,0.78125
58.812,-0.53125,-0.359375,0.765625
58.843,-0.53125,-0.359375,0.78125
58.875,-0.53125,-0.34375,0.78125
58.906,-0.53125,-0.359375,0.78125
58.937,-0.515625,-0.359375,0.78125
58.968,-0.53125,-0.34375,0.796875
59.000,-0.53125,-0.34375,0.78125
59.031,-0.53125,-0.359375,0.796875
59.062,-0.40625,-0.328125,0.953125
59.093,-0.453125,-0.328125,0.90625
59.125,-0.53125,-0.390625,0.78125
59.156,-0.65625,-0.421875,0.671875
59.187,-0.671875,-0.421875,0.609375
59.218,-0.671875,-0.390625,0.5
59.250,-0.703125,-0.40625,0.453125
59.281,-0.71875,-0.453125,0.46875
59.312,-0.671875,-0.4375,0.640625
59.343,-0.671875,-0.4375,0.671875
59.375,-0.640625,-0.421875,0.671875
59.406,-0.640625,-0.40625,0.640625
59.437,-0.6875,-0.40625,0.609375
59.468,-0.703125,-0.421875,0.609375
59.500,-0.640625,-0.40625,0.640625
59.531,-0.640625,-0.421875,0.65625
59.562,-0.671875,-0.40625,0.671875
59.593,-0.65625,-0.421875,0.65625
59.625,-0.65625,-0.40625,0.640625
59.656,-0.671875,-0.40625,0.640625
59.687,-0.65625,-0.40625,0.65625
59.718,-0.640625,-0.40625,0.65625
59.750,-0.59375,-0.40625,0.6875
59.781,-0.59375,-0.390625,0.703125
59.812,-0.59375,-0.390625,0.734375
59.843,-0.578125,-0.390625,0.734375
59.875,-0.59375,-0.390625,0.734375
59.906,-0.609375,-0.390625,0.703125
59.937,-0.609375,-0.390625,0.6875
59.968,-0.59375,-0.390625,0.703125
