timestamp,value
00.000,148.06
00.015,148.51
00.031,142.17
00.046,127.28
00.062,104.07
00.078,74.15
00.093,40.07
00.109,4.98
00.125,-28.08
00.140,-56.98
00.156,-80.93
00.171,-100.0
00.187,-114.59
00.203,-124.31
00.218,-128.18
00.234,-125.03
00.250,-114.47
00.265,-97.43
00.281,-76.39
00.296,-54.87
00.312,-36.24
00.328,-23.1
00.343,-16.37
00.359,-15.98
00.375,-21.61
00.390,-33.42
00.406,-51.99
00.421,-77.71
00.437,-109.76
00.453,-145.06
00.468,-178.97
00.484,-206.42
00.500,-223.81
00.515,-230.64
00.531,-229.74
00.546,-226.01
00.562,-224.27
00.578,-227.22
00.593,-234.39
00.609,-242.98
00.625,-249.01
00.640,-249.01
00.656,-240.87
00.671,-223.88
00.687,-198.67
00.703,-166.86
00.718,-131.34
00.734,-96.05
00.750,-65.73
00.765,-44.28
00.781,-33.3
00.796,-31.18
00.812,-33.34
00.828,-34.5
00.843,-30.76
00.859,-21.46
00.875,-8.94
00.890,2.92
00.906,11.16
00.921,14.95
00.937,15.23
00.953,13.77
00.968,11.61
00.984,8.69
01.000,4.34
01.015,-1.65
01.031,-8.33
01.046,-13.64
01.062,-14.98
01.078,-10.53
01.093,0.07
01.109,15.28
01.125,32.27
01.140,47.62
01.156,58.5
01.171,63.62
01.187,63.63
01.203,61.17
01.218,59.62
01.234,61.87
01.250,69.09
01.265,80.38
01.281,93.2
01.296,104.47
01.312,111.74
01.328,113.68
01.343,110.35
01.359,102.99
01.375,93.53
01.390,84.07
01.406,76.34
01.421,71.16
01.437,68.09
01.453,65.72
01.468,62.02
01.484,55.38
01.500,45.01
01.515,31.42
01.531,16.04
01.546,0.73
01.562,-12.67
01.578,-22.92
01.593,-29.6
01.609,-33.56
01.625,-36.31
01.640,-39.71
01.656,-45.02
01.671,-52.55
01.687,-61.62
01.703,-71.15
01.718,-80.01
01.734,-87.35
01.750,-92.72
01.765,-95.64
01.781,-95.81
01.796,-93.21
01.812,-88.49
01.828,-83.12
01.843,-78.92
01.859,-77.29
01.875,-78.56
01.890,-81.82
01.906,-85.23
01.921,-86.87
01.937,-85.48
01.953,-80.67
01.968,-73.08
01.984,-63.84
02.000,-54.54
02.015,-46.74
02.031,-41.72
02.046,-40.14
02.062,-41.62
02.078,-44.64
02.093,-46.69
02.109,-45.14
02.125,-38.06
02.140,-25.1
02.156,-7.82
02.171,10.65
02.187,26.57
02.203,36.25
02.218,36.93
02.234,27.21
02.250,7.4
02.265,-20.51
02.281,-53.02
02.296,-85.66
02.312,-113.78
02.328,-133.56
02.343,-142.77
02.359,-141.34
02.375,-131.28
02.390,-115.91
02.406,-98.74
02.421,-82.32
02.437,-67.42
02.453,-52.68
02.468,-35.39
02.484,-12.43
02.500,18.32
02.515,57.25
02.531,102.94
02.546,152.66
02.562,202.99
02.578,250.34
02.593,291.31
02.609,322.7
02.625,341.97
02.640,347.77
02.656,340.36
02.671,321.75
02.687,295.4
02.703,265.4
02.718,235.76
02.734,209.49
02.750,188.18
02.765,171.96
02.781,159.82
02.796,150.24
02.812,141.62
02.828,132.34
02.843,120.82
02.859,105.5
02.875,84.82
02.890,57.75
02.906,24.5
02.921,-13.36
02.937,-53.33
02.953,-92.96
02.968,-131.17
02.984,-168.7
03.000,-207.2
03.015,-247.09
03.031,-285.57
03.046,-315.92
03.062,-329.38
03.078,-319.23
03.093,-284.47
03.109,-231.8
03.125,-173.92
03.140,-124.81
03.156,-94.17
03.171,-83.7
03.187,-86.98
03.203,-92.98
03.218,-91.21
03.234,-75.65
03.250,-46.57
03.265,-8.99
03.281,30.12
03.296,64.37
03.312,89.61
03.328,103.81
03.343,106.28
03.359,97.2
03.375,77.63
03.390,49.87
03.406,17.9
03.421,-12.65
03.437,-35.94
03.453,-47.53
03.468,-45.97
03.484,-33.38
03.500,-14.86
03.515,3.6
03.531,16.83
03.546,22.01
03.562,19.21
03.578,10.97
03.593,1.4
03.609,-4.84
03.625,-3.83
03.640,6.39
03.656,25.08
03.671,48.76
03.687,72.13
03.703,90.03
03.718,99.07
03.734,99.11
03.750,92.87
03.765,84.5
03.781,77.75
03.796,74.23
03.812,73.21
03.828,72.39
03.843,69.23
03.859,62.17
03.875,51.29
03.890,38.0
03.906,24.07
03.921,11.22
03.937,0.33
03.953,-8.4
03.968,-15.02
03.984,-19.78
04.000,-22.98
04.015,-25.09
04.031,-26.99
04.046,-29.85
04.062,-34.63
04.078,-41.56
04.093,-49.71
04.109,-57.2
04.125,-61.9
04.140,-62.09
04.156,-57.08
04.171,-47.2
04.187,-33.54
04.203,-17.45
04.218,-0.42
04.234,16.4
04.250,32.14
04.265,45.99
04.281,57.45
04.296,66.11
04.312,71.69
04.328,74.17
04.343,73.77
04.359,71.03
04.375,67.6
04.390,65.72
04.406,67.34
04.421,73.93
04.437,86.17
04.453,104.04
04.468,127.15
04.484,154.4
04.500,183.83
04.515,213.53
04.531,240.78
04.546,261.71
04.562,272.37
04.578,269.55
04.593,251.95
04.609,220.57
04.625,178.13
04.640,128.33
04.656,77.37
04.671,31.43
04.687,-5.05
04.703,-30.21
04.718,-45.23
04.734,-53.59
04.750,-59.67
04.765,-66.74
04.781,-75.24
04.796,-78.55
04.812,-66.53
04.828,-29.34
04.843,38.08
04.859,133.23
04.875,246.67
04.890,365.44
04.906,477.09
04.921,553.97
04.937,576.54
04.953,537.56
04.968,445.33
04.984,319.3
05.000,180.5
05.015,44.59
05.031,-79.45
05.046,-187.59
05.062,-278.45
05.078,-349.05
05.093,-397.29
05.109,-423.32
05.125,-429.69
05.140,-422.84
05.156,-409.52
05.171,-394.77
05.187,-381.24
05.203,-369.47
05.218,-356.18
05.234,-337.27
05.250,-309.84
05.265,-273.09
05.281,-228.25
05.296,-176.93
05.312,-121.31
05.328,-64.08
05.343,-9.18
05.359,39.14
05.375,75.36
05.390,94.5
05.406,94.16
05.421,76.08
05.437,46.2
05.453,12.32
05.468,-19.15
05.484,-44.99
05.500,-64.59
05.515,-79.13
05.531,-89.61
05.546,-96.06
05.562,-98.02
05.578,-95.36
05.593,-89.07
05.609,-81.5
05.625,-75.01
05.640,-70.75
05.656,-68.48
05.671,-66.91
05.687,-64.58
05.703,-60.84
05.718,-55.82
05.734,-50.03
05.750,-43.88
05.765,-37.17
05.781,-29.47
05.796,-20.55
05.812,-10.91
05.828,-1.71
05.843,5.66
05.859,10.2
05.875,11.69
05.890,10.62
05.906,7.85
05.921,4.26
05.937,0.56
05.953,-2.72
05.968,-5.15
05.984,-6.5
06.000,-6.87
06.015,-6.74
06.031,-6.77
06.046,-7.51
06.062,-9.04
06.078,-11.06
06.093,-13.06
06.109,-14.52
06.125,-15.17
06.140,-14.91
06.156,-13.8
06.171,-12.05
06.187,-10.03
06.203,-8.25
06.218,-7.3
06.234,-7.54
06.250,-8.84
06.265,-10.67
06.281,-12.22
06.296,-12.8
06.312,-12.14
06.328,-10.67
06.343,-9.22
06.359,-8.74
06.375,-9.76
06.390,-12.19
06.406,-15.19
06.421,-17.56
06.437,-18.35
06.453,-17.24
06.468,-14.89
06.484,-12.65
06.500,-12.07
06.515,-13.79
06.531,-17.51
06.546,-21.91
06.562,-25.12
06.578,-25.63
06.593,-22.61
06.609,-16.38
06.625,-8.11
06.640,0.43
06.656,7.7
06.671,12.75
06.687,15.24
06.703,15.94
06.718,16.61
06.734,19.9
06.750,28.71
06.765,44.45
06.781,65.67
06.796,87.86
06.812,105.11
06.828,111.68
06.843,106.18
06.859,90.74
06.875,70.09
06.890,49.55
06.906,32.91
06.921,21.43
06.937,13.96
06.953,8.2
06.968,1.95
06.984,-5.41
07.000,-13.79
07.015,-21.92
07.031,-27.8
07.046,-29.47
07.062,-25.75
07.078,-17.52
07.093,-7.78
07.109,-0.69
07.125,0.78
07.140,-4.21
07.156,-13.91
07.171,-24.94
07.187,-34.23
07.203,-40.12
07.218,-42.37
07.234,-41.48
07.250,-37.96
07.265,-31.93
07.281,-23.53
07.296,-13.63
07.312,-3.93
07.328,3.16
07.343,5.86
07.359,3.94
07.375,-0.96
07.390,-6.15
07.406,-9.04
07.421,-8.08
07.437,-3.32
07.453,3.81
07.468,10.78
07.484,15.35
07.500,16.54
07.515,15.2
07.531,13.68
07.546,14.32
07.562,18.33
07.578,25.16
07.593,33.14
07.609,40.49
07.625,45.99
07.640,49.19
07.656,50.19
07.671,49.59
07.687,48.26
07.703,47.48
07.718,48.39
07.734,51.74
07.750,57.41
07.765,64.38
07.781,71.07
07.796,76.08
07.812,78.58
07.828,78.42
07.843,76.14
07.859,72.22
07.875,66.75
07.890,58.93
07.906,47.37
07.921,30.74
07.937,7.88
07.953,-19.72
07.968,-49.81
07.984,-79.59
08.000,-106.41
08.015,-128.47
08.031,-145.62
08.046,-159.15
08.062,-171.13
08.078,-183.73
08.093,-198.51
08.109,-216.16
08.125,-235.9
08.140,-255.63
08.156,-271.97
08.171,-281.01
08.187,-279.26
08.203,-264.18
08.218,-234.65
08.234,-191.0
08.250,-135.4
08.265,-71.65
08.281,-5.36
08.296,56.57
08.312,107.23
08.328,141.5
08.343,157.83
08.359,158.57
08.375,148.78
08.390,133.59
08.406,116.42
08.421,98.45
08.437,79.92
08.453,61.63
08.468,45.97
08.484,35.79
08.500,32.39
08.515,34.09
08.531,36.33
08.546,33.95
08.562,23.88
08.578,6.54
08.593,-15.02
08.609,-37.43
08.625,-59.18
08.640,-80.83
08.656,-103.2
08.671,-125.02
08.687,-141.97
08.703,-148.16
08.718,-139.26
08.734,-114.97
08.750,-79.62
08.765,-40.22
08.781,-3.71
08.796,25.44
08.812,45.53
08.828,56.7
08.843,59.67
08.859,55.42
08.875,45.91
08.890,34.78
08.906,27.28
08.921,28.6
08.937,42.24
08.953,68.42
08.968,104.28
08.984,145.37
09.000,187.57
09.015,228.63
09.031,268.17
09.046,306.69
09.062,343.49
09.078,375.51
09.093,397.16
09.109,401.72
09.125,383.6
09.140,340.6
09.156,275.48
09.171,195.62
09.187,111.54
09.203,33.89
09.218,-29.54
09.234,-75.99
09.250,-108.19
09.265,-132.69
09.281,-157.08
09.296,-186.73
09.312,-222.72
09.328,-261.74
09.343,-297.89
09.359,-325.52
09.375,-341.72
09.390,-347.42
09.406,-346.34
09.421,-343.22
09.437,-341.67
09.453,-342.93
09.468,-345.9
09.484,-348.11
09.500,-347.15
09.515,-341.68
09.531,-331.84
09.546,-318.55
09.562,-302.43
09.578,-282.93
09.593,-258.3
09.609,-225.91
09.625,-182.98
09.640,-127.61
09.656,-59.32
09.671,19.94
09.687,104.71
09.703,185.73
09.718,251.28
09.734,290.59
09.750,298.4
09.765,278.6
09.781,244.41
09.796,214.51
09.812,205.65
09.828,225.48
09.843,269.05
09.859,320.81
09.875,361.19
09.890,374.4
09.906,354.12
09.921,304.63
09.937,237.68
09.953,167.46
09.968,105.71
09.984,59.23
10.000,29.45
10.015,14.03
10.031,8.76
10.046,9.15
10.062,11.29
10.078,12.49
10.093,11.27
10.109,7.52
10.125,2.28
10.140,-3.21
10.156,-8.2
10.171,-12.71
10.187,-17.35
10.203,-22.69
10.218,-28.5
10.234,-33.5
10.250,-36.01
10.265,-35.32
10.281,-32.73
10.296,-31.4
10.312,-34.83
10.328,-44.86
10.343,-60.3
10.359,-77.06
10.375,-89.72
10.390,-93.6
10.406,-86.59
10.421,-69.47
10.437,-45.66
10.453,-19.96
10.468,2.53
10.484,17.73
10.500,23.69
10.515,21.31
10.531,14.39
10.546,8.3
10.562,8.19
10.578,16.61
10.593,32.88
10.609,53.64
10.625,75.01
10.640,94.65
10.656,112.71
10.671,131.18
10.687,151.81
10.703,174.6
10.718,197.17
10.734,216.05
10.750,228.57
10.765,234.32
10.781,235.47
10.796,235.7
10.812,238.51
10.828,246.05
10.843,258.7
10.859,275.23
10.875,293.36
10.890,310.29
10.906,323.2
10.921,329.81
10.937,328.82
10.953,319.99
10.968,304.08
10.984,282.83
11.000,258.73
11.015,234.82
11.031,214.1
11.046,198.64
11.062,188.23
11.078,181.11
11.093,175.05
11.109,168.67
11.125,162.3
11.140,157.68
11.156,156.95
11.171,160.92
11.187,168.01
11.203,173.84
11.218,173.53
11.234,164.28
11.250,146.34
11.265,122.52
11.281,96.35
11.296,70.64
11.312,46.62
11.328,24.35
11.343,2.27
11.359,-20.19
11.375,-41.75
11.390,-60.14
11.406,-73.77
11.421,-82.85
11.437,-89.03
11.453,-94.57
11.468,-101.2
11.484,-113.1
11.500,-131.77
11.515,-154.8
11.531,-177.24
11.546,-194.85
11.562,-206.19
11.578,-212.12
11.593,-214.7
11.609,-215.89
11.625,-224.51
11.640,-245.57
11.656,-277.12
11.671,-311.86
11.687,-343.1
11.703,-368.33
11.718,-388.28
11.734,-405.23
11.750,-421.28
11.765,-449.67
11.781,-497.98
11.796,-562.78
11.812,-632.0
11.828,-693.91
11.843,-743.01
11.859,-779.08
11.875,-804.5
11.890,-821.97
11.906,-849.15
11.921,-896.84
11.937,-962.04
11.953,-1031.14
11.968,-1091.47
11.984,-1138.55
12.000,-1174.78
12.015,-1205.67
12.031,-1137.62
12.046,-929.74
12.062,-615.28
12.078,-278.39
12.093,11.52
12.109,229.72
12.125,381.98
12.140,484.5
12.156,552.97
12.171,599.21
12.187,615.69
12.203,597.46
12.218,551.1
12.234,493.73
12.250,443.34
12.265,411.87
12.281,404.74
12.296,421.67
12.312,457.23
12.328,490.55
12.343,503.92
12.359,491.87
12.375,461.69
12.390,425.38
12.406,392.38
12.421,367.44
12.437,351.05
12.453,340.73
12.468,325.8
12.484,299.6
12.500,263.67
12.515,225.94
12.531,194.23
12.546,171.69
12.562,156.89
12.578,146.39
12.593,136.51
12.609,121.59
12.625,99.35
12.640,71.97
12.656,44.48
12.671,21.18
12.687,4.82
12.703,-3.78
12.718,-4.23
12.734,3.78
12.750,18.51
12.765,37.15
12.781,55.69
12.796,69.44
12.812,74.45
12.828,69.78
12.843,57.99
12.859,43.97
12.875,32.33
12.890,25.26
12.906,23.41
12.921,26.83
12.937,35.92
12.953,51.03
12.968,71.07
12.984,91.48
13.000,106.25
13.015,109.53
13.031,98.51
13.046,75.16
13.062,44.93
13.078,14.29
13.093,-12.03
13.109,-32.3
13.125,-47.48
13.140,-58.96
13.156,-68.1
13.171,-75.58
13.187,-81.26
13.203,-84.95
13.218,-86.43
13.234,-85.95
13.250,-83.24
13.265,-78.19
13.281,-69.87
13.296,-57.41
13.312,-40.47
13.328,-19.25
13.343,4.72
13.359,29.21
13.375,51.71
13.390,70.13
13.406,83.17
13.421,90.88
13.437,94.22
13.453,94.6
13.468,93.54
13.484,91.83
13.500,89.44
13.515,85.99
13.531,80.96
13.546,74.41
13.562,67.2
13.578,60.48
13.593,55.63
13.609,53.97
13.625,55.54
13.640,59.36
13.656,64.56
13.671,70.34
13.687,76.54
13.703,83.83
13.718,93.25
13.734,105.9
13.750,123.34
13.765,146.71
13.781,175.98
13.796,209.64
13.812,243.68
13.828,271.74
13.843,286.15
13.859,280.52
13.875,252.34
13.890,204.39
13.906,143.75
13.921,78.95
13.937,17.18
13.953,-36.53
13.968,-81.2
13.984,-119.04
14.000,-153.04
14.015,-184.45
14.031,-212.45
14.046,-235.48
14.062,-252.88
14.078,-266.34
14.093,-280.08
14.109,-298.93
14.125,-325.73
14.140,-360.34
14.156,-399.63
14.171,-439.83
14.187,-478.16
14.203,-513.13
14.218,-543.21
14.234,-565.76
14.250,-576.64
14.265,-570.99
14.281,-545.54
14.296,-500.52
14.312,-440.65
14.328,-373.26
14.343,-306.05
14.359,-244.65
14.375,-191.9
14.390,-148.12
14.406,-111.68
14.421,-79.72
14.437,-48.35
14.453,-13.78
14.468,27.3
14.484,76.8
14.500,135.17
14.515,201.07
14.531,271.11
14.546,339.73
14.562,399.73
14.578,444.15
14.593,468.65
14.609,473.73
14.625,465.16
14.640,451.77
14.656,441.41
14.671,437.13
14.687,436.45
14.703,433.54
14.718,423.31
14.734,404.68
14.750,380.48
14.765,354.56
14.781,328.44
14.796,299.78
14.812,263.44
14.828,214.86
14.843,153.12
14.859,82.79
14.875,13.07
14.890,-44.9
14.906,-81.73
14.921,-93.16
14.937,-81.37
14.953,-54.78
14.968,-24.91
14.984,-2.7
15.000,5.48
15.015,-0.2
15.031,-13.61
15.046,-25.82
15.062,-29.66
15.078,-22.49
15.093,-6.84
15.109,11.54
15.125,27.05
15.140,36.74
15.156,40.89
15.171,41.78
15.187,41.81
15.203,41.6
15.218,39.29
15.234,31.59
15.250,15.45
15.265,-10.39
15.281,-44.35
15.296,-81.81
15.312,-116.41
15.328,-141.81
15.343,-154.2
15.359,-153.23
15.375,-141.79
15.390,-123.91
15.406,-102.7
15.421,-79.68
15.437,-55.41
15.453,-31.53
15.468,-11.56
15.484,0.3
15.500,1.94
15.515,-4.06
15.531,-10.32
15.546,-7.51
15.562,10.75
15.578,44.28
15.593,85.99
15.609,124.55
15.625,149.06
15.640,152.69
15.656,134.16
15.671,96.69
15.687,46.22
15.703,-9.89
15.718,-63.57
15.734,-106.74
15.750,-132.39
15.765,-136.27
15.781,-119.17
15.796,-87.15
15.812,-49.86
15.828,-17.03
15.843,5.18
15.859,16.81
15.875,22.78
15.890,29.59
15.906,41.65
15.921,58.26
15.937,74.63
15.953,84.96
15.968,85.78
15.984,77.56
16.000,63.84
16.015,47.97
16.031,31.17
16.046,12.13
16.062,-11.55
16.078,-41.16
16.093,-75.44
16.109,-110.79
16.125,-142.39
16.140,-165.21
16.156,-175.16
16.171,-169.13
16.187,-146.06
16.203,-107.92
16.218,-60.48
16.234,-13.21
16.250,22.97
16.265,39.63
16.281,35.04
16.296,14.96
16.312,-8.63
16.328,-22.69
16.343,-18.62
16.359,4.36
16.375,38.58
16.390,71.4
16.406,90.75
16.421,89.72
16.437,67.93
16.453,30.55
16.468,-15.94
16.484,-65.97
16.500,-115.63
16.515,-162.75
16.531,-205.7
16.546,-242.21
16.562,-269.31
16.578,-284.06
16.593,-283.54
16.609,-266.89
16.625,-234.81
16.640,-188.94
16.656,-132.62
16.671,-70.53
16.687,-8.16
16.703,49.28
16.718,97.57
16.734,135.03
16.750,160.1
16.765,172.23
16.781,172.47
16.796,162.25
16.812,143.31
16.828,117.29
16.843,85.39
16.859,48.3
16.875,7.45
16.890,-37.25
16.906,-84.76
16.921,-125.75
16.937,-148.49
16.953,-143.42
16.968,-109.52
16.984,-55.52
17.000,-1.47
17.015,45.99
17.031,85.7
17.046,118.01
17.062,142.63
17.078,157.56
17.093,158.63
17.109,142.44
17.125,108.36
17.140,59.47
17.156,2.88
17.171,-54.53
17.187,-106.5
17.203,-147.87
17.218,-176.37
17.234,-192.63
17.250,-199.87
17.265,-202.02
17.281,-201.98
17.296,-199.88
17.312,-194.76
17.328,-184.49
17.343,-166.24
17.359,-138.7
17.375,-102.63
17.390,-60.76
17.406,-16.68
17.421,27.02
17.437,69.79
17.453,111.11
17.468,149.79
17.484,183.62
17.500,208.5
17.515,219.32
17.531,211.98
17.546,185.27
17.562,141.92
17.578,88.39
17.593,31.94
17.609,-21.04
17.625,-65.88
17.640,-100.39
17.656,-124.67
17.671,-140.43
17.687,-150.13
17.703,-155.41
17.718,-156.17
17.734,-150.96
17.750,-137.25
17.765,-112.95
17.781,-77.46
17.796,-32.71
17.812,17.72
17.828,69.87
17.843,120.93
17.859,168.95
17.875,211.41
17.890,244.74
17.906,264.83
17.921,269.22
17.937,259.28
17.953,240.81
17.968,221.47
17.984,206.76
18.000,195.8
18.015,181.24
18.031,154.31
18.046,111.47
18.062,58.47
18.078,9.67
18.093,-17.41
18.109,-10.34
18.125,32.95
18.140,102.06
18.156,173.9
18.171,222.47
18.187,229.57
18.203,194.67
18.218,134.64
18.234,72.55
18.250,24.82
18.265,-3.35
18.281,-14.99
18.296,-14.37
18.312,-4.25
18.328,15.33
18.343,43.52
18.359,74.38
18.375,98.11
18.390,105.68
18.406,94.72
18.421,72.41
18.437,50.57
18.453,43.18
18.468,57.4
18.484,89.24
18.500,124.08
18.515,143.75
18.531,135.3
18.546,95.9
18.562,32.98
18.578,-40.38
18.593,-109.59
18.609,-163.99
18.625,-197.71
18.640,-210.38
18.656,-207.08
18.671,-195.72
18.687,-184.55
18.703,-178.52
18.718,-178.04
18.734,-178.87
18.750,-176.05
18.765,-168.19
18.781,-158.66
18.796,-153.2
18.812,-154.73
18.828,-159.57
18.843,-158.16
18.859,-140.54
18.875,-103.16
18.890,-52.97
18.906,-4.85
18.921,24.56
18.937,25.87
18.953,1.63
18.968,-35.97
18.984,-71.91
19.000,-95.0
19.015,-101.75
19.031,-93.51
19.046,-72.73
19.062,-41.92
19.078,-4.37
19.093,36.26
19.109,73.77
19.125,101.22
19.140,114.14
19.156,111.02
19.171,93.64
19.187,65.17
19.203,28.6
19.218,-13.0
19.234,-54.51
19.250,-88.66
19.265,-108.69
19.281,-112.27
19.296,-104.41
19.312,-96.57
19.328,-101.35
19.343,-127.59
19.359,-174.56
19.375,-230.72
19.390,-278.27
19.406,-299.47
19.421,-284.68
19.437,-235.9
19.453,-166.2
19.468,-93.66
19.484,-35.37
19.500,-0.71
19.515,11.24
19.531,9.88
19.546,8.77
19.562,19.01
19.578,43.93
19.593,80.48
19.609,122.6
19.625,164.49
19.640,201.74
19.656,229.76
19.671,245.28
19.687,247.51
19.703,236.69
19.718,211.83
19.734,172.61
19.750,122.59
19.765,69.06
19.781,20.83
19.796,-15.24
19.812,-37.01
19.828,-47.07
19.843,-50.88
19.859,-53.98
19.875,-60.24
19.890,-68.57
19.906,-74.89
19.921,-74.82
19.937,-64.86
19.953,-44.01
19.968,-14.16
19.984,21.16
20.000,57.8
20.015,93.07
20.031,126.59
20.046,159.59
20.062,194.15
20.078,232.63
20.093,277.27
20.109,325.37
20.125,373.25
20.140,414.81
20.156,442.32
20.171,448.1
20.187,426.68
20.203,377.17
20.218,304.2
20.234,216.58
20.250,124.49
20.265,37.05
20.281,-40.23
20.296,-104.97
20.312,-156.48
20.328,-194.65
20.343,-219.54
20.359,-231.91
20.375,-234.11
20.390,-230.24
20.406,-224.87
20.421,-222.36
20.437,-225.5
20.453,-234.98
20.468,-249.63
20.484,-266.78
20.500,-283.14
20.515,-295.43
20.531,-301.05
20.546,-298.4
20.562,-287.49
20.578,-269.73
20.593,-247.45
20.609,-223.36
20.625,-199.85
20.640,-178.81
20.656,-161.51
20.671,-148.44
20.687,-139.17
20.703,-132.4
20.718,-125.9
20.734,-116.69
20.750,-101.84
20.765,-79.3
20.781,-49.13
20.796,-13.9
20.812,21.66
20.828,52.27
20.843,74.05
20.859,86.02
20.875,90.46
20.890,91.54
20.906,93.37
20.921,98.3
20.937,106.43
20.953,116.49
20.968,127.08
20.984,137.41
21.000,147.0
21.015,154.48
21.031,156.95
21.046,150.49
21.062,132.12
21.078,101.92
21.093,64.17
21.109,26.37
21.125,-3.09
21.140,-18.02
21.156,-16.53
21.171,-1.22
21.187,22.28
21.203,47.78
21.218,70.58
21.234,88.38
21.250,100.64
21.265,107.47
21.281,108.36
21.296,102.04
21.312,87.29
21.328,64.05
21.343,34.29
21.359,1.81
21.375,-28.75
21.390,-53.16
21.406,-68.54
21.421,-74.0
21.437,-70.98
21.453,-63.19
21.468,-56.63
21.484,-58.43
21.500,-74.5
21.515,-106.56
21.531,-149.94
21.546,-193.35
21.562,-221.82
21.578,-222.19
21.593,-188.67
21.609,-126.28
21.625,-50.05
21.640,19.58
21.656,63.86
21.671,72.21
21.687,45.71
21.703,-3.69
21.718,-57.5
21.734,-96.74
21.750,-107.63
21.765,-84.52
21.781,-30.52
21.796,44.36
21.812,125.97
21.828,199.31
21.843,251.39
21.859,273.77
21.875,264.54
21.890,228.59
21.906,176.37
21.921,120.64
21.937,72.45
21.953,38.21
21.968,18.63
21.984,9.94
22.000,6.75
22.015,4.75
22.031,2.05
22.046,-0.34
22.062,1.15
22.078,11.88
22.093,37.48
22.109,81.36
22.125,142.03
22.140,211.61
22.156,276.67
22.171,322.02
22.187,336.42
22.203,317.21
22.218,271.6
22.234,213.87
22.250,159.34
22.265,118.29
22.281,92.74
22.296,77.24
22.312,62.74
22.328,41.32
22.343,9.49
22.359,-31.34
22.375,-76.25
22.390,-119.31
22.406,-155.47
22.421,-181.56
22.437,-196.32
22.453,-200.05
22.468,-194.02
22.484,-180.07
22.500,-160.5
22.515,-137.76
22.531,-114.48
22.546,-93.47
22.562,-77.62
22.578,-69.49
22.593,-70.8
22.609,-81.87
22.625,-101.32
22.640,-126.1
22.656,-151.74
22.671,-173.15
22.687,-185.76
22.703,-186.78
22.718,-176.53
22.734,-158.95
22.750,-141.01
22.765,-130.51
22.781,-133.14
22.796,-149.7
22.812,-175.06
22.828,-200.13
22.843,-215.66
22.859,-216.34
22.875,-202.82
22.890,-180.62
22.906,-156.35
22.921,-133.93
22.937,-112.68
22.953,-88.25
22.968,-56.18
22.984,-15.07
23.000,32.42
23.015,81.1
23.031,126.59
23.046,167.95
23.062,207.44
23.078,248.09
23.093,290.78
23.109,332.52
23.125,367.58
23.140,390.18
23.156,396.95
23.171,387.72
23.187,364.85
23.203,332.0
23.218,293.61
23.234,255.45
23.250,224.1
23.265,205.48
23.281,201.86
23.296,209.44
23.312,218.52
23.328,216.82
23.343,194.79
23.359,150.18
23.375,89.39
23.390,24.61
23.406,-30.96
23.421,-67.69
23.437,-81.88
23.453,-75.01
23.468,-51.85
23.484,-18.47
23.500,18.89
23.515,54.03
23.531,80.77
23.546,93.75
23.562,89.3
23.578,66.5
23.593,27.84
23.609,-21.18
23.625,-73.16
23.640,-120.7
23.656,-158.26
23.671,-183.83
23.687,-199.13
23.703,-209.01
23.718,-219.68
23.734,-236.28
23.750,-260.97
23.765,-291.91
23.781,-323.61
23.796,-348.26
23.812,-358.19
23.828,-348.31
23.843,-318.36
23.859,-273.92
23.875,-225.53
23.890,-186.04
23.906,-166.4
23.921,-171.71
23.937,-199.21
23.953,-239.33
23.968,-279.38
23.984,-308.53
24.000,-321.04
24.015,-316.96
24.031,-300.15
24.046,-274.84
24.062,-243.42
24.078,-205.98
24.093,-161.79
24.109,-111.12
24.125,-56.3
24.140,-0.91
24.156,52.22
24.171,102.3
24.187,150.96
24.203,200.69
24.218,252.77
24.234,305.91
24.250,356.59
24.265,400.23
24.281,432.44
24.296,450.06
24.312,450.93
24.328,434.39
24.343,402.05
24.359,359.46
24.375,316.14
24.390,283.85
24.406,272.15
24.421,283.55
24.437,311.0
24.453,339.73
24.468,352.83
24.484,337.61
24.500,290.15
24.515,215.61
24.531,125.42
24.546,32.99
24.562,-49.85
24.578,-115.39
24.593,-160.84
24.609,-188.22
24.625,-203.12
24.640,-212.21
24.656,-220.29
24.671,-227.77
24.687,-230.3
24.703,-219.94
24.718,-189.38
24.734,-134.58
24.750,-57.08
24.765,35.96
24.781,133.54
24.796,223.05
24.812,292.97
24.828,334.74
24.843,345.52
24.859,328.55
24.875,292.41
24.890,248.71
24.906,208.16
24.921,177.37
24.937,157.23
24.953,143.71
24.968,129.84
24.984,108.17
25.000,72.74
25.015,20.65
25.031,-46.98
25.046,-125.15
25.062,-205.45
25.078,-278.51
25.093,-336.7
25.109,-376.29
25.125,-398.23
25.140,-406.79
25.156,-407.26
25.171,-403.39
25.187,-397.23
25.203,-388.21
25.218,-374.58
25.234,-353.38
25.250,-320.58
25.265,-272.16
25.281,-206.07
25.296,-125.16
25.312,-38.28
25.328,39.99
25.343,94.8
25.359,116.66
25.375,105.68
25.390,72.68
25.406,35.08
25.421,10.57
25.437,10.96
25.453,39.24
25.468,90.3
25.484,154.64
25.500,222.34
25.515,285.26
25.531,337.83
25.546,375.64
25.562,394.63
25.578,391.09
25.593,362.78
25.609,310.29
25.625,238.08
25.640,154.33
25.656,69.27
25.671,-6.7
25.687,-65.49
25.703,-102.95
25.718,-119.45
25.734,-119.26
25.750,-108.96
25.765,-95.47
25.781,-84.24
25.796,-78.26
25.812,-77.87
25.828,-81.61
25.843,-87.0
25.859,-91.44
25.875,-92.94
25.890,-90.66
25.906,-85.81
25.921,-82.01
25.937,-84.89
25.953,-100.46
25.968,-132.52
25.984,-180.05
26.000,-235.85
26.015,-287.79
26.031,-321.6
26.046,-325.8
26.062,-295.67
26.078,-235.56
26.093,-158.17
26.109,-81.13
26.125,-21.75
26.140,8.37
26.156,6.58
26.171,-20.06
26.187,-57.93
26.203,-91.7
26.218,-109.44
26.234,-105.77
26.250,-81.92
26.265,-43.45
26.281,3.2
26.296,52.9
26.312,102.51
26.328,149.76
26.343,192.37
26.359,228.08
26.375,255.48
26.390,275.21
26.406,289.51
26.421,300.77
26.437,309.6
26.453,313.83
26.468,309.07
26.484,290.55
26.500,255.25
26.515,202.78
26.531,135.7
26.546,59.34
26.562,-18.67
26.578,-88.74
26.593,-140.48
26.609,-165.37
26.625,-160.09
26.640,-128.76
26.656,-82.88
26.671,-37.68
26.687,-6.53
26.703,3.91
26.718,-4.37
26.734,-22.94
26.750,-41.67
26.765,-53.52
26.781,-56.54
26.796,-53.25
26.812,-47.51
26.828,-41.8
26.843,-36.44
26.859,-30.59
26.875,-24.08
26.890,-18.52
26.906,-16.72
26.921,-20.72
26.937,-30.53
26.953,-43.85
26.968,-57.28
26.984,-68.23
27.000,-76.42
27.015,-83.66
27.031,-92.72
27.046,-105.44
27.062,-121.16
27.078,-136.3
27.093,-144.94
27.109,-140.56
27.125,-118.7
27.140,-79.56
27.156,-29.53
27.171,19.63
27.187,54.29
27.203,63.87
27.218,45.3
27.234,4.55
27.250,-45.78
27.265,-91.49
27.281,-121.89
27.296,-132.51
27.312,-124.86
27.328,-103.61
27.343,-73.8
27.359,-39.58
27.375,-4.37
27.390,28.38
27.406,54.92
27.421,72.32
27.437,80.04
27.453,80.57
27.468,78.46
27.484,78.39
27.500,82.93
27.515,91.68
27.531,102.16
27.546,111.25
27.562,116.32
27.578,115.51
27.593,106.86
27.609,87.92
27.625,56.33
27.640,11.55
27.656,-43.44
27.671,-101.59
27.687,-153.09
27.703,-188.35
27.718,-200.68
27.734,-187.81
27.750,-151.29
27.765,-95.03
27.781,-24.52
27.796,53.22
27.812,128.87
27.828,191.2
27.843,229.57
27.859,237.55
27.875,215.98
27.890,173.41
27.906,123.03
27.921,77.63
27.937,45.18
27.953,27.13
27.968,20.12
27.984,19.6
28.000,22.89
28.015,30.0
28.031,42.4
28.046,60.8
28.062,83.65
28.078,107.18
28.093,126.65
28.109,137.91
28.125,138.27
28.140,126.84
28.156,103.75
28.171,69.73
28.187,25.95
28.203,-25.47
28.218,-81.1
28.234,-135.89
28.250,-184.13
28.265,-220.54
28.281,-241.74
28.296,-246.84
28.312,-237.25
28.328,-216.35
28.343,-188.47
28.359,-158.71
28.375,-132.36
28.390,-114.36
28.406,-108.27
28.421,-115.22
28.437,-133.1
28.453,-156.87
28.468,-179.85
28.484,-195.62
28.500,-199.92
28.515,-191.35
28.531,-171.19
28.546,-142.41
28.562,-108.56
28.578,-73.13
28.593,-39.31
28.609,-10.1
28.625,11.83
28.640,24.58
28.656,28.09
28.671,24.75
28.687,19.25
28.703,16.91
28.718,21.16
28.734,31.81
28.750,45.26
28.765,57.02
28.781,64.69
28.796,70.15
28.812,78.8
28.828,96.64
28.843,126.98
28.859,168.84
28.875,217.96
28.890,269.55
28.906,320.56
28.921,370.11
28.937,417.54
28.953,460.07
28.968,491.79
28.984,505.03
29.000,493.45
29.015,454.79
29.031,391.95
29.046,311.93
29.062,223.77
29.078,136.45
29.093,57.43
29.109,-7.94
29.125,-56.47
29.140,-87.36
29.156,-101.94
29.171,-103.37
29.187,-95.5
29.203,-81.96
29.218,-65.1
29.234,-46.04
29.250,-25.22
29.265,-3.31
29.281,17.97
29.296,35.72
29.312,46.14
29.328,45.84
29.343,32.91
29.359,8.14
29.375,-24.65
29.390,-59.49
29.406,-90.37
29.421,-113.6
29.437,-129.58
29.453,-142.39
29.468,-157.47
29.484,-178.67
29.500,-206.06
29.515,-235.66
29.531,-261.24
29.546,-276.71
29.562,-278.03
29.578,-263.85
29.593,-235.24
29.609,-195.27
29.625,-149.09
29.640,-103.78
29.656,-67.37
29.671,-46.65
29.687,-44.39
29.703,-57.71
29.718,-78.74
29.734,-97.42
29.750,-104.99
29.765,-96.75
29.781,-72.69
29.796,-36.56
29.812,6.0
29.828,49.02
29.843,87.42
29.859,117.34
29.875,136.62
29.890,144.79
29.906,142.95
29.921,133.23
29.937,117.91
29.953,98.85
29.968,77.4
29.984,54.6
30.000,31.46
30.015,9.06
30.031,-12.02
30.046,-31.81
30.062,-50.83
30.078,-69.69
30.093,-88.5
30.109,-106.55
30.125,-122.6
30.140,-135.16
30.156,-142.83
30.171,-144.43
30.187,-139.08
30.203,-126.0
30.218,-104.85
30.234,-75.73
30.250,-39.21
30.265,3.76
30.281,51.91
30.296,103.31
30.312,154.95
30.328,202.27
30.343,239.73
30.359,261.99
30.375,265.6
30.390,250.1
30.406,218.02
30.421,174.13
30.437,123.96
30.453,72.61
30.468,23.97
30.484,-19.41
30.500,-56.4
30.515,-87.05
30.531,-112.48
30.546,-134.45
30.562,-154.44
30.578,-172.63
30.593,-186.92
30.609,-193.0
30.625,-186.06
30.640,-163.86
30.656,-129.12
30.671,-90.25
30.687,-59.51
30.703,-48.79
30.718,-65.39
30.734,-108.83
30.750,-170.49
30.765,-236.24
30.781,-291.29
30.796,-324.78
30.812,-332.17
30.828,-315.21
30.843,-279.7
30.859,-232.63
30.875,-179.82
30.890,-124.87
30.906,-69.38
30.921,-14.67
30.937,37.0
30.953,82.34
30.968,118.47
30.984,144.36
31.000,161.55
31.015,173.33
31.031,182.88
31.046,192.31
31.062,201.37
31.078,208.15
31.093,210.11
31.109,206.44
31.125,198.24
31.140,187.82
31.156,177.79
31.171,170.03
31.187,166.46
31.203,168.08
31.218,175.63
31.234,189.08
31.250,209.33
31.265,237.11
31.281,272.31
31.296,312.55
31.312,352.63
31.328,385.97
31.343,404.53
31.359,401.52
31.375,373.2
31.390,322.42
31.406,257.18
31.421,188.11
31.437,124.56
31.453,65.54
31.468,11.39
31.484,-37.37
31.500,-73.52
31.515,-96.78
31.531,-108.41
31.546,-112.0
31.562,-110.34
31.578,-106.87
31.593,-105.56
31.609,-108.99
31.625,-119.74
31.640,-140.05
31.656,-171.84
31.671,-213.91
31.687,-261.75
31.703,-307.6
31.718,-342.46
31.734,-358.86
31.750,-352.42
31.765,-324.88
31.781,-283.23
31.796,-237.41
31.812,-195.38
31.828,-161.06
31.843,-133.93
31.859,-111.19
31.875,-89.92
31.890,-67.82
31.906,-44.21
31.921,-19.16
31.937,7.02
31.953,34.58
31.968,63.48
31.984,92.69
32.000,119.94
32.015,142.63
32.031,159.06
32.046,168.6
32.062,171.36
32.078,167.01
32.093,154.12
32.109,130.35
32.125,94.15
32.140,47.15
32.156,-4.78
32.171,-52.15
32.187,-84.97
32.203,-96.2
32.218,-84.47
32.234,-54.1
32.250,-13.47
32.265,28.41
32.281,65.09
32.296,94.88
32.312,119.85
32.328,143.73
32.343,169.77
32.359,199.81
32.375,234.37
32.390,273.64
32.406,317.82
32.421,366.2
32.437,416.23
32.453,462.09
32.468,495.54
32.484,507.89
32.500,493.66
32.515,452.78
32.531,390.83
32.546,316.6
32.562,238.55
32.578,162.5
32.593,90.96
32.609,24.15
32.625,-38.63
32.640,-97.26
32.656,-150.99
32.671,-198.84
32.687,-240.33
32.703,-275.38
32.718,-304.35
32.734,-327.32
32.750,-344.22
32.765,-355.36
32.781,-361.63
32.796,-364.61
32.812,-366.58
32.828,-370.47
32.843,-379.68
32.859,-397.43
32.875,-424.97
32.890,-460.14
32.906,-496.54
32.921,-524.54
32.937,-533.95
32.953,-518.4
32.968,-477.15
32.984,-415.01
33.000,-339.23
33.015,-255.68
33.031,-167.81
33.046,-76.72
33.062,16.9
33.078,110.9
33.093,200.18
33.109,279.72
33.125,346.62
33.140,401.36
33.156,448.03
33.171,488.09
33.187,519.19
33.203,536.15
33.218,533.23
33.234,505.14
33.250,450.93
33.265,373.84
33.281,280.37
33.296,181.16
33.312,83.5
33.328,-8.26
33.343,-91.5
33.359,-165.12
33.375,-231.1
33.390,-291.17
33.406,-346.48
33.421,-396.91
33.437,-438.01
33.453,-469.51
33.468,-493.54
33.484,-513.03
33.500,-511.05
33.515,-472.91
33.531,-390.03
33.546,-267.17
33.562,-143.15
33.578,-32.08
33.593,62.15
33.609,140.23
33.625,207.56
33.640,262.73
33.656,298.55
33.671,307.91
33.687,286.85
33.703,235.82
33.718,166.04
33.734,91.93
33.750,32.57
33.765,4.62
33.781,17.2
33.796,66.81
33.812,139.91
33.828,216.88
33.843,276.79
33.859,308.82
33.875,310.11
33.890,289.69
33.906,257.58
33.921,219.95
33.937,176.17
33.953,122.87
33.968,57.11
33.984,-23.84
34.000,-116.27
34.015,-214.1
34.031,-305.26
34.046,-382.45
34.062,-443.85
34.078,-492.35
34.093,-530.15
34.109,-536.93
34.125,-497.39
34.140,-406.08
34.156,-301.35
34.171,-200.41
34.187,-111.87
34.203,-32.05
34.218,35.58
34.234,86.84
34.250,118.57
34.265,125.83
34.281,105.52
34.296,57.05
34.312,-12.06
34.328,-94.59
34.343,-182.32
34.359,-265.95
34.375,-334.22
34.390,-377.23
34.406,-392.49
34.421,-383.6
34.437,-358.01
34.453,-320.53
34.468,-277.25
34.484,-233.54
34.500,-193.88
34.515,-160.5
34.531,-134.41
34.546,-117.58
34.562,-111.14
34.578,-114.37
34.593,-122.6
34.609,-132.08
34.625,-140.26
34.640,-145.95
34.656,-147.51
34.671,-143.04
34.687,-131.17
34.703,-111.28
34.718,-83.3
34.734,-47.19
34.750,-5.1
34.765,39.54
34.781,82.85
34.796,122.21
34.812,156.29
34.828,185.0
34.843,209.13
34.859,230.52
34.875,251.92
34.890,274.82
34.906,297.76
34.921,314.96
34.937,317.42
34.953,295.98
34.968,246.22
34.984,171.97
35.000,85.81
35.015,4.95
35.031,-55.19
35.046,-86.52
35.062,-90.62
35.078,-76.09
35.093,-53.63
35.109,-31.22
35.125,-12.26
35.140,3.39
35.156,16.99
35.171,28.95
35.187,39.24
35.203,48.63
35.218,59.81
35.234,76.78
35.250,102.46
35.265,136.23
35.281,172.89
35.296,204.24
35.312,222.61
35.328,224.97
35.343,214.9
35.359,201.56
35.375,196.5
35.390,208.78
35.406,241.62
35.421,290.96
35.437,346.09
35.453,392.24
35.468,414.38
35.484,401.69
35.500,351.46
35.515,271.3
35.531,177.68
35.546,91.31
35.562,30.45
35.578,5.06
35.593,14.78
35.609,51.32
35.625,103.17
35.640,159.71
35.656,212.89
35.671,256.33
35.687,284.0
35.703,289.92
35.718,269.74
35.734,223.22
35.750,155.63
35.765,76.54
35.781,-3.06
35.796,-74.4
35.812,-133.2
35.828,-178.32
35.843,-208.78
35.859,-221.83
35.875,-213.45
35.890,-181.74
35.906,-130.6
35.921,-70.28
35.937,-13.82
35.953,28.2
35.968,52.62
35.984,65.84
36.000,80.27
36.015,108.37
36.031,155.94
36.046,219.11
36.062,286.6
36.078,345.52
36.093,386.97
36.109,408.85
36.125,414.79
36.140,409.09
36.156,393.72
36.171,366.6
36.187,323.87
36.203,263.79
36.218,189.97
36.234,110.82
36.250,37.02
36.265,-22.57
36.281,-65.69
36.296,-93.91
36.312,-110.97
36.328,-120.47
36.343,-123.96
36.359,-120.54
36.375,-109.7
36.390,-92.61
36.406,-71.95
36.421,-54.99
36.437,-48.38
36.453,-56.78
36.468,-81.65
36.484,-120.31
36.500,-164.68
36.515,-204.09
36.531,-228.62
36.546,-231.03
36.562,-212.6
36.578,-178.58
36.593,-137.05
36.609,-95.3
36.625,-57.11
36.640,-20.65
36.656,17.35
36.671,48.8
36.687,80.08
36.703,101.56
36.718,104.88
36.734,85.3
36.750,44.56
36.765,-16.97
36.781,-88.9
36.796,-155.91
36.812,-203.98
36.828,-225.9
36.843,-226.33
36.859,-212.92
36.875,-193.31
36.890,-171.35
36.906,-149.8
36.921,-130.49
36.937,-117.48
36.953,-115.59
36.968,-127.46
36.984,-154.83
37.000,-193.76
37.015,-237.01
37.031,-274.77
37.046,-298.88
37.062,-304.7
37.078,-293.49
37.093,-271.07
37.109,-244.5
37.125,-220.82
37.140,-203.48
37.156,-193.12
37.171,-189.06
37.187,-190.45
37.203,-195.64
37.218,-202.65
37.234,-208.56
37.250,-209.45
37.265,-202.06
37.281,-184.28
37.296,-156.98
37.312,-124.67
37.328,-95.48
37.343,-78.63
37.359,-81.0
37.375,-103.69
37.390,-139.7
37.406,-176.29
37.421,-199.64
37.437,-201.21
37.453,-180.66
37.468,-144.47
37.484,-101.95
37.500,-60.35
37.515,-22.59
37.531,12.69
37.546,48.53
37.562,86.78
37.578,127.17
37.593,168.32
37.609,210.1
37.625,255.26
37.640,309.05
37.656,376.83
37.671,460.84
37.687,557.97
37.703,658.72
37.718,748.88
37.734,812.61
37.750,837.05
37.765,816.24
37.781,752.94
37.796,657.42
37.812,543.35
37.828,423.3
37.843,305.69
37.859,194.63
37.875,90.74
37.890,-5.73
37.906,-93.17
37.921,-168.21
37.937,-226.46
37.953,-264.21
37.968,-279.43
37.984,-272.77
38.000,-247.09
38.015,-208.34
38.031,-164.69
38.046,-124.8
38.062,-95.59
38.078,-78.85
38.093,-70.78
38.109,-63.37
38.125,-48.32
38.140,-20.97
38.156,17.41
38.171,60.68
38.187,101.43
38.203,134.56
38.218,159.51
38.234,178.95
38.250,195.43
38.265,207.96
38.281,210.83
38.296,196.29
38.312,158.84
38.328,98.89
38.343,23.77
38.359,-54.87
38.375,-126.13
38.390,-183.74
38.406,-227.18
38.421,-260.81
38.437,-290.14
38.453,-319.46
38.468,-350.16
38.484,-380.76
38.500,-407.66
38.515,-426.25
38.531,-432.25
38.546,-422.37
38.562,-395.96
38.578,-354.75
38.593,-302.42
38.609,-242.99
38.625,-179.09
38.640,-111.33
38.656,-39.07
38.671,37.87
38.687,117.39
38.703,194.76
38.718,263.89
38.734,319.82
38.750,360.83
38.765,388.82
38.781,407.03
38.796,417.2
38.812,417.61
38.828,403.11
38.843,367.88
38.859,309.24
38.875,229.92
38.890,137.5
38.906,42.59
38.921,-45.47
38.937,-121.05
38.953,-183.17
38.968,-234.44
38.984,-278.55
39.000,-317.62
39.015,-350.22
39.031,-372.07
39.046,-377.63
39.062,-363.58
39.078,-330.7
39.093,-283.56
39.109,-228.58
39.125,-171.22
39.140,-114.11
39.156,-57.33
39.171,-0.71
39.187,53.77
39.203,99.91
39.218,128.2
39.234,131.74
39.250,112.01
39.265,79.74
39.281,49.44
39.296,31.69
39.312,28.84
39.328,36.67
39.343,47.92
39.359,58.06
39.375,67.71
39.390,81.06
39.406,102.13
39.421,131.81
39.437,168.09
39.453,204.95
39.468,235.89
39.484,255.39
39.500,260.31
39.515,250.2
39.531,226.94
39.546,193.43
39.562,153.29
39.578,110.46
39.593,68.05
39.609,29.12
39.625,-4.14
39.640,-30.96
39.656,-52.58
39.671,-69.22
39.687,-82.52
39.703,-94.72
39.718,-107.66
39.734,-123.08
39.750,-140.7
39.765,-158.77
39.781,-174.95
39.796,-187.95
39.812,-198.2
39.828,-207.97
39.843,-220.4
39.859,-237.75
39.875,-260.88
39.890,-285.62
39.906,-303.84
39.921,-305.86
39.937,-284.66
39.953,-238.64
39.968,-172.53
39.984,-95.49
40.000,-11.63
40.015,68.01
40.031,132.13
40.046,173.58
40.062,192.25
40.078,193.07
40.093,182.37
40.109,165.68
40.125,147.25
40.140,129.61
40.156,110.93
40.171,88.98
40.187,61.2
40.203,25.85
40.218,-16.64
40.234,-63.06
40.250,-108.23
40.265,-146.68
40.281,-169.49
40.296,-172.43
40.312,-154.61
40.328,-118.15
40.343,-67.52
40.359,-8.14
40.375,54.46
40.390,116.12
40.406,169.05
40.421,204.61
40.437,215.73
40.453,201.17
40.468,165.67
40.484,117.23
40.500,65.06
40.515,14.04
40.531,-33.5
40.546,-76.56
40.562,-114.3
40.578,-146.31
40.593,-172.34
40.609,-189.7
40.625,-198.82
40.640,-201.92
40.656,-198.03
40.671,-187.68
40.687,-171.25
40.703,-148.65
40.718,-119.73
40.734,-84.35
40.750,-43.37
40.765,0.17
40.781,42.56
40.796,79.6
40.812,107.44
40.828,124.81
40.843,134.29
40.859,139.86
40.875,146.29
40.890,158.15
40.906,177.97
40.921,205.69
40.937,237.5
40.953,262.54
40.968,273.1
40.984,266.09
41.000,243.32
41.015,209.01
41.031,166.59
41.046,116.89
41.062,60.22
41.078,-2.05
41.093,-65.47
41.109,-122.0
41.125,-164.85
41.140,-191.46
41.156,-204.58
41.171,-210.0
41.187,-216.04
41.203,-223.63
41.218,-229.53
41.234,-228.39
41.250,-215.04
41.265,-188.18
41.281,-150.8
41.296,-108.9
41.312,-68.75
41.328,-34.67
41.343,-7.52
41.359,14.43
41.375,34.88
41.390,57.95
41.406,86.14
41.421,119.4
41.437,154.85
41.453,187.63
41.468,212.04
41.484,223.29
41.500,215.11
41.515,185.59
41.531,137.16
41.546,76.12
41.562,11.18
41.578,-48.65
41.593,-96.09
41.609,-127.04
41.625,-140.68
41.640,-138.98
41.656,-124.47
41.671,-100.26
41.687,-70.46
41.703,-41.24
41.718,-20.93
41.734,-18.14
41.750,-38.76
41.765,-82.4
41.781,-140.54
41.796,-197.62
41.812,-236.2
41.828,-242.9
41.843,-213.26
41.859,-152.86
41.875,-75.01
41.890,4.13
41.906,70.65
41.921,116.1
41.937,138.6
41.953,141.74
41.968,132.58
41.984,118.82
42.000,106.45
42.015,98.25
42.031,92.82
42.046,85.56
42.062,71.36
42.078,47.54
42.093,16.33
42.109,-15.3
42.125,-38.13
42.140,-44.89
42.156,-32.92
42.171,-5.18
42.187,31.51
42.203,69.27
42.218,101.18
42.234,122.57
42.250,131.64
42.265,129.11
42.281,118.43
42.296,104.69
42.312,92.73
42.328,85.09
42.343,81.0
42.359,77.52
42.375,72.2
42.390,65.9
42.406,62.84
42.421,68.24
42.437,84.26
42.453,107.64
42.468,130.79
42.484,145.59
42.500,147.92
42.515,139.5
42.531,126.89
42.546,116.5
42.562,111.47
42.578,110.1
42.593,107.11
42.609,96.48
42.625,73.79
42.640,38.03
42.656,-7.79
42.671,-55.68
42.687,-95.72
42.703,-118.6
42.718,-119.53
42.734,-100.86
42.750,-71.68
42.765,-44.84
42.781,-31.51
42.796,-37.23
42.812,-58.93
42.828,-88.97
42.843,-119.26
42.859,-145.58
42.875,-168.54
42.890,-192.1
42.906,-220.36
42.921,-250.23
42.937,-282.38
42.953,-309.03
42.968,-322.57
42.984,-318.05
43.000,-295.64
43.015,-260.54
43.031,-220.91
43.046,-184.25
43.062,-153.46
43.078,-126.55
43.093,-97.42
43.109,-61.89
43.125,-21.33
43.140,16.74
43.156,41.8
43.171,45.15
43.187,24.1
43.203,-16.88
43.218,-69.56
43.234,-124.74
43.250,-175.86
43.265,-219.31
43.281,-252.87
43.296,-274.03
43.312,-280.49
43.328,-271.65
43.343,-249.67
43.359,-219.87
43.375,-188.13
43.390,-159.23
43.406,-135.26
43.421,-115.39
43.437,-97.67
43.453,-80.63
43.468,-64.12
43.484,-48.85
43.500,-35.59
43.515,-23.79
43.531,-12.07
43.546,1.05
43.562,16.46
43.578,33.99
43.593,52.25
43.609,69.7
43.625,85.04
43.640,98.01
43.656,109.97
43.671,123.46
43.687,141.18
43.703,165.41
43.718,197.61
43.734,237.91
43.750,284.93
43.765,335.06
43.781,382.13
43.796,418.45
43.812,436.96
43.828,433.53
43.843,408.6
43.859,367.2
43.875,317.01
43.890,265.39
43.906,216.69
43.921,171.11
43.937,125.78
43.953,77.0
43.968,22.63
43.984,-36.13
44.000,-94.61
44.015,-146.27
44.031,-185.0
44.046,-207.22
44.062,-212.8
44.078,-204.24
44.093,-185.15
44.109,-159.09
44.125,-129.6
44.140,-100.44
44.156,-76.14
44.171,-60.68
44.187,-55.58
44.203,-58.36
44.218,-62.28
44.234,-58.29
44.250,-38.34
44.265,1.3
44.281,59.2
44.296,128.95
44.312,201.12
44.328,264.9
44.343,309.14
44.359,323.99
44.375,303.72
44.390,249.57
44.406,171.29
44.421,85.25
44.437,9.59
44.453,-41.37
44.468,-60.73
44.484,-49.33
44.500,-12.91
44.515,40.66
44.531,102.75
44.546,163.54
44.562,211.16
44.578,232.66
44.593,217.71
44.609,163.83
44.625,79.08
44.640,-18.55
44.656,-107.12
44.671,-168.57
44.687,-194.74
44.703,-188.95
44.718,-163.5
44.734,-133.63
44.750,-110.99
44.765,-100.22
44.781,-98.19
44.796,-97.3
44.812,-89.71
44.828,-70.15
44.843,-36.19
44.859,11.63
44.875,70.28
44.890,133.96
44.906,194.43
44.921,243.04
44.937,273.97
44.953,287.09
44.968,289.14
44.984,291.12
45.000,302.72
45.015,326.91
45.031,357.86
45.046,383.55
45.062,392.02
45.078,377.17
45.093,340.8
45.109,290.53
45.125,235.14
45.140,180.21
45.156,127.1
45.171,74.86
45.187,22.8
45.203,-27.08
45.218,-70.97
45.234,-105.6
45.250,-130.57
45.265,-149.26
45.281,-167.57
45.296,-191.14
45.312,-222.25
45.328,-258.83
45.343,-294.06
45.359,-318.87
45.375,-325.5
45.390,-310.6
45.406,-276.73
45.421,-230.83
45.437,-180.99
45.453,-132.93
45.468,-88.63
45.484,-47.03
45.500,-5.87
45.515,36.22
45.531,79.39
45.546,122.69
45.562,164.82
45.578,203.95
45.593,237.21
45.609,260.1
45.625,267.71
45.640,257.49
45.656,231.48
45.671,196.63
45.687,162.0
45.703,135.26
45.718,119.47
45.734,112.78
45.750,109.5
45.765,102.89
45.781,87.71
45.796,61.33
45.812,23.41
45.828,-25.19
45.843,-83.21
45.859,-149.45
45.875,-221.68
45.890,-296.71
45.906,-370.99
45.921,-441.21
45.937,-505.51
45.953,-563.06
45.968,-613.05
45.984,-653.76
46.000,-682.22
46.015,-695.18
46.031,-691.23
46.046,-672.56
46.062,-644.94
46.078,-616.17
46.093,-592.9
46.109,-578.17
46.125,-570.98
46.140,-567.39
46.156,-562.51
46.171,-552.5
46.187,-534.97
46.203,-508.13
46.218,-470.66
46.234,-421.01
46.250,-358.11
46.265,-282.67
46.281,-197.74
46.296,-108.35
46.312,-20.5
46.328,60.24
46.343,130.64
46.359,189.64
46.375,238.28
46.390,279.14
46.406,315.54
46.421,351.26
46.437,389.81
46.453,433.15
46.468,480.63
46.484,528.68
46.500,571.17
46.515,601.55
46.531,615.43
46.546,612.32
46.562,595.47
46.578,570.34
46.593,542.24
46.609,514.91
46.625,490.6
46.640,470.24
46.656,454.41
46.671,443.12
46.687,435.25
46.703,428.41
46.718,418.75
46.734,402.2
46.750,376.31
46.765,341.57
46.781,300.95
46.796,258.58
46.812,218.14
46.828,181.33
46.843,149.07
46.859,120.74
46.875,94.81
46.890,69.69
46.906,44.85
46.921,20.96
46.937,-0.42
46.953,-17.62
46.968,-29.82
46.984,-34.49
47.000,-30.71
47.015,-19.67
47.031,-4.45
47.046,11.39
47.062,25.03
47.078,35.53
47.093,43.98
47.109,53.04
47.125,70.25
47.140,101.12
47.156,145.9
47.171,198.95
47.187,251.25
47.203,294.59
47.218,324.96
47.234,343.84
47.250,356.96
47.265,376.45
47.281,410.4
47.296,458.56
47.312,512.32
47.328,559.95
47.343,592.42
47.359,606.25
47.375,602.66
47.390,552.01
47.406,441.39
47.421,278.56
47.437,90.71
47.453,-90.26
47.468,-242.47
47.484,-358.27
47.500,-440.65
47.515,-497.7
47.531,-539.32
47.546,-567.26
47.562,-578.43
47.578,-569.86
47.593,-542.54
47.609,-502.0
47.625,-456.48
47.640,-414.4
47.656,-382.56
47.671,-360.56
47.687,-343.49
47.703,-326.46
47.718,-308.0
47.734,-291.13
47.750,-280.87
47.765,-280.39
47.781,-289.17
47.796,-303.21
47.812,-317.22
47.828,-325.15
47.843,-324.62
47.859,-317.46
47.875,-308.04
47.890,-300.57
47.906,-297.31
47.921,-298.75
47.937,-304.61
47.953,-314.49
47.968,-325.97
47.984,-335.04
48.000,-336.74
48.015,-326.37
48.031,-300.97
48.046,-260.58
48.062,-208.23
48.078,-149.01
48.093,-89.05
48.109,-33.94
48.125,11.66
48.140,44.65
48.156,63.89
48.171,71.01
48.187,70.05
48.203,66.91
48.218,67.6
48.234,76.27
48.250,94.08
48.265,119.41
48.281,148.69
48.296,177.5
48.312,201.79
48.328,218.75
48.343,227.03
48.359,226.95
48.375,220.32
48.390,209.85
48.406,197.72
48.421,185.04
48.437,171.35
48.453,155.08
48.468,135.08
48.484,111.56
48.500,86.16
48.515,61.33
48.531,39.56
48.546,22.12
48.562,9.13
48.578,-0.39
48.593,-8.25
48.609,-16.55
48.625,-27.38
48.640,-42.3
48.656,-61.85
48.671,-84.86
48.687,-108.89
48.703,-130.83
48.718,-148.1
48.734,-159.67
48.750,-166.13
48.765,-169.33
48.781,-171.57
48.796,-174.74
48.812,-179.65
48.828,-185.75
48.843,-191.47
48.859,-194.53
48.875,-192.72
48.890,-184.48
48.906,-169.43
48.921,-148.56
48.937,-123.83
48.953,-97.56
48.968,-71.67
48.984,-47.07
49.000,-23.78
49.015,-1.29
49.031,20.99
49.046,43.2
49.062,64.53
49.078,83.41
49.093,97.88
49.109,106.55
49.125,109.49
49.140,108.61
49.156,107.05
49.171,107.32
49.187,110.06
49.203,113.21
49.218,112.71
49.234,104.45
49.250,86.22
49.265,58.87
49.281,25.98
49.296,-7.64
49.312,-38.34
49.328,-64.61
49.343,-86.98
49.359,-106.47
49.375,-122.67
49.390,-133.35
49.406,-135.11
49.421,-125.76
49.437,-105.8
49.453,-79.24
49.468,-51.7
49.484,-27.73
49.500,-8.67
49.515,7.64
49.531,24.75
49.546,44.87
49.562,66.92
49.578,86.84
49.593,99.78
49.609,102.83
49.625,96.27
49.640,82.83
49.656,65.97
49.671,48.01
49.687,29.5
49.703,10.11
49.718,-10.68
49.734,-32.44
49.750,-53.59
49.765,-71.36
49.781,-82.38
49.796,-83.09
49.812,-71.09
49.828,-46.43
49.843,-12.11
49.859,26.26
49.875,62.19
49.890,90.58
49.906,109.13
49.921,118.41
49.937,120.91
49.953,119.37
49.968,115.67
49.984,110.87
50.000,105.63
50.015,100.69
50.031,97.02
50.046,95.34
50.062,95.83
50.078,97.9
50.093,100.53
50.109,102.35
50.125,102.17
50.140,99.06
50.156,92.77
50.171,83.9
50.187,73.79
50.203,64.48
50.218,58.1
50.234,56.37
50.250,59.92
50.265,68.2
50.281,79.37
50.296,90.91
50.312,100.2
50.328,104.96
50.343,103.83
50.359,96.32
50.375,82.85
50.390,64.71
50.406,44.18
50.421,24.17
50.437,8.23
50.453,-0.07
50.468,1.82
50.484,14.63
50.500,36.76
50.515,64.81
50.531,94.97
50.546,124.5
50.562,152.36
50.578,179.4
50.593,207.43
50.609,237.86
50.625,270.81
50.640,304.98
50.656,338.43
50.671,369.27
50.687,396.21
50.703,417.8
50.718,432.42
50.734,438.06
50.750,432.63
50.765,414.78
50.781,384.77
50.796,344.96
50.812,299.32
50.828,252.12
50.843,205.5
50.859,160.05
50.875,115.67
50.890,72.54
50.906,31.34
50.921,-6.85
50.937,-40.96
50.953,-69.97
50.968,-93.36
50.984,-113.47
51.000,-132.57
51.015,-151.64
51.031,-169.6
51.046,-184.27
51.062,-194.12
51.078,-199.18
51.093,-200.77
51.109,-201.31
51.125,-207.27
51.140,-224.08
51.156,-253.75
51.171,-293.89
51.187,-339.45
51.203,-385.63
51.218,-429.34
51.234,-468.96
51.250,-504.29
51.265,-540.85
51.281,-583.1
51.296,-632.07
51.312,-683.84
51.328,-732.05
51.343,-771.66
51.359,-800.69
51.375,-819.56
51.390,-797.94
51.406,-717.5
51.421,-579.59
51.437,-408.56
51.453,-235.6
51.468,-82.18
51.484,44.16
51.500,144.5
51.515,223.16
51.531,283.55
51.546,322.01
51.562,338.31
51.578,334.88
51.593,318.9
51.609,299.03
51.625,281.73
51.640,269.81
51.656,263.46
51.671,260.28
51.687,253.02
51.703,235.72
51.718,205.5
51.734,163.86
51.750,114.43
51.765,61.18
51.781,8.99
51.796,-30.65
51.812,-45.77
51.828,-32.42
51.843,3.16
51.859,46.57
51.875,83.96
51.890,107.01
51.906,113.94
51.921,108.46
51.937,96.79
51.953,83.14
51.968,67.7
51.984,49.73
52.000,29.34
52.015,9.75
52.031,-4.49
52.046,-10.93
52.062,-12.21
52.078,-12.62
52.093,-18.61
52.109,-35.94
52.125,-65.52
52.140,-102.16
52.156,-136.01
52.171,-153.08
52.187,-147.3
52.203,-120.44
52.218,-80.19
52.234,-36.69
52.250,1.98
52.265,32.43
52.281,55.23
52.296,72.71
52.312,86.74
52.328,96.83
52.343,102.4
52.359,103.53
52.375,101.39
52.390,97.85
52.406,95.39
52.421,95.65
52.437,98.82
52.453,103.79
52.468,107.4
52.484,107.55
52.500,102.14
52.515,91.0
52.531,75.88
52.546,59.62
52.562,44.48
52.578,31.35
52.593,19.8
52.609,7.97
52.625,-5.9
52.640,-23.06
52.656,-43.88
52.671,-68.14
52.687,-95.08
52.703,-121.54
52.718,-144.64
52.734,-160.17
52.750,-163.92
52.765,-153.57
52.781,-130.75
52.796,-101.22
52.812,-72.92
52.828,-52.89
52.843,-44.6
52.859,-47.44
52.875,-57.38
52.890,-69.7
52.906,-81.23
52.921,-90.99
52.937,-99.34
52.953,-106.91
52.968,-112.29
52.984,-113.42
53.000,-109.11
53.015,-99.24
53.031,-84.58
53.046,-66.92
53.062,-48.41
53.078,-30.45
53.093,-13.28
53.109,3.78
53.125,21.52
53.140,40.06
53.156,58.91
53.171,78.14
53.187,96.65
53.203,113.06
53.218,126.53
53.234,136.87
53.250,144.53
53.265,150.04
53.281,153.52
53.296,154.95
53.312,155.65
53.328,155.54
53.343,153.89
53.359,149.96
53.375,143.46
53.390,134.65
53.406,124.18
53.421,112.86
53.437,91.44
53.453,59.02
53.468,17.96
53.484,-27.34
53.500,-72.37
53.515,-113.48
53.531,-148.57
53.546,-175.74
53.562,-196.7
53.578,-213.07
53.593,-224.67
53.609,-232.22
53.625,-236.94
53.640,-240.28
53.656,-243.56
53.671,-248.27
53.687,-255.17
53.703,-264.67
53.718,-276.15
53.734,-287.35
53.750,-296.65
53.765,-303.03
53.781,-305.84
53.796,-304.69
53.812,-299.38
53.828,-289.84
53.843,-276.31
53.859,-259.19
53.875,-238.26
53.890,-214.13
53.906,-187.94
53.921,-161.05
53.937,-134.86
53.953,-110.42
53.968,-88.43
53.984,-69.07
54.000,-52.25
54.015,-37.18
54.031,-23.26
54.046,-10.09
54.062,2.74
54.078,15.56
54.093,28.56
54.109,41.76
54.125,55.1
54.140,68.52
54.156,82.01
54.171,95.32
54.187,108.02
54.203,119.56
54.218,129.26
54.234,136.61
54.250,141.23
54.265,143.09
54.281,142.33
54.296,139.31
54.312,134.41
54.328,127.88
54.343,119.94
54.359,110.64
54.375,99.96
54.390,87.86
54.406,74.67
54.421,60.91
54.437,47.27
54.453,34.46
54.468,22.92
54.484,12.85
54.500,4.17
54.515,-3.34
54.531,-9.73
54.546,-14.78
54.562,-17.87
54.578,-18.09
54.593,-14.68
54.609,-7.45
54.625,2.99
54.640,15.47
54.656,28.45
54.671,40.76
54.687,51.88
54.703,62.32
54.718,73.21
54.734,85.73
54.750,100.63
54.765,117.74
54.781,136.06
54.796,154.09
54.812,170.48
54.828,184.43
54.843,196.11
54.859,206.66
54.875,218.16
54.890,233.46
54.906,255.36
54.921,284.96
54.937,320.02
54.953,354.32
54.968,378.68
54.984,384.05
55.000,365.19
55.015,323.27
55.031,265.78
55.046,204.04
55.062,149.25
55.078,109.31
55.093,87.51
55.109,82.98
55.125,92.35
55.140,111.09
55.156,134.27
55.171,157.03
55.187,174.85
55.203,184.18
55.218,183.1
55.234,171.36
55.250,150.16
55.265,121.63
55.281,88.74
55.296,54.85
55.312,23.83
55.328,-0.57
55.343,-15.34
55.359,-18.7
55.375,-10.59
55.390,7.43
55.406,32.3
55.421,59.92
55.437,85.83
55.453,106.32
55.468,119.41
55.484,125.23
55.500,125.33
55.515,121.56
55.531,114.67
55.546,103.82
55.562,87.52
55.578,64.86
55.593,36.87
55.609,6.56
55.625,-21.96
55.640,-45.25
55.656,-61.51
55.671,-71.04
55.687,-75.78
55.703,-78.38
55.718,-81.66
55.734,-87.59
55.750,-96.14
55.765,-104.85
55.781,-108.91
55.796,-102.85
55.812,-82.69
55.828,-47.88
55.843,-1.84
55.859,49.45
55.875,99.99
55.890,146.4
55.906,188.45
55.921,227.43
55.937,263.33
55.953,293.2
55.968,311.95
55.984,314.89
56.000,300.58
56.015,271.81
56.031,234.39
56.046,193.89
56.062,153.44
56.078,113.59
56.093,73.42
56.109,33.55
56.125,-2.85
56.140,-30.92
56.156,-46.43
56.171,-47.57
56.187,-35.69
56.203,-14.47
56.218,11.92
56.234,39.6
56.250,65.55
56.265,87.4
56.281,103.61
56.296,113.7
56.312,118.15
56.328,118.33
56.343,115.15
56.359,108.25
56.375,95.76
56.390,75.45
56.406,46.54
56.421,10.96
56.437,-26.74
56.453,-61.42
56.468,-89.01
56.484,-108.16
56.500,-120.21
56.515,-127.86
56.531,-133.38
56.546,-137.2
56.562,-138.34
56.578,-134.62
56.593,-125.06
56.609,-110.41
56.625,-93.45
56.640,-78.37
56.656,-70.11
56.671,-73.35
56.687,-91.13
56.703,-124.05
56.718,-168.91
56.734,-218.88
56.750,-264.64
56.765,-297.17
56.781,-310.03
56.796,-301.0
56.812,-272.68
56.828,-230.82
56.843,-182.78
56.859,-135.11
56.875,-92.27
56.890,-55.22
56.906,-21.41
56.921,13.77
56.937,54.69
56.953,102.45
56.968,154.01
56.984,203.18
57.000,243.69
57.015,272.08
57.031,288.94
57.046,297.44
57.062,299.9
57.078,295.89
57.093,282.62
57.109,257.61
57.125,221.82
57.140,180.64
57.156,141.58
57.171,110.97
57.187,91.23
57.203,80.69
57.218,74.95
57.234,70.15
57.250,64.76
57.265,59.25
57.281,55.07
57.296,53.22
57.312,53.6
57.328,54.83
57.343,54.64
57.359,49.51
57.375,36.96
57.390,16.26
57.406,-11.83
57.421,-45.85
57.437,-84.26
57.453,-125.71
57.468,-169.19
57.484,-214.03
57.500,-262.5
57.515,-315.87
57.531,-373.9
57.546,-435.07
57.562,-497.43
57.578,-559.33
57.593,-619.33
57.609,-676.37
57.625,-729.35
57.640,-781.64
57.656,-834.77
57.671,-887.59
57.687,-937.19
57.703,-980.4
57.718,-1015.48
57.734,-1042.13
57.750,-1060.33
57.765,-1068.36
57.781,-1067.31
57.796,-1053.43
57.812,-1019.16
57.828,-958.35
57.843,-869.76
57.859,-759.55
57.875,-639.37
57.890,-521.88
57.906,-380.78
57.921,-209.48
57.937,-18.58
57.953,168.39
57.968,326.05
57.984,439.82
58.000,507.75
58.015,536.82
58.031,538.45
58.046,524.7
58.062,500.51
58.078,468.0
58.093,431.42
58.109,393.21
58.125,355.52
58.140,319.74
58.156,287.1
58.171,259.42
58.187,238.63
58.203,222.84
58.218,211.08
58.234,204.29
58.250,203.63
58.265,211.69
58.281,229.97
58.296,256.2
58.312,283.95
58.328,303.85
58.343,306.08
58.359,287.19
58.375,260.05
58.390,233.99
58.406,216.88
58.421,214.77
58.437,230.0
58.453,262.43
58.468,302.88
58.484,342.28
58.500,372.74
58.515,388.94
58.531,386.98
58.546,366.45
58.562,331.23
58.578,287.34
58.593,241.86
58.609,201.61
58.625,172.48
58.640,158.06
58.656,159.21
58.671,172.6
58.687,191.78
58.703,210.24
58.718,222.05
58.734,224.79
58.750,221.55
58.765,220.59
58.781,231.38
58.796,260.22
58.812,306.44
58.828,349.93
58.843,370.06
58.859,351.85
58.875,293.59
58.890,207.19
58.906,109.87
58.921,14.82
58.937,-72.02
58.953,-150.21
58.968,-220.37
58.984,-279.28
59.000,-321.41
59.015,-344.04
59.031,-346.59
59.046,-331.92
59.062,-305.96
59.078,-275.35
59.093,-245.24
59.109,-217.9
59.125,-191.3
59.140,-161.67
59.156,-126.06
59.171,-84.61
59.187,-39.87
59.203,4.13
59.218,42.98
59.234,72.12
59.250,87.36
59.265,86.35
59.281,69.03
59.296,37.82
59.312,-2.56
59.328,-46.62
59.343,-90.1
59.359,-130.49
59.375,-166.53
59.390,-196.49
59.406,-215.75
59.421,-216.77
59.437,-192.73
59.453,-141.56
59.468,-68.56
59.484,14.1
59.500,91.8
59.515,152.89
59.531,192.0
59.546,210.64
59.562,215.79
59.578,215.43
59.593,215.33
59.609,217.62
59.625,221.02
59.640,222.26
59.656,217.16
59.671,201.52
59.687,167.5
59.703,112.77
59.718,42.68
59.734,-30.46
59.750,-92.62
59.765,-134.89
59.781,-156.12
59.796,-161.01
59.812,-156.02
59.828,-146.0
59.843,-132.59
59.859,-116.35
59.875,-98.32
59.890,-81.05
59.906,-67.75
59.921,-60.39
59.937,-58.81
59.953,-60.9
59.968,-63.61
59.984,-63.73
