timestamp,x,y,z
00.002,0.818842,9.577099,0.14365649
00.028,0.9792584,9.787795,0.49082634
00.061,0.9912298,9.737515,0.39266106
00.101,0.9816527,9.735122,0.4285752
00.128,0.9960183,9.701602,0.37350687
00.163,1.0247496,9.699207,0.32562137
00.202,1.0199611,9.672871,0.2849187
00.228,1.0510867,9.696813,0.31365
00.262,1.0319325,9.70639,0.34477556
00.302,1.0415095,9.720756,0.36392978
00.328,1.0199611,9.675264,0.34716985
00.362,0.99362403,9.701602,0.3304099
00.403,1.0199611,9.7135725,0.37829542
00.428,0.9984126,9.701602,0.3232271
00.461,1.0439038,9.70639,0.3615355
00.501,1.036721,9.711179,0.2561874
00.528,1.0726352,9.7135725,0.28013015
00.568,1.0391153,9.7135725,0.3974496
00.602,1.0175668,9.711179,0.44533512
00.641,1.010384,9.665688,0.29210153
00.667,1.0750294,9.694419,0.37111259
00.701,1.0870007,9.70639,0.3423813
00.742,1.0032011,9.687236,0.32801566
00.768,1.0606637,9.7135725,0.32562137
00.803,1.0415095,9.718362,0.25139886
00.840,1.0415095,9.7135725,0.39266106
00.868,1.0175668,9.701602,0.2944958
00.901,1.0726352,9.682447,0.31843856
00.942,1.0606637,9.696813,0.32801566
00.968,1.0941836,9.703996,0.4644893
01.001,1.1277034,9.651321,0.3304099
01.041,1.1133378,9.651321,0.3998439
01.068,1.0223553,9.675264,0.11253092
01.101,1.0606637,9.744699,0.51955765
01.140,1.0510867,9.672871,0.28252444
01.167,1.0750294,9.665688,0.3902668
01.201,1.0486923,9.7135725,0.41420954
01.240,1.0510867,9.692024,0.2657645
01.281,1.0486923,9.70639,0.32562137
01.301,1.0654523,9.711179,0.42139238
01.342,0.9912298,9.751882,0.31125572
01.369,1.0055954,9.699207,0.28252444
01.402,1.0079896,9.73991,0.32562137
01.441,1.0055954,9.701602,0.10774237
01.469,1.0534809,9.656111,0.14844504
01.509,1.0486923,9.708784,0.19154198
01.541,1.0462981,9.75667,0.32801566
01.581,1.1971374,9.629773,0.3998439
01.608,0.87151605,9.692024,0.18675344
01.641,0.9912298,9.672871,0.3615355
01.681,1.1109436,9.668081,0.57462597
01.707,1.0223553,9.692024,0.18196489
01.740,1.0271438,9.802161,0.4836435
01.780,1.0079896,9.711179,0.2944958
01.807,0.9960183,9.644139,0.14605077
01.841,1.0654523,9.677659,0.30167863
01.881,1.0175668,9.708784,0.1987248
01.908,1.0343267,9.735122,0.2657645
01.940,1.0582695,9.737515,0.36871833
01.982,0.9816527,9.684841,0.2944958
02.007,0.9577099,9.732727,0.33519846
02.040,0.9529214,9.687236,0.3232271
02.082,0.967287,9.732727,0.4644893
02.120,0.9960183,9.7135725,0.3902668
02.147,1.0032011,9.7135725,0.35435268
02.181,0.9912298,9.7135725,0.38787252
02.220,0.99362403,9.708784,0.22745611
02.248,0.95531565,9.665688,0.20590763
02.282,0.9984126,9.72315,0.32562137
02.320,0.9792584,9.687236,0.28970724
02.347,1.0151725,9.696813,0.28970724
02.381,0.96489275,9.687236,0.4285752
02.425,0.9984126,9.725544,0.37350687
02.447,0.9577099,9.70639,0.3232271
02.481,0.9768641,9.708784,0.3615355
02.520,0.9816527,9.684841,0.28970724
02.547,0.9792584,9.672871,0.2466103
02.581,1.0223553,9.720756,0.31604427
02.620,0.9960183,9.7135725,0.29689008
02.649,0.967287,9.696813,0.26097596
02.681,0.9505271,9.70639,0.35435268
02.721,0.97446984,9.727939,0.38547826
02.748,0.967287,9.699207,0.37590113
02.781,0.967287,9.720756,0.39505535
02.821,0.97446984,9.708784,0.31125572
02.848,0.9816527,9.725544,0.31365
02.883,0.98404694,9.701602,0.2466103
02.920,1.0079896,9.7135725,0.37829542
02.948,0.9720756,9.694419,0.35674694
02.982,0.9433443,9.70639,0.31125572
03.021,0.9577099,9.737515,0.37111259
03.061,0.9624985,9.708784,0.36871833
03.082,0.9481328,9.735122,0.38308397
03.121,0.9601042,9.692024,0.3328042
03.149,0.9481328,9.696813,0.2753416
03.189,0.9816527,9.703996,0.2753416
03.222,0.9984126,9.692024,0.32083282
03.262,0.9816527,9.720756,0.37829542
03.290,0.9624985,9.694419,0.339987
03.322,0.9505271,9.696813,0.29210153
03.363,0.967287,9.725544,0.39266106
03.390,0.9720756,9.725544,0.3998439
03.422,0.9768641,9.711179,0.2657645
03.464,0.9529214,9.70639,0.3615355
03.492,0.9505271,9.7135725,0.28970724
03.522,0.9385557,9.7135725,0.3040729
03.562,0.9888355,9.694419,0.43575802
03.587,0.9720756,9.711179,0.32083282
03.621,0.9217958,9.701602,0.3615355
03.660,0.9217958,9.715967,0.2657645
03.689,0.9601042,9.727939,0.39266106
03.721,0.9960183,9.692024,0.32562137
03.761,0.96489275,9.692024,0.3040729
03.788,0.9792584,9.699207,0.34477556
03.822,0.9792584,9.711179,0.3304099
03.862,1.010384,9.718362,0.34956414
03.889,1.010384,9.715967,0.3232271
03.922,0.9768641,9.725544,0.32801566
03.961,0.9289786,9.737515,0.30167863
04.002,0.9816527,9.718362,0.33519846
04.028,0.9960183,9.701602,0.40463245
04.061,0.9912298,9.6896305,0.31365
04.102,0.9864412,9.701602,0.32083282
04.128,0.9720756,9.708784,0.2849187
04.162,1.010384,9.720756,0.31365
04.201,1.0199611,9.708784,0.35674694
04.228,0.99362403,9.680053,0.32562137
04.261,0.9792584,9.70639,0.35914123
04.302,0.97446984,9.684841,0.16281068
04.328,1.0271438,9.715967,0.35435268
04.362,0.9217958,9.914692,0.40463245
04.401,0.9433443,9.615408,0.36871833
04.428,0.9696813,9.644139,0.19633053
04.462,0.9385557,9.787795,0.51716334
04.501,1.0750294,9.574705,0.52674043
04.528,0.9864412,9.754275,0.06943397
04.562,1.0462981,9.754275,0.3423813
04.601,1.0439038,9.696813,-0.17238778
04.628,1.0151725,9.6585045,0.20351335
04.661,1.0678465,9.672871,0.4836435
04.703,1.0223553,9.694419,0.35435268
04.728,1.0199611,9.708784,0.3998439
04.762,1.0223553,9.72315,0.35674694
04.802,1.0032011,9.696813,0.35435268
04.829,1.0415095,9.696813,0.4070267
04.869,0.96489275,9.70639,0.2753416
04.903,0.97446984,9.761458,0.38547826
04.942,0.9720756,9.699207,0.3040729
04.969,1.0008069,9.670476,0.30886146
05.002,0.9960183,9.701602,0.30167863
05.041,1.0008069,9.699207,0.339987
05.068,1.0032011,9.696813,0.32562137
05.101,0.99362403,9.727939,0.3304099
05.141,0.9984126,9.703996,0.40463245
05.168,0.98404694,9.687236,0.29210153
05.201,0.9816527,9.72315,0.3615355
05.241,0.99362403,9.718362,0.32083282
05.268,0.9577099,9.701602,0.26337022
05.301,0.96489275,9.684841,0.31365
05.341,0.9505271,9.70639,0.31843856
05.368,0.9816527,9.699207,0.31843856
05.401,0.99362403,9.72315,0.4189981
05.441,0.9529214,9.72315,0.34716985
05.468,0.9313729,9.672871,0.22027329
05.501,0.9241901,9.711179,0.35435268
05.541,0.9624985,9.677659,0.24182175
05.568,0.9864412,9.802161,0.3304099
05.608,0.9433443,10.015251,0.5219519
05.641,0.8379962,9.627379,0.19154198
05.681,0.8547561,9.670476,0.41181526
05.708,0.9912298,9.730332,0.68715686
05.741,1.0032011,9.660899,0.37590113
05.781,0.8332076,9.732727,0.24421602
05.809,0.77574503,9.818921,-0.25858167
05.844,1.0127783,9.804555,0.5913859
05.881,0.9289786,9.608225,0.09337672
05.908,0.94095,9.701602,0.35435268
05.942,0.967287,9.730332,0.5219519
05.982,0.8834874,9.730332,0.35914123
06.010,0.9289786,9.732727,0.35435268
06.042,0.9577099,9.715967,0.37829542
06.082,0.9122187,9.680053,0.41420954
06.109,0.9217958,9.692024,0.30646718
06.142,0.9624985,9.737515,0.3328042
06.181,0.9529214,9.70639,0.29689008
06.208,0.95531565,9.687236,0.28731298
06.241,0.9601042,9.718362,0.35914123
06.281,0.9217958,9.711179,0.35435268
06.308,0.9122187,9.703996,0.34956414
06.342,0.94573855,9.730332,0.44772938
06.382,0.95531565,9.6896305,0.4070267
06.409,0.93616146,9.687236,0.32801566
06.442,0.91461295,9.699207,0.2753416
06.483,0.9720756,9.742304,0.35435268
06.509,0.9433443,9.708784,0.31604427
06.543,0.93616146,9.682447,0.3615355
06.582,0.93616146,9.711179,0.3902668
06.622,0.94095,9.727939,0.42618093
06.650,0.9217958,9.720756,0.34716985
06.684,0.9505271,9.711179,0.34956414
06.723,0.9601042,9.70639,0.39266106
06.750,0.9194015,9.701602,0.32083282
06.783,0.9026416,9.732727,0.32562137
06.824,0.9074302,9.73991,0.41181526
06.850,0.9529214,9.675264,0.32562137
06.884,0.9122187,9.718362,0.38068968
06.923,0.9385557,9.720756,0.33759275
06.949,0.95531565,9.703996,0.31604427
06.983,0.9768641,9.682447,0.3615355
07.022,0.9194015,9.708784,0.31843856
07.049,0.91461295,9.816526,0.5027977
07.082,1.0079896,9.668081,0.339987
07.122,0.71588814,9.864412,0.50040346
07.149,0.9481328,9.58907,0.43815228
07.182,1.0415095,9.665688,0.052674048
07.223,0.83081335,9.751882,0.16041641
07.249,0.9385557,9.876384,0.4644893
07.282,1.0079896,9.735122,0.3328042
07.322,0.9720756,9.620196,0.2753416
07.349,0.9912298,9.665688,0.36632404
07.389,0.9194015,9.809344,0.409421
07.422,0.8786988,9.747093,0.5650489
07.464,0.89067024,9.742304,0.41420954
07.488,0.8667275,9.708784,0.33759275
07.522,0.9481328,9.682447,0.36632404
07.561,0.967287,9.711179,0.30886146
07.589,0.9481328,9.708784,0.22985038
07.621,1.0032011,9.684841,0.1987248
07.662,1.0247496,9.703996,0.25379312
07.689,1.0175668,9.692024,0.2370332
07.722,0.99362403,9.730332,0.38308397
07.762,0.9577099,9.699207,0.35914123
07.789,0.9122187,9.682447,0.34716985
07.823,0.9385557,9.70639,0.4189981
07.863,0.9720756,9.727939,0.3998439
07.889,0.9792584,9.703996,0.3232271
07.922,0.96489275,9.694419,0.2657645
07.963,0.9912298,9.692024,0.28013015
07.991,1.0391153,9.7135725,0.29210153
08.022,0.98404694,9.684841,0.31125572
08.063,0.9792584,9.72315,0.42618093
08.090,0.9792584,9.708784,0.35435268
08.122,0.9529214,9.708784,0.4166038
08.163,1.0151725,9.720756,0.40223816
08.190,1.0199611,9.663293,0.33519846
08.223,0.9960183,9.701602,0.31604427
08.262,0.9074302,9.96976,0.38787252
08.302,0.9241901,9.732727,0.27055305
08.329,0.9194015,9.632168,0.32562137
08.362,1.0558752,9.720756,0.55307746
08.402,1.063058,9.70639,0.37829542
08.429,0.9912298,9.648928,0.4764607
08.462,0.9720756,9.703996,0.062251143
08.503,1.0726352,9.761458,0.4860378
08.530,1.2354459,9.694419,0.6368771
08.563,1.0319325,9.577099,-0.11492519
08.603,1.0247496,9.70639,0.6368771
08.630,0.98404694,9.701602,0.28731298
08.663,0.9505271,9.735122,0.4166038
08.703,0.9720756,9.70639,0.42378664
08.730,0.9624985,9.694419,0.32083282
08.763,0.94573855,9.720756,0.339987
08.802,0.92658436,9.718362,0.2466103
08.830,0.9816527,9.730332,0.30167863
08.863,0.9624985,9.718362,0.37590113
08.903,0.9074302,9.699207,0.36632404
08.930,0.8978531,9.680053,0.28970724
08.963,0.9481328,9.730332,0.31365
09.003,0.94573855,9.727939,0.4189981
09.030,0.98404694,9.730332,0.41181526
09.063,0.967287,9.708784,0.3615355
09.103,0.9505271,9.699207,0.33759275
09.130,0.94573855,9.692024,0.3423813
09.170,0.9888355,9.701602,0.34716985
09.204,0.95531565,9.711179,0.31604427
09.231,0.9313729,9.718362,0.3423813
09.264,0.9217958,9.711179,0.34477556
09.303,0.92658436,9.718362,0.36871833
09.343,0.9505271,9.703996,0.4070267
09.370,0.9433443,9.70639,0.36632404
09.402,0.92658436,9.703996,0.31365
09.444,0.89067024,9.70639,0.2849187
09.470,0.94573855,9.727939,0.36871833
09.503,0.9433443,9.718362,0.3902668
09.542,0.92658436,9.72315,0.4070267
09.569,0.91461295,9.703996,0.339987
09.603,0.9337672,9.692024,0.37829542
09.643,0.9241901,9.72315,0.3423813
09.670,0.9720756,9.727939,0.3902668
09.705,0.9433443,9.687236,0.38787252
09.745,0.9074302,9.70639,0.32083282
09.771,0.91700727,9.7135725,0.33519846
09.804,0.9122187,9.730332,0.37829542
09.843,0.94095,9.727939,0.4166038
09.870,0.9289786,9.7135725,0.37829542
09.903,0.9074302,9.694419,0.32801566
09.943,0.93616146,9.711179,0.39266106
09.983,0.94573855,9.703996,0.38787252
10.009,0.94095,9.696813,0.37829542
10.043,0.91461295,9.699207,0.35435268
10.083,0.9074302,9.708784,0.34716985
10.111,0.9217958,9.70639,0.37111259
10.143,0.91700727,9.701602,0.37350687
10.182,0.9577099,9.70639,0.40463245
10.210,0.91461295,9.708784,0.35914123
10.243,0.89545876,9.720756,0.37590113
10.284,0.9194015,9.703996,0.37111259
10.307,0.91461295,9.701602,0.34956414
10.343,0.9217958,9.7135725,0.38068968
10.382,0.9696813,9.711179,0.38068968
10.409,0.97446984,9.699207,0.40463245
10.442,0.90503585,9.6896305,0.35674694
10.483,0.9194015,9.7135725,0.38308397
10.510,0.9313729,9.7135725,0.38068968
10.542,0.9337672,9.730332,0.4668836
10.583,0.89545876,9.7135725,0.3423813
10.609,0.9026416,9.72315,0.37829542
10.643,0.9385557,9.725544,0.38068968
10.683,0.9505271,9.703996,0.38547826
10.709,0.9505271,9.725544,0.37829542
10.749,0.9217958,9.720756,0.4189981
10.783,0.9122187,9.715967,0.34716985
10.810,0.90503585,9.720756,0.409421
10.850,0.89545876,9.715967,0.38308397
10.883,0.9194015,9.692024,0.39266106
10.922,0.9194015,9.696813,0.3615355
10.949,0.89545876,9.701602,0.31843856
10.983,0.9122187,9.718362,0.339987
11.023,0.92658436,9.720756,0.40223816
11.051,0.9194015,9.7135725,0.44772938
11.083,0.9217958,9.62259,0.45970076
11.123,0.90024734,9.641745,0.35674694
11.150,0.9026416,9.708784,0.38547826
11.183,0.9624985,9.684841,0.29689008
11.223,1.0055954,9.742304,0.4740664
11.250,0.9696813,9.672871,0.3998439
11.282,0.92658436,9.644139,0.31604427
11.322,0.9601042,9.725544,0.29210153
11.349,0.9194015,9.754275,0.3615355
11.384,1.0415095,9.718362,0.4285752
11.422,0.9696813,9.696813,0.41181526
11.449,0.9433443,9.732727,0.505192
11.482,0.9217958,9.687236,0.32801566
11.522,0.9433443,9.725544,0.4189981
11.550,0.9601042,9.718362,0.37350687
11.583,0.9601042,9.708784,0.3974496
11.623,0.9505271,9.682447,0.3040729
11.663,0.9792584,9.694419,0.36871833
11.689,1.0008069,9.718362,0.409421
11.722,0.99362403,9.703996,0.42378664
11.762,0.967287,9.701602,0.39505535
11.789,0.9337672,9.7135725,0.43096948
11.822,0.9313729,9.711179,0.38308397
11.863,0.9289786,9.718362,0.4285752
11.889,0.97446984,9.715967,0.44533512
11.922,0.9577099,9.670476,0.34956414
11.963,0.98404694,9.720756,0.37350687
11.997,0.9768641,9.708784,0.32083282
12.028,1.0175668,9.7135725,0.4189981
12.062,1.0079896,9.687236,0.42139238
12.089,0.9984126,9.7135725,0.4166038
12.123,0.9792584,9.692024,0.42618093
12.162,0.98404694,9.699207,0.35674694
12.189,0.98404694,9.701602,0.39505535
12.222,0.9816527,9.711179,0.38308397
12.262,0.9624985,9.703996,0.39505535
12.289,0.96489275,9.703996,0.43336374
12.323,0.9577099,9.703996,0.36392978
12.362,0.9720756,9.696813,0.43815228
12.389,0.967287,9.720756,0.4166038
12.429,0.9385557,9.70639,0.31125572
12.463,0.96489275,9.699207,0.4070267
12.502,0.967287,9.694419,0.40463245
12.529,0.9720756,9.711179,0.42618093
12.563,0.9481328,9.701602,0.38308397
12.602,0.9529214,9.703996,0.36632404
12.630,0.967287,9.699207,0.38068968
12.663,0.9720756,9.720756,0.37829542
12.703,0.9792584,9.699207,0.37350687
12.730,0.967287,9.720756,0.43336374
12.763,0.9289786,9.699207,0.38547826
12.804,0.9194015,9.73991,0.4189981
12.831,0.9337672,9.708784,0.42378664
12.864,0.9289786,9.680053,0.3423813
12.903,0.9577099,9.699207,0.38547826
12.932,0.9529214,9.715967,0.3615355
12.966,0.9505271,9.718362,0.339987
13.003,0.967287,9.711179,0.4285752
13.030,0.9433443,9.684841,0.43815228
13.064,0.93616146,9.703996,0.36392978
13.103,0.9433443,9.701602,0.4285752
13.129,0.91461295,9.692024,0.3519584
13.162,0.9529214,9.7135725,0.40463245
13.202,0.9337672,9.725544,0.39266106
13.229,0.9385557,9.675264,0.35914123
13.269,0.94095,9.715967,0.38547826
13.302,0.92658436,9.727939,0.339987
13.343,0.9624985,9.718362,0.47167215
13.370,0.9481328,9.699207,0.39505535
13.402,0.90503585,9.711179,0.34477556
13.442,0.94095,9.725544,0.409421
13.470,0.94573855,9.72315,0.40223816
13.502,0.89545876,9.699207,0.42378664
13.543,0.9385557,9.725544,0.36632404
13.569,0.9337672,9.715967,0.37111259
13.602,0.9433443,9.737515,0.40463245
13.643,0.9577099,9.70639,0.36632404
13.670,0.9385557,9.696813,0.42139238
13.703,0.9313729,9.701602,0.3998439
13.742,0.9122187,9.737515,0.3423813
13.769,0.9217958,9.720756,0.3902668
13.802,0.9122187,9.70639,0.43336374
13.842,0.91700727,9.72315,0.38068968
13.870,0.91461295,9.703996,0.38308397
13.903,0.90982443,9.718362,0.35674694
13.943,0.91461295,9.711179,0.41420954
13.969,0.9289786,9.720756,0.43815228
14.003,0.9289786,9.720756,0.409421
14.043,0.91700727,9.696813,0.35914123
14.069,0.92658436,9.708784,0.34477556
14.109,0.9313729,9.77343,0.41181526
14.142,0.94573855,9.682447,0.30886146
14.182,0.888276,9.680053,0.4189981
14.209,0.9026416,9.6585045,0.33759275
14.242,0.92658436,9.72315,0.44772938
14.282,0.9217958,9.725544,0.41181526
14.310,0.9505271,9.7135725,0.4285752
14.342,0.9289786,9.711179,0.3615355
14.383,0.90024734,9.684841,0.3328042
14.409,0.92658436,9.737515,0.4166038
14.442,0.9313729,9.730332,0.409421
14.482,0.87630457,9.701602,0.4285752
14.510,0.8786988,9.703996,0.41420954
14.543,0.9026416,9.711179,0.4070267
14.582,0.9026416,9.720756,0.339987
14.609,0.9385557,9.725544,0.43096948
14.643,0.9912298,9.711179,0.3902668
14.683,0.9241901,9.720756,0.34477556
14.711,0.9217958,9.692024,0.3040729
14.743,0.9601042,9.687236,0.31365
14.784,0.96489275,9.708784,0.35674694
14.809,0.9984126,9.696813,0.4189981
14.843,0.90024734,9.703996,0.36871833
14.883,0.88109314,9.70639,0.42618093
14.909,0.87630457,9.732727,0.23942748
14.949,0.8044763,9.627379,0.28013015
14.983,1.0223553,9.778218,0.55307746
15.023,1.1061549,9.6896305,0.44533512
15.049,1.0774237,9.720756,0.6296943
15.083,1.0750294,9.763853,0.77574503
15.122,1.0486923,9.656111,0.3974496
15.149,0.91700727,9.634562,0.4836435
15.183,0.9433443,9.644139,0.6440599
15.224,1.0319325,9.682447,0.67757976
15.249,1.1492519,9.754275,0.86193895
15.284,1.2809371,9.675264,0.89067024
15.322,0.9601042,9.684841,0.30646718
15.349,0.95531565,9.720756,1.0510867
15.383,1.0247496,9.763853,1.2162915
15.422,1.1133378,9.502876,0.8475733
15.449,0.9816527,9.63935,0.67757976
15.483,1.010384,9.680053,0.818842
15.523,1.0415095,9.711179,0.81644773
15.549,1.1205206,9.735122,0.8284191
15.581,1.1085492,9.680053,0.8092649
15.622,1.0032011,9.668081,0.8475733
15.649,1.0654523,9.632168,0.8140534
15.682,0.95531565,9.696813,0.80687064
15.724,0.9912298,9.663293,0.8739103
15.750,1.010384,9.682447,0.888276
15.783,1.036721,9.692024,0.7206767
15.823,1.0199611,9.672871,0.6201172
15.864,1.0008069,9.687236,0.6440599
15.884,0.96489275,9.744699,0.64166564
15.924,1.0008069,9.665688,0.69194543
15.951,0.9984126,9.665688,0.75659084
15.984,0.93616146,9.6896305,0.67757976
16.026,0.9217958,9.715967,0.50040346
16.052,0.9313729,9.70639,0.53392327
16.085,0.9768641,9.70639,0.5147691
16.124,1.0965779,9.711179,0.600963
16.164,1.0008069,9.629773,0.42378664
16.192,0.97446984,9.6896305,0.6368771
16.222,0.9217958,9.694419,0.7350424
16.262,0.9481328,9.692024,0.69912827
16.289,0.84278476,9.72315,0.5865973
16.321,0.7901107,9.701602,0.5363176
16.362,0.87151605,9.77343,0.6488485
16.390,0.9337672,9.644139,0.67757976
16.422,0.92658436,9.730332,0.4836435
16.462,0.9529214,9.725544,0.5770202
16.492,0.86193895,9.725544,0.39266106
16.522,0.8978531,9.636956,0.39505535
16.562,0.93616146,9.692024,0.6488485
16.589,0.9026416,9.715967,0.63208854
16.629,0.85236186,9.703996,0.600963
16.662,0.8786988,9.7135725,0.67757976
16.703,0.85954463,9.699207,0.5770202
16.729,0.87630457,9.703996,0.56744313
16.764,0.8786988,9.711179,0.5770202
16.802,0.90024734,9.72315,0.5411061
16.829,0.90503585,9.732727,0.5818088
16.862,0.91700727,9.692024,0.5554718
16.902,0.8834874,9.696813,0.5650489
16.929,0.88588166,9.737515,0.5794145
16.963,0.91700727,9.6896305,0.5554718
17.003,0.8834874,9.677659,0.5889916
17.029,0.8475733,9.711179,0.63208854
17.062,0.86912173,9.708784,0.54350036
17.102,0.8786988,9.701602,0.6296943
17.129,0.85954463,9.687236,0.531529
17.162,0.8978531,9.737515,0.6273
17.202,0.9026416,9.701602,0.57223165
17.229,0.87151605,9.687236,0.5147691
17.262,0.86912173,9.696813,0.5243462
17.302,0.8571504,9.718362,0.6392714
17.328,0.8739103,9.715967,0.65363705
17.363,0.84996754,9.682447,0.55307746
17.402,0.86193895,9.711179,0.65124273
17.429,0.90503585,9.72315,0.5985687
17.469,0.89545876,9.718362,0.53392327
17.502,0.87151605,9.711179,0.6344828
17.542,0.8356019,9.694419,0.6105401
17.571,0.83081335,9.680053,0.51955765
17.602,0.8834874,9.751882,0.4836435
17.642,0.86912173,9.747093,0.6608198
17.668,0.81165916,9.682447,0.43096948
17.703,0.8930645,9.651321,0.6105401
17.741,0.8547561,9.749487,0.52674043
17.769,0.8284191,9.77343,0.6177229
17.802,0.8643332,9.711179,0.5027977
17.842,0.8356019,9.6896305,0.58420306
17.868,0.84278476,9.699207,0.6296943
17.904,0.8044763,9.828498,0.57223165
17.941,0.8475733,9.754275,0.5243462
17.970,0.86193895,9.70639,0.5794145
18.002,0.89545876,9.727939,0.56265455
18.042,0.81644773,9.670476,0.66800267
18.068,0.84039044,9.70639,0.5554718
18.102,0.8140534,9.75667,0.4932206
18.143,0.88588166,9.715967,0.7302538
18.170,0.8643332,9.715967,0.409421
18.202,0.8547561,9.70639,0.57223165
18.242,0.84278476,9.725544,0.52913475
18.270,0.86193895,9.751882,0.5818088
18.309,0.84996754,9.703996,0.5985687
18.342,0.8643332,9.687236,0.57462597
18.370,0.8667275,9.70639,0.5698374
18.409,0.8786988,9.72315,0.57223165
18.442,0.90024734,9.711179,0.531529
18.482,0.9289786,9.708784,0.6201172
18.509,0.89067024,9.694419,0.54828894
18.542,0.8236305,9.692024,0.50758624
18.582,0.8667275,9.7135725,0.58420306
18.608,0.86912173,9.701602,0.5506832
18.641,0.88109314,9.711179,0.6081458
18.682,0.88109314,9.696813,0.505192
18.710,0.9074302,9.718362,0.6488485
18.742,0.93616146,9.72315,0.5219519
18.781,0.92658436,9.692024,0.56265455
18.809,0.8978531,9.670476,0.5770202
18.842,0.94573855,9.718362,0.6057515
18.882,0.9026416,9.715967,0.5770202
18.909,0.8739103,9.692024,0.50758624
18.943,0.888276,9.694419,0.5818088
18.984,0.9122187,9.720756,0.6656084
19.009,0.9313729,9.682447,0.5458947
19.042,0.9601042,9.708784,0.57223165
19.084,0.9601042,9.718362,0.70631105
19.110,0.94095,9.720756,0.5794145
19.148,0.87151605,9.73991,0.4860378
19.182,0.8834874,9.720756,0.57223165
19.222,0.9385557,9.694419,0.5363176
19.251,0.967287,9.675264,0.64166564
19.282,0.9433443,9.6585045,0.56265455
19.321,0.9289786,9.730332,0.6656084
19.348,0.9433443,9.742304,0.65124273
19.382,0.89545876,9.701602,0.47167215
19.421,0.9385557,9.703996,0.58420306
19.449,0.888276,9.692024,0.52674043
19.482,0.8547561,9.72315,0.6081458
19.522,0.8667275,9.730332,0.62251145
19.548,0.88588166,9.718362,0.6488485
19.582,0.89067024,9.692024,0.67757976
19.623,0.8786988,9.699207,0.46209505
19.649,0.9385557,9.70639,0.6105401
19.682,0.9385557,9.725544,0.52674043
19.724,0.9577099,9.6896305,0.5650489
19.750,0.9433443,9.708784,0.5818088
19.782,0.8978531,9.701602,0.49082634
19.823,0.87630457,9.701602,0.6177229
19.850,0.9241901,9.694419,0.5698374
19.882,0.8978531,9.699207,0.5818088
19.922,0.88588166,9.703996,0.6703969
19.949,0.888276,9.677659,0.505192
19.988,0.8930645,9.72315,0.59378016
20.022,0.91700727,9.7135725,0.56744313
20.062,0.90024734,9.696813,0.50758624
20.088,0.89545876,9.703996,0.51716334
20.122,0.88588166,9.708784,0.5865973
20.162,0.90024734,9.703996,0.6344828
20.188,0.8667275,9.7135725,0.65842557
20.221,0.8379962,9.711179,0.6249057
20.262,0.89067024,9.687236,0.5985687
20.288,0.87151605,9.72315,0.57462597
20.321,0.888276,9.7135725,0.54828894
20.362,0.9241901,9.7135725,0.6296943
20.388,0.8834874,9.70639,0.4956149
20.423,0.8739103,9.72315,0.55307746
20.461,0.8667275,9.70639,0.5961744
20.488,0.8547561,9.708784,0.54828894
20.521,0.8643332,9.718362,0.65842557
20.562,0.87630457,9.70639,0.5506832
20.589,0.86912173,9.7135725,0.6081458
20.622,0.85954463,9.720756,0.59378016
20.662,0.9026416,9.708784,0.58420306
20.688,0.88109314,9.70639,0.5865973
20.728,0.8739103,9.701602,0.5363176
20.762,0.87630457,9.720756,0.5865973
20.801,0.8667275,9.696813,0.6249057
20.828,0.87630457,9.70639,0.57462597
20.862,0.86193895,9.708784,0.59378016
20.902,0.88109314,9.696813,0.57223165
20.928,0.87151605,9.708784,0.56265455
20.962,0.9194015,9.6896305,0.600963
21.002,0.8667275,9.70639,0.6081458
21.028,0.87151605,9.715967,0.5458947
21.062,0.8571504,9.711179,0.53871185
21.103,0.86912173,9.715967,0.64166564
21.128,0.8571504,9.687236,0.5865973
21.161,0.8667275,9.703996,0.5770202
21.205,0.8475733,9.696813,0.57462597
21.228,0.85236186,9.7135725,0.57462597
21.261,0.88588166,9.727939,0.5794145
21.302,0.9122187,9.708784,0.6057515
21.328,0.888276,9.696813,0.58420306
21.361,0.84278476,9.7135725,0.52913475
21.403,0.8571504,9.718362,0.600963
21.429,0.8571504,9.715967,0.6177229
21.462,0.86912173,9.720756,0.61293435
21.504,0.84996754,9.696813,0.6081458
21.529,0.8571504,9.72315,0.5650489
21.562,0.845179,9.656111,0.4836435
21.601,0.89545876,9.72315,0.69194543
21.641,0.7637737,9.787795,0.6177229
21.669,0.87151605,9.557945,0.5770202
21.702,0.79250497,9.720756,0.5602603
21.742,0.84278476,9.766247,0.7015225
21.770,0.90982443,9.725544,0.6392714
21.802,0.92658436,9.725544,0.32801566
21.841,0.9624985,9.6896305,0.55307746
21.868,0.84039044,9.703996,0.18196489
21.902,0.8978531,9.730332,0.68236834
21.941,0.9026416,9.701602,0.5794145
21.969,0.88109314,9.6896305,0.6057515
22.002,0.8978531,9.747093,0.6895511
22.042,0.8667275,9.703996,0.4932206
22.071,0.8834874,9.715967,0.5698374
22.101,0.9241901,9.715967,0.53392327
22.141,0.9313729,9.699207,0.6105401
22.168,0.9337672,9.725544,0.5865973
22.202,0.89545876,9.711179,0.49800915
22.241,0.9313729,9.711179,0.5818088
22.268,0.8978531,9.703996,0.5818088
22.302,0.9505271,9.694419,0.6608198
22.341,0.9313729,9.735122,0.37350687
22.369,0.9026416,9.730332,0.7805336
22.408,0.888276,9.500483,0.41420954
22.441,0.80208206,9.656111,0.5602603
22.481,0.9122187,9.816526,0.72546524
22.508,0.9864412,9.596253,0.5602603
22.541,0.90024734,9.754275,0.39505535
22.581,1.0726352,9.711179,0.66800267
22.608,0.92658436,9.70639,0.339987
22.642,0.90024734,9.636956,0.5027977
22.682,0.9696813,9.70639,0.68715686
22.709,0.93616146,9.73991,0.6656084
22.741,0.89067024,9.720756,0.6656084
22.781,0.89545876,9.70639,0.51716334
22.808,0.9337672,9.682447,0.55786604
22.842,0.9194015,9.682447,0.4932206
22.882,0.93616146,9.70639,0.54828894
22.909,0.967287,9.725544,0.5818088
22.942,0.92658436,9.701602,0.6368771
22.981,0.87630457,9.6896305,0.5147691
23.008,0.85954463,9.694419,0.5219519
23.041,0.90982443,9.73991,0.6249057
23.081,0.888276,9.711179,0.6105401
23.108,0.8834874,9.684841,0.5865973
23.141,0.8978531,9.70639,0.57462597
23.181,0.9289786,9.7135725,0.5650489
23.209,0.8930645,9.687236,0.5027977
23.248,0.9481328,9.708784,0.5985687
23.282,0.9026416,9.680053,0.52913475
23.322,0.87151605,9.725544,0.56744313
23.348,0.9026416,9.727939,0.6177229
23.381,0.88588166,9.715967,0.5961744
23.422,0.90024734,9.730332,0.6464542
23.448,0.88109314,9.7135725,0.57462597
23.481,0.88109314,9.696813,0.54828894
23.522,0.93616146,9.703996,0.54828894
23.548,0.92658436,9.730332,0.6081458
23.581,0.9074302,9.711179,0.56265455
23.622,0.90503585,9.696813,0.6081458
23.649,0.888276,9.687236,0.5818088
23.681,0.8786988,9.718362,0.5818088
23.722,0.87630457,9.7135725,0.5506832
23.752,0.8739103,9.696813,0.54828894
23.782,0.88109314,9.696813,0.5770202
23.823,0.8978531,9.703996,0.5506832
23.849,0.9241901,9.701602,0.6273
23.881,0.90024734,9.720756,0.6057515
23.922,0.87151605,9.684841,0.5219519
23.948,0.888276,9.711179,0.56744313
23.983,0.88109314,9.732727,0.6440599
24.024,0.90982443,9.7135725,0.5985687
24.048,0.85954463,9.692024,0.55307746
24.082,0.8547561,9.718362,0.5698374
24.123,0.8834874,9.708784,0.50040346
24.162,0.87630457,9.701602,0.5411061
24.183,0.9289786,9.701602,0.6081458
24.221,0.90982443,9.711179,0.5770202
24.262,0.89067024,9.708784,0.5770202
24.288,0.91461295,9.727939,0.6464542
24.322,0.90024734,9.70639,0.6344828
24.361,0.9026416,9.687236,0.5506832
24.388,0.8786988,9.701602,0.5219519
24.423,0.89545876,9.718362,0.5219519
24.461,0.87151605,9.708784,0.5363176
24.489,0.888276,9.715967,0.62251145
24.522,0.86193895,9.708784,0.59378016
24.561,0.85954463,9.701602,0.57223165
24.588,0.88109314,9.696813,0.5794145
24.622,0.8930645,9.701602,0.5985687
24.662,0.91461295,9.699207,0.6057515
24.688,0.89545876,9.708784,0.56744313
24.722,0.9194015,9.70639,0.57462597
24.762,0.8930645,9.718362,0.5243462
24.789,0.88588166,9.684841,0.5363176
24.822,0.8930645,9.70639,0.6177229
24.863,0.88588166,9.699207,0.5411061
24.888,0.85954463,9.699207,0.5554718
24.928,0.88588166,9.718362,0.64166564
24.962,0.86912173,9.708784,0.6057515
24.990,0.8786988,9.684841,0.6105401
25.023,0.87630457,9.699207,0.5818088
25.061,0.87151605,9.7135725,0.5554718
25.101,0.8930645,9.708784,0.5411061
25.129,0.8978531,9.732727,0.61293435
25.162,0.8834874,9.696813,0.6153286
25.202,0.86193895,9.699207,0.51716334
25.228,0.8379962,9.730332,0.56744313
25.262,0.84039044,9.732727,0.65363705
25.302,0.8547561,9.711179,0.6057515
25.328,0.845179,9.677659,0.5865973
25.362,0.8475733,9.699207,0.53392327
25.403,0.8739103,9.718362,0.5698374
25.428,0.9026416,9.732727,0.6344828
25.462,0.8643332,9.701602,0.6153286
25.501,0.81165916,9.701602,0.60335726
25.528,0.8356019,9.730332,0.57462597
25.561,0.8547561,9.735122,0.5865973
25.601,0.8786988,9.703996,0.5818088
25.628,0.88109314,9.684841,0.5506832
25.661,0.90503585,9.694419,0.57462597
25.702,0.86912173,9.692024,0.5506832
25.728,0.8930645,9.742304,0.67757976
25.767,0.8930645,9.699207,0.5458947
25.801,0.90024734,9.703996,0.66800267
25.829,0.9026416,9.70639,0.6464542
25.867,0.86912173,9.687236,0.50040346
25.901,0.888276,9.737515,0.6344828
25.941,0.9289786,9.711179,0.5865973
25.968,0.89067024,9.677659,0.5865973
26.001,0.8834874,9.677659,0.6081458
26.040,0.90982443,9.7135725,0.5913859
26.067,0.9122187,9.703996,0.6057515
26.101,0.90982443,9.696813,0.5913859
26.141,0.9241901,9.684841,0.6344828
26.168,0.92658436,9.694419,0.65124273
26.200,0.9074302,9.727939,0.69912827
26.241,0.84996754,9.696813,0.5889916
26.269,0.888276,9.703996,0.62251145
26.301,0.9026416,9.6896305,0.6249057
26.340,0.9529214,9.684841,0.5698374
26.368,0.9217958,9.675264,0.57462597
26.400,0.9241901,9.699207,0.6656084
26.440,0.91461295,9.711179,0.6703969
26.468,0.90503585,9.711179,0.6488485
26.509,0.87630457,9.70639,0.69194543
26.545,0.91700727,9.718362,0.7015225
26.581,0.89545876,9.699207,0.63208854
26.608,0.9289786,9.696813,0.6105401
26.641,0.9313729,9.6896305,0.5889916
26.682,0.9289786,9.692024,0.6177229
26.708,0.9529214,9.72315,0.6249057
26.741,0.97446984,9.687236,0.66321415
26.782,0.9217958,9.684841,0.65842557
26.810,0.89067024,9.687236,0.63208854
26.841,0.87151605,9.7135725,0.6057515
26.881,0.9026416,9.701602,0.6608198
26.909,0.90503585,9.711179,0.64166564
26.942,0.8667275,9.677659,0.6177229
26.983,0.8978531,9.684841,0.58420306
27.009,0.91461295,9.715967,0.63208854
27.042,0.90982443,9.711179,0.6177229
27.081,0.9289786,9.6896305,0.6608198
27.108,0.9194015,9.680053,0.6273
27.144,0.8643332,9.694419,0.6440599
27.181,0.8475733,9.72315,0.6847626
27.208,0.8834874,9.6585045,0.59378016
27.241,0.9313729,9.680053,0.54828894
27.281,0.8140534,9.833286,0.7039168
27.321,0.8332076,9.6585045,0.5506832
27.341,0.8643332,9.682447,0.66321415
27.381,0.8140534,9.79019,0.81644773
27.408,0.99362403,9.567522,0.7901107
27.447,0.8739103,9.845258,0.28252444
27.482,0.86193895,9.809344,0.43336374
27.520,0.8667275,9.665688,0.4764607
27.547,0.9194015,9.624985,0.5147691
27.580,0.90982443,9.720756,0.75180227
27.621,0.8475733,9.744699,0.70870537
27.648,0.81644773,9.732727,0.6440599
27.681,0.85236186,9.737515,0.6249057
27.721,0.8930645,9.651321,0.6177229
27.748,0.90024734,9.6896305,0.56744313
27.781,0.87630457,9.718362,0.53871185
27.821,0.90982443,9.744699,0.6488485
27.847,0.89067024,9.6896305,0.6177229
27.881,0.845179,9.663293,0.60335726
27.921,0.8571504,9.7135725,0.6751855
27.948,0.8332076,9.692024,0.6488485
27.981,0.85236186,9.73991,0.70631105
28.020,0.89545876,9.715967,0.6057515
28.048,0.8547561,9.672871,0.6057515
28.080,0.8379962,9.670476,0.65842557
28.121,0.85954463,9.759064,0.47167215
28.148,0.8571504,9.761458,0.86912173
28.183,0.89067024,9.687236,0.5602603
28.221,0.80687064,9.668081,0.6608198
28.248,0.82602483,9.680053,0.749408
28.287,0.8739103,9.732727,0.66321415
28.320,0.92658436,9.768641,0.46927786
28.361,0.84996754,9.775824,0.50040346
28.387,0.83081335,9.653716,0.4956149
28.420,0.84039044,9.641745,0.6105401
28.461,0.8643332,9.703996,0.71588814
28.487,0.82602483,9.775824,0.6895511
28.521,0.84278476,9.730332,0.6464542
28.561,0.84996754,9.651321,0.6201172
28.587,0.8044763,9.727939,0.6344828
28.620,0.91461295,9.58907,0.600963
28.661,0.8044763,9.636956,0.48124924
28.688,0.888276,9.737515,0.679974
28.721,0.90982443,9.780613,0.79250497
28.761,0.8571504,9.636956,0.62251145
28.787,0.83081335,9.70639,0.35674694
28.821,0.93616146,9.840469,0.76616794
28.860,0.8356019,9.672871,0.5219519
28.887,0.8140534,9.668081,0.6464542
28.920,0.7996878,9.675264,0.67279124
28.962,0.8739103,9.732727,0.6368771
28.988,0.8547561,9.73991,0.6703969
29.021,0.8643332,9.72315,0.6177229
29.061,0.8547561,9.675264,0.6273
29.101,0.7853221,9.70639,0.531529
29.128,0.8379962,9.751882,0.7206767
29.161,0.86193895,9.632168,0.723071
29.200,1.0846065,9.454991,0.8356019
29.227,0.9074302,9.675264,0.5913859
29.261,0.8044763,9.627379,0.44294083
29.301,0.84278476,9.804555,0.81165916
29.327,1.010384,9.725544,0.7733508
29.360,1.0127783,9.620196,0.54350036
29.400,0.91461295,9.701602,-0.0047885496
29.427,0.8475733,9.75667,0.63208854
29.460,0.9074302,9.715967,0.90024734
29.501,0.8356019,9.7135725,0.55307746
29.528,0.8547561,9.749487,0.70631105
29.560,0.80687064,9.715967,0.45970076
29.600,0.88588166,9.708784,0.6249057
29.627,0.88588166,9.72315,0.5794145
29.661,0.8930645,9.70639,0.56265455
29.700,0.85954463,9.694419,0.46927786
29.727,0.8834874,9.699207,0.54828894
29.761,0.8786988,9.715967,0.61293435
29.802,0.8332076,9.708784,0.5961744
29.829,0.81165916,9.72315,0.62251145
29.868,0.81644773,9.725544,0.67279124
29.901,0.84278476,9.692024,0.68715686
29.940,0.85236186,9.6896305,0.50758624
29.968,0.85954463,9.730332,0.52913475
30.001,0.8930645,9.70639,0.50040346
30.040,0.9194015,9.711179,0.55307746
30.067,0.9433443,9.7135725,0.5889916
30.101,0.91700727,9.7135725,0.6201172
30.142,0.8547561,9.699207,0.6057515
30.168,0.8379962,9.7135725,0.6344828
30.205,0.84996754,9.75667,0.66800267
30.241,0.89545876,9.711179,0.65124273
30.267,0.88109314,9.682447,0.5650489
30.300,0.90024734,9.6896305,0.5818088
30.341,0.9217958,9.715967,0.57223165
30.367,0.888276,9.692024,0.51716334
30.402,0.92658436,9.715967,0.6057515
30.441,0.89545876,9.696813,0.5985687
30.468,0.8978531,9.696813,0.5961744
30.500,0.8739103,9.708784,0.59378016
30.540,0.91700727,9.732727,0.6249057
30.568,0.9026416,9.696813,0.63208854
30.600,0.9289786,9.711179,0.66321415
30.641,0.85954463,9.720756,0.40463245
30.668,0.96489275,9.672871,0.54828894
30.707,0.81644773,10.000886,0.8092649
30.741,0.8739103,9.486116,0.43096948
30.780,0.85236186,9.627379,0.6392714
30.802,0.9577099,9.696813,0.75180227
30.840,1.0008069,9.603436,0.7110996
30.880,0.9313729,9.799767,0.38547826
30.908,1.1037607,9.718362,0.68236834
30.941,0.9601042,9.61062,0.42378664
30.982,0.9289786,9.615408,0.64166564
31.008,0.9505271,9.653716,0.6081458
31.040,0.9122187,9.715967,0.6751855
31.081,0.86193895,9.727939,0.65363705
31.107,0.88588166,9.751882,0.61293435
31.141,0.86193895,9.715967,0.5913859
31.181,0.86912173,9.6896305,0.6368771
31.207,0.8930645,9.696813,0.6368771
31.240,0.90024734,9.70639,0.5818088
31.281,0.8978531,9.687236,0.5147691
31.307,0.86912173,9.660899,0.44294083
31.341,0.9337672,9.730332,0.6560313
31.380,0.9241901,9.730332,0.67279124
31.407,0.87630457,9.715967,0.65842557
31.442,0.85954463,9.677659,0.6153286
31.481,0.8834874,9.682447,0.6153286
31.508,0.88588166,9.699207,0.59378016
31.547,0.89545876,9.727939,0.6249057
31.580,0.89067024,9.684841,0.5219519
31.620,0.8834874,9.720756,0.6344828
31.647,0.8786988,9.703996,0.57462597
31.681,0.888276,9.682447,0.5985687
31.720,0.88588166,9.703996,0.65842557
31.747,0.8547561,9.703996,0.5770202
31.780,0.8475733,9.694419,0.5865973
31.822,0.87151605,9.72315,0.6177229
31.847,0.88109314,9.718362,0.66800267
31.881,0.8475733,9.703996,0.6153286
31.919,0.8571504,9.682447,0.6153286
31.947,0.8571504,9.692024,0.5961744
31.980,0.8643332,9.694419,0.5794145
32.021,0.88109314,9.7135725,0.6440599
32.048,0.8739103,9.694419,0.6440599
32.081,0.85236186,9.6896305,0.6392714
32.121,0.8284191,9.725544,0.600963
32.147,0.85236186,9.742304,0.6344828
32.181,0.86193895,9.703996,0.6273
32.222,0.87630457,9.696813,0.600963
32.248,0.8475733,9.703996,0.6249057
32.280,0.8643332,9.711179,0.55786604
32.320,0.90024734,9.72315,0.6656084
32.361,0.8739103,9.687236,0.6296943
32.387,0.8571504,9.684841,0.6201172
32.421,0.845179,9.725544,0.65842557
32.461,0.8667275,9.718362,0.59378016
32.482,0.86912173,9.70639,0.6273
32.520,0.88109314,9.70639,0.6273
32.561,0.8571504,9.708784,0.65363705
32.587,0.84039044,9.701602,0.5698374
32.620,0.82123625,9.72315,0.6177229
32.661,0.8643332,9.718362,0.6368771
32.687,0.88109314,9.672871,0.59378016
32.720,0.88588166,9.699207,0.6608198
32.760,0.82602483,9.708784,0.5458947
32.787,0.85954463,9.708784,0.61293435
32.821,0.87630457,9.730332,0.6608198
32.860,0.8332076,9.694419,0.6344828
32.887,0.84996754,9.687236,0.6392714
32.920,0.8044763,9.70639,0.5794145
32.961,0.8547561,9.703996,0.600963
32.987,0.8475733,9.703996,0.5554718
33.021,0.8786988,9.720756,0.600963
33.060,0.8571504,9.715967,0.6392714
33.087,0.84039044,9.718362,0.5865973
33.120,0.82602483,9.725544,0.59378016
33.161,0.845179,9.715967,0.69194543
33.200,0.845179,9.692024,0.58420306
33.222,0.84039044,9.687236,0.5794145
33.261,0.8475733,9.708784,0.5889916
33.300,0.8739103,9.725544,0.56265455
33.327,0.89067024,9.727939,0.67279124
33.361,0.84278476,9.677659,0.5794145
33.401,0.8332076,9.70639,0.7039168
33.429,0.7972935,9.70639,0.63208854
33.461,0.8236305,9.720756,0.6177229
33.502,0.79250497,9.730332,0.60335726
33.528,0.8475733,9.725544,0.6201172
33.561,0.84278476,9.7135725,0.5554718
33.600,0.818842,9.72315,0.5865973
33.627,0.85236186,9.692024,0.5865973
33.662,0.8571504,9.694419,0.57223165
33.701,0.9026416,9.718362,0.6751855
33.728,0.90024734,9.72315,0.6153286
33.762,0.8643332,9.692024,0.51716334
33.802,0.8667275,9.720756,0.6249057
33.828,0.8930645,9.7135725,0.6249057
33.861,0.85236186,9.699207,0.6560313
33.901,0.818842,9.692024,0.56744313
33.927,0.85236186,9.703996,0.600963
33.961,0.8834874,9.715967,0.59378016
34.001,0.91461295,9.718362,0.5698374
34.029,0.9241901,9.696813,0.5985687
34.061,0.89067024,9.701602,0.6057515
34.102,0.86912173,9.7135725,0.55307746
34.131,0.85954463,9.718362,0.6153286
34.166,0.8978531,9.708784,0.6608198
34.200,0.9026416,9.6896305,0.6344828
34.240,0.8930645,9.694419,0.63208854
34.267,0.90982443,9.699207,0.5506832
34.300,0.9194015,9.699207,0.58420306
34.340,0.8978531,9.715967,0.6249057
34.367,0.93616146,9.737515,0.70870537
34.401,0.88588166,9.682447,0.6392714
34.442,0.89545876,9.692024,0.61293435
34.468,0.8930645,9.711179,0.6057515
34.501,0.89545876,9.699207,0.5506832
34.541,0.9289786,9.732727,0.6608198
34.567,0.9217958,9.708784,0.56744313
34.600,0.92658436,9.701602,0.600963
34.640,0.9529214,9.684841,0.6153286
34.668,0.9241901,9.70639,0.58420306
34.700,0.8930645,9.696813,0.6273
34.739,0.90503585,9.701602,0.5889916
34.767,0.8786988,9.687236,0.60335726
34.801,0.90024734,9.6896305,0.6440599
34.840,0.86912173,9.711179,0.6273
34.868,0.9026416,9.730332,0.6464542
34.907,0.87151605,9.727939,0.5913859
34.941,0.91461295,9.732727,0.65363705
34.980,0.9337672,9.677659,0.57223165
35.002,0.90982443,9.668081,0.5602603
35.040,0.88109314,9.718362,0.7206767
35.080,0.8643332,9.70639,0.5865973
35.108,0.9194015,9.711179,0.65124273
35.141,0.86193895,9.682447,0.57223165
35.182,0.88109314,9.715967,0.55307746
35.208,0.8667275,9.70639,0.55307746
35.241,0.8978531,9.696813,0.6057515
35.280,0.9074302,9.718362,0.6177229
35.308,0.888276,9.694419,0.6751855
35.340,0.85236186,9.715967,0.6201172
35.381,0.88588166,9.730332,0.66321415
35.408,0.8379962,9.70639,0.56744313
35.441,0.90982443,9.711179,0.67279124
35.481,0.88588166,9.670476,0.53392327
35.507,0.8739103,9.711179,0.5458947
35.541,0.91700727,9.703996,0.57462597
35.580,0.90024734,9.701602,0.5770202
35.607,0.84039044,9.696813,0.55307746
35.641,0.85236186,9.737515,0.6656084
35.680,0.84278476,9.692024,0.64166564
35.720,0.845179,9.701602,0.66800267
35.747,0.84996754,9.70639,0.61293435
35.781,0.8786988,9.687236,0.5554718
35.809,0.89545876,9.720756,0.6153286
35.842,0.89067024,9.7135725,0.5865973
35.880,0.8739103,9.703996,0.5889916
35.922,0.8332076,9.715967,0.61293435
35.948,0.82123625,9.701602,0.5650489
35.981,0.84278476,9.715967,0.6608198
36.022,0.8643332,9.699207,0.6105401
36.048,0.86912173,9.708784,0.65363705
36.081,0.84996754,9.684841,0.5794145
36.122,0.84278476,9.718362,0.5794145
36.147,0.8547561,9.715967,0.62251145
36.180,0.89067024,9.711179,0.6105401
36.221,0.83081335,9.682447,0.6249057
36.247,0.84039044,9.672871,0.5650489
36.280,0.85236186,9.703996,0.5985687
36.321,0.8571504,9.727939,0.63208854
36.347,0.8786988,9.727939,0.6656084
36.382,0.84996754,9.6896305,0.56744313
36.420,0.8284191,9.687236,0.57462597
36.448,0.8571504,9.694419,0.5794145
36.480,0.8643332,9.701602,0.6249057
36.520,0.87151605,9.703996,0.6368771
36.561,0.8284191,9.6896305,0.54350036
36.587,0.84039044,9.715967,0.6177229
36.620,0.85954463,9.727939,0.6751855
36.660,0.8236305,9.701602,0.6273
36.688,0.8332076,9.692024,0.59378016
36.720,0.8332076,9.687236,0.57462597
36.760,0.85954463,9.715967,0.600963
36.787,0.8643332,9.718362,0.6153286
36.821,0.87630457,9.696813,0.600963
36.861,0.8475733,9.696813,0.6560313
36.888,0.7972935,9.708784,0.5794145
36.920,0.8092649,9.737515,0.6368771
36.960,0.84278476,9.715967,0.6703969
36.987,0.85236186,9.7135725,0.5913859
37.021,0.84278476,9.7135725,0.57462597
37.060,0.85236186,9.70639,0.5865973
37.087,0.85954463,9.72315,0.600963
37.121,0.84039044,9.7135725,0.59378016
37.160,0.82602483,9.725544,0.6751855
37.187,0.83081335,9.694419,0.6249057
37.222,0.7901107,9.727939,0.6081458
37.261,0.86193895,9.701602,0.6296943
37.287,0.9026416,9.699207,0.62251145
37.326,0.90024734,9.692024,0.5650489
37.360,0.90024734,9.694419,0.5889916
37.400,0.88588166,9.730332,0.59378016
37.427,0.85954463,9.699207,0.5554718
37.462,0.87151605,9.687236,0.6105401
37.499,0.9026416,9.732727,0.69194543
37.528,0.84996754,9.70639,0.6105401
37.560,0.84039044,9.696813,0.6249057
37.599,0.90024734,9.715967,0.6273
37.627,0.88588166,9.694419,0.6273
37.660,0.86193895,9.715967,0.61293435
37.700,0.88109314,9.677659,0.5554718
37.727,0.8978531,9.720756,0.61293435
37.761,0.8978531,9.680053,0.5698374
37.800,0.9217958,9.701602,0.63208854
37.826,0.86193895,9.703996,0.67279124
37.860,0.8547561,9.7135725,0.5913859
37.900,0.8667275,9.735122,0.62251145
37.927,0.88109314,9.727939,0.68236834
37.960,0.88588166,9.720756,0.7206767
38.000,0.8044763,9.684841,0.21069619
38.027,0.94573855,9.684841,0.60335726
38.060,0.9816527,9.742304,0.98404694
38.099,0.94095,9.550762,0.51716334
38.127,0.81644773,9.73991,0.6201172
38.166,0.9601042,9.636956,0.6392714
38.201,0.9385557,9.775824,0.6201172
38.239,1.0439038,9.794978,0.41181526
38.267,0.96489275,9.799767,0.56744313
38.300,0.8475733,9.596253,0.23942748
38.339,0.90503585,9.692024,0.68236834
38.366,0.89067024,9.692024,0.5865973
38.398,0.90503585,9.73991,0.7805336
38.438,0.82602483,9.763853,0.5961744
38.466,0.84996754,9.6896305,0.58420306
38.499,0.90024734,9.663293,0.5913859
38.539,0.91461295,9.703996,0.61293435
38.566,0.8978531,9.73991,0.6273
38.599,0.88588166,9.699207,0.5889916
38.639,0.9385557,9.581888,0.24421602
38.666,0.86912173,9.794978,0.47167215
38.699,0.9481328,9.818921,0.98404694
38.739,0.7685622,9.536397,0.42378664
38.766,0.8930645,9.613013,0.6656084
38.799,0.94573855,9.696813,0.76616794
38.839,0.84039044,9.859624,0.5411061
38.866,0.7948992,9.804555,0.38068968
38.906,0.8284191,9.771035,0.5219519
38.939,0.7805336,9.581888,0.21309046
38.979,0.86912173,9.715967,0.72546524
39.006,0.85236186,9.742304,0.5650489
39.039,0.85236186,9.787795,0.7541966
39.080,0.818842,9.725544,0.5650489
39.106,0.84278476,9.677659,0.5698374
39.139,0.8739103,9.668081,0.57223165
39.169,0.85236186,9.696813,0.5602603
39.206,0.8236305,9.75667,0.57223165
39.238,0.8667275,9.732727,0.50758624
39.280,0.82602483,9.675264,0.45491222
39.307,0.8379962,9.701602,0.5411061
39.339,0.8643332,9.715967,0.6296943
39.380,0.8571504,9.720756,0.62251145
39.407,0.80687064,9.708784,0.55307746
39.440,0.83081335,9.718362,0.60335726
39.480,0.8475733,9.720756,0.6177229
39.507,0.82602483,9.699207,0.61293435
39.540,0.81644773,9.720756,0.5961744
39.580,0.8092649,9.680053,0.50998056
39.606,0.8284191,9.730332,0.49800915
39.639,0.85954463,9.725544,0.5770202
39.680,0.8643332,9.703996,0.6488485
39.706,0.7996878,9.711179,0.6081458
39.746,0.7781393,9.727939,0.6057515
39.779,0.7972935,9.742304,0.6703969
39.819,0.845179,9.708784,0.6153286
39.840,0.83081335,9.701602,0.5913859
39.879,0.8332076,9.682447,0.5554718
39.919,0.8236305,9.725544,0.53871185
39.946,0.85236186,9.732727,0.59378016
39.979,0.80687064,9.735122,0.67757976
40.019,0.818842,9.656111,0.43336374
40.046,0.8739103,9.699207,0.65842557
40.079,0.8571504,9.957788,0.89067024
40.118,0.7853221,9.7135725,0.4956149
40.146,0.76616794,9.663293,0.64166564
40.179,0.7972935,9.804555,0.64166564
40.219,0.7901107,9.821315,0.60335726
40.246,0.86193895,9.749487,0.25379312
40.279,0.9385557,9.850046,0.5913859
40.319,0.8356019,9.620196,0.32801566
40.346,0.84996754,9.675264,0.69912827
40.379,0.845179,9.70639,0.73743665
40.419,0.7685622,9.759064,0.8643332
40.446,0.7541966,9.761458,0.7206767
40.480,0.7589851,9.701602,0.6081458
40.521,0.8044763,9.694419,0.57223165
40.546,0.86193895,9.747093,0.5913859
40.586,0.8356019,9.708784,0.531529
40.619,0.8379962,9.737515,0.57462597
40.659,0.8044763,9.7135725,0.5985687
40.680,0.7685622,9.6896305,0.5913859
40.719,0.7948992,9.735122,0.6703969
40.760,0.7805336,9.73991,0.6608198
40.786,0.818842,9.735122,0.7039168
40.819,0.8236305,9.687236,0.6105401
40.859,0.8332076,9.682447,0.55307746
40.885,0.8739103,9.735122,0.56744313
40.918,0.87151605,9.720756,0.53871185
40.959,0.85236186,9.694419,0.5913859
40.986,0.84039044,9.70639,0.6296943
41.019,0.8236305,9.715967,0.6560313
41.059,0.8379962,9.715967,0.6273
41.086,0.84039044,9.708784,0.6560313
41.119,0.8643332,9.718362,0.600963
41.159,0.8786988,9.70639,0.5770202
41.186,0.8571504,9.708784,0.5698374
41.219,0.88109314,9.720756,0.5458947
41.260,0.8930645,9.715967,0.6560313
41.286,0.8475733,9.715967,0.59378016
41.319,0.8356019,9.711179,0.58420306
41.359,0.8547561,9.70639,0.6464542
41.386,0.82602483,9.725544,0.6105401
41.420,0.87151605,9.715967,0.7206767
41.458,0.89067024,9.6585045,0.27055305
41.498,0.98404694,9.692024,0.8547561
41.526,0.8667275,10.008069,0.9122187
41.559,0.7541966,9.514848,0.24421602
41.599,0.81644773,9.632168,0.6608198
41.626,0.86193895,9.8548355,0.70870537
41.659,0.9217958,9.601042,0.9313729
41.699,0.84039044,9.794978,0.22266756
41.726,0.8643332,9.816526,0.66321415
41.759,0.845179,9.644139,0.44294083
41.799,0.9122187,9.675264,0.5698374
41.826,0.9313729,9.737515,0.71588814
41.860,0.85236186,9.75667,0.6177229
41.899,0.8284191,9.737515,0.66800267
41.927,0.84996754,9.6896305,0.5602603
41.961,0.8356019,9.687236,0.62251145
41.999,0.84278476,9.677659,0.5650489
42.026,0.86193895,9.747093,0.56744313
42.059,0.88109314,9.763853,0.6488485
42.100,0.8332076,9.6585045,0.53392327
42.125,0.88109314,9.6896305,0.6177229
42.159,0.88588166,9.720756,0.6703969
42.200,0.86193895,9.742304,0.6656084
42.226,0.82602483,9.720756,0.5865973
42.260,0.81644773,9.703996,0.57223165
42.299,0.83081335,9.730332,0.6703969
42.339,0.845179,9.715967,0.5985687
42.361,0.8356019,9.696813,0.6368771
42.399,0.8356019,9.718362,0.5889916
42.439,0.845179,9.732727,0.6560313
42.467,0.84278476,9.725544,0.6081458
42.500,0.87630457,9.70639,0.6488485
42.539,0.8475733,9.692024,0.6201172
42.566,0.8236305,9.7135725,0.5794145
42.599,0.81165916,9.72315,0.58420306
42.640,0.8044763,9.73991,0.5961744
42.666,0.8332076,9.715967,0.6201172
42.699,0.8332076,9.699207,0.6105401
42.739,0.83081335,9.70639,0.6368771
42.766,0.82602483,9.735122,0.6153286
42.799,0.82602483,9.73991,0.6296943
42.839,0.85236186,9.696813,0.6344828
42.867,0.8092649,9.696813,0.61293435
42.900,0.8044763,9.72315,0.59378016
42.939,0.8332076,9.737515,0.6081458
42.966,0.84996754,9.72315,0.6177229
42.999,0.83081335,9.701602,0.62251145
43.040,0.81644773,9.692024,0.5650489
43.066,0.83081335,9.732727,0.6847626
43.106,0.8284191,9.6896305,0.5554718
43.139,0.83081335,9.6896305,0.6943397
43.179,0.82602483,9.727939,0.58420306
43.205,0.79250497,9.692024,0.52913475
43.239,0.7972935,9.711179,0.6392714
43.279,0.8236305,9.720756,0.6608198
43.306,0.80687064,9.701602,0.66800267
43.340,0.7829279,9.6896305,0.6057515
43.379,0.83081335,9.715967,0.5985687
43.406,0.8284191,9.725544,0.59378016
43.439,0.8379962,9.703996,0.63208854
43.481,0.8571504,9.694419,0.6488485
43.506,0.79250497,9.725544,0.6344828
43.542,0.7781393,9.715967,0.5913859
43.580,0.7948992,9.7135725,0.65842557
43.606,0.8044763,9.7135725,0.6847626
43.639,0.7877164,9.684841,0.6153286
43.679,0.818842,9.70639,0.6296943
43.706,0.8332076,9.708784,0.59378016
43.739,0.8547561,9.715967,0.5913859
43.780,0.8356019,9.701602,0.6081458
43.807,0.818842,9.692024,0.7039168
43.842,0.7781393,9.70639,0.600963
43.880,0.7877164,9.720756,0.64166564
43.906,0.8284191,9.720756,0.6368771
43.940,0.82123625,9.711179,0.65124273
43.980,0.82602483,9.718362,0.6488485
44.019,0.7853221,9.703996,0.56265455
44.046,0.79250497,9.687236,0.50998056
44.079,0.8092649,9.715967,0.6249057
44.120,0.84996754,9.6896305,0.6560313
44.141,0.818842,9.70639,0.6368771
44.180,0.79250497,9.72315,0.6201172
44.219,0.7685622,9.725544,0.61293435
44.247,0.7948992,9.699207,0.679974
44.280,0.77574503,9.708784,0.6847626
44.319,0.7948992,9.718362,0.63208854
44.347,0.7996878,9.70639,0.5865973
44.381,0.8475733,9.703996,0.6201172
44.420,0.8786988,9.703996,0.60335726
44.445,0.8834874,9.70639,0.6656084
44.480,0.83081335,9.694419,0.5985687
44.518,0.80208206,9.725544,0.5698374
44.548,0.80208206,9.742304,0.6392714
44.579,0.8092649,9.708784,0.6464542
44.618,0.80687064,9.692024,0.6201172
44.646,0.86912173,9.687236,0.63208854
44.679,0.84278476,9.696813,0.5985687
44.719,0.85954463,9.72315,0.59378016
44.747,0.88588166,9.701602,0.6105401
44.780,0.87630457,9.696813,0.6249057
44.820,0.845179,9.687236,0.66321415
44.847,0.845179,9.711179,0.6344828
44.887,0.84996754,9.696813,0.6273
44.919,0.8379962,9.711179,0.6392714
44.960,0.82602483,9.687236,0.5554718
44.987,0.8643332,9.715967,0.56265455
45.019,0.8547561,9.694419,0.6249057
45.059,0.8834874,9.703996,0.6273
45.086,0.88588166,9.699207,0.66321415
45.119,0.90503585,9.70639,0.6943397
45.160,0.8643332,9.6896305,0.57223165
45.186,0.87151605,9.711179,0.61293435
45.220,0.8786988,9.711179,0.60335726
45.259,0.8930645,9.696813,0.6751855
45.286,0.8571504,9.682447,0.59378016
45.319,0.88588166,9.682447,0.5818088
45.358,0.90982443,9.72315,0.6057515
45.385,0.9241901,9.703996,0.6153286
45.418,0.9217958,9.711179,0.60335726
45.460,0.84996754,9.684841,0.5650489
45.486,0.845179,9.703996,0.5770202
45.519,0.82602483,9.72315,0.66321415
45.560,0.8356019,9.718362,0.6608198
45.586,0.8379962,9.701602,0.6296943
45.620,0.82602483,9.7135725,0.56265455
45.659,0.85236186,9.72315,0.600963
45.687,0.8643332,9.70639,0.56265455
45.720,0.87630457,9.727939,0.6464542
45.760,0.7110996,9.79019,0.6608198
45.788,0.84039044,9.581888,0.6153286
45.821,0.8332076,9.675264,0.65363705
45.860,0.84996754,9.687236,0.5411061
45.888,0.9217958,9.601042,0.59378016
45.927,0.74701375,9.718362,0.4764607
45.961,0.9624985,9.670476,0.44772938
46.001,0.679974,9.711179,0.30886146
46.026,0.8092649,9.737515,0.76137936
46.060,0.9433443,9.660899,0.9433443
46.099,0.7446195,9.675264,0.6464542
46.126,0.7733508,9.785401,0.9217958
46.159,0.8571504,9.732727,0.5554718
46.199,0.8140534,9.660899,0.54350036
46.226,0.80208206,9.680053,0.4668836
46.259,0.8667275,9.725544,0.5219519
46.300,0.8475733,9.72315,0.5506832
46.326,0.7901107,9.694419,0.56265455
46.359,0.7996878,9.699207,0.6751855
46.399,0.75659084,9.727939,0.6847626
46.426,0.7541966,9.737515,0.7350424
46.467,0.7709565,9.715967,0.64166564
46.499,0.80687064,9.715967,0.6296943
46.539,0.84996754,9.672871,0.4932206
46.566,0.818842,9.6896305,0.55307746
46.599,0.81644773,9.687236,0.47167215
46.639,0.81165916,9.747093,0.64166564
46.662,0.8044763,9.737515,0.6440599
46.700,0.76616794,9.72315,0.67757976
46.739,0.7733508,9.725544,0.65842557
46.766,0.7637737,9.718362,0.6177229
46.800,0.7972935,9.72315,0.6440599
46.839,0.82123625,9.708784,0.61293435
46.866,0.7709565,9.694419,0.5458947
46.899,0.7996878,9.7135725,0.5458947
46.939,0.80687064,9.708784,0.6057515
46.966,0.7805336,9.72315,0.5650489
47.000,0.7853221,9.727939,0.6057515
47.039,0.80208206,9.701602,0.6296943
47.067,0.76616794,9.737515,0.6368771
47.099,0.7589851,9.701602,0.6344828
47.139,0.76616794,9.703996,0.5889916
47.166,0.81165916,9.735122,0.72546524
47.200,0.7733508,9.680053,0.5219519
47.239,0.7829279,9.749487,0.6177229
47.266,0.79250497,9.715967,0.60335726
47.300,0.7805336,9.7135725,0.5913859
47.339,0.7733508,9.711179,0.65842557
47.379,0.7637737,9.694419,0.25858167
47.406,0.69194543,9.711179,0.505192
47.440,0.7972935,9.859624,0.97446984
47.470,0.7853221,9.581888,0.30167863
47.506,0.7781393,9.694419,0.7350424
47.539,0.8643332,9.692024,0.6703969
47.579,0.7853221,9.692024,0.65363705
47.606,0.77574503,9.725544,0.5961744
47.638,0.7805336,9.725544,0.45730647
47.678,0.7709565,9.70639,0.5961744
47.709,0.80208206,9.70639,0.6177229
47.739,0.79250497,9.754275,0.6608198
47.780,0.7398309,9.720756,0.6177229
47.806,0.75659084,9.692024,0.60335726
47.839,0.76616794,9.725544,0.65842557
47.879,0.7829279,9.718362,0.54350036
47.906,0.7948992,9.725544,0.5865973
47.938,0.7948992,9.715967,0.6440599
47.979,0.7733508,9.703996,0.52913475
48.007,0.7829279,9.6896305,0.5794145
48.039,0.8284191,9.715967,0.6273
48.079,0.82123625,9.727939,0.6392714
48.106,0.7853221,9.711179,0.56744313
48.146,0.818842,9.725544,0.6464542
48.179,0.7829279,9.696813,0.6081458
48.219,0.7901107,9.7135725,0.679974
48.240,0.7853221,9.718362,0.6296943
48.280,0.7972935,9.7135725,0.5961744
48.320,0.8236305,9.727939,0.60335726
48.346,0.8379962,9.701602,0.5698374
48.380,0.8356019,9.715967,0.6344828
48.419,0.83081335,9.711179,0.6201172
48.446,0.8044763,9.730332,0.6249057
48.479,0.82123625,9.7135725,0.63208854
48.519,0.818842,9.692024,0.6560313
48.546,0.8092649,9.703996,0.6201172
48.579,0.818842,9.703996,0.5243462
48.619,0.818842,9.708784,0.5865973
48.646,0.84039044,9.699207,0.57223165
48.679,0.9337672,9.725544,0.8284191
48.718,0.84278476,9.5794935,0.31125572
48.746,0.8044763,9.828498,1.0558752
48.779,0.8044763,9.799767,0.52674043
48.819,0.81165916,9.692024,0.69673395
48.846,0.7733508,9.648928,0.6153286
48.879,0.85236186,9.763853,0.7541966
48.919,0.8786988,9.641745,0.63208854
48.946,0.84278476,9.687236,0.4166038
48.986,0.86193895,9.799767,0.5698374
49.019,0.84278476,9.692024,0.59378016
49.059,0.8356019,9.682447,0.6105401
49.086,0.7996878,9.711179,0.6296943
49.119,0.79250497,9.727939,0.67279124
49.159,0.77574503,9.73991,0.6057515
49.186,0.80687064,9.711179,0.6296943
49.219,0.76137936,9.699207,0.5794145
49.260,0.8140534,9.730332,0.5602603
49.286,0.84996754,9.711179,0.6081458
49.320,0.69912827,9.967366,0.7326481
49.360,0.7829279,9.763853,0.4764607
49.387,0.7901107,9.653716,0.4166038
49.419,1.2306572,9.785401,0.90982443
49.459,0.86193895,9.730332,0.6847626
49.486,0.88109314,9.763853,0.65842557
49.520,0.8739103,9.75667,0.6177229
49.559,0.7901107,9.687236,0.37111259
49.586,0.85954463,9.72315,0.80687064
49.619,0.7039168,9.651321,0.4644893
49.659,0.91700727,9.744699,1.3719195
49.685,0.888276,9.711179,0.9337672
49.720,0.7350424,9.677659,0.600963
49.760,0.55307746,9.876384,0.60335726
49.786,0.8092649,9.617802,0.66800267
49.826,0.9624985,9.624985,0.53871185
49.858,0.94573855,9.715967,0.6560313
49.899,0.81644773,9.718362,0.6656084
49.926,0.749408,9.701602,0.45491222
49.958,0.7302538,9.742304,0.4932206
50.000,0.7350424,9.742304,0.5961744
50.028,0.7350424,9.720756,0.76137936
50.059,0.80687064,9.692024,0.7972935
50.099,0.7039168,9.692024,0.6847626
50.126,0.7110996,9.70639,0.57462597
50.162,0.75180227,9.75667,0.6895511
50.199,0.84278476,9.792584,1.0391153
50.228,0.7805336,9.725544,0.22027329
50.259,0.76137936,9.699207,0.8236305
50.299,0.82602483,9.749487,0.6656084
50.326,0.723071,9.701602,0.54350036
50.359,0.7206767,9.708784,0.6440599
50.398,0.7015225,9.727939,0.63208854
50.427,0.7637737,9.660899,0.7446195
50.458,0.7398309,9.730332,0.5147691
50.498,0.7805336,9.830893,0.66800267
50.529,0.749408,9.6585045,0.50040346
50.560,0.69673395,9.7135725,0.6392714
50.600,0.75659084,9.7135725,0.6296943
50.626,0.7733508,9.747093,0.6895511
50.660,0.7589851,9.742304,0.6608198
50.699,0.7541966,9.701602,0.60335726
50.739,0.723071,9.703996,0.5889916
50.760,0.7326481,9.725544,0.6488485
50.800,0.7589851,9.72315,0.66321415
50.840,0.7446195,9.703996,0.63208854
50.868,0.7541966,9.708784,0.6273
50.900,0.71588814,9.715967,0.6368771
50.940,0.68236834,9.742304,0.57223165
50.962,0.7350424,9.718362,0.6177229
51.000,0.74701375,9.70639,0.5865973
51.040,0.76137936,9.7135725,0.65842557
51.067,0.7972935,9.720756,0.6703969
51.099,0.7685622,9.730332,0.6201172
51.140,0.723071,9.701602,0.5698374
51.167,0.7398309,9.75667,0.6344828
51.200,0.7350424,9.727939,0.6488485
51.240,0.7134939,9.687236,0.61293435
51.266,0.7039168,9.70639,0.6201172
51.300,0.69194543,9.72315,0.6105401
51.340,0.75180227,9.749487,0.69194543
51.367,0.73743665,9.720756,0.64166564
51.400,0.76616794,9.708784,0.64166564
51.441,0.71588814,9.6896305,0.4932206
51.468,0.7302538,9.727939,0.5961744
51.502,0.7541966,9.771035,0.8739103
51.541,0.71828246,9.708784,0.5602603
51.567,0.75180227,9.699207,0.6847626
51.606,0.7398309,9.70639,0.6488485
51.640,0.7541966,9.727939,0.58420306
51.680,0.76616794,9.708784,0.6488485
51.706,0.7541966,9.711179,0.6368771
51.740,0.75659084,9.696813,0.66321415
51.780,0.7589851,9.70639,0.6296943
51.807,0.7589851,9.718362,0.65842557
51.839,0.7733508,9.72315,0.679974
51.881,0.75180227,9.692024,0.6153286
51.906,0.76616794,9.694419,0.6344828
51.940,0.7781393,9.70639,0.6440599
51.982,0.77574503,9.720756,0.66800267
52.007,0.7637737,9.699207,0.6177229
52.040,0.7829279,9.70639,0.6201172
52.080,0.8092649,9.737515,0.6656084
52.106,0.7853221,9.72315,0.66800267
52.139,0.79250497,9.720756,0.6344828
52.180,0.7805336,9.70639,0.6057515
52.206,0.7685622,9.730332,0.6656084
52.240,0.7733508,9.727939,0.6703969
52.281,0.7685622,9.708784,0.6153286
52.308,0.7901107,9.699207,0.65124273
52.340,0.8356019,9.711179,0.6656084
52.381,0.8284191,9.715967,0.65363705
52.407,0.84996754,9.696813,0.6105401
52.440,0.8044763,9.692024,0.60335726
52.480,0.81644773,9.720756,0.64166564
52.508,0.79250497,9.727939,0.67757976
52.548,0.7733508,9.687236,0.68236834
52.581,0.7853221,9.725544,0.6560313
52.620,0.75180227,9.703996,0.62251145
52.646,0.7733508,9.70639,0.62251145
52.681,0.7996878,9.725544,0.6249057
52.720,0.77574503,9.7135725,0.6368771
52.747,0.79250497,9.718362,0.6177229
52.780,0.7901107,9.699207,0.6153286
52.820,0.7805336,9.694419,0.6273
52.847,0.75180227,9.735122,0.7039168
52.882,0.7733508,9.720756,0.67757976
52.921,0.7709565,9.703996,0.64166564
52.946,0.75659084,9.72315,0.65363705
52.980,0.7829279,9.699207,0.6057515
53.020,0.80208206,9.725544,0.6847626
53.047,0.7805336,9.701602,0.6105401
53.081,0.7709565,9.680053,0.5506832
53.120,0.7853221,9.701602,0.67279124
53.147,0.77574503,9.708784,0.6751855
53.181,0.7446195,9.737515,0.74222517
53.220,0.71588814,9.708784,0.6273
53.248,0.7350424,9.701602,0.6608198
53.280,0.7805336,9.7135725,0.679974
53.320,0.77574503,9.720756,0.5985687
53.362,0.7877164,9.715967,0.6560313
53.381,0.7901107,9.715967,0.6440599
53.420,0.72785956,9.708784,0.59378016
53.459,0.7302538,9.718362,0.7015225
53.487,0.7589851,9.72315,0.72785956
53.520,0.7637737,9.7135725,0.6608198
53.559,0.75659084,9.701602,0.69912827
53.587,0.74701375,9.718362,0.6440599
53.619,0.75659084,9.73991,0.63208854
53.660,0.76137936,9.715967,0.64166564
53.687,0.77574503,9.701602,0.65363705
53.720,0.7589851,9.708784,0.6464542
53.762,0.75659084,9.720756,0.69194543
53.786,0.7446195,9.730332,0.70631105
53.819,0.72785956,9.718362,0.5889916
53.860,0.7398309,9.720756,0.66321415
53.887,0.73743665,9.718362,0.65363705
53.919,0.7039168,9.735122,0.8547561
53.960,0.74701375,9.663293,0.505192
53.988,0.70870537,9.730332,0.69912827
54.020,0.723071,9.699207,0.4932206
54.060,0.7446195,9.696813,0.5650489
54.087,0.82602483,9.718362,0.6392714
54.128,0.75659084,9.701602,0.6296943
54.161,0.69912827,9.684841,0.67279124
54.188,0.7326481,9.742304,0.6488485
54.226,0.75659084,9.744699,0.6105401
54.260,0.6847626,9.701602,0.6177229
54.299,0.77574503,9.715967,0.6392714
54.327,0.8236305,9.708784,0.7039168
54.360,0.76616794,9.696813,0.6392714
54.400,0.76137936,9.73991,0.69912827
54.426,0.74701375,9.687236,0.57223165
54.460,0.74222517,9.701602,0.8092649
54.500,0.7015225,9.699207,0.6847626
54.526,0.68715686,9.737515,0.72546524
54.560,0.74222517,9.72315,0.67279124
54.599,0.74701375,9.737515,0.6895511
54.626,0.7637737,9.744699,0.70631105
54.659,0.76137936,9.703996,0.5961744
54.699,0.71828246,9.703996,0.66321415
54.726,0.7398309,9.6585045,0.57223165
54.760,0.7709565,9.737515,0.5650489
54.799,0.6895511,9.897932,0.9433443
54.826,0.71828246,9.569917,0.62251145
54.860,0.679974,9.672871,0.6464542
54.900,0.72546524,9.751882,0.679974
54.927,0.73743665,9.701602,0.5818088
54.966,0.7948992,9.80695,0.53392327
54.999,0.7972935,9.80695,0.52913475
55.039,0.7015225,9.644139,0.6105401
55.066,0.7039168,9.682447,0.7637737
55.099,0.7039168,9.720756,0.7326481
55.139,0.6895511,9.73991,0.76616794
55.166,0.66800267,9.73991,0.61293435
55.198,0.7206767,9.70639,0.600963
55.240,0.7589851,9.687236,0.600963
55.266,0.8140534,9.7135725,0.60335726
55.299,0.86193895,9.694419,0.8092649
55.340,0.7541966,9.735122,0.43336374
55.366,0.68236834,9.8237095,0.8356019
55.400,0.7446195,9.581888,0.54350036
55.439,0.6656084,9.61062,0.6895511
55.466,0.69912827,9.718362,0.89545876
55.498,0.7781393,9.629773,0.7015225
55.539,0.76616794,9.763853,0.47167215
55.567,0.8284191,9.761458,0.5961744
55.599,0.8140534,9.70639,0.5147691
55.639,0.80208206,9.682447,0.4956149
55.666,0.7853221,9.730332,0.7685622
55.706,0.71828246,9.701602,0.5961744
55.738,0.7326481,9.754275,0.7781393
55.767,0.74701375,9.737515,0.72546524
55.806,0.7541966,9.703996,0.6488485
55.839,0.7829279,9.708784,0.6201172
55.880,0.8140534,9.696813,0.5985687
55.906,0.8092649,9.730332,0.6177229
55.939,0.8571504,9.684841,0.6392714
55.980,0.80687064,9.70639,0.67279124
56.006,0.7805336,9.699207,0.60335726
56.038,0.7781393,9.694419,0.64166564
56.079,0.79250497,9.715967,0.7302538
56.106,0.73743665,9.708784,0.67757976
56.139,0.7709565,9.680053,0.69912827
56.180,0.7853221,9.699207,0.6751855
56.206,0.82602483,9.703996,0.67279124
56.239,0.84278476,9.687236,0.67279124
56.280,0.84278476,9.708784,0.59378016
56.306,0.79250497,9.711179,0.6177229
56.339,0.7446195,9.670476,0.69673395
56.380,0.65124273,9.73991,0.39266106
56.406,0.76137936,9.715967,0.55307746
56.439,0.8044763,9.742304,1.0151725
56.480,0.8834874,9.577099,0.48843205
56.506,0.7302538,9.656111,0.6177229
56.546,0.679974,9.873989,0.4932206
56.579,0.75180227,9.885961,0.88109314
56.619,0.7853221,9.737515,0.62251145
56.646,0.7446195,9.660899,0.44294083
56.679,0.7996878,9.699207,0.66800267
56.720,0.68236834,9.692024,0.4166038
56.746,0.74701375,9.727939,0.5698374
56.780,0.7733508,9.730332,0.77574503
56.819,0.7134939,9.675264,0.66321415
56.846,0.6943397,9.7135725,0.6895511
56.880,0.76616794,9.747093,0.6392714
56.919,0.7541966,9.699207,0.6105401
56.946,0.75659084,9.675264,0.57462597
56.979,0.77574503,9.7135725,0.6201172
57.020,0.7781393,9.692024,0.60335726
57.046,0.7326481,9.711179,0.6344828
57.080,0.7326481,9.694419,0.6392714
57.119,0.7302538,9.694419,0.65363705
57.146,0.72785956,9.715967,0.70870537
57.179,0.7541966,9.732727,0.6392714
57.219,0.70631105,9.737515,0.63208854
57.246,0.749408,9.687236,0.6177229
57.280,0.75659084,9.70639,0.56744313
57.319,0.73743665,9.735122,0.65363705
57.346,0.74701375,9.747093,0.6895511
57.381,0.7302538,9.699207,0.6560313
57.420,0.71588814,9.682447,0.6201172
57.448,0.71588814,9.725544,0.66800267
57.480,0.7302538,9.737515,0.5985687
57.519,0.7350424,9.715967,0.6608198
57.549,0.7350424,9.708784,0.5865973
57.586,0.70870537,9.7135725,0.65124273
57.619,0.72546524,9.715967,0.62251145
57.659,0.7398309,9.718362,0.6440599
57.687,0.7446195,9.72315,0.6847626
57.719,0.7589851,9.715967,0.6488485
57.759,0.7206767,9.72315,0.6344828
57.787,0.74701375,9.720756,0.6153286
57.819,0.7446195,9.7135725,0.6296943
57.861,0.7637737,9.70639,0.66800267
57.887,0.75659084,9.742304,0.6703969
57.920,0.72546524,9.6896305,0.57462597
57.959,0.72785956,9.708784,0.64166564
57.988,0.70870537,9.742304,0.6751855
58.021,0.73743665,9.720756,0.6943397
58.060,0.71588814,9.701602,0.65363705
58.087,0.7206767,9.70639,0.5865973
58.119,0.74222517,9.72315,0.6608198
58.160,0.7206767,9.699207,0.61293435
58.187,0.75659084,9.692024,0.57462597
58.226,0.73743665,9.715967,0.70870537
58.259,0.6943397,9.720756,0.61293435
58.287,0.6703969,9.701602,0.6201172
58.326,0.7015225,9.715967,0.69912827
58.359,0.7302538,9.730332,0.67279124
58.401,0.7302538,9.727939,0.6560313
58.426,0.7302538,9.703996,0.6464542
58.460,0.723071,9.708784,0.58420306
58.499,0.7446195,9.718362,0.67757976
58.526,0.7541966,9.735122,0.67279124
58.558,0.72546524,9.72315,0.66321415
58.599,0.68715686,9.687236,0.6177229
58.626,0.70631105,9.732727,0.66800267
58.660,0.75180227,9.699207,0.6249057
58.699,0.7398309,9.711179,0.6488485
58.726,0.7206767,9.720756,0.66800267
58.760,0.71588814,9.725544,0.6560313
58.799,0.7206767,9.720756,0.65842557
58.826,0.69673395,9.718362,0.6656084
58.859,0.69912827,9.715967,0.57462597
58.899,0.74222517,9.730332,0.7398309
58.927,0.74701375,9.72315,0.6608198
58.959,0.71588814,9.725544,0.5889916
59.001,0.69912827,9.70639,0.6488485
59.027,0.9888355,10.118205,0.49082634
59.060,0.71828246,9.665688,0.5961744
59.099,0.72546524,9.703996,0.6751855
59.127,0.7829279,9.696813,0.5985687
59.168,0.7877164,9.720756,0.69912827
59.199,0.7805336,9.694419,0.6368771
59.239,0.7781393,9.696813,0.69912827
59.266,0.7134939,9.715967,0.6273
59.300,0.70870537,9.737515,0.6344828
59.339,0.7350424,9.711179,0.679974
59.366,0.7446195,9.72315,0.6201172
59.400,0.7853221,9.711179,0.6751855
59.440,0.7637737,9.708784,0.5889916
59.466,0.75659084,9.732727,0.6368771
59.500,0.7853221,9.725544,0.6464542
59.540,0.8044763,9.725544,0.70870537
59.566,0.7589851,9.70639,0.6081458
59.599,0.7781393,9.725544,0.6847626
59.640,0.76137936,9.708784,0.6105401
59.667,0.81165916,9.701602,0.6344828
59.699,0.7829279,9.703996,0.5961744
59.738,0.7901107,9.694419,0.6177229
59.765,0.80208206,9.720756,0.72546524
59.799,0.7733508,9.715967,0.7446195
59.839,0.7972935,9.720756,0.6656084
59.866,0.7709565,9.70639,0.6488485
59.900,0.8044763,9.73991,0.66800267
59.938,0.84039044,9.711179,0.6201172
59.980,0.80208206,9.684841,0.60335726
