timestamp,x,y,z
00.008,9.407105,2.667222,-0.22506183
00.038,9.445415,2.6624336,-0.22027329
00.065,9.454991,2.6648278,-0.20111908
00.096,9.447808,2.638491,-0.17478207
00.137,9.433443,2.7246847,-0.21548474
00.165,9.390346,2.7390504,-0.20590763
00.198,9.428655,2.7055306,-0.19633053
00.239,9.440625,2.657645,-0.2561874
00.264,9.440625,2.6648278,-0.21548474
00.298,9.4142885,2.6528566,-0.21309046
00.336,9.440625,2.657645,-0.2083019
00.376,9.428655,2.6983478,-0.1987248
00.404,9.3831625,2.700742,-0.16041641
00.436,9.445415,2.6767993,-0.18435916
00.478,9.4142885,2.6624336,-0.18914771
00.505,9.37598,2.6337023,-0.19393626
00.537,9.402317,2.6744049,-0.20351335
00.576,9.423865,2.6552508,-0.16759923
00.605,9.39274,2.6648278,-0.16520496
00.637,9.457385,2.657645,-0.18196489
00.677,9.445415,2.7031362,-0.18675344
00.705,9.435837,2.719896,-0.16759923
00.737,9.4142885,2.7055306,-0.18675344
00.780,9.373586,2.7390504,-0.22985038
00.804,9.4142885,2.7079248,-0.21787901
00.837,9.349643,2.6720107,-0.2083019
00.877,9.450203,2.7055306,-0.22506183
00.905,9.4142885,2.7079248,-0.21309046
00.937,9.419077,2.6600394,-0.17717634
00.977,9.42626,2.6791935,-0.16759923
01.005,9.4095,2.7246847,-0.20590763
01.038,9.447808,2.7246847,-0.1987248
01.077,9.481328,2.7246847,-0.22506183
01.104,9.349643,2.691165,-0.19633053
01.145,9.419077,2.6504622,-0.1987248
01.176,9.44302,2.6073654,-0.19393626
01.218,9.416683,2.6648278,-0.18435916
01.239,9.42626,2.6624336,-0.19393626
01.277,9.445415,2.700742,-0.21548474
01.317,9.407105,2.7390504,-0.18675344
01.345,9.385557,2.762993,-0.21548474
01.377,9.395134,2.7055306,-0.23224466
01.417,9.454991,2.710319,-0.2681588
01.445,9.402317,2.7055306,-0.28013015
01.476,9.37598,2.6959534,-0.28013015
01.517,9.3831625,2.700742,-0.2849187
01.544,9.4142885,2.7294734,-0.21309046
01.577,9.44302,2.7677817,-0.2681588
01.617,9.42626,2.7031362,-0.2561874
01.645,9.44302,2.6959534,-0.24900457
01.677,9.445415,2.6432793,-0.25379312
01.717,9.457385,2.6600394,-0.23463893
01.745,9.42626,2.6791935,-0.22985038
01.776,9.402317,2.6983478,-0.23463893
01.818,9.428655,2.6983478,-0.25379312
01.845,9.421472,2.6839821,-0.25379312
01.877,9.39274,2.667222,-0.2753416
01.917,9.399923,2.6887705,-0.2561874
01.945,9.42626,2.6744049,-0.2753416
01.985,9.4142885,2.6504622,-0.2561874
02.017,9.438231,2.667222,-0.26097596
02.046,9.435837,2.638491,-0.25379312
02.084,9.433443,2.6744049,-0.23942748
02.121,9.402317,2.7222905,-0.2561874
02.157,9.4142885,2.6863763,-0.2657645
02.184,9.3831625,2.6696165,-0.26337022
02.217,9.407105,2.6552508,-0.2657645
02.257,9.397529,2.6360965,-0.24900457
02.285,9.454991,2.691165,-0.2657645
02.317,9.435837,2.6744049,-0.25139886
02.357,9.428655,2.6552508,-0.2466103
02.385,9.428655,2.657645,-0.22745611
02.417,9.419077,2.6360965,-0.22506183
02.457,9.421472,2.6504622,-0.25379312
02.484,9.431048,2.640885,-0.23463893
02.518,9.419077,2.6241252,-0.22506183
02.558,9.421472,2.667222,-0.23224466
02.585,9.452597,2.7127132,-0.24182175
02.617,9.419077,2.6121538,-0.2083019
02.657,9.428655,2.640885,-0.23224466
02.684,9.45978,2.6552508,-0.2370332
02.717,9.416683,2.640885,-0.21787901
02.757,9.431048,2.6456738,-0.23463893
02.785,9.440625,2.6504622,-0.1987248
02.825,9.4142885,2.6337023,-0.19393626
02.857,9.433443,2.638491,-0.18914771
02.885,9.486116,2.6744049,-0.19633053
02.925,9.399923,2.6600394,-0.20111908
02.957,9.404712,2.6360965,-0.20590763
02.997,9.407105,2.6289136,-0.21309046
03.025,9.423865,2.6528566,-0.19393626
03.057,9.428655,2.6432793,-0.19154198
03.096,9.421472,2.657645,-0.15802214
03.124,9.452597,2.657645,-0.14365649
03.156,9.435837,2.6289136,-0.15802214
03.198,9.45978,2.6265194,-0.18196489
03.224,9.440625,2.6241252,-0.18435916
03.257,9.4095,2.700742,-0.18196489
03.297,9.428655,2.6504622,-0.1699935
03.324,9.42626,2.631308,-0.20351335
03.357,9.416683,2.6217308,-0.18675344
03.397,9.431048,2.6145482,-0.13647367
03.424,9.440625,2.6145482,-0.19393626
03.457,9.395134,2.6360965,-0.16759923
03.496,9.457385,2.6744049,-0.17957062
03.525,9.438231,2.640885,-0.16759923
03.558,9.419077,2.640885,-0.18675344
03.597,9.387952,2.6360965,-0.16281068
03.624,9.4095,2.640885,-0.2083019
03.664,9.452597,2.640885,-0.18435916
03.696,9.44302,2.6073654,-0.19393626
03.735,9.445415,2.648068,-0.17478207
03.765,9.462174,2.6791935,-0.16759923
03.797,9.440625,2.631308,-0.19633053
03.837,9.416683,2.6432793,-0.21787901
03.865,9.447808,2.631308,-0.22745611
03.897,9.431048,2.6193366,-0.2083019
03.936,9.462174,2.595394,-0.21548474
03.965,9.440625,2.6121538,-0.20590763
03.997,9.390346,2.6720107,-0.21787901
04.037,9.435837,2.6648278,-0.17478207
04.065,9.490906,2.631308,-0.18196489
04.097,9.452597,2.638491,-0.21548474
04.135,9.37598,2.6145482,-0.20111908
04.165,9.447808,2.5906053,-0.23224466
04.197,9.500483,2.6097596,-0.22745611
04.237,9.4095,2.6552508,-0.1987248
04.264,9.368797,2.6169424,-0.17478207
04.296,9.421472,2.6073654,-0.20590763
04.337,9.431048,2.5714512,-0.18196489
04.365,9.440625,2.6145482,-0.22506183
04.397,9.416683,2.6265194,-0.2083019
04.437,9.435837,2.6432793,-0.22506183
04.464,9.438231,2.6696165,-0.23463893
04.504,9.407105,2.6528566,-0.2083019
04.536,9.435837,2.638491,-0.23224466
04.577,9.402317,2.6241252,-0.21309046
04.605,9.364009,2.578634,-0.1987248
04.637,9.411894,2.588211,-0.22027329
04.676,9.565128,2.5762396,-0.19393626
04.704,9.498088,2.588211,-0.18675344
04.738,9.352037,2.6073654,-0.21069619
04.776,9.464568,2.6696165,-0.21309046
04.804,9.407105,2.6337023,-0.15562786
04.837,9.486116,2.5522969,-0.21787901
04.877,9.447808,2.6001825,-0.21548474
04.904,9.411894,2.6145482,-0.25139886
04.937,9.42626,2.5858169,-0.22985038
04.977,9.445415,2.640885,-0.26337022
05.005,9.445415,2.6360965,-0.24421602
05.039,9.387952,2.6121538,-0.20590763
05.076,9.454991,2.5834224,-0.18435916
05.104,9.514848,2.5738454,-0.19393626
05.136,9.45978,2.604971,-0.1699935
05.178,9.395134,2.597788,-0.17957062
05.205,9.4142885,2.631308,-0.16759923
05.237,9.498088,2.640885,-0.22027329
05.276,9.431048,2.5858169,-0.23942748
05.304,9.416683,2.5642684,-0.24182175
05.345,9.42626,2.5427198,-0.22266756
05.379,9.431048,2.6337023,-0.19633053
05.405,9.462174,2.6839821,-0.14844504
05.445,9.471751,2.691165,-0.14126222
05.477,9.445415,2.6744049,-0.14126222
05.516,9.428655,2.6504622,-0.19393626
05.544,9.44302,2.631308,-0.21787901
05.577,9.397529,2.5044115,-0.22506183
05.619,9.428655,2.5068057,-0.20590763
05.645,9.474146,2.5522969,-0.17717634
05.677,9.447808,2.6025767,-0.14365649
05.717,9.500483,2.6648278,-0.11971374
05.745,9.450203,2.6600394,-0.12689656
05.777,9.435837,2.6217308,-0.09337672
05.817,9.421472,2.597788,-0.13886794
05.844,9.438231,2.5738454,-0.14126222
05.876,9.469357,2.5594797,-0.19393626
05.916,9.431048,2.595394,-0.18196489
05.945,9.435837,2.578634,-0.17238778
05.976,9.44302,2.6337023,-0.17238778
06.017,9.454991,2.6624336,-0.17238778
06.044,9.44302,2.6600394,-0.15802214
06.103,9.423865,2.6193366,-0.16041641
06.120,9.452597,2.595394,-0.17478207
06.155,9.42626,2.631308,-0.19154198
06.184,9.452597,2.5810282,-0.17957062
06.216,9.440625,2.595394,-0.15562786
06.257,9.471751,2.604971,-0.16759923
06.284,9.435837,2.5834224,-0.13168511
06.317,9.450203,2.6241252,-0.16041641
06.357,9.450203,2.6600394,-0.18196489
06.386,9.419077,2.6337023,-0.18196489
06.415,9.423865,2.6265194,-0.17717634
06.456,9.462174,2.588211,-0.19633053
06.484,9.440625,2.6121538,-0.16281068
06.516,9.45978,2.5858169,-0.1699935
06.557,9.452597,2.6169424,-0.16759923
06.584,9.428655,2.6097596,-0.14365649
06.616,9.416683,2.6121538,-0.15802214
06.655,9.440625,2.588211,-0.17238778
06.684,9.483723,2.5642684,-0.17717634
06.716,9.428655,2.6025767,-0.17717634
06.757,9.419077,2.638491,-0.16759923
06.783,9.4142885,2.6025767,-0.18675344
06.816,9.445415,2.6456738,-0.17717634
06.856,9.433443,2.604971,-0.16041641
06.884,9.44302,2.5762396,-0.16041641
06.917,9.445415,2.6001825,-0.16520496
06.963,9.464568,2.5810282,-0.16281068
06.987,9.490906,2.595394,-0.17478207
07.026,9.416683,2.5762396,-0.17957062
07.054,9.45978,2.6097596,-0.17957062
07.095,9.462174,2.6097596,-0.18196489
07.123,9.421472,2.6265194,-0.17238778
07.155,9.431048,2.6432793,-0.20111908
07.196,9.431048,2.5834224,-0.20351335
07.224,9.423865,2.5810282,-0.1987248
07.257,9.419077,2.5810282,-0.20351335
07.296,9.416683,2.5331428,-0.18196489
07.323,9.421472,2.6001825,-0.18435916
07.356,9.550762,2.5906053,-0.19633053
07.396,9.457385,2.631308,-0.14126222
07.424,9.454991,2.578634,-0.17957062
07.457,9.466963,2.5714512,-0.20590763
07.496,9.421472,2.5475085,-0.19633053
07.523,9.4142885,2.5379312,-0.18914771
07.559,9.416683,2.5738454,-0.19633053
07.595,9.486116,2.6241252,-0.19393626
07.624,9.462174,2.588211,-0.18196489
07.656,9.423865,2.5929997,-0.16520496
07.696,9.447808,2.5738454,-0.17478207
07.724,9.433443,2.5642684,-0.16041641
07.757,9.464568,2.5379312,-0.18435916
07.795,9.471751,2.595394,-0.17478207
07.824,9.450203,2.6193366,-0.1987248
07.865,9.474146,2.6193366,-0.18196489
07.897,9.450203,2.604971,-0.19154198
07.925,9.431048,2.578634,-0.17238778
07.964,9.462174,2.5307484,-0.16041641
07.996,9.45978,2.545114,-0.15323359
08.036,9.445415,2.5475085,-0.14126222
08.064,9.464568,2.597788,-0.16520496
08.098,9.45978,2.6073654,-0.15323359
08.137,9.438231,2.5834224,-0.16520496
08.164,9.407105,2.578634,-0.17478207
08.196,9.454991,2.5762396,-0.17957062
08.237,9.454991,2.597788,-0.18435916
08.264,9.419077,2.6121538,-0.14365649
08.296,9.469357,2.6217308,-0.14126222
08.336,9.44302,2.6145482,-0.16041641
08.364,9.428655,2.5834224,-0.18435916
08.397,9.431048,2.595394,-0.14605077
08.437,9.428655,2.5858169,-0.16041641
08.463,9.42626,2.597788,-0.17478207
08.504,9.474146,2.5666625,-0.15562786
08.535,9.452597,2.5858169,-0.15562786
08.564,9.42626,2.6169424,-0.14365649
08.604,9.457385,2.6839821,-0.14605077
08.636,9.462174,2.6145482,-0.15802214
08.664,9.438231,2.6097596,-0.17957062
08.704,9.438231,2.5834224,-0.15802214
08.736,9.435837,2.5642684,-0.17238778
08.777,9.457385,2.5858169,-0.16759923
08.803,9.435837,2.5929997,-0.16759923
08.836,9.421472,2.5834224,-0.16759923
08.875,9.522031,2.6241252,-0.14844504
08.904,9.488511,2.6624336,-0.19633053
08.936,9.364009,2.657645,-0.18675344
08.975,9.287392,2.5834224,-0.076616794
09.004,9.500483,2.5211713,-0.16041641
09.035,9.534002,2.5283542,-0.057462595
09.077,9.4932995,2.5570855,-0.06464542
09.104,9.457385,2.5929997,-0.06464542
09.136,9.486116,2.6073654,-0.098165266
09.176,9.457385,2.6145482,-0.09577099
09.204,9.431048,2.6073654,-0.098165266
09.236,9.447808,2.569057,-0.105348095
09.275,9.423865,2.5738454,-0.18435916
09.304,9.361614,2.6025767,-0.21548474
09.338,9.387952,2.5546913,-0.15802214
09.376,9.557945,2.6097596,-0.14605077
09.416,9.4095,2.6145482,-0.13168511
09.443,9.4142885,2.6289136,-0.15802214
09.475,9.44302,2.6145482,-0.12929083
09.505,9.457385,2.5929997,-0.10774237
09.544,9.474146,2.5522969,-0.105348095
09.575,9.4932995,2.5283542,-0.12689656
09.616,9.423865,2.5139885,-0.13647367
09.644,9.431048,2.5666625,-0.16759923
09.676,9.452597,2.6097596,-0.16759923
09.715,9.44302,2.6145482,-0.21309046
09.745,9.407105,2.6289136,-0.14365649
09.775,9.469357,2.638491,-0.18435916
09.814,9.419077,2.5403256,-0.14605077
09.843,9.483723,2.516383,-0.15083931
09.875,9.5483675,2.5403256,-0.17957062
09.917,9.42626,2.5570855,-0.13647367
09.943,9.481328,2.6025767,-0.17957062
09.976,9.399923,2.691165,-0.23942748
10.016,9.395134,2.5906053,-0.20351335
10.044,9.466963,2.5714512,-0.18675344
10.083,9.469357,2.5738454,-0.19633053
10.115,9.402317,2.588211,-0.16759923
10.143,9.454991,2.5834224,-0.15323359
10.177,9.510059,2.5834224,-0.14126222
10.216,9.498088,2.5475085,-0.12210801
10.257,9.4142885,2.5858169,-0.15802214
10.284,9.4142885,2.5929997,-0.12689656
10.315,9.471751,2.5642684,-0.17957062
10.356,9.447808,2.5642684,-0.15323359
10.383,9.361614,2.5858169,-0.19633053
10.415,9.435837,2.604971,-0.15083931
10.455,9.526819,2.5666625,-0.15323359
10.483,9.483723,2.604971,-0.16759923
10.515,9.364009,2.6145482,-0.13886794
10.555,9.407105,2.5834224,-0.10055954
10.583,9.466963,2.569057,-0.10774237
10.615,9.45978,2.49244,-0.11013664
10.656,9.488511,2.5618742,-0.11492519
10.684,9.450203,2.588211,-0.12450229
10.717,9.452597,2.6337023,-0.14365649
10.757,9.447808,2.6456738,-0.17478207
10.784,9.366403,2.6097596,-0.17478207
10.818,9.404712,2.6193366,-0.20351335
10.850,9.435837,2.597788,-0.15802214
10.884,9.471751,2.5738454,-0.12689656
10.917,9.419077,2.569057,-0.13647367
10.956,9.45978,2.6337023,-0.11971374
10.985,9.481328,2.6121538,-0.07422252
11.016,9.454991,2.578634,-0.09577099
11.057,9.454991,2.6121538,-0.1340794
11.095,9.423865,2.6241252,-0.15562786
11.118,9.423865,2.5858169,-0.15802214
11.156,9.450203,2.5810282,-0.15562786
11.184,9.457385,2.604971,-0.15802214
11.224,9.428655,2.588211,-0.13647367
11.256,9.452597,2.5929997,-0.11971374
11.285,9.457385,2.597788,-0.14605077
11.325,9.411894,2.6169424,-0.12210801
11.358,9.452597,2.6001825,-0.12929083
11.397,9.486116,2.6145482,-0.20590763
11.424,9.447808,2.6001825,-0.16520496
11.457,9.404712,2.5858169,-0.18435916
11.496,9.44302,2.6265194,-0.17478207
11.524,9.486116,2.6097596,-0.17717634
11.556,9.438231,2.5834224,-0.17238778
11.597,9.462174,2.6025767,-0.16281068
11.624,9.452597,2.5642684,-0.16041641
11.657,9.431048,2.5858169,-0.18196489
11.697,9.462174,2.604971,-0.18435916
11.725,9.452597,2.5929997,-0.18435916
11.757,9.478934,2.5762396,-0.18675344
11.798,9.450203,2.5906053,-0.17957062
11.825,9.452597,2.5834224,-0.18435916
11.856,9.42626,2.578634,-0.20351335
11.897,9.419077,2.6001825,-0.20351335
11.924,9.474146,2.6025767,-0.21069619
11.964,9.452597,2.569057,-0.17957062
11.996,9.433443,2.535537,-0.1699935
12.025,9.488511,2.5738454,-0.17957062
12.058,9.450203,2.5666625,-0.18675344
12.097,9.445415,2.5570855,-0.18675344
12.135,9.481328,2.588211,-0.22027329
12.164,9.500483,2.5858169,-0.21787901
12.197,9.433443,2.5522969,-0.19154198
12.236,9.431048,2.5594797,-0.22027329
12.265,9.421472,2.5810282,-0.20111908
12.296,9.466963,2.595394,-0.18914771
12.337,9.450203,2.595394,-0.18675344
12.364,9.440625,2.6073654,-0.21548474
12.401,9.462174,2.6169424,-0.24182175
12.436,9.419077,2.5307484,-0.19154198
12.464,9.47654,2.516383,-0.20111908
12.497,9.454991,2.5427198,-0.20351335
12.535,9.450203,2.5618742,-0.17717634
12.565,9.469357,2.597788,-0.18196489
12.596,9.44302,2.5906053,-0.19154198
12.637,9.438231,2.5834224,-0.2083019
12.666,9.464568,2.5666625,-0.20111908
12.698,9.450203,2.5331428,-0.21787901
12.738,9.445415,2.5642684,-0.19154198
12.766,9.466963,2.597788,-0.2083019
12.797,9.454991,2.6097596,-0.16759923
12.838,9.438231,2.597788,-0.18435916
12.866,9.428655,2.5618742,-0.17717634
12.906,9.481328,2.49244,-0.19633053
12.937,9.474146,2.5283542,-0.18435916
12.966,9.431048,2.5714512,-0.20111908
13.005,9.423865,2.6289136,-0.21069619
13.038,9.445415,2.6552508,-0.20590763
13.078,9.447808,2.597788,-0.17478207
13.104,9.438231,2.578634,-0.18196489
13.138,9.490906,2.5307484,-0.16759923
13.168,9.450203,2.578634,-0.18435916
13.206,9.438231,2.6121538,-0.14605077
13.237,9.4932995,2.588211,-0.16041641
13.280,9.447808,2.6121538,-0.18675344
13.305,9.378374,2.6193366,-0.21309046
13.336,9.387952,2.6217308,-0.18675344
13.377,9.505271,2.597788,-0.17478207
13.405,9.502876,2.569057,-0.19633053
13.438,9.337671,2.5858169,-0.13886794
13.480,9.387952,2.595394,-0.09337672
13.506,9.481328,2.604971,-0.057462595
13.540,9.58907,2.6145482,-0.10055954
13.578,9.452597,2.578634,-0.15083931
13.606,9.364009,2.569057,-0.19154198
13.638,9.3831625,2.6025767,-0.18675344
13.678,9.514848,2.6097596,-0.13647367
13.706,9.474146,2.6001825,-0.13647367
13.744,9.447808,2.5929997,-0.117319465
13.777,9.450203,2.5642684,-0.13647367
13.805,9.447808,2.5738454,-0.12210801
13.844,9.428655,2.6241252,-0.1340794
13.877,9.450203,2.6025767,-0.16281068
13.915,9.47654,2.6169424,-0.18196489
13.944,9.438231,2.6169424,-0.15802214
13.977,9.4095,2.5834224,-0.17478207
14.018,9.419077,2.5906053,-0.13886794
14.044,9.431048,2.569057,-0.12450229
14.078,9.447808,2.5858169,-0.08619389
14.117,9.502876,2.6193366,-0.11971374
14.144,9.462174,2.5762396,-0.12929083
14.177,9.423865,2.5810282,-0.19393626
14.217,9.411894,2.6169424,-0.18435916
14.245,9.39274,2.648068,-0.18196489
14.277,9.4095,2.6432793,-0.17717634
14.318,9.517242,2.5762396,-0.14844504
14.345,9.4932995,2.5570855,-0.15323359
14.377,9.433443,2.545114,-0.1340794
14.417,9.44302,2.5427198,-0.1340794
14.445,9.462174,2.569057,-0.11013664
14.478,9.4932995,2.6696165,-0.17957062
14.517,9.361614,2.6552508,-0.19154198
14.546,9.411894,2.6791935,-0.21309046
14.578,9.419077,2.595394,-0.21787901
14.617,9.47654,2.5810282,-0.1699935
14.646,9.474146,2.6121538,-0.18914771
14.685,9.435837,2.5929997,-0.16041641
14.718,9.42626,2.6025767,-0.18196489
14.746,9.431048,2.5929997,-0.17717634
14.785,9.483723,2.6025767,-0.21548474
14.818,9.397529,2.6025767,-0.20590763
14.858,9.411894,2.631308,-0.20111908
14.885,9.4142885,2.640885,-0.20590763
14.917,9.428655,2.6217308,-0.2083019
14.959,9.440625,2.604971,-0.22027329
14.986,9.44302,2.5546913,-0.17957062
15.017,9.462174,2.5546913,-0.17238778
15.057,9.438231,2.6097596,-0.15562786
15.085,9.416683,2.6193366,-0.17957062
15.122,9.44302,2.6552508,-0.18675344
15.157,9.445415,2.5858169,-0.19633053
15.185,9.431048,2.578634,-0.16281068
15.217,9.423865,2.5834224,-0.19393626
15.257,9.474146,2.5834224,-0.21309046
15.285,9.462174,2.6073654,-0.20590763
15.318,9.438231,2.6145482,-0.15323359
15.356,9.447808,2.5738454,-0.18435916
15.385,9.428655,2.6073654,-0.15802214
15.425,9.452597,2.5929997,-0.18196489
15.457,9.421472,2.5642684,-0.18435916
15.497,9.450203,2.5929997,-0.19154198
15.525,9.445415,2.578634,-0.20111908
15.558,9.466963,2.5618742,-0.18435916
15.597,9.478934,2.588211,-0.1699935
15.624,9.457385,2.6121538,-0.16281068
15.656,9.42626,2.6217308,-0.17238778
15.697,9.44302,2.5929997,-0.19154198
15.725,9.445415,2.5762396,-0.20351335
15.758,9.450203,2.569057,-0.18914771
15.797,9.423865,2.604971,-0.17717634
15.825,9.44302,2.6145482,-0.16759923
15.858,9.466963,2.631308,-0.14605077
15.897,9.481328,2.5929997,-0.10055954
15.926,9.440625,2.5906053,-0.12210801
15.956,9.45978,2.5762396,-0.12929083
15.997,9.462174,2.5570855,-0.16281068
16.025,9.438231,2.5762396,-0.17957062
16.059,9.438231,2.595394,-0.18914771
16.097,9.4095,2.6001825,-0.11971374
16.124,9.452597,2.6001825,-0.16041641
16.165,9.526819,2.5738454,-0.10774237
16.196,9.385557,2.5762396,-0.09577099
16.225,9.37598,2.6193366,-0.09577099
16.265,9.498088,2.631308,-0.11253092
16.297,9.478934,2.5929997,-0.1340794
16.325,9.402317,2.6217308,-0.14844504
16.365,9.474146,2.52596,-0.1340794
16.398,9.507666,2.5475085,-0.14844504
16.437,9.435837,2.595394,-0.18435916
16.465,9.454991,2.6720107,-0.117319465
16.497,9.419077,2.6767993,-0.14126222
16.536,9.399923,2.7055306,-0.06943397
16.565,9.4095,2.648068,-0.17717634
16.597,9.464568,2.569057,-0.17957062
16.637,9.421472,2.5714512,-0.090982445
16.664,9.536397,2.5331428,-0.18675344
16.696,9.543579,2.6815877,-0.15083931
16.736,9.407105,2.640885,-0.15802214
16.764,9.407105,2.6504622,-0.20111908
16.797,9.433443,2.6600394,-0.23224466
16.837,9.445415,2.631308,-0.28013015
16.865,9.387952,2.5810282,-0.21309046
16.896,9.378374,2.6193366,-0.16759923
16.938,9.452597,2.6217308,-0.20590763
16.965,9.488511,2.6073654,-0.17717634
16.997,9.42626,2.6145482,-0.22506183
17.036,9.457385,2.6432793,-0.21309046
17.066,9.510059,2.6289136,-0.18435916
17.099,9.395134,2.6456738,-0.19633053
17.135,9.419077,2.6504622,-0.2083019
17.178,9.490906,2.5858169,-0.21548474
17.205,9.44302,2.5738454,-0.18435916
17.237,9.4142885,2.5929997,-0.21548474
17.266,9.421472,2.595394,-0.18914771
17.306,9.407105,2.6169424,-0.19633053
17.336,9.47654,2.6217308,-0.24421602
17.376,9.435837,2.5546913,-0.19633053
17.405,9.433443,2.5906053,-0.17717634
17.437,9.483723,2.597788,-0.14126222
17.479,9.486116,2.5427198,-0.15083931
17.501,9.411894,2.6289136,-0.21069619
17.537,9.399923,2.604971,-0.18196489
17.578,9.395134,2.6001825,-0.12210801
17.604,9.562734,2.5858169,-0.19393626
17.637,9.488511,2.5738454,-0.2083019
17.678,9.399923,2.597788,-0.18914771
17.704,9.366403,2.6432793,-0.17238778
17.736,9.445415,2.6001825,-0.18675344
17.778,9.500483,2.6241252,-0.18435916
17.805,9.438231,2.595394,-0.19154198
17.838,9.431048,2.578634,-0.17957062
17.877,9.457385,2.578634,-0.22027329
17.904,9.450203,2.5929997,-0.22506183
17.938,9.419077,2.6073654,-0.19393626
17.976,9.469357,2.6025767,-0.17238778
18.005,9.452597,2.6001825,-0.17238778
18.045,9.419077,2.6097596,-0.17957062
18.077,9.438231,2.569057,-0.12689656
18.117,9.373586,2.6241252,-0.15802214
18.144,9.435837,2.6265194,-0.2083019
18.177,9.404712,2.6289136,-0.25379312
18.216,9.534002,2.7510219,-0.409421
18.244,9.421472,2.7342618,-0.24900457
18.277,9.385557,2.743839,-0.16759923
18.317,9.421472,2.49244,-0.071828246
18.344,9.550762,2.4206119,-0.0071828244
18.377,9.514848,2.4254005,0.009577099
18.416,9.471751,2.466103,0.0047885496
18.444,9.474146,2.535537,-0.083799616
18.476,9.44302,2.6528566,-0.102953814
18.516,9.39274,2.7079248,-0.18914771
18.544,9.373586,2.7079248,-0.19633053
18.576,9.4095,2.6504622,-0.18675344
18.616,9.435837,2.588211,-0.14844504
18.644,9.419077,2.569057,-0.09337672
18.678,9.507666,2.6001825,-0.083799616
18.717,9.438231,2.5379312,-0.026337024
18.744,9.483723,2.5211713,-0.043096945
18.784,9.471751,2.5594797,-0.05985687
18.818,9.490906,2.5858169,-0.11253092
18.845,9.428655,2.6552508,-0.117319465
18.884,9.42626,2.6360965,-0.12210801
18.916,9.474146,2.631308,-0.13647367
18.946,9.42626,2.604971,-0.11013664
18.980,9.428655,2.6025767,-0.07901107
19.017,9.387952,2.6001825,-0.03351985
19.056,9.47654,2.569057,-0.098165266
19.085,9.483723,2.535537,-0.15323359
19.115,9.404712,2.52596,-0.11971374
19.157,9.45978,2.5427198,-0.22027329
19.185,9.428655,2.5906053,-0.1987248
19.217,9.390346,2.6504622,-0.19393626
19.257,9.431048,2.691165,-0.105348095
19.286,9.42626,2.6169424,-0.06943397
19.318,9.490906,2.4972286,-0.10774237
19.358,9.507666,2.5139885,-0.09337672
19.386,9.440625,2.5235655,-0.11013664
19.416,9.433443,2.5858169,-0.117319465
19.457,9.478934,2.5929997,-0.12450229
19.487,9.440625,2.6025767,-0.1340794
19.519,9.462174,2.588211,-0.2083019
19.556,9.445415,2.5834224,-0.14605077
19.584,9.469357,2.6265194,-0.13168511
19.618,9.428655,2.5666625,-0.11013664
19.657,9.447808,2.5594797,-0.13647367
19.685,9.538791,2.5666625,-0.16281068
19.726,9.423865,2.5834224,-0.16520496
19.758,9.387952,2.6600394,-0.19393626
19.786,9.438231,2.6456738,-0.22745611
19.825,9.481328,2.5738454,-0.29689008
19.857,9.474146,2.5092,-0.20111908
19.898,9.330489,2.597788,-0.21787901
19.925,9.486116,2.657645,-0.14126222
19.957,9.514848,2.700742,-0.19633053
19.998,9.435837,2.6073654,-0.12210801
20.025,9.450203,2.5618742,-0.11013664
20.058,9.512454,2.5235655,-0.102953814
20.098,9.450203,2.4876516,-0.16520496
20.125,9.399923,2.473286,-0.20111908
20.158,9.37598,2.5858169,-0.22745611
20.197,9.445415,2.667222,-0.19393626
20.225,9.488511,2.6289136,-0.20590763
20.257,9.510059,2.5906053,-0.22027329
20.298,9.371192,2.5115943,-0.14365649
20.325,9.4932995,2.4972286,-0.098165266
20.358,9.514848,2.545114,-0.17478207
20.397,9.450203,2.6337023,-0.14844504
20.425,9.402317,2.6121538,-0.18914771
20.465,9.447808,2.6600394,-0.21309046
20.497,9.416683,2.6456738,-0.21069619
20.526,9.337671,2.5906053,-0.18914771
20.564,9.447808,2.5666625,-0.20351335
20.598,9.577099,2.6025767,-0.13647367
20.636,9.450203,2.5594797,-0.11253092
20.664,9.454991,2.5403256,-0.13886794
20.696,9.44302,2.5618742,-0.16281068
20.736,9.364009,2.5929997,-0.083799616
20.765,9.47654,2.5403256,-0.12929083
20.797,9.565128,2.6289136,-0.14844504
20.837,9.332883,2.588211,-0.1699935
20.865,9.352037,2.6073654,-0.16041641
20.898,9.421472,2.6097596,-0.19154198
20.937,9.565128,2.5858169,-0.14126222
20.965,9.512454,2.4493432,0.016759925
20.996,9.598648,2.4996228,-0.09337672
21.036,9.397529,2.6001825,-0.08619389
21.065,9.335278,2.6528566,-0.16281068
21.097,9.371192,2.6648278,-0.22506183
21.137,9.395134,2.6456738,-0.21548474
21.164,9.431048,2.6121538,-0.20111908
21.197,9.387952,2.578634,-0.12929083
21.238,9.440625,2.5235655,-0.13647367
21.265,9.481328,2.597788,-0.14605077
21.306,9.469357,2.6959534,-0.14126222
21.337,9.404712,2.7462332,-0.18196489
21.365,9.395134,2.7318676,-0.17478207
21.406,9.378374,2.5762396,-0.15323359
21.437,9.452597,2.5044115,-0.15323359
21.466,9.457385,2.49244,-0.18675344
21.506,9.447808,2.5666625,-0.15562786
21.538,9.423865,2.631308,-0.13647367
21.582,9.490906,2.6767993,-0.20351335
21.605,9.399923,2.6863763,-0.16759923
21.637,9.407105,2.631308,-0.16041641
21.678,9.481328,2.5427198,-0.1699935
21.705,9.4932995,2.4948344,-0.17957062
21.738,9.366403,2.5211713,-0.016759925
21.777,9.761458,3.007209,-0.2370332
21.804,9.560339,2.865947,-0.11492519
21.837,9.225141,2.4254005,-0.06943397
21.877,9.478934,2.1644244,-0.117319465
21.905,9.680053,2.2937152,-0.24182175
21.937,9.560339,2.5020173,-0.29928434
21.977,9.217958,2.7725701,-0.2466103
22.005,9.244295,2.8994668,-0.28731298
22.038,9.37598,2.8731298,-0.28013015
22.077,9.452597,2.588211,-0.21309046
22.104,9.440625,2.482863,-0.18435916
22.141,9.378374,2.5139885,-0.12689656
22.178,9.478934,2.6241252,-0.12450229
22.206,9.529214,2.6983478,-0.1699935
22.246,9.423865,2.7342618,-0.17238778
22.278,9.344854,2.7390504,-0.21069619
22.317,9.4095,2.7582045,-0.28252444
22.345,9.416683,2.6528566,-0.22745611
22.377,9.450203,2.5834224,-0.16520496
22.418,9.447808,2.5666625,-0.14605077
22.445,9.42626,2.6121538,-0.14844504
22.481,9.47654,2.6265194,-0.17238778
22.517,9.47654,2.631308,-0.19154198
22.546,9.411894,2.762993,-0.17478207
22.577,9.399923,2.7294734,-0.20111908
22.617,9.435837,2.6265194,-0.18675344
22.645,9.445415,2.5929997,-0.1340794
22.677,9.483723,2.6001825,-0.14365649
22.718,9.431048,2.5810282,-0.14844504
22.745,9.447808,2.6121538,-0.15562786
22.778,9.447808,2.6648278,-0.18675344
22.818,9.42626,2.6696165,-0.20111908
22.845,9.445415,2.6504622,-0.20351335
22.878,9.402317,2.5714512,-0.21309046
22.917,9.435837,2.5858169,-0.19633053
22.945,9.498088,2.5762396,-0.16041641
22.978,9.450203,2.5834224,-0.14844504
23.017,9.435837,2.5906053,-0.17957062
23.045,9.517242,2.6337023,-0.20111908
23.084,9.452597,2.638491,-0.2466103
23.122,9.397529,2.6504622,-0.20590763
23.159,9.440625,2.597788,-0.20351335
23.186,9.488511,2.5834224,-0.2083019
23.219,9.450203,2.5618742,-0.22745611
23.259,9.373586,2.5834224,-0.22266756
23.285,9.42626,2.5642684,-0.18914771
23.320,9.433443,2.6360965,-0.22027329
23.358,9.471751,2.6887705,-0.17238778
23.384,9.486116,2.6744049,-0.24421602
23.418,9.438231,2.6337023,-0.20590763
23.458,9.428655,2.5307484,-0.15323359
23.485,9.481328,2.516383,-0.17478207
23.517,9.45978,2.5427198,-0.1987248
23.557,9.4142885,2.5929997,-0.20351335
23.585,9.433443,2.638491,-0.21069619
23.617,9.440625,2.648068,-0.21309046
23.656,9.47654,2.5858169,-0.1699935
23.684,9.478934,2.5546913,-0.17717634
23.717,9.469357,2.569057,-0.1699935
23.757,9.399923,2.5379312,-0.1699935
23.786,9.450203,2.569057,-0.17957062
23.825,9.486116,2.6169424,-0.19633053
23.856,9.380769,2.5618742,-0.15802214
23.885,9.428655,2.569057,-0.17478207
23.925,9.464568,2.6337023,-0.19393626
23.957,9.404712,2.6025767,-0.15802214
23.997,9.423865,2.595394,-0.2083019
24.026,9.550762,2.578634,-0.20590763
24.057,9.457385,2.5642684,-0.18435916
24.098,9.416683,2.5642684,-0.17238778
24.126,9.471751,2.5522969,-0.18435916
24.157,9.47654,2.5427198,-0.1699935
24.198,9.435837,2.5738454,-0.19154198
24.227,9.445415,2.597788,-0.18196489
24.259,9.45978,2.5834224,-0.1699935
24.299,9.464568,2.5906053,-0.14844504
24.327,9.435837,2.597788,-0.17478207
24.360,9.423865,2.5642684,-0.17957062
24.399,9.464568,2.5666625,-0.17478207
24.426,9.478934,2.5929997,-0.16520496
24.459,9.435837,2.5738454,-0.16520496
24.500,9.421472,2.5834224,-0.17717634
24.526,9.478934,2.545114,-0.16281068
24.559,9.462174,2.5403256,-0.16759923
24.598,9.440625,2.5738454,-0.18196489
24.627,9.447808,2.588211,-0.18914771
24.658,9.445415,2.5834224,-0.17238778
24.698,9.478934,2.588211,-0.17957062
24.727,9.450203,2.5714512,-0.1699935
24.767,9.433443,2.5594797,-0.18435916
24.800,9.44302,2.5475085,-0.18675344
24.827,9.45978,2.5499027,-0.1699935
24.867,9.495694,2.5618742,-0.18914771
24.899,9.464568,2.5738454,-0.15562786
24.939,9.462174,2.5762396,-0.15802214
24.966,9.478934,2.5834224,-0.15802214
24.998,9.486116,2.5714512,-0.17238778
25.039,9.435837,2.5499027,-0.20111908
25.067,9.44302,2.5427198,-0.20111908
25.097,9.478934,2.5475085,-0.18196489
25.138,9.423865,2.5403256,-0.19154198
25.167,9.466963,2.588211,-0.19633053
25.198,9.486116,2.5929997,-0.19393626
25.238,9.433443,2.569057,-0.20111908
25.267,9.447808,2.5714512,-0.17717634
25.299,9.469357,2.5379312,-0.18435916
25.341,9.495694,2.545114,-0.19154198
25.367,9.462174,2.5618742,-0.1699935
25.399,9.440625,2.5618742,-0.18914771
25.439,9.402317,2.52596,-0.20111908
25.467,9.483723,2.5666625,-0.20590763
25.498,9.486116,2.6025767,-0.22506183
25.538,9.402317,2.569057,-0.16759923
25.567,9.407105,2.5522969,-0.19154198
25.606,9.44302,2.5570855,-0.19154198
25.638,9.474146,2.5714512,-0.18196489
25.667,9.469357,2.5283542,-0.17717634
25.701,9.486116,2.5307484,-0.17478207
25.739,9.433443,2.5834224,-0.20590763
25.767,9.454991,2.5929997,-0.20111908
25.807,9.45978,2.5546913,-0.22027329
25.839,9.423865,2.5594797,-0.20590763
25.879,9.450203,2.5522969,-0.20351335
25.907,9.457385,2.5427198,-0.22266756
25.939,9.447808,2.5738454,-0.21069619
25.979,9.45978,2.535537,-0.2083019
26.006,9.450203,2.5403256,-0.20351335
26.038,9.469357,2.5738454,-0.20111908
26.078,9.454991,2.5714512,-0.20590763
26.106,9.433443,2.5642684,-0.20351335
26.137,9.47654,2.5499027,-0.20590763
26.179,9.438231,2.5714512,-0.19633053
26.206,9.423865,2.535537,-0.21309046
26.240,9.4142885,2.5379312,-0.20590763
26.280,9.457385,2.5642684,-0.20590763
26.308,9.469357,2.5642684,-0.20111908
26.339,9.47654,2.5810282,-0.18435916
26.381,9.435837,2.5546913,-0.21069619
26.408,9.42626,2.5403256,-0.17478207
26.439,9.498088,2.535537,-0.22027329
26.480,9.464568,2.569057,-0.18914771
26.508,9.44302,2.5283542,-0.21787901
26.540,9.440625,2.5475085,-0.20111908
26.581,9.469357,2.5738454,-0.23224466
26.607,9.454991,2.5379312,-0.21548474
26.640,9.454991,2.5044115,-0.18914771
26.679,9.486116,2.5211713,-0.1987248
26.719,9.462174,2.5115943,-0.19154198
26.747,9.462174,2.4996228,-0.17717634
26.780,9.47654,2.5331428,-0.1987248
26.819,9.478934,2.5810282,-0.19393626
26.848,9.464568,2.5738454,-0.20351335
26.879,9.433443,2.5427198,-0.21309046
26.920,9.4932995,2.5235655,-0.19393626
26.948,9.466963,2.5235655,-0.17957062
26.979,9.464568,2.4948344,-0.15802214
27.021,9.464568,2.516383,-0.17478207
27.047,9.469357,2.5522969,-0.18435916
27.079,9.45978,2.5475085,-0.1699935
27.119,9.447808,2.5546913,-0.17717634
27.147,9.45978,2.5235655,-0.1699935
27.178,9.450203,2.5211713,-0.18914771
27.220,9.478934,2.545114,-0.19393626
27.248,9.464568,2.5307484,-0.16041641
27.280,9.45978,2.545114,-0.18196489
27.319,9.457385,2.5379312,-0.18675344
27.348,9.471751,2.545114,-0.17957062
27.386,9.42626,2.5331428,-0.1699935
27.418,9.469357,2.5211713,-0.18196489
27.459,9.478934,2.4780743,-0.1699935
27.487,9.454991,2.5235655,-0.19154198
27.519,9.466963,2.5331428,-0.18914771
27.559,9.445415,2.5834224,-0.16520496
27.587,9.469357,2.5427198,-0.17957062
27.619,9.474146,2.5307484,-0.15802214
27.659,9.45978,2.4876516,-0.17717634
27.687,9.519637,2.5403256,-0.19633053
27.718,9.462174,2.4948344,-0.17238778
27.759,9.447808,2.535537,-0.1699935
27.788,9.462174,2.5331428,-0.20590763
27.819,9.481328,2.545114,-0.17478207
27.860,9.471751,2.5666625,-0.19633053
27.887,9.45978,2.5594797,-0.18914771
27.920,9.478934,2.5738454,-0.19633053
27.960,9.507666,2.545114,-0.20590763
27.989,9.500483,2.4996228,-0.18914771
28.019,9.486116,2.5044115,-0.17238778
28.059,9.431048,2.5666625,-0.20351335
28.087,9.445415,2.588211,-0.19154198
28.119,9.445415,2.5858169,-0.20351335
28.158,9.445415,2.5810282,-0.20111908
28.187,9.433443,2.5331428,-0.20590763
28.228,9.447808,2.516383,-0.18196489
28.259,9.469357,2.5115943,-0.21548474
28.288,9.464568,2.5187771,-0.19393626
28.327,9.45978,2.5570855,-0.2083019
28.360,9.481328,2.6097596,-0.20351335
28.399,9.462174,2.5762396,-0.19633053
28.428,9.423865,2.5738454,-0.20351335
28.459,9.44302,2.5522969,-0.18196489
28.488,9.507666,2.5642684,-0.21069619
28.528,9.447808,2.52596,-0.19154198
28.559,9.433443,2.4972286,-0.18435916
28.600,9.462174,2.535537,-0.21787901
28.627,9.44302,2.6145482,-0.21548474
28.660,9.478934,2.6217308,-0.1987248
28.701,9.435837,2.6289136,-0.2083019
28.728,9.42626,2.5546913,-0.18675344
28.759,9.474146,2.4996228,-0.19393626
28.799,9.47654,2.482863,-0.20590763
28.827,9.445415,2.5307484,-0.1987248
28.859,9.464568,2.5714512,-0.19154198
28.899,9.454991,2.578634,-0.17478207
28.929,9.435837,2.6073654,-0.20351335
28.960,9.438231,2.5642684,-0.1987248
29.007,9.469357,2.4852571,-0.19393626
29.026,9.469357,2.4996228,-0.21309046
29.068,9.452597,2.5810282,-0.19154198
29.100,9.440625,2.5929997,-0.19393626
29.127,9.450203,2.569057,-0.18435916
29.166,9.464568,2.5666625,-0.20590763
29.198,9.45978,2.5427198,-0.20351335
29.239,9.462174,2.5403256,-0.1987248
29.263,9.447808,2.5403256,-0.19393626
29.300,9.478934,2.5379312,-0.18675344
29.328,9.514848,2.5283542,-0.21309046
29.367,9.438231,2.5235655,-0.18435916
29.399,9.431048,2.6073654,-0.18675344
29.439,9.416683,2.6935592,-0.21309046
29.467,9.438231,2.6624336,-0.20111908
29.499,9.438231,2.6097596,-0.17238778
29.539,9.454991,2.4804688,-0.18435916
29.567,9.45978,2.4613144,-0.17478207
29.601,9.462174,2.4637089,-0.1987248
29.639,9.474146,2.6121538,-0.18196489
29.667,9.431048,2.6696165,-0.15083931
29.699,9.42626,2.6265194,-0.17238778
29.739,9.454991,2.5427198,-0.15562786
29.766,9.47654,2.5092,-0.17238778
29.799,9.452597,2.466103,-0.17717634
29.839,9.39274,2.5115943,-0.17238778
29.868,9.419077,2.5283542,-0.14844504
29.908,9.5244255,2.5906053,-0.16281068
29.939,9.478934,2.545114,-0.13168511
29.968,9.47654,2.545114,-0.13647367
30.007,9.471751,2.5522969,-0.15562786
30.038,9.435837,2.516383,-0.15083931
30.082,9.478934,2.516383,-0.13647367
30.109,9.517242,2.578634,-0.14605077
30.139,9.447808,2.5762396,-0.11253092
30.181,9.447808,2.5211713,-0.14365649
30.207,9.447808,2.535537,-0.16041641
30.240,9.45978,2.5522969,-0.14844504
30.279,9.44302,2.5427198,-0.117319465
30.307,9.469357,2.516383,-0.13886794
30.339,9.416683,2.5139885,-0.105348095
30.380,9.466963,2.466103,-0.098165266
30.407,9.586677,2.4541316,-0.10774237
30.439,9.545974,2.4182177,-0.043096945
30.480,9.543579,2.5187771,-0.098165266
30.508,9.407105,2.640885,-0.11013664
30.539,9.364009,2.5810282,-0.102953814
30.579,9.349643,2.5546913,-0.0071828244
30.607,9.646533,2.5499027,-0.14365649
30.639,9.37598,2.439766,-0.08858817
30.680,9.469357,2.4254005,-0.1340794
30.708,9.395134,2.5092,-0.026337024
30.747,9.603436,2.4876516,-0.098165266
30.779,9.5794935,2.49244,-0.15802214
30.807,9.431048,2.5068057,-0.1340794
30.847,9.378374,2.5475085,-0.13886794
30.880,9.423865,2.52596,-0.13647367
30.919,9.553157,2.4684973,-0.12929083
30.947,9.500483,2.466103,-0.10055954
30.979,9.510059,2.4277947,-0.08619389
31.020,9.464568,2.4900458,-0.083799616
31.051,9.474146,2.5092,-0.102953814
31.078,9.440625,2.5331428,-0.14365649
31.116,9.445415,2.5714512,-0.11971374
31.146,9.512454,2.597788,-0.17238778
31.181,9.368797,2.5331428,-0.076616794
31.220,9.531608,2.4182177,-0.08619389
31.247,9.522031,2.413429,-0.07901107
31.280,9.478934,2.4445546,-0.08619389
31.319,9.512454,2.4852571,-0.04070267
31.347,9.555551,2.5139885,-0.0670397
31.379,9.450203,2.5810282,-0.090982445
31.419,9.27542,2.545114,-0.13886794
31.447,9.411894,2.5115943,-0.13168511
31.479,9.560339,2.4254005,-0.11492519
31.519,9.534002,2.4517374,-0.12929083
31.547,9.419077,2.4996228,-0.12929083
31.588,9.454991,2.6265194,-0.14605077
31.618,9.486116,2.52596,-0.098165266
31.647,9.452597,2.4996228,-0.098165266
31.686,9.478934,2.5115943,-0.11013664
31.719,9.531608,2.5403256,-0.18435916
31.760,9.397529,2.5427198,-0.14844504
31.786,9.421472,2.5666625,-0.21309046
31.818,9.423865,2.569057,-0.22745611
31.858,9.452597,2.5834224,-0.22745611
31.886,9.428655,2.569057,-0.18914771
31.918,9.433443,2.5499027,-0.15802214
31.959,9.495694,2.5546913,-0.10774237
31.987,9.4932995,2.5115943,-0.11492519
32.018,9.483723,2.5068057,-0.14126222
32.060,9.433443,2.5546913,-0.12450229
32.086,9.490906,2.6097596,-0.1699935
32.118,9.411894,2.5666625,-0.19633053
32.158,9.402317,2.4900458,-0.12929083
32.186,9.5244255,2.4469488,-0.1699935
32.218,9.58907,2.456526,-0.20111908
32.258,9.471751,2.5044115,-0.1987248
32.286,9.454991,2.5594797,-0.23224466
32.326,9.378374,2.6241252,-0.17238778
32.358,9.3831625,2.6241252,-0.17717634
32.386,9.47654,2.5929997,-0.13168511
32.420,9.478934,2.4780743,-0.11971374
32.459,9.60583,2.640885,-0.057462595
32.487,9.598648,2.6217308,-0.17717634
32.526,9.514848,2.6025767,-0.090982445
32.559,9.210775,2.604971,-0.14126222
32.599,9.191621,2.6983478,-0.49082634
32.626,9.119793,2.7462332,-0.5961744
32.659,9.373586,2.8180614,-0.6296943
32.699,9.560339,2.5810282,-0.3974496
32.726,9.562734,2.4110348,-0.21787901
32.759,9.536397,2.5139885,-0.13647367
32.798,9.435837,2.657645,-0.15562786
32.826,9.399923,2.6935592,-0.20111908
32.860,9.4142885,2.7558103,-0.35674694
32.899,9.387952,2.700742,-0.28731298
32.926,9.577099,2.7462332,-0.4668836
32.959,9.366403,2.6600394,-0.44294083
32.999,9.373586,2.6528566,-0.4070267
33.026,9.39274,2.638491,-0.36871833
33.059,9.478934,2.7127132,-0.3423813
33.097,9.373586,2.9066496,-0.34956414
33.127,9.4932995,2.7821474,-0.3232271
33.167,9.5483675,2.6696165,-0.15083931
33.199,9.5244255,2.7246847,-0.18914771
33.227,9.557945,2.6744049,-0.34956414
33.267,9.93624,2.6959534,-0.53871185
33.299,9.708784,2.5666625,-0.51955765
33.327,9.500483,2.4254005,-0.57223165
33.367,9.873989,2.4852571,-0.88588166
33.399,9.593859,2.6097596,-1.1947432
33.439,9.411894,2.5475085,-1.1899546
33.467,9.071907,2.6025767,-1.4964218
33.499,9.040782,2.5570855,-1.8076775
33.538,9.277815,2.545114,-2.2841382
33.566,8.827691,2.578634,-2.439766
33.599,9.057542,2.4014575,-2.4804688
33.638,8.772623,2.013585,-2.5139885
33.667,8.968953,1.9561225,-2.5475085
33.698,8.875577,1.9561225,-2.545114
33.739,9.088667,2.2194927,-2.4541316
33.767,9.244295,2.5403256,-2.4708917
33.800,9.239507,2.4708917,-2.2697725
33.839,9.435837,2.5546913,-2.238647
33.866,9.150918,2.8491871,-2.013585
33.898,9.502876,3.1772027,-2.169213
33.938,9.205987,2.6696165,-2.0542877
33.967,9.143736,2.2889266,-1.9824595
34.007,9.668081,2.4349775,-2.0878077
34.038,8.770228,2.5618742,-1.7957062
34.066,8.767835,2.4780743,-1.9872481
34.107,9.019233,2.6145482,-2.0590763
34.137,9.404712,2.5187771,-1.8842943
34.177,9.5244255,2.49244,-1.7550035
34.206,9.5483675,2.238647,-1.7119064
34.237,9.378374,2.264984,-1.6496553
34.278,9.349643,2.308081,-1.515576
34.307,9.500483,2.2458298,-1.498816
34.339,9.627379,2.1452703,-1.6041641
34.379,9.502876,2.0327394,-1.4581133
34.407,9.289786,1.9800652,-1.5179702
34.439,9.057542,2.1572416,-1.5969813
34.479,9.5794935,1.9848539,-1.5107874
34.506,9.5794935,1.9297855,-1.664021
34.538,9.402317,2.0399222,-1.5921928
34.578,9.596253,1.8842943,-1.376708
34.607,9.725544,1.7238779,-1.4796618
34.643,9.845258,1.7478206,-1.3551595
34.678,9.316123,1.8100717,-1.3719195
34.707,9.440625,1.9465454,-1.462902
34.738,9.09585,2.3224466,-1.4341706
34.778,8.851634,2.3320236,-1.2091088
34.806,9.684841,2.169213,-1.2761484
34.845,9.818921,1.8555629,-1.4102279
34.877,9.60583,1.8483802,-1.2258687
34.907,9.404712,2.0806248,-1.1612233
34.947,9.016839,2.1452703,-1.0319325
34.978,9.287392,2.169213,-1.0726352
35.019,10.055954,1.9824595,-1.1899546
35.047,10.585089,1.7023294,-1.089395
35.079,10.412702,1.5658557,-0.39266106
35.119,8.8085375,2.0662591,-0.9912298
35.147,7.7909703,2.257801,-0.87151605
35.178,8.877971,2.238647,-1.1492519
35.219,9.737515,1.9297855,-1.1277034
35.246,10.034406,1.8220432,-1.1564348
35.278,9.61062,2.0279508,-1.158829
35.319,8.846846,2.2434354,-1.158829
35.346,8.46855,2.3152637,-1.1109436
35.379,8.887548,2.3846977,-1.1492519
35.420,10.393547,2.9856608,-1.2785428
35.446,9.27542,2.2003386,-0.8547561
35.479,9.799767,2.5762396,-1.2737542
35.519,9.598648,2.8898897,-1.2186859
35.546,9.4095,2.7582045,-1.0223553
35.579,9.632168,2.5929997,-0.8379962
35.619,9.289786,2.473286,-0.57223165
35.646,9.438231,2.4876516,-0.6464542
35.680,9.557945,2.4589202,-0.749408
35.718,9.555551,2.5762396,-0.6943397
35.746,9.457385,2.6337023,-0.6249057
35.786,9.347249,2.640885,-0.6201172
35.818,9.447808,2.8156672,-0.5363176
35.847,9.4932995,2.6863763,-0.5147691
35.886,9.371192,2.604971,-0.52913475
35.921,9.440625,2.5594797,-0.5770202
35.959,9.325701,2.4637089,-0.52674043
35.986,9.438231,2.4972286,-0.6153286
36.018,9.478934,2.5427198,-0.7446195
36.059,9.557945,2.638491,-0.37111259
36.086,9.555551,2.3966691,-0.34716985
36.118,9.531608,2.3296294,-0.28252444
36.158,9.454991,2.370332,-0.2753416
36.187,9.545974,2.3751206,-0.20590763
36.219,9.663293,2.3846977,-0.062251143
36.261,9.560339,2.351178,-0.102953814
36.288,9.483723,2.4613144,-0.23463893
36.320,9.466963,2.4780743,-0.30886146
36.360,9.500483,2.7222905,-0.2753416
36.388,9.421472,2.6265194,-0.35674694
36.420,9.397529,2.648068,-0.38547826
36.459,9.335278,2.4852571,-0.34477556
36.489,9.184438,2.308081,-0.30646718
36.521,9.466963,2.248224,-0.28252444
36.561,9.771035,2.3152637,-0.20590763
36.589,9.627379,2.432583,-0.18435916
36.621,9.4095,2.5570855,-0.12210801
36.660,9.471751,2.6983478,-0.26097596
36.688,9.356826,2.6744049,-0.30646718
36.721,9.37598,2.5499027,-0.35914123
36.761,9.517242,2.4493432,-0.40223816
36.791,9.478934,2.432583,-0.41420954
36.821,9.428655,2.3655436,-0.37350687
36.861,9.454991,2.5403256,-0.36392978
36.888,9.514848,2.6193366,-0.38068968
36.929,9.399923,2.6265194,-0.35435268
36.961,9.44302,2.6001825,-0.34956414
36.989,9.498088,2.5499027,-0.3423813
37.028,9.421472,2.4900458,-0.36871833
37.060,9.464568,2.5187771,-0.3974496
37.105,9.4932995,2.535537,-0.40463245
37.127,9.378374,2.5499027,-0.41420954
37.161,9.316123,2.5738454,-0.36871833
37.205,9.490906,2.640885,-0.44533512
37.228,9.454991,2.6528566,-0.36632404
37.260,9.462174,2.6097596,-0.38068968
37.300,9.404712,2.5666625,-0.37829542
37.329,9.428655,2.5187771,-0.38787252
37.361,9.541185,2.466103,-0.38787252
37.401,9.45978,2.5403256,-0.38547826
37.429,9.488511,2.535537,-0.34477556
37.460,9.464568,2.5594797,-0.3232271
37.501,9.44302,2.6073654,-0.35914123
37.528,9.519637,2.5810282,-0.37829542
37.561,9.505271,2.5810282,-0.39266106
37.601,9.395134,2.6145482,-0.42378664
37.628,9.416683,2.5307484,-0.45970076
37.668,9.42626,2.588211,-0.5123748
37.702,9.435837,2.6241252,-0.45730647
37.728,9.483723,2.6600394,-0.44533512
37.768,9.541185,2.6097596,-0.45251793
37.801,9.703996,2.578634,-0.47167215
37.839,9.289786,2.569057,-0.4956149
37.869,8.983319,2.4852571,-0.48124924
37.901,9.397529,2.6193366,-0.5602603
37.939,9.457385,2.7989073,-0.68236834
37.968,9.246689,2.7941186,-0.7039168
38.001,9.225141,2.8300328,-0.8044763
38.040,9.522031,2.6720107,-0.83081335
38.068,9.505271,2.5115943,-0.7709565
38.100,9.45978,2.5403256,-0.7996878
38.140,9.395134,2.5283542,-0.7972935
38.168,9.366403,2.5858169,-0.72546524
38.200,9.323306,2.7342618,-0.7972935
38.240,9.308941,2.8946784,-0.87630457
38.268,9.296969,2.9042554,-0.9241901
38.300,9.37598,2.7749646,-0.8978531
38.340,9.431048,2.6720107,-0.88588166
38.368,9.335278,2.667222,-0.8667275
38.400,9.320911,2.6648278,-0.7877164
38.439,9.483723,2.7414446,-0.80687064
38.468,8.961771,2.6624336,-0.67757976
38.512,9.601042,2.6744049,-0.76616794
38.541,9.526819,2.7079248,-0.69194543
38.568,9.316123,2.6887705,-0.8140534
38.608,9.371192,2.7989073,-0.7948992
38.640,9.431048,2.7486274,-0.7733508
38.680,9.3831625,2.6744049,-0.7110996
38.708,8.988108,2.631308,-0.68715686
38.740,9.457385,2.5403256,-0.69673395
38.780,9.596253,2.595394,-0.6895511
38.808,9.483723,2.700742,-0.67757976
38.841,9.227535,2.6887705,-0.59378016
38.880,9.474146,2.710319,-0.5698374
38.907,9.490906,2.6696165,-0.5889916
38.940,9.3280945,2.6504622,-0.6344828
38.980,9.356826,2.6241252,-0.65842557
39.008,9.462174,2.638491,-0.7134939
39.040,9.457385,2.7366562,-0.70870537
39.081,9.352037,2.7342618,-0.68715686
39.106,9.371192,2.7462332,-0.67757976
39.147,9.378374,2.727079,-0.66321415
39.179,9.330489,2.710319,-0.6656084
39.207,9.337671,2.7055306,-0.69673395
39.241,9.397529,2.6696165,-0.7206767
39.281,9.423865,2.7390504,-0.6847626
39.308,9.4095,2.710319,-0.6847626
39.341,9.361614,2.7390504,-0.7015225
39.380,9.349643,2.7246847,-0.67279124
39.419,9.395134,2.7031362,-0.72785956
39.449,9.411894,2.667222,-0.72785956
39.480,9.337671,2.743839,-0.7326481
39.520,9.332883,2.770176,-0.7039168
39.548,9.3831625,2.7414446,-0.68236834
39.580,9.330489,2.6791935,-0.5770202
39.621,9.557945,2.631308,-0.5961744
39.649,9.490906,2.6456738,-0.600963
39.682,9.349643,2.6265194,-0.6249057
39.722,9.349643,2.7390504,-0.67279124
39.749,9.421472,2.8156672,-0.69673395
39.783,9.39274,2.8084843,-0.723071
39.821,9.311335,2.7869358,-0.75180227
39.849,9.354432,2.753416,-0.75180227
39.882,9.399923,2.6935592,-0.69912827
39.922,9.514848,2.6097596,-0.6344828
39.949,9.416683,2.6265194,-0.6368771
39.982,9.464568,2.7246847,-0.7326481
40.023,9.055147,2.7342618,-0.5027977
40.048,9.505271,2.7582045,-0.6057515
40.083,9.522031,2.7558103,-0.57462597
40.121,9.419077,2.7582045,-0.6464542
40.148,9.251478,2.6720107,-0.68715686
40.190,9.407105,2.631308,-0.7110996
40.221,9.4932995,2.6360965,-0.7901107
40.248,9.402317,2.691165,-0.75180227
40.289,9.284998,2.7558103,-0.7589851
40.321,9.332883,2.8683412,-0.72546524
40.349,9.397529,2.8874955,-0.7134939
40.388,9.419077,2.8276386,-0.7350424
40.421,9.39274,2.7941186,-0.75659084
40.464,9.404712,2.6935592,-0.845179
40.488,9.407105,2.6767993,-0.8547561
40.520,9.210775,2.7318676,-0.91461295
40.559,9.325701,2.8252442,-0.96489275
40.588,9.354432,2.944958,-0.9816527
40.623,9.304152,2.9329867,-0.9696813
40.660,9.294575,2.8491871,-0.90024734
40.689,9.4142885,2.8731298,-0.9289786
40.720,9.3280945,2.8420043,-0.9217958
40.760,9.342461,2.8108785,-0.9385557
40.789,9.3280945,2.779753,-0.9481328
40.821,9.28021,2.7677817,-0.9529214
40.861,9.306546,2.762993,-0.93616146
40.889,9.318518,2.7893302,-0.86193895
40.920,9.337671,2.832427,-0.88588166
40.961,9.416683,2.8443985,-0.7948992
40.989,9.4142885,2.8827069,-0.7901107
41.022,9.244295,2.8300328,-0.75180227
41.063,9.337671,2.6983478,-0.69194543
41.089,9.584282,2.6528566,-0.76137936
41.122,9.565128,2.6744049,-0.7948992
41.160,9.234718,2.7582045,-0.79250497
41.189,9.265843,2.8300328,-0.8547561
41.228,9.423865,2.8252442,-0.84039044
41.260,9.390346,2.7677817,-0.7948992
41.301,9.29218,2.7749646,-0.7039168
41.324,9.366403,2.7582045,-0.6943397
41.361,9.481328,2.743839,-0.67279124
41.400,9.37598,2.7510219,-0.6656084
41.429,9.373586,2.7725701,-0.6703969
41.461,9.39274,2.7941186,-0.73743665
41.501,9.354432,2.7390504,-0.7398309
41.529,9.37598,2.7773588,-0.7685622
41.562,9.390346,2.760599,-0.69912827
41.603,9.344854,2.760599,-0.71588814
41.629,9.395134,2.7558103,-0.7302538
41.660,9.320911,2.7917244,-0.73743665
41.700,9.3831625,2.7510219,-0.69194543
41.729,9.431048,2.762993,-0.67279124
41.761,9.3831625,2.7294734,-0.69194543
41.801,9.397529,2.7079248,-0.66321415
41.829,9.402317,2.760599,-0.69673395
41.861,9.349643,2.7414446,-0.679974
41.901,9.399923,2.7414446,-0.6608198
41.929,9.364009,2.7462332,-0.65842557
41.968,9.466963,2.7246847,-0.67279124
42.001,9.407105,2.7222905,-0.72546524
42.041,9.29218,2.7510219,-0.7446195
42.069,9.273026,2.7941186,-0.74222517
42.101,9.344854,2.8779182,-0.75659084
42.140,9.356826,2.8635526,-0.7326481
42.168,9.29218,2.8204558,-0.6656084
42.204,9.320911,2.8156672,-0.6273
42.240,9.361614,2.770176,-0.6057515
42.269,9.438231,2.6360965,-0.5794145
42.301,9.555551,2.5618742,-0.55307746
42.341,9.450203,2.6241252,-0.60335726
42.369,9.397529,2.7845416,-0.6392714
42.401,9.371192,2.935381,-0.7110996
42.440,9.153313,2.9736893,-0.7589851
42.469,8.983319,2.9425638,-0.76137936
42.500,9.2490835,2.7558103,-0.6847626
42.540,9.833286,2.430189,-0.60335726
42.569,9.692024,2.5427198,-0.5219519
42.601,9.244295,2.6600394,-0.5794145
42.641,9.390346,2.8443985,-0.57462597
42.668,9.577099,2.7222905,-0.6081458
42.701,9.349643,2.7725701,-0.5913859
42.741,9.296969,2.8204558,-0.6440599
42.768,9.45978,2.7079248,-0.5650489
42.802,9.474146,2.6648278,-0.5506832
42.840,9.273026,2.667222,-0.5985687
42.881,9.486116,2.7582045,-0.6488485
42.909,9.543579,2.7845416,-0.66800267
42.941,9.296969,2.8156672,-0.6440599
42.982,9.287392,2.8108785,-0.5985687
43.008,9.541185,2.779753,-0.6201172
43.040,9.419077,2.6504622,-0.5698374
43.081,9.354432,2.6265194,-0.6344828
43.104,9.349643,2.640885,-0.6057515
43.140,9.301758,2.700742,-0.5698374
43.181,9.421472,2.8443985,-0.6153286
43.207,9.438231,2.8396099,-0.65363705
43.247,9.3831625,2.796513,-0.6392714
43.281,9.301758,2.753416,-0.65363705
43.309,9.344854,2.7342618,-0.65842557
43.348,9.452597,2.7031362,-0.66321415
43.379,9.390346,2.7031362,-0.64166564
43.409,9.366403,2.770176,-0.6057515
43.440,9.42626,2.8084843,-0.6273
43.481,9.411894,2.7558103,-0.6081458
43.509,9.342461,2.762993,-0.61293435
43.549,9.39274,2.7773588,-0.6153286
43.581,9.419077,2.743839,-0.6057515
43.608,9.390346,2.727079,-0.6249057
43.650,9.399923,2.719896,-0.6488485
43.680,9.397529,2.7246847,-0.6249057
43.720,9.395134,2.7318676,-0.62251145
43.748,9.421472,2.7725701,-0.6703969
43.781,9.431048,2.7486274,-0.7015225
43.820,9.335278,2.779753,-0.7302538
43.849,9.366403,2.8180614,-0.7685622
43.881,9.340066,2.8587642,-0.7996878
43.921,9.320911,2.796513,-0.83081335
43.948,9.349643,2.8180614,-0.8044763
43.981,9.354432,2.796513,-0.7853221
44.020,9.354432,2.743839,-0.70631105
44.048,9.4932995,2.82285,-0.7206767
44.080,9.502876,2.7486274,-0.6895511
44.122,9.395134,2.8252442,-0.7302538
44.148,9.352037,2.8300328,-0.84278476
44.182,9.1940155,2.9928436,-0.9984126
44.222,9.189227,2.9521408,-1.1109436
44.248,9.282603,2.9593236,-1.2138973
44.293,9.308941,2.8827069,-1.1899546
44.320,9.234718,2.8803127,-1.1468576
44.348,9.26345,2.954535,-1.1660118
44.387,9.253872,2.9904492,-1.1612233
44.421,9.25866,2.9641123,-1.0917894
44.449,9.26345,2.971295,-1.0726352
44.488,9.316123,2.9641123,-1.0678465
44.520,9.299363,2.925804,-1.036721
44.560,9.316123,2.9234095,-1.0582695
44.588,9.284998,2.9090438,-1.0606637
44.621,9.304152,2.8707354,-1.0702409
44.651,9.25866,2.8946784,-1.0917894
44.688,9.277815,2.9090438,-1.0989721
44.720,9.316123,2.9593236,-1.0941836
44.761,9.189227,3.0287576,-1.0199611
44.788,9.299363,3.1053743,-1.0032011
44.819,9.344854,3.1149516,-1.0151725
44.860,9.115005,2.7677817,-0.84996754
44.887,9.273026,2.6504622,-0.8475733
44.920,9.608225,2.7127132,-0.90024734
44.961,9.445415,2.8396099,-0.82602483
44.989,9.251478,2.9952378,-0.8356019
45.020,9.186832,3.0622776,-0.8643332
45.060,9.277815,2.8731298,-0.87151605
45.088,9.416683,2.7222905,-0.90503585
45.128,9.419077,2.7318676,-0.9624985
45.159,9.277815,2.8396099,-0.9816527
45.188,9.215564,2.901861,-0.96489275
45.228,9.294575,2.9689007,-0.9481328
45.261,9.308941,2.978478,-0.9313729
45.288,9.29218,2.928198,-0.9217958
45.328,9.268238,2.918621,-0.8930645
45.360,9.318518,2.8946784,-0.90503585
45.399,9.361614,2.8276386,-0.8930645
45.428,9.306546,2.8874955,-0.89067024
45.459,9.3592205,2.8874955,-0.90503585
45.491,9.304152,2.9114382,-0.90024734
45.527,9.301758,2.9090438,-0.9026416
45.561,9.3280945,2.8970726,-0.90024734
45.600,9.227535,2.8372157,-0.8475733
45.628,9.313729,2.8420043,-0.888276
45.661,9.330489,2.8443985,-0.8739103
45.700,9.344854,2.9305923,-0.9194015
45.728,9.337671,2.918621,-0.9194015
45.759,9.316123,2.8803127,-0.9074302
45.801,9.270632,2.892284,-0.9313729
45.828,9.356826,2.8731298,-0.9601042
45.861,9.3280945,2.9210153,-0.95531565
45.900,9.313729,2.918621,-0.9505271
45.928,9.289786,2.8874955,-0.9194015
45.968,9.352037,2.892284,-0.96489275
46.001,9.347249,2.8970726,-0.90982443
46.029,9.342461,2.901861,-0.9122187
46.068,9.335278,2.8827069,-0.9122187
46.100,9.323306,2.9114382,-0.91700727
46.139,9.313729,2.935381,-0.9529214
46.168,9.282603,2.9114382,-0.9505271
46.207,9.268238,2.9377751,-0.9792584
46.240,9.301758,2.928198,-1.0271438
46.268,9.29218,2.9210153,-0.967287
46.299,9.265843,2.8827069,-0.98404694
46.341,9.282603,2.9234095,-0.9864412
46.368,9.332883,2.918621,-0.9960183
46.400,9.323306,2.8946784,-0.9505271
46.440,9.301758,2.9329867,-0.90503585
46.468,9.352037,2.9305923,-0.8834874
46.500,9.332883,2.9138324,-0.8332076
46.540,9.356826,2.892284,-0.89067024
46.568,9.299363,2.8827069,-0.92658436
46.600,9.3280945,2.8731298,-0.9720756
46.640,9.294575,2.885101,-1.0175668
46.669,9.277815,2.9162266,-1.0391153
46.700,9.284998,2.944958,-1.0295382
46.739,9.27542,2.9090438,-0.99362403
46.768,9.316123,2.918621,-0.97446984
46.800,9.318518,2.925804,-0.91700727
46.840,9.330489,2.8946784,-0.9122187
46.868,9.313729,2.901861,-0.9505271
46.908,9.337671,2.928198,-0.9505271
46.940,9.325701,2.9234095,-0.9792584
46.968,9.277815,2.9401696,-1.0654523
47.008,9.268238,2.9401696,-1.063058
47.040,9.251478,2.954535,-1.0965779
47.080,9.27542,2.928198,-1.1157321
47.113,9.270632,2.9521408,-1.1205206
47.138,9.26345,2.9401696,-1.0965779
47.181,9.225141,2.9521408,-1.063058
47.207,9.296969,2.9497466,-1.0582695
47.240,9.318518,2.928198,-1.0319325
47.279,9.28021,2.8946784,-0.9768641
47.307,9.306546,2.9401696,-1.0008069
47.339,9.299363,2.9473522,-1.036721
47.380,9.29218,2.925804,-1.0247496
47.408,9.287392,2.9617178,-1.0175668
47.440,9.296969,2.9401696,-1.0247496
47.480,9.318518,2.9090438,-1.0319325
47.509,9.299363,2.9689007,-1.0486923
47.540,9.28021,2.9736893,-1.0654523
47.580,9.256267,2.9329867,-1.0486923
47.608,9.273026,3.0096035,-1.0822122
47.647,9.232324,2.9114382,-1.0199611
47.680,9.313729,2.918621,-1.0127783
47.720,9.304152,2.9210153,-1.010384
47.748,9.277815,2.9138324,-1.036721
47.780,9.294575,2.9689007,-1.0391153
47.808,9.325701,3.0048149,-1.0319325
47.848,9.265843,2.971295,-1.0271438
47.879,9.289786,2.925804,-1.0247496
47.920,9.316123,2.918621,-1.0391153
47.948,9.289786,2.918621,-0.9960183
47.980,9.316123,2.944958,-0.9601042
48.020,9.330489,2.9425638,-0.967287
48.048,9.316123,2.9497466,-0.9529214
48.081,9.308941,2.944958,-0.9960183
48.119,9.287392,2.9425638,-0.9720756
48.148,9.301758,2.9066496,-0.97446984
48.178,9.313729,2.8970726,-0.9912298
48.219,9.308941,2.944958,-1.0439038
48.247,9.251478,2.971295,-1.0151725
48.279,9.256267,2.9425638,-1.0032011
48.320,9.313729,2.9401696,-0.9864412
48.348,9.287392,2.9689007,-0.9912298
48.381,9.28021,2.9593236,-0.96489275
48.420,9.335278,2.9521408,-0.9816527
48.448,9.299363,2.9401696,-0.9888355
48.480,9.268238,2.9042554,-0.967287
48.520,9.277815,2.9760835,-1.0510867
48.549,9.373586,2.9736893,-1.089395
48.587,9.232324,2.944958,-1.0510867
48.620,9.227535,2.997632,-1.0008069
48.648,9.323306,3.0167863,-0.9577099
48.687,9.189227,2.8420043,-0.9337672
48.720,9.385557,2.7318676,-0.8930645
48.759,9.265843,2.8108785,-0.8571504
48.788,9.222747,2.8731298,-0.9529214
48.820,9.289786,3.0239692,-1.0223553
48.860,9.340066,2.8874955,-0.9122187
48.888,9.244295,2.9832664,-1.0271438
48.921,9.320911,2.997632,-1.0654523
48.959,9.244295,2.9665065,-0.9960183
48.988,9.136553,3.0239692,-1.0008069
49.020,9.210775,2.9665065,-0.9984126
49.060,9.404712,2.9569294,-0.9960183
49.088,9.416683,2.9473522,-1.0247496
49.127,9.299363,2.9569294,-1.0199611
49.160,9.304152,2.9090438,-1.0199611
49.187,9.261055,2.8898897,-1.0774237
49.228,9.2490835,2.865947,-1.0654523
49.259,9.399923,2.8204558,-1.0582695
49.288,9.3831625,2.9617178,-1.0846065
49.328,9.155706,3.031152,-1.0510867
49.359,9.234718,3.1029801,-1.0271438
49.400,9.301758,3.0359404,-1.063058
49.428,9.268238,2.9329867,-1.0702409
49.460,9.256267,2.8300328,-1.0822122
49.488,9.284998,2.8539755,-1.0917894
49.528,9.344854,2.9593236,-1.036721
49.560,9.294575,3.057489,-1.0726352
49.600,9.270632,3.0167863,-1.1253091
49.628,9.251478,2.9425638,-1.1540405
49.660,9.217958,2.971295,-1.1827718
49.701,9.208381,3.0646718,-1.2138973
49.727,9.232324,3.0646718,-1.158829
49.759,9.256267,3.0694604,-1.1684061
49.799,9.234718,2.9928436,-1.1157321
49.827,9.29218,2.9066496,-1.1061549
49.859,9.371192,2.865947,-1.1109436
49.899,9.304152,3.0191805,-1.1181264
49.928,9.184438,3.1221344,-1.1372806
49.960,9.177256,3.1484714,-1.158829
50.001,9.153313,3.007209,-1.0774237
50.028,9.316123,2.9952378,-1.1181264
50.061,9.320911,2.892284,-1.1420691
50.098,9.251478,2.9234095,-1.1085492
50.127,9.311335,3.007209,-1.0822122
50.167,9.265843,3.0646718,-1.0965779
50.200,9.227535,3.067066,-1.1109436
50.241,9.270632,3.0048149,-1.0606637
50.262,9.332883,2.9928436,-1.1133378
50.300,9.217958,2.9904492,-1.1372806
50.328,9.232324,2.988055,-1.1516461
50.362,9.253872,3.0263634,-1.1564348
50.401,9.225141,3.0167863,-1.1516461
50.439,9.265843,2.9904492,-1.132492
50.468,9.268238,2.9497466,-1.1420691
50.500,9.26345,3.050306,-1.1372806
50.539,9.2490835,3.0862203,-1.1133378
50.568,9.225141,3.0886145,-1.1300977
50.599,9.261055,3.0215747,-1.1181264
50.639,9.251478,2.9401696,-1.1157321
50.668,9.27542,2.944958,-1.0558752
50.698,9.294575,2.9305923,-1.1109436
50.740,9.268238,3.047912,-1.1037607
50.768,9.229929,3.0263634,-1.1085492
50.799,9.29218,3.0527003,-1.1516461
50.840,9.256267,3.0335462,-1.1731946
50.868,9.229929,2.9808722,-1.1684061
50.908,9.27542,3.0119977,-1.1899546
50.939,9.265843,3.014392,-1.1899546
50.967,9.201198,3.0191805,-1.1708003
51.000,9.256267,2.9760835,-1.1684061
51.039,9.287392,2.9617178,-1.158829
51.080,9.261055,3.0455174,-1.1468576
51.104,9.217958,3.0287576,-1.1157321
51.139,9.253872,3.0957973,-1.1205206
51.179,9.268238,3.0359404,-1.1923488
51.207,9.220352,2.9904492,-1.1564348
51.238,9.2419,2.988055,-1.1564348
51.279,9.25866,2.9904492,-1.175589
51.308,9.289786,3.0287576,-1.185166
51.341,9.270632,3.057489,-1.1803775
51.381,9.222747,3.0742488,-1.1731946
51.407,9.237112,3.0359404,-1.1636176
51.440,9.26345,3.0096035,-1.1636176
51.479,9.232324,2.9952378,-1.1731946
51.507,9.244295,3.007209,-1.1636176
51.539,9.253872,3.0335462,-1.1540405
51.579,9.246689,3.0287576,-1.1899546
51.607,9.220352,3.040729,-1.2186859
51.640,9.229929,3.040729,-1.1731946
51.679,9.277815,3.0000262,-1.158829
51.707,9.232324,3.0455174,-1.1660118
51.740,9.227535,3.059883,-1.1731946
51.779,9.261055,3.0335462,-1.1516461
51.808,9.227535,3.047912,-1.185166
51.847,9.213169,3.0455174,-1.2210802
51.879,9.253872,3.0191805,-1.2043202
51.920,9.261055,3.0239692,-1.1899546
51.947,9.253872,3.0359404,-1.1971374
51.980,9.239507,3.0694604,-1.1564348
52.008,9.239507,3.031152,-1.158829
52.047,9.246689,3.067066,-1.1660118
52.079,9.282603,3.0239692,-1.158829
52.119,9.220352,3.0024207,-1.1779832
52.147,9.232324,3.0455174,-1.1947432
52.188,9.237112,3.047912,-1.1803775
52.219,9.246689,3.040729,-1.1947432
52.246,9.251478,3.0287576,-1.1803775
52.281,9.273026,3.0096035,-1.1540405
52.321,9.227535,3.0119977,-1.1684061
52.348,9.25866,3.0646718,-1.1516461
52.381,9.232324,3.0790374,-1.1779832
52.421,9.244295,3.047912,-1.185166
52.448,9.213169,3.0000262,-1.2067145
52.480,9.2490835,3.0096035,-1.1971374
52.524,9.265843,3.0191805,-1.1875603
52.549,9.124581,2.971295,-1.1492519
52.580,9.217958,3.0431232,-1.1468576
52.621,9.265843,3.0096035,-1.1444633
52.647,9.26345,3.0167863,-1.1468576
52.680,9.256267,3.0215747,-1.1779832
52.720,9.251478,3.059883,-1.201926
52.748,9.217958,3.0287576,-1.1684061
52.781,9.2490835,3.0215747,-1.1708003
52.822,9.251478,2.9593236,-1.1612233
52.849,9.29218,3.0048149,-1.1300977
52.882,9.2419,3.0718546,-1.1420691
52.920,9.268238,3.0862203,-1.1181264
52.949,9.273026,3.1149516,-1.1109436
52.989,9.282603,2.9904492,-1.1636176
53.022,9.296969,2.9162266,-1.1923488
53.062,9.251478,2.8515813,-1.2498114
53.089,9.222747,2.885101,-1.2785428
53.120,9.210775,3.0263634,-1.3288225
53.161,9.196409,3.1748085,-1.2665714
53.188,9.184438,3.2514253,-1.2713599
53.221,9.229929,3.1748085,-1.2665714
53.261,9.213169,2.9617178,-1.2474172
53.289,9.246689,2.9162266,-1.3431882
53.321,9.177256,2.8946784,-1.3216397
53.361,9.213169,2.9521408,-1.3264283
53.389,9.251478,3.031152,-1.2857256
53.422,9.256267,3.1293173,-1.324034
53.462,9.232324,3.0718546,-1.2785428
53.490,9.229929,3.067066,-1.297697
53.522,9.261055,3.031152,-1.3120626
53.562,9.217958,2.9473522,-1.376708
53.590,9.182044,2.9689007,-1.3862851
53.622,9.205987,2.9952378,-1.403045
53.663,9.191621,3.047912,-1.3910737
53.690,9.213169,3.0862203,-1.3431882
53.722,9.205987,3.0431232,-1.324034
53.762,9.277815,3.0119977,-1.2857256
53.790,9.261055,2.978478,-1.2809371
53.829,9.227535,2.9593236,-1.324034
53.861,9.261055,2.9377751,-1.3431882
53.890,9.232324,3.014392,-1.3048798
53.930,9.222747,3.1365,-1.3144568
53.962,9.160496,3.1460772,-1.3216397
54.001,9.177256,3.0957973,-1.3455825
54.029,9.244295,3.0359404,-1.359948
54.062,9.232324,2.9952378,-1.3575538
54.101,9.210775,2.9593236,-1.3814965
54.130,9.26345,2.9569294,-1.3982565
54.160,9.213169,2.988055,-1.4174107
54.202,9.1940155,3.0239692,-1.3838909
54.230,9.225141,3.0862203,-1.350371
54.263,9.213169,3.100586,-1.3814965
54.301,9.182044,3.0335462,-1.333611
54.331,9.2419,3.040729,-1.350371
54.361,9.284998,3.0167863,-1.3982565
54.401,9.196409,2.9904492,-1.3671309
54.430,9.1940155,2.997632,-1.403045
54.461,9.201198,3.0215747,-1.4102279
54.502,9.239507,3.040729,-1.403045
54.530,9.232324,3.0550947,-1.350371
54.563,9.208381,3.0790374,-1.2929084
54.602,9.277815,3.0455174,-1.2761484
54.630,9.256267,2.9665065,-1.2330515
54.670,9.316123,2.9401696,-1.2761484
54.702,9.270632,3.031152,-1.2905141
54.742,9.201198,3.047912,-1.3192455
54.771,9.217958,3.0359404,-1.3407938
54.803,9.222747,3.059883,-1.3647367
54.842,9.225141,2.9928436,-1.3886794
54.870,9.237112,2.9689007,-1.4509305
54.902,9.203592,2.9808722,-1.4796618
54.942,9.165284,2.925804,-1.4868447
54.970,9.1940155,2.954535,-1.446142
55.003,9.217958,3.0455174,-1.3671309
55.043,9.244295,3.1460772,-1.2761484
55.070,9.26345,3.0957973,-1.2689656
55.112,9.2490835,3.0000262,-1.2809371
55.141,9.296969,2.9377751,-1.4078336
55.170,9.186832,2.8348215,-1.472479
55.202,9.170073,2.8491871,-1.3671309
55.242,9.299363,3.1077688,-1.3862851
55.270,9.196409,3.215511,-1.4389591
55.302,9.103033,3.2011454,-1.2953026
55.342,9.308941,3.15326,-1.359948
55.370,9.177256,3.067066,-1.3000913
55.402,9.189227,2.9689007,-1.3910737
55.442,9.277815,2.9042554,-1.4341706
55.470,9.186832,2.8970726,-1.359948
55.510,9.189227,3.057489,-1.3886794
55.542,9.167678,3.11974,-1.3192455
55.570,9.160496,3.1412885,-1.3000913
55.609,9.182044,3.2083282,-1.0965779
55.642,9.268238,3.241848,-0.9912298
55.682,9.373586,3.0766432,-1.0534809
55.710,9.488511,2.8683412,-1.1803775
55.743,9.514848,2.8396099,-1.1708003
55.782,9.09585,2.9689007,-1.0295382
55.810,8.784595,3.1460772,-0.9888355
55.841,9.1628895,3.1293173,-1.2162915
55.882,9.545974,3.0096035,-1.1971374
55.910,9.352037,2.9736893,-1.1444633
55.942,9.103033,3.067066,-1.1444633
55.981,9.182044,3.093403,-1.1492519
56.010,9.198804,3.0431232,-1.1348863
56.041,9.2419,3.0024207,-1.0846065
56.082,9.296969,3.0694604,-1.0486923
56.111,9.306546,3.0646718,-1.0702409
56.141,9.268238,3.0263634,-1.0702409
56.183,9.222747,3.014392,-1.0726352
56.211,9.268238,3.0119977,-1.1396748
56.242,9.265843,3.007209,-1.1468576
56.282,9.196409,3.0694604,-1.1420691
56.309,9.222747,3.083826,-1.1779832
56.349,9.2490835,3.1029801,-1.1660118
56.383,9.237112,2.988055,-1.1253091
56.410,9.232324,3.0024207,-1.1157321
56.450,9.265843,3.040729,-1.1133378
56.481,9.25866,3.0167863,-1.0965779
56.521,9.251478,3.057489,-1.0941836
56.550,9.261055,3.047912,-1.1348863
56.583,9.284998,3.0359404,-1.1133378
56.621,9.201198,3.047912,-1.1564348
56.649,9.229929,3.0455174,-1.1396748
56.682,9.296969,3.0263634,-1.132492
56.722,9.239507,3.0431232,-1.132492
56.750,9.253872,3.0167863,-1.132492
56.783,9.265843,3.0000262,-1.1396748
56.821,9.265843,3.0718546,-1.1492519
56.850,9.234718,3.0862203,-1.1444633
56.882,9.227535,3.007209,-1.1444633
56.922,9.265843,3.0359404,-1.1612233
56.950,9.239507,3.0215747,-1.1564348
56.982,9.25866,3.0048149,-1.1205206
57.022,9.256267,3.0862203,-1.132492
57.050,9.189227,3.0886145,-1.1013664
57.082,9.179649,3.0335462,-1.1085492
57.121,9.273026,2.988055,-1.1037607
57.162,9.428655,2.875524,-1.1300977
57.190,9.387952,2.7989073,-1.0606637
57.222,9.2419,3.0167863,-1.1061549
57.263,9.174861,3.1436827,-1.1085492
57.289,9.222747,3.0383348,-0.9026416
57.322,8.959376,2.9856608,-1.0558752
57.362,9.191621,2.885101,-1.0391153
57.389,9.4142885,2.9641123,-1.0941836
57.420,9.352037,2.9401696,-1.0917894
57.461,9.186832,3.007209,-1.0774237
57.489,9.313729,3.0239692,-1.0582695
57.521,9.3280945,2.8731298,-0.9816527
57.562,9.256267,2.9042554,-0.9960183
57.589,9.301758,2.9138324,-1.0678465
57.622,9.313729,2.9114382,-1.0510867
57.661,9.210775,2.9521408,-1.0175668
57.690,9.201198,3.0383348,-1.0008069
57.721,9.25866,3.0790374,-1.0319325
57.762,9.239507,3.0239692,-1.0678465
57.790,9.26345,2.928198,-1.0343267
57.821,9.323306,2.8563697,-1.0295382
57.862,9.313729,2.9138324,-1.0606637
57.890,9.299363,2.978478,-1.0486923
57.922,9.232324,3.014392,-1.0247496
57.961,9.273026,3.0024207,-1.0271438
57.989,9.296969,2.944958,-1.0941836
58.029,9.311335,2.8970726,-0.9792584
58.061,9.502876,2.7917244,-0.9912298
58.101,8.921068,2.9401696,-1.0678465
58.129,9.25866,2.9856608,-1.0941836
58.163,9.356826,3.1772027,-1.1013664
58.202,9.182044,3.0359404,-1.0606637
58.229,9.143736,3.0455174,-1.0247496
58.260,9.44302,2.9401696,-0.9984126
58.302,9.3831625,2.8396099,-0.9864412
58.329,9.227535,2.8563697,-0.9122187
58.362,9.261055,2.8779182,-0.90024734
58.402,9.380769,2.8946784,-0.967287
58.429,9.294575,2.925804,-1.0271438
58.462,9.179649,3.0239692,-1.0750294
58.501,9.347249,2.9689007,-1.0391153
58.530,9.387952,2.9138324,-0.99362403
58.561,9.172467,2.954535,-0.9864412
58.602,9.210775,2.928198,-0.94573855
58.629,9.407105,2.8970726,-0.8475733
58.661,9.323306,2.9305923,-0.8930645
58.702,9.289786,2.8898897,-0.90982443
58.730,9.325701,2.885101,-0.94095
58.763,9.323306,2.8731298,-0.90982443
58.801,9.352037,2.9473522,-0.94095
58.829,9.105427,2.9665065,-0.9337672
58.870,9.488511,2.8084843,-0.98404694
58.901,9.325701,2.885101,-0.9337672
58.942,9.215564,2.8348215,-0.9241901
58.969,9.227535,2.9114382,-0.8332076
59.001,9.433443,2.9066496,-0.88109314
59.041,9.323306,2.8946784,-0.88588166
59.068,9.244295,2.9090438,-0.888276
59.101,9.294575,2.918621,-0.85954463
59.140,9.26345,2.8276386,-0.8379962
59.169,9.1940155,2.832427,-0.81165916
59.201,9.316123,2.8611584,-0.8547561
59.242,9.543579,2.8420043,-0.845179
59.270,9.660899,2.865947,-0.9289786
59.301,9.189227,3.0383348,-0.9601042
59.341,9.043176,2.9521408,-0.9696813
59.372,9.301758,2.9473522,-0.9289786
59.400,9.534002,2.865947,-0.90982443
59.440,9.2490835,2.8300328,-0.8667275
59.468,9.28021,2.8180614,-0.87630457
59.501,9.368797,2.8276386,-0.86912173
59.541,9.318518,2.8994668,-0.93616146
59.570,9.244295,2.988055,-0.94573855
59.602,9.270632,2.9689007,-0.9529214
59.641,9.301758,2.9066496,-0.9696813
59.671,9.352037,2.8180614,-0.9289786
59.703,9.445415,2.7845416,-0.9289786
59.741,9.311335,2.9114382,-0.9289786
59.770,9.294575,2.9641123,-1.0319325
59.810,9.177256,3.0287576,-1.0391153
59.841,9.122187,3.0455174,-1.0965779
59.881,9.335278,3.014392,-1.0439038
59.910,9.478934,2.832427,-0.97446984
59.942,9.198804,2.8300328,-0.9313729
59.981,9.239507,2.8827069,-0.8930645
