timestamp,x,y,z
00.010,40.559998,-37.559998,-85.86
00.050,40.5,-36.54,-85.38
00.089,41.219997,-36.66,-84.96
00.130,41.52,-36.66,-85.92
00.150,41.1,-37.079998,-85.68
00.190,41.7,-37.86,-85.86
00.212,41.64,-37.739998,-85.32
00.251,41.28,-37.26,-85.259995
00.292,40.8,-37.2,-85.74
00.342,41.16,-37.26,-86.28
00.353,40.62,-36.66,-86.52
00.390,40.86,-37.62,-85.619995
00.431,40.5,-36.96,-85.74
00.455,41.1,-37.14,-85.86
00.490,42.3,-37.14,-85.799995
00.532,41.579998,-37.14,-85.86
00.551,41.399998,-37.44,-86.04
00.595,41.76,-37.2,-85.2
00.631,40.92,-38.28,-86.58
00.652,40.379997,-38.1,-86.58
00.691,40.32,-37.02,-86.159996
00.731,42.059998,-37.26,-85.92
00.753,41.64,-37.2,-86.28
00.792,41.579998,-37.26,-86.159996
00.832,42.059998,-36.6,-86.22
00.852,40.739998,-37.2,-85.619995
00.892,41.64,-37.079998,-85.799995
00.932,42.0,-37.32,-85.439995
00.952,41.16,-38.1,-84.96
00.991,41.52,-36.899998,-86.1
01.034,40.8,-37.32,-85.92
01.074,41.219997,-37.559998,-86.4
01.092,41.399998,-36.899998,-86.4
01.133,41.76,-38.1,-86.04
01.152,41.399998,-38.16,-85.799995
01.192,40.739998,-36.6,-85.02
01.232,41.76,-37.5,-86.939995
01.271,40.559998,-37.26,-85.38
01.292,41.76,-36.96,-86.28
01.330,41.28,-37.14,-86.58
01.372,40.98,-37.44,-85.68
01.391,41.04,-36.84,-85.56
01.430,41.52,-37.5,-85.979996
01.471,42.42,-37.02,-85.5
01.492,42.059998,-37.44,-85.68
01.532,41.76,-37.559998,-85.86
01.570,41.34,-37.739998,-86.7
01.592,41.399998,-36.96,-86.22
01.631,40.98,-37.26,-85.799995
01.672,42.059998,-36.899998,-85.08
01.692,41.52,-36.78,-86.04
01.741,40.92,-36.899998,-85.74
01.770,41.46,-37.32,-85.979996
01.792,41.76,-37.38,-86.1
01.831,40.8,-36.78,-85.56
01.872,40.92,-37.44,-86.04
01.892,40.86,-36.78,-86.4
01.933,42.239998,-36.899998,-85.5
01.972,41.04,-36.719997,-86.28
01.992,40.62,-36.78,-85.979996
02.032,40.92,-37.2,-85.619995
02.072,41.52,-37.32,-86.159996
02.111,42.48,-37.38,-85.68
02.132,41.82,-36.48,-85.799995
02.171,41.76,-37.14,-86.1
02.213,40.739998,-37.02,-85.799995
02.233,40.92,-36.899998,-85.86
02.273,41.46,-37.38,-85.2
02.312,41.52,-37.559998,-85.74
02.332,41.64,-37.559998,-85.56
02.371,41.16,-36.899998,-85.38
02.414,40.379997,-37.26,-85.979996
02.436,40.98,-37.079998,-86.159996
02.470,40.68,-37.26,-85.68
02.512,40.8,-37.26,-86.04
02.533,41.16,-37.5,-85.38
02.572,41.64,-36.96,-85.799995
02.611,41.34,-36.899998,-86.52
02.632,41.16,-37.14,-86.04
02.671,41.04,-37.62,-85.799995
02.712,40.98,-36.42,-87.06
02.733,41.34,-37.14,-86.22
02.769,41.399998,-37.02,-85.86
02.813,41.94,-36.719997,-86.04
02.832,42.18,-37.26,-85.799995
02.873,41.219997,-37.2,-86.64
02.911,40.92,-36.84,-85.08
02.933,41.82,-36.66,-85.5
02.972,40.62,-36.54,-85.92
03.012,41.28,-37.02,-85.979996
03.052,41.76,-37.44,-85.92
03.072,41.52,-37.32,-85.92
03.112,41.1,-37.26,-86.4
03.150,41.1,-37.44,-86.159996
03.171,41.52,-37.38,-85.74
03.212,41.52,-37.5,-85.92
03.252,41.399998,-36.899998,-85.259995
03.273,41.219997,-37.079998,-85.5
03.313,41.64,-36.96,-85.439995
03.352,41.399998,-37.44,-86.58
03.371,41.34,-37.92,-85.799995
03.416,41.28,-37.32,-84.84
03.450,41.52,-37.079998,-85.979996
03.471,41.82,-36.78,-86.22
03.511,42.3,-37.02,-85.74
03.551,41.64,-37.14,-86.159996
03.591,41.1,-37.26,-85.74
03.612,40.86,-37.14,-85.5
03.652,41.16,-37.5,-85.92
03.692,40.8,-36.78,-86.759995
03.711,40.8,-36.96,-85.92
03.752,41.82,-37.26,-85.38
03.790,41.04,-37.26,-85.619995
03.810,40.86,-37.44,-84.84
03.851,42.0,-36.66,-86.159996
03.892,40.86,-36.899998,-85.799995
03.911,40.92,-37.38,-86.28
03.951,41.34,-37.32,-86.22
03.992,41.52,-37.02,-85.5
04.012,41.7,-37.26,-85.02
04.051,42.059998,-37.68,-85.619995
04.092,41.219997,-36.66,-86.34
04.111,41.34,-37.14,-85.68
04.151,41.52,-37.2,-85.5
04.190,40.86,-37.02,-86.04
04.212,40.86,-36.96,-85.799995
04.252,40.62,-37.98,-85.619995
04.291,41.399998,-37.02,-85.619995
04.311,41.46,-36.719997,-85.799995
04.352,41.219997,-36.96,-86.4
04.392,41.399998,-37.26,-85.68
04.431,40.86,-37.02,-85.74
04.450,41.219997,-37.02,-85.68
04.492,41.579998,-37.739998,-85.799995
04.533,40.62,-36.3,-85.14
04.551,41.16,-36.899998,-85.619995
04.590,41.28,-36.719997,-85.92
04.630,41.04,-37.62,-85.38
04.651,40.92,-38.04,-85.14
04.691,40.86,-36.48,-85.619995
04.732,41.219997,-37.32,-85.619995
04.750,41.579998,-37.62,-85.619995
04.792,41.52,-36.78,-85.439995
04.831,41.52,-37.079998,-86.22
04.850,41.579998,-37.5,-85.979996
04.892,40.62,-37.32,-86.22
04.931,41.219997,-37.92,-86.22
04.955,41.52,-37.2,-86.939995
04.990,41.399998,-37.559998,-85.619995
05.030,41.16,-37.44,-86.52
05.051,41.64,-37.62,-86.4
05.091,41.04,-37.02,-85.979996
05.130,41.46,-37.44,-85.68
05.152,40.8,-37.68,-85.02
05.191,40.98,-37.5,-85.56
05.231,40.62,-36.96,-85.08
05.252,40.5,-37.02,-85.14
05.290,40.92,-37.98,-84.659996
05.331,40.92,-37.38,-85.08
05.352,41.1,-37.38,-85.979996
05.392,41.46,-37.5,-86.159996
05.430,41.7,-37.26,-85.979996
05.469,40.2,-37.02,-86.1
05.491,41.04,-36.96,-86.22
05.532,41.879997,-37.079998,-85.68
05.572,40.98,-36.78,-85.979996
05.591,40.86,-36.719997,-85.979996
05.632,41.28,-37.02,-86.7
05.671,41.52,-36.3,-86.1
05.692,41.7,-36.239998,-86.04
05.731,41.28,-36.78,-85.68
05.771,41.46,-36.42,-86.64
05.791,41.94,-36.42,-86.4
05.829,41.82,-37.14,-86.04
05.871,41.219997,-37.079998,-85.979996
05.891,42.18,-37.14,-85.08
05.931,41.16,-37.559998,-86.04
05.971,40.8,-37.44,-86.159996
05.991,41.46,-37.68,-85.5
06.031,41.579998,-36.84,-85.14
06.071,41.28,-37.38,-85.799995
06.092,41.04,-37.5,-86.04
06.130,41.28,-37.079998,-85.92
06.172,41.1,-37.2,-85.86
06.211,41.94,-37.079998,-85.799995
06.231,42.18,-36.54,-85.38
06.271,41.879997,-37.2,-85.979996
06.311,41.94,-37.32,-85.439995
06.331,41.64,-37.079998,-86.04
06.371,41.64,-37.44,-85.979996
06.419,40.98,-36.78,-85.86
06.433,41.64,-36.66,-85.92
06.469,41.52,-37.559998,-86.28
06.511,41.76,-37.02,-85.979996
06.531,41.28,-37.26,-85.799995
06.571,42.239998,-37.26,-85.02
06.612,40.739998,-37.44,-86.4
06.629,41.04,-37.2,-86.28
06.671,40.92,-37.62,-85.32
06.709,40.98,-37.02,-86.52
06.750,40.86,-37.26,-85.619995
06.769,40.559998,-37.739998,-85.86
06.809,41.34,-37.2,-85.68
06.831,41.219997,-37.5,-85.68
06.871,41.7,-37.5,-85.56
06.910,41.64,-37.2,-86.1
06.951,41.94,-37.32,-85.08
06.971,41.64,-37.739998,-85.86
07.012,41.7,-37.26,-84.9
07.051,41.579998,-37.2,-85.92
07.072,41.219997,-37.02,-87.06
07.111,41.52,-37.079998,-85.38
07.150,41.34,-37.079998,-85.68
07.171,41.04,-36.48,-85.5
07.211,40.62,-38.16,-86.28
07.251,41.04,-37.38,-85.68
07.271,41.64,-37.26,-85.5
07.311,42.18,-37.8,-85.56
07.350,40.739998,-36.899998,-86.04
07.371,41.219997,-37.2,-85.74
07.410,41.34,-36.719997,-85.02
07.449,41.34,-37.5,-85.259995
07.469,41.46,-37.02,-85.799995
07.511,40.98,-37.2,-86.58
07.552,41.579998,-36.66,-85.979996
07.571,41.82,-36.66,-85.439995
07.612,40.98,-37.559998,-85.68
07.652,40.98,-37.26,-85.74
07.673,40.98,-37.14,-85.2
07.712,42.18,-37.079998,-85.5
07.752,41.7,-37.62,-85.68
07.772,42.12,-36.899998,-85.92
07.811,42.059998,-37.62,-85.86
07.861,41.16,-36.96,-85.979996
07.892,41.219997,-36.6,-86.46
07.912,41.579998,-37.079998,-85.979996
07.951,41.04,-36.84,-86.28
07.992,41.7,-37.079998,-86.4
08.013,41.579998,-36.54,-85.799995
08.052,41.16,-37.02,-85.619995
08.093,41.7,-37.44,-86.04
08.112,41.399998,-37.739998,-86.46
08.152,41.1,-37.079998,-86.4
08.192,41.34,-37.2,-85.5
08.213,41.399998,-37.44,-85.619995
08.252,41.16,-37.02,-85.38
08.292,40.739998,-36.96,-85.92
08.312,40.739998,-37.32,-85.74
08.353,41.579998,-37.14,-85.92
08.394,41.879997,-36.96,-86.34
08.414,41.399998,-36.78,-86.4
08.450,40.98,-37.739998,-85.14
08.492,40.44,-37.559998,-85.86
08.512,40.62,-37.2,-86.22
08.551,41.46,-36.899998,-85.799995
08.591,41.399998,-36.78,-85.5
08.633,40.86,-36.84,-86.1
08.653,41.46,-38.16,-85.32
08.692,41.1,-37.8,-85.68
08.712,41.579998,-37.32,-85.86
08.753,41.34,-37.559998,-86.46
08.791,40.379997,-37.32,-86.1
08.813,40.92,-37.5,-86.28
08.852,41.64,-37.44,-85.08
08.891,41.28,-37.739998,-85.5
08.932,42.18,-37.559998,-85.799995
08.951,41.94,-37.8,-85.5
08.991,41.219997,-36.719997,-85.92
09.032,41.7,-36.78,-85.86
09.053,40.86,-36.96,-86.1
09.092,40.86,-37.44,-85.68
09.133,42.12,-36.96,-86.46
09.152,41.94,-37.079998,-86.1
09.191,41.46,-37.44,-85.86
09.233,42.0,-36.6,-86.4
09.252,41.219997,-36.78,-86.759995
09.292,41.46,-36.66,-85.86
09.332,41.1,-36.96,-85.619995
09.352,41.52,-36.54,-85.38
09.392,40.86,-38.16,-84.9
09.432,41.04,-37.2,-85.86
09.471,40.739998,-37.32,-85.38
09.491,40.5,-37.559998,-85.5
09.534,41.34,-36.96,-85.56
09.552,41.94,-37.02,-85.799995
09.592,41.16,-36.36,-85.799995
09.631,41.28,-36.66,-85.92
09.653,41.879997,-37.62,-85.92
09.692,41.34,-36.6,-86.22
09.731,41.1,-36.719997,-85.439995
09.771,40.739998,-36.84,-84.96
09.791,40.98,-36.96,-85.5
09.833,41.82,-36.719997,-85.92
09.872,40.68,-37.079998,-85.5
09.892,41.04,-37.2,-85.32
09.932,40.86,-37.26,-85.439995
09.970,41.64,-37.26,-85.08
09.991,41.64,-37.26,-85.56
10.030,41.76,-37.26,-85.619995
10.070,41.399998,-36.6,-86.04
10.090,41.399998,-36.719997,-85.92
10.132,41.16,-37.38,-85.5
10.172,41.219997,-37.02,-85.979996
10.193,40.739998,-37.68,-86.46
10.233,41.7,-36.6,-86.34
10.271,41.34,-36.48,-86.4
10.292,41.1,-37.02,-86.34
10.332,41.46,-37.26,-85.86
10.371,40.739998,-37.86,-85.14
10.392,41.52,-37.32,-85.14
10.433,40.98,-36.3,-85.86
10.471,40.739998,-37.739998,-85.74
10.493,40.98,-37.32,-85.86
10.532,42.36,-38.1,-86.04
10.571,41.64,-36.719997,-86.04
10.612,41.52,-37.62,-85.799995
10.632,41.1,-37.26,-86.46
10.672,41.879997,-36.78,-86.04
10.712,41.34,-37.62,-86.52
10.732,41.28,-37.02,-85.619995
10.772,41.34,-37.5,-85.02
10.813,41.1,-37.86,-85.56
10.832,41.1,-37.14,-84.6
10.872,41.04,-37.02,-85.14
10.911,40.98,-37.38,-85.86
10.931,41.579998,-37.2,-85.92
10.972,41.7,-36.42,-86.04
11.010,40.739998,-36.84,-86.1
11.031,40.44,-36.96,-85.619995
11.072,41.76,-36.42,-86.159996
11.112,40.68,-36.96,-86.22
11.132,41.28,-37.02,-86.159996
11.172,41.52,-36.78,-85.38
11.212,42.36,-37.079998,-85.979996
11.232,42.059998,-37.62,-86.22
11.271,40.62,-37.26,-85.92
11.312,41.579998,-37.2,-86.58
11.351,41.64,-37.26,-86.759995
11.371,41.16,-37.38,-87.0
11.410,41.28,-36.719997,-86.52
11.450,40.8,-37.5,-85.619995
11.470,40.86,-36.54,-86.159996
11.512,41.76,-37.38,-85.08
11.551,42.059998,-37.62,-85.08
11.572,41.76,-37.38,-85.38
11.611,41.52,-37.62,-86.159996
11.650,41.879997,-37.26,-85.74
11.672,41.34,-37.14,-85.439995
11.710,41.52,-36.48,-86.04
11.751,41.879997,-36.84,-85.74
11.771,42.0,-37.079998,-85.74
11.812,41.34,-36.66,-86.28
11.853,40.739998,-37.8,-85.74
11.871,40.98,-37.98,-85.02
11.911,41.219997,-37.38,-85.2
11.951,41.579998,-37.32,-85.86
11.992,41.579998,-37.02,-86.52
12.011,41.52,-37.14,-86.82
12.051,41.34,-36.6,-85.92
12.091,41.28,-37.02,-85.14
12.111,40.739998,-37.38,-85.68
12.151,41.219997,-37.5,-86.34
12.191,41.52,-37.38,-85.799995
12.212,41.64,-37.079998,-86.1
12.251,41.46,-37.32,-85.799995
12.291,42.42,-37.44,-85.2
12.311,42.18,-37.68,-84.54
12.351,41.7,-37.2,-84.9
12.391,42.059998,-37.2,-85.259995
12.412,41.879997,-37.38,-85.08
12.451,41.7,-36.18,-85.979996
12.491,40.739998,-37.8,-86.34
12.511,41.16,-37.92,-85.74
12.551,42.12,-36.239998,-85.38
12.591,41.579998,-36.84,-85.5
12.610,41.879997,-37.2,-85.799995
12.652,40.2,-37.62,-86.159996
12.691,42.12,-37.02,-85.799995
12.712,42.54,-37.44,-85.5
12.751,41.28,-37.26,-85.68
12.791,41.7,-37.26,-85.619995
12.812,42.0,-36.719997,-85.259995
12.851,41.64,-37.5,-85.74
12.892,42.3,-37.559998,-86.1
12.936,41.46,-37.44,-85.38
12.950,42.059998,-37.079998,-85.259995
12.991,41.28,-36.84,-86.1
13.031,40.8,-37.559998,-85.2
13.052,40.62,-36.899998,-85.56
13.092,40.739998,-37.02,-85.619995
13.133,42.12,-36.3,-86.159996
13.151,41.879997,-36.84,-86.34
13.192,40.92,-37.32,-85.74
13.231,41.7,-36.78,-84.96
13.252,41.82,-36.84,-85.259995
13.292,42.239998,-36.36,-86.159996
13.318,41.28,-37.2,-85.32
13.350,42.0,-37.38,-85.32
13.390,41.46,-38.16,-85.799995
13.430,41.16,-37.079998,-85.92
13.450,41.34,-37.2,-85.92
13.489,41.1,-37.02,-85.5
13.530,41.399998,-36.78,-85.68
13.569,41.579998,-36.78,-85.619995
13.589,41.579998,-36.66,-85.68
13.629,41.04,-37.14,-85.5
13.670,41.04,-37.32,-86.1
13.690,41.219997,-37.44,-85.68
13.733,40.68,-37.26,-85.439995
13.771,41.52,-36.6,-85.979996
13.791,41.399998,-36.84,-86.22
13.829,41.52,-36.48,-86.4
13.871,41.76,-36.96,-86.46
13.890,41.28,-37.32,-85.799995
13.930,42.0,-38.16,-85.619995
13.971,41.04,-37.559998,-86.34
13.991,40.8,-37.92,-85.259995
14.032,40.739998,-37.26,-85.979996
14.071,41.16,-37.02,-85.5
14.092,41.219997,-36.84,-85.86
14.131,41.399998,-36.84,-85.14
14.169,40.92,-37.5,-85.5
14.190,41.16,-37.14,-85.38
14.230,40.68,-36.719997,-84.36
14.270,41.28,-37.38,-86.58
14.310,41.399998,-36.899998,-85.5
14.331,41.16,-37.38,-85.5
14.370,41.7,-37.8,-85.439995
14.391,41.7,-37.32,-85.439995
14.431,41.04,-37.02,-85.979996
14.470,40.739998,-37.26,-86.22
14.511,41.16,-37.739998,-85.92
14.530,41.64,-38.1,-85.799995
14.570,41.76,-36.6,-85.799995
14.610,41.399998,-36.96,-86.1
14.631,41.76,-37.079998,-86.04
14.671,40.86,-36.42,-86.58
14.710,41.1,-36.66,-86.159996
14.730,41.28,-36.899998,-85.5
14.769,41.52,-37.38,-85.5
14.811,41.28,-36.12,-85.56
14.829,40.5,-36.3,-84.84
14.870,40.92,-36.78,-86.28
14.910,41.16,-37.14,-85.86
14.930,41.28,-37.38,-85.02
14.978,40.8,-36.899998,-85.38
15.009,40.739998,-37.2,-86.1
15.030,41.28,-37.02,-86.159996
15.071,41.64,-37.26,-86.22
15.110,41.1,-37.8,-86.28
15.131,41.219997,-37.38,-86.46
15.171,41.7,-37.38,-85.2
15.210,40.86,-36.96,-85.5
15.249,42.12,-37.02,-84.78
15.270,41.04,-36.78,-85.32
15.310,41.82,-37.559998,-85.259995
15.351,41.219997,-37.44,-85.2
15.371,41.28,-36.239998,-85.38
15.416,41.76,-37.68,-85.5
15.450,41.399998,-36.78,-85.86
15.469,41.399998,-37.14,-85.799995
15.510,41.04,-36.719997,-86.82
15.551,41.28,-37.559998,-85.619995
15.571,41.219997,-37.559998,-85.68
15.610,41.04,-37.14,-85.259995
15.651,40.8,-37.14,-84.96
15.670,41.219997,-36.899998,-85.32
15.710,40.86,-37.02,-86.28
15.750,40.68,-36.42,-86.58
15.771,41.52,-36.66,-85.68
15.810,40.8,-36.66,-85.86
15.849,41.34,-37.079998,-85.56
15.870,41.52,-36.48,-85.5
15.909,40.02,-37.5,-85.08
15.949,40.32,-37.26,-85.979996
15.989,40.739998,-36.78,-85.14
16.009,41.28,-37.079998,-86.04
16.050,41.52,-37.079998,-85.32
16.090,41.579998,-37.739998,-85.92
16.110,41.04,-36.96,-86.04
16.149,41.7,-37.44,-85.799995
16.190,41.76,-37.26,-85.32
16.210,41.46,-36.719997,-85.32
16.251,40.8,-37.02,-85.56
16.290,40.8,-36.899998,-85.619995
16.310,41.219997,-37.079998,-85.86
16.351,41.52,-36.899998,-86.46
16.388,41.579998,-37.079998,-85.799995
16.410,41.219997,-36.48,-86.4
16.449,40.5,-37.44,-86.04
16.493,41.94,-37.5,-85.979996
16.510,41.879997,-36.899998,-85.5
16.550,41.04,-36.899998,-85.439995
16.589,41.7,-37.32,-85.56
16.612,40.98,-37.5,-85.38
16.649,41.399998,-36.899998,-85.86
16.689,40.98,-37.2,-85.38
16.709,41.28,-36.96,-85.38
16.750,41.34,-36.78,-85.32
16.792,41.7,-36.96,-86.28
16.810,41.7,-37.079998,-85.38
16.850,41.46,-36.36,-86.04
16.890,40.62,-37.559998,-85.2
16.928,41.28,-37.02,-84.6
16.949,41.46,-36.899998,-84.78
16.992,41.28,-36.54,-85.32
17.029,41.399998,-37.02,-85.56
17.049,41.399998,-37.14,-85.2
17.089,42.3,-37.5,-85.619995
17.130,41.52,-37.5,-85.799995
17.149,41.28,-37.38,-85.56
17.189,41.64,-36.899998,-85.5
17.229,40.62,-36.899998,-85.38
17.249,40.62,-36.84,-85.439995
17.290,41.94,-37.14,-85.14
17.331,41.46,-36.42,-85.5
17.350,41.16,-37.079998,-85.14
17.389,41.28,-36.42,-85.74
17.428,41.219997,-37.5,-85.56
17.449,41.34,-37.02,-85.38
17.490,41.04,-36.84,-85.979996
17.530,40.62,-36.84,-85.74
17.549,40.86,-36.6,-85.56
17.589,40.379997,-37.62,-85.56
17.629,40.559998,-36.96,-85.5
17.651,40.379997,-37.02,-85.32
17.691,41.64,-37.2,-85.68
17.729,40.739998,-37.2,-85.32
17.751,41.76,-36.96,-85.56
17.789,41.219997,-37.32,-84.78
17.829,41.399998,-37.559998,-86.88
17.870,40.8,-37.8,-85.02
17.889,41.7,-37.68,-84.72
17.930,40.68,-37.38,-85.68
17.971,41.7,-37.2,-84.84
17.990,41.94,-37.26,-85.74
18.030,41.219997,-37.079998,-84.78
18.070,41.76,-36.96,-86.34
18.089,40.92,-37.2,-85.68
18.129,41.76,-36.899998,-85.619995
18.169,40.92,-37.2,-85.68
18.191,41.82,-37.32,-86.28
18.230,41.7,-37.38,-85.619995
18.269,40.02,-37.14,-85.979996
18.291,40.68,-37.26,-85.38
18.329,41.879997,-37.2,-85.56
18.370,42.0,-37.079998,-86.159996
18.389,41.879997,-36.78,-86.159996
18.428,41.1,-36.66,-85.92
18.469,40.98,-36.84,-84.54
18.508,40.44,-37.02,-85.92
18.529,41.16,-37.079998,-85.5
18.568,41.76,-36.899998,-85.259995
18.609,41.28,-38.34,-85.92
18.630,41.76,-37.8,-86.46
18.669,40.98,-36.78,-85.2
18.710,40.8,-36.899998,-86.1
18.729,40.98,-37.02,-86.1
18.769,41.94,-37.44,-85.68
18.809,40.8,-36.719997,-85.14
18.829,40.8,-36.899998,-85.38
18.870,42.239998,-37.02,-85.74
18.911,41.04,-37.079998,-86.28
18.931,41.579998,-36.66,-86.28
18.971,41.579998,-36.66,-86.28
19.011,42.12,-37.559998,-86.28
19.029,41.76,-37.739998,-85.619995
19.070,41.34,-37.44,-86.1
19.109,41.46,-36.96,-85.799995
19.131,41.219997,-37.44,-86.28
19.170,41.64,-37.079998,-86.04
19.210,41.219997,-36.96,-86.159996
19.231,41.34,-37.14,-85.439995
19.273,40.86,-37.44,-86.4
19.367,40.98,-37.5,-86.88
19.409,41.82,-36.48,-85.5
19.448,42.059998,-37.14,-84.84
19.469,42.059998,-36.78,-85.68
19.508,41.82,-37.5,-85.08
19.548,41.46,-37.559998,-85.5
19.567,41.7,-37.98,-84.96
19.608,42.0,-37.2,-85.92
19.650,41.94,-38.399998,-85.56
19.670,42.0,-37.86,-85.38
19.711,42.3,-37.079998,-85.799995
19.750,41.7,-37.62,-86.759995
19.769,41.04,-37.44,-86.759995
19.810,41.94,-37.38,-85.74
19.851,41.219997,-37.739998,-85.32
19.869,41.52,-36.84,-85.86
19.910,42.18,-38.399998,-85.32
19.949,41.52,-37.739998,-85.5
19.969,41.64,-37.739998,-85.68
20.009,41.64,-37.68,-85.68
20.049,41.579998,-37.86,-85.979996
20.069,41.64,-37.8,-85.56
20.108,41.76,-37.8,-85.2
20.148,42.3,-38.16,-85.32
20.188,42.12,-37.62,-85.979996
20.208,41.579998,-37.26,-86.22
20.248,41.1,-37.98,-85.08
20.288,42.48,-37.98,-86.04
20.310,42.48,-37.739998,-86.04
20.349,41.46,-37.559998,-86.7
20.389,41.04,-37.079998,-86.22
20.408,41.28,-37.14,-85.38
20.449,40.92,-36.96,-86.22
20.489,41.1,-36.42,-85.92
20.509,41.52,-36.12,-85.92
20.550,40.32,-37.32,-85.2
20.589,41.34,-37.62,-85.979996
20.610,40.98,-37.62,-85.92
20.662,40.92,-36.6,-85.92
20.690,41.04,-37.559998,-85.439995
20.710,41.399998,-37.559998,-85.02
20.749,41.16,-36.78,-86.34
20.789,41.16,-37.14,-85.38
20.810,41.399998,-37.14,-85.68
20.849,40.68,-37.2,-85.86
20.889,41.52,-37.559998,-86.28
20.910,41.76,-37.559998,-85.38
20.949,41.28,-37.2,-85.5
20.990,40.2,-36.48,-85.68
21.029,42.239998,-36.96,-85.32
21.051,41.82,-36.84,-85.439995
21.091,40.8,-37.079998,-85.92
21.111,40.8,-37.02,-85.799995
21.150,40.8,-37.92,-85.68
21.191,41.76,-37.86,-84.54
21.257,41.28,-36.899998,-84.36
21.289,41.64,-37.2,-85.86
21.329,41.399998,-37.559998,-85.32
21.351,41.52,-36.719997,-85.619995
21.390,41.16,-36.899998,-86.4
21.429,41.579998,-36.66,-86.1
21.449,41.52,-36.719997,-86.34
21.490,41.219997,-37.02,-85.259995
21.531,41.1,-36.84,-86.22
21.549,41.1,-36.66,-86.34
21.589,41.82,-37.2,-86.22
21.630,40.98,-36.899998,-85.2
21.649,41.52,-36.84,-85.5
21.689,40.86,-36.719997,-86.64
21.730,40.98,-37.44,-85.38
21.750,40.8,-37.92,-86.28
21.790,41.399998,-37.5,-85.799995
21.829,42.059998,-37.02,-86.46
21.850,41.52,-37.079998,-86.46
21.890,41.579998,-37.44,-85.799995
21.930,41.7,-36.96,-86.22
21.969,40.98,-36.96,-85.56
21.990,41.219997,-36.66,-85.92
22.029,41.1,-36.6,-86.1
22.069,41.46,-36.18,-85.439995
22.091,41.579998,-36.78,-85.74
22.131,41.04,-36.78,-85.86
22.169,40.62,-37.2,-85.619995
22.190,40.8,-37.5,-85.74
22.230,41.16,-37.44,-86.1
22.270,41.28,-36.66,-85.32
22.290,41.16,-36.36,-85.86
22.329,41.64,-37.32,-85.38
22.370,41.879997,-37.02,-86.159996
22.390,41.04,-36.719997,-85.74
22.429,41.52,-37.14,-86.1
22.470,41.82,-37.14,-85.56
22.491,41.1,-37.079998,-86.28
22.531,40.98,-36.96,-85.5
22.569,41.76,-37.62,-86.04
22.589,41.94,-37.02,-85.619995
22.629,41.579998,-37.44,-85.86
22.670,40.739998,-37.26,-86.04
22.690,40.92,-37.38,-86.52
22.730,41.76,-37.02,-86.04
22.769,40.8,-37.2,-86.34
22.810,41.399998,-36.36,-85.979996
22.830,41.34,-36.6,-86.1
22.869,41.94,-36.6,-86.34
22.910,41.219997,-38.579998,-86.159996
22.930,41.7,-37.559998,-86.22
22.970,41.16,-37.44,-85.68
23.009,40.92,-37.079998,-85.14
23.029,40.5,-37.26,-86.759995
23.070,40.86,-37.44,-86.22
23.110,41.04,-37.32,-85.619995
23.129,40.98,-37.32,-85.32
23.169,41.82,-36.36,-85.2
23.210,41.1,-37.62,-86.159996
23.229,40.559998,-37.14,-86.46
23.269,41.399998,-37.2,-85.86
23.309,41.34,-36.36,-86.28
23.331,41.34,-36.54,-86.88
23.370,41.52,-36.899998,-86.159996
23.409,42.54,-37.32,-86.04
23.429,41.879997,-37.26,-85.68
23.468,41.7,-37.62,-85.86
23.508,42.18,-37.44,-86.34
23.548,42.12,-36.719997,-85.32
23.569,41.579998,-37.5,-84.96
23.609,40.8,-37.079998,-85.08
23.631,40.92,-37.32,-85.38
23.669,41.64,-37.079998,-85.92
23.710,41.46,-36.48,-86.1
23.750,41.219997,-36.899998,-85.74
23.770,41.7,-37.44,-85.74
23.809,41.219997,-37.2,-85.799995
23.849,41.46,-37.2,-86.159996
23.869,42.239998,-37.14,-85.86
23.909,41.52,-36.54,-85.32
23.948,41.82,-37.38,-85.439995
23.970,41.879997,-37.62,-85.2
24.011,41.219997,-36.6,-86.04
24.049,41.52,-37.5,-86.22
24.071,41.219997,-37.559998,-85.86
24.111,40.5,-37.739998,-86.4
24.149,41.1,-37.44,-85.5
24.171,40.739998,-37.32,-85.86
24.209,41.579998,-36.719997,-85.92
24.249,41.28,-37.559998,-86.159996
24.269,41.76,-37.559998,-86.759995
24.309,41.46,-36.96,-85.68
24.350,40.5,-37.2,-86.759995
24.390,41.579998,-36.54,-86.759995
24.412,41.399998,-37.079998,-86.159996
24.448,41.28,-37.86,-85.979996
24.489,41.16,-37.14,-85.979996
24.510,40.98,-37.02,-85.979996
24.549,42.059998,-36.42,-85.74
24.589,41.579998,-36.78,-85.5
24.610,41.399998,-36.719997,-86.1
24.649,40.86,-37.68,-85.08
24.690,41.7,-37.32,-85.74
24.710,41.34,-37.14,-86.04
24.750,41.28,-37.739998,-85.5
24.789,41.1,-37.26,-86.34
24.809,40.92,-37.44,-86.46
24.849,40.98,-37.14,-85.619995
24.889,40.559998,-37.38,-85.32
24.910,41.52,-37.38,-85.979996
24.949,41.34,-36.84,-85.68
24.989,42.239998,-36.96,-87.06
25.009,41.82,-37.38,-86.82
25.050,41.46,-37.02,-85.979996
25.090,41.399998,-37.02,-86.46
25.128,41.46,-36.54,-86.22
25.148,41.64,-37.26,-86.34
25.189,41.1,-36.36,-85.74
25.210,41.16,-36.84,-85.259995
25.249,41.399998,-36.6,-84.78
25.289,41.34,-37.44,-85.38
25.330,40.86,-36.66,-86.04
25.348,41.46,-37.02,-86.46
25.389,42.0,-37.26,-86.28
25.428,42.059998,-37.2,-85.74
25.448,41.1,-37.079998,-86.46
25.489,41.579998,-37.079998,-85.56
25.530,41.64,-36.84,-85.56
25.550,41.34,-37.079998,-85.32
25.589,41.82,-37.559998,-85.979996
25.629,41.399998,-37.14,-85.68
25.649,40.92,-37.079998,-85.619995
25.688,41.64,-37.559998,-86.52
25.729,41.879997,-36.42,-86.88
25.750,41.52,-36.42,-86.1
25.790,41.46,-36.84,-86.04
25.830,41.219997,-37.68,-85.979996
25.849,41.34,-36.899998,-85.32
25.889,41.64,-36.36,-86.159996
25.928,41.28,-36.78,-85.32
25.949,41.16,-37.5,-84.96
25.988,41.28,-36.42,-85.979996
26.029,41.28,-36.54,-86.4
26.069,41.16,-36.96,-85.979996
26.089,41.1,-36.96,-86.46
26.129,41.76,-36.48,-85.619995
26.167,41.46,-36.899998,-85.92
26.189,41.579998,-37.44,-85.68
26.229,40.8,-36.36,-85.92
26.270,41.1,-36.719997,-85.92
26.289,40.739998,-37.2,-85.92
26.330,41.28,-37.44,-84.72
26.369,41.82,-37.26,-86.04
26.389,41.76,-37.26,-85.619995
26.430,41.76,-37.8,-85.56
26.469,41.34,-37.5,-85.38
26.490,40.92,-37.739998,-85.439995
26.529,41.04,-37.2,-85.979996
26.568,41.82,-36.3,-85.56
26.589,41.52,-36.54,-85.38
26.629,41.7,-37.92,-85.74
26.670,41.46,-37.68,-85.799995
26.689,42.3,-37.8,-86.4
26.729,40.02,-36.96,-85.619995
26.769,41.219997,-37.559998,-85.68
26.809,42.0,-36.96,-85.86
26.828,41.399998,-37.32,-85.38
26.867,41.46,-37.62,-86.159996
26.907,40.92,-36.96,-85.799995
26.928,40.68,-36.66,-85.74
26.967,42.12,-37.5,-85.92
27.008,41.82,-37.38,-87.299995
27.028,42.12,-37.62,-86.52
27.069,41.82,-37.02,-86.34
27.110,41.76,-37.559998,-85.92
27.130,41.04,-37.32,-86.04
27.169,41.94,-36.96,-85.86
27.209,42.059998,-37.32,-85.5
27.229,41.879997,-37.32,-85.56
27.268,41.34,-37.559998,-85.56
27.309,41.879997,-36.6,-85.799995
27.330,41.76,-37.26,-85.74
27.369,41.82,-37.26,-84.72
27.409,40.92,-37.2,-85.74
27.428,40.68,-36.899998,-85.5
27.471,41.76,-37.26,-85.439995
27.510,42.0,-36.96,-85.5
27.530,41.34,-37.559998,-85.799995
27.570,41.46,-37.62,-86.58
27.609,40.26,-37.2,-86.22
27.630,40.14,-36.66,-85.56
27.670,41.28,-37.14,-85.38
27.711,41.7,-37.26,-85.86
27.730,41.7,-37.079998,-86.28
27.770,40.98,-37.68,-86.159996
27.809,41.82,-36.96,-85.5
27.849,41.579998,-37.079998,-85.799995
27.870,41.64,-36.96,-85.38
27.910,41.1,-37.079998,-86.28
27.953,41.28,-37.739998,-85.259995
27.969,42.059998,-37.5,-85.619995
28.009,41.399998,-36.48,-85.92
28.050,41.579998,-37.14,-85.56
28.071,41.04,-37.2,-85.86
28.110,40.559998,-37.44,-85.799995
28.149,40.8,-36.96,-85.619995
28.170,41.219997,-37.079998,-85.2
28.209,40.5,-36.84,-85.92
28.250,41.46,-37.02,-85.439995
28.270,41.46,-37.26,-85.259995
28.309,41.399998,-36.719997,-86.159996
28.350,41.94,-37.38,-86.64
28.371,41.76,-37.44,-85.68
28.413,41.1,-36.66,-85.74
28.449,41.34,-37.079998,-85.799995
28.469,41.52,-36.899998,-85.74
28.510,41.46,-36.84,-86.939995
28.549,41.94,-36.96,-85.86
28.590,41.28,-37.02,-86.28
28.611,41.16,-37.32,-86.4
28.649,41.28,-37.32,-86.22
28.689,41.34,-37.559998,-85.439995
28.710,40.44,-36.96,-85.92
28.749,40.739998,-37.44,-86.34
28.790,42.059998,-37.32,-85.619995
28.809,42.0,-37.44,-85.979996
28.850,41.16,-36.54,-86.58
28.889,42.0,-37.26,-86.1
28.910,41.94,-37.26,-85.74
28.949,41.219997,-37.5,-85.5
28.990,41.28,-36.66,-85.56
29.010,41.82,-36.54,-86.04
29.049,41.52,-37.26,-85.38
29.090,41.16,-37.079998,-86.1
29.110,41.76,-37.14,-85.259995
29.150,41.76,-37.8,-85.14
29.189,40.92,-36.96,-85.619995
29.209,41.46,-36.899998,-85.74
29.250,41.28,-37.26,-85.86
29.290,41.16,-37.559998,-85.799995
29.310,41.64,-37.32,-84.96
29.350,42.36,-37.079998,-85.439995
29.391,40.98,-36.899998,-85.38
29.428,41.16,-37.14,-85.14
29.448,40.739998,-36.78,-85.74
29.490,42.36,-37.38,-85.92
29.511,42.18,-37.2,-84.9
29.551,41.399998,-36.66,-86.22
29.590,41.579998,-36.96,-85.259995
29.630,42.12,-36.78,-85.38
29.649,41.399998,-36.719997,-85.02
29.690,40.26,-37.26,-85.799995
29.731,41.82,-36.12,-85.86
29.749,42.239998,-36.6,-86.22
29.789,41.82,-36.6,-85.2
29.830,40.98,-37.44,-86.34
29.850,40.92,-38.1,-85.799995
29.889,41.1,-36.899998,-86.4
29.930,41.28,-36.48,-85.86
29.949,41.52,-36.899998,-85.799995
29.990,42.239998,-36.719997,-86.28
30.029,40.92,-36.84,-86.34
30.050,41.28,-37.559998,-86.34
30.090,41.34,-37.14,-85.619995
30.130,41.82,-37.32,-85.799995
30.150,41.82,-37.14,-85.619995
30.188,41.579998,-37.32,-85.08
30.231,40.559998,-37.5,-85.68
30.252,40.92,-37.14,-85.439995
30.289,40.68,-36.78,-85.979996
30.330,40.98,-36.719997,-86.46
30.369,40.68,-37.559998,-85.86
30.388,40.379997,-37.5,-85.08
30.429,41.52,-37.2,-86.1
30.471,40.739998,-37.38,-85.08
30.487,40.8,-37.2,-85.619995
30.530,40.92,-37.32,-85.68
30.569,40.92,-37.559998,-85.68
30.590,40.86,-37.14,-85.38
30.628,40.44,-36.96,-85.86
30.668,41.04,-37.079998,-86.159996
30.688,41.52,-36.899998,-85.979996
30.729,41.16,-37.38,-85.56
30.769,41.76,-37.2,-85.439995
30.790,41.219997,-37.5,-86.159996
30.830,41.64,-37.2,-85.92
30.883,42.059998,-37.079998,-86.34
30.888,41.399998,-37.62,-86.52
30.929,41.219997,-38.219997,-85.74
30.969,41.04,-37.2,-85.619995
30.989,41.579998,-37.38,-85.2
31.033,42.18,-36.719997,-85.92
31.071,43.14,-36.6,-85.08
31.110,41.46,-36.18,-85.02
31.130,41.34,-36.84,-85.74
31.171,41.46,-37.2,-86.04
31.209,41.399998,-37.44,-86.22
31.229,41.16,-37.739998,-86.159996
31.269,41.16,-37.2,-85.32
31.310,41.399998,-37.2,-85.799995
31.331,41.52,-37.2,-85.86
31.370,41.7,-37.2,-85.92
31.414,40.62,-37.62,-86.1
31.429,40.92,-36.84,-86.4
31.469,41.52,-36.84,-85.74
31.510,41.579998,-36.96,-85.86
31.530,41.1,-36.239998,-85.5
31.569,40.92,-37.68,-86.04
31.611,41.34,-38.1,-85.38
31.629,41.34,-37.5,-85.86
31.670,41.04,-36.84,-86.22
31.710,41.28,-36.84,-86.7
31.731,41.7,-36.78,-86.22
31.770,40.68,-37.44,-86.1
31.810,41.1,-37.62,-86.1
31.831,41.28,-37.079998,-86.58
31.869,41.52,-37.5,-86.46
31.909,41.1,-37.559998,-86.159996
31.949,40.26,-37.02,-85.799995
31.970,40.62,-37.079998,-86.34
32.009,41.34,-37.68,-85.5
32.049,41.82,-37.02,-86.22
32.070,41.82,-37.2,-85.68
32.110,42.3,-36.899998,-85.56
32.150,42.12,-37.38,-85.259995
32.169,42.239998,-37.14,-85.439995
32.210,40.98,-37.8,-85.439995
32.251,41.16,-37.44,-85.979996
32.276,41.7,-36.84,-85.979996
32.309,41.34,-36.84,-85.92
32.349,41.879997,-37.079998,-85.56
32.369,41.76,-37.14,-86.159996
32.409,41.1,-37.5,-85.86
32.448,40.8,-37.079998,-84.96
32.469,41.28,-36.899998,-85.439995
32.510,41.52,-37.559998,-85.979996
32.549,41.1,-37.02,-85.32
32.569,40.92,-37.14,-85.979996
32.609,41.579998,-37.62,-85.32
32.648,41.82,-37.32,-86.22
32.669,41.82,-37.02,-85.74
32.709,41.399998,-37.62,-85.619995
32.750,41.1,-36.899998,-84.9
32.790,41.64,-37.44,-85.14
32.810,41.16,-36.899998,-85.5
32.850,41.219997,-37.62,-85.92
32.889,41.7,-37.079998,-86.04
32.909,40.98,-36.84,-85.32
32.948,41.399998,-36.84,-85.38
32.990,41.52,-37.2,-85.799995
33.009,41.76,-36.84,-86.34
33.049,41.219997,-37.02,-85.92
33.088,40.62,-36.3,-86.04
33.109,40.86,-36.84,-85.74
33.150,41.16,-37.02,-86.04
33.190,41.16,-36.66,-86.4
33.209,40.8,-37.079998,-86.82
33.248,41.879997,-37.02,-85.439995
33.289,41.879997,-36.6,-85.439995
33.309,41.46,-36.899998,-85.68
33.349,41.46,-36.66,-85.74
33.389,41.399998,-36.36,-86.04
33.412,41.28,-36.54,-86.1
33.448,41.28,-37.44,-85.799995
33.491,40.739998,-37.86,-86.159996
33.529,41.399998,-36.96,-85.02
33.548,41.76,-35.94,-85.86
33.587,41.1,-36.6,-85.86
33.628,41.219997,-37.2,-85.619995
33.648,41.46,-37.68,-86.159996
33.687,41.28,-37.2,-85.619995
33.730,41.7,-36.899998,-85.439995
33.749,41.52,-37.02,-85.32
33.788,40.92,-37.98,-84.42
33.830,40.86,-37.559998,-86.46
33.848,40.92,-37.32,-86.28
33.890,41.219997,-36.719997,-85.439995
33.929,41.399998,-37.2,-85.619995
33.949,40.86,-36.78,-86.04
33.989,41.46,-37.2,-85.14
34.029,41.46,-37.559998,-85.68
34.049,41.46,-37.2,-86.4
34.088,41.219997,-36.78,-85.86
34.129,40.98,-37.559998,-85.68
34.149,40.68,-37.2,-85.979996
34.190,41.34,-36.6,-85.5
34.229,41.219997,-36.96,-85.74
34.249,40.739998,-37.44,-86.22
34.289,40.86,-37.02,-86.52
34.328,41.579998,-36.6,-86.52
34.369,41.399998,-36.96,-85.86
34.389,41.46,-36.719997,-85.439995
34.430,41.16,-36.84,-86.159996
34.469,41.76,-37.32,-85.619995
34.488,41.219997,-36.84,-86.28
34.529,41.52,-37.32,-86.88
34.570,40.8,-37.26,-86.22
34.588,41.219997,-37.38,-85.979996
34.630,41.579998,-37.44,-85.56
34.670,41.399998,-37.38,-85.799995
34.689,41.399998,-37.079998,-85.68
34.731,41.28,-37.92,-85.5
34.770,40.8,-37.079998,-85.5
34.790,41.219997,-37.14,-86.159996
34.829,41.579998,-37.8,-86.04
34.870,40.98,-36.42,-85.92
34.890,41.579998,-36.78,-85.68
34.930,40.8,-37.02,-85.14
34.970,41.04,-37.8,-86.1
34.989,41.52,-38.04,-85.799995
35.031,41.219997,-37.14,-85.619995
35.069,40.92,-36.96,-85.979996
35.089,41.76,-37.079998,-86.46
35.131,40.559998,-37.02,-85.68
35.169,41.46,-36.18,-86.52
35.190,41.46,-37.02,-86.4
35.229,41.579998,-37.02,-86.7
35.269,40.739998,-37.44,-85.979996
35.310,41.399998,-37.2,-86.1
35.330,41.7,-37.02,-86.28
35.370,41.46,-36.84,-86.46
35.412,41.94,-37.14,-85.92
35.428,41.7,-36.239998,-86.159996
35.475,40.5,-37.739998,-85.32
35.508,40.86,-37.2,-85.799995
35.528,40.739998,-37.26,-86.04
35.567,41.579998,-37.02,-85.74
35.607,40.92,-37.14,-85.5
35.628,41.16,-36.84,-85.979996
35.669,41.82,-37.559998,-85.439995
35.709,41.82,-37.14,-85.5
35.727,41.219997,-37.2,-85.56
35.768,41.1,-37.2,-85.38
35.809,41.64,-38.04,-86.159996
35.829,42.12,-37.739998,-86.28
35.869,41.28,-36.719997,-85.74
35.908,41.1,-38.1,-85.74
35.929,41.28,-37.559998,-85.68
35.969,42.3,-37.44,-86.159996
36.009,40.68,-37.32,-86.4
36.029,40.739998,-36.719997,-86.34
36.068,41.7,-36.36,-85.32
36.110,41.52,-37.5,-85.68
36.149,41.7,-36.66,-86.28
36.169,41.1,-36.96,-85.92
36.208,41.579998,-36.3,-86.34
36.249,41.399998,-37.44,-85.74
36.269,41.34,-37.62,-86.28
36.309,41.64,-36.719997,-85.68
36.349,41.28,-36.84,-85.92
36.369,41.04,-37.38,-85.5
36.409,40.92,-37.5,-85.619995
36.448,41.28,-37.02,-85.86
36.469,41.34,-37.44,-85.259995
36.509,41.34,-37.5,-85.38
36.549,41.28,-36.36,-85.74
36.570,41.16,-36.899998,-86.28
36.610,41.7,-37.079998,-86.1
36.649,41.399998,-36.78,-86.22
36.670,41.16,-37.26,-85.799995
36.709,41.219997,-37.079998,-86.34
36.750,40.68,-36.66,-85.56
36.770,41.28,-36.96,-85.439995
36.809,40.8,-36.54,-85.799995
36.849,41.399998,-37.26,-85.619995
36.871,41.52,-36.54,-86.04
36.909,41.1,-36.78,-86.22
36.949,41.82,-37.5,-85.979996
36.990,41.64,-37.38,-86.34
37.010,41.16,-37.559998,-85.56
37.049,42.12,-36.719997,-86.28
37.090,41.579998,-37.14,-85.979996
37.110,41.82,-37.079998,-85.38
37.149,41.16,-37.32,-86.159996
37.190,40.98,-36.78,-85.56
37.209,40.86,-37.26,-85.32
37.249,40.92,-37.32,-85.439995
37.290,41.94,-37.32,-85.259995
37.310,41.76,-37.44,-86.04
37.349,40.8,-37.559998,-86.1
37.388,40.5,-36.78,-85.74
37.414,41.04,-36.42,-85.619995
37.448,41.219997,-36.36,-86.64
37.489,42.36,-37.2,-85.74
37.510,41.46,-37.26,-85.68
37.551,41.579998,-36.66,-85.92
37.589,41.16,-37.14,-85.38
37.610,41.16,-37.38,-85.74
37.650,40.739998,-37.38,-86.58
37.690,41.34,-36.48,-86.82
37.709,41.399998,-37.079998,-86.58
37.750,41.46,-37.38,-86.759995
37.790,40.98,-37.079998,-85.5
37.830,40.98,-37.02,-85.56
37.850,40.98,-37.02,-85.979996
37.889,41.28,-37.98,-85.799995
37.929,41.879997,-37.5,-85.979996
37.950,41.82,-37.38,-85.38
37.989,41.16,-37.079998,-84.72
38.029,41.1,-37.68,-85.32
38.050,41.16,-37.2,-85.619995
38.090,41.399998,-37.2,-85.74
38.130,41.16,-37.2,-86.82
38.149,40.44,-37.559998,-85.619995
38.190,41.52,-37.32,-85.979996
38.229,41.579998,-36.66,-85.799995
38.249,41.76,-37.14,-85.86
38.290,40.379997,-36.78,-85.799995
38.331,41.34,-36.78,-85.979996
38.349,41.64,-37.02,-86.159996
38.390,40.559998,-36.96,-86.46
38.429,41.399998,-37.68,-85.68
38.450,40.98,-36.719997,-85.38
38.489,41.28,-36.78,-85.56
38.530,41.7,-36.96,-85.92
38.549,42.059998,-36.6,-85.799995
38.589,41.399998,-36.78,-85.2
38.631,41.82,-37.44,-85.619995
38.670,41.52,-37.559998,-85.68
38.690,41.34,-37.079998,-85.979996
38.730,41.1,-37.02,-85.74
38.769,40.98,-36.899998,-85.799995
38.789,41.219997,-37.02,-86.4
38.829,42.18,-37.14,-85.38
38.870,41.82,-37.86,-85.86
38.889,41.579998,-37.559998,-85.799995
38.930,40.92,-37.02,-86.1
38.969,41.34,-37.079998,-85.56
38.990,41.52,-37.8,-85.2
39.030,41.52,-37.32,-86.04
39.069,42.36,-36.12,-85.979996
39.089,41.46,-36.66,-85.799995
39.130,40.92,-36.899998,-85.32
39.169,41.1,-37.5,-86.4
39.189,41.34,-37.44,-85.68
39.230,40.92,-37.02,-85.979996
39.270,40.379997,-37.44,-85.979996
39.290,40.559998,-37.2,-85.979996
39.329,40.8,-37.26,-85.619995
39.368,41.16,-37.38,-86.52
39.389,40.86,-37.02,-86.46
39.431,41.579998,-37.02,-86.22
39.469,41.579998,-37.079998,-85.259995
39.510,41.16,-37.38,-85.08
39.530,41.16,-37.38,-85.799995
39.569,42.48,-36.54,-85.38
39.608,41.52,-36.66,-85.979996
39.630,41.64,-37.02,-85.619995
39.670,40.68,-37.739998,-86.159996
39.709,40.86,-37.32,-85.92
39.729,41.04,-37.14,-86.34
39.770,41.16,-37.02,-86.46
39.810,42.42,-38.28,-85.74
39.830,41.64,-37.86,-85.5
39.870,41.1,-37.14,-86.58
39.909,42.54,-36.54,-86.1
39.929,42.18,-37.079998,-86.28
39.970,41.34,-37.62,-86.04
40.010,41.76,-37.02,-86.46
40.030,41.34,-37.5,-86.22
40.069,40.98,-37.38,-85.979996
40.109,41.46,-36.66,-85.799995
40.130,41.399998,-36.48,-86.1
40.170,41.1,-37.14,-86.28
40.213,41.04,-37.26,-86.28
40.249,41.46,-37.5,-85.5
40.268,41.579998,-37.559998,-85.619995
40.308,41.7,-37.62,-86.52
40.348,40.44,-36.18,-85.799995
40.368,41.1,-36.48,-86.1
40.407,40.8,-37.14,-86.04
40.448,41.879997,-37.32,-86.1
40.468,41.76,-37.44,-85.979996
40.508,40.68,-37.38,-86.28
40.549,41.28,-36.66,-85.799995
40.568,41.16,-37.079998,-86.52
40.609,41.94,-36.6,-85.68
40.648,40.62,-37.26,-86.159996
40.669,41.1,-37.02,-86.58
40.715,41.399998,-37.44,-86.159996
40.748,41.579998,-36.3,-84.9
40.768,42.3,-36.0,-85.08
40.807,41.219997,-37.079998,-85.08
40.848,40.92,-36.719997,-86.1
40.868,41.34,-37.32,-85.979996
40.909,40.8,-37.2,-85.799995
40.948,41.76,-36.899998,-85.38
40.969,41.16,-36.84,-85.68
41.008,42.36,-36.78,-85.68
41.049,42.239998,-37.86,-85.92
41.071,41.64,-37.739998,-86.1
41.109,41.46,-37.44,-86.52
41.149,41.219997,-37.5,-86.34
41.188,41.1,-37.02,-86.1
41.210,40.86,-36.84,-85.439995
41.249,41.34,-36.6,-85.32
41.289,40.98,-37.32,-85.68
41.309,40.98,-36.96,-85.14
41.349,41.879997,-36.78,-86.22
41.390,41.52,-37.92,-85.14
41.445,42.36,-37.5,-85.259995
41.489,41.219997,-36.84,-85.979996
41.511,41.52,-37.079998,-86.4
41.549,41.28,-36.78,-85.14
41.588,41.219997,-38.1,-85.56
41.609,40.8,-37.739998,-85.68
41.649,42.0,-36.899998,-86.1
41.690,41.579998,-37.079998,-86.28
41.709,41.82,-37.62,-86.759995
41.749,41.46,-37.02,-85.74
41.789,41.34,-36.96,-85.2
41.810,41.46,-36.78,-85.08
41.849,41.34,-37.5,-85.92
41.889,40.8,-36.66,-85.68
41.910,40.92,-37.5,-85.86
41.948,40.92,-37.02,-85.2
41.990,40.98,-37.32,-85.02
42.010,40.62,-37.2,-85.56
42.049,42.059998,-37.559998,-85.92
42.089,40.92,-36.48,-85.979996
42.129,41.399998,-37.68,-86.52
42.150,40.5,-37.38,-86.22
42.188,40.8,-36.54,-86.1
42.229,41.52,-37.02,-85.86
42.249,41.28,-37.26,-86.159996
42.290,40.62,-37.02,-85.92
42.329,41.1,-36.719997,-85.68
42.348,41.7,-37.02,-85.619995
42.388,41.82,-37.32,-84.9
42.417,41.04,-36.96,-85.38
42.447,41.64,-36.54,-85.799995
42.488,41.219997,-37.14,-85.86
42.530,41.46,-36.899998,-86.4
42.550,40.62,-37.02,-85.92
42.590,40.98,-36.899998,-86.1
42.630,41.46,-37.14,-85.439995
42.651,41.34,-37.92,-85.74
42.690,41.94,-36.36,-85.979996
42.730,41.76,-37.32,-86.04
42.749,41.7,-37.559998,-85.799995
42.790,41.16,-37.079998,-85.68
42.830,41.46,-37.559998,-85.799995
42.870,41.7,-36.66,-86.58
42.890,41.82,-37.5,-85.979996
42.930,40.5,-37.68,-85.619995
42.970,41.399998,-37.8,-85.799995
42.990,41.7,-37.38,-86.04
43.029,40.68,-36.84,-85.86
43.070,41.04,-37.02,-85.799995
43.089,41.28,-37.079998,-85.56
43.128,41.579998,-36.6,-86.88
43.168,41.16,-37.079998,-86.159996
43.189,41.579998,-37.26,-86.1
43.229,41.219997,-36.719997,-85.92
43.269,41.399998,-36.899998,-85.08
43.288,41.04,-37.26,-85.439995
43.328,40.92,-37.32,-85.86
43.369,41.399998,-36.6,-86.46
43.389,42.18,-36.84,-85.92
43.428,41.28,-37.32,-86.04
43.467,42.239998,-37.5,-85.56
43.489,41.64,-36.96,-85.86
43.529,41.399998,-36.42,-86.34
43.568,40.86,-37.68,-86.7
43.589,40.559998,-37.38,-86.759995
43.628,42.12,-36.84,-85.08
43.669,40.92,-37.559998,-85.5
43.709,41.46,-37.32,-86.64
43.729,41.64,-37.079998,-86.64
43.769,42.0,-37.2,-85.86
43.808,41.219997,-37.68,-85.32
43.829,41.16,-37.14,-85.56
43.869,41.219997,-37.14,-86.34
43.909,40.86,-37.5,-85.32
43.928,41.04,-37.62,-85.5
43.969,40.559998,-36.84,-85.439995
44.008,40.86,-37.8,-86.159996
44.029,41.1,-37.5,-86.4
44.070,41.64,-37.32,-86.1
44.108,41.1,-37.5,-85.5
44.128,40.98,-37.38,-86.22
44.167,41.16,-37.14,-85.979996
44.208,41.64,-36.48,-86.159996
44.229,41.399998,-36.719997,-86.46
44.269,41.82,-37.44,-85.32
44.308,41.219997,-37.079998,-86.159996
44.329,40.62,-37.02,-85.14
44.369,41.64,-37.26,-86.1
44.408,41.34,-37.14,-85.5
44.449,40.559998,-37.14,-85.5
44.467,41.82,-36.84,-85.86
44.509,41.04,-37.559998,-85.619995
44.549,41.219997,-36.84,-85.92
44.568,40.68,-37.02,-85.68
44.609,41.34,-37.079998,-86.22
44.648,41.219997,-37.32,-85.92
44.669,41.28,-37.559998,-85.92
44.707,41.1,-36.78,-85.92
44.749,41.579998,-37.2,-86.159996
44.768,41.399998,-37.26,-85.439995
44.809,41.34,-37.079998,-86.1
44.849,41.879997,-37.079998,-85.56
44.869,41.16,-37.2,-85.799995
44.909,40.86,-37.26,-85.74
44.948,42.059998,-36.96,-86.04
44.968,41.76,-37.86,-85.92
45.008,40.8,-36.48,-85.619995
45.049,40.739998,-36.96,-85.74
45.068,40.32,-36.12,-85.979996
45.110,40.739998,-37.559998,-86.159996
45.148,40.92,-37.079998,-85.86
45.168,40.92,-36.96,-85.619995
45.209,41.7,-37.38,-85.5
45.248,41.219997,-36.719997,-85.799995
45.269,41.04,-36.899998,-85.619995
45.307,41.16,-36.66,-85.86
45.348,40.559998,-37.2,-84.78
45.389,41.46,-37.26,-85.92
45.409,41.7,-37.079998,-85.56
45.448,40.44,-37.02,-85.259995
45.489,41.82,-37.38,-85.439995
45.508,41.76,-36.78,-85.86
45.550,40.8,-37.32,-85.979996
45.589,40.44,-37.14,-85.5
45.609,41.1,-37.02,-85.799995
45.649,41.64,-36.84,-84.96
45.689,41.28,-37.079998,-85.799995
45.710,41.28,-36.899998,-85.86
45.749,40.8,-37.26,-85.5
45.789,41.52,-36.899998,-84.84
45.809,41.579998,-36.66,-85.5
45.849,41.579998,-37.32,-85.799995
45.890,41.34,-37.44,-85.92
45.910,41.52,-37.559998,-85.56
45.948,41.28,-37.2,-85.2
45.988,40.92,-36.78,-86.28
46.009,40.98,-36.66,-85.56
46.050,40.379997,-37.079998,-85.439995
46.091,41.46,-37.62,-85.68
46.111,41.34,-37.32,-85.74
46.150,41.16,-37.38,-85.92
46.191,41.82,-36.84,-85.619995
46.230,41.52,-36.36,-86.46
46.250,41.64,-36.54,-86.46
46.289,41.579998,-36.42,-86.159996
46.311,41.399998,-36.96,-85.92
46.349,41.76,-36.78,-85.979996
46.389,41.46,-37.38,-86.1
46.428,41.399998,-36.96,-86.64
46.448,40.559998,-36.96,-86.04
46.490,41.1,-37.14,-85.56
46.530,41.04,-36.78,-86.52
46.551,41.04,-36.66,-85.92
46.590,41.04,-36.66,-85.979996
46.630,41.579998,-36.66,-85.2
46.650,41.46,-36.48,-85.5
46.689,40.98,-37.14,-86.159996
46.731,41.34,-36.42,-85.799995
46.752,41.16,-36.899998,-85.56
46.791,41.219997,-37.079998,-85.799995
46.831,41.7,-36.66,-84.9
46.849,40.68,-36.66,-85.68
46.890,40.559998,-37.32,-85.86
46.929,40.5,-36.6,-86.22
46.949,40.86,-36.96,-85.979996
46.989,41.94,-37.26,-85.86
47.028,40.86,-36.84,-85.38
47.068,40.8,-37.2,-85.86
47.087,41.46,-36.78,-85.92
47.128,41.46,-36.3,-85.92
47.168,41.219997,-37.02,-85.68
47.189,40.8,-37.44,-85.259995
47.230,40.26,-36.239998,-85.08
47.270,41.52,-37.5,-85.799995
47.289,41.879997,-37.26,-86.34
47.331,41.28,-37.559998,-85.32
47.371,40.44,-37.079998,-85.56
47.390,41.04,-37.62,-85.259995
47.429,42.0,-37.079998,-86.04
47.468,41.04,-37.079998,-85.619995
47.488,41.64,-36.899998,-84.72
47.530,41.7,-37.02,-86.04
47.569,40.98,-37.02,-84.84
47.590,41.34,-36.78,-85.14
47.630,41.16,-37.44,-85.619995
47.670,41.46,-36.6,-85.92
47.690,41.219997,-37.02,-85.86
47.729,41.28,-37.62,-86.22
47.769,41.399998,-37.44,-85.68
47.789,41.219997,-37.32,-85.68
47.830,41.1,-37.38,-84.9
47.870,40.98,-36.66,-85.74
47.909,41.52,-37.079998,-85.92
47.929,41.64,-36.84,-85.5
47.970,41.52,-36.96,-85.14
48.009,41.46,-37.2,-85.56
48.030,41.16,-36.899998,-85.32
48.069,41.52,-36.96,-85.38
48.109,41.16,-36.84,-86.64
48.130,40.379997,-36.96,-85.92
48.170,40.92,-36.42,-85.259995
48.209,41.64,-37.32,-85.619995
48.230,40.68,-36.84,-86.4
48.270,40.98,-38.34,-85.979996
48.309,40.44,-37.079998,-85.979996
48.329,41.64,-37.02,-85.799995
48.369,41.219997,-36.84,-85.68
48.409,41.16,-37.2,-86.58
48.428,40.98,-37.14,-86.46
48.468,41.04,-37.5,-85.92
48.513,41.399998,-36.66,-84.78
48.528,41.219997,-36.96,-85.619995
48.570,41.82,-37.14,-85.619995
48.609,40.739998,-37.44,-85.74
48.629,41.16,-36.66,-85.08
48.670,41.76,-37.32,-85.799995
48.712,42.239998,-37.14,-85.92
48.749,41.64,-37.38,-85.56
48.769,41.34,-36.84,-85.619995
48.809,41.579998,-37.32,-85.259995
48.849,41.1,-36.66,-85.619995
48.869,41.1,-36.719997,-85.799995
48.909,41.879997,-37.14,-85.74
48.949,41.64,-36.96,-86.4
48.969,41.399998,-37.32,-85.68
49.009,40.739998,-35.88,-85.259995
49.049,41.64,-37.5,-86.4
49.069,41.579998,-37.559998,-85.92
49.109,41.34,-36.719997,-85.619995
49.148,40.8,-36.899998,-86.34
49.168,41.28,-37.32,-86.1
49.209,41.94,-37.02,-85.619995
49.250,40.98,-37.2,-85.439995
49.268,40.92,-36.899998,-85.74
49.309,40.379997,-37.86,-85.74
49.349,42.0,-36.54,-85.74
49.369,41.52,-36.48,-85.74
49.412,41.04,-37.44,-85.5
49.448,41.399998,-36.66,-85.92
49.469,41.7,-36.66,-85.02
49.509,41.219997,-37.26,-85.32
49.548,41.04,-37.739998,-87.0
49.570,41.82,-37.079998,-86.34
49.610,40.98,-37.079998,-86.04
49.649,40.92,-37.32,-86.04
49.689,40.8,-37.559998,-85.38
49.710,41.34,-36.66,-85.619995
49.749,41.82,-37.079998,-86.1
49.790,41.94,-36.54,-85.86
49.809,41.219997,-37.079998,-86.4
49.849,40.92,-37.559998,-86.88
49.889,41.399998,-37.62,-86.1
49.909,41.64,-37.739998,-85.799995
49.949,41.46,-37.14,-85.799995
49.989,41.16,-36.96,-85.56
50.009,41.28,-37.14,-85.68
50.049,40.44,-37.2,-85.799995
50.089,41.399998,-36.6,-85.74
50.109,41.7,-37.02,-86.1
50.150,39.78,-36.78,-85.86
50.188,41.1,-37.14,-85.92
50.210,41.16,-37.14,-86.64
50.249,41.34,-37.26,-85.32
50.288,41.04,-36.66,-85.799995
50.309,40.92,-36.48,-85.56
50.349,40.32,-36.54,-85.92
50.390,40.86,-36.78,-85.979996
50.428,42.0,-37.079998,-84.96
50.448,42.059998,-37.14,-85.02
50.488,41.46,-36.719997,-85.38
50.529,41.16,-36.84,-85.799995
50.549,41.76,-36.719997,-85.86
50.588,40.559998,-37.68,-86.4
50.628,41.219997,-38.1,-86.1
50.648,41.04,-37.68,-86.64
50.690,41.879997,-36.54,-85.02
50.728,40.5,-37.44,-85.32
50.748,41.16,-37.86,-85.14
50.788,40.86,-37.38,-85.5
50.827,41.1,-36.6,-85.68
50.848,41.7,-36.899998,-85.74
50.887,40.98,-37.14,-85.259995
50.934,41.52,-36.96,-85.32
50.967,41.579998,-35.94,-85.32
50.988,41.46,-36.54,-85.5
51.027,41.46,-36.18,-85.5
51.049,41.399998,-36.239998,-85.74
51.089,40.559998,-36.899998,-85.92
51.128,40.92,-36.78,-85.68
51.169,41.219997,-37.62,-86.04
51.188,40.739998,-37.079998,-85.56
51.229,41.34,-37.2,-85.74
51.272,41.04,-37.32,-85.5
51.294,40.62,-37.079998,-85.86
51.328,41.219997,-36.96,-85.38
51.369,41.46,-36.54,-85.979996
51.388,41.04,-36.42,-86.4
51.427,40.14,-37.2,-86.64
51.469,40.379997,-37.02,-86.4
51.488,40.68,-36.66,-86.7
51.528,41.76,-36.84,-86.4
51.568,41.7,-36.3,-85.92
51.589,41.52,-37.26,-86.04
51.629,41.76,-37.32,-86.52
51.668,41.46,-37.32,-86.04
51.688,41.579998,-37.2,-85.799995
51.729,42.12,-36.84,-86.04
51.769,40.68,-37.32,-85.14
51.788,41.04,-37.079998,-85.14
51.830,40.8,-36.6,-85.38
51.870,41.579998,-37.62,-86.46
51.889,41.579998,-37.68,-86.1
51.929,41.52,-37.38,-85.56
51.968,41.46,-36.0,-85.92
52.009,41.219997,-37.38,-86.28
52.030,41.219997,-37.32,-86.22
52.067,40.5,-37.079998,-85.259995
52.108,41.34,-37.32,-85.74
52.128,41.579998,-37.32,-85.74
52.167,41.16,-37.14,-85.5
52.208,42.12,-37.44,-84.72
52.228,42.059998,-36.899998,-85.14
52.268,40.98,-36.84,-85.5
52.308,41.879997,-36.66,-85.799995
52.327,41.219997,-36.78,-86.04
52.368,41.879997,-36.719997,-85.32
52.408,41.34,-36.719997,-84.9
52.428,41.1,-36.96,-85.02
52.467,41.28,-36.719997,-85.68
52.513,40.92,-37.739998,-85.979996
52.527,40.02,-37.26,-85.92
52.567,41.399998,-37.02,-84.9
52.608,40.2,-37.14,-85.799995
52.649,40.68,-37.14,-85.32
52.669,41.52,-36.42,-85.68
52.707,40.5,-36.78,-85.2
52.729,40.8,-36.719997,-85.259995
52.769,40.86,-36.78,-85.74
52.809,41.879997,-36.96,-85.32
52.831,42.3,-36.84,-84.42
52.868,41.7,-36.059998,-85.68
52.908,40.98,-37.2,-86.58
52.948,41.879997,-36.12,-86.34
52.969,41.64,-36.96,-86.04
53.007,41.64,-36.18,-86.159996
53.047,41.7,-36.719997,-85.259995
53.068,41.04,-37.14,-85.32
53.106,41.64,-37.26,-86.88
53.147,40.68,-37.38,-85.56
53.167,41.76,-37.38,-86.1
53.207,41.28,-37.8,-85.799995
53.247,42.0,-37.86,-86.1
53.267,41.219997,-36.96,-86.1
53.307,40.86,-37.02,-86.04
53.348,42.3,-37.62,-86.22
53.367,42.3,-37.32,-85.619995
53.408,41.879997,-36.54,-85.619995
53.447,41.1,-37.8,-84.299995
53.487,42.12,-37.2,-84.9
53.507,41.7,-37.079998,-86.04
53.547,40.92,-37.62,-85.86
53.587,41.34,-37.14,-85.74
53.607,42.059998,-36.96,-85.68
53.647,41.7,-37.02,-85.74
53.687,40.92,-37.38,-85.5
53.707,40.8,-37.68,-85.38
53.747,41.82,-37.26,-86.4
53.787,41.399998,-36.36,-84.72
53.807,40.739998,-36.899998,-84.36
53.847,41.28,-37.2,-85.74
53.887,41.04,-36.96,-86.04
53.907,41.76,-37.14,-85.56
53.946,41.7,-37.32,-85.14
53.987,41.16,-37.5,-86.1
54.007,42.059998,-37.2,-86.64
54.047,40.8,-36.48,-85.74
54.087,41.579998,-37.14,-85.86
54.109,40.98,-37.02,-86.22
54.149,41.04,-37.5,-85.799995
54.188,41.16,-37.5,-85.439995
54.209,41.7,-36.96,-85.92
54.248,40.92,-37.5,-85.92
54.288,41.46,-37.14,-85.68
54.309,41.46,-37.2,-86.28
54.349,40.44,-37.32,-86.64
54.389,41.16,-37.44,-86.1
54.409,41.399998,-37.739998,-85.799995
54.452,41.34,-37.079998,-85.86
54.489,41.879997,-37.44,-85.619995
54.509,42.059998,-36.78,-85.439995
54.547,41.1,-36.719997,-86.46
54.588,41.399998,-37.32,-85.68
54.628,41.64,-37.02,-85.32
54.648,41.52,-37.559998,-85.619995
54.689,41.34,-36.66,-85.68
54.728,41.76,-36.719997,-86.88
54.748,41.64,-37.32,-86.759995
54.789,41.28,-36.66,-85.86
54.832,40.8,-37.14,-86.28
54.847,41.82,-37.26,-85.979996
54.888,40.559998,-37.26,-85.68
54.929,41.46,-37.38,-85.259995
54.948,40.559998,-37.559998,-85.32
54.989,41.219997,-37.62,-86.22
55.029,41.46,-37.559998,-85.68
55.049,41.34,-37.5,-86.34
55.089,41.579998,-36.6,-86.34
55.129,41.28,-36.96,-86.1
55.149,40.86,-36.78,-85.32
55.190,41.34,-36.84,-86.04
55.229,41.219997,-36.96,-85.5
55.249,40.86,-37.38,-86.159996
55.289,40.92,-37.32,-85.439995
55.329,41.52,-37.14,-85.619995
55.349,40.86,-37.079998,-85.68
55.393,41.1,-36.96,-86.46
55.427,40.8,-37.559998,-85.5
55.468,41.219997,-37.2,-86.28
55.489,40.739998,-36.96,-86.4
55.528,41.04,-37.14,-85.439995
55.568,40.8,-37.079998,-85.56
55.588,41.76,-36.899998,-85.92
55.629,41.52,-36.66,-85.68
55.668,41.219997,-36.42,-85.32
55.687,41.52,-36.84,-85.68
55.729,41.76,-36.54,-85.56
55.769,41.1,-37.14,-86.34
55.789,41.64,-37.32,-86.159996
55.830,41.879997,-36.899998,-86.04
55.869,41.219997,-37.2,-86.7
55.889,42.0,-37.5,-86.58
55.928,41.76,-36.96,-85.92
55.969,41.64,-37.32,-85.92
55.988,41.28,-37.14,-86.04
56.029,40.92,-36.96,-85.799995
56.069,41.64,-37.559998,-85.74
56.088,41.94,-37.32,-85.68
56.127,41.76,-37.079998,-85.86
56.168,41.219997,-37.02,-86.28
56.209,41.34,-36.6,-86.159996
56.228,40.86,-37.38,-86.159996
56.268,41.399998,-37.079998,-85.979996
56.308,41.52,-36.899998,-86.159996
56.328,41.52,-37.14,-86.28
56.368,41.34,-37.2,-85.799995
56.410,41.28,-37.14,-85.2
56.429,40.98,-37.8,-85.259995
56.467,42.12,-37.079998,-86.58
56.509,42.42,-37.079998,-86.52
56.528,41.579998,-37.2,-86.52
56.569,41.64,-36.719997,-85.979996
56.609,41.94,-36.899998,-86.04
56.629,41.64,-37.32,-86.1
56.669,41.64,-37.02,-86.34
56.710,41.28,-37.559998,-86.4
56.728,41.28,-37.02,-85.92
56.768,41.04,-36.78,-86.34
56.809,41.82,-36.78,-85.92
56.828,41.64,-37.2,-86.46
56.869,41.16,-36.78,-86.4
56.908,41.399998,-37.079998,-86.34
56.929,42.239998,-37.5,-86.22
56.969,41.579998,-37.2,-85.56
57.007,41.579998,-37.2,-86.159996
57.048,41.76,-36.54,-86.4
57.069,42.059998,-36.78,-85.92
57.108,41.34,-36.719997,-86.34
57.147,41.579998,-36.66,-85.68
57.169,41.64,-37.14,-85.68
57.208,41.46,-37.079998,-85.439995
57.249,41.28,-37.2,-85.439995
57.270,41.64,-37.5,-86.1
57.307,41.7,-37.44,-86.34
57.349,41.52,-36.96,-86.159996
57.368,41.76,-36.84,-86.22
57.412,41.76,-37.44,-86.04
57.448,41.52,-37.079998,-85.979996
57.469,41.34,-36.96,-86.28
57.508,40.92,-37.14,-86.58
57.548,41.219997,-37.32,-85.92
57.569,41.399998,-37.44,-85.56
57.609,41.219997,-36.36,-85.92
57.648,41.16,-37.26,-85.2
57.668,41.219997,-37.26,-85.5
57.708,41.76,-37.079998,-86.1
57.750,41.28,-37.5,-86.22
57.769,41.04,-36.96,-86.1
57.808,41.579998,-37.14,-85.979996
57.847,42.18,-37.14,-86.159996
57.889,41.7,-37.62,-85.38
57.908,42.239998,-37.559998,-85.5
57.948,40.5,-37.26,-86.28
57.988,42.0,-36.96,-85.979996
58.009,41.52,-37.38,-85.439995
58.048,41.16,-36.899998,-85.68
58.087,41.46,-37.44,-85.92
58.108,41.1,-37.559998,-85.74
58.147,41.76,-36.899998,-86.28
58.188,40.92,-37.559998,-85.74
58.209,41.46,-37.739998,-85.74
58.248,41.219997,-37.2,-85.68
58.288,41.28,-36.48,-85.979996
58.309,42.12,-36.6,-86.159996
58.348,41.28,-37.2,-85.56
58.388,41.579998,-37.02,-86.1
58.416,41.879997,-36.96,-85.68
58.448,41.16,-37.02,-85.2
58.487,41.76,-36.899998,-85.979996
58.508,41.52,-37.38,-85.32
58.549,41.879997,-37.14,-86.159996
58.587,42.66,-36.54,-86.04
58.608,41.52,-36.42,-85.56
58.648,41.04,-37.2,-86.04
58.687,41.579998,-37.2,-86.52
58.729,40.98,-36.78,-85.5
58.747,40.559998,-36.899998,-85.979996
58.789,41.94,-37.38,-86.22
58.828,41.1,-36.84,-85.38
58.847,41.399998,-37.2,-86.1
58.889,42.6,-37.32,-85.799995
58.928,42.12,-37.559998,-85.74
58.948,41.219997,-37.32,-86.22
58.987,40.98,-37.02,-86.22
59.028,41.04,-37.38,-85.74
59.047,41.04,-37.2,-85.86
59.089,40.92,-37.26,-85.259995
59.128,40.62,-37.32,-86.34
59.148,40.8,-37.62,-85.619995
59.187,41.879997,-36.6,-85.74
59.228,41.7,-37.32,-86.28
59.248,41.64,-37.559998,-85.92
59.287,41.52,-37.559998,-85.979996
59.328,41.94,-36.96,-86.04
59.348,41.46,-36.96,-86.46
59.388,41.28,-37.5,-86.82
59.427,40.62,-37.5,-85.68
59.448,40.8,-37.26,-85.439995
59.487,41.219997,-36.899998,-86.4
59.527,41.04,-36.899998,-85.02
59.574,41.04,-36.899998,-86.4
59.587,41.16,-37.02,-86.34
59.628,41.579998,-36.66,-86.159996
59.669,41.219997,-37.02,-85.799995
59.688,41.76,-37.079998,-86.1
59.728,42.36,-37.26,-86.58
59.767,41.52,-37.68,-85.38
59.787,41.1,-37.5,-85.799995
59.828,41.46,-37.38,-85.02
59.869,41.64,-37.2,-86.52
59.888,41.34,-37.2,-86.7
59.929,41.52,-37.44,-85.979996
59.968,41.34,-37.14,-86.22
59.988,40.86,-37.5,-85.979996
