timestamp,x,y,z
00.011,12.84,3.48,-45.18
00.029,13.38,3.24,-45.539997
00.069,13.5,1.92,-46.079998
00.109,13.679999,3.0,-45.84
00.130,13.799999,2.46,-46.14
00.170,13.38,1.86,-45.059998
00.211,13.799999,1.86,-45.36
00.229,13.259999,2.1,-46.079998
00.269,14.04,2.7,-46.26
00.308,14.099999,2.1,-45.36
00.331,14.34,3.0,-45.48
00.370,13.559999,3.12,-45.48
00.409,13.38,2.34,-46.14
00.430,13.5,2.34,-46.079998
00.469,13.62,3.6599998,-45.539997
00.513,12.78,2.9399998,-45.3
00.530,12.719999,2.46,-45.539997
00.569,14.04,2.9399998,-45.18
00.609,12.9,3.36,-45.239998
00.630,12.84,3.0,-44.879997
00.670,12.96,2.7,-46.02
00.709,12.9,3.06,-45.36
00.749,12.84,2.3999999,-46.02
00.769,12.719999,2.52,-45.78
00.809,12.96,2.28,-44.7
00.850,12.3,2.9399998,-44.399998
00.869,12.36,3.06,-44.94
00.908,13.139999,3.6599998,-45.0
00.950,13.2,3.06,-45.78
00.969,13.32,3.36,-45.78
01.009,12.78,3.12,-45.6
01.050,13.5,3.12,-45.48
01.069,12.48,2.58,-45.48
01.109,14.28,2.76,-46.8
01.150,13.08,3.1799998,-45.12
01.168,13.0199995,2.82,-45.539997
01.210,13.0199995,2.7,-45.539997
01.248,12.599999,3.36,-45.96
01.269,12.66,3.3,-45.899998
01.309,12.24,2.76,-45.539997
01.352,13.38,2.76,-45.0
01.370,13.08,2.22,-45.059998
01.411,12.66,2.1,-44.64
01.449,13.44,3.06,-45.48
01.469,13.2,3.06,-45.36
01.512,13.259999,3.36,-45.3
01.550,13.32,2.76,-45.48
01.589,12.96,2.46,-45.539997
01.609,13.679999,2.52,-45.18
01.649,13.0199995,2.58,-45.059998
01.688,13.38,3.36,-45.0
01.709,13.559999,2.46,-45.78
01.749,13.139999,2.7,-45.6
01.789,13.679999,3.12,-45.239998
01.809,13.679999,3.6599998,-44.879997
01.849,13.32,2.8799999,-45.3
01.878,13.679999,3.06,-44.879997
01.908,12.9,2.9399998,-45.3
01.950,12.78,2.58,-44.579998
01.989,12.66,2.3999999,-46.32
02.010,13.5,3.36,-46.62
02.048,13.139999,3.6599998,-45.539997
02.089,13.74,2.9399998,-45.36
02.109,12.84,3.6,-45.78
02.150,12.9,2.34,-45.84
02.189,12.9,2.7,-46.079998
02.210,13.2,2.52,-45.42
02.250,13.98,2.9399998,-45.36
02.289,12.84,2.9399998,-45.6
02.310,13.0199995,3.24,-45.3
02.349,13.559999,3.24,-45.12
02.389,14.099999,3.3,-45.539997
02.428,12.719999,2.82,-45.18
02.449,13.08,2.9399998,-45.3
02.491,13.08,2.34,-45.78
02.529,12.84,2.22,-44.64
02.548,13.559999,2.52,-44.879997
02.589,13.92,1.38,-45.719997
02.631,13.98,1.86,-45.6
02.650,13.98,2.6399999,-44.94
02.688,13.5,2.46,-44.76
02.729,13.5,2.9399998,-45.78
02.749,13.98,2.28,-45.66
02.789,13.679999,2.04,-44.82
02.828,13.259999,2.3999999,-45.12
02.850,12.66,3.06,-45.239998
02.890,13.139999,2.58,-45.12
02.928,13.44,2.1,-44.82
02.948,12.66,2.28,-44.94
02.989,14.04,2.04,-45.66
03.030,13.259999,2.52,-45.36
03.049,13.679999,2.46,-45.12
03.090,13.2,1.74,-44.94
03.129,12.599999,2.9399998,-45.12
03.149,12.9,3.3,-45.18
03.189,13.08,2.3999999,-46.379997
03.229,13.559999,2.1599998,-45.12
03.269,13.38,2.6399999,-45.539997
03.289,13.38,2.3999999,-45.719997
03.329,13.559999,3.12,-45.96
03.369,13.98,2.76,-44.7
03.389,13.08,2.22,-44.76
03.430,13.2,3.12,-44.879997
03.469,13.62,2.7,-45.96
03.488,13.259999,2.7,-45.84
03.529,13.139999,2.82,-45.42
03.570,13.44,2.7,-45.12
03.589,13.44,3.06,-44.94
03.630,13.0199995,2.7,-44.7
03.669,14.16,3.1799998,-44.219997
03.689,13.139999,2.52,-44.94
03.728,13.559999,2.52,-45.0
03.769,14.28,2.8799999,-45.42
03.789,14.16,3.6,-45.539997
03.828,14.04,3.0,-45.0
03.869,13.679999,2.3999999,-45.3
03.888,12.96,2.76,-44.64
03.929,13.38,3.12,-45.6
03.969,12.66,2.22,-45.0
03.989,12.36,2.76,-44.7
04.029,13.32,2.82,-44.64
04.068,13.62,3.72,-45.18
04.108,13.139999,3.4199998,-45.899998
04.130,13.679999,2.58,-46.02
04.168,13.38,3.06,-45.18
04.210,12.96,1.8,-45.239998
04.231,12.78,2.22,-44.879997
04.269,13.32,3.84,-44.579998
04.309,13.44,3.12,-44.879997
04.329,13.92,2.58,-45.48
04.370,12.84,3.1799998,-44.52
04.409,12.96,2.8799999,-45.48
04.428,12.9,2.1,-45.42
04.469,12.599999,1.86,-45.539997
04.509,12.84,2.3999999,-45.3
04.531,12.84,2.3999999,-44.52
04.570,13.44,2.8799999,-45.66
04.609,13.62,3.36,-45.3
04.628,13.5,3.54,-45.36
04.668,14.04,2.76,-45.78
04.709,13.559999,2.8799999,-45.12
04.729,14.16,2.1,-45.6
04.769,13.679999,2.7,-45.539997
04.809,13.559999,2.1,-46.14
04.829,13.62,1.86,-45.899998
04.869,14.16,3.24,-45.539997
04.908,12.96,2.34,-44.76
04.950,13.2,2.52,-45.84
04.970,13.62,3.54,-46.02
05.011,13.62,3.3,-45.539997
05.048,12.66,3.36,-45.719997
05.070,13.139999,3.72,-45.6
05.110,12.9,2.6399999,-45.059998
05.148,13.559999,2.22,-45.3
05.170,13.32,2.7,-45.48
05.209,13.139999,2.28,-45.78
05.249,13.44,2.76,-45.719997
05.269,13.139999,2.76,-45.6
05.309,13.32,2.22,-45.36
05.349,12.78,3.0,-44.94
05.370,12.48,2.6399999,-45.36
05.408,13.08,3.6,-45.719997
05.449,13.259999,3.3,-45.66
05.469,12.96,3.36,-45.719997
05.508,13.2,2.34,-45.539997
05.550,13.139999,3.48,-45.719997
05.569,13.32,3.12,-45.96
05.611,12.719999,3.6599998,-45.059998
05.648,13.679999,3.0,-45.3
05.671,13.799999,2.58,-45.48
05.709,13.98,2.3999999,-44.46
05.749,14.219999,3.12,-46.079998
05.789,13.98,1.92,-45.239998
05.812,14.16,2.58,-45.239998
05.849,13.08,3.3,-44.34
05.889,13.5,3.24,-43.739998
05.909,13.5,2.8799999,-44.04
05.949,14.28,2.9399998,-45.12
05.990,13.62,3.48,-45.719997
06.009,13.2,3.24,-45.539997
06.049,13.08,3.06,-45.18
06.093,13.559999,2.76,-45.539997
06.109,13.559999,2.82,-45.719997
06.149,12.66,3.12,-45.539997
06.189,13.0199995,3.12,-45.3
06.210,12.96,3.3,-45.12
06.249,13.32,2.9399998,-45.239998
06.290,13.32,3.06,-45.42
06.309,13.679999,2.8799999,-45.12
06.350,13.799999,2.9399998,-45.239998
06.389,13.799999,2.82,-45.059998
06.410,13.559999,3.0,-45.12
06.451,13.679999,2.58,-44.94
06.490,13.98,3.06,-44.82
06.510,13.98,2.58,-44.82
06.550,13.799999,2.76,-44.64
06.593,13.92,3.06,-45.059998
06.612,14.34,2.76,-45.48
06.650,13.86,2.1,-45.12
06.690,13.259999,2.34,-44.879997
06.731,13.139999,2.6399999,-44.879997
06.752,13.08,2.58,-45.3
06.790,13.86,2.7,-45.059998
06.814,13.799999,2.8799999,-45.719997
06.852,13.62,2.8799999,-44.94
06.889,13.5,2.52,-44.46
06.929,13.98,2.76,-45.18
06.950,13.62,2.3999999,-45.539997
06.990,13.259999,1.74,-45.42
07.029,13.32,2.22,-45.42
07.050,13.74,2.76,-45.36
07.091,14.34,2.82,-45.48
07.130,13.5,2.76,-45.12
07.150,13.0199995,2.6399999,-45.0
07.191,12.599999,3.3,-45.12
07.231,12.66,3.0,-45.539997
07.250,12.84,2.6399999,-45.96
07.289,13.259999,2.52,-44.879997
07.330,12.719999,2.82,-44.879997
07.349,12.84,2.82,-45.239998
07.390,12.54,2.9399998,-45.78
07.430,12.84,2.58,-45.899998
07.470,13.86,2.76,-45.6
07.490,13.139999,2.46,-45.059998
07.530,12.9,2.9399998,-44.52
07.570,13.139999,3.06,-44.1
07.590,13.38,2.8799999,-44.16
07.629,13.2,3.0,-44.399998
07.670,12.78,3.1799998,-44.52
07.689,12.719999,3.0,-44.34
07.729,12.9,3.0,-45.18
07.770,13.38,2.46,-45.239998
07.790,13.86,2.58,-45.239998
07.832,14.04,2.6399999,-45.78
07.870,13.2,3.54,-45.66
07.893,13.0199995,3.72,-45.539997
07.930,12.599999,3.4199998,-45.239998
07.970,13.0199995,3.6599998,-44.82
07.989,13.139999,3.54,-45.239998
08.029,13.2,3.06,-45.18
08.070,13.799999,2.3999999,-45.36
08.090,13.86,2.34,-45.6
08.129,13.38,2.22,-45.539997
08.169,12.9,2.7,-44.16
08.189,13.139999,3.24,-44.52
08.229,13.98,3.4199998,-45.36
08.270,13.44,3.3,-45.66
08.310,13.32,2.8799999,-46.02
08.329,13.679999,2.7,-45.78
08.370,13.38,3.0,-45.18
08.391,13.5,2.6399999,-44.82
08.431,13.5,2.34,-45.0
08.470,13.32,2.52,-45.84
08.511,13.559999,2.8799999,-45.539997
08.532,13.08,2.9399998,-45.12
08.570,13.559999,2.9399998,-44.7
08.612,13.44,2.6399999,-44.28
08.630,13.32,3.0,-44.399998
08.669,13.139999,2.82,-45.12
08.709,13.5,2.58,-45.719997
08.730,13.62,2.76,-45.18
08.769,14.099999,2.46,-44.879997
08.810,14.7,2.82,-45.3
08.832,14.16,2.9399998,-45.48
08.869,13.679999,2.9399998,-45.18
08.909,13.08,2.6399999,-44.879997
08.930,13.259999,2.8799999,-45.3
08.971,13.32,2.82,-45.059998
09.011,13.32,2.7,-44.879997
09.030,13.44,2.6399999,-44.76
09.069,13.32,2.3999999,-44.28
09.110,12.9,2.28,-45.48
09.133,13.139999,2.52,-45.78
09.169,13.139999,3.0,-45.48
09.210,12.84,2.6399999,-44.04
09.249,12.9,2.1599998,-44.219997
09.272,13.259999,2.1,-44.52
09.310,13.74,2.28,-44.16
09.351,13.44,2.3999999,-44.7
09.371,13.32,2.6399999,-45.42
09.411,13.74,3.0,-45.78
09.451,13.139999,3.6,-45.059998
09.471,13.38,3.6599998,-45.18
09.510,13.559999,3.48,-45.6
09.550,13.38,3.24,-45.539997
09.569,13.2,3.12,-45.3
09.610,13.139999,3.36,-45.539997
09.650,13.44,3.1799998,-45.539997
09.669,13.799999,2.82,-45.239998
09.709,14.16,2.9399998,-45.3
09.750,13.92,2.82,-44.82
09.771,13.98,2.7,-44.7
09.813,13.799999,2.3999999,-44.46
09.850,13.62,2.58,-44.82
09.869,13.38,2.46,-44.76
09.909,13.62,2.34,-45.899998
09.951,13.139999,3.12,-45.899998
09.972,13.259999,3.24,-45.059998
10.009,13.62,3.84,-45.36
10.050,13.74,3.8999999,-45.3
10.090,13.259999,3.1799998,-44.46
10.110,12.96,3.48,-44.34
10.149,13.0199995,3.6599998,-44.52
10.190,13.74,3.1799998,-45.42
10.210,13.74,3.36,-45.539997
10.252,13.259999,3.6,-44.76
10.289,13.44,3.24,-44.219997
10.309,13.5,3.06,-44.879997
10.349,13.679999,3.0,-44.28
10.389,13.74,3.12,-44.34
10.410,13.86,2.6399999,-44.7
10.449,13.98,3.06,-45.059998
10.489,13.74,3.84,-45.36
10.509,13.62,3.54,-45.0
10.549,13.559999,3.06,-45.18
10.590,13.679999,2.52,-45.48
10.610,13.559999,2.3999999,-45.36
10.650,13.559999,2.52,-44.7
10.690,13.38,3.06,-44.82
10.710,13.679999,2.76,-45.059998
10.749,13.74,2.34,-45.36
10.788,13.08,2.6399999,-45.84
10.810,12.84,2.46,-45.3
10.849,12.42,2.76,-44.34
10.890,13.38,2.58,-44.46
10.929,13.62,2.58,-45.18
10.951,13.679999,2.52,-44.82
10.990,14.04,2.9399998,-45.539997
11.030,13.98,3.6599998,-45.539997
11.049,13.559999,3.0,-44.579998
11.089,12.54,2.9399998,-44.16
11.130,12.84,3.6,-44.7
11.149,13.259999,3.6,-45.12
11.190,13.559999,3.36,-45.719997
11.230,13.38,2.76,-46.02
11.250,13.32,3.12,-45.719997
11.290,13.2,4.2599998,-45.66
11.329,13.5,4.02,-45.059998
11.350,14.219999,3.8999999,-44.76
11.390,13.679999,3.06,-45.0
11.429,13.0199995,2.6399999,-44.76
11.449,13.0199995,2.82,-45.059998
11.490,13.559999,2.22,-44.28
11.529,13.74,2.46,-44.46
11.550,13.38,2.34,-44.64
11.589,13.799999,2.7,-45.539997
11.630,13.5,2.7,-45.18
11.651,12.9,2.76,-44.579998
11.691,13.32,3.36,-44.52
11.730,13.559999,2.7,-45.0
11.769,13.559999,2.52,-45.66
11.790,13.62,2.7,-45.78
11.831,13.44,3.12,-45.059998
11.869,13.5,2.22,-44.46
11.889,14.219999,2.22,-44.46
11.929,14.099999,2.46,-44.52
11.970,13.679999,2.34,-45.12
11.990,13.44,2.7,-45.059998
12.030,12.599999,2.9399998,-45.18
12.070,12.719999,3.24,-44.7
12.089,12.9,3.36,-44.94
12.129,13.86,3.3,-44.76
12.170,13.32,2.6399999,-45.18
12.190,13.559999,2.6399999,-44.82
12.229,13.259999,3.84,-45.78
12.270,13.259999,3.78,-46.32
12.289,13.44,3.12,-45.84
12.329,13.32,3.06,-45.0
12.369,13.259999,3.48,-45.12
12.390,13.559999,3.3,-45.3
12.430,13.44,3.4199998,-45.66
12.470,13.0199995,3.48,-45.239998
12.510,12.84,3.06,-44.82
12.530,12.719999,2.58,-45.18
12.570,13.139999,2.8799999,-44.46
12.609,13.799999,2.82,-44.34
12.630,13.86,2.46,-44.28
12.672,13.559999,2.82,-45.12
12.710,13.139999,2.52,-45.239998
12.731,13.62,2.52,-45.18
12.770,13.2,2.9399998,-44.94
12.810,12.96,2.82,-44.46
12.831,12.78,2.7,-44.82
12.869,13.679999,3.06,-45.3
12.911,13.74,3.24,-45.36
12.929,13.32,2.76,-45.539997
12.970,13.259999,2.82,-45.239998
13.009,13.559999,2.76,-44.879997
13.029,14.16,2.6399999,-45.0
13.069,12.9,2.3999999,-45.78
13.112,13.08,2.76,-45.3
13.129,12.78,2.7,-45.18
13.170,13.259999,2.76,-44.579998
13.209,13.38,2.7,-44.34
13.230,12.54,2.7,-44.28
13.269,12.719999,3.0,-45.36
13.311,13.5,3.4199998,-45.66
13.331,13.32,3.0,-45.48
13.369,13.0199995,2.34,-45.18
13.410,13.62,3.0,-45.3
13.450,14.219999,3.6,-45.36
13.470,14.04,3.6599998,-45.36
13.510,13.559999,3.6,-45.239998
13.549,13.74,3.36,-45.239998
13.570,13.559999,3.72,-45.18
13.609,13.679999,3.4199998,-45.84
13.649,13.62,2.58,-45.96
13.670,12.9,2.3999999,-45.42
13.710,12.48,2.22,-44.46
13.749,13.259999,2.1599998,-44.28
13.770,13.679999,2.3999999,-44.52
13.812,13.62,3.1799998,-45.719997
13.852,13.62,2.76,-46.079998
13.870,13.799999,2.82,-45.96
13.911,13.08,2.76,-45.719997
13.950,12.42,3.0,-45.539997
13.971,12.9,3.3,-45.719997
14.014,13.679999,3.78,-45.0
14.051,14.16,3.24,-44.879997
14.071,14.04,2.9399998,-44.82
14.114,14.099999,2.3999999,-45.42
14.149,13.74,2.58,-46.32
14.190,13.62,2.46,-46.14
14.210,13.74,2.8799999,-45.66
14.250,14.5199995,2.58,-45.12
14.290,13.799999,2.22,-45.059998
14.310,13.2,2.22,-44.579998
14.350,12.96,3.06,-44.46
14.390,13.679999,3.6599998,-44.94
14.411,13.86,3.4199998,-44.94
14.451,13.139999,3.36,-45.239998
14.491,12.719999,3.12,-44.879997
14.515,13.139999,2.9399998,-44.94
14.550,13.38,2.58,-45.48
14.590,12.9,2.76,-45.539997
14.610,12.54,2.6399999,-45.66
14.649,13.0199995,2.76,-45.539997
14.690,13.38,2.52,-45.36
14.711,13.44,2.76,-44.7
14.750,12.78,3.1799998,-44.879997
14.790,13.2,4.14,-45.42
14.810,13.559999,4.3199997,-45.48
14.850,13.799999,3.54,-44.82
14.889,13.62,2.46,-44.219997
14.910,13.32,2.34,-44.219997
14.950,12.54,2.34,-44.76
14.990,13.139999,2.34,-45.239998
15.010,13.5,2.28,-45.0
15.051,13.679999,2.6399999,-44.94
15.092,13.62,2.6399999,-45.059998
15.131,13.799999,3.1799998,-44.879997
15.150,13.5,3.0,-44.94
15.189,13.259999,3.1799998,-45.3
15.230,13.44,3.12,-45.239998
15.252,14.219999,3.4199998,-45.18
15.290,14.4,3.72,-45.42
15.329,13.44,3.54,-45.36
15.351,12.9,3.12,-45.059998
15.392,12.96,2.58,-44.879997
15.430,13.5,2.76,-45.059998
15.452,14.04,3.0,-45.0
15.490,13.679999,3.3,-45.36
15.532,13.2,3.06,-45.899998
15.552,12.96,2.7,-45.48
15.590,13.44,2.76,-45.539997
15.632,13.259999,2.7,-45.36
15.651,12.719999,2.6399999,-44.879997
15.691,12.9,3.24,-45.3
15.730,13.08,3.48,-46.2
15.752,12.84,3.6,-46.02
15.789,13.2,3.24,-45.539997
15.830,13.62,3.06,-44.76
15.869,13.74,2.82,-44.34
15.890,13.98,2.82,-44.399998
15.930,14.46,2.8799999,-44.879997
15.971,13.5,2.7,-44.76
15.991,13.98,3.1799998,-44.76
16.029,13.92,2.7,-44.82
16.070,13.38,2.46,-44.579998
16.091,13.259999,3.24,-44.76
16.129,12.96,3.6,-44.34
16.170,13.5,3.36,-44.94
16.189,13.62,3.24,-45.84
16.230,13.86,3.4199998,-45.719997
16.270,13.2,3.84,-45.12
16.289,12.96,3.36,-45.66
16.329,13.5,3.12,-45.42
16.370,13.62,2.46,-45.3
16.389,14.16,2.46,-45.059998
16.429,14.16,2.6399999,-45.36
16.470,13.559999,3.1799998,-45.66
16.489,13.5,3.06,-45.36
16.530,13.0199995,2.7,-45.42
16.571,13.44,2.58,-44.76
16.591,13.62,2.3999999,-44.76
16.629,12.84,1.86,-45.18
16.669,12.96,2.46,-45.0
16.690,13.259999,2.3999999,-45.0
16.729,13.679999,2.22,-44.579998
16.770,13.92,2.34,-44.879997
16.811,14.34,2.46,-44.879997
16.831,13.92,2.52,-44.7
16.870,13.139999,3.1799998,-45.0
16.892,12.66,3.12,-45.42
16.930,13.259999,2.76,-45.0
16.971,14.219999,2.8799999,-45.18
17.012,14.4,3.84,-45.78
17.030,13.559999,3.54,-45.66
17.071,13.559999,3.36,-45.059998
17.112,13.44,2.58,-44.879997
17.132,13.2,2.46,-45.059998
17.171,13.2,2.9399998,-45.42
17.211,13.92,3.78,-45.36
17.230,13.98,3.12,-45.12
17.270,13.259999,2.9399998,-45.539997
17.311,13.32,3.1799998,-45.78
17.330,13.679999,3.36,-45.899998
17.372,13.32,3.48,-45.6
17.410,13.38,3.3,-45.36
17.436,12.84,2.76,-45.12
17.471,12.9,3.24,-45.059998
17.511,13.08,3.3,-45.899998
17.530,13.139999,2.82,-45.719997
17.570,13.2,3.48,-45.42
17.610,13.44,3.06,-45.6
17.650,13.679999,2.22,-45.719997
17.671,13.98,2.6399999,-44.879997
17.710,14.5199995,3.6,-45.719997
17.732,14.34,3.8999999,-45.719997
17.771,13.74,3.06,-45.059998
17.811,13.0199995,2.82,-45.18
17.850,12.84,3.0,-45.78
17.870,12.54,3.6599998,-45.36
17.910,12.9,3.9599998,-45.239998
17.950,13.2,3.36,-45.18
17.973,13.32,3.1799998,-45.3
18.010,14.099999,2.76,-45.12
18.050,13.92,2.46,-45.18
18.070,13.92,2.6399999,-44.879997
18.110,13.2,3.24,-45.36
18.151,13.2,3.12,-45.18
18.170,13.38,2.9399998,-44.94
18.213,12.84,3.06,-44.76
18.250,12.84,3.0,-45.0
18.271,13.08,3.06,-44.94
18.311,13.799999,2.7,-45.239998
18.350,14.04,2.9399998,-45.3
18.370,13.799999,2.9399998,-45.12
18.411,13.74,2.76,-45.719997
18.451,13.0199995,3.36,-46.02
18.471,13.139999,2.9399998,-45.96
18.513,14.04,3.24,-46.2
18.552,13.86,3.54,-46.14
18.572,13.62,2.8799999,-45.6
18.611,13.62,3.06,-45.78
18.652,13.679999,3.78,-45.539997
18.672,13.86,3.6599998,-45.3
18.711,13.799999,3.1799998,-45.0
18.752,14.28,3.1799998,-44.94
18.791,13.98,3.36,-44.94
18.811,14.04,3.6,-45.0
18.850,13.62,2.8799999,-45.239998
18.890,13.679999,2.58,-45.0
18.912,13.799999,2.82,-44.1
18.952,13.32,3.0,-43.98
18.991,12.84,2.76,-44.16
19.011,12.54,2.34,-44.16
19.051,12.84,2.76,-44.7
19.090,13.559999,3.12,-44.64
19.110,13.32,2.7,-45.3
19.151,14.04,2.52,-45.84
19.191,13.559999,3.0,-45.18
19.211,13.2,3.0,-45.0
19.250,13.32,3.24,-45.239998
19.290,14.04,3.1799998,-45.0
19.311,13.92,2.52,-44.82
19.351,14.639999,1.9799999,-44.579998
19.390,13.98,1.8,-44.7
19.430,13.679999,2.3999999,-44.76
19.451,13.799999,2.28,-44.579998
19.490,14.04,3.0,-44.879997
19.531,13.62,2.8799999,-45.18
19.552,13.5,3.12,-44.76
19.591,12.719999,2.8799999,-45.059998
19.631,12.96,2.58,-45.42
19.652,13.5,2.9399998,-45.42
19.691,14.04,2.76,-45.3
19.731,13.86,3.06,-45.42
19.750,13.74,3.3,-45.48
19.791,13.5,3.0,-45.3
19.830,13.679999,3.0,-45.539997
19.851,13.559999,2.9399998,-45.539997
19.890,13.38,2.82,-45.239998
19.931,13.38,2.22,-44.579998
19.951,13.38,2.34,-44.52
19.991,14.04,1.62,-44.34
20.032,13.74,2.28,-45.0
20.052,13.44,2.82,-45.3
20.090,13.44,3.6599998,-45.42
20.132,13.5,3.24,-45.059998
20.152,13.08,3.12,-45.12
20.191,13.08,2.82,-45.78
20.231,13.08,2.82,-45.48
20.272,13.5,3.3,-45.0
20.291,13.62,3.54,-45.539997
20.331,13.62,2.8799999,-46.079998
20.372,13.799999,2.28,-45.96
20.391,13.62,2.52,-45.719997
20.430,13.32,3.1799998,-45.6
20.472,13.2,2.8799999,-45.12
20.490,13.08,2.58,-45.239998
20.530,12.54,2.34,-44.579998
20.571,13.0199995,2.58,-44.579998
20.591,13.679999,2.76,-44.46
20.630,13.62,2.7,-44.579998
20.671,13.0199995,2.22,-45.059998
20.691,12.96,2.58,-45.42
20.731,13.139999,2.76,-44.879997
20.771,13.38,2.58,-44.64
20.792,13.92,2.76,-44.879997
20.837,13.86,2.7,-45.96
20.870,13.62,2.82,-46.379997
20.890,13.799999,2.58,-46.2
20.931,13.139999,2.3999999,-45.42
20.970,13.08,3.12,-44.94
20.993,12.84,3.0,-45.0
21.032,13.62,2.7,-44.46
21.071,13.62,2.8799999,-45.48
21.092,13.86,2.8799999,-45.66
21.131,13.74,2.46,-45.12
21.170,12.66,2.22,-44.82
21.212,12.42,2.34,-45.239998
21.231,12.48,2.8799999,-45.42
21.272,12.9,2.46,-45.6
21.310,13.259999,2.22,-45.12
21.330,13.799999,2.46,-44.94
21.372,13.86,2.58,-45.48
21.411,13.74,3.06,-45.539997
21.429,13.5,3.6,-45.539997
21.472,13.32,3.78,-45.42
21.512,13.799999,3.54,-45.3
21.532,14.04,3.4199998,-45.36
21.572,13.98,3.4199998,-45.3
21.610,13.5,2.7,-45.239998
21.632,13.44,3.0,-45.36
21.670,12.84,3.36,-45.3
21.711,12.599999,2.58,-45.42
21.730,12.719999,2.28,-45.18
21.771,12.599999,2.52,-45.059998
21.811,12.96,3.36,-45.12
21.833,13.139999,3.36,-45.42
21.870,13.0199995,2.82,-45.539997
21.912,12.78,2.58,-45.12
21.952,14.099999,2.82,-45.18
21.971,14.099999,3.06,-45.12
22.012,14.58,3.3,-45.42
22.052,14.099999,3.3,-45.719997
22.071,13.62,3.54,-45.48
22.111,13.559999,3.36,-45.12
22.151,13.38,2.8799999,-45.48
22.171,13.559999,3.1799998,-45.66
22.210,13.2,3.9599998,-45.18
22.252,13.62,3.6599998,-45.36
22.271,13.139999,3.36,-45.539997
22.310,13.799999,2.82,-44.64
22.350,13.38,2.82,-44.399998
22.369,13.139999,3.12,-44.219997
22.409,13.38,2.58,-44.46
22.450,12.96,2.6399999,-44.76
22.470,13.2,2.82,-45.3
22.511,13.559999,2.3999999,-45.12
22.550,13.5,2.7,-44.7
22.570,13.62,2.6399999,-45.239998
22.611,13.32,2.82,-45.6
22.650,13.32,2.9399998,-45.0
22.672,13.679999,2.9399998,-44.82
22.711,12.96,3.12,-45.0
22.750,12.54,3.54,-45.96
22.793,12.599999,4.08,-46.32
22.811,12.96,4.2599998,-45.96
22.840,12.96,3.8999999,-45.66
22.872,13.08,2.9399998,-44.82
22.910,13.2,3.12,-44.7
22.950,13.5,3.78,-44.76
22.991,13.2,3.1799998,-44.64
23.011,13.259999,3.1799998,-44.76
23.050,14.04,2.8799999,-45.719997
23.091,13.98,2.8799999,-46.079998
23.110,13.799999,2.76,-45.6
23.151,14.46,3.6,-44.7
23.191,16.68,6.06,-44.34
23.211,18.9,7.3799996,-43.26
23.253,23.699999,10.139999,-39.899998
23.290,28.92,11.5199995,-34.38
23.310,31.38,11.759999,-31.5
23.351,35.579998,9.42,-28.08
23.392,37.98,4.3199997,-26.519999
23.410,39.239998,1.4399999,-25.74
23.450,41.52,-5.46,-22.92
23.491,43.02,-10.44,-19.68
23.511,43.02,-11.82,-17.94
23.551,43.68,-14.4,-13.2
23.590,44.28,-16.92,-8.7
23.631,44.34,-18.779999,-5.04
23.650,44.46,-19.26,-3.06
23.691,44.52,-20.039999,-1.0799999
23.733,44.52,-19.56,-1.0799999
23.751,44.46,-18.72,-1.86
23.791,43.98,-18.119999,-6.12
23.813,43.739998,-18.96,-8.76
23.852,40.379997,-20.82,-14.759999
23.890,34.92,-22.08,-22.32
23.933,29.099998,-22.32,-28.68
23.950,26.46,-22.92,-30.359999
23.990,22.14,-23.34,-33.0
24.032,17.279999,-25.38,-34.38
24.052,13.86,-25.74,-34.86
24.093,6.6,-27.66,-36.239998
24.130,-1.56,-29.279999,-36.84
24.152,-5.04,-29.64,-36.6
24.192,-8.94,-30.599998,-36.3
24.229,-13.2,-28.199999,-36.42
24.250,-15.48,-26.519999,-37.14
24.290,-18.9,-22.14,-38.219997
24.330,-18.42,-19.68,-39.719997
24.370,-16.56,-18.84,-40.68
24.392,-15.839999,-18.9,-40.32
24.430,-15.179999,-20.46,-40.079998
24.452,-15.839999,-21.539999,-40.14
24.490,-16.02,-22.98,-40.62
24.529,-15.839999,-24.06,-40.86
24.570,-15.78,-25.38,-40.14
24.591,-15.839999,-25.98,-39.54
24.631,-15.24,-28.32,-39.059998
24.671,-10.98,-30.48,-39.66
24.690,-7.7999997,-31.92,-39.78
24.731,-0.53999996,-34.079998,-38.76
24.771,6.72,-36.719997,-36.54
24.790,9.78,-37.739998,-34.62
24.832,15.54,-41.219997,-29.699999
24.855,17.58,-42.42,-27.18
24.890,21.84,-45.539997,-21.119999
24.931,26.22,-42.6,-19.859999
24.970,9.179999,-34.68,-31.26
24.992,1.1999999,-34.02,-36.6
25.030,-1.9799999,-47.219997,-30.3
25.070,6.3599997,-53.699997,-15.96
25.091,7.74,-55.26,-11.34
25.131,6.96,-55.62,-13.08
25.171,3.0,-52.32,-25.14
25.191,0.06,-48.059998,-33.059998
25.231,-0.96,-42.12,-44.399998
25.270,-0.71999997,-42.899998,-44.219997
25.292,-1.56,-43.92,-41.46
25.330,0.29999998,-42.719997,-42.66
25.370,0.53999996,-40.92,-44.879997
25.412,0.0,-40.92,-44.94
25.432,0.42,-41.28,-45.059998
25.471,0.06,-41.52,-45.6
25.510,0.35999998,-41.7,-45.239998
25.533,0.35999998,-41.34,-44.879997
25.570,-0.24,-41.46,-44.94
25.610,-0.42,-41.16,-44.94
25.631,0.17999999,-41.52,-44.52
25.670,0.35999998,-41.7,-43.8
25.711,-0.42,-41.399998,-44.579998
25.730,-0.12,-41.219997,-44.879997
25.770,0.0,-41.28,-45.0
25.811,-0.24,-41.1,-44.82
25.831,0.0,-40.98,-44.52
25.869,0.06,-40.86,-44.46
25.910,-0.71999997,-41.46,-44.76
25.931,-0.96,-41.7,-45.0
25.970,-0.59999996,-41.34,-44.879997
26.011,-0.12,-41.34,-44.579998
26.032,0.35999998,-41.76,-44.64
26.071,0.71999997,-41.399998,-44.46
26.110,0.65999997,-41.34,-45.0
26.132,0.78,-41.219997,-45.48
26.170,0.96,-41.52,-44.82
26.211,0.42,-41.7,-44.399998
26.252,0.0,-42.3,-44.94
26.271,0.24,-41.94,-44.7
26.311,0.42,-41.64,-44.16
26.351,-0.12,-42.3,-44.46
26.371,-0.12,-42.36,-45.12
26.410,-0.12,-42.0,-46.079998
26.452,-0.42,-41.16,-45.42
26.470,-0.53999996,-41.16,-45.12
26.510,-0.59999996,-40.98,-44.76
26.552,0.06,-41.04,-45.059998
26.571,0.59999996,-41.16,-45.239998
26.612,0.0,-41.28,-44.7
26.650,0.17999999,-40.559998,-44.28
26.670,0.35999998,-40.44,-44.16
26.711,0.65999997,-40.379997,-45.539997
26.750,0.24,-40.559998,-45.18
26.771,0.17999999,-40.62,-44.7
26.817,-0.48,-41.34,-44.16
26.850,-0.29999998,-42.059998,-44.28
26.871,0.12,-42.059998,-44.52
26.910,0.24,-41.7,-44.7
26.949,-0.24,-41.219997,-45.18
26.993,-0.35999998,-41.579998,-44.76
27.010,-0.24,-41.82,-45.0
27.051,-0.29999998,-42.059998,-43.98
27.073,-0.29999998,-42.059998,-44.34
27.112,-0.59999996,-41.579998,-44.82
27.153,-0.24,-41.1,-45.239998
27.192,0.48,-41.399998,-45.36
27.211,0.59999996,-41.28,-45.6
27.251,1.0799999,-40.62,-45.12
27.290,0.48,-40.8,-44.34
27.310,0.35999998,-41.399998,-44.64
27.350,0.17999999,-41.7,-44.82
27.391,-0.12,-42.059998,-44.52
27.410,0.06,-42.18,-44.52
27.452,0.48,-41.46,-44.219997
27.476,0.59999996,-41.28,-44.7
27.512,0.65999997,-41.46,-44.7
27.550,0.71999997,-41.76,-44.64
27.590,0.84,-41.52,-44.76
27.610,1.1999999,-41.1,-45.539997
27.650,0.12,-41.04,-45.18
27.693,-0.48,-41.28,-43.8
27.730,-0.06,-41.1,-44.04
27.751,0.17999999,-41.16,-44.94
27.792,-0.17999999,-40.86,-44.879997
27.812,-0.24,-41.28,-45.0
27.851,-0.59999996,-41.1,-44.64
27.890,-0.12,-41.28,-44.399998
27.931,0.35999998,-41.7,-44.399998
27.951,0.48,-41.52,-43.98
27.991,-0.59999996,-41.64,-43.86
28.030,-0.65999997,-41.34,-44.219997
28.051,-0.35999998,-41.1,-44.579998
28.092,0.12,-40.8,-45.539997
28.129,0.48,-40.5,-45.059998
28.150,0.59999996,-40.739998,-44.7
28.190,0.12,-40.86,-43.86
28.231,-0.24,-41.28,-44.34
28.250,0.42,-41.64,-44.94
28.291,1.3199999,-41.52,-45.239998
28.330,0.78,-41.34,-44.94
28.350,0.12,-41.04,-45.36
28.390,-0.42,-41.1,-45.0
28.431,-0.24,-41.579998,-44.879997
28.450,-0.48,-41.82,-45.12
28.491,-0.12,-40.86,-44.879997
28.531,0.24,-40.68,-44.64
28.571,0.71999997,-41.7,-44.94
28.590,0.65999997,-41.82,-45.0
28.630,0.9,-40.98,-45.36
28.670,0.42,-40.559998,-44.46
28.690,0.42,-40.32,-43.98
28.730,0.96,-41.28,-44.34
28.774,0.65999997,-41.34,-45.3
28.791,0.24,-41.579998,-45.539997
28.833,-0.29999998,-41.46,-45.42
28.869,-0.9,-41.7,-44.46
28.890,-0.78,-41.399998,-44.219997
28.930,0.06,-41.28,-44.34
28.970,0.42,-40.739998,-44.46
28.990,0.48,-40.739998,-44.04
29.030,0.0,-41.16,-44.879997
29.071,-0.29999998,-41.16,-44.82
29.090,-0.78,-41.399998,-44.34
29.130,-0.48,-41.34,-43.559998
29.171,-0.29999998,-41.219997,-44.04
29.190,-0.17999999,-41.1,-44.28
29.231,0.06,-41.16,-44.399998
29.270,0.71999997,-40.86,-45.18
29.290,0.24,-40.92,-45.36
29.330,0.42,-41.28,-45.539997
29.371,0.06,-41.76,-44.94
29.410,0.71999997,-43.02,-44.52
29.431,1.0799999,-43.739998,-44.219997
29.470,1.56,-44.1,-43.8
29.495,1.56,-43.62,-43.8
29.530,1.5,-43.26,-43.98
29.570,1.0799999,-42.66,-44.82
29.619,0.42,-42.42,-45.6
29.630,-0.06,-42.239998,-45.18
29.671,0.65999997,-42.54,-44.16
29.710,1.14,-42.48,-44.16
29.731,1.0799999,-42.36,-44.1
29.770,1.38,-42.239998,-44.52
29.810,1.38,-42.3,-44.76
29.831,1.1999999,-42.3,-44.16
29.871,1.14,-42.18,-44.52
29.912,1.3199999,-42.42,-44.879997
29.932,1.56,-42.78,-44.76
29.971,1.5,-42.78,-44.04
30.010,0.48,-42.96,-43.559998
30.031,0.17999999,-42.84,-43.559998
30.071,0.53999996,-42.239998,-43.559998
30.111,0.9,-42.42,-44.52
30.131,1.4399999,-42.36,-44.82
30.171,0.78,-43.32,-44.219997
30.211,0.59999996,-43.5,-44.46
30.252,0.65999997,-42.66,-44.94
30.272,0.84,-42.059998,-44.64
30.310,1.02,-41.879997,-44.34
30.332,0.84,-42.239998,-44.579998
30.374,0.24,-42.12,-44.46
30.411,-0.29999998,-41.34,-44.46
30.450,0.06,-41.76,-43.98
30.470,0.48,-42.36,-44.04
30.512,0.71999997,-42.36,-43.8
30.549,0.06,-41.16,-44.16
30.570,0.06,-41.399998,-45.0
30.609,0.42,-41.76,-45.0
30.650,-0.17999999,-41.28,-45.42
30.674,-0.06,-41.34,-45.36
30.710,0.0,-42.0,-44.52
30.750,0.24,-41.46,-44.579998
30.770,0.06,-41.46,-45.36
30.815,0.17999999,-40.98,-44.76
30.851,0.0,-40.739998,-44.1
30.872,-0.12,-41.04,-44.46
30.910,-0.24,-41.16,-44.94
30.950,-0.71999997,-41.46,-44.64
30.970,-0.48,-40.98,-44.399998
31.010,0.17999999,-41.28,-43.86
31.051,0.42,-41.399998,-44.219997
31.090,0.65999997,-41.46,-44.46
31.111,0.48,-41.46,-44.579998
31.150,-0.24,-41.04,-44.579998
31.191,-0.53999996,-40.559998,-45.0
31.213,-0.35999998,-40.8,-44.879997
31.251,-0.53999996,-40.739998,-45.18
31.292,-0.29999998,-42.059998,-44.82
31.310,-0.17999999,-42.12,-44.28
31.351,-0.06,-41.76,-45.42
31.390,-0.12,-41.879997,-45.899998
31.411,-0.42,-41.82,-46.14
31.451,-0.65999997,-41.64,-45.0
31.492,0.06,-41.04,-44.46
31.513,0.42,-40.379997,-44.579998
31.550,-0.17999999,-40.68,-44.579998
31.591,0.12,-40.86,-44.1
31.611,0.42,-40.98,-43.98
31.651,-0.35999998,-41.7,-43.86
31.690,-0.59999996,-42.18,-44.52
31.711,-0.17999999,-41.7,-44.82
31.750,-0.12,-41.579998,-44.82
31.790,-0.12,-41.879997,-44.219997
31.810,-0.29999998,-41.76,-44.34
31.850,-0.53999996,-41.7,-44.34
31.891,-0.42,-41.399998,-45.059998
31.911,-0.12,-41.16,-44.64
31.951,-0.35999998,-40.559998,-43.98
31.990,-0.24,-41.04,-43.92
32.012,0.12,-41.7,-44.28
32.050,0.24,-42.18,-44.52
32.092,-0.29999998,-42.12,-44.46
32.131,-0.29999998,-42.3,-44.04
32.150,0.29999998,-42.3,-44.04
32.191,0.24,-42.719997,-44.94
32.230,-0.12,-41.7,-45.12
32.250,0.12,-41.28,-44.579998
32.290,-0.35999998,-40.68,-43.739998
32.333,0.0,-40.8,-44.28
32.350,0.24,-40.92,-43.98
32.390,-0.12,-42.18,-44.399998
32.431,-0.24,-42.54,-44.579998
32.450,-0.17999999,-42.059998,-44.1
32.491,-0.35999998,-41.219997,-43.92
32.535,-0.59999996,-41.16,-43.68
32.551,-0.17999999,-41.219997,-43.92
32.590,0.29999998,-42.12,-43.92
32.632,0.78,-42.18,-44.16
32.651,0.71999997,-41.879997,-44.04
32.692,0.9,-41.34,-44.46
32.733,1.02,-41.399998,-44.82
32.753,0.48,-41.34,-45.36
32.790,-0.35999998,-41.219997,-44.879997
32.830,-0.29999998,-41.1,-44.399998
32.870,0.42,-40.8,-44.46
32.891,0.12,-40.98,-44.28
32.931,0.42,-41.34,-44.219997
32.971,0.78,-41.579998,-43.86
32.990,0.65999997,-41.46,-43.68
33.032,0.29999998,-40.98,-43.5
33.053,-0.06,-40.559998,-43.739998
33.092,-0.48,-40.86,-45.0
33.132,-0.48,-41.579998,-45.539997
33.154,-0.53999996,-41.82,-45.66
33.191,-0.12,-40.98,-44.82
33.230,-0.42,-40.86,-45.0
33.270,-0.84,-41.04,-45.42
33.290,-0.71999997,-40.98,-45.3
33.330,0.06,-41.16,-44.16
33.370,0.24,-41.219997,-44.7
33.391,-0.17999999,-40.86,-45.059998
33.430,-0.29999998,-40.379997,-45.12
33.471,-0.24,-41.46,-44.399998
33.490,-0.17999999,-41.1,-44.16
33.530,-0.42,-40.86,-43.92
33.570,-0.53999996,-41.219997,-43.559998
33.610,-0.06,-40.98,-44.399998
33.631,0.17999999,-40.68,-44.64
33.670,0.29999998,-40.739998,-44.399998
33.711,-0.17999999,-41.64,-44.34
33.730,-0.06,-41.46,-44.04
33.770,0.0,-41.579998,-44.7
33.811,-0.65999997,-41.46,-44.879997
33.831,-0.78,-41.82,-44.7
33.870,-0.29999998,-41.399998,-44.64
33.910,0.12,-41.04,-44.579998
33.931,0.17999999,-41.219997,-44.1
33.972,0.17999999,-41.219997,-43.98
34.010,-0.17999999,-41.04,-44.7
34.032,-0.65999997,-41.219997,-44.399998
34.073,-0.53999996,-40.559998,-44.76
34.111,-0.35999998,-40.62,-44.34
34.130,-0.24,-41.04,-43.92
34.171,0.29999998,-41.46,-44.7
34.211,0.35999998,-41.1,-45.18
34.230,0.48,-41.34,-45.239998
34.270,0.12,-41.34,-44.76
34.310,-0.78,-41.219997,-45.0
34.331,-0.29999998,-40.739998,-45.3
34.371,-0.17999999,-41.34,-45.84
34.411,-0.78,-41.34,-45.48
34.431,-0.78,-41.46,-44.46
34.472,-0.06,-41.04,-44.219997
34.510,-0.35999998,-40.5,-44.94
34.550,-0.06,-40.32,-45.12
34.571,0.0,-40.62,-45.12
34.610,-0.53999996,-40.559998,-44.76
34.650,-0.48,-41.04,-44.46
34.670,-0.24,-41.16,-44.1
34.711,-0.17999999,-40.98,-44.219997
34.750,-0.12,-41.219997,-44.82
34.770,0.0,-41.46,-44.76
34.810,0.0,-41.399998,-44.76
34.853,-0.35999998,-41.64,-44.579998
34.870,-0.42,-42.18,-44.46
34.912,0.06,-42.719997,-45.12
34.953,0.35999998,-42.0,-45.719997
34.972,-0.29999998,-41.52,-45.719997
35.012,-0.42,-41.28,-45.059998
35.050,0.12,-41.52,-43.739998
35.071,-0.42,-42.239998,-43.68
35.112,-0.59999996,-41.76,-44.94
35.150,-0.17999999,-41.16,-45.42
35.170,-0.35999998,-41.04,-45.36
35.211,-0.06,-40.559998,-45.12
35.250,-0.48,-40.92,-44.28
35.273,-0.59999996,-41.16,-44.34
35.311,-0.65999997,-40.92,-44.399998
35.350,-0.42,-40.68,-44.879997
35.390,0.0,-40.68,-45.0
35.411,0.17999999,-40.68,-44.1
35.450,0.06,-40.5,-44.28
35.492,-1.1999999,-41.52,-44.76
35.510,-0.65999997,-40.98,-44.34
35.551,-0.12,-41.399998,-44.399998
35.589,-0.71999997,-41.34,-44.82
35.611,-0.59999996,-41.16,-44.94
35.651,-0.53999996,-41.219997,-45.0
35.691,-0.12,-41.7,-44.579998
35.712,0.35999998,-42.059998,-44.399998
35.750,0.48,-41.64,-44.04
35.791,0.17999999,-41.579998,-44.04
35.811,0.42,-41.82,-44.16
35.852,-0.59999996,-42.18,-44.399998
35.889,-1.14,-41.399998,-44.219997
35.910,-0.48,-40.98,-44.399998
35.949,-0.12,-41.04,-44.64
35.990,-0.17999999,-41.04,-45.059998
36.010,-0.12,-40.92,-45.12
36.051,-0.17999999,-40.8,-44.94
36.091,0.17999999,-41.579998,-44.94
36.111,0.48,-41.64,-44.82
36.152,-0.17999999,-41.04,-44.579998
36.191,-0.42,-41.16,-44.7
36.212,-0.78,-41.52,-44.879997
36.251,-0.24,-41.219997,-44.82
36.290,-0.35999998,-41.399998,-44.46
36.332,-0.42,-41.34,-44.82
36.352,-0.24,-41.28,-45.18
36.391,1.0799999,-41.399998,-44.879997
36.432,0.65999997,-41.94,-44.76
36.452,0.29999998,-41.94,-44.64
36.491,-0.12,-41.16,-44.34
36.516,-0.12,-41.399998,-44.52
36.551,-0.12,-41.04,-44.7
36.592,-0.17999999,-40.739998,-44.76
36.631,-1.0799999,-40.92,-44.879997
36.652,-1.1999999,-41.1,-45.0
36.692,-0.9,-41.34,-44.399998
36.732,-0.24,-41.1,-44.399998
36.752,0.12,-40.92,-44.82
36.792,0.06,-40.98,-45.0
36.832,-0.71999997,-41.399998,-44.34
36.856,-0.53999996,-41.76,-44.1
36.892,0.0,-41.34,-44.879997
36.931,-0.48,-41.28,-44.7
36.951,-0.59999996,-41.76,-44.7
36.991,-0.71999997,-42.18,-45.239998
37.031,-0.53999996,-41.579998,-45.239998
37.052,-0.29999998,-41.16,-45.239998
37.093,0.24,-40.559998,-45.48
37.132,0.42,-40.26,-45.66
37.154,0.12,-40.62,-45.239998
37.190,-0.42,-40.86,-44.219997
37.231,-0.84,-41.16,-44.28
37.271,-0.35999998,-40.98,-44.94
37.291,0.0,-40.559998,-44.76
37.331,-0.29999998,-41.34,-44.28
37.372,-0.12,-41.879997,-44.52
37.391,-0.12,-41.579998,-44.82
37.432,0.24,-41.64,-45.12
37.472,0.78,-41.7,-44.879997
37.492,0.59999996,-41.1,-45.36
37.532,-0.35999998,-41.579998,-45.239998
37.571,-0.96,-41.64,-44.64
37.594,-0.53999996,-41.34,-44.52
37.631,0.17999999,-40.8,-45.059998
37.675,0.06,-41.04,-45.66
37.693,-0.48,-41.219997,-45.6
37.733,-0.84,-41.28,-45.6
37.772,-0.96,-41.82,-44.94
37.792,-1.0799999,-41.7,-45.42
37.832,-0.9,-41.399998,-45.18
37.871,-0.65999997,-41.34,-45.36
37.912,-0.59999996,-41.28,-45.12
37.930,-0.65999997,-41.52,-45.059998
37.973,-0.42,-41.46,-44.399998
38.011,-0.84,-41.16,-44.219997
38.031,-0.59999996,-41.1,-43.86
38.071,-0.42,-41.399998,-44.04
38.111,-0.48,-41.399998,-43.62
38.132,-0.9,-41.76,-43.98
38.172,-0.59999996,-41.579998,-45.12
38.213,-0.48,-41.219997,-44.7
38.231,0.06,-41.64,-44.879997
38.271,0.12,-41.76,-44.76
38.312,0.24,-41.28,-44.76
38.331,0.0,-41.219997,-44.76
38.371,0.06,-41.82,-45.0
38.412,-0.12,-41.879997,-45.36
38.431,0.12,-41.879997,-44.76
38.471,-0.17999999,-40.86,-44.52
38.512,-0.24,-40.92,-43.98
38.531,-0.59999996,-40.92,-44.34
38.572,-0.65999997,-40.739998,-45.12
38.614,-0.29999998,-41.16,-44.94
38.631,-0.24,-41.1,-44.64
38.673,-0.29999998,-41.82,-44.579998
38.715,-0.29999998,-42.0,-44.879997
38.751,-0.42,-41.579998,-44.76
38.770,-0.35999998,-41.219997,-44.94
38.811,-0.29999998,-40.86,-45.239998
38.832,-0.24,-41.16,-45.059998
38.871,-0.65999997,-41.34,-44.82
38.913,-0.53999996,-41.399998,-44.52
38.953,-0.53999996,-41.34,-44.579998
38.973,-0.84,-41.34,-44.82
39.013,-0.53999996,-41.64,-44.879997
39.052,0.17999999,-42.3,-44.64
39.072,-0.12,-42.059998,-44.7
39.112,-0.42,-41.76,-44.879997
39.152,-0.12,-41.579998,-44.579998
39.172,-0.06,-41.7,-44.34
39.212,0.24,-41.399998,-44.34
39.251,0.9,-41.399998,-44.399998
39.271,0.71999997,-41.52,-44.28
39.313,-0.12,-41.94,-44.7
39.351,-0.71999997,-42.12,-45.12
39.373,-0.42,-42.42,-45.239998
39.412,-0.48,-42.059998,-45.48
39.452,-0.59999996,-41.1,-45.36
39.471,-0.42,-40.86,-44.879997
39.511,0.17999999,-40.86,-44.399998
39.551,-0.78,-41.1,-44.04
39.572,-0.9,-41.16,-44.34
39.613,-0.59999996,-41.219997,-44.52
39.652,-0.24,-41.94,-44.399998
39.691,0.0,-41.94,-44.64
39.711,0.06,-42.36,-44.879997
39.751,0.42,-41.46,-44.76
39.791,0.06,-41.76,-44.7
39.813,0.48,-41.76,-44.399998
39.860,1.0799999,-40.62,-44.1
39.891,1.0799999,-40.14,-43.8
39.913,0.35999998,-40.44,-44.28
39.952,-0.65999997,-41.7,-45.12
39.992,-0.59999996,-41.94,-45.6
40.011,-0.42,-41.76,-45.3
40.052,-0.12,-40.98,-44.94
40.091,-0.29999998,-40.62,-44.94
40.112,-0.78,-40.92,-44.94
40.151,-0.78,-40.92,-45.42
40.191,-0.53999996,-41.7,-44.94
40.211,-0.59999996,-41.64,-44.82
40.252,-0.71999997,-41.579998,-44.579998
40.292,-0.78,-41.16,-44.52
40.311,-0.59999996,-41.34,-44.34
40.352,-0.35999998,-41.76,-44.879997
40.391,0.42,-41.04,-45.42
40.412,0.24,-41.219997,-45.059998
40.452,0.17999999,-41.94,-45.18
40.492,-0.17999999,-42.42,-44.46
40.531,0.35999998,-41.34,-44.52
40.551,-0.12,-41.219997,-44.52
40.591,-0.42,-41.94,-44.82
40.631,0.29999998,-41.34,-45.3
40.652,0.42,-41.399998,-44.76
40.692,0.53999996,-41.94,-44.64
40.732,0.53999996,-41.399998,-44.82
40.752,0.29999998,-42.12,-45.239998
40.791,0.35999998,-41.879997,-44.76
40.836,0.17999999,-41.399998,-44.7
40.852,-0.12,-41.7,-45.059998
40.890,-0.29999998,-42.0,-45.18
40.930,-0.59999996,-41.82,-44.28
40.951,-0.65999997,-41.34,-43.98
40.991,-0.35999998,-41.1,-44.579998
41.032,-0.48,-40.68,-44.399998
41.051,-0.65999997,-41.34,-44.04
41.091,-0.53999996,-41.94,-44.219997
41.132,-1.02,-41.04,-44.7
41.151,-1.1999999,-41.1,-45.059998
41.191,-1.0799999,-40.86,-44.82
41.231,-0.17999999,-41.16,-43.44
41.252,-0.17999999,-41.04,-43.32
41.291,-0.24,-41.28,-44.219997
41.331,0.12,-41.219997,-44.82
41.375,-0.06,-41.34,-45.0
41.392,-0.06,-41.16,-44.94
41.431,-0.29999998,-41.28,-44.1
41.473,-0.9,-41.16,-44.82
41.492,-0.9,-41.1,-44.879997
41.531,-0.65999997,-41.52,-45.0
41.572,-0.29999998,-41.579998,-44.94
41.592,0.0,-41.28,-44.879997
41.632,0.9,-41.46,-44.94
41.671,0.96,-41.52,-45.0
41.691,0.59999996,-41.52,-44.219997
41.731,0.06,-41.399998,-44.94
41.771,0.0,-41.82,-45.18
41.791,-0.65999997,-41.82,-45.12
41.832,-0.84,-41.28,-45.42
41.870,0.06,-40.68,-45.18
41.892,0.35999998,-40.379997,-45.42
41.931,-0.17999999,-40.62,-45.0
41.971,0.06,-41.94,-44.34
41.996,-0.06,-41.46,-44.16
42.032,0.12,-41.399998,-44.16
42.071,-0.42,-41.579998,-43.86
42.092,-0.24,-41.579998,-43.8
42.131,-0.12,-40.92,-44.46
42.171,-0.48,-40.739998,-44.7
42.192,-0.17999999,-41.04,-44.82
42.232,-0.06,-41.579998,-45.12
42.272,0.06,-41.76,-44.52
42.311,-0.35999998,-42.0,-44.04
42.331,-0.17999999,-41.82,-44.28
42.371,0.17999999,-40.86,-43.98
42.394,0.65999997,-40.559998,-44.34
42.432,0.0,-41.64,-44.1
42.472,-0.06,-41.94,-44.28
42.513,0.06,-41.34,-45.48
42.532,0.17999999,-41.1,-45.539997
42.573,-0.24,-42.36,-44.579998
42.611,-0.59999996,-42.0,-44.46
42.632,-0.84,-41.879997,-44.879997
42.671,-0.65999997,-40.92,-45.239998
42.712,-0.59999996,-40.8,-44.879997
42.731,-0.42,-41.52,-45.3
42.771,-0.29999998,-41.1,-44.579998
42.813,-0.48,-41.04,-44.76
42.831,-0.12,-40.92,-45.239998
42.871,-0.42,-40.739998,-44.76
42.911,-0.84,-41.1,-44.82
42.952,-0.53999996,-41.28,-45.36
42.972,-0.29999998,-41.1,-44.76
43.013,0.48,-40.68,-44.1
43.033,0.84,-40.92,-43.739998
43.073,0.24,-41.28,-44.28
43.112,0.42,-41.16,-44.52
43.133,-0.24,-41.219997,-44.82
43.171,-0.42,-41.46,-44.64
43.211,-0.35999998,-41.28,-44.82
43.251,-0.24,-40.98,-44.579998
43.271,0.24,-40.68,-45.059998
43.311,-0.06,-41.1,-44.219997
43.351,0.12,-41.219997,-44.16
43.371,0.42,-40.92,-44.399998
43.411,0.0,-41.34,-44.579998
43.451,-0.24,-41.82,-44.52
43.472,-0.29999998,-41.7,-44.399998
43.511,-0.12,-41.219997,-44.64
43.551,-0.06,-40.739998,-44.76
43.573,0.17999999,-41.46,-44.579998
43.612,-0.29999998,-41.76,-44.64
43.652,0.24,-41.7,-45.18
43.671,0.17999999,-41.64,-45.3
43.713,-0.17999999,-41.46,-45.48
43.752,-0.17999999,-41.46,-44.52
43.772,0.42,-41.34,-44.1
43.811,0.42,-41.16,-44.579998
43.841,0.48,-40.92,-44.94
43.873,-0.06,-40.8,-45.719997
43.911,-0.53999996,-41.7,-45.12
43.951,-0.84,-41.1,-44.04
43.990,-0.35999998,-40.559998,-44.82
44.011,-0.35999998,-41.34,-44.879997
44.051,-0.48,-41.64,-44.1
44.092,-0.48,-41.16,-44.16
44.112,-0.12,-41.399998,-44.399998
44.151,-0.65999997,-41.7,-44.94
44.191,-0.78,-41.76,-44.64
44.213,-0.17999999,-41.579998,-44.879997
44.252,-0.42,-41.16,-44.219997
44.291,-0.24,-41.94,-44.04
44.311,-0.29999998,-41.82,-43.98
44.352,-0.59999996,-41.219997,-44.7
44.391,0.17999999,-41.52,-45.539997
44.411,0.42,-41.64,-45.6
44.451,0.17999999,-41.34,-44.34
44.492,0.17999999,-41.46,-44.34
44.511,0.48,-41.579998,-44.64
44.551,0.42,-41.76,-45.0
44.591,-0.24,-41.28,-45.3
44.612,-0.35999998,-41.28,-44.94
44.651,0.17999999,-41.219997,-44.399998
44.691,0.24,-41.219997,-44.46
44.732,-0.71999997,-40.98,-44.94
44.752,-0.59999996,-40.86,-45.12
44.792,0.17999999,-40.8,-45.3
44.815,0.84,-40.86,-44.879997
44.856,0.78,-40.5,-44.28
44.890,0.24,-41.82,-44.16
44.931,0.29999998,-42.12,-44.1
44.951,-0.06,-41.46,-44.64
44.993,0.06,-41.46,-45.12
45.031,-0.35999998,-41.52,-44.04
45.051,-0.17999999,-41.16,-44.28
45.092,0.17999999,-40.739998,-44.28
45.132,0.0,-40.26,-44.219997
45.152,-0.12,-40.8,-44.7
45.191,0.24,-41.16,-45.3
45.231,-0.35999998,-41.76,-44.46
45.252,-0.12,-42.0,-44.76
45.291,-0.17999999,-41.579998,-44.76
45.333,-0.9,-40.86,-44.1
45.352,-0.96,-40.68,-44.579998
45.392,-0.29999998,-40.739998,-45.36
45.431,-0.12,-41.7,-45.12
45.452,-0.17999999,-41.879997,-44.76
45.493,0.12,-41.94,-44.52
45.531,0.17999999,-41.52,-44.579998
45.571,-0.06,-41.399998,-44.219997
45.592,0.48,-41.28,-44.52
45.631,0.24,-41.399998,-44.16
45.671,0.29999998,-41.34,-44.46
45.692,-0.06,-40.92,-44.82
45.731,-0.17999999,-41.04,-44.04
45.771,-0.59999996,-41.04,-43.739998
45.792,-0.53999996,-41.04,-43.8
45.832,-0.59999996,-41.76,-44.16
45.871,-0.42,-41.76,-44.28
45.891,-0.29999998,-41.7,-44.46
45.931,-0.53999996,-41.7,-43.92
45.972,-0.48,-41.399998,-43.62
45.991,-0.17999999,-41.7,-44.04
46.030,0.06,-41.16,-43.98
46.070,-0.12,-41.1,-44.16
46.091,-0.29999998,-41.1,-44.16
46.132,-0.53999996,-41.52,-44.16
46.172,0.29999998,-41.579998,-44.04
46.191,0.59999996,-41.399998,-44.16
46.232,0.53999996,-41.28,-44.28
46.271,-0.06,-41.46,-44.399998
46.313,0.53999996,-41.46,-44.82
46.332,0.59999996,-40.98,-44.82
46.371,0.48,-40.739998,-44.94
46.414,-0.17999999,-41.7,-44.34
46.433,-0.29999998,-42.059998,-44.46
46.471,-0.12,-41.64,-43.86
46.511,0.24,-41.1,-44.1
46.533,0.24,-41.1,-44.16
46.571,0.0,-41.46,-43.079998
46.611,-0.17999999,-41.219997,-43.559998
46.631,-0.48,-41.219997,-43.559998
46.671,-0.17999999,-40.98,-44.1
46.712,-0.17999999,-41.04,-44.46
46.734,-0.29999998,-41.219997,-44.82
46.773,-0.17999999,-41.16,-44.76
46.811,-0.48,-40.92,-44.94
46.833,-0.42,-40.98,-45.42
46.871,-0.06,-41.64,-45.42
46.911,0.42,-41.879997,-44.16
46.934,0.29999998,-41.399998,-43.98
46.973,0.06,-41.16,-44.879997
47.012,-0.48,-41.34,-45.059998
47.033,-0.35999998,-42.12,-45.3
47.072,-0.35999998,-41.879997,-45.719997
47.111,-0.9,-41.399998,-44.64
47.132,-1.02,-41.52,-44.28
47.171,-1.14,-41.82,-44.16
47.211,-0.9,-41.7,-44.579998
47.252,-0.17999999,-41.34,-44.399998
47.271,-0.29999998,-41.04,-44.52
47.312,-0.42,-41.52,-44.34
47.351,-0.06,-41.16,-44.76
47.371,0.24,-41.219997,-44.76
47.412,-0.35999998,-41.1,-44.46
47.451,0.48,-41.28,-44.7
47.471,1.02,-41.1,-45.18
47.512,1.14,-41.04,-45.36
47.553,-0.24,-40.8,-45.059998
47.571,-0.48,-41.04,-45.0
47.612,-0.06,-41.28,-44.879997
47.656,0.35999998,-41.28,-44.82
47.673,-0.12,-41.1,-44.64
47.712,-0.12,-41.579998,-44.34
47.751,-0.24,-41.52,-43.68
47.773,-0.48,-41.16,-43.8
47.811,-0.35999998,-40.68,-44.399998
47.852,-0.53999996,-40.68,-43.86
47.891,-0.78,-40.86,-43.98
47.912,-0.84,-40.32,-44.879997
47.953,-0.06,-40.62,-45.12
47.973,-0.06,-40.86,-45.66
48.012,0.42,-40.26,-45.66
48.053,-0.53999996,-40.8,-45.18
48.072,-0.48,-41.399998,-45.0
48.112,-0.84,-41.399998,-44.94
48.153,-0.35999998,-41.34,-45.48
48.193,0.42,-41.76,-45.719997
48.213,-0.12,-41.76,-45.3
48.253,-0.06,-42.059998,-44.64
48.274,-0.59999996,-41.399998,-44.16
48.312,-0.53999996,-41.16,-44.34
48.352,-0.17999999,-40.92,-45.0
48.393,-0.06,-41.579998,-44.879997
48.412,-0.17999999,-41.7,-44.399998
48.453,0.42,-41.219997,-43.86
48.492,0.78,-41.16,-43.68
48.512,0.9,-41.04,-43.98
48.553,0.0,-40.98,-44.399998
48.593,-1.02,-41.52,-44.04
48.612,-0.59999996,-41.879997,-44.04
48.652,-0.42,-41.64,-44.579998
48.693,0.59999996,-40.68,-44.82
48.713,0.12,-41.04,-44.76
48.755,-0.78,-40.739998,-45.059998
48.797,-0.71999997,-41.579998,-44.879997
48.812,-0.06,-42.0,-44.94
48.852,0.06,-42.059998,-44.52
48.892,-0.53999996,-42.0,-44.1
48.912,-0.29999998,-42.059998,-43.559998
48.952,-0.29999998,-41.16,-43.5
48.993,-0.9,-40.92,-44.16
49.031,-0.9,-40.98,-44.16
49.052,-0.96,-41.219997,-44.76
49.093,-0.59999996,-42.0,-45.3
49.132,-0.12,-41.399998,-44.82
49.152,-0.12,-41.16,-44.94
49.195,0.24,-41.28,-44.76
49.233,-0.17999999,-41.82,-44.34
49.252,-0.42,-41.399998,-44.64
49.294,-0.78,-42.0,-45.78
49.332,0.24,-42.18,-45.48
49.353,0.53999996,-42.059998,-45.0
49.393,0.17999999,-41.52,-44.1
49.434,-0.35999998,-41.82,-43.739998
49.454,-0.24,-42.18,-44.04
49.493,-0.9,-41.52,-44.7
49.534,-0.9,-41.76,-44.34
49.553,-0.53999996,-42.0,-44.579998
49.594,-0.42,-41.7,-44.46
49.633,-0.48,-41.219997,-45.0
49.654,-0.78,-40.86,-45.12
49.692,0.29999998,-41.579998,-44.76
49.732,0.12,-42.12,-45.36
49.752,0.29999998,-41.82,-45.719997
49.792,0.35999998,-41.579998,-44.879997
49.834,0.17999999,-40.98,-44.46
49.854,0.24,-41.04,-44.82
49.893,0.29999998,-41.52,-44.46
49.933,-0.29999998,-41.76,-44.34
49.974,-0.48,-41.7,-45.12
49.993,-0.17999999,-41.64,-45.12
50.035,-0.06,-41.7,-44.82
50.073,0.24,-41.28,-44.52
50.093,-0.35999998,-41.04,-44.7
50.133,-0.59999996,-41.219997,-44.879997
50.173,0.29999998,-41.34,-44.52
50.194,-0.06,-41.579998,-44.579998
50.234,-0.24,-40.8,-44.16
50.273,-0.24,-40.68,-44.399998
50.294,-0.53999996,-40.62,-44.76
50.334,-0.17999999,-41.16,-44.16
50.374,0.84,-41.34,-43.8
50.395,0.71999997,-41.04,-44.1
50.433,0.71999997,-40.92,-45.059998
50.473,0.35999998,-41.219997,-45.3
50.494,0.06,-41.34,-45.0
50.536,0.06,-40.739998,-45.18
50.578,0.06,-40.739998,-45.6
50.598,0.06,-40.8,-45.059998
50.637,-0.24,-41.1,-43.379997
50.674,-0.65999997,-41.34,-43.8
50.712,-0.24,-40.68,-44.52
50.733,-0.17999999,-40.739998,-43.559998
50.773,-0.29999998,-40.98,-44.399998
50.813,-0.06,-41.34,-44.7
50.834,0.24,-41.399998,-44.399998
50.875,-0.17999999,-40.8,-44.7
50.913,-0.24,-41.399998,-44.1
50.933,-0.12,-41.64,-43.739998
50.973,0.29999998,-41.52,-43.739998
51.013,0.84,-40.68,-43.86
51.034,1.14,-40.559998,-44.28
51.073,0.48,-41.46,-44.04
51.114,0.24,-41.1,-44.219997
51.136,0.42,-41.7,-44.52
51.173,0.06,-41.7,-44.76
51.216,-0.06,-40.98,-43.68
51.236,0.24,-41.1,-43.62
51.274,0.17999999,-40.739998,-44.399998
51.315,-0.17999999,-41.04,-45.48
51.335,0.17999999,-41.219997,-44.82
51.372,0.42,-41.879997,-44.399998
51.416,0.35999998,-41.34,-43.92
51.433,0.12,-41.579998,-44.28
51.474,-0.42,-41.7,-45.6
51.514,-0.06,-41.16,-45.719997
51.534,0.17999999,-40.92,-45.42
51.574,0.17999999,-40.86,-44.94
51.613,0.17999999,-40.68,-44.28
51.634,0.06,-40.86,-44.7
51.677,0.59999996,-41.1,-44.879997
51.713,-0.06,-41.04,-45.0
51.754,-0.84,-41.219997,-44.76
51.773,-0.78,-41.64,-45.18
51.815,-0.29999998,-40.92,-44.399998
51.837,0.0,-40.62,-44.52
51.873,0.17999999,-40.739998,-44.28
51.912,0.53999996,-41.399998,-44.34
51.955,0.12,-41.52,-45.059998
51.974,-0.48,-41.94,-44.82
52.014,-1.3199999,-42.18,-44.28
52.053,-0.9,-41.52,-44.1
52.074,-1.02,-41.579998,-44.1
52.113,0.0,-41.579998,-44.1
52.154,0.53999996,-41.1,-44.82
52.174,0.48,-41.1,-45.18
52.213,0.9,-40.8,-45.18
52.253,0.29999998,-40.62,-45.3
52.275,-0.42,-40.98,-45.239998
52.313,-0.59999996,-41.82,-44.879997
52.354,0.17999999,-41.7,-45.059998
52.375,0.29999998,-40.86,-44.76
52.413,0.71999997,-39.96,-44.579998
52.453,0.12,-40.44,-45.239998
52.493,0.59999996,-41.399998,-45.3
52.513,0.29999998,-41.34,-44.52
52.553,-0.06,-41.579998,-44.399998
52.575,-0.9,-41.16,-44.7
52.613,-0.71999997,-41.1,-44.82
52.654,-0.24,-41.1,-43.98
52.695,0.0,-40.8,-44.28
52.715,-0.06,-40.379997,-44.219997
52.754,-0.35999998,-40.44,-44.7
52.793,-0.48,-41.1,-44.579998
52.812,-0.59999996,-41.1,-44.579998
52.853,-0.48,-41.16,-45.0
52.893,-0.78,-41.46,-44.7
52.913,-0.9,-41.46,-44.04
52.953,0.17999999,-41.16,-44.28
52.994,0.24,-41.399998,-44.46
53.013,0.78,-41.64,-44.64
53.053,0.42,-41.28,-44.46
53.094,0.06,-41.579998,-44.579998
53.114,-0.29999998,-42.0,-44.7
53.154,0.17999999,-41.52,-44.52
53.194,0.06,-40.739998,-44.52
53.213,-0.12,-40.739998,-45.059998
53.253,-0.06,-40.8,-45.239998
53.293,0.35999998,-40.92,-44.64
53.315,0.71999997,-40.92,-44.46
53.355,0.48,-40.86,-44.1
53.393,0.42,-41.16,-44.46
53.433,0.35999998,-40.739998,-45.0
53.454,0.0,-40.32,-45.0
53.493,0.59999996,-41.46,-44.7
53.533,0.06,-42.239998,-44.16
53.554,-0.48,-41.76,-44.399998
53.593,-0.42,-41.52,-44.82
53.633,-0.35999998,-41.76,-44.94
53.653,-0.06,-41.52,-45.239998
53.693,0.24,-41.28,-45.0
53.734,0.35999998,-41.879997,-44.76
53.755,0.12,-41.64,-45.48
53.795,1.1999999,-41.1,-44.94
53.839,0.9,-40.86,-44.7
53.854,0.59999996,-41.34,-44.879997
53.892,0.12,-41.28,-45.0
53.934,-0.53999996,-40.739998,-45.0
53.956,-0.48,-40.739998,-44.579998
53.993,-0.48,-41.64,-44.7
54.034,-0.12,-41.34,-44.579998
54.053,-0.35999998,-41.16,-44.64
54.093,-0.24,-41.1,-45.36
54.134,-0.48,-41.1,-45.059998
54.154,-1.0799999,-41.16,-44.82
54.193,-0.12,-41.1,-44.219997
54.234,0.48,-40.92,-44.46
54.274,0.0,-40.44,-44.879997
54.293,0.78,-40.44,-44.94
54.334,-0.29999998,-41.1,-44.64
54.373,-1.02,-41.579998,-44.7
54.393,-0.48,-41.46,-44.76
54.435,-0.24,-41.52,-44.04
54.473,-0.06,-41.52,-44.52
54.493,-0.48,-41.52,-45.059998
54.534,-0.65999997,-41.579998,-44.879997
54.573,-0.53999996,-41.94,-44.64
54.593,-0.53999996,-41.82,-44.82
54.636,-0.12,-41.28,-45.6
54.674,-0.17999999,-41.219997,-45.48
54.694,0.06,-41.04,-45.66
54.733,-0.35999998,-41.219997,-44.94
54.774,-0.29999998,-41.64,-44.28
54.795,-0.42,-41.579998,-44.579998
54.840,-0.24,-41.16,-44.64
54.873,0.42,-41.04,-44.399998
54.893,0.42,-41.04,-44.16
54.934,0.48,-41.46,-44.34
54.974,-0.35999998,-41.399998,-44.879997
55.013,-0.78,-40.86,-44.879997
55.035,-0.53999996,-40.98,-45.0
55.074,0.0,-41.879997,-44.399998
55.115,-0.17999999,-41.7,-44.04
55.137,0.0,-41.46,-43.98
55.175,0.35999998,-41.219997,-44.879997
55.214,0.06,-40.68,-44.579998
55.235,0.06,-40.68,-44.46
55.275,-0.35999998,-41.64,-45.36
55.296,-0.71999997,-42.3,-45.3
55.334,-0.53999996,-41.94,-45.239998
55.375,-0.06,-41.1,-44.879997
55.414,-0.06,-40.86,-44.219997
55.433,0.24,-40.98,-44.46
55.474,-0.29999998,-41.04,-44.34
55.514,-0.17999999,-41.1,-43.98
55.534,-0.06,-40.86,-44.34
55.573,0.06,-40.86,-44.7
55.613,0.96,-40.5,-44.879997
55.633,0.9,-40.98,-44.64
55.676,0.17999999,-41.46,-44.399998
55.717,-0.06,-41.16,-43.86
55.753,0.12,-41.28,-43.98
55.774,0.17999999,-41.1,-43.98
55.814,0.0,-41.399998,-44.879997
55.834,0.12,-41.34,-44.94
55.872,0.12,-41.399998,-44.52
55.913,-0.53999996,-41.7,-44.28
55.954,-0.59999996,-41.399998,-44.879997
55.974,-0.48,-41.1,-45.239998
56.013,0.24,-41.34,-44.879997
56.054,0.0,-41.399998,-44.94
56.074,-0.24,-41.28,-45.48
56.113,-0.12,-41.1,-44.579998
56.153,0.17999999,-41.16,-44.399998
56.173,0.29999998,-41.04,-44.52
56.213,0.48,-41.1,-45.059998
56.254,-0.17999999,-41.82,-44.46
56.275,-0.53999996,-41.94,-43.86
56.313,-0.53999996,-42.059998,-44.76
56.353,0.24,-41.76,-45.18
56.374,1.02,-41.28,-45.42
56.413,0.12,-40.98,-44.34
56.453,-0.12,-40.92,-44.579998
56.473,0.06,-41.04,-44.46
56.513,-0.17999999,-41.28,-44.16
56.554,-0.48,-41.64,-44.16
56.573,-0.84,-41.28,-44.34
56.614,-0.29999998,-41.399998,-44.94
56.653,0.17999999,-41.64,-44.64
56.674,0.24,-41.399998,-44.94
56.713,-0.24,-41.94,-45.42
56.753,-0.17999999,-42.239998,-44.94
56.794,-0.29999998,-41.7,-45.18
56.813,-0.06,-41.04,-44.94
56.859,0.12,-41.28,-44.16
56.876,0.29999998,-41.64,-43.8
56.913,0.0,-41.76,-44.28
56.954,-0.42,-41.28,-43.68
56.994,-0.12,-41.46,-44.04
57.013,-0.17999999,-41.399998,-44.52
57.055,0.17999999,-40.079998,-44.94
57.093,0.35999998,-40.44,-44.82
57.114,0.65999997,-40.739998,-44.46
57.155,-0.78,-41.579998,-44.04
57.193,-0.48,-42.0,-43.379997
57.214,-0.24,-41.46,-43.68
57.255,-0.06,-41.1,-44.399998
57.297,0.06,-41.219997,-44.52
57.315,-0.06,-41.34,-44.1
57.353,0.0,-41.46,-44.399998
57.393,-0.35999998,-41.46,-44.94
57.413,-1.0799999,-41.76,-44.7
57.453,-1.74,-42.18,-44.28
57.493,-1.1999999,-41.82,-44.82
57.533,-0.53999996,-41.46,-44.82
57.553,-0.59999996,-41.219997,-44.34
57.593,-0.29999998,-41.16,-44.04
57.633,0.59999996,-40.739998,-43.98
57.653,0.24,-40.86,-43.86
57.693,-0.59999996,-40.92,-44.34
57.734,-0.29999998,-41.399998,-44.52
57.755,-0.06,-41.399998,-44.76
57.793,0.17999999,-41.28,-44.64
57.816,0.35999998,-41.82,-45.059998
57.854,-0.24,-41.46,-44.82
57.893,-0.48,-40.5,-44.82
57.934,0.17999999,-40.98,-45.12
57.953,0.0,-41.7,-45.059998
57.993,0.59999996,-41.46,-44.64
58.033,0.35999998,-41.219997,-44.04
58.053,0.17999999,-41.579998,-43.86
58.093,-0.35999998,-41.879997,-44.399998
58.136,-0.53999996,-41.76,-45.059998
58.153,-0.78,-41.879997,-44.52
58.193,-0.53999996,-41.28,-44.76
58.235,-0.17999999,-41.52,-45.239998
58.255,-0.06,-41.1,-44.76
58.294,0.0,-40.86,-43.739998
58.334,0.24,-41.399998,-43.68
58.354,-0.06,-41.46,-43.86
58.393,0.59999996,-40.8,-44.7
58.434,0.06,-40.2,-45.12
58.474,-0.42,-40.98,-44.94
58.493,-0.59999996,-40.92,-44.82
58.535,-0.29999998,-41.28,-45.0
58.574,0.12,-41.399998,-44.7
58.594,0.29999998,-41.16,-44.219997
58.633,0.24,-41.46,-43.98
58.673,0.24,-42.42,-44.7
58.693,0.53999996,-42.12,-45.12
58.733,-0.12,-41.82,-44.94
58.774,-0.29999998,-41.7,-44.7
58.793,-0.06,-41.64,-44.64
58.833,0.29999998,-41.579998,-44.04
58.880,0.84,-40.98,-43.98
58.894,1.1999999,-40.98,-43.92
58.932,-0.06,-41.34,-44.219997
58.973,-1.02,-41.579998,-44.7
58.992,-0.71999997,-41.399998,-44.94
59.032,-0.24,-41.16,-44.64
59.075,-0.17999999,-42.059998,-44.52
59.093,-0.65999997,-42.12,-44.52
59.133,-0.65999997,-41.7,-44.7
59.174,0.71999997,-41.82,-44.82
59.194,1.0799999,-41.34,-44.94
59.234,0.53999996,-40.92,-45.3
59.274,-0.12,-40.98,-45.12
59.316,-0.84,-41.64,-44.04
59.334,-0.65999997,-41.46,-44.1
59.377,-0.12,-40.92,-44.52
59.414,0.17999999,-41.219997,-44.28
59.435,0.42,-41.04,-44.52
59.473,0.96,-41.28,-44.219997
59.514,0.17999999,-41.34,-44.399998
59.535,-0.12,-41.46,-44.399998
59.575,-0.06,-41.34,-44.28
59.615,0.24,-41.879997,-43.98
59.634,-0.06,-41.82,-44.1
59.675,0.48,-41.76,-44.52
59.713,0.71999997,-40.92,-44.82
59.734,0.65999997,-41.219997,-44.64
59.775,0.12,-41.64,-44.52
59.814,0.06,-41.28,-44.64
59.833,0.17999999,-40.62,-44.82
59.880,-0.35999998,-41.1,-44.94
59.915,0.24,-41.46,-44.34
59.934,0.17999999,-41.28,-44.04
59.973,-1.14,-40.8,-44.1
