timestamp,x,y,z
00.007,1.0223553,0.12210801,9.708784
00.027,1.0582695,0.13886794,9.768641
00.054,1.0606637,0.14844504,9.785401
00.087,1.0175668,0.13168511,9.73991
00.129,1.0941836,0.102953814,9.699207
00.154,1.1037607,0.10774237,9.725544
00.189,1.0846065,0.12450229,9.737515
00.227,1.0271438,0.13886794,9.656111
00.255,1.010384,0.15562786,9.651321
00.294,1.036721,0.13647367,9.696813
00.327,1.0750294,0.14844504,9.737515
00.368,1.0391153,0.15562786,9.711179
00.394,1.0247496,0.11971374,9.701602
00.430,1.036721,0.12210801,9.7135725
00.456,1.1157321,0.15562786,9.818921
00.494,1.1109436,0.15323359,9.730332
00.527,1.0319325,0.16281068,9.63935
00.566,1.0343267,0.14605077,9.603436
00.594,1.0534809,0.16520496,9.601042
00.627,1.0510867,0.14126222,9.677659
00.669,1.063058,0.17238778,9.766247
00.694,1.0798179,0.16520496,9.794978
00.727,1.0606637,0.15083931,9.749487
00.767,1.0439038,0.11492519,9.692024
00.794,1.0271438,0.11971374,9.747093
00.832,1.0055954,0.13647367,9.737515
00.868,1.0534809,0.14605077,9.651321
00.894,1.0247496,0.15083931,9.718362
00.935,1.1181264,0.16281068,9.629773
00.967,1.1109436,0.17238778,9.6896305
01.007,1.1109436,0.14126222,9.675264
01.033,1.0510867,0.117319465,9.73991
01.067,1.0319325,0.12689656,9.754275
01.107,1.0534809,0.14365649,9.718362
01.128,1.0726352,0.14605077,9.6896305
01.169,1.0271438,0.11253092,9.711179
01.207,1.0870007,0.13168511,9.70639
01.234,1.1061549,0.12689656,9.735122
01.268,1.132492,0.12450229,9.672871
01.307,1.0032011,0.14365649,9.692024
01.335,0.9601042,0.15562786,9.682447
01.367,1.0055954,0.16281068,9.727939
01.407,1.1229149,0.11492519,9.768641
01.435,1.1564348,0.083799616,9.708784
01.467,1.1396748,0.13647367,9.6896305
01.509,1.0462981,0.13168511,9.6896305
01.534,1.0127783,0.14844504,9.701602
01.567,1.0223553,0.14126222,9.692024
01.606,1.0462981,0.11013664,9.699207
01.633,1.0606637,0.117319465,9.684841
01.668,1.0558752,0.13647367,9.608225
01.707,1.0846065,0.098165266,9.804555
01.735,1.0870007,0.11253092,9.7135725
01.768,1.1253091,0.08140534,9.754275
01.808,1.0941836,0.07422252,9.730332
01.834,1.0870007,0.08140534,9.663293
01.868,1.0462981,0.1340794,9.651321
01.907,1.0199611,0.14126222,9.668081
01.947,1.0127783,0.098165266,9.715967
01.974,1.0798179,0.083799616,9.730332
02.008,1.1253091,0.07901107,9.742304
02.050,1.1564348,0.090982445,9.684841
02.073,1.1564348,0.07422252,9.675264
02.107,1.1133378,0.052674048,9.694419
02.148,1.0055954,0.08619389,9.711179
02.174,0.9768641,0.102953814,9.72315
02.207,1.0343267,0.12210801,9.718362
02.247,1.0798179,0.10774237,9.672871
02.274,1.0582695,0.11971374,9.687236
02.307,1.089395,0.071828246,9.6896305
02.347,1.1109436,0.045491222,9.694419
02.375,1.1109436,0.06464542,9.778218
02.408,1.0941836,0.07422252,9.73991
02.447,1.0151725,0.117319465,9.708784
02.475,1.0032011,0.12210801,9.70639
02.508,1.0534809,0.12450229,9.634562
02.547,1.0989721,0.076616794,9.680053
02.573,1.1133378,0.06464542,9.727939
02.613,1.0989721,0.07901107,9.70639
02.647,1.089395,0.07901107,9.72315
02.674,1.0582695,0.090982445,9.711179
02.714,1.0199611,0.102953814,9.715967
02.748,1.0271438,0.11013664,9.708784
02.775,1.0534809,0.09337672,9.644139
02.814,0.9624985,0.071828246,9.61062
02.847,1.0582695,0.102953814,9.75667
02.894,1.1516461,0.07422252,9.73991
02.914,1.1109436,0.05506832,9.761458
02.948,1.0726352,0.0670397,9.715967
02.987,1.0582695,0.05985687,9.663293
03.013,1.0510867,0.05985687,9.665688
03.047,1.0606637,0.09337672,9.682447
03.087,1.0439038,0.083799616,9.703996
03.114,1.1037607,0.07422252,9.77343
03.147,1.0822122,0.06943397,9.771035
03.188,1.0079896,0.08140534,9.6896305
03.214,1.0271438,0.045491222,9.6585045
03.247,1.0486923,0.045491222,9.677659
03.287,1.0606637,0.071828246,9.780613
03.314,1.036721,0.08140534,9.737515
03.348,1.0319325,0.090982445,9.644139
03.387,1.0199611,0.06943397,9.670476
03.414,1.063058,0.08619389,9.672871
03.447,1.0941836,0.07422252,9.751882
03.488,1.0846065,0.076616794,9.670476
03.514,1.0223553,0.08140534,9.718362
03.554,1.0151725,0.047885496,9.687236
03.586,1.0774237,0.05985687,9.701602
03.626,1.063058,0.047885496,9.70639
03.654,1.0247496,0.06943397,9.72315
03.687,1.0343267,0.08619389,9.715967
03.728,1.0343267,0.071828246,9.696813
03.754,1.063058,0.06943397,9.694419
03.788,1.0606637,0.05985687,9.680053
03.826,1.0726352,0.035914123,9.708784
03.854,1.0462981,0.057462595,9.785401
03.887,1.0439038,0.06943397,9.718362
03.926,1.0582695,0.05985687,9.634562
03.954,1.0726352,0.035914123,9.6585045
03.986,1.1085492,0.03351985,9.73991
04.027,1.0654523,0.06943397,9.768641
04.054,1.036721,0.071828246,9.703996
04.088,1.0702409,0.057462595,9.70639
04.127,1.0702409,0.05027977,9.677659
04.154,1.0654523,0.03351985,9.656111
04.186,1.0199611,0.043096945,9.6896305
04.226,1.0151725,0.06943397,9.687236
04.254,1.0822122,0.0670397,9.687236
04.287,1.1013664,0.045491222,9.711179
04.328,1.0439038,0.052674048,9.737515
04.354,1.0606637,0.0670397,9.665688
04.389,1.0510867,0.05985687,9.668081
04.427,1.0654523,0.023942748,9.763853
04.468,1.0774237,0.035914123,9.759064
04.494,1.0774237,0.028731298,9.687236
04.526,1.0774237,0.052674048,9.646533
04.569,1.0534809,0.08858817,9.680053
04.593,1.0391153,0.047885496,9.72315
04.626,1.0606637,0.052674048,9.730332
04.667,1.0654523,0.04070267,9.699207
04.693,1.0917894,0.035914123,9.708784
04.727,1.1061549,0.021548472,9.708784
04.766,1.063058,0.0047885496,9.735122
04.794,1.0582695,0.05027977,9.694419
04.827,1.0582695,0.023942748,9.680053
04.867,1.1013664,0.035914123,9.696813
04.894,1.089395,0.021548472,9.763853
04.928,1.063058,0.043096945,9.708784
04.966,1.0247496,0.031125572,9.703996
04.993,1.0582695,0.038308397,9.703996
05.026,1.0582695,0.031125572,9.694419
05.067,1.0846065,0.021548472,9.70639
05.093,1.0822122,0.038308397,9.648928
05.133,1.0917894,0.035914123,9.668081
05.167,1.1420691,0.043096945,9.7135725
05.195,1.1420691,0.009577099,9.641745
05.236,1.0391153,0.021548472,9.718362
05.267,1.010384,0.06464542,9.708784
05.307,1.0702409,0.0,9.737515
05.329,1.1061549,-0.011971374,9.730332
05.366,1.1300977,0.0023942748,9.687236
05.407,1.1157321,-0.0047885496,9.744699
05.433,1.0558752,-0.0047885496,9.711179
05.468,1.0558752,0.026337024,9.699207
05.507,1.0127783,0.045491222,9.6896305
05.535,1.0175668,0.026337024,9.6585045
05.566,1.0774237,0.019154198,9.730332
05.605,1.132492,-0.009577099,9.766247
05.634,1.1492519,-0.03351985,9.737515
05.666,1.1300977,-0.0023942748,9.699207
05.707,1.0582695,0.035914123,9.63935
05.734,1.010384,0.05027977,9.6585045
05.767,1.0127783,0.047885496,9.6896305
05.808,1.0199611,0.045491222,9.751882
05.834,1.1037607,0.0023942748,9.79019
05.867,1.1181264,0.016759925,9.682447
05.906,1.1229149,0.016759925,9.63935
05.936,1.1396748,-0.011971374,9.660899
05.967,1.1181264,0.023942748,9.771035
06.008,1.0295382,0.047885496,9.699207
06.048,1.0008069,0.05027977,9.675264
06.068,1.0462981,0.04070267,9.668081
06.106,1.0989721,0.016759925,9.684841
06.146,1.1109436,0.021548472,9.725544
06.174,1.1181264,0.019154198,9.708784
06.206,1.0654523,0.028731298,9.72315
06.246,1.0415095,0.045491222,9.7135725
06.273,1.0271438,0.0023942748,9.749487
06.307,1.036721,0.045491222,9.73991
06.346,1.0247496,-0.038308397,9.751882
06.374,1.1300977,-0.08140534,9.7135725
06.407,1.1684061,-0.098165266,9.888355
06.447,0.9074302,0.009577099,9.8787775
06.473,0.9696813,0.117319465,9.675264
06.507,1.0271438,0.18435916,9.340066
06.550,1.089395,0.07901107,9.234718
06.572,1.0439038,-0.043096945,9.371192
06.606,0.9960183,-0.14126222,9.251478
06.646,0.93616146,-0.15083931,9.512454
06.674,0.9074302,-0.14605077,9.620196
06.707,0.7781393,-0.08619389,9.63935
06.746,0.98404694,-0.090982445,10.125388
06.774,0.8571504,0.08858817,9.912297
06.807,0.33519846,0.39505535,9.945818
06.847,-0.16759923,0.26097596,10.805362
06.874,-0.2083019,0.24900457,10.860431
06.908,-0.339987,0.76137936,10.556357
06.947,-0.7685622,0.8284191,11.408719
06.975,-0.6440599,0.87630457,11.8349
07.014,-0.32562137,1.1181264,10.891556
07.047,-0.409421,0.9768641,10.599455
07.088,0.062251143,1.7071179,11.2004175
07.113,0.34716985,2.248224,10.999298
07.146,0.71588814,1.9848539,11.142955
07.187,1.5467016,1.7717633,11.60505
07.213,1.4389591,1.7789462,9.091062
07.253,0.45251793,1.5778271,8.770228
07.286,0.62251145,1.3360053,6.423839
07.314,1.3838909,1.2306572,7.063111
07.347,1.7310607,0.93616146,8.166871
07.388,1.802889,0.6105401,7.9681463
07.413,2.4780743,0.45730647,9.246689
07.447,1.5897985,0.40223816,8.279403
07.487,3.067066,0.86193895,7.9777236
07.513,2.439766,0.21548474,6.840443
07.546,2.9425638,0.7685622,7.0343795
07.586,2.4852571,-0.03351985,8.937828
07.615,2.2793496,-0.3974496,9.440625
07.652,0.39266106,-2.4708917,10.065532
07.685,0.6656084,-2.569057,9.785401
07.725,0.11971374,-2.6121538,10.144543
07.749,-0.3304099,-2.7462332,11.047184
07.785,-0.9792584,-2.1716073,8.818114
07.826,-0.83081335,-0.8379962,8.8636055
07.853,-0.8475733,-0.5985687,7.170853
07.886,0.15562786,0.24421602,6.1269493
07.927,1.924997,2.2793496,5.487678
07.953,1.359948,-1.0486923,8.322499
07.988,0.68715686,-1.0439038,8.480521
08.028,-0.77574503,-1.462902,9.596253
08.054,-0.7709565,-1.4700848,9.804555
08.086,-1.1229149,-2.2601955,9.519637
08.126,-0.9194015,-2.1045675,8.547561
08.154,-0.7134939,-2.6983478,8.806143
08.186,0.19393626,-3.4908526,10.00328
08.227,-0.17238778,-0.94095,8.885154
08.253,-0.46927786,0.32083282,9.809344
08.287,-0.8739103,1.201926,5.0806513
08.326,-0.26337022,0.2657645,9.93624
08.354,-0.28970724,0.11971374,9.907509
08.388,0.071828246,-0.25379312,9.715967
08.427,-0.11971374,0.12929083,9.732727
08.454,0.009577099,0.11253092,9.617802
08.487,-0.19154198,-0.011971374,9.797373
08.527,-0.14365649,0.04070267,9.857229
08.566,-0.15802214,0.023942748,9.802161
08.593,-0.12450229,0.102953814,9.730332
08.626,-0.12450229,0.016759925,9.72315
08.666,-0.17478207,0.08140534,9.737515
08.690,-0.12450229,0.06464542,9.766247
08.726,-0.13886794,0.06464542,9.75667
08.767,-0.12689656,0.05506832,9.763853
08.793,-0.14126222,0.028731298,9.744699
08.827,-0.13647367,0.07901107,9.75667
08.866,-0.102953814,0.052674048,9.761458
08.894,-0.14126222,0.076616794,9.759064
08.927,-0.14605077,0.045491222,9.749487
08.966,-0.14126222,0.05985687,9.747093
08.993,-0.13647367,0.083799616,9.761458
09.027,-0.13647367,0.038308397,9.761458
09.069,-0.16281068,0.06464542,9.759064
09.093,-0.12450229,0.07901107,9.771035
09.126,-0.14365649,0.05506832,9.754275
09.167,-0.14126222,0.047885496,9.79019
09.194,-0.14126222,0.026337024,9.754275
09.226,-0.14365649,0.06464542,9.749487
09.265,-0.12450229,0.062251143,9.763853
09.293,-0.1340794,0.057462595,9.766247
09.327,-0.12450229,0.062251143,9.715967
09.366,-0.14605077,0.047885496,9.768641
09.406,-0.11971374,0.05506832,9.759064
09.428,-0.14126222,0.05027977,9.742304
09.466,-0.14126222,0.05985687,9.754275
09.506,-0.14605077,0.062251143,9.77343
09.534,-0.12929083,0.0670397,9.742304
09.567,-0.11971374,0.045491222,9.735122
09.606,-0.15562786,0.05027977,9.751882
09.632,-0.13886794,0.05985687,9.730332
09.667,-0.12689656,0.06943397,9.747093
09.707,-0.13886794,0.062251143,9.754275
09.732,-0.1340794,0.04070267,9.75667
09.767,-0.12450229,0.0670397,9.766247
09.807,-0.13886794,0.052674048,9.749487
09.834,-0.13886794,0.05027977,9.75667
09.866,-0.14126222,0.047885496,9.763853
09.909,-0.13886794,0.05506832,9.727939
09.933,-0.11971374,0.05985687,9.763853
09.967,-0.11971374,0.052674048,9.778218
10.006,-0.14126222,0.062251143,9.754275
10.033,-0.12210801,0.05985687,9.759064
10.066,-0.13168511,0.05985687,9.744699
10.107,-0.15083931,0.04070267,9.766247
10.133,-0.14126222,0.052674048,9.744699
10.173,-0.11971374,0.062251143,9.75667
10.206,-0.12210801,0.062251143,9.780613
10.234,-0.14844504,0.045491222,9.732727
10.273,-0.13168511,0.083799616,9.761458
10.306,-0.10774237,0.045491222,9.766247
10.346,-0.13647367,0.08140534,9.79019
10.374,-0.14126222,0.038308397,9.759064
10.406,-0.15083931,0.045491222,9.718362
10.447,-0.102953814,0.076616794,9.75667
10.473,-0.08619389,0.062251143,9.73991
10.508,-0.12929083,0.08619389,9.727939
10.547,-0.2083019,0.0047885496,9.73991
10.574,-0.20590763,0.08140534,9.675264
10.605,-0.014365649,0.023942748,9.783007
10.645,-0.14605077,0.16520496,9.735122
10.673,-0.17238778,-0.035914123,9.783007
10.705,-0.1340794,0.026337024,9.771035
10.746,-0.105348095,0.08140534,9.72315
10.773,-0.12210801,-0.011971374,9.780613
10.807,-0.20590763,0.071828246,9.735122
10.846,-0.12450229,-0.009577099,9.771035
10.873,-0.11013664,0.09577099,9.771035
10.906,-0.12689656,0.06943397,9.75667
10.945,-0.15562786,0.03351985,9.742304
10.986,-0.11971374,0.071828246,9.742304
11.013,-0.117319465,0.019154198,9.778218
11.045,-0.16520496,0.076616794,9.747093
11.087,-0.19154198,-0.25858167,9.787795
11.108,-0.21548474,0.35914123,9.754275
11.146,-0.12450229,-0.28013015,9.895537
11.188,-0.38547826,0.21069619,9.744699
11.209,-0.15562786,0.39505535,9.636956
11.249,-0.009577099,-0.14126222,9.797373
11.289,-0.3328042,0.13886794,9.687236
11.309,-0.057462595,-0.035914123,9.80695
11.347,-0.16520496,0.16281068,9.735122
11.388,-0.13647367,-0.011971374,9.771035
11.410,0.0047885496,0.014365649,9.792584
11.448,-0.1699935,0.15083931,9.749487
11.487,-0.08858817,-0.0071828244,9.775824
11.513,-0.15083931,0.11492519,9.761458
11.547,-0.13886794,0.011971374,9.749487
11.589,-0.098165266,0.12450229,9.718362
11.613,-0.16520496,0.08858817,9.735122
11.647,-0.10774237,0.0071828244,9.775824
11.687,-0.14844504,0.105348095,9.732727
11.713,-0.14844504,0.035914123,9.744699
11.747,-0.14365649,0.0670397,9.751882
11.786,-0.1340794,0.071828246,9.771035
11.814,-0.12210801,0.05506832,9.775824
11.855,-0.11492519,0.07901107,9.749487
11.889,-0.14126222,0.052674048,9.751882
11.930,-0.15323359,0.09337672,9.7135725
11.950,-0.14605077,0.028731298,9.780613
11.986,-0.13886794,0.08140534,9.747093
12.027,-0.14844504,0.043096945,9.75667
12.054,-0.11253092,0.038308397,9.780613
12.087,-0.11971374,0.08140534,9.771035
12.127,-0.17238778,0.083799616,9.711179
12.154,-0.09337672,0.045491222,9.754275
12.187,-0.102953814,0.08858817,9.751882
12.226,-0.17717634,0.06943397,9.749487
12.253,-0.10055954,0.07901107,9.763853
12.287,-0.14365649,0.035914123,9.771035
12.326,-0.10055954,0.076616794,9.754275
12.353,-0.10774237,0.05506832,9.732727
12.386,-0.12450229,0.07901107,9.732727
12.428,-0.12210801,0.03351985,9.744699
12.454,-0.13647367,0.071828246,9.715967
12.489,-0.12450229,0.057462595,9.730332
12.526,-0.11013664,0.09577099,9.744699
12.555,-0.12929083,0.057462595,9.73991
12.588,-0.098165266,0.08858817,9.778218
12.625,-0.18196489,0.019154198,9.749487
12.667,-0.12689656,0.08858817,9.771035
12.688,-0.11013664,0.07422252,9.763853
12.727,-0.117319465,0.04070267,9.754275
12.754,-0.1340794,0.07901107,9.778218
12.793,-0.10774237,0.038308397,9.761458
12.826,-0.1340794,0.05506832,9.747093
12.867,-0.12450229,0.06943397,9.768641
12.890,-0.17238778,0.052674048,9.771035
12.927,-0.09577099,0.06943397,9.759064
12.966,-0.14365649,0.05506832,9.759064
12.993,-0.12929083,0.083799616,9.747093
13.028,-0.15562786,0.062251143,9.747093
13.067,-0.11971374,0.07422252,9.75667
13.093,-0.14365649,0.06464542,9.744699
13.127,-0.10774237,0.0670397,9.771035
13.167,-0.14126222,0.047885496,9.759064
13.193,-0.15083931,0.05027977,9.761458
13.226,-0.12689656,0.0670397,9.766247
13.266,-0.12929083,0.06464542,9.759064
13.293,-0.13647367,0.038308397,9.754275
13.328,-0.11013664,0.06464542,9.754275
13.366,-0.14605077,0.031125572,9.749487
13.393,-0.12210801,0.0670397,9.75667
13.426,-0.11013664,0.090982445,9.735122
13.466,-0.14126222,0.031125572,9.75667
13.493,-0.1340794,0.08858817,9.732727
13.533,-0.12689656,0.016759925,9.751882
13.567,-0.13168511,0.05985687,9.732727
13.606,-0.117319465,0.05985687,9.766247
13.633,-0.11492519,0.05985687,9.744699
13.666,-0.14126222,0.07901107,9.761458
13.706,-0.13647367,0.045491222,9.759064
13.733,-0.117319465,0.071828246,9.737515
13.766,-0.12689656,0.07422252,9.727939
13.806,-0.11253092,0.08140534,9.763853
13.843,-0.17717634,0.07901107,9.75667
13.867,-0.10774237,0.035914123,9.771035
13.905,-0.14126222,0.07422252,9.725544
13.932,-0.15802214,0.052674048,9.75667
13.965,-0.090982445,0.071828246,9.768641
14.005,-0.12929083,0.057462595,9.75667
14.034,-0.14605077,0.08140534,9.747093
14.067,-0.14605077,0.016759925,9.766247
14.108,-0.10774237,0.083799616,9.763853
14.133,-0.15323359,0.043096945,9.775824
14.166,-0.14605077,0.05506832,9.768641
14.206,-0.12929083,0.05506832,9.768641
14.233,-0.15562786,0.05027977,9.763853
14.272,-0.12689656,0.062251143,9.780613
14.306,-0.117319465,0.052674048,9.763853
14.347,-0.14365649,0.05985687,9.751882
14.373,-0.11492519,0.0670397,9.763853
14.406,-0.14126222,0.071828246,9.761458
14.447,-0.11971374,0.05027977,9.744699
14.468,-0.117319465,0.07422252,9.759064
14.506,-0.13886794,0.05027977,9.775824
14.548,-0.12210801,0.090982445,9.75667
14.573,-0.13168511,0.062251143,9.759064
14.606,-0.14605077,0.05985687,9.751882
14.648,-0.13168511,0.05985687,9.780613
14.675,-0.11492519,0.052674048,9.73991
14.706,-0.12929083,0.07901107,9.747093
14.746,-0.12929083,0.0670397,9.75667
14.773,-0.10055954,0.047885496,9.771035
14.805,-0.11253092,0.06943397,9.761458
14.846,-0.1340794,0.052674048,9.751882
14.874,-0.13168511,0.062251143,9.761458
14.906,-0.13168511,0.043096945,9.763853
14.947,-0.15083931,0.083799616,9.759064
14.974,-0.117319465,0.06464542,9.77343
15.007,-0.13168511,0.05985687,9.761458
15.048,-0.12210801,0.05985687,9.797373
15.073,-0.12929083,0.05027977,9.783007
15.107,-0.15083931,0.052674048,9.737515
15.146,-0.1340794,0.05985687,9.794978
15.173,-0.13168511,0.057462595,9.759064
15.214,-0.13647367,0.071828246,9.778218
15.246,-0.14844504,0.062251143,9.763853
15.274,-0.13647367,0.07422252,9.75667
15.314,-0.12689656,0.05506832,9.771035
15.349,-0.14365649,0.0670397,9.766247
15.386,-0.13168511,0.05027977,9.754275
15.413,-0.14844504,0.076616794,9.768641
15.447,-0.12929083,0.057462595,9.778218
15.487,-0.12450229,0.062251143,9.775824
15.513,-0.12210801,0.076616794,9.766247
15.547,-0.14605077,0.05985687,9.759064
15.576,-0.12689656,0.043096945,9.763853
15.612,-0.11971374,0.06943397,9.751882
15.648,-0.16041641,0.038308397,9.761458
15.686,-0.15802214,0.062251143,9.799767
15.714,-0.13168511,0.05027977,9.766247
15.748,-0.11253092,0.08619389,9.768641
15.787,-0.14844504,0.047885496,9.763853
15.813,-0.14605077,0.05985687,9.794978
15.846,-0.12210801,0.07901107,9.778218
15.886,-0.12210801,0.05985687,9.744699
15.914,-0.1340794,0.06464542,9.780613
15.947,-0.14605077,0.05985687,9.754275
15.986,-0.12929083,0.06943397,9.778218
16.013,-0.12929083,0.052674048,9.775824
16.053,-0.14365649,0.062251143,9.768641
16.089,-0.12210801,0.0670397,9.754275
16.114,-0.11492519,0.052674048,9.751882
16.154,-0.14365649,0.057462595,9.75667
16.186,-0.12929083,0.08140534,9.768641
16.226,-0.1340794,0.06464542,9.775824
16.248,-0.13647367,0.06464542,9.749487
16.286,-0.13886794,0.047885496,9.759064
16.327,-0.13168511,0.07422252,9.742304
16.353,-0.117319465,0.06943397,9.761458
16.388,-0.14126222,0.05985687,9.771035
16.427,-0.09337672,0.102953814,9.732727
16.450,-0.15083931,0.038308397,9.821315
16.487,-0.13886794,0.047885496,9.77343
16.527,-0.1340794,0.062251143,9.780613
16.553,-0.12689656,0.05985687,9.759064
16.587,-0.14605077,0.047885496,9.742304
16.627,-0.14126222,0.06943397,9.759064
16.654,-0.13647367,0.04070267,9.763853
16.686,-0.12689656,0.076616794,9.766247
16.726,-0.14126222,0.04070267,9.759064
16.754,-0.14844504,0.08140534,9.766247
16.793,-0.1340794,0.045491222,9.751882
16.826,-0.11253092,0.06943397,9.754275
16.854,-0.105348095,0.071828246,9.751882
16.893,-0.13886794,0.057462595,9.751882
16.928,-0.15083931,0.057462595,9.75667
16.966,-0.1340794,0.05506832,9.754275
16.989,-0.1340794,0.062251143,9.759064
17.027,-0.14365649,0.03351985,9.759064
17.066,-0.12210801,0.08140534,9.742304
17.093,-0.117319465,0.062251143,9.759064
17.127,-0.11971374,0.06943397,9.763853
17.167,-0.10774237,0.08858817,9.730332
17.193,-0.14605077,0.031125572,9.766247
17.226,-0.16520496,0.057462595,9.763853
17.267,-0.083799616,0.06464542,9.632168
17.293,-0.08619389,0.102953814,9.751882
17.326,-0.14844504,0.062251143,9.703996
17.365,-0.13168511,0.05027977,9.742304
17.392,-0.11492519,0.06943397,9.744699
17.425,-0.13647367,0.0670397,9.751882
17.467,-0.14365649,0.04070267,9.754275
17.492,-0.15802214,0.045491222,9.763853
17.526,-0.13168511,0.05027977,9.744699
17.565,-0.17238778,0.045491222,9.766247
17.592,-0.12929083,0.062251143,9.75667
17.633,-0.15323359,0.052674048,9.749487
17.665,-0.16759923,0.05506832,9.744699
17.693,-0.13886794,0.057462595,9.759064
17.733,-0.15323359,0.052674048,9.75667
17.766,-0.1340794,0.057462595,9.763853
17.805,-0.12689656,0.057462595,9.75667
17.832,-0.13168511,0.07901107,9.751882
17.865,-0.16520496,0.043096945,9.737515
17.905,-0.14605077,0.05027977,9.783007
17.932,-0.15083931,0.04070267,9.809344
17.965,-0.14844504,0.090982445,9.818921
18.005,-0.13886794,0.023942748,9.787795
18.032,-0.117319465,0.08140534,9.73991
18.067,-0.14365649,0.05985687,9.766247
18.104,-0.12210801,0.08619389,9.737515
18.133,-0.12689656,0.06464542,9.763853
18.165,-0.14126222,0.026337024,9.761458
18.205,-0.12689656,0.05506832,9.759064
18.232,-0.12929083,0.043096945,9.759064
18.266,-0.12929083,0.083799616,9.763853
18.306,-0.11971374,0.05027977,9.763853
18.334,-0.13647367,0.071828246,9.754275
18.366,-0.14126222,0.05027977,9.725544
18.406,-0.11492519,0.057462595,9.775824
18.432,-0.11492519,0.083799616,9.761458
18.466,-0.15802214,0.05506832,9.747093
18.507,-0.105348095,0.071828246,9.766247
18.533,-0.12929083,0.05506832,9.761458
18.573,-0.11013664,0.009577099,9.835681
18.607,-0.11971374,0.04070267,9.763853
18.646,-0.1340794,0.076616794,9.766247
18.673,-0.14605077,0.083799616,9.742304
18.705,-0.15323359,0.05027977,9.747093
18.745,-0.18675344,0.021548472,9.759064
18.772,-0.16759923,0.026337024,9.768641
18.804,-0.14126222,0.071828246,9.737515
18.845,-0.15323359,0.019154198,9.77343
18.872,-0.14605077,0.047885496,9.763853
18.905,-0.14365649,0.03351985,9.77343
18.945,-0.16281068,0.038308397,9.763853
18.972,-0.16759923,0.038308397,9.763853
19.005,-0.12450229,0.038308397,9.775824
19.045,-0.16041641,0.038308397,9.749487
19.073,-0.17478207,0.026337024,9.778218
19.107,-0.14605077,0.038308397,9.759064
19.147,-0.15323359,0.052674048,9.763853
19.173,-0.16041641,0.038308397,9.766247
19.205,-0.14844504,0.047885496,9.766247
19.245,-0.15083931,0.03351985,9.766247
19.272,-0.15083931,0.052674048,9.754275
19.312,-0.15562786,0.05985687,9.751882
19.345,-0.15562786,0.016759925,9.780613
19.385,-0.14605077,0.05027977,9.761458
19.412,-0.13168511,0.05985687,9.749487
19.445,-0.14844504,0.035914123,9.780613
19.485,-0.17957062,0.038308397,9.799767
19.512,-0.14365649,0.05506832,9.763853
19.545,-0.10055954,0.090982445,9.692024
19.584,-0.13647367,0.05985687,9.759064
19.612,-0.14365649,0.09577099,9.73991
19.645,-0.1340794,0.05506832,9.749487
19.686,-0.12450229,0.083799616,9.747093
19.712,-0.14844504,0.045491222,9.761458
19.745,-0.14365649,0.07422252,9.761458
19.785,-0.1340794,0.06464542,9.768641
19.811,-0.11492519,0.071828246,9.768641
19.845,-0.14844504,0.045491222,9.751882
19.885,-0.14365649,0.05985687,9.75667
19.912,-0.12929083,0.06464542,9.768641
19.945,-0.15802214,0.038308397,9.751882
19.985,-0.1340794,0.06464542,9.768641
20.012,-0.12929083,0.05985687,9.754275
20.046,-0.12689656,0.07901107,9.766247
20.085,-0.12450229,0.07901107,9.742304
20.124,-0.10055954,0.09577099,9.6896305
20.151,-0.16759923,0.028731298,9.794978
20.184,-0.12210801,0.076616794,9.732727
20.225,-0.11253092,0.05985687,9.754275
20.252,-0.105348095,0.071828246,9.763853
20.285,-0.14126222,0.047885496,9.766247
20.325,-0.11492519,0.057462595,9.763853
20.352,-0.13647367,0.0670397,9.754275
20.384,-0.13886794,0.05506832,9.768641
20.425,-0.15323359,0.011971374,9.811738
20.452,-0.13168511,0.0670397,9.785401
20.485,-0.15802214,0.045491222,9.754275
20.525,-0.15323359,0.05506832,9.759064
20.551,-0.12689656,0.04070267,9.747093
20.586,-0.15323359,0.052674048,9.759064
20.625,-0.13886794,0.06943397,9.771035
20.652,-0.13168511,0.05027977,9.754275
20.685,-0.14365649,0.06943397,9.749487
20.724,-0.14126222,0.045491222,9.749487
20.752,-0.14365649,0.071828246,9.763853
20.785,-0.15562786,0.052674048,9.766247
20.825,-0.13647367,0.071828246,9.749487
20.852,-0.16281068,0.04070267,9.754275
20.885,-0.14365649,0.06464542,9.763853
20.925,-0.13168511,0.062251143,9.771035
20.965,-0.13886794,0.057462595,9.75667
20.992,-0.1340794,0.05985687,9.768641
21.026,-0.14365649,0.04070267,9.754275
21.065,-0.12929083,0.045491222,9.744699
21.092,-0.12929083,0.057462595,9.768641
21.126,-0.16041641,0.03351985,9.766247
21.165,-0.11971374,0.076616794,9.73991
21.192,-0.15083931,0.05027977,9.75667
21.225,-0.16041641,0.06464542,9.763853
21.266,-0.12689656,0.05027977,9.775824
21.291,-0.14365649,0.062251143,9.778218
21.324,-0.15083931,0.06464542,9.778218
21.364,-0.14605077,0.047885496,9.783007
21.392,-0.16041641,0.06464542,9.742304
21.425,-0.16281068,0.035914123,9.775824
21.464,-0.12929083,0.04070267,9.783007
21.491,-0.18435916,0.031125572,9.75667
21.524,-0.13886794,0.045491222,9.763853
21.566,-0.14605077,0.057462595,9.77343
21.593,-0.18675344,0.021548472,9.751882
21.625,-0.11492519,0.0670397,9.761458
21.667,-0.21309046,0.016759925,9.761458
21.692,-0.15083931,0.05506832,9.787795
21.725,-0.12929083,0.06464542,9.751882
21.766,-0.14605077,0.031125572,9.780613
21.793,-0.16759923,0.0023942748,9.783007
21.833,-0.15083931,0.043096945,9.771035
21.866,-0.12689656,0.047885496,9.775824
21.906,-0.18196489,0.047885496,9.780613
21.933,-0.15323359,0.016759925,9.766247
21.965,-0.14844504,0.021548472,9.754275
22.006,-0.1340794,0.057462595,9.759064
22.034,-0.1699935,0.023942748,9.766247
22.065,-0.18435916,0.038308397,9.766247
22.105,-0.1340794,0.052674048,9.763853
22.132,-0.16281068,0.052674048,9.766247
22.165,-0.18675344,0.05027977,9.763853
22.206,-0.14844504,0.03351985,9.75667
22.232,-0.16041641,0.035914123,9.77343
22.266,-0.12689656,0.052674048,9.768641
22.305,-0.17717634,0.028731298,9.77343
22.333,-0.16759923,0.03351985,9.759064
22.366,-0.15083931,0.031125572,9.761458
22.405,-0.12210801,0.043096945,9.766247
22.436,-0.102953814,0.08619389,9.718362
22.466,-0.10774237,0.05506832,9.7135725
22.507,-0.12689656,0.09337672,9.727939
22.533,-0.13168511,0.03351985,9.763853
22.571,-0.16041641,0.071828246,9.751882
22.606,-0.12210801,0.05506832,9.754275
22.634,-0.13647367,0.05027977,9.763853
22.666,-0.15083931,0.047885496,9.754275
22.706,-0.13886794,0.04070267,9.747093
22.733,-0.1340794,0.102953814,9.759064
22.773,-0.15562786,0.009577099,9.75667
22.808,-0.12450229,0.08140534,9.759064
22.848,-0.14844504,0.04070267,9.77343
22.873,-0.14365649,0.038308397,9.759064
22.905,-0.117319465,0.08140534,9.771035
22.947,-0.13168511,0.0670397,9.759064
22.973,-0.14844504,0.062251143,9.759064
23.006,-0.12689656,0.05985687,9.785401
23.047,-0.13168511,0.06943397,9.759064
23.073,-0.14605077,0.035914123,9.785401
23.108,-0.12450229,0.0670397,9.785401
23.147,-0.13168511,0.057462595,9.744699
23.174,-0.10774237,0.105348095,9.79019
23.206,-0.12210801,0.047885496,9.780613
23.246,-0.17238778,0.076616794,9.766247
23.274,-0.11253092,0.052674048,9.763853
23.306,-0.05027977,0.13886794,9.747093
23.348,-0.22745611,-0.07422252,9.763853
23.374,-0.15083931,0.08619389,9.737515
23.406,-0.117319465,0.028731298,9.754275
23.447,-0.15562786,0.07901107,9.766247
23.472,-0.07901107,0.17478207,9.75667
23.511,-0.083799616,0.045491222,9.737515
23.546,-0.22506183,0.028731298,9.742304
23.575,-0.13168511,0.038308397,9.749487
23.613,-0.11253092,0.062251143,9.761458
23.648,-0.15562786,0.05985687,9.749487
23.686,-0.13647367,0.043096945,9.754275
23.713,-0.11492519,0.071828246,9.763853
23.747,-0.13647367,0.057462595,9.759064
23.786,-0.1340794,0.05506832,9.761458
23.813,-0.13168511,0.05985687,9.771035
23.847,-0.117319465,0.06943397,9.759064
23.886,-0.15083931,0.057462595,9.759064
23.913,-0.13886794,0.062251143,9.742304
23.946,-0.117319465,0.05506832,9.763853
23.985,-0.13886794,0.05027977,9.754275
24.010,-0.14605077,0.05506832,9.751882
24.047,-0.13647367,0.05985687,9.759064
24.086,-0.15802214,0.071828246,9.737515
24.113,-0.1340794,0.043096945,9.77343
24.146,-0.12450229,0.043096945,9.763853
24.187,-0.13647367,0.07422252,9.771035
24.213,-0.12450229,0.05506832,9.768641
24.246,-0.12929083,0.0670397,9.754275
24.286,-0.12929083,0.052674048,9.77343
24.313,-0.14126222,0.062251143,9.742304
24.346,-0.11253092,0.06943397,9.747093
24.386,-0.15562786,0.05027977,9.75667
24.414,-0.12210801,0.062251143,9.754275
24.453,-0.13647367,0.052674048,9.744699
24.490,-0.15323359,0.03351985,9.763853
24.528,-0.13168511,0.08858817,9.766247
24.553,-0.12450229,0.057462595,9.754275
24.589,-0.12450229,0.05985687,9.749487
24.624,-0.1340794,0.05985687,9.77343
24.652,-0.12450229,0.052674048,9.749487
24.686,-0.10774237,0.062251143,9.768641
24.727,-0.14365649,0.038308397,9.766247
24.754,-0.1340794,0.052674048,9.744699
24.787,-0.117319465,0.071828246,9.77343
24.826,-0.1340794,0.0670397,9.749487
24.853,-0.14126222,0.06464542,9.766247
24.886,-0.1340794,0.06464542,9.761458
24.926,-0.12929083,0.05985687,9.754275
24.953,-0.13647367,0.047885496,9.778218
24.986,-0.1340794,0.047885496,9.766247
25.027,-0.14605077,0.062251143,9.751882
25.054,-0.14605077,0.057462595,9.771035
25.088,-0.13168511,0.062251143,9.761458
25.125,-0.13886794,0.05506832,9.75667
25.153,-0.12929083,0.038308397,9.771035
25.186,-0.12450229,0.07422252,9.771035
25.226,-0.15802214,0.04070267,9.778218
25.268,-0.13647367,0.06943397,9.754275
25.294,-0.1340794,0.057462595,9.77343
25.326,-0.14844504,0.062251143,9.775824
25.367,-0.11492519,0.05506832,9.747093
25.393,-0.12210801,0.0670397,9.763853
25.429,-0.13647367,0.05027977,9.766247
25.466,-0.12210801,0.05985687,9.775824
25.494,-0.13168511,0.06943397,9.766247
25.526,-0.14126222,0.057462595,9.744699
25.568,-0.12689656,0.057462595,9.763853
25.592,-0.12689656,0.0670397,9.747093
25.626,-0.12450229,0.06464542,9.771035
25.666,-0.14126222,0.071828246,9.775824
25.693,-0.14605077,0.05027977,9.742304
25.727,-0.12929083,0.05506832,9.768641
25.767,-0.11971374,0.057462595,9.754275
25.793,-0.12929083,0.06464542,9.761458
25.826,-0.13168511,0.062251143,9.77343
25.867,-0.11971374,0.05506832,9.747093
25.894,-0.11492519,0.05985687,9.75667
25.927,-0.14365649,0.076616794,9.768641
25.966,-0.12450229,0.05985687,9.747093
25.997,-0.13168511,0.057462595,9.768641
26.027,-0.15802214,0.06943397,9.73991
26.067,-0.11013664,0.06464542,9.759064
26.093,-0.16520496,0.05027977,9.761458
26.133,-0.11253092,0.057462595,9.742304
26.167,-0.11013664,0.057462595,9.780613
26.194,-0.13886794,0.06943397,9.744699
26.233,-0.12450229,0.03351985,9.761458
26.266,-0.15323359,0.08858817,9.754275
26.306,-0.14605077,0.052674048,9.754275
26.333,-0.06943397,0.08140534,9.775824
26.366,-0.1699935,0.06943397,9.763853
26.396,-0.18196489,0.038308397,9.759064
26.433,-0.11492519,0.052674048,9.763853
26.466,-0.1340794,0.052674048,9.763853
26.506,-0.14365649,0.06464542,9.766247
26.532,-0.14844504,0.043096945,9.708784
26.565,-0.15562786,0.05985687,9.744699
26.605,-0.16041641,0.043096945,9.77343
26.632,-0.117319465,0.090982445,9.763853
26.666,-0.12450229,0.07422252,9.763853
26.708,-0.1340794,0.062251143,9.742304
26.733,-0.11492519,0.057462595,9.763853
26.767,-0.12929083,0.052674048,9.775824
26.807,-0.12929083,0.043096945,9.766247
26.833,-0.12689656,0.0670397,9.761458
26.872,-0.12689656,0.047885496,9.759064
26.904,-0.12450229,0.05985687,9.763853
26.946,-0.13647367,0.047885496,9.763853
26.972,-0.117319465,0.057462595,9.75667
27.006,-0.12450229,0.06943397,9.768641
27.047,-0.13647367,0.057462595,9.742304
27.073,-0.14605077,0.057462595,9.75667
27.105,-0.16520496,0.052674048,9.751882
27.146,-0.11253092,0.06464542,9.766247
27.173,-0.11253092,0.08858817,9.754275
27.206,-0.19393626,0.038308397,9.751882
27.248,-0.11013664,0.06943397,9.754275
27.272,-0.12210801,0.05985687,9.761458
27.306,-0.16281068,0.071828246,9.754275
27.346,-0.11492519,0.026337024,9.783007
27.374,-0.12210801,0.076616794,9.771035
27.405,-0.1340794,0.062251143,9.761458
27.446,-0.11492519,0.05506832,9.75667
27.474,-0.117319465,0.06464542,9.759064
27.505,-0.11971374,0.05027977,9.73991
27.547,-0.12929083,0.062251143,9.751882
27.573,-0.13647367,0.057462595,9.751882
27.608,-0.12210801,0.047885496,9.749487
27.646,-0.15562786,0.071828246,9.754275
27.672,-0.12929083,0.062251143,9.763853
27.706,-0.12450229,0.052674048,9.761458
27.746,-0.14126222,0.06943397,9.737515
27.787,-0.14365649,0.057462595,9.771035
27.813,-0.10774237,0.057462595,9.75667
27.847,-0.14605077,0.057462595,9.751882
27.885,-0.14365649,0.05985687,9.763853
27.912,-0.11253092,0.057462595,9.749487
27.947,-0.14365649,0.052674048,9.763853
27.986,-0.12689656,0.05027977,9.768641
28.013,-0.12929083,0.062251143,9.778218
28.046,-0.13168511,0.035914123,9.763853
28.087,-0.11971374,0.071828246,9.763853
28.113,-0.1340794,0.052674048,9.768641
28.148,-0.14126222,0.0670397,9.761458
28.185,-0.1340794,0.062251143,9.75667
28.212,-0.11492519,0.045491222,9.783007
28.246,-0.13886794,0.05985687,9.766247
28.286,-0.12929083,0.05985687,9.77343
28.313,-0.13168511,0.057462595,9.742304
28.345,-0.11253092,0.08619389,9.754275
28.387,-0.16281068,0.045491222,9.766247
28.412,-0.14126222,0.038308397,9.749487
28.446,-0.13647367,0.052674048,9.749487
28.486,-0.14365649,0.052674048,9.759064
28.512,-0.15562786,0.043096945,9.75667
28.546,-0.12929083,0.08858817,9.763853
28.587,-0.14365649,0.047885496,9.768641
28.615,-0.11492519,0.07901107,9.768641
28.648,-0.1340794,0.05506832,9.75667
28.688,-0.11971374,0.057462595,9.747093
28.715,-0.1340794,0.057462595,9.749487
28.748,-0.117319465,0.05506832,9.759064
28.787,-0.13647367,0.057462595,9.754275
28.815,-0.13647367,0.043096945,9.775824
28.848,-0.11971374,0.05985687,9.75667
28.888,-0.12929083,0.0670397,9.742304
28.928,-0.11013664,0.06464542,9.759064
28.954,-0.14605077,0.052674048,9.761458
28.988,-0.12210801,0.07422252,9.763853
29.028,-0.11253092,0.0670397,9.747093
29.055,-0.12210801,0.071828246,9.771035
29.089,-0.117319465,0.071828246,9.759064
29.130,-0.14365649,0.05506832,9.751882
29.154,-0.14126222,0.07422252,9.763853
29.188,-0.13886794,0.05506832,9.763853
29.229,-0.11013664,0.05985687,9.771035
29.254,-0.13647367,0.05506832,9.749487
29.288,-0.11253092,0.05506832,9.768641
29.328,-0.15562786,0.047885496,9.77343
29.354,-0.13886794,0.05985687,9.766247
29.387,-0.12689656,0.071828246,9.766247
29.428,-0.13886794,0.062251143,9.751882
29.454,-0.13886794,0.05027977,9.75667
29.488,-0.11253092,0.06464542,9.75667
29.527,-0.1340794,0.06943397,9.759064
29.554,-0.12929083,0.062251143,9.759064
29.591,-0.12210801,0.06464542,9.747093
29.629,-0.11253092,0.05027977,9.744699
29.667,-0.14365649,0.062251143,9.761458
29.688,-0.13647367,0.06943397,9.75667
29.728,-0.12929083,0.05506832,9.747093
29.769,-0.14605077,0.05506832,9.768641
29.795,-0.14605077,0.038308397,9.742304
29.828,-0.0670397,0.083799616,9.77343
29.867,-0.1699935,0.05506832,9.771035
29.894,-0.17717634,0.011971374,9.73991
29.928,-0.08140534,0.09577099,9.783007
29.968,-0.10774237,0.076616794,9.744699
29.996,-0.14365649,0.035914123,9.763853
30.029,-0.15083931,0.023942748,9.763853
30.069,-0.10774237,0.06943397,9.754275
30.094,-0.083799616,0.08619389,9.783007
30.130,-0.14605077,0.038308397,9.761458
30.168,-0.16520496,0.045491222,9.751882
30.195,-0.105348095,0.06464542,9.735122
30.229,-0.0670397,0.090982445,9.766247
30.267,-0.15802214,0.038308397,9.763853
30.296,-0.18914771,0.06943397,9.749487
30.329,-0.09577099,0.0670397,9.75667
30.368,-0.13647367,0.0670397,9.75667
30.397,-0.17717634,0.05027977,9.73991
30.430,-0.09577099,0.05985687,9.763853
30.468,-0.11013664,0.052674048,9.778218
30.495,-0.14126222,0.047885496,9.751882
30.529,-0.13647367,0.052674048,9.775824
30.570,-0.13168511,0.057462595,9.749487
30.606,-0.11253092,0.057462595,9.766247
30.634,-0.10774237,0.06464542,9.771035
30.669,-0.12929083,0.06943397,9.761458
30.707,-0.1340794,0.0670397,9.754275
30.734,-0.14126222,0.062251143,9.742304
30.767,-0.13886794,0.045491222,9.75667
30.807,-0.117319465,0.076616794,9.783007
30.835,-0.11971374,0.062251143,9.732727
30.868,-0.13886794,0.057462595,9.754275
30.907,-0.12450229,0.09337672,9.75667
30.934,-0.12929083,0.05027977,9.771035
30.970,-0.13647367,0.052674048,9.75667
31.007,-0.12210801,0.06464542,9.759064
31.034,-0.14844504,0.043096945,9.775824
31.068,-0.12689656,0.07422252,9.775824
31.107,-0.12210801,0.05985687,9.763853
31.134,-0.13647367,0.045491222,9.754275
31.168,-0.11971374,0.052674048,9.742304
31.208,-0.13647367,0.06464542,9.75667
31.234,-0.10055954,0.08619389,9.751882
31.268,-0.14605077,0.047885496,9.768641
31.308,-0.18196489,0.04070267,9.759064
31.348,-0.102953814,0.07422252,9.742304
31.374,-0.1340794,0.057462595,9.766247
31.407,-0.13647367,0.08140534,9.711179
31.447,-0.12929083,0.05506832,9.771035
31.469,-0.12210801,0.062251143,9.735122
31.509,-0.11971374,0.06464542,9.75667
31.550,-0.13168511,0.08140534,9.761458
31.574,-0.12450229,0.057462595,9.766247
31.607,-0.12210801,0.043096945,9.742304
31.647,-0.1340794,0.06464542,9.759064
31.674,-0.13886794,0.04070267,9.749487
31.708,-0.12450229,0.08140534,9.763853
31.753,-0.12450229,0.057462595,9.763853
31.773,-0.11492519,0.08140534,9.749487
31.808,-0.15562786,0.05985687,9.747093
31.849,-0.14844504,0.052674048,9.811738
31.873,-0.11013664,0.11013664,9.775824
31.907,-0.13168511,0.023942748,9.771035
31.950,-0.13886794,0.08140534,9.732727
31.974,-0.1340794,0.057462595,9.75667
32.014,-0.12689656,0.08858817,9.742304
32.048,-0.11492519,0.047885496,9.754275
32.075,-0.14365649,0.03351985,9.771035
32.108,-0.12689656,0.07901107,9.754275
32.148,-0.13168511,0.052674048,9.766247
32.187,-0.13647367,0.071828246,9.744699
32.214,-0.12689656,0.045491222,9.725544
32.248,-0.13168511,0.062251143,9.785401
32.279,-0.13647367,0.06943397,9.759064
32.314,-0.1340794,0.03351985,9.77343
32.348,-0.12689656,0.10055954,9.754275
32.387,-0.13886794,0.028731298,9.766247
32.414,-0.12929083,0.071828246,9.744699
32.448,-0.14126222,0.04070267,9.763853
32.488,-0.15083931,0.062251143,9.761458
32.515,-0.11492519,0.08858817,9.754275
32.548,-0.098165266,0.045491222,9.751882
32.588,-0.15562786,0.076616794,9.768641
32.614,-0.15323359,0.05027977,9.749487
32.649,-0.117319465,0.06464542,9.75667
32.689,-0.13886794,0.047885496,9.763853
32.716,-0.12689656,0.08858817,9.747093
32.749,-0.13168511,0.05506832,9.759064
32.788,-0.14365649,0.06943397,9.754275
32.816,-0.12929083,0.06464542,9.747093
32.849,-0.11253092,0.05985687,9.771035
32.888,-0.12689656,0.057462595,9.737515
32.915,-0.12689656,0.06464542,9.761458
32.948,-0.11492519,0.05985687,9.766247
32.988,-0.16520496,0.05027977,9.759064
33.027,-0.105348095,0.090982445,9.766247
33.048,-0.1340794,0.0670397,9.754275
33.088,-0.1340794,0.06464542,9.759064
33.129,-0.102953814,0.057462595,9.749487
33.149,-0.12210801,0.052674048,9.75667
33.189,-0.14365649,0.05985687,9.759064
33.228,-0.12450229,0.0670397,9.751882
33.255,-0.13168511,0.071828246,9.771035
33.287,-0.1340794,0.0670397,9.771035
33.328,-0.13647367,0.057462595,9.75667
33.355,-0.12210801,0.06943397,9.763853
33.388,-0.12929083,0.026337024,9.77343
33.429,-0.12689656,0.07901107,9.751882
33.458,-0.14605077,0.043096945,9.751882
33.486,-0.14844504,0.05506832,9.787795
33.528,-0.17717634,0.04070267,9.735122
33.561,-0.15323359,0.052674048,9.742304
33.589,-0.083799616,0.08619389,9.761458
33.626,-0.16041641,0.045491222,9.775824
33.654,-0.14126222,0.047885496,9.735122
33.694,-0.12929083,0.06464542,9.77343
33.729,-0.15083931,0.07422252,9.735122
33.755,-0.117319465,0.076616794,9.754275
33.788,-0.13647367,0.03351985,9.754275
33.828,-0.13886794,0.071828246,9.744699
33.855,-0.102953814,0.057462595,9.759064
33.888,-0.12929083,0.05506832,9.768641
33.928,-0.12929083,0.062251143,9.744699
33.968,-0.10774237,0.043096945,9.763853
33.995,-0.13647367,0.05985687,9.735122
34.027,-0.11253092,0.076616794,9.766247
34.056,-0.117319465,0.043096945,9.77343
34.090,-0.15083931,0.076616794,9.749487
34.128,-0.12450229,0.05506832,9.766247
34.168,-0.11971374,0.083799616,9.751882
34.195,-0.1340794,0.052674048,9.754275
34.227,-0.12929083,0.06464542,9.778218
34.270,-0.11492519,0.06943397,9.747093
34.294,-0.12450229,0.035914123,9.775824
34.328,-0.12689656,0.0670397,9.749487
34.368,-0.117319465,0.05506832,9.768641
34.395,-0.117319465,0.071828246,9.75667
34.428,-0.14365649,0.07422252,9.77343
34.468,-0.12929083,0.06464542,9.771035
34.495,-0.1340794,0.08140534,9.730332
34.528,-0.13168511,0.06943397,9.742304
34.568,-0.102953814,0.052674048,9.778218
34.595,-0.14605077,0.06943397,9.737515
34.629,-0.14365649,0.057462595,9.744699
34.666,-0.12210801,0.05506832,9.754275
34.695,-0.13168511,0.05506832,9.751882
34.728,-0.13647367,0.0670397,9.761458
34.768,-0.13886794,0.05027977,9.749487
34.810,-0.11492519,0.076616794,9.771035
34.835,-0.12929083,0.047885496,9.749487
34.868,-0.15562786,0.052674048,9.73991
34.907,-0.117319465,0.05985687,9.768641
34.935,-0.12929083,0.047885496,9.759064
34.968,-0.14126222,0.057462595,9.747093
35.008,-0.12210801,0.05985687,9.754275
35.035,-0.11253092,0.071828246,9.75667
35.068,-0.13886794,0.043096945,9.747093
35.108,-0.13168511,0.05027977,9.749487
35.134,-0.14126222,0.0670397,9.75667
35.170,-0.13886794,0.05985687,9.771035
35.209,-0.11971374,0.05506832,9.775824
35.234,-0.14365649,0.05985687,9.759064
35.268,-0.13647367,0.057462595,9.759064
35.307,-0.1340794,0.052674048,9.761458
35.335,-0.13647367,0.06464542,9.763853
35.368,-0.12929083,0.052674048,9.759064
35.408,-0.12929083,0.062251143,9.768641
35.435,-0.1340794,0.057462595,9.744699
35.468,-0.11253092,0.071828246,9.73991
35.508,-0.14365649,0.06464542,9.754275
35.535,-0.14126222,0.062251143,9.761458
35.574,-0.11013664,0.045491222,9.79019
35.607,-0.15802214,0.052674048,9.742304
35.648,-0.10055954,0.083799616,9.766247
35.675,-0.1340794,0.045491222,9.754275
35.709,-0.15323359,0.06943397,9.744699
35.749,-0.12210801,0.05027977,9.783007
35.775,-0.13886794,0.071828246,9.751882
35.809,-0.13647367,0.057462595,9.754275
35.847,-0.10774237,0.05985687,9.759064
35.875,-0.12929083,0.071828246,9.761458
35.907,-0.1340794,0.047885496,9.766247
35.948,-0.117319465,0.06943397,9.737515
35.975,-0.13647367,0.03351985,9.759064
36.008,-0.14365649,0.06943397,9.783007
36.049,-0.12450229,0.062251143,9.763853
36.075,-0.1340794,0.06464542,9.766247
36.108,-0.12210801,0.047885496,9.771035
36.149,-0.11013664,0.062251143,9.754275
36.175,-0.11013664,0.08140534,9.754275
36.207,-0.12929083,0.047885496,9.77343
36.249,-0.13168511,0.076616794,9.75667
36.274,-0.13647367,0.06464542,9.780613
36.308,-0.12450229,0.05985687,9.747093
36.348,-0.12929083,0.05506832,9.766247
36.375,-0.13168511,0.06464542,9.754275
36.415,-0.12929083,0.052674048,9.761458
36.448,-0.12210801,0.043096945,9.751882
36.488,-0.12450229,0.047885496,9.75667
36.516,-0.14844504,0.057462595,9.749487
36.549,-0.10055954,0.0670397,9.732727
36.587,-0.14365649,0.031125572,9.747093
36.613,-0.13647367,0.052674048,9.751882
36.648,-0.11971374,0.062251143,9.761458
36.687,-0.11492519,0.062251143,9.766247
36.714,-0.13168511,0.07422252,9.744699
36.748,-0.12929083,0.057462595,9.754275
36.789,-0.1340794,0.05027977,9.75667
36.815,-0.14126222,0.0670397,9.749487
36.848,-0.12929083,0.057462595,9.751882
36.888,-0.13168511,0.07422252,9.751882
36.914,-0.14365649,0.057462595,9.735122
36.948,-0.13647367,0.0670397,9.766247
36.988,-0.12929083,0.06464542,9.754275
37.015,-0.117319465,0.05506832,9.759064
37.048,-0.12689656,0.05985687,9.751882
37.089,-0.12210801,0.057462595,9.763853
37.115,-0.13168511,0.071828246,9.768641
37.149,-0.13886794,0.071828246,9.77343
37.188,-0.11971374,0.05985687,9.766247
37.215,-0.1340794,0.05027977,9.754275
37.248,-0.12210801,0.04070267,9.749487
37.289,-0.13886794,0.057462595,9.75667
37.329,-0.13647367,0.05027977,9.754275
37.349,-0.13886794,0.052674048,9.749487
37.387,-0.13647367,0.05027977,9.778218
37.428,-0.12450229,0.071828246,9.75667
37.455,-0.11013664,0.052674048,9.771035
37.489,-0.14365649,0.045491222,9.761458
37.530,-0.12210801,0.057462595,9.73991
37.555,-0.13647367,0.05027977,9.763853
37.589,-0.13647367,0.06464542,9.75667
37.629,-0.11253092,0.05506832,9.768641
37.655,-0.12450229,0.047885496,9.749487
37.689,-0.12450229,0.057462595,9.747093
37.730,-0.13647367,0.06464542,9.761458
37.756,-0.11253092,0.052674048,9.766247
37.789,-0.12929083,0.07422252,9.737515
37.829,-0.12210801,0.057462595,9.751882
37.856,-0.12450229,0.05985687,9.744699
37.887,-0.13647367,0.071828246,9.759064
37.929,-0.13647367,0.071828246,9.759064
37.955,-0.13647367,0.045491222,9.766247
37.989,-0.1340794,0.05985687,9.763853
38.029,-0.12210801,0.07422252,9.744699
38.055,-0.12929083,0.06943397,9.763853
38.090,-0.14605077,0.06464542,9.759064
38.129,-0.11492519,0.06464542,9.759064
38.167,-0.11492519,0.0670397,9.754275
38.195,-0.13647367,0.0670397,9.761458
38.231,-0.117319465,0.05985687,9.747093
38.269,-0.1340794,0.062251143,9.747093
38.295,-0.12689656,0.052674048,9.763853
38.328,-0.12929083,0.06464542,9.768641
38.369,-0.12689656,0.062251143,9.754275
38.395,-0.12689656,0.052674048,9.766247
38.430,-0.14605077,0.038308397,9.766247
38.469,-0.13168511,0.07422252,9.747093
38.497,-0.1340794,0.052674048,9.73991
38.529,-0.08858817,0.0670397,9.759064
38.569,-0.15562786,0.06464542,9.75667
38.595,-0.14365649,0.043096945,9.742304
38.628,-0.12450229,0.062251143,9.732727
38.668,-0.15323359,0.0670397,9.783007
38.695,0.014365649,0.17478207,9.711179
38.728,-0.117319465,0.117319465,9.7135725
38.770,-0.43096948,-0.2466103,9.668081
38.795,-0.090982445,-0.016759925,9.727939
38.829,-0.2753416,0.05985687,9.792584
38.869,-0.105348095,-0.0071828244,9.80695
38.895,-0.20111908,0.062251143,9.7135725
38.929,-0.11013664,0.0670397,9.730332
38.968,-0.021548472,0.13168511,9.694419
39.009,-0.18196489,0.028731298,9.732727
39.036,-0.15562786,-0.023942748,9.759064
39.069,-0.14605077,0.12450229,9.766247
39.109,-0.12929083,-0.011971374,9.771035
39.135,-0.13168511,0.045491222,9.802161
39.168,-0.0670397,0.09337672,9.6896305
39.208,-0.15083931,0.026337024,9.75667
39.235,-0.12210801,0.14605077,9.77343
39.268,-0.083799616,0.021548472,9.79019
39.309,-0.18196489,0.057462595,9.742304
39.335,-0.09337672,0.05027977,9.79019
39.369,-0.12450229,0.043096945,9.797373
39.408,-0.15802214,0.05506832,9.727939
39.436,-0.07422252,0.023942748,9.778218
39.468,-0.117319465,0.12929083,9.744699
39.508,-0.1340794,0.0071828244,9.768641
39.535,-0.17957062,0.045491222,9.754275
39.569,-0.13647367,0.076616794,9.737515
39.600,-0.11013664,0.026337024,9.780613
39.635,-0.098165266,0.12210801,9.732727
39.670,-0.12689656,0.038308397,9.744699
39.708,-0.16041641,0.021548472,9.775824
39.736,-0.12210801,0.083799616,9.718362
39.769,-0.14365649,0.06943397,9.668081
39.808,-0.06943397,0.05506832,9.744699
39.849,-0.098165266,0.12689656,9.783007
39.870,-0.16759923,-0.035914123,9.775824
39.909,-0.20590763,0.047885496,9.730332
39.949,-0.16520496,0.023942748,9.735122
39.975,-0.102953814,0.07422252,9.75667
40.009,-0.08858817,0.098165266,9.761458
40.049,-0.13886794,0.047885496,9.747093
40.076,-0.14365649,0.076616794,9.754275
40.109,-0.1340794,0.043096945,9.759064
40.148,-0.17717634,0.035914123,9.744699
40.176,-0.06943397,0.11013664,9.778218
40.210,-0.105348095,0.05027977,9.768641
40.239,-0.18914771,0.04070267,9.742304
40.275,-0.16520496,0.026337024,9.768641
40.307,-0.16281068,0.0670397,9.759064
40.347,-0.090982445,0.05506832,9.787795
40.377,-0.12929083,0.07422252,9.77343
40.407,-0.18196489,0.035914123,9.72315
40.448,-0.09337672,0.052674048,9.759064
40.474,-0.14365649,0.047885496,9.749487
40.508,-0.14605077,0.045491222,9.761458
40.550,-0.14126222,0.06464542,9.771035
40.576,-0.11971374,0.11013664,9.754275
40.611,-0.11013664,0.035914123,9.751882
40.649,-0.14365649,0.076616794,9.754275
40.676,-0.11971374,0.043096945,9.754275
40.709,-0.13886794,0.08140534,9.735122
40.751,-0.102953814,0.031125572,9.763853
40.776,-0.14844504,0.05027977,9.761458
40.816,-0.14605077,0.06464542,9.759064
40.851,-0.09577099,0.05506832,9.751882
40.890,-0.14365649,0.06943397,9.754275
40.916,-0.1340794,0.047885496,9.749487
40.949,-0.117319465,0.0670397,9.747093
40.978,-0.13886794,0.057462595,9.766247
41.015,-0.117319465,0.098165266,9.75667
41.049,-0.13647367,0.076616794,9.759064
41.089,-0.14844504,0.05985687,9.747093
41.117,-0.117319465,0.08619389,9.759064
41.150,-0.12210801,0.057462595,9.768641
41.189,-0.15323359,0.08140534,9.744699
41.216,-0.14605077,0.06464542,9.771035
41.249,-0.117319465,0.05985687,9.766247
41.290,-0.16041641,0.0670397,9.749487
41.316,-0.12210801,0.043096945,9.778218
41.350,-0.13168511,0.062251143,9.761458
41.388,-0.1699935,0.057462595,9.771035
41.417,-0.10055954,0.047885496,9.77343
41.449,-0.12689656,0.076616794,9.75667
41.489,-0.12929083,0.045491222,9.749487
41.517,-0.13168511,0.08619389,9.742304
41.549,-0.117319465,0.06464542,9.747093
41.588,-0.1699935,0.045491222,9.749487
41.627,-0.090982445,0.06943397,9.768641
41.650,-0.08619389,0.076616794,9.759064
41.689,-0.19154198,0.038308397,9.749487
41.738,-0.10774237,0.06464542,9.761458
41.755,-0.1340794,0.083799616,9.759064
41.790,-0.12450229,0.045491222,9.75667
41.830,-0.13647367,0.07901107,9.759064
41.856,-0.13886794,0.05027977,9.744699
41.890,-0.12689656,0.06464542,9.749487
41.929,-0.13647367,0.05985687,9.759064
41.956,-0.12450229,0.05506832,9.73991
41.988,-0.11971374,0.05027977,9.768641
42.029,-0.13886794,0.08140534,9.730332
42.057,-0.12450229,0.057462595,9.759064
42.090,-0.13886794,0.05985687,9.75667
42.131,-0.12929083,0.052674048,9.737515
42.155,-0.10774237,0.06464542,9.744699
42.191,-0.14365649,0.06464542,9.771035
42.229,-0.117319465,0.047885496,9.744699
42.256,-0.102953814,0.0670397,9.768641
42.289,-0.14844504,0.052674048,9.761458
42.329,-0.12929083,0.06464542,9.771035
42.370,-0.12929083,0.05985687,9.744699
42.389,-0.13886794,0.05985687,9.778218
42.430,-0.12210801,0.0670397,9.742304
42.457,-0.14605077,0.031125572,9.763853
42.496,-0.13168511,0.08140534,9.751882
42.528,-0.11253092,0.08858817,9.785401
42.569,-0.10055954,0.08858817,9.761458
42.597,-0.18675344,-0.0023942748,9.732727
42.628,-0.16041641,0.04070267,9.749487
42.672,-0.14126222,0.045491222,9.763853
42.695,-0.10774237,0.08140534,9.747093
42.730,-0.11253092,0.083799616,9.768641
42.768,-0.12689656,0.057462595,9.763853
42.796,-0.14126222,0.038308397,9.737515
42.830,-0.13168511,0.047885496,9.747093
42.871,-0.13886794,0.0670397,9.768641
42.896,-0.11253092,0.08140534,9.742304
42.931,-0.12929083,0.062251143,9.761458
42.970,-0.13647367,0.076616794,9.742304
42.997,-0.11971374,0.062251143,9.797373
43.030,-0.13886794,0.043096945,9.77343
43.070,-0.117319465,0.0670397,9.73991
43.096,-0.12450229,0.076616794,9.730332
43.130,-0.12689656,0.076616794,9.77343
43.170,-0.10774237,0.090982445,9.73991
43.197,-0.1340794,0.06464542,9.754275
43.230,-0.12210801,0.04070267,9.768641
43.275,-0.15083931,0.052674048,9.742304
43.297,-0.15083931,0.062251143,9.754275
43.336,-0.1340794,0.08619389,9.771035
43.369,-0.14365649,0.035914123,9.768641
43.410,-0.13647367,0.05506832,9.744699
43.436,-0.117319465,0.052674048,9.75667
43.470,-0.12450229,0.0670397,9.751882
43.509,-0.12929083,0.035914123,9.759064
43.537,-0.15083931,0.047885496,9.749487
43.569,-0.13647367,0.05506832,9.749487
43.608,-0.11013664,0.071828246,9.77343
43.632,-0.1340794,0.043096945,9.75667
43.669,-0.12210801,0.045491222,9.763853
43.709,-0.14605077,0.05027977,9.763853
43.735,-0.12689656,0.06464542,9.759064
43.769,-0.12210801,0.062251143,9.732727
43.810,-0.12929083,0.062251143,9.77343
43.836,-0.11253092,0.05027977,9.737515
43.870,-0.12689656,0.047885496,9.747093
43.909,-0.13886794,0.047885496,9.763853
43.936,-0.1340794,0.05027977,9.73991
43.969,-0.102953814,0.083799616,9.766247
44.009,-0.13647367,0.05506832,9.730332
44.036,-0.14605077,0.045491222,9.766247
44.069,-0.13647367,0.076616794,9.77343
44.109,-0.14365649,0.047885496,9.742304
44.137,-0.11253092,0.083799616,9.754275
44.171,-0.12929083,0.05027977,9.754275
44.209,-0.11971374,0.052674048,9.751882
44.249,-0.09337672,0.08140534,9.761458
44.275,-0.13647367,0.07422252,9.749487
44.309,-0.15802214,0.043096945,9.768641
44.351,-0.090982445,0.08140534,9.744699
44.376,-0.12929083,0.0670397,9.771035
44.408,-0.17717634,0.04070267,9.771035
44.449,-0.12929083,0.0670397,9.766247
44.475,-0.10055954,0.08140534,9.761458
44.508,-0.13647367,0.07422252,9.766247
44.547,-0.14844504,0.047885496,9.751882
44.576,-0.10055954,0.057462595,9.759064
44.607,-0.10774237,0.057462595,9.751882
44.649,-0.16520496,0.057462595,9.7135725
44.676,-0.105348095,0.0670397,9.737515
44.710,-0.14844504,0.05506832,9.727939
44.750,-0.13886794,0.0670397,9.768641
44.776,-0.11013664,0.05506832,9.766247
44.816,-0.15562786,0.0670397,9.775824
44.849,-0.117319465,0.05506832,9.761458
44.876,-0.11013664,0.07422252,9.754275
44.916,-0.11492519,0.035914123,9.754275
44.950,-0.1340794,0.06943397,9.744699
44.988,-0.13886794,0.05506832,9.75667
45.015,-0.11492519,0.052674048,9.725544
45.049,-0.14605077,0.090982445,9.754275
45.088,-0.14126222,0.06943397,9.761458
45.116,-0.11971374,0.062251143,9.759064
45.150,-0.15083931,0.045491222,9.744699
45.189,-0.14844504,0.07901107,9.768641
45.216,-0.12929083,0.083799616,9.754275
45.251,-0.12210801,0.071828246,9.771035
45.289,-0.15083931,0.052674048,9.742304
45.315,-0.13647367,0.04070267,9.761458
45.349,-0.12929083,0.057462595,9.75667
45.388,-0.12929083,0.07901107,9.766247
45.415,-0.14605077,0.043096945,9.766247
45.448,-0.11492519,0.071828246,9.761458
45.490,-0.11971374,0.035914123,9.77343
45.515,-0.16759923,0.052674048,9.742304
45.549,-0.102953814,0.062251143,9.792584
45.587,-0.14365649,0.05027977,9.771035
45.615,-0.105348095,0.08619389,9.766247
45.649,-0.11971374,0.05506832,9.761458
45.688,-0.14844504,0.071828246,9.766247
45.729,-0.11253092,0.045491222,9.771035
45.749,-0.12929083,0.08858817,9.737515
45.790,-0.11492519,0.035914123,9.759064
45.829,-0.13886794,0.052674048,9.763853
45.856,-0.13647367,0.062251143,9.761458
45.888,-0.13168511,0.06943397,9.735122
45.929,-0.12929083,0.05506832,9.749487
45.956,-0.13647367,0.05506832,9.751882
45.988,-0.13168511,0.052674048,9.730332
46.029,-0.13886794,0.071828246,9.759064
46.056,-0.12450229,0.06464542,9.75667
46.089,-0.1340794,0.062251143,9.751882
46.128,-0.15323359,0.05027977,9.754275
46.155,-0.105348095,0.071828246,9.73991
46.188,-0.12210801,0.062251143,9.747093
46.230,-0.12929083,0.06464542,9.73991
46.256,-0.14365649,0.057462595,9.783007
46.288,-0.14365649,0.052674048,9.75667
46.331,-0.11492519,0.07422252,9.73991
46.355,-0.14365649,0.047885496,9.754275
46.389,-0.12689656,0.06464542,9.761458
46.429,-0.14605077,0.062251143,9.747093
46.460,-0.13886794,0.08858817,9.737515
46.488,-0.105348095,0.035914123,9.785401
46.528,-0.18196489,0.06464542,9.751882
46.570,-0.102953814,0.062251143,9.754275
46.589,-0.11971374,0.08858817,9.747093
46.628,-0.14605077,0.031125572,9.768641
46.668,-0.105348095,0.08140534,9.766247
46.690,-0.16041641,0.05027977,9.744699
46.729,-0.14365649,0.08858817,9.744699
46.769,-0.057462595,0.011971374,9.783007
46.796,-0.15323359,0.062251143,9.783007
46.828,-0.22266756,0.05027977,9.699207
46.871,-0.062251143,0.031125572,9.768641
46.895,-0.11013664,0.07422252,9.73991
46.929,-0.17478207,0.04070267,9.73991
46.964,-0.14605077,0.052674048,9.75667
46.994,-0.11492519,0.076616794,9.742304
47.027,-0.16281068,0.03351985,9.703996
47.067,-0.11253092,0.08619389,9.77343
47.094,-0.11253092,0.07901107,9.780613
47.127,-0.11971374,0.0670397,9.737515
47.168,-0.1340794,0.052674048,9.730332
47.195,-0.15562786,0.12450229,9.759064
47.230,-0.09337672,0.04070267,9.804555
47.267,-0.102953814,0.102953814,9.692024
47.296,-0.18675344,0.083799616,9.727939
47.328,-0.16759923,0.016759925,9.747093
47.368,-0.12210801,0.052674048,9.775824
47.396,-0.11971374,0.09337672,9.699207
47.429,-0.17478207,0.0670397,9.751882
47.469,-0.16281068,0.052674048,9.778218
47.508,-0.038308397,0.07901107,9.744699
47.535,-0.14844504,0.083799616,9.718362
47.567,-0.13886794,0.031125572,9.768641
47.607,-0.11492519,0.10774237,9.775824
47.635,-0.14365649,0.045491222,9.744699
47.669,-0.102953814,0.08858817,9.732727
47.709,-0.16281068,0.038308397,9.763853
47.736,-0.14605077,0.0670397,9.751882
47.770,-0.10774237,0.09577099,9.787795
47.808,-0.13886794,0.023942748,9.775824
47.835,-0.17957062,-0.023942748,9.79019
47.867,-0.15323359,0.15323359,9.696813
47.910,-0.052674048,0.04070267,9.77343
47.935,-0.23942748,0.047885496,9.730332
47.969,-0.076616794,0.098165266,9.751882
48.009,-0.20111908,0.016759925,9.749487
48.035,-0.17478207,0.08140534,9.730332
48.069,-0.11253092,0.026337024,9.75667
48.108,-0.11013664,0.083799616,9.742304
48.135,-0.15323359,0.016759925,9.75667
48.169,-0.11013664,0.105348095,9.828498
48.209,-0.10774237,0.026337024,9.737515
48.250,-0.20351335,0.05985687,9.75667
48.270,-0.09577099,0.06464542,9.75667
48.310,-0.10055954,0.076616794,9.75667
48.349,-0.17478207,0.04070267,9.761458
48.376,-0.12929083,0.047885496,9.77343
48.408,-0.10055954,0.08858817,9.771035
48.448,-0.17717634,0.047885496,9.732727
48.475,-0.105348095,0.07422252,9.742304
48.507,-0.105348095,0.047885496,9.79019
48.548,-0.15562786,0.052674048,9.768641
48.574,-0.11013664,0.05985687,9.7135725
48.607,-0.11492519,0.0670397,9.768641
48.649,-0.15562786,0.06464542,9.754275
48.675,-0.1340794,0.076616794,9.754275
48.709,-0.083799616,0.06464542,9.780613
48.748,-0.1699935,0.06943397,9.768641
48.774,-0.11492519,0.05506832,9.747093
48.808,-0.14365649,0.045491222,9.761458
48.849,-0.08858817,0.05985687,9.761458
48.875,-0.09577099,0.031125572,9.742304
48.909,-0.1699935,0.06464542,9.708784
48.949,-0.102953814,0.043096945,9.787795
48.975,-0.10774237,0.07901107,9.727939
49.009,-0.11253092,0.0670397,9.761458
49.048,-0.12929083,0.05506832,9.749487
49.089,-0.12929083,0.05506832,9.759064
49.109,-0.117319465,0.052674048,9.75667
49.148,-0.14126222,0.05506832,9.737515
49.187,-0.11013664,0.045491222,9.77343
49.210,-0.15562786,0.0670397,9.778218
49.249,-0.117319465,0.045491222,9.763853
49.288,-0.15083931,0.0670397,9.732727
49.315,-0.076616794,0.11971374,9.77343
49.348,-0.14365649,0.031125572,9.778218
49.388,-0.14365649,0.08858817,9.732727
49.415,-0.117319465,0.016759925,9.747093
49.448,-0.14126222,0.10055954,9.754275
49.486,-0.11971374,0.028731298,9.73991
49.514,-0.16281068,0.06943397,9.771035
49.549,-0.12929083,0.071828246,9.751882
49.591,-0.117319465,0.035914123,9.79019
49.614,-0.17717634,0.06943397,9.759064
49.647,-0.105348095,0.06943397,9.711179
49.688,-0.13647367,0.0670397,9.715967
49.715,-0.18196489,0.07422252,9.72315
49.750,-0.11013664,0.04070267,9.77343
49.788,-0.17238778,0.062251143,9.766247
49.815,-0.12210801,0.08858817,9.737515
49.849,-0.16281068,0.0023942748,9.72315
49.887,-0.13168511,0.11971374,9.72315
49.930,-0.102953814,0.05506832,9.771035
49.955,-0.12689656,0.03351985,9.732727
49.989,-0.17238778,0.028731298,9.75667
50.028,-0.09337672,0.045491222,9.881172
50.054,-0.11013664,0.13886794,9.75667
50.088,-0.17717634,-0.026337024,9.677659
50.127,-0.33759275,-0.05985687,9.732727
50.159,0.019154198,0.2657645,9.641745
50.188,0.0,-0.009577099,9.876384
50.228,-0.11492519,0.17717634,9.763853
50.255,-0.20351335,-0.057462595,9.866806
50.290,-0.18196489,0.035914123,9.73991
50.329,-0.24182175,-0.05985687,9.967366
50.355,0.021548472,0.117319465,9.60583
50.388,-0.07901107,0.11013664,9.833286
50.429,-0.12929083,0.019154198,9.759064
50.455,-0.21069619,0.03351985,9.792584
50.488,-0.13886794,0.07422252,9.768641
50.528,-0.13886794,0.05506832,9.75667
50.554,-0.17238778,0.031125572,9.744699
50.589,-0.12210801,0.06464542,9.771035
50.628,-0.11013664,0.0670397,9.766247
50.656,-0.16520496,0.031125572,9.761458
50.689,-0.13886794,0.0670397,9.768641
50.730,-0.14605077,0.05027977,9.775824
50.756,-0.14365649,0.047885496,9.737515
50.795,-0.11492519,0.0670397,9.75667
50.830,-0.14126222,0.05506832,9.768641
50.856,-0.16281068,0.045491222,9.751882
50.895,-0.1340794,0.057462595,9.761458
50.930,-0.117319465,0.08619389,9.763853
50.969,-0.16041641,0.031125572,9.754275
50.991,-0.15323359,0.04070267,9.759064
51.029,-0.13168511,0.0670397,9.742304
51.069,-0.12689656,0.057462595,9.759064
51.096,-0.1340794,0.047885496,9.73991
51.129,-0.13647367,0.05506832,9.742304
51.168,-0.1340794,0.057462595,9.751882
51.195,-0.1340794,0.05985687,9.759064
51.229,-0.15083931,0.052674048,9.751882
51.269,-0.11013664,0.07901107,9.766247
51.296,-0.14365649,0.05985687,9.766247
51.329,-0.1340794,0.045491222,9.77343
51.370,-0.12689656,0.05985687,9.763853
51.396,-0.14126222,0.06943397,9.77343
51.430,-0.15562786,0.045491222,9.763853
51.469,-0.12689656,0.062251143,9.73991
51.495,-0.12689656,0.057462595,9.771035
51.529,-0.14126222,0.043096945,9.761458
51.569,-0.13647367,0.035914123,9.754275
51.607,-0.1340794,0.05027977,9.766247
51.635,-0.15562786,0.05985687,9.780613
51.670,-0.12450229,0.045491222,9.768641
51.709,-0.12929083,0.05506832,9.744699
51.731,-0.14605077,0.047885496,9.759064
51.768,-0.15083931,0.052674048,9.768641
51.808,-0.12210801,0.083799616,9.759064
51.835,-0.117319465,0.07901107,9.759064
51.868,-0.14605077,0.031125572,9.742304
51.910,-0.14126222,0.05506832,9.75667
51.935,-0.13168511,0.057462595,9.747093
51.969,-0.11971374,0.045491222,9.761458
52.009,-0.15562786,0.035914123,9.75667
52.036,-0.14365649,0.0670397,9.744699
52.068,-0.14605077,0.071828246,9.751882
52.110,-0.1340794,0.057462595,9.766247
52.136,-0.15083931,0.052674048,9.759064
52.167,-0.15083931,0.05985687,9.75667
52.209,-0.11971374,0.07422252,9.775824
52.236,-0.14126222,0.07901107,9.732727
52.270,-0.16520496,0.021548472,9.747093
52.308,-0.15083931,0.07901107,9.763853
52.336,-0.12689656,0.05985687,9.768641
52.368,-0.11971374,0.0670397,9.759064
52.409,-0.14844504,0.043096945,9.751882
52.450,-0.14844504,0.043096945,9.775824
52.469,-0.14126222,0.083799616,9.744699
52.508,-0.13168511,0.05506832,9.766247
52.549,-0.15562786,0.043096945,9.75667
52.575,-0.14844504,0.04070267,9.763853
52.607,-0.117319465,0.06943397,9.761458
52.648,-0.11971374,0.05506832,9.742304
52.675,-0.14844504,0.03351985,9.763853
52.709,-0.13168511,0.062251143,9.761458
52.748,-0.13647367,0.062251143,9.77343
52.776,-0.12210801,0.07422252,9.766247
52.812,-0.13168511,0.0670397,9.75667
52.850,-0.14605077,0.043096945,9.75667
52.876,-0.12929083,0.052674048,9.759064
52.909,-0.14126222,0.057462595,9.749487
52.949,-0.16041641,0.057462595,9.766247
52.976,-0.15323359,0.05027977,9.771035
53.008,-0.15083931,0.057462595,9.737515
53.048,-0.13886794,0.05027977,9.771035
53.075,-0.12210801,0.035914123,9.763853
53.109,-0.12929083,0.05985687,9.749487
53.149,-0.14844504,0.04070267,9.768641
53.178,-0.15323359,0.045491222,9.744699
53.209,-0.11971374,0.062251143,9.763853
53.249,-0.12689656,0.05027977,9.744699
53.276,-0.13168511,0.05506832,9.763853
53.310,-0.13168511,0.057462595,9.759064
53.350,-0.15323359,0.047885496,9.747093
53.376,-0.12450229,0.05027977,9.775824
53.416,-0.1340794,0.043096945,9.749487
53.450,-0.14605077,0.043096945,9.751882
53.488,-0.14365649,0.076616794,9.751882
53.515,-0.12929083,0.052674048,9.75667
53.548,-0.13886794,0.043096945,9.766247
53.589,-0.14365649,0.06943397,9.742304
53.615,-0.14126222,0.05027977,9.75667
53.649,-0.13168511,0.06943397,9.778218
53.689,-0.11971374,0.052674048,9.77343
53.718,-0.15802214,0.052674048,9.766247
53.750,-0.12929083,0.045491222,9.77343
53.787,-0.12929083,0.071828246,9.759064
53.814,-0.14844504,0.045491222,9.754275
53.847,-0.14365649,0.04070267,9.768641
53.888,-0.12210801,0.05985687,9.763853
53.914,-0.13168511,0.06464542,9.766247
53.948,-0.14844504,0.047885496,9.766247
53.987,-0.15083931,0.043096945,9.771035
54.029,-0.12210801,0.0670397,9.771035
54.049,-0.14126222,0.0670397,9.742304
54.089,-0.1340794,0.021548472,9.751882
54.129,-0.14365649,0.05506832,9.759064
54.158,-0.11253092,0.05506832,9.759064
54.188,-0.14605077,0.06943397,9.759064
54.216,-0.16041641,0.05027977,9.761458
54.255,-0.13647367,0.05027977,9.754275
54.288,-0.13168511,0.05027977,9.747093
54.329,-0.09337672,0.10774237,9.73991
54.355,-0.16281068,0.016759925,9.754275
54.388,-0.17238778,0.045491222,9.759064
54.431,-0.102953814,0.08619389,9.775824
54.456,-0.1699935,-0.009577099,9.761458
54.489,-0.15083931,0.052674048,9.766247
54.529,-0.08140534,0.09337672,9.751882
54.555,-0.15802214,0.023942748,9.749487
54.588,-0.12689656,0.07901107,9.768641
54.627,-0.117319465,0.062251143,9.759064
54.655,-0.15323359,0.05985687,9.77343
54.688,-0.13886794,0.0670397,9.749487
54.728,-0.117319465,0.062251143,9.761458
54.755,-0.16281068,0.052674048,9.759064
54.790,-0.16759923,0.014365649,9.768641
54.828,-0.090982445,0.10774237,9.768641
54.869,-0.16281068,0.035914123,9.742304
54.888,-0.14605077,0.038308397,9.737515
54.929,-0.16041641,0.0670397,9.749487
54.970,-0.09577099,0.071828246,9.783007
54.995,-0.15083931,0.05027977,9.785401
55.030,-0.15083931,0.028731298,9.77343
55.056,-0.11971374,0.076616794,9.761458
55.095,-0.13647367,0.026337024,9.763853
55.127,-0.15083931,0.047885496,9.732727
55.169,-0.13168511,0.035914123,9.761458
55.196,-0.14605077,0.07422252,9.75667
55.228,-0.11971374,0.06464542,9.742304
55.268,-0.13647367,0.06464542,9.766247
55.297,-0.13647367,0.07901107,9.730332
55.329,-0.13647367,0.047885496,9.754275
55.368,-0.16281068,0.05985687,9.751882
55.395,-0.16281068,0.035914123,9.751882
55.428,-0.11492519,0.04070267,9.766247
55.468,-0.12210801,0.102953814,9.727939
55.494,-0.14844504,0.038308397,9.75667
55.527,-0.16520496,0.038308397,9.749487
55.568,-0.14126222,0.06464542,9.744699
55.594,-0.11492519,0.057462595,9.75667
55.628,-0.13886794,0.076616794,9.763853
55.668,-0.13886794,0.057462595,9.768641
55.696,-0.15562786,0.05027977,9.75667
55.728,-0.13647367,0.062251143,9.775824
55.768,-0.14844504,0.057462595,9.766247
55.796,-0.14365649,0.0670397,9.754275
55.829,-0.12929083,0.05027977,9.75667
55.870,-0.15083931,0.06464542,9.749487
55.908,-0.13647367,0.057462595,9.744699
55.935,-0.1340794,0.05506832,9.761458
55.968,-0.13168511,0.05506832,9.75667
56.008,-0.15802214,0.052674048,9.759064
56.035,-0.13168511,0.045491222,9.771035
56.069,-0.12929083,0.0670397,9.763853
56.108,-0.13647367,0.05506832,9.75667
56.135,-0.14365649,0.05506832,9.761458
56.168,-0.12929083,0.05506832,9.751882
56.209,-0.14605077,0.047885496,9.768641
56.235,-0.14365649,0.052674048,9.742304
56.268,-0.15323359,0.06464542,9.744699
56.307,-0.12689656,0.06943397,9.754275
56.335,-0.11971374,0.05506832,9.742304
56.369,-0.14126222,0.05506832,9.735122
56.409,-0.11013664,0.08140534,9.754275
56.435,-0.13647367,0.043096945,9.771035
56.470,-0.14126222,0.04070267,9.754275
56.507,-0.13886794,0.0670397,9.732727
56.536,-0.12929083,0.038308397,9.763853
56.574,-0.12929083,0.07422252,9.735122
56.607,-0.11253092,0.04070267,9.735122
56.648,-0.17478207,0.03351985,9.701602
56.669,-0.13886794,0.0670397,9.759064
56.709,-0.1340794,0.043096945,9.780613
56.750,-0.14844504,0.043096945,9.754275
56.775,-0.1340794,0.04070267,9.768641
56.809,-0.15802214,0.07422252,9.754275
56.849,-0.12450229,0.045491222,9.73991
56.876,-0.10774237,0.071828246,9.751882
56.909,-0.16281068,0.038308397,9.747093
56.951,-0.083799616,0.083799616,9.780613
56.974,-0.13647367,0.05506832,9.766247
57.011,-0.14365649,0.062251143,9.761458
57.049,-0.12450229,0.0670397,9.763853
57.074,-0.16759923,0.031125572,9.744699
57.107,-0.15562786,0.035914123,9.725544
57.148,-0.11253092,0.090982445,9.766247
57.175,-0.12450229,0.07901107,9.754275
57.209,-0.14605077,0.011971374,9.751882
57.249,-0.11013664,0.11492519,9.766247
57.275,-0.11492519,0.026337024,9.759064
57.309,-0.14126222,0.05506832,9.749487
57.349,-0.083799616,0.07422252,9.759064
57.377,-0.12450229,0.035914123,9.749487
57.408,-0.15802214,0.08858817,9.763853
57.449,-0.083799616,0.045491222,9.759064
57.489,-0.18196489,0.026337024,9.732727
57.510,-0.20590763,0.028731298,9.828498
57.548,-0.102953814,0.06943397,9.787795
57.576,-0.08858817,0.12929083,9.75667
57.614,-0.16041641,-0.019154198,9.742304
57.648,-0.11492519,0.13886794,9.778218
57.688,-0.15562786,0.031125572,9.72315
57.714,-0.24182175,0.019154198,9.73991
57.748,-0.062251143,0.09337672,9.718362
57.788,-0.13647367,0.05985687,9.72315
57.815,-0.14605077,0.043096945,9.768641
57.848,-0.11971374,0.09577099,9.763853
57.889,-0.16041641,0.009577099,9.754275
57.914,-0.13886794,0.026337024,9.751882
57.948,-0.09337672,0.098165266,9.751882
57.987,-0.15323359,0.028731298,9.75667
58.014,-0.15083931,0.071828246,9.780613
58.048,-0.10774237,0.071828246,9.775824
58.088,-0.18196489,0.05027977,9.703996
58.115,-0.10774237,0.12210801,9.761458
58.148,-0.098165266,0.021548472,9.761458
58.188,-0.18914771,0.12210801,9.747093
58.215,-0.098165266,0.0071828244,9.754275
58.249,-0.17717634,0.045491222,9.75667
58.287,-0.16759923,0.0071828244,9.763853
58.329,-0.10774237,0.076616794,9.75667
58.355,-0.16520496,0.11013664,9.735122
58.389,-0.11971374,-0.023942748,9.749487
58.416,-0.12929083,0.14605077,9.665688
58.450,-0.17478207,0.031125572,9.751882
58.489,-0.117319465,0.06464542,9.759064
58.518,-0.14126222,0.13168511,9.75667
58.557,-0.12689656,-0.014365649,9.77343
58.587,-0.15802214,0.11971374,9.749487
58.627,-0.10055954,0.026337024,9.759064
58.655,-0.18675344,0.07422252,9.747093
58.688,-0.14605077,0.03351985,9.768641
58.728,-0.11971374,0.10055954,9.749487
58.755,-0.14365649,0.090982445,9.75667
58.787,-0.10055954,0.026337024,9.780613
58.829,-0.13886794,0.076616794,9.735122
58.856,-0.13886794,0.038308397,9.749487
58.888,-0.13168511,0.045491222,9.759064
58.929,-0.11253092,0.057462595,9.766247
58.954,-0.13886794,0.045491222,9.763853
58.988,-0.18914771,0.04070267,9.761458
59.029,-0.08858817,0.06464542,9.768641
59.055,-0.12929083,0.07901107,9.737515
59.094,-0.13647367,0.057462595,9.751882
59.128,-0.43336374,-0.4932206,9.478934
59.168,0.24900457,0.29210153,7.5922456
59.194,0.54350036,0.6943397,11.80138
59.228,-0.37590113,0.50758624,9.593859
59.267,-0.0071828244,0.12450229,10.012857
59.295,-0.12689656,-0.016759925,10.099051
59.328,-0.045491222,0.17478207,9.507666
59.368,-0.09577099,0.023942748,9.660899
59.395,-0.11253092,0.1340794,9.735122
59.428,-0.052674048,0.09577099,9.715967
59.468,-0.12929083,0.04070267,9.797373
59.495,-0.023942748,0.18675344,9.732727
59.528,-0.083799616,0.052674048,9.778218
59.568,-0.10055954,0.083799616,9.751882
59.596,-0.16520496,-0.009577099,9.742304
59.628,-0.1987248,0.021548472,9.747093
59.670,-0.09577099,0.04070267,9.766247
59.696,-0.20351335,-0.0071828244,9.742304
59.729,-0.16281068,0.0023942748,9.73991
59.769,0.16520496,0.3304099,9.768641
59.796,0.035914123,0.15323359,9.816526
59.830,-0.30886146,-0.090982445,9.747093
59.868,0.083799616,0.21309046,9.79019
59.895,0.045491222,0.14365649,9.771035
59.929,-0.30646718,-0.0023942748,9.711179
59.969,-0.076616794,0.019154198,9.785401
59.996,0.10774237,0.23224466,9.79019
