timestamp,x,y,z,roll,pitch,yaw
00.012,-0.006404922,0.0142899705,-0.009821491,-0.0,0.0,0.0
00.051,-0.0021288656,-0.0064794477,-0.011043222,-0.0,-0.0,0.0
00.072,-0.018622227,0.0020726656,-0.012875818,-0.0,0.0,0.0
00.113,-0.007015787,-0.0052577173,0.010337062,-0.0,0.0,0.0
00.153,0.016807957,-0.021140212,-0.003712839,-0.0,-0.0,0.0
00.173,0.019862283,-0.024805404,-0.014708413,-0.0,-0.0,0.0
00.213,0.01925142,-0.033357516,-0.001269378,-0.0,-0.0,0.0
00.255,0.001536326,-0.026638001,-0.0061563,-0.0,-0.0,0.0
00.274,-0.01312444,-0.0125881005,-0.007988896,-0.0,-0.0,0.0
00.313,-0.019843958,0.010624778,-0.0018802432,-0.0,0.0,0.0
00.353,-0.003961461,0.008792184,0.00667187,0.0,-0.0,-0.0
00.395,-0.0027397305,0.0142899705,0.00056321773,0.0,-0.0,-0.0
00.413,-0.013735305,0.03261593,-0.0031019738,-0.0,0.0,0.0
00.453,-0.008237517,0.0057378574,-0.004323704,-0.0,0.0,0.0
00.492,-0.0021288656,-0.009533773,-0.007988896,-0.0,-0.0,0.0
00.515,-0.010070113,-0.007090313,-0.0055454345,-0.0,-0.0,0.0
00.554,-0.01434617,0.0057378574,0.0078936005,0.0,-0.0,-0.0
00.594,0.014364496,0.0032943962,0.011558793,-0.0,-0.0,0.0
00.616,0.016807957,0.016122567,0.01583485,-0.0,-0.0,0.0
00.654,-0.00029626966,0.008181319,0.006061005,0.0,-0.0,-0.0
00.694,-0.015567901,0.009403048,-0.01654101,-0.0,0.0,0.0
00.714,-0.014957035,0.0014618005,-0.015319278,-0.0,0.0,0.0
00.754,0.0027580566,0.008792184,-0.00737803,0.0,-0.0,0.0
00.792,0.0021471912,-0.015642427,-0.0049345694,-0.0,-0.0,0.0
00.812,-0.008848383,-0.013198965,0.0017849483,-0.0,0.0,0.0
00.852,-0.008848383,-0.0003707952,0.0023958134,-0.0,0.0,0.0
00.892,0.0027580566,0.0045161266,0.0023958134,-0.0,-0.0,0.0
00.913,0.011921035,0.0032943962,0.003617544,-0.0,-0.0,0.0
00.954,0.01008844,-0.015031561,0.0078936005,-0.0,-0.0,-0.0
00.981,0.0033689218,0.0057378574,0.014613118,-0.0,-0.0,0.0
01.019,0.013142766,-0.036411848,0.010947927,-0.0,-0.0,-0.0
01.060,0.005812383,-0.03213579,0.009115332,-0.0,-0.0,-0.0
01.100,-0.0021288656,-0.02175108,0.008504466,-0.00013692577,1.3405176e-05,-5.3535903e-05
01.119,-0.008237517,-0.009533773,0.0030066788,-0.0,0.0,0.0
01.159,-0.010070113,0.018566027,-4.764749e-05,-0.0,0.0,0.0
01.199,0.001536326,0.01306824,0.009115332,-0.0,-0.0,0.0
01.220,-0.0009071349,0.006959588,0.0017849483,0.0,-0.0,-0.0
01.260,-0.008237517,-0.011977235,-0.011654087,-0.0,-0.0,0.0
01.282,-0.021676553,-0.007090313,-0.019595334,-0.0,-0.0,0.0
01.335,-0.01312444,0.0039052614,-0.0061563,-0.0,0.0,0.0
01.357,-0.0076266527,0.006959588,-0.0024911084,-0.0,0.0,0.0
01.396,0.0009254609,0.0039052614,0.014613118,-0.0,-0.0,0.0
01.416,0.012531901,0.011235644,0.029273884,-0.0,-0.0,0.0
01.458,0.018640552,-0.013809831,0.03232821,-0.0,-0.0,-0.0
01.494,-0.0009071349,-0.008312043,0.00667187,-0.0,0.0,0.0
01.534,-0.0021288656,-0.002203391,0.0023958134,-0.0,0.0,0.0
01.555,-0.0015180002,-0.007090313,-0.0067671654,-0.0,-0.0,0.0
01.595,-0.020454822,0.02711814,-0.021427931,-0.0,0.0,0.0
01.633,0.005812383,0.0124573745,-0.00737803,5.2171483e-05,-2.4341278e-05,3.0899606e-05
01.653,0.015586226,0.014900836,0.00056321773,-0.0,-0.0,0.0
01.694,0.01375363,0.0051269922,0.012780522,-0.0,-0.0,0.0
01.736,-0.010680979,-0.03824444,0.015223984,-0.0,0.0,0.0
01.753,-0.016178766,-0.027859733,0.0042284094,-0.0,0.0,0.0
01.793,-0.008237517,-0.013198965,0.0017849483,-0.0,0.0,0.0
01.833,0.052849006,-0.027248865,0.010947927,-0.0,-0.0,-0.0
01.853,0.057125065,-0.015031561,0.0054501398,-0.0,-0.0,-0.0
01.894,-0.003350596,0.02100949,0.00056321773,0.0,-0.0,-0.0
01.934,-0.029006938,0.026507275,-0.011043222,-0.0,0.0,0.0
01.954,-0.021676553,0.021620354,-0.0061563,-0.0,0.0,0.0
01.994,-0.011902709,0.008181319,-0.0006585127,-0.0,0.0,0.0
02.034,-0.007015787,0.009403048,0.001174083,0.0,-0.0,-0.0
02.055,0.0052015176,0.007570453,-0.0024911084,0.0,-0.0,0.0
02.095,0.0052015176,0.014900836,-0.009210627,0.0,-0.0,0.0
02.135,-0.008848383,0.009403048,0.0048392746,0.0,-0.0,-0.0
02.175,0.0003145956,0.0142899705,0.001174083,5.5013195e-05,-1.2112473e-06,-4.5199245e-06
02.197,0.011921035,-0.016253293,0.001174083,-0.0,-0.0,-0.0
02.233,-0.008848383,0.021620354,0.00056321773,0.0,-0.0,-0.0
02.274,-0.024730878,0.029561602,0.012169657,0.0,-0.0,-0.0
02.294,-0.017400498,0.013679106,0.011558793,0.0,-0.0,-0.0
02.335,-0.0021288656,0.010624778,0.011558793,0.0,-0.0,-0.0
02.379,0.0009254609,0.0124573745,0.043323785,-0.0,-0.0,0.0
02.394,-0.0076266527,0.0039052614,0.048821572,0.0,-0.0,-0.0
02.434,-0.034504723,0.022842085,0.051265035,0.00040421946,0.0006100035,-0.0009067019
02.474,-0.015567901,-0.0064794477,0.050654165,-0.0,0.0,0.0
02.494,-0.005183192,-0.007701178,0.040880326,-0.0,0.0,0.0
02.534,-0.025341745,-0.011366369,0.044545516,-0.0,0.0,0.0
02.562,-0.036948185,0.0008509353,0.040880326,0.0,-0.0,-0.0
02.598,-0.022287419,0.017344298,0.031717345,0.0,-0.0,-0.0
02.643,0.0003145956,0.022231217,0.037825998,-0.0,-0.0,0.0
02.674,-0.012513574,0.019176893,0.011558793,0.0,-0.0,-0.0
02.696,-0.03328299,0.024063814,-0.023260526,-0.0,0.0,0.0
02.736,-0.053441547,0.0039052614,-0.055636384,-0.0,0.0,0.0
02.773,-0.030228667,0.029561602,-0.07090801,-0.0,0.0,0.0
02.814,-0.019843958,0.03994631,-0.05624725,-0.0,0.0,0.0
02.833,-0.020454822,0.044222366,-0.046473406,-0.0,0.0,0.0
02.873,-0.0009071349,0.021620354,-0.04097562,-0.0,0.0,0.0
02.897,0.0265818,0.0014618005,-0.025703987,0.0,-0.0,0.0
02.935,0.08827919,-0.06451164,-0.014097548,-0.0,-0.0,0.0
02.974,0.07300756,-0.10116356,-0.08068186,-0.0040288866,-0.0029174157,0.0032110529
03.014,0.0045906524,-0.09261145,-0.081903584,-0.0,-0.0,0.0
03.034,-0.018622227,-0.022361943,-0.051971193,-0.0,-0.0,0.0
03.075,-0.008237517,0.028950738,0.012780522,0.0,-0.0,-0.0
03.114,0.025970936,0.06560265,0.021332636,-0.0,-0.0,0.0
03.134,0.016807957,0.03261593,0.026219558,-0.0,-0.0,0.0
03.175,-0.03633732,0.040557176,-0.004323704,-0.0,0.0,0.0
03.215,-0.04916549,0.022842085,-0.028758314,-0.0,0.0,0.0
03.234,-0.038780782,0.019787759,-0.023871392,-0.0,0.0,0.0
03.274,-0.0045723263,-0.009533773,-0.0049345694,-0.0,-0.0,0.0
03.314,0.16830254,0.014900836,0.040880326,-0.0,-0.0,0.0
03.334,0.13775928,-0.018696753,0.03965859,-0.0,-0.0,-0.0
03.373,-0.13407576,0.027729006,-0.05258206,-0.0,0.0,0.0
03.413,-0.09009346,0.007570453,-0.025093123,-0.0,0.0,0.0
03.433,-0.003350596,-0.0028142561,-0.019595334,-0.0,-0.0,0.0
03.473,0.082781404,-0.011366369,-0.015319278,-0.0,-0.0,0.0
03.513,0.025970936,0.027729006,-0.026314853,0.00034404537,-0.00032212684,0.0003265049
03.533,-0.0009071349,0.019787759,-0.022038795,-0.0,0.0,0.0
03.574,0.006423248,-0.016864156,-0.008599761,-0.0,-0.0,0.0
03.613,0.01375363,-0.0028142561,-0.001269378,-0.0,-0.0,0.0
03.653,0.022305744,-0.019307617,-0.008599761,-0.0,-0.0,0.0
03.673,0.009477574,-0.0028142561,-0.021427931,-0.0,-0.0,0.0
03.714,0.0052015176,-0.009533773,-0.025093123,-0.0,-0.0,0.0
03.753,0.028414397,-0.007090313,-0.018373605,-0.0,-0.0,0.0
03.774,0.03330132,-0.019918485,-0.013486682,-0.0,-0.0,0.0
03.812,0.024749205,-0.0009816604,-0.0067671654,-0.0,-0.0,0.0
03.852,0.02291661,-0.004035987,-0.024482258,-0.0,-0.0,0.0
03.873,0.01008844,-0.008312043,-0.027536582,-0.0,-0.0,0.0
03.913,0.010699305,0.0039052614,-0.014097548,0.0,-0.0,0.0
03.952,0.027192667,-0.015642427,0.011558793,-0.0,-0.0,-0.0
03.972,0.020473149,-0.0015925257,0.012780522,-0.0,-0.0,-0.0
04.013,-0.0021288656,-0.016864156,-0.0018802432,-0.0,-0.0,0.0
04.055,0.01375363,-0.0034251215,-0.0049345694,-1.3798241e-05,-5.5409408e-05,1.9879524e-05
04.074,0.019862283,0.0039052614,-0.007988896,0.0,-0.0,0.0
04.114,0.0052015176,-0.0003707952,-0.03059091,-0.0,-0.0,0.0
04.153,-0.010070113,0.027729006,-0.03303437,-0.0,0.0,0.0
04.175,-0.01678963,0.03200506,-0.028758314,-0.0,0.0,0.0
04.215,-0.016178766,0.006959588,-0.015319278,-0.0,0.0,0.0
04.254,0.008866709,-0.004035987,-0.007988896,-0.0,-0.0,0.0
04.274,0.034523048,-0.013809831,-0.004323704,-0.0,-0.0,0.0
04.314,0.040020835,-0.007701178,-0.0202062,-9.397578e-05,-0.0004886902,0.000246707
04.355,0.014364496,0.0313942,-0.010432357,0.0,-0.0,0.0
04.374,0.011921035,0.025285546,-0.009210627,0.0,-0.0,0.0
04.416,0.003979787,0.024063814,-0.03364524,0.0,-0.0,0.0
04.454,0.0009254609,0.02467468,-0.023871392,0.0,-0.0,0.0
04.477,-0.0057940567,0.0008509353,-0.024482258,-0.0,0.0,0.0
04.515,-0.01923309,0.038113717,-0.011043222,-0.0,0.0,0.0
04.553,-0.032061264,-0.04740742,-0.010432357,-0.0,-0.0,0.0
04.593,-0.034504723,-0.017475022,0.015223984,-0.00019494527,0.00038500378,-0.00016982442
04.612,-0.013735305,0.0032943962,0.02988475,0.0,-0.0,-0.0
04.652,0.015586226,0.03200506,0.04759984,-0.0,-0.0,0.0
04.692,0.0076449784,0.020398622,0.057373684,-0.0,-0.0,0.0
04.712,-0.007015787,0.02100949,0.049432438,0.0,-0.0,-0.0
04.753,-0.055885006,0.015511702,0.038436864,0.0,-0.0,-0.0
04.792,-0.05649587,-0.013809831,0.023776097,-0.0,0.0,0.0
04.812,-0.04427857,-0.015031561,0.021332636,-0.0,0.0,0.0
04.854,-0.008237517,-0.033357516,0.010947927,-0.00032289838,7.975673e-05,-0.00010596366
04.893,-0.0076266527,0.00024007005,-0.004323704,-0.0,0.0,0.0
04.913,-0.0021288656,0.0063487226,-4.764749e-05,-0.0,0.0,0.0
04.955,0.02780353,0.007570453,0.00056321773,-0.0,-0.0,0.0
04.994,0.01375363,0.0051269922,-0.013486682,0.0,-0.0,0.0
05.014,-0.01434617,0.01673343,-0.012875818,-0.0,0.0,0.0
05.053,-0.013735305,0.016122567,0.00667187,0.0,-0.0,-0.0
05.092,0.0052015176,-0.010144639,-0.0018802432,-0.0,-0.0,0.0
05.112,0.01131017,0.00024007005,0.006061005,-0.0,-0.0,0.0
05.154,0.009477574,0.0124573745,0.010947927,-0.0,-0.0,0.0
05.193,-0.0021288656,-0.0052577173,0.0097261965,-0.0,0.0,0.0
05.214,0.0045906524,0.01184651,0.014613118,-0.0,-0.0,0.0
05.253,0.013142766,0.008792184,0.00667187,-0.0,-0.0,0.0
05.294,-0.019843958,0.01673343,-0.008599761,-0.0,0.0,0.0
05.314,-0.021676553,0.017955162,-0.013486682,-0.0,0.0,0.0
05.358,0.020473149,-0.0015925257,-0.017151875,-0.0,-0.0,0.0
05.393,0.012531901,0.0032943962,-0.001269378,1.151383e-05,-4.3798274e-05,4.436658e-06
05.417,0.009477574,-0.0034251215,0.0078936005,-0.0,-0.0,-0.0
05.453,-0.01678963,-0.018696753,0.02072177,-0.0,0.0,0.0
05.499,-0.01923309,-0.019307617,0.0097261965,-0.0,0.0,0.0
05.535,0.019862283,-0.004646852,0.0030066788,-0.0,-0.0,-0.0
05.555,0.027192667,0.0020726656,-0.0006585127,0.0,-0.0,0.0
05.596,0.009477574,0.017955162,-0.008599761,0.0,-0.0,0.0
05.617,-0.008848383,0.0063487226,0.0042284094,0.0,-0.0,-0.0
05.652,-0.021065688,-0.016253293,-0.001269378,-0.0,-0.0,0.0
05.694,-0.0076266527,-0.007090313,-0.013486682,-0.0,-0.0,0.0
05.733,0.031468723,0.025285546,0.011558793,-0.0,-0.0,0.0
05.753,0.028414397,0.062548324,0.017056579,-0.0,-0.0,0.0
05.793,0.032690454,0.04666583,0.020110905,-0.0,-0.0,0.0
05.833,0.001536326,0.021620354,0.018889176,-0.0,-0.0,0.0
05.853,-0.0314504,0.034448523,0.016445715,0.0,-0.0,-0.0
05.893,-0.045500297,0.0057378574,0.0072827353,0.0,-0.0,-0.0
05.934,-0.049776357,0.022842085,-0.004323704,0.00033682134,0.00073404616,6.363662e-05
05.953,-0.06077193,0.07781995,-0.0018802432,-0.0,0.0,0.0
05.993,-0.07604356,0.081485145,-0.008599761,-0.0,0.0,0.0
06.034,0.0027580566,0.038113717,-0.019595334,0.0,-0.0,0.0
06.053,0.058957662,0.044222366,-0.019595334,0.0,-0.0,0.0
06.093,0.07300756,0.02833987,-0.008599761,0.0,-0.0,0.0
06.133,0.017418824,0.0057378574,-0.009210627,0.0,-0.0,0.0
06.154,-0.024120014,-0.005868582,-0.025703987,-0.0,-0.0,0.0
06.193,-0.06321539,-0.0125881005,-0.023260526,-0.0002317887,0.0011627057,0.00042797846
06.233,-0.02350915,0.006959588,-0.035477832,-0.0,0.0,0.0
06.273,0.08766833,-0.04374223,-0.003712839,-0.0,-0.0,0.0
06.294,0.04857295,0.0045161266,-0.008599761,0.0,-0.0,0.0
06.333,-0.032061264,0.034448523,-0.029980045,-0.0,0.0,0.0
06.372,-0.029617801,0.040557176,-0.0018802432,-0.0,0.0,0.0
06.393,0.0021471912,0.03505939,0.010947927,-0.0,-0.0,0.0
06.433,0.04307516,0.009403048,0.016445715,-0.0,-0.0,0.0
06.475,0.02291661,0.0032943962,0.0097261965,2.2202317e-05,-0.00015448059,-6.556215e-05
06.494,-0.0057940567,0.0063487226,0.0048392746,0.0,-0.0,-0.0
06.532,-0.02595261,-0.0028142561,-0.012264953,-0.0,-0.0,0.0
06.573,-0.0009071349,-0.009533773,0.003617544,-0.0,0.0,0.0
06.593,0.019862283,-0.015031561,0.003617544,-0.0,-0.0,-0.0
06.633,0.012531901,0.010013914,0.0017849483,-0.0,-0.0,0.0
06.672,0.003979787,-0.015031561,0.012780522,-0.0,-0.0,-0.0
06.693,-0.003350596,-0.002203391,0.0023958134,-0.0,0.0,0.0
06.732,-0.02839607,-0.016253293,-0.003712839,-0.00014366832,0.00025099286,3.2836128e-05
06.772,-0.018011361,0.0014618005,-0.008599761,-0.0,0.0,0.0
06.792,-0.005183192,0.016122567,-0.0006585127,-0.0,0.0,0.0
06.834,0.03207959,0.033837657,0.0017849483,-0.0,-0.0,0.0
06.874,0.028414397,-0.015031561,0.009115332,-0.0,-0.0,-0.0
06.913,-0.029006938,0.05155275,0.046378113,0.0,-0.0,-0.0
06.934,-0.04488943,0.05521794,0.05431936,0.0,-0.0,-0.0
06.973,-0.061382793,0.09309159,0.046378113,0.0,-0.0,-0.0
07.013,-0.097423844,0.062548324,0.09280387,0.0024978404,0.0038747832,-0.0037002813
07.036,-0.12552364,0.083928615,0.116016746,0.0,-0.0,-0.0
07.073,-0.14812566,0.09920024,0.104410306,0.0,-0.0,-0.0
07.114,-0.08520654,0.05033102,0.0799757,0.0,-0.0,-0.0
07.133,-0.05649587,0.043611504,0.06348234,0.0,-0.0,-0.0
07.173,-0.055274144,0.029561602,-0.01654101,-0.0,0.0,0.0
07.213,-0.07726529,0.047276694,-0.017151875,-0.0,0.0,0.0
07.233,-0.07604356,0.06682438,-0.022649663,-0.0,0.0,0.0
07.273,-0.05160895,0.088815525,-0.06541023,0.002901055,0.0016898934,0.002135426
07.313,-0.0076266527,0.11508273,-0.10267301,-0.0,0.0,0.0
07.335,0.016197093,0.11080668,-0.11427945,0.0,-0.0,0.0
07.374,0.09377698,0.07781995,-0.13932492,0.0,-0.0,0.0
07.412,0.09988563,0.059494,-0.15459655,0.0,-0.0,0.0
07.432,0.072396696,0.03505939,-0.17536597,0.0,-0.0,0.0
07.473,0.028414397,0.03505939,-0.19552451,0.0,-0.0,0.0
07.518,0.04735122,0.019176893,-0.110614255,0.0,-0.0,0.0
07.534,0.04551862,0.02589641,-0.069686286,0.00060678256,-0.0010645324,0.0016308159
07.573,0.05529247,0.02100949,-0.039753888,0.0,-0.0,0.0
07.614,0.040631704,-0.032746654,0.010337062,-0.0,-0.0,-0.0
07.633,0.01008844,-0.031524923,0.018889176,-0.0,-0.0,-0.0
07.675,-0.03328299,-0.0107555045,-0.004323704,-0.0,-0.0,0.0
07.713,0.0045906524,-0.041298766,-0.026314853,-0.0,-0.0,0.0
07.734,0.0052015176,-0.037633575,-0.040364753,-0.0,-0.0,0.0
07.772,0.084003136,-0.02175108,0.0042284094,-0.0,-0.0,-0.0
07.811,-0.02839607,0.04483323,-0.014097548,0.0006607638,0.0004186048,0.0002076487
07.852,-0.08703913,0.04666583,0.00056321773,0.0,-0.0,-0.0
07.872,-0.062604524,0.03628112,0.016445715,0.0,-0.0,-0.0
07.912,0.0265818,-0.022361943,-0.015319278,-0.0,-0.0,0.0
07.953,0.02169488,0.0057378574,0.0072827353,-0.0,-0.0,0.0
07.972,0.01925142,-0.004646852,0.026219558,-0.0,-0.0,-0.0
08.013,0.008866709,-0.0107555045,0.01827831,-0.0,-0.0,-0.0
08.052,-0.01923309,-0.009533773,0.026219558,-0.0,0.0,0.0
08.074,-0.0076266527,-0.020529348,0.045767248,-0.00027956165,0.00010395632,-0.0006233005
08.112,0.01131017,-0.0015925257,0.03232821,-0.0,-0.0,-0.0
08.153,0.03207959,0.0020726656,0.032939076,-0.0,-0.0,0.0
08.172,0.05223814,-0.0034251215,0.031717345,-0.0,-0.0,-0.0
08.213,0.047962084,-0.002203391,-0.0049345694,-0.0,-0.0,0.0
08.254,0.005812383,-0.005868582,-4.764749e-05,-0.0,-0.0,0.0
08.273,0.0009254609,0.019787759,0.02072177,-0.0,-0.0,0.0
08.312,0.014364496,0.07293303,0.044545516,-0.0,-0.0,0.0
08.353,-0.0009071349,0.0735439,-0.011654087,0.0014700139,1.8303293e-05,0.00023293174
08.372,-0.013735305,0.062548324,-0.05624725,-0.0,0.0,0.0
08.412,-0.01434617,-0.0144206965,-0.15154222,-0.0,-0.0,0.0
08.452,-0.036948185,0.023452949,-0.14787702,-0.0,0.0,0.0
08.473,-0.04488943,-0.0015925257,-0.1448227,-0.0,-0.0,0.0
08.520,-0.094369516,0.04483323,-0.07946013,-0.0,0.0,0.0
08.553,0.027192667,0.07720909,0.059817147,-0.0,-0.0,0.0
08.579,0.076672755,0.06315919,0.14533828,-0.0,-0.0,0.0
08.613,-0.032672126,0.1297435,0.13251011,0.006561126,0.0016288629,-0.0067008017
08.653,-0.12918884,0.05155275,0.14350569,0.0,-0.0,-0.0
08.692,-0.06871318,0.052163616,0.10502117,0.0,-0.0,-0.0
08.712,-0.06565885,0.03261593,0.11418415,0.0,-0.0,-0.0
08.753,-0.082763076,0.03505939,0.13739704,0.0,-0.0,-0.0
08.792,-0.039391644,-0.02908146,0.17588155,-0.0,0.0,0.0
08.813,-0.036948185,-0.044353094,0.19115317,-0.0,0.0,0.0
08.852,-0.03633732,-0.022361943,0.1520578,-0.0,0.0,0.0
08.892,-0.007015787,-0.03824444,0.13495357,-0.0014408006,0.00026809963,-0.005086372
08.912,-0.011291845,-0.036411848,0.13251011,-0.0,0.0,0.0
08.952,-0.041224238,-0.041298766,0.09769079,-0.0,0.0,0.0
08.992,-0.043056834,-0.040077038,0.079364836,-0.0,0.0,0.0
09.013,-0.055885006,-0.0406879,0.07386705,-0.0,0.0,0.0
09.053,-0.07482183,-0.004646852,0.05798455,-0.0,0.0,0.0
09.092,-0.046111163,-0.015031561,0.072645314,-0.0,0.0,0.0
09.112,-0.026563475,-0.010144639,0.069590986,-0.0,0.0,0.0
09.153,-0.022898283,-0.02908146,0.036604267,-0.00040628793,0.00032007304,-0.0005114247
09.193,-0.063826256,-0.031524923,0.02072177,-0.0,0.0,0.0
09.214,-0.063826256,-0.028470596,0.01950004,-0.0,0.0,0.0
09.252,-0.0009071349,-0.08161587,0.037215132,-0.0,0.0,0.0
09.293,0.03330132,-0.08528107,0.07142358,-0.0,-0.0,-0.0
09.313,0.035133913,-0.10360703,0.085473485,-0.0,-0.0,-0.0
09.353,0.046740353,-0.06695511,0.09280387,-0.0,-0.0,-0.0
09.395,0.03330132,-0.0009816604,0.11051896,-0.0,-0.0,-0.0
09.433,0.0565142,0.030172465,0.09952338,-0.0,-0.0,0.0
09.453,0.06873151,0.017955162,0.07631051,-0.0,-0.0,0.0
09.496,0.065066315,0.017955162,0.017667444,-0.0,-0.0,0.0
09.516,0.05529247,0.011235644,0.0097261965,-0.0,-0.0,0.0
09.558,0.054681603,0.020398622,-0.0031019738,0.0,-0.0,0.0
09.582,0.06567718,0.021620354,-0.007988896,0.0,-0.0,0.0
09.618,0.06628804,0.0313942,-0.032423504,0.0,-0.0,0.0
09.653,0.025970936,0.047887556,-0.009210627,0.0,-0.0,0.0
09.694,0.009477574,0.030172465,0.0097261965,0.00026798263,-8.418965e-05,-8.637501e-05
09.740,0.01131017,0.008181319,0.012169657,-0.0,-0.0,0.0
09.754,0.011921035,0.007570453,0.011558793,-0.0,-0.0,0.0
09.792,0.038799107,-0.0034251215,0.029273884,-0.0,-0.0,-0.0
09.832,0.05590333,-0.042520497,0.010947927,-0.0,-0.0,-0.0
09.852,0.033912186,-0.015642427,0.006061005,-0.0,-0.0,-0.0
09.892,0.031468723,0.002683531,0.018889176,-0.0,-0.0,0.0
09.932,0.054070737,-0.007701178,0.012169657,-0.0,-0.0,-0.0
09.952,0.04857295,0.0063487226,0.0072827353,8.436701e-05,-0.0006457203,-9.6787546e-05
09.996,0.02780353,0.0020726656,0.0023958134,-0.0,-0.0,0.0
10.033,0.039409973,0.0008509353,-0.003712839,0.0,-0.0,0.0
10.053,0.03330132,-0.004035987,-0.010432357,-0.0,-0.0,0.0
10.094,0.0076449784,-0.0028142561,-0.014708413,-0.0,-0.0,0.0
10.133,0.016807957,0.007570453,-0.009210627,0.0,-0.0,0.0
10.153,0.028414397,0.008181319,0.00056321773,-0.0,-0.0,0.0
10.197,0.03818824,-0.023583675,-4.764749e-05,-0.0,-0.0,0.0
10.235,0.0070341136,-0.0003707952,-0.023260526,-2.4155563e-06,-4.5890178e-05,0.00015174976
10.272,0.011921035,-0.0003707952,-0.045251675,-0.0,-0.0,0.0
10.294,0.01375363,-0.008312043,-0.048916865,-0.0,-0.0,0.0
10.332,0.025360072,-0.011977235,-0.03059091,-0.0,-0.0,0.0
10.354,0.028414397,0.0045161266,-0.022038795,0.0,-0.0,0.0
10.392,0.021084012,0.02100949,-0.0049345694,0.0,-0.0,0.0
10.433,0.02413834,0.00024007005,0.016445715,-0.0,-0.0,0.0
10.473,0.009477574,-0.005868582,0.02988475,-0.0,-0.0,-0.0
10.497,0.0027580566,0.002683531,0.028052155,2.039432e-05,-2.0965172e-05,-0.00021321414
10.534,-0.01923309,-0.019307617,0.00667187,-0.0,0.0,0.0
10.573,-0.018011361,-0.013198965,-0.036088694,-0.0,-0.0,0.0
10.598,-0.0057940567,-0.0144206965,-0.044029944,-0.0,-0.0,0.0
10.633,-0.0045723263,0.0020726656,-0.036699563,-0.0,0.0,0.0
10.677,-0.008237517,0.02589641,-0.017151875,-0.0,0.0,0.0
10.691,-0.0027397305,0.02467468,-0.007988896,-0.0,0.0,0.0
10.733,0.01375363,-0.004646852,-0.01654101,-0.0,-0.0,0.0
10.772,0.019862283,-0.004646852,-0.018373605,-3.423468e-05,-0.00014637577,0.00013540026
10.792,0.020473149,-0.027248865,-0.008599761,-0.0,-0.0,0.0
10.832,0.003979787,-0.033968385,-0.012875818,-0.0,-0.0,0.0
10.872,-0.009459249,-0.026638001,-0.010432357,-0.0,-0.0,0.0
10.892,-0.005183192,-0.02541627,-0.009821491,-0.0,-0.0,0.0
10.932,0.006423248,0.0124573745,0.0054501398,-0.0,-0.0,0.0
10.972,0.022305744,-0.0028142561,-0.009210627,-0.0,-0.0,0.0
10.993,0.022305744,-0.007701178,-0.018373605,-0.0,-0.0,0.0
11.034,-0.017400498,0.0039052614,-0.028758314,3.5452507e-05,0.00015806076,0.0002612212
11.073,-0.010680979,-0.005868582,-0.027536582,-0.0,-0.0,0.0
11.093,-0.016178766,0.010013914,-0.028758314,-0.0,0.0,0.0
11.132,0.017418824,-0.008312043,-0.011043222,-0.0,-0.0,0.0
11.173,0.01008844,-0.0015925257,-0.014097548,-0.0,-0.0,0.0
11.213,0.008866709,-0.0034251215,-0.0202062,-0.0,-0.0,0.0
11.233,0.018640552,-0.0107555045,-0.025093123,-0.0,-0.0,0.0
11.272,0.005812383,-0.011977235,-0.031201774,-0.0,-0.0,0.0
11.313,-0.0076266527,0.013679106,-0.012875818,-0.0,0.0,0.0
11.332,0.012531901,-0.0009816604,-0.001269378,-0.0,-0.0,0.0
11.373,0.029025262,-0.03457925,-0.004323704,-0.0,-0.0,0.0
11.412,-0.018622227,0.0039052614,-0.024482258,-0.0,0.0,0.0
11.432,-0.013735305,-0.004035987,-0.018373605,-0.0,-0.0,0.0
11.472,0.014364496,-0.015642427,-0.015930144,-0.0,-0.0,0.0
11.512,-0.003350596,0.0014618005,-0.022038795,-0.0,0.0,0.0
11.533,-0.008237517,0.008181319,-0.014097548,-0.0,0.0,0.0
11.573,-0.0009071349,0.009403048,-0.001269378,2.4058807e-05,2.321051e-06,3.2478258e-06
11.612,-0.0015180002,-0.002203391,-0.0061563,-0.0,-0.0,0.0
11.634,-0.018011361,0.0051269922,-0.004323704,-0.0,0.0,0.0
11.672,-0.008237517,-0.0015925257,0.0048392746,-0.0,0.0,0.0
11.711,0.016807957,-0.0064794477,0.003617544,-0.0,-0.0,-0.0
11.733,0.008255844,0.0051269922,0.013391388,-0.0,-0.0,0.0
11.772,-0.003350596,0.0142899705,0.018889176,0.0,-0.0,-0.0
11.812,-0.0027397305,0.0020726656,-0.003712839,-0.0,0.0,0.0
11.834,-0.010680979,0.017955162,-0.00737803,0.00010678748,6.352779e-05,4.387767e-05
11.872,0.0003145956,0.01673343,-0.00737803,0.0,-0.0,0.0
11.912,0.01008844,0.015511702,-0.0202062,0.0,-0.0,0.0
11.952,0.014364496,0.0045161266,0.006061005,-0.0,-0.0,0.0
11.973,0.006423248,-0.002203391,0.014002253,-0.0,-0.0,-0.0
12.013,-0.021065688,-0.0003707952,0.006061005,-0.0,0.0,0.0
12.052,-0.003961461,-0.0028142561,0.0023958134,-0.0,0.0,0.0
12.073,0.020473149,-0.0034251215,0.015223984,-0.0,-0.0,-0.0
12.112,0.022305744,0.034448523,0.010337062,0.00039133147,-0.0002534234,-0.00011738278
12.153,-0.049776357,0.03505939,0.00056321773,0.0,-0.0,-0.0
12.172,-0.07848702,0.03505939,-0.012875818,-0.0,0.0,0.0
12.212,-0.10780855,0.08087428,0.003617544,0.0,-0.0,-0.0
12.257,-0.05160895,0.05155275,0.020110905,0.0,-0.0,-0.0
12.274,-0.009459249,0.03750285,0.023165232,0.0,-0.0,-0.0
12.312,0.013142766,0.020398622,0.014002253,-0.0,-0.0,0.0
12.352,-0.02595261,0.062548324,0.01583485,0.0,-0.0,-0.0
12.373,-0.021065688,0.06438092,0.012169657,0.0011894042,0.0003890295,-0.00022505123
12.412,-0.01678963,0.1419608,0.0042284094,0.0,-0.0,-0.0
12.456,0.0003145956,0.075376496,0.0042284094,-0.0,-0.0,0.0
12.472,-0.02595261,0.13096522,-4.764749e-05,-0.0,0.0,0.0
12.512,-0.030839533,0.083928615,-0.010432357,-0.0,0.0,0.0
12.553,-0.01434617,0.09370245,-0.01654101,-0.0,0.0,0.0
12.574,-0.003961461,0.10958494,-0.024482258,-0.0,0.0,0.0
12.614,0.037577376,0.094313316,-0.009210627,0.0,-0.0,0.0
12.653,0.09622043,0.04666583,0.012169657,0.0013475821,-0.002779821,-0.00034968002
12.672,0.08217054,0.075376496,0.024386963,-0.0,-0.0,0.0
12.713,0.041242566,0.074154764,0.050654165,-0.0,-0.0,0.0
12.752,0.019862283,0.068046115,0.042102054,-0.0,-0.0,0.0
12.792,-0.020454822,0.081485145,0.03232821,0.0,-0.0,-0.0
12.811,-0.02717434,0.069878705,0.026219558,0.0,-0.0,-0.0
12.852,-0.0009071349,0.046054963,0.00056321773,0.0,-0.0,-0.0
12.891,0.0045906524,0.055828806,0.003617544,-0.0,-0.0,0.0
12.912,-0.0021288656,0.056439675,0.006061005,0.0008605735,3.242041e-05,-9.243e-05
12.951,-0.0045723263,0.053385347,0.012780522,0.0,-0.0,-0.0
12.992,0.009477574,0.039335445,0.024997827,-0.0,-0.0,0.0
13.012,0.0052015176,0.028950738,0.018889176,-0.0,-0.0,0.0
13.052,-0.0021288656,0.026507275,-0.003712839,-0.0,0.0,0.0
13.092,0.009477574,0.016122567,-0.0018802432,0.0,-0.0,0.0
13.113,0.01131017,0.0063487226,0.0042284094,-0.0,-0.0,0.0
13.151,-0.003961461,-0.0125881005,-0.0055454345,-0.0,-0.0,0.0
13.194,-0.024730878,-0.013809831,-0.0061563,-0.0,-0.0,0.0
13.212,-0.02595261,-0.015031561,0.0078936005,-0.0,0.0,0.0
13.252,-0.012513574,-0.013809831,0.011558793,-0.0,0.0,0.0
13.294,0.003979787,0.018566027,0.012780522,-0.0,-0.0,0.0
13.313,0.016197093,0.0124573745,0.010337062,-0.0,-0.0,0.0
13.353,0.015586226,0.02100949,0.0030066788,-0.0,-0.0,0.0
13.392,-0.0015180002,0.008792184,0.0030066788,0.0,-0.0,-0.0
13.414,-0.017400498,0.02467468,-4.764749e-05,-0.0,0.0,0.0
13.461,-0.034504723,0.008181319,-0.00737803,7.95332e-05,0.00033548498,7.172169e-05
13.493,-0.01434617,-0.013809831,-0.011654087,-0.0,-0.0,0.0
13.512,-0.0057940567,-0.013809831,-0.004323704,-0.0,-0.0,0.0
13.553,-0.003350596,-0.007090313,0.012169657,-0.0,0.0,0.0
13.596,-0.0045723263,-0.0009816604,0.02988475,-0.0,0.0,0.0
13.634,-0.0009071349,0.010013914,0.017667444,0.0,-0.0,-0.0
13.654,0.0009254609,0.019787759,0.008504466,-0.0,-0.0,0.0
13.692,0.0033689218,0.01673343,-0.013486682,0.0,-0.0,0.0
13.731,-0.0015180002,0.0057378574,-0.028758314,-0.0,0.0,0.0
13.752,-0.0015180002,0.025285546,-0.02814745,-0.0,0.0,0.0
13.792,0.018640552,-0.007090313,-0.021427931,-0.0,-0.0,0.0
13.832,-0.00029626966,-0.008312043,-0.022649663,-0.0,-0.0,0.0
13.851,-0.018622227,-0.009533773,-0.004323704,-0.0,-0.0,0.0
13.896,0.005812383,-0.02175108,0.001174083,-0.0,-0.0,-0.0
13.931,0.005812383,-0.008312043,-0.010432357,-0.0,-0.0,0.0
13.951,-0.003961461,0.019787759,-0.011043222,-0.0,0.0,0.0
13.993,0.014364496,0.019787759,-0.0067671654,0.00013476537,-9.7825265e-05,4.609389e-05
14.032,0.021084012,0.0124573745,-0.01776274,0.0,-0.0,0.0
14.052,0.020473149,0.013679106,-0.020817066,0.0,-0.0,0.0
14.093,0.016807957,0.015511702,-0.02814745,0.0,-0.0,0.0
14.133,-0.0015180002,0.030172465,-0.017151875,-0.0,0.0,0.0
14.151,-0.00029626966,0.02711814,-0.0061563,-0.0,0.0,0.0
14.192,0.027192667,0.010013914,0.010337062,-0.0,-0.0,0.0
14.232,0.033912186,0.020398622,0.014002253,-0.0,-0.0,0.0
14.252,0.02780353,0.017344298,0.016445715,0.00017068093,-0.00027365694,-0.00016183584
14.292,-0.0009071349,0.020398622,0.012780522,0.0,-0.0,-0.0
14.333,-0.005183192,0.017955162,-4.764749e-05,-0.0,0.0,0.0
14.354,0.0009254609,0.009403048,-0.0049345694,0.0,-0.0,0.0
14.392,0.01131017,0.010624778,-0.011043222,0.0,-0.0,0.0
14.432,0.0033689218,0.02100949,-0.011043222,0.0,-0.0,0.0
14.454,-0.0027397305,0.019176893,-0.0024911084,-0.0,0.0,0.0
14.494,0.0009254609,-0.0034251215,0.0054501398,-0.0,-0.0,-0.0
14.532,0.015586226,0.007570453,-0.014708413,0.0,-0.0,0.0
14.572,0.01375363,-0.0028142561,-0.024482258,-0.0,-0.0,0.0
14.591,0.0052015176,0.0142899705,-0.03364524,0.0,-0.0,0.0
14.634,0.02169488,0.019176893,-0.034866966,0.0,-0.0,0.0
14.673,0.0149753615,0.0063487226,-0.022038795,0.0,-0.0,0.0
14.692,0.0076449784,0.0039052614,-0.019595334,0.0,-0.0,0.0
14.732,0.003979787,0.006959588,-0.012875818,0.0,-0.0,0.0
14.771,0.0027580566,0.022231217,-0.0067671654,0.0,-0.0,0.0
14.792,0.0009254609,0.008181319,-0.0049345694,2.1080848e-05,-2.3845046e-06,1.2714949e-05
14.831,0.0076449784,0.010013914,-0.011043222,0.0,-0.0,0.0
14.871,-0.00029626966,0.024063814,-0.007988896,-0.0,0.0,0.0
14.891,0.0003145956,0.02467468,-0.007988896,0.0,-0.0,0.0
14.931,0.01375363,0.030172465,0.0030066788,-0.0,-0.0,0.0
14.972,0.0021471912,0.03994631,0.018889176,-0.0,-0.0,0.0
14.992,0.005812383,0.022842085,0.026830424,-0.0,-0.0,0.0
15.033,-0.00029626966,0.027729006,0.010947927,0.0,-0.0,-0.0
15.072,-0.011291845,0.010624778,0.0054501398,0.0,-0.0,-0.0
15.113,-0.00029626966,0.07110044,-0.008599761,-0.0,0.0,0.0
15.133,0.01008844,0.030783333,-0.0055454345,0.0,-0.0,0.0
15.172,0.012531901,0.014900836,0.009115332,-0.0,-0.0,0.0
15.194,0.0052015176,0.01184651,0.014002253,-0.0,-0.0,0.0
15.236,-0.005183192,0.039335445,0.013391388,0.0,-0.0,-0.0
15.273,0.029025262,0.002683531,0.0054501398,-0.0,-0.0,0.0
15.293,0.03207959,0.009403048,0.008504466,-0.0,-0.0,0.0
15.338,0.020473149,0.01673343,0.01827831,0.0001443714,-0.00017666505,-0.00015770264
15.375,-0.0021288656,0.013679106,0.015223984,0.0,-0.0,-0.0
15.397,-0.01312444,0.010624778,0.013391388,0.0,-0.0,-0.0
15.434,-0.010070113,-0.02297281,0.003617544,-0.0,0.0,0.0
15.474,-0.0076266527,-0.010144639,0.0017849483,-0.0,0.0,0.0
15.495,-0.0009071349,-0.0028142561,0.00056321773,-0.0,0.0,0.0
15.534,0.005812383,0.007570453,-0.009821491,0.0,-0.0,0.0
15.575,0.0076449784,-0.0028142561,0.00667187,-0.0,-0.0,-0.0
15.612,-0.011291845,0.0008509353,-0.003712839,-0.0,0.0,0.0
15.637,-0.024730878,0.0032943962,-0.007988896,-0.0,0.0,0.0
15.674,-0.01678963,0.01306824,0.001174083,0.0,-0.0,-0.0
15.712,0.022305744,-0.011977235,-0.001269378,-0.0,-0.0,0.0
15.732,0.018029688,-0.011977235,-0.014097548,-0.0,-0.0,0.0
15.771,0.005812383,0.018566027,-0.001269378,0.0,-0.0,0.0
15.811,0.0076449784,0.01306824,0.022554368,-0.0,-0.0,0.0
15.831,0.0070341136,0.0057378574,0.013391388,-0.0,-0.0,0.0
15.871,-0.012513574,0.008181319,0.0023958134,3.3253134e-05,5.0861134e-05,-9.7386055e-06
15.911,-0.011291845,-0.011977235,0.0023958134,-0.0,0.0,0.0
15.952,0.0021471912,-0.0052577173,-4.764749e-05,-0.0,-0.0,0.0
15.972,0.008866709,-0.018085888,0.0030066788,-0.0,-0.0,-0.0
16.012,0.005812383,0.015511702,-0.0067671654,0.0,-0.0,0.0
16.032,-0.007015787,0.027729006,-0.0061563,-0.0,0.0,0.0
16.074,-0.00029626966,-0.002203391,-0.009210627,-0.0,-0.0,0.0
16.111,0.0009254609,0.02100949,-0.003712839,0.0,-0.0,0.0
16.152,0.0003145956,0.019787759,-0.0061563,0.0,-0.0,0.0
16.173,-0.00029626966,0.019176893,-0.008599761,-0.0,0.0,0.0
16.211,-0.003350596,-0.0144206965,-0.008599761,-0.0,-0.0,0.0
16.253,-0.024120014,0.0124573745,-0.001269378,-0.0,0.0,0.0
16.273,-0.013735305,0.010013914,0.0042284094,0.0,-0.0,-0.0
16.313,0.018640552,-0.007701178,0.010337062,-0.0,-0.0,-0.0
16.353,0.0003145956,0.024063814,0.012169657,-0.0,-0.0,0.0
16.371,-0.008848383,0.021620354,0.012780522,0.0,-0.0,-0.0
16.412,-0.0021288656,0.0051269922,-0.0006585127,-0.0,0.0,0.0
16.453,0.001536326,0.01306824,0.00056321773,-0.0,-0.0,0.0
16.476,0.001536326,0.0032943962,-0.004323704,0.0,-0.0,0.0
16.511,-0.003961461,-0.004646852,-0.007988896,-0.0,-0.0,0.0
16.554,-0.018011361,0.009403048,-0.0006585127,-0.0,0.0,0.0
16.572,-0.01678963,0.0045161266,0.006061005,0.0,-0.0,-0.0
16.611,0.010699305,-0.016253293,0.0048392746,-0.0,-0.0,-0.0
16.652,0.0076449784,-0.0028142561,-0.00737803,-0.0,-0.0,0.0
16.671,-0.010680979,0.02589641,0.00056321773,0.00019476788,8.033156e-05,-4.243801e-06
16.712,-0.011902709,0.006959588,0.0054501398,0.0,-0.0,-0.0
16.751,-0.011291845,0.02467468,0.008504466,0.0,-0.0,-0.0
16.772,0.0021471912,-0.004035987,0.010947927,-0.0,-0.0,-0.0
16.811,0.003979787,-0.015031561,0.00056321773,-0.0,-0.0,-0.0
16.851,-0.006404922,0.008792184,0.0017849483,0.0,-0.0,-0.0
16.874,0.0003145956,0.007570453,0.0042284094,-0.0,-0.0,0.0
16.912,0.017418824,-0.0028142561,-0.0055454345,-0.0,-0.0,0.0
16.954,-0.0045723263,-0.024805404,-0.004323704,-0.0,-0.0,0.0
16.991,-0.01678963,-0.004646852,-0.0055454345,-0.0,-0.0,0.0
17.011,-0.011291845,0.0014618005,-4.764749e-05,-0.0,0.0,0.0
17.051,0.0052015176,0.0014618005,0.001174083,-0.0,-0.0,0.0
17.093,0.020473149,0.002683531,0.0017849483,-0.0,-0.0,0.0
17.111,0.018029688,0.0008509353,0.0017849483,-0.0,-0.0,0.0
17.151,-0.007015787,-0.002203391,-0.008599761,-0.0,-0.0,0.0
17.192,-0.009459249,0.0008509353,-0.012264953,-0.0,0.0,0.0
17.212,0.0033689218,0.008792184,-0.009821491,3.2111315e-05,-1.2303507e-05,3.5870562e-05
17.253,0.023527475,-0.0028142561,-0.011654087,-0.0,-0.0,0.0
17.292,0.011921035,0.0063487226,-0.01654101,0.0,-0.0,0.0
17.312,0.013142766,-0.004035987,-0.021427931,-0.0,-0.0,0.0
17.353,0.019862283,-0.0028142561,-0.015930144,-0.0,-0.0,0.0
17.391,0.02169488,-0.007701178,-0.011043222,-0.0,-0.0,0.0
17.413,0.008255844,0.002683531,-0.009821491,0.0,-0.0,0.0
17.452,0.0045906524,-0.007701178,-0.0049345694,-0.0,-0.0,0.0
17.491,0.0052015176,-0.013809831,-0.014708413,-0.0,-0.0,0.0
17.511,-0.0027397305,-0.007701178,-0.015930144,-0.0,-0.0,0.0
17.554,-0.003350596,0.0063487226,-0.020817066,-0.0,0.0,0.0
17.592,0.0265818,-0.013809831,0.0030066788,-0.0,-0.0,-0.0
17.612,0.029025262,-0.0034251215,-4.764749e-05,-0.0,-0.0,0.0
17.651,0.0149753615,0.0014618005,-0.009210627,0.0,-0.0,0.0
17.693,0.01131017,0.008792184,-0.010432357,0.0,-0.0,0.0
17.714,0.014364496,0.0032943962,-0.0024911084,0.0,-0.0,0.0
17.757,0.016197093,-0.0034251215,-0.003712839,-1.559874e-05,-7.376812e-05,1.6909169e-05
17.791,0.01008844,-0.008312043,-0.012264953,-0.0,-0.0,0.0
17.831,0.01008844,-0.016253293,-0.011043222,-0.0,-0.0,0.0
17.852,0.01375363,-0.0052577173,-0.017151875,-0.0,-0.0,0.0
17.892,0.018029688,-0.0028142561,0.001174083,-0.0,-0.0,-0.0
17.932,0.0027580566,0.0014618005,0.0054501398,-0.0,-0.0,0.0
17.952,-0.0076266527,-0.0052577173,-0.0067671654,-0.0,-0.0,0.0
17.991,-0.01434617,-0.0144206965,-0.008599761,-0.0,-0.0,0.0
18.033,-0.0027397305,-0.005868582,0.0042284094,-0.0,0.0,0.0
18.051,-0.00029626966,-0.005868582,0.006061005,-0.0,0.0,0.0
18.098,0.010699305,0.0008509353,0.0042284094,-0.0,-0.0,0.0
18.133,0.014364496,0.007570453,0.012780522,-0.0,-0.0,0.0
18.153,0.01008844,0.013679106,0.003617544,-0.0,-0.0,0.0
18.191,0.012531901,-0.0034251215,-0.01654101,-0.0,-0.0,0.0
18.230,0.0052015176,-0.004646852,-0.01776274,-0.0,-0.0,0.0
18.252,0.01375363,-0.027859733,-0.010432357,-0.0,-0.0,0.0
18.291,-0.009459249,-0.013198965,-0.0031019738,-0.0,-0.0,0.0
18.331,-0.010680979,-0.002203391,0.0017849483,-0.0,0.0,0.0
18.354,0.011921035,-0.010144639,0.012780522,-0.0,-0.0,-0.0
18.393,0.018029688,0.010013914,0.016445715,-0.0,-0.0,0.0
18.434,0.0009254609,0.0039052614,0.001174083,-0.0,-0.0,0.0
18.473,-0.0057940567,0.010013914,-0.0018802432,-0.0,0.0,0.0
18.493,-0.010680979,0.0039052614,-0.0024911084,-0.0,0.0,0.0
18.532,-0.015567901,0.01184651,-0.0031019738,-0.0,0.0,0.0
18.554,-0.0045723263,-0.0034251215,0.001174083,-5.3623776e-06,7.1584573e-06,-1.8381298e-06
18.593,0.0033689218,-0.011366369,0.014002253,-0.0,-0.0,-0.0
18.632,-0.008848383,0.0063487226,0.01583485,0.0,-0.0,-0.0
18.671,-0.003350596,0.0008509353,-0.0031019738,-0.0,0.0,0.0
18.691,0.0045906524,0.002683531,-0.004323704,0.0,-0.0,0.0
18.730,0.0076449784,-0.027248865,0.0054501398,-0.0,-0.0,-0.0
18.771,-0.017400498,0.0063487226,-0.009821491,-0.0,0.0,0.0
18.790,-0.016178766,0.0051269922,-0.0061563,-0.0,0.0,0.0
18.831,0.0052015176,0.0039052614,-0.0067671654,0.0,-0.0,0.0
18.872,0.0009254609,0.011235644,0.012169657,-0.0,-0.0,0.0
18.890,-0.003961461,0.01184651,0.015223984,0.0,-0.0,-0.0
18.931,-0.0021288656,0.008792184,0.011558793,0.0,-0.0,-0.0
18.971,0.009477574,-0.02175108,0.001174083,-0.0,-0.0,-0.0
18.992,0.005812383,-0.027859733,-0.008599761,-0.0,-0.0,0.0
19.031,-0.021065688,0.0124573745,-0.025703987,-0.0,0.0,0.0
19.071,0.0149753615,-0.015031561,-0.0055454345,-0.0,-0.0,0.0
19.091,0.02169488,-0.016864156,-0.0006585127,-0.0001244276,-0.0001600706,4.8487136e-06
19.132,-0.010070113,-0.0034251215,-0.0049345694,-0.0,-0.0,0.0
19.173,0.0052015176,0.015511702,0.0054501398,-0.0,-0.0,0.0
19.192,0.023527475,0.00024007005,0.014613118,-0.0,-0.0,0.0
19.233,-0.00029626966,-0.0034251215,0.00667187,-0.0,0.0,0.0
19.272,-0.022898283,-0.002203391,-0.0006585127,-0.0,-0.0,0.0
19.292,-0.018011361,-0.0052577173,0.0042284094,-0.0,0.0,0.0
19.331,-0.008848383,-0.013198965,-0.003712839,-0.0,-0.0,0.0
19.372,-0.0027397305,0.029561602,0.0054501398,0.0,-0.0,-0.0
19.412,0.016807957,-0.0028142561,0.020110905,-0.0,-0.0,-0.0
19.432,0.008866709,-0.005868582,0.0078936005,-0.0,-0.0,-0.0
19.473,-0.015567901,0.021620354,-0.001269378,-0.0,0.0,0.0
19.512,0.009477574,-0.013198965,0.0097261965,-0.0,-0.0,-0.0
19.533,0.016807957,-0.016253293,-0.001269378,-0.0,-0.0,0.0
19.572,-0.010680979,0.026507275,-0.019595334,-0.0,0.0,0.0
19.612,-0.003350596,-0.004035987,0.00056321773,-0.0,0.0,0.0
19.633,0.001536326,-0.004646852,0.00667187,-1.0321464e-05,-3.4123616e-06,-1.481936e-05
19.671,-0.007015787,0.007570453,-0.0061563,-0.0,0.0,0.0
19.711,-0.0057940567,0.011235644,0.0078936005,0.0,-0.0,-0.0
19.742,0.016807957,-0.0009816604,0.013391388,-0.0,-0.0,-0.0
19.771,0.014364496,-0.011366369,0.006061005,-0.0,-0.0,-0.0
19.810,-0.017400498,0.0142899705,0.009115332,0.0,-0.0,-0.0
19.832,-0.011902709,0.0051269922,0.011558793,0.0,-0.0,-0.0
19.871,0.008866709,-0.011366369,0.009115332,-0.0,-0.0,-0.0
19.912,0.008866709,0.0014618005,-0.003712839,0.0,-0.0,0.0
19.930,0.0027580566,0.0045161266,-0.010432357,0.0,-0.0,0.0
19.971,0.0045906524,0.00024007005,-0.022038795,0.0,-0.0,0.0
20.011,0.0149753615,0.002683531,-0.008599761,0.0,-0.0,0.0
20.031,0.0027580566,-0.013198965,-0.0024911084,-0.0,-0.0,0.0
20.072,-0.014957035,-0.0034251215,0.0023958134,-0.0,0.0,0.0
20.111,0.001536326,-0.008922908,0.009115332,-0.0,-0.0,-0.0
20.133,0.018029688,-0.015642427,0.0042284094,-0.0,-0.0,-0.0
20.173,0.012531901,-0.008312043,-0.012875818,-0.0,-0.0,0.0
20.212,-0.0015180002,0.008792184,-4.764749e-05,-0.0,0.0,0.0
20.252,0.016807957,-0.0107555045,0.017056579,-0.0,-0.0,-0.0
20.272,0.025360072,-0.008312043,0.01583485,-0.0,-0.0,-0.0
20.312,0.05345987,-0.015031561,0.028663019,-0.0,-0.0,-0.0
20.353,0.08705746,-0.03702271,0.045767248,-0.0,-0.0,-0.0
20.371,0.04368603,-0.0052577173,0.022554368,-0.0,-0.0,-0.0
20.411,-0.04000251,0.002683531,-0.009821491,-0.0,0.0,0.0
20.453,0.0033689218,-0.016864156,-0.014097548,-0.0,-0.0,0.0
20.471,0.0076449784,-0.024805404,-0.021427931,-0.0,-0.0,0.0
20.513,-0.0027397305,-0.02419454,-0.018373605,-0.0,-0.0,0.0
20.556,0.0027580566,0.010624778,-0.003712839,0.0,-0.0,0.0
20.572,0.010699305,0.0142899705,0.0030066788,-0.0,-0.0,0.0
20.613,0.024749205,0.0032943962,0.0048392746,-0.0,-0.0,0.0
20.651,0.029025262,-0.015031561,0.0030066788,-0.0,-0.0,-0.0
20.671,0.01925142,-0.0064794477,0.0030066788,-0.0,-0.0,-0.0
20.715,-0.010680979,-0.019918485,-0.0031019738,-0.0,-0.0,0.0
20.741,-0.02717434,0.00024007005,-0.00737803,-0.0,0.0,0.0
20.771,-0.007015787,-0.017475022,-0.011654087,-0.0,-0.0,0.0
20.811,0.0009254609,0.0008509353,-0.011043222,0.0,-0.0,0.0
20.851,0.008866709,0.010624778,-0.0061563,0.0,-0.0,0.0
20.890,0.02169488,-0.0015925257,-0.0031019738,-0.0,-0.0,0.0
20.911,0.01925142,-0.007701178,-0.003712839,-0.0,-0.0,0.0
20.951,-0.007015787,-0.002203391,-0.009210627,-0.0,-0.0,0.0
20.975,-0.01434617,0.01306824,-0.003712839,6.930941e-05,7.608861e-05,1.9689185e-05
21.011,0.0021471912,-0.020529348,-0.0031019738,-0.0,-0.0,0.0
21.051,0.0021471912,-0.019307617,-0.0024911084,-0.0,-0.0,0.0
21.091,0.0045906524,-0.027248865,-0.009821491,-0.0,-0.0,0.0
21.111,0.0070341136,-0.009533773,-0.0061563,-0.0,-0.0,0.0
21.151,0.011921035,-0.004646852,0.010947927,-0.0,-0.0,-0.0
21.173,0.0052015176,-0.008922908,0.0097261965,-0.0,-0.0,-0.0
21.212,-0.008848383,-0.0034251215,-0.0018802432,-0.0,-0.0,0.0
21.253,0.013142766,-0.007701178,-0.0031019738,-0.0,-0.0,0.0
21.275,0.009477574,-0.0003707952,-0.011654087,-0.0,-0.0,0.0
21.311,0.0021471912,0.02100949,-0.025093123,0.0,-0.0,0.0
21.351,0.030246992,0.0063487226,-0.03792129,0.0,-0.0,0.0
21.392,0.02169488,0.002683531,-0.02814745,0.0,-0.0,0.0
21.411,0.0033689218,0.0020726656,-0.022038795,0.0,-0.0,0.0
21.459,-0.013735305,0.0014618005,-0.0342561,-0.0,0.0,0.0
21.490,0.0009254609,0.02100949,-0.015930144,0.00014878705,-6.5456097e-06,0.000112815855
21.512,0.01008844,-0.0052577173,0.008504466,-0.0,-0.0,-0.0
21.553,0.01375363,-0.008312043,0.001174083,-0.0,-0.0,-0.0
21.591,-0.009459249,0.0124573745,0.0054501398,0.0,-0.0,-0.0
21.611,-0.003350596,-0.007090313,0.010947927,-0.0,0.0,0.0
21.653,0.0076449784,-0.011366369,-4.764749e-05,-0.0,-0.0,0.0
21.692,-0.010070113,0.0045161266,0.0023958134,0.0,-0.0,-0.0
21.713,-0.0057940567,0.0057378574,-0.0031019738,-0.0,0.0,0.0
21.751,0.025970936,-0.02297281,-0.010432357,-0.0,-0.0,0.0
21.790,0.0052015176,-0.016253293,-0.009210627,-0.0,-0.0,0.0
21.832,-0.005183192,-0.0003707952,-0.004323704,-0.0,-0.0,0.0
21.850,-0.0015180002,-0.0064794477,0.0017849483,-0.0,0.0,0.0
21.890,0.0033689218,-0.0125881005,0.009115332,-0.0,-0.0,-0.0
21.933,0.0003145956,0.00024007005,0.0030066788,-0.0,-0.0,0.0
21.951,-0.0076266527,0.01184651,-0.001269378,-0.0,0.0,0.0
21.991,0.009477574,0.0057378574,-0.0018802432,0.0,-0.0,0.0
22.033,0.037577376,-0.017475022,0.014613118,-0.00020616587,-0.00044322843,-0.0001724156
22.052,0.010699305,-0.008922908,0.016445715,-0.0,-0.0,-0.0
22.093,-0.03511559,0.0142899705,0.0078936005,0.0,-0.0,-0.0
22.131,-0.011291845,-0.010144639,0.0017849483,-0.0,0.0,0.0
22.151,-0.0027397305,-0.0034251215,0.00667187,-0.0,0.0,0.0
22.190,-0.005183192,0.016122567,0.0078936005,0.0,-0.0,-0.0
22.230,0.014364496,-0.0015925257,-0.001269378,-0.0,-0.0,0.0
22.251,0.0149753615,0.0014618005,0.00056321773,-0.0,-0.0,0.0
22.293,-0.015567901,0.0039052614,-0.0061563,-0.0,0.0,0.0
22.330,-0.03633732,0.016122567,-0.0049345694,-0.0,0.0,0.0
22.353,-0.022287419,0.008792184,0.001174083,0.0,-0.0,-0.0
22.393,0.008866709,0.01306824,0.015223984,-0.0,-0.0,0.0
22.432,0.01131017,0.002683531,0.016445715,-0.0,-0.0,0.0
22.451,-0.0015180002,-0.011366369,0.014002253,-0.0,0.0,0.0
22.491,-0.021676553,-0.0015925257,0.016445715,-0.0,0.0,0.0
22.519,-0.016178766,0.0020726656,0.014002253,0.0,-0.0,-0.0
22.551,0.006423248,0.0014618005,0.010337062,-0.0,-0.0,0.0
22.591,-0.003961461,0.0051269922,0.0023958134,0.0,-0.0,-0.0
22.619,-0.0027397305,0.017344298,-4.764749e-05,-0.0,0.0,0.0
22.653,0.0149753615,0.0057378574,-0.0006585127,0.0,-0.0,0.0
22.690,0.0003145956,-0.0015925257,-0.012264953,-0.0,-0.0,0.0
22.730,-0.02595261,-0.005868582,-0.00737803,-0.0,-0.0,0.0
22.771,0.0009254609,-0.007701178,-4.764749e-05,-0.0,-0.0,0.0
22.790,0.01131017,-0.02297281,-0.003712839,-0.0,-0.0,0.0
22.830,0.0052015176,0.01673343,-0.001269378,0.0,-0.0,0.0
22.870,-0.0009071349,-0.005868582,-0.0061563,-0.0,-0.0,0.0
22.890,-0.011902709,0.007570453,-0.007988896,-0.0,0.0,0.0
22.932,-0.0045723263,0.02100949,0.0030066788,0.0,-0.0,-0.0
22.971,0.0149753615,-0.0107555045,0.0097261965,-0.0,-0.0,-0.0
22.992,0.001536326,-0.007701178,0.009115332,-0.0,-0.0,-0.0
23.032,-0.009459249,0.006959588,0.0042284094,0.0,-0.0,-0.0
23.071,0.0021471912,0.0020726656,0.00667187,-0.0,-0.0,0.0
23.092,0.0045906524,0.00024007005,0.0023958134,-0.0,-0.0,0.0
23.132,-0.0057940567,0.0057378574,0.0048392746,0.0,-0.0,-0.0
23.171,0.005812383,-0.0009816604,-0.0067671654,-0.0,-0.0,0.0
23.191,0.005812383,-0.007701178,-0.009821491,-0.0,-0.0,0.0
23.231,-0.010680979,0.0045161266,-0.008599761,-0.0,0.0,0.0
23.273,-0.018622227,-0.0003707952,-0.0024911084,-0.0,-0.0,0.0
23.291,-0.01678963,-0.0034251215,-0.0024911084,-0.0,-0.0,0.0
23.331,0.0003145956,0.006959588,-0.0018802432,0.0,-0.0,0.0
23.372,0.0070341136,0.0014618005,0.015223984,6.6045504e-06,-3.1786265e-05,-6.879465e-05
23.392,0.003979787,-0.009533773,0.01950004,-0.0,-0.0,-0.0
23.432,0.0027580566,0.008792184,0.026219558,-0.0,-0.0,0.0
23.473,-0.0015180002,-0.0052577173,0.018889176,-0.0,0.0,0.0
23.512,-0.01434617,0.002683531,-0.014708413,-0.0,0.0,0.0
23.530,-0.008237517,-0.0015925257,-0.009210627,-0.0,-0.0,0.0
23.571,0.014364496,-0.0107555045,-0.0024911084,-0.0,-0.0,0.0
23.614,0.0070341136,-0.0064794477,-0.007988896,-0.0,-0.0,0.0
23.637,-0.0009071349,-0.0028142561,-0.00737803,-0.0,-0.0,0.0
23.672,0.0021471912,-0.005868582,0.010947927,-0.0,-0.0,-0.0
23.710,0.0045906524,-0.004035987,0.0078936005,-0.0,-0.0,-0.0
23.731,-0.014957035,-0.0052577173,0.0017849483,-0.0,0.0,0.0
23.770,-0.022898283,0.0124573745,-0.012875818,-0.0,0.0,0.0
23.811,0.02413834,-0.0028142561,-0.0067671654,-0.0,-0.0,0.0
23.830,0.01925142,-0.004646852,-0.0024911084,-0.0,-0.0,0.0
23.870,-0.0045723263,-0.0034251215,0.008504466,-0.0,0.0,0.0
23.910,0.0009254609,0.014900836,0.017056579,9.06674e-05,-5.6358926e-06,-0.00010378457
23.930,0.005812383,0.01184651,0.017056579,-0.0,-0.0,0.0
23.970,0.0027580566,-0.010144639,-0.0031019738,-0.0,-0.0,0.0
24.010,0.0045906524,-0.0064794477,-0.01654101,-0.0,-0.0,0.0
24.031,0.01131017,-0.0052577173,-0.014708413,-0.0,-0.0,0.0
24.071,0.019862283,-0.009533773,-0.010432357,-0.0,-0.0,0.0
24.110,0.001536326,-0.010144639,-0.027536582,-0.0,-0.0,0.0
24.131,-0.011902709,0.00024007005,-0.03364524,-0.0,0.0,0.0
24.172,0.005812383,-0.011366369,-0.014708413,-0.0,-0.0,0.0
24.213,-0.0027397305,0.0032943962,-0.011654087,-0.0,0.0,0.0
24.231,-0.0076266527,0.021620354,-0.009210627,-0.0,0.0,0.0
24.272,-0.008237517,0.008181319,-0.0006585127,-0.0,0.0,0.0
24.312,0.01375363,0.0020726656,0.013391388,-0.0,-0.0,0.0
24.352,0.0149753615,-0.0052577173,0.010337062,-0.0,-0.0,-0.0
24.372,0.0009254609,-0.0064794477,0.0072827353,-0.0,-0.0,-0.0
24.412,-0.0015180002,-0.0125881005,-0.0049345694,-0.0,-0.0,0.0
24.453,0.008866709,-0.0052577173,-0.017151875,-2.8240664e-05,-4.763056e-05,9.213398e-05
24.472,0.0076449784,0.0051269922,-0.01898447,0.0,-0.0,0.0
24.511,0.02291661,0.002683531,-0.00737803,0.0,-0.0,0.0
24.551,0.02413834,0.009403048,-0.0024911084,0.0,-0.0,0.0
24.573,0.01008844,-0.005868582,-0.009210627,-0.0,-0.0,0.0
24.613,-0.0045723263,-0.017475022,-0.013486682,-0.0,-0.0,0.0
24.651,0.0045906524,-0.028470596,-0.018373605,-0.0,-0.0,0.0
24.673,0.0003145956,-0.016864156,-0.014097548,-0.0,-0.0,0.0
24.711,0.0021471912,-0.007701178,-0.003712839,-0.0,-0.0,0.0
24.750,0.015586226,-0.0009816604,0.00056321773,-0.0,-0.0,-0.0
24.770,0.01008844,0.008792184,-0.0024911084,0.0,-0.0,0.0
24.811,0.0070341136,0.010013914,-0.004323704,0.0,-0.0,0.0
24.850,0.006423248,0.008792184,-4.764749e-05,0.0,-0.0,0.0
24.871,0.0070341136,0.0057378574,0.0017849483,-0.0,-0.0,0.0
24.910,0.0149753615,-0.004035987,0.001174083,-0.0,-0.0,-0.0
24.951,0.010699305,-0.010144639,-0.0006585127,-0.0,-0.0,0.0
24.971,-0.010680979,-0.0125881005,-0.008599761,-0.0,-0.0,0.0
25.010,-0.014957035,-0.010144639,-0.011654087,-0.0,-0.0,0.0
25.051,0.02291661,-0.009533773,-0.012875818,-0.0,-0.0,0.0
25.092,-0.0009071349,-0.0009816604,-0.009821491,-0.0,-0.0,0.0
25.110,-0.013735305,0.006959588,-0.0055454345,-0.0,0.0,0.0
25.151,-0.006404922,0.020398622,-0.0024911084,-0.0,0.0,0.0
25.192,-0.0027397305,0.008181319,-4.764749e-05,-0.0,0.0,0.0
25.211,0.0033689218,0.006959588,0.0023958134,-0.0,-0.0,0.0
25.251,-0.009459249,-0.008922908,0.001174083,-3.12733e-05,3.315322e-05,-4.114455e-06
25.291,-0.011902709,0.009403048,0.017056579,0.0,-0.0,-0.0
25.312,-0.003350596,0.03200506,0.01583485,0.0,-0.0,-0.0
25.350,0.013142766,-0.0028142561,0.0030066788,-0.0,-0.0,-0.0
25.393,-0.0015180002,0.02467468,-0.0031019738,-0.0,0.0,0.0
25.413,-0.011291845,0.018566027,-0.009821491,-0.0,0.0,0.0
25.451,0.0009254609,0.01184651,-0.0202062,0.0,-0.0,0.0
25.491,0.005812383,0.010624778,-0.004323704,0.0,-0.0,0.0
25.510,-0.0009071349,0.01673343,-4.764749e-05,-0.0,0.0,0.0
25.552,-0.008848383,-0.005868582,0.001174083,-0.0,0.0,0.0
25.592,0.0052015176,-0.031524923,0.01827831,-0.0,-0.0,-0.0
25.610,-0.005183192,-0.0144206965,0.02072177,-0.0,0.0,0.0
25.653,-0.007015787,-0.021140212,-0.0018802432,-0.0,-0.0,0.0
25.695,-0.008848383,-0.004035987,-4.764749e-05,-0.0,-0.0,0.0
25.711,-0.008237517,0.0051269922,0.00056321773,0.0,-0.0,-0.0
25.750,-0.006404922,0.017955162,0.014613118,0.0,-0.0,-0.0
25.790,-0.022898283,0.029561602,0.008504466,0.00030430855,0.0002356947,-8.757827e-05
25.811,-0.02595261,0.017955162,0.00667187,0.0,-0.0,-0.0
25.851,0.0009254609,0.0039052614,0.006061005,-0.0,-0.0,0.0
25.890,0.009477574,-0.033357516,0.008504466,-0.0,-0.0,-0.0
25.911,-0.0027397305,-0.018085888,0.006061005,-0.0,0.0,0.0
25.951,-0.012513574,0.002683531,-0.007988896,-0.0,0.0,0.0
25.991,0.003979787,-0.002203391,-0.007988896,-0.0,-0.0,0.0
26.031,0.016807957,-0.0015925257,0.003617544,-0.0,-0.0,-0.0
26.052,0.0003145956,-0.0003707952,0.0048392746,-0.0,-0.0,-0.0
26.095,-0.038780782,-0.002203391,-0.007988896,-0.0,-0.0,0.0
26.130,0.0003145956,-0.018085888,-0.003712839,-0.0,-0.0,0.0
26.152,0.01008844,-0.02541627,0.006061005,-0.0,-0.0,-0.0
26.190,-0.0076266527,-0.02541627,0.014002253,-0.0,0.0,0.0
26.234,-0.027785206,0.002683531,0.010337062,0.0,-0.0,-0.0
26.251,-0.021065688,0.011235644,0.012780522,0.0,-0.0,-0.0
26.290,0.0070341136,-0.011977235,0.0072827353,-0.0,-0.0,-0.0
26.329,-0.010680979,0.017344298,-0.00737803,0.00010086342,6.211677e-05,4.290337e-05
26.351,-0.009459249,0.014900836,-0.014097548,-0.0,0.0,0.0
26.390,0.009477574,0.002683531,-0.011043222,0.0,-0.0,0.0
26.430,-0.00029626966,-0.019307617,-0.019595334,-0.0,-0.0,0.0
26.450,-0.013735305,-0.02175108,-0.024482258,-0.0,-0.0,0.0
26.491,-0.013735305,-0.028470596,-0.009210627,-0.0,-0.0,0.0
26.530,-0.006404922,-0.011977235,-0.0049345694,-0.0,-0.0,0.0
26.551,0.0003145956,0.006959588,-0.0024911084,0.0,-0.0,0.0
26.590,0.010699305,0.023452949,-0.0061563,0.0,-0.0,0.0
26.631,0.009477574,0.01184651,0.0042284094,-0.0,-0.0,0.0
26.651,-0.005183192,0.018566027,0.0042284094,0.0,-0.0,-0.0
26.690,-0.018622227,0.008181319,0.00667187,0.0,-0.0,-0.0
26.737,0.0033689218,-0.004646852,0.010947927,-0.0,-0.0,-0.0
26.770,-0.0045723263,0.002683531,-4.764749e-05,-0.0,0.0,0.0
26.790,0.006423248,0.008181319,0.0030066788,-0.0,-0.0,0.0
26.830,0.008866709,-0.008312043,0.00667187,-0.0,-0.0,-0.0
26.870,-0.018622227,0.0057378574,-0.009210627,3.3194337e-05,0.00010774248,5.3287626e-05
26.890,-0.015567901,0.017955162,-0.010432357,-0.0,0.0,0.0
26.930,0.018029688,-0.008312043,-0.0055454345,-0.0,-0.0,0.0
26.972,0.0033689218,-0.008312043,-0.012264953,-0.0,-0.0,0.0
26.990,-0.022898283,0.0124573745,-0.014097548,-0.0,0.0,0.0
27.031,-0.01434617,0.02100949,0.0072827353,0.0,-0.0,-0.0
27.070,0.014364496,0.0020726656,0.014002253,-0.0,-0.0,0.0
27.091,0.006423248,0.0063487226,0.011558793,-0.0,-0.0,0.0
27.129,-0.006404922,-0.0009816604,0.010947927,-3.3519332e-06,2.1872685e-05,-3.7386817e-05
27.170,0.010699305,-0.008312043,0.010337062,-0.0,-0.0,-0.0
27.191,0.008866709,-0.011977235,0.0054501398,-0.0,-0.0,-0.0
27.229,-0.014957035,-0.002203391,-0.0024911084,-0.0,-0.0,0.0
27.270,-0.0027397305,0.0032943962,0.0023958134,0.0,-0.0,-0.0
27.290,0.011921035,0.0020726656,0.0023958134,-0.0,-0.0,0.0
27.331,0.0149753615,-0.005868582,-0.0049345694,-0.0,-0.0,0.0
27.370,-0.012513574,-0.0064794477,-0.013486682,-0.0,-0.0,0.0
27.390,-0.006404922,0.0014618005,-0.012875818,-0.0,0.0,0.0
27.430,0.01925142,-0.004035987,0.012780522,-0.0,-0.0,-0.0
27.472,0.0027580566,-0.016253293,0.010337062,-0.0,-0.0,-0.0
27.491,-0.019843958,0.0014618005,-0.003712839,-0.0,0.0,0.0
27.530,-0.026563475,0.01306824,-0.0024911084,-0.0,0.0,0.0
27.570,0.018640552,-0.005868582,0.0017849483,-0.0,-0.0,-0.0
27.591,0.016807957,-0.004646852,-0.00737803,-0.0,-0.0,0.0
27.630,-0.006404922,0.01184651,0.0017849483,0.0,-0.0,-0.0
27.671,0.0021471912,0.009403048,0.0030066788,2.5500698e-05,-5.8232085e-06,-8.153928e-06
27.710,0.005812383,0.007570453,0.0078936005,-0.0,-0.0,0.0
27.730,0.003979787,0.01306824,0.0072827353,-0.0,-0.0,0.0
27.770,-0.0027397305,-0.0107555045,0.00667187,-0.0,0.0,0.0
27.810,-0.0027397305,-0.007701178,0.00667187,-0.0,0.0,0.0
27.830,-0.0045723263,-0.0107555045,0.0042284094,-0.0,0.0,0.0
27.870,-0.003961461,0.002683531,-0.01898447,-0.0,0.0,0.0
27.910,0.008255844,-0.010144639,-0.0049345694,-0.0,-0.0,0.0
27.930,-0.0021288656,-0.0107555045,-0.0031019738,-0.0,-0.0,0.0
27.970,-0.009459249,0.01673343,0.00667187,0.0,-0.0,-0.0
28.010,-0.0027397305,0.018566027,0.015223984,0.0,-0.0,-0.0
28.030,-0.00029626966,-0.0003707952,0.009115332,-0.0,0.0,0.0
28.071,0.005812383,-0.0064794477,-0.0055454345,-0.0,-0.0,0.0
28.110,0.013142766,-0.011366369,0.00056321773,-0.0,-0.0,-0.0
28.130,0.0076449784,-0.019918485,-0.004323704,-0.0,-0.0,0.0
28.171,-0.011291845,-0.011366369,-0.011043222,-0.0,-0.0,0.0
28.210,-0.0021288656,0.0014618005,-0.011654087,4.683845e-06,6.821502e-06,3.7342583e-05
28.230,0.013142766,-0.007701178,-0.009210627,-0.0,-0.0,0.0
28.272,0.0149753615,0.011235644,-0.017151875,0.0,-0.0,0.0
28.310,0.0076449784,0.009403048,-0.022649663,0.0,-0.0,0.0
28.330,0.005812383,0.006959588,-0.020817066,0.0,-0.0,0.0
28.370,0.012531901,-0.011366369,-0.001269378,-0.0,-0.0,0.0
28.410,0.0033689218,-0.021140212,-0.0024911084,-0.0,-0.0,0.0
28.431,-0.008237517,-0.0064794477,-0.00737803,-0.0,-0.0,0.0
28.471,0.0070341136,-0.0107555045,-0.0018802432,-3.749902e-05,-2.4524581e-05,6.555014e-06
28.510,0.02291661,-0.011366369,-0.011043222,-0.0,-0.0,0.0
28.552,0.012531901,0.010013914,-0.014708413,0.0,-0.0,0.0
28.570,0.01131017,0.017344298,-0.00737803,0.0,-0.0,0.0
28.610,0.008255844,-0.010144639,-0.0018802432,-0.0,-0.0,0.0
28.650,-0.008237517,0.002683531,-0.0049345694,-0.0,0.0,0.0
28.669,0.0021471912,-0.009533773,-0.009821491,-0.0,-0.0,0.0
28.710,0.0076449784,-0.0144206965,-0.012875818,-0.0,-0.0,0.0
28.749,0.0070341136,0.0014618005,-0.0061563,3.7127293e-06,-1.7864773e-05,1.563542e-05
28.769,0.01008844,-0.004035987,-0.0067671654,-0.0,-0.0,0.0
28.809,0.008255844,-0.0028142561,-0.011043222,-0.0,-0.0,0.0
28.850,0.005812383,0.007570453,-0.012875818,0.0,-0.0,0.0
28.869,0.012531901,0.002683531,-0.00737803,0.0,-0.0,0.0
28.911,-0.01312444,-0.0015925257,-0.011043222,-0.0,-0.0,0.0
28.951,-0.012513574,0.0014618005,-0.004323704,-0.0,0.0,0.0
28.969,0.0076449784,-0.0107555045,0.003617544,-0.0,-0.0,-0.0
29.010,0.017418824,-0.004035987,0.010947927,-2.271721e-05,-9.8030956e-05,-6.1615116e-05
29.050,-0.0057940567,0.00024007005,0.014002253,0.0,-0.0,-0.0
29.070,-0.0057940567,0.0057378574,0.012169657,0.0,-0.0,-0.0
29.109,0.01375363,-0.005868582,-0.00737803,-0.0,-0.0,0.0
29.150,0.0052015176,0.0057378574,-0.0342561,0.0,-0.0,0.0
29.193,0.0070341136,0.024063814,-0.020817066,0.0,-0.0,0.0
29.211,0.019862283,-0.0034251215,-0.008599761,-0.0,-0.0,0.0
29.250,-0.0009071349,-0.007090313,-0.008599761,-0.0,-0.0,0.0
29.291,0.0003145956,-0.016253293,0.00667187,-7.6666554e-05,-1.4827363e-06,-3.147117e-05
29.310,0.012531901,-0.027248865,0.012780522,-0.0,-0.0,-0.0
29.350,-0.0057940567,-0.033357516,-0.0061563,-0.0,-0.0,0.0
29.393,-0.015567901,-0.007090313,-0.008599761,-0.0,-0.0,0.0
29.409,0.001536326,0.0014618005,-0.008599761,0.0,-0.0,0.0
29.450,0.018029688,-0.0125881005,-0.012875818,-0.0,-0.0,0.0
29.490,-0.011902709,0.02100949,-0.014708413,-0.0,0.0,0.0
29.510,-0.0015180002,0.0045161266,-0.019595334,-0.0,0.0,0.0
29.552,0.01131017,0.008181319,-0.01654101,4.7536298e-05,-6.570936e-05,9.610418e-05
29.591,0.02169488,-0.018696753,-0.055636384,-0.0,-0.0,0.0
29.611,0.0149753615,-0.0406879,-0.07212975,-0.0,-0.0,0.0
29.651,0.0009254609,-0.05534867,-0.08495791,-0.0,-0.0,0.0
29.690,-0.01312444,-0.09688751,-0.13199453,-0.0,-0.0,0.0
29.713,-0.042445973,-0.06328992,-0.13504888,-0.0,-0.0,0.0
29.750,-0.07909788,-0.0706203,-0.13749233,-0.0,-0.0,0.0
29.790,-0.06565885,-0.016864156,-0.062966764,-0.0,-0.0,0.0
29.809,-0.029006938,-0.026027136,-0.036699563,-0.0,-0.0,0.0
29.849,0.029025262,-0.016253293,0.014613118,-0.0,-0.0,-0.0
29.890,0.035133913,-0.113380864,0.015223984,-0.0,-0.0,-0.0
29.910,-0.008237517,-0.08344847,-0.015930144,-0.0,-0.0,0.0
29.952,-0.052219816,-0.0687877,-0.022038795,-0.0,-0.0,0.0
29.989,-0.0076266527,-0.068176836,-0.014097548,-0.0,-0.0,0.0
30.011,0.0070341136,-0.068176836,-0.014708413,-0.0,-0.0,0.0
30.051,-0.0021288656,-0.06939857,-0.009210627,-0.0,-0.0,0.0
30.090,-0.018622227,-0.054126937,-0.0061563,-0.0008364626,0.00028773816,9.5256546e-05
30.111,-0.01434617,-0.05107261,-0.009821491,-0.0,-0.0,0.0
30.150,-0.0076266527,-0.043131363,-0.003712839,-0.0,-0.0,0.0
30.191,0.0052015176,-0.056570396,0.012780522,-0.0,-0.0,-0.0
30.230,-0.010680979,-0.033357516,0.009115332,-0.0,0.0,0.0
30.250,-0.011291845,-0.04557482,0.006061005,-0.0,0.0,0.0
30.289,-0.006404922,-0.023583675,0.0030066788,-0.0,0.0,0.0
30.332,-0.0015180002,-0.019918485,0.009115332,-0.0,0.0,0.0
30.351,-0.0021288656,-0.004646852,0.012169657,-1.646455e-05,7.5433445e-06,-4.311943e-05
30.393,-0.0009071349,0.0142899705,0.027441287,0.0,-0.0,-0.0
30.431,0.0149753615,0.0313942,0.03477167,-0.0,-0.0,0.0
30.451,0.017418824,0.030172465,0.029273884,-0.0,-0.0,0.0
30.490,0.0033689218,0.013679106,0.010947927,-0.0,-0.0,0.0
30.531,-0.024730878,0.0063487226,-0.0018802432,-0.0,0.0,0.0
30.551,-0.017400498,0.0032943962,-0.0061563,-0.0,0.0,0.0
30.589,0.0009254609,0.00024007005,-0.0061563,0.0,-0.0,0.0
30.631,-0.0057940567,0.039335445,-0.015930144,0.00045225283,6.665854e-05,0.00018314163
30.650,0.010699305,0.010013914,-0.0024911084,0.0,-0.0,0.0
30.700,0.014364496,0.023452949,0.00056321773,-0.0,-0.0,0.0
30.730,-0.021676553,0.03505939,-0.001269378,-0.0,0.0,0.0
30.750,-0.017400498,0.0313942,0.009115332,0.0,-0.0,-0.0
30.789,0.005812383,0.010624778,0.016445715,-0.0,-0.0,0.0
30.829,0.0070341136,0.014900836,0.018889176,-0.0,-0.0,0.0
30.869,0.0021471912,-0.0003707952,0.022554368,-0.0,-0.0,-0.0
30.891,-0.0057940567,0.0063487226,0.015223984,2.9795381e-05,2.719031e-05,-7.1446215e-05
30.932,-0.0045723263,0.0051269922,0.0097261965,0.0,-0.0,-0.0
30.969,0.0070341136,0.010624778,-0.0061563,0.0,-0.0,0.0
30.991,0.0149753615,0.014900836,-0.0067671654,0.0,-0.0,0.0
31.029,0.02169488,0.010624778,-0.012875818,0.0,-0.0,0.0
31.070,-0.012513574,0.015511702,-0.017151875,-0.0,0.0,0.0
31.090,-0.008237517,0.0032943962,-0.008599761,-0.0,0.0,0.0
31.129,0.016807957,-0.0052577173,0.0030066788,-0.0,-0.0,-0.0
31.173,0.0033689218,0.0020726656,0.0097261965,5.8416736e-06,-9.495378e-06,-2.7413236e-05
31.190,-0.009459249,0.006959588,0.009115332,0.0,-0.0,-0.0
31.229,-0.0045723263,0.0039052614,0.00056321773,0.0,-0.0,-0.0
31.253,0.009477574,-0.0028142561,-0.008599761,-0.0,-0.0,0.0
31.289,0.0021471912,0.03505939,-0.008599761,0.0,-0.0,0.0
31.329,0.0070341136,0.0124573745,0.015223984,-0.0,-0.0,0.0
31.369,-0.0057940567,0.0057378574,0.0048392746,0.0,-0.0,-0.0
31.393,-0.016178766,0.02100949,-0.0049345694,-0.0,0.0,0.0
31.431,0.014364496,0.0032943962,-0.0049345694,1.3744535e-05,-5.9927213e-05,2.058698e-05
31.469,0.022305744,-0.004035987,-0.0067671654,-0.0,-0.0,0.0
31.490,0.0052015176,0.014900836,-0.013486682,0.0,-0.0,0.0
31.529,0.0045906524,0.0032943962,-0.024482258,0.0,-0.0,0.0
31.569,0.008255844,-0.019918485,-0.017151875,-0.0,-0.0,0.0
31.591,-0.010070113,-0.015031561,-0.023260526,-0.0,-0.0,0.0
31.630,-0.025341745,0.010624778,-0.013486682,-0.0,0.0,0.0
31.669,0.015586226,0.018566027,0.001174083,-0.0,-0.0,0.0
31.691,0.019862283,0.0051269922,0.0054501398,-0.0,-0.0,0.0
31.729,0.009477574,-0.0052577173,0.0030066788,-0.0,-0.0,-0.0
31.770,0.014364496,-0.011977235,0.009115332,-0.0,-0.0,-0.0
31.809,0.02413834,-0.013198965,-0.0031019738,-0.0,-0.0,0.0
31.829,0.020473149,-0.029692328,-0.011043222,-0.0,-0.0,0.0
31.870,-0.00029626966,-0.008922908,-0.012264953,-0.0,-0.0,0.0
31.909,0.012531901,-0.0015925257,-0.01654101,-0.0,-0.0,0.0
31.929,0.015586226,0.010624778,-0.011654087,0.0,-0.0,0.0
31.971,0.010699305,0.0014618005,-0.012875818,6.5955364e-06,-4.8264024e-05,5.8082558e-05
32.010,-0.018622227,-0.008312043,-0.009210627,-0.0,-0.0,0.0
32.029,-0.012513574,-0.007090313,-0.003712839,-0.0,-0.0,0.0
32.070,0.0149753615,-0.029692328,-0.0031019738,-0.0,-0.0,0.0
32.109,0.02780353,-0.018696753,-0.001269378,-0.0,-0.0,0.0
32.130,0.025970936,0.0014618005,-0.0006585127,0.0,-0.0,0.0
32.171,-0.0027397305,-0.0015925257,-0.0055454345,-0.0,-0.0,0.0
32.209,0.0021471912,-0.0107555045,-0.007988896,-0.0,-0.0,0.0
32.230,0.01008844,-0.004035987,-0.008599761,-1.501227e-05,-3.7526734e-05,3.19887e-05
32.269,0.005812383,-0.016864156,-0.0031019738,-0.0,-0.0,0.0
32.309,-0.01434617,-0.0052577173,-4.764749e-05,-0.0,-0.0,0.0
32.329,-0.008237517,-0.008312043,-0.001269378,-0.0,-0.0,0.0
32.369,0.0003145956,-0.016253293,0.003617544,-0.0,-0.0,-0.0
32.409,-0.0009071349,-0.0015925257,-0.0061563,-0.0,-0.0,0.0
32.429,-0.003350596,0.0039052614,-0.012875818,-0.0,0.0,0.0
32.469,0.008866709,0.009403048,-0.026314853,0.0,-0.0,0.0
32.509,0.011921035,0.0142899705,-0.017151875,9.708428e-05,-8.098044e-05,0.00011652597
32.549,-0.014957035,0.006959588,-0.009210627,-0.0,0.0,0.0
32.570,-0.021676553,0.019176893,-0.0067671654,-0.0,0.0,0.0
32.609,0.001536326,0.0032943962,0.008504466,-0.0,-0.0,0.0
32.650,0.0076449784,-0.016864156,0.011558793,-0.0,-0.0,-0.0
32.669,-0.007015787,0.007570453,0.0048392746,0.0,-0.0,-0.0
32.709,-0.008237517,-0.0003707952,0.01827831,-0.0,0.0,0.0
32.752,-0.0009071349,-0.022361943,0.013391388,-0.0,0.0,0.0
32.769,-0.006404922,-0.007701178,0.0030066788,-2.1619548e-05,1.7980716e-05,-8.4404965e-06
32.810,-0.014957035,-0.009533773,-0.011654087,-0.0,-0.0,0.0
32.850,-0.003350596,0.007570453,-0.009821491,-0.0,0.0,0.0
32.870,0.009477574,-0.0034251215,-0.0031019738,-0.0,-0.0,0.0
32.911,0.01008844,-0.004646852,-0.003712839,-0.0,-0.0,0.0
32.949,-0.013735305,0.02100949,0.014613118,0.0,-0.0,-0.0
32.970,-0.01434617,0.0051269922,0.023776097,0.0,-0.0,-0.0
33.009,-0.009459249,-0.015031561,0.0048392746,-0.0,0.0,0.0
33.049,-0.0057940567,-0.008922908,-0.008599761,-3.276719e-05,2.1276515e-05,3.1580537e-05
33.070,0.0021471912,-0.0052577173,-0.007988896,-0.0,-0.0,0.0
33.112,0.0076449784,-0.018085888,-0.0024911084,-0.0,-0.0,0.0
33.149,-0.011291845,-0.016253293,-0.0024911084,-0.0,-0.0,0.0
33.169,-0.019843958,-0.008312043,-0.0018802432,-0.0,-0.0,0.0
33.209,0.0027580566,-0.0028142561,0.015223984,-0.0,-0.0,-0.0
33.250,0.018029688,-0.0028142561,0.010337062,-0.0,-0.0,-0.0
33.271,-0.0057940567,0.015511702,0.001174083,0.0,-0.0,-0.0
33.310,-0.018622227,0.023452949,0.003617544,0.00018990568,0.00015078532,-2.9306333e-05
33.349,0.012531901,0.002683531,0.011558793,-0.0,-0.0,0.0
33.389,-0.011902709,0.022231217,0.0023958134,0.0,-0.0,-0.0
33.410,-0.01923309,0.025285546,0.009115332,0.0,-0.0,-0.0
33.450,0.003979787,0.0039052614,-0.0006585127,0.0,-0.0,0.0
33.491,-0.010680979,0.0063487226,0.0097261965,0.0,-0.0,-0.0
33.510,-0.01923309,0.0063487226,0.008504466,0.0,-0.0,-0.0
33.549,0.008255844,-0.013809831,0.0042284094,-0.0,-0.0,-0.0
33.590,0.016807957,-0.013809831,0.010947927,-9.028158e-05,-0.00010987378,-7.157377e-05
33.609,0.0021471912,0.0008509353,0.012780522,-0.0,-0.0,0.0
33.648,-0.010680979,0.01184651,0.012780522,0.0,-0.0,-0.0
33.690,0.01131017,-0.0009816604,0.011558793,-0.0,-0.0,-0.0
33.708,0.0027580566,0.0032943962,0.001174083,-0.0,-0.0,0.0
33.750,-0.020454822,0.029561602,-0.003712839,-0.0,0.0,0.0
33.789,-0.008848383,0.021620354,-0.012264953,-0.0,0.0,0.0
33.809,-0.0021288656,0.002683531,-0.0202062,-0.0,0.0,0.0
33.852,0.0027580566,-0.002203391,-0.012875818,-7.896431e-06,-9.88469e-06,4.614518e-05
33.889,-0.00029626966,-0.0028142561,0.00667187,-0.0,0.0,0.0
33.909,-0.0057940567,-0.0015925257,0.008504466,-0.0,0.0,0.0
33.949,0.0045906524,-0.004646852,0.015223984,-0.0,-0.0,-0.0
33.989,0.037577376,-0.021140212,0.016445715,-0.0,-0.0,-0.0
34.009,0.036355644,-0.016864156,0.0072827353,-0.0,-0.0,-0.0
34.050,0.009477574,0.010624778,-0.010432357,0.0,-0.0,0.0
34.090,0.023527475,-0.005868582,0.006061005,-0.0,-0.0,-0.0
34.110,0.016197093,0.008792184,0.012169657,5.2119874e-05,-9.602427e-05,-7.2143754e-05
34.150,-0.018622227,0.014900836,0.0042284094,0.0,-0.0,-0.0
34.189,-0.0045723263,-0.0034251215,-0.0006585127,-0.0,-0.0,0.0
34.229,-0.005183192,-0.005868582,-0.0024911084,-0.0,-0.0,0.0
34.249,-0.005183192,-0.008312043,0.0042284094,-0.0,0.0,0.0
34.289,0.010699305,-0.015031561,0.011558793,-0.0,-0.0,-0.0
34.330,0.010699305,-0.03580098,0.013391388,-0.0,-0.0,-0.0
34.350,0.0052015176,-0.011977235,0.0097261965,-0.0,-0.0,-0.0
34.389,0.01131017,-0.02908146,-0.0031019738,-0.0002447856,-9.520409e-05,2.6098536e-05
34.431,-0.0021288656,0.0045161266,-0.0061563,-0.0,0.0,0.0
34.450,-0.01312444,0.01673343,-0.004323704,-0.0,0.0,0.0
34.490,0.006423248,-0.011366369,-0.009210627,-0.0,-0.0,0.0
34.531,0.01375363,-0.004646852,0.011558793,-0.0,-0.0,-0.0
34.550,0.0052015176,-0.011977235,0.013391388,-0.0,-0.0,-0.0
34.591,-0.02717434,0.0057378574,0.009115332,0.0,-0.0,-0.0
34.630,-0.00029626966,0.006959588,0.029273884,0.0,-0.0,-0.0
34.649,0.019862283,0.0032943962,0.029273884,3.139271e-05,-0.00018943397,-0.00027918647
34.691,0.024749205,0.008181319,0.014613118,-0.0,-0.0,0.0
34.729,-0.011902709,0.017955162,-4.764749e-05,-0.0,0.0,0.0
34.750,-0.01434617,0.010013914,-0.009821491,-0.0,0.0,0.0
34.789,0.0021471912,-0.004646852,-0.023260526,-0.0,-0.0,0.0
34.831,-0.009459249,-0.028470596,-0.026925718,-0.0,-0.0,0.0
34.849,-0.0057940567,-0.016864156,-0.023260526,-0.0,-0.0,0.0
34.890,0.016807957,-0.007701178,-0.008599761,-0.0,-0.0,0.0
34.929,0.0052015176,0.014900836,-0.0049345694,6.614276e-05,-2.3088009e-05,2.1904554e-05
34.950,0.008255844,0.019176893,0.0017849483,-0.0,-0.0,0.0
34.990,0.016807957,0.0124573745,-0.004323704,0.0,-0.0,0.0
35.029,0.010699305,0.01306824,0.0017849483,-0.0,-0.0,0.0
35.069,-0.007015787,0.014900836,-0.011043222,-0.0,0.0,0.0
35.090,-0.011291845,0.0020726656,-0.010432357,-0.0,0.0,0.0
35.129,0.006423248,-0.0015925257,-0.0024911084,-0.0,-0.0,0.0
35.170,0.0052015176,-0.016864156,-0.008599761,-0.0,-0.0,0.0
35.189,-0.0076266527,-0.0028142561,-0.0061563,-7.703712e-06,2.0876569e-05,1.685188e-05
35.229,0.008255844,-0.0015925257,0.0017849483,-0.0,-0.0,-0.0
35.269,0.03085786,-0.026027136,-0.01898447,-0.0,-0.0,0.0
35.291,0.017418824,-0.0034251215,-0.02814745,-0.0,-0.0,0.0
35.332,0.001536326,0.0008509353,-0.009821491,0.0,-0.0,0.0
35.369,0.008255844,0.0014618005,-0.001269378,0.0,-0.0,0.0
35.389,-0.0009071349,0.0057378574,0.00056321773,0.0,-0.0,-0.0
35.430,-0.010070113,0.022231217,0.0048392746,0.0,-0.0,-0.0
35.470,0.015586226,-0.007090313,0.003617544,-0.0,-0.0,-0.0
35.492,0.014364496,-0.018696753,0.0054501398,-0.0,-0.0,-0.0
35.529,-0.011291845,-0.007701178,0.006061005,-0.0,0.0,0.0
35.569,-0.01923309,-0.008312043,0.0042284094,-0.0,0.0,0.0
35.589,-0.008848383,-0.004035987,-0.001269378,-0.0,-0.0,0.0
35.630,0.0076449784,-0.002203391,-0.008599761,-0.0,-0.0,0.0
35.671,0.006423248,0.025285546,-0.007988896,0.0,-0.0,0.0
35.689,0.01131017,0.017344298,-0.013486682,0.0,-0.0,0.0
35.729,0.006423248,0.01184651,-0.012264953,5.794585e-05,-3.141633e-05,5.9992548e-05
35.770,0.008866709,-0.0028142561,-0.0061563,-0.0,-0.0,0.0
35.789,0.0027580566,0.0008509353,-0.0055454345,0.0,-0.0,0.0
35.830,-0.0009071349,-0.0003707952,0.0042284094,-0.0,0.0,0.0
35.870,0.0009254609,-0.005868582,-0.0006585127,-0.0,-0.0,0.0
35.910,0.0052015176,-0.013809831,-0.0024911084,-0.0,-0.0,0.0
35.929,0.0033689218,-0.0144206965,-0.001269378,-0.0,-0.0,0.0
35.969,-0.011902709,-0.0107555045,0.00056321773,-0.0,0.0,0.0
36.009,-0.013735305,0.0008509353,0.010947927,0.0,-0.0,-0.0
36.030,-0.012513574,0.0014618005,-4.764749e-05,-0.0,0.0,0.0
36.071,-0.006404922,0.008181319,0.00667187,0.0,-0.0,-0.0
36.109,0.015586226,-0.011977235,0.0030066788,-0.0,-0.0,-0.0
36.129,0.006423248,0.01184651,-0.0061563,0.0,-0.0,0.0
36.170,-0.010070113,0.02589641,-0.009210627,-0.0,0.0,0.0
36.210,0.0149753615,-0.008922908,-0.0049345694,-0.0,-0.0,0.0
36.230,0.0149753615,-0.008312043,-0.001269378,-0.0,-0.0,0.0
36.270,-0.021676553,0.0051269922,0.003617544,3.1058727e-05,0.00013130765,-2.191569e-05
36.309,0.003979787,-0.007090313,0.00667187,-0.0,-0.0,-0.0
36.331,0.020473149,-0.0144206965,0.0048392746,-0.0,-0.0,-0.0
36.370,0.006423248,-0.002203391,0.001174083,-0.0,-0.0,-0.0
36.409,-0.014957035,0.010624778,0.020110905,0.0,-0.0,-0.0
36.429,-0.006404922,0.002683531,0.024997827,0.0,-0.0,-0.0
36.470,-0.003961461,-0.0028142561,0.015223984,-0.0,0.0,0.0
36.515,-0.009459249,0.010624778,-0.0061563,-0.0,0.0,0.0
36.532,0.0027580566,0.0020726656,-0.001269378,2.045331e-06,-2.7216797e-06,1.2526391e-06
36.572,0.014364496,0.0014618005,-0.0049345694,0.0,-0.0,0.0
36.612,-0.012513574,0.007570453,-0.017151875,-0.0,0.0,0.0
36.631,-0.009459249,0.010013914,-0.013486682,-0.0,0.0,0.0
36.670,0.025970936,-0.020529348,0.0042284094,-0.0,-0.0,-0.0
36.696,0.023527475,-0.008312043,-4.764749e-05,-0.0,-0.0,0.0
36.749,-0.016178766,0.021620354,0.001174083,0.0,-0.0,-0.0
36.769,-0.0027397305,0.010624778,0.0023958134,0.0,-0.0,-0.0
36.809,0.015586226,-0.0064794477,-0.0031019738,-2.9849565e-05,-7.1804185e-05,1.4289369e-05
36.848,-0.010680979,0.0008509353,-0.014708413,-0.0,0.0,0.0
36.869,-0.018622227,0.011235644,-0.003712839,-0.0,0.0,0.0
36.909,0.0009254609,0.01184651,0.01950004,-0.0,-0.0,0.0
36.949,-0.022287419,0.027729006,0.010337062,0.0,-0.0,-0.0
36.969,-0.017400498,0.008792184,0.0078936005,0.0,-0.0,-0.0
37.009,0.011921035,-0.0009816604,0.00667187,-0.0,-0.0,-0.0
37.051,-0.0009071349,0.0020726656,0.003617544,0.0,-0.0,-0.0
37.069,-0.0045723263,-0.0015925257,-0.001269378,-2.1397475e-06,6.1434466e-06,1.7055625e-06
37.109,-0.01312444,0.0020726656,-0.007988896,-0.0,0.0,0.0
37.151,0.0009254609,-0.0125881005,-0.0024911084,-0.0,-0.0,0.0
37.171,-0.0021288656,-0.013809831,0.0017849483,-0.0,0.0,0.0
37.212,-0.008848383,0.009403048,0.008504466,0.0,-0.0,-0.0
37.235,-0.01434617,0.01184651,0.0054501398,0.0,-0.0,-0.0
37.268,-0.0027397305,0.0057378574,0.0048392746,0.0,-0.0,-0.0
37.312,0.01008844,-0.017475022,0.0097261965,-0.0,-0.0,-0.0
37.356,-0.007015787,0.0020726656,0.014002253,0.0,-0.0,-0.0
37.368,-0.01312444,0.01306824,0.012780522,0.0,-0.0,-0.0
37.410,0.0003145956,-0.0009816604,0.014002253,-0.0,-0.0,-0.0
37.450,-0.003961461,-0.004035987,0.00667187,-0.0,0.0,0.0
37.469,-0.019843958,0.01673343,-0.0024911084,-0.0,0.0,0.0
37.508,-0.0045723263,0.017955162,-0.009821491,-0.0,0.0,0.0
37.549,0.025970936,-0.013198965,-4.764749e-05,-0.0,-0.0,0.0
37.591,-0.005183192,0.0039052614,-0.0031019738,-0.0,0.0,0.0
37.610,-0.019843958,-0.0003707952,0.003617544,-2.0069886e-06,0.00010746498,-1.9590701e-05
37.651,-0.006404922,-0.016253293,0.010947927,-0.0,0.0,0.0
37.690,-0.003350596,-0.013198965,0.0048392746,-0.0,0.0,0.0
37.710,-0.005183192,0.00024007005,0.0042284094,0.0,-0.0,-0.0
37.748,0.0070341136,-0.0009816604,-0.0024911084,-0.0,-0.0,0.0
37.789,0.008255844,0.007570453,0.003617544,-0.0,-0.0,0.0
37.808,0.0003145956,0.006959588,0.0072827353,-0.0,-0.0,0.0
37.848,-0.010070113,0.008181319,0.001174083,0.0,-0.0,-0.0
37.890,0.0045906524,-0.0052577173,0.001174083,-0.0,-0.0,-0.0
37.910,0.0045906524,0.01184651,0.0042284094,-0.0,-0.0,0.0
37.949,-0.0015180002,-0.011366369,-0.0049345694,-0.0,-0.0,0.0
37.989,0.0021471912,0.0039052614,0.0042284094,-0.0,-0.0,0.0
38.010,0.01008844,-0.0052577173,-0.003712839,-0.0,-0.0,0.0
38.049,0.008255844,-0.0015925257,-0.014708413,-0.0,-0.0,0.0
38.089,-0.00029626966,-0.004035987,-0.009210627,-0.0,-0.0,0.0
38.109,-0.011291845,0.00024007005,-0.007988896,-0.0,0.0,0.0
38.148,-0.021676553,0.017344298,-0.0049345694,0.00013127404,0.00016406992,3.7338454e-05
38.192,0.008255844,0.0008509353,0.008504466,-0.0,-0.0,0.0
38.208,0.025970936,-0.0009816604,0.014002253,-0.0,-0.0,-0.0
38.249,0.011921035,-0.013809831,0.0078936005,-0.0,-0.0,-0.0
38.290,-0.006404922,0.0057378574,0.00667187,0.0,-0.0,-0.0
38.312,0.001536326,-0.008922908,0.003617544,-0.0,-0.0,-0.0
38.349,0.0021471912,-0.021140212,0.00056321773,-0.0,-0.0,-0.0
38.390,-0.003350596,-0.011977235,-0.008599761,-0.0,-0.0,0.0
38.430,0.013142766,-0.0003707952,-0.02814745,-0.0,-0.0,0.0
38.451,0.016807957,0.0014618005,-0.026314853,0.0,-0.0,0.0
38.490,0.0149753615,-0.0064794477,-0.015319278,-0.0,-0.0,0.0
38.528,-0.007015787,0.0008509353,-0.0049345694,-0.0,0.0,0.0
38.551,-0.008237517,0.0045161266,0.0023958134,0.0,-0.0,-0.0
38.590,0.008866709,-0.004035987,0.012780522,-0.0,-0.0,-0.0
38.630,0.029636128,-0.004646852,-0.0006585127,-0.0,-0.0,0.0
38.649,0.017418824,-0.0064794477,-0.0067671654,-0.0,-0.0,0.0
38.689,-0.01434617,-0.004646852,-0.011654087,-2.3775183e-05,7.339337e-05,5.9622427e-05
38.728,-0.0057940567,-0.004646852,-0.011043222,-0.0,-0.0,0.0
38.750,0.0070341136,-0.0028142561,-0.0049345694,-0.0,-0.0,0.0
38.789,0.01375363,-0.0064794477,0.0023958134,-0.0,-0.0,-0.0
38.828,-0.008237517,0.0051269922,0.0054501398,0.0,-0.0,-0.0
38.848,-0.007015787,0.0045161266,0.001174083,0.0,-0.0,-0.0
38.888,0.0021471912,-0.0034251215,0.0017849483,-0.0,-0.0,-0.0
38.930,-0.0045723263,-0.010144639,-0.012264953,-0.0,-0.0,0.0
38.949,-0.011902709,0.002683531,-0.0202062,1.6998581e-05,7.541912e-05,0.00012803003
38.989,0.01131017,0.008181319,-0.022649663,0.0,-0.0,0.0
39.030,0.017418824,0.0014618005,-0.00737803,0.0,-0.0,0.0
39.052,0.0033689218,-0.0034251215,-0.0031019738,-0.0,-0.0,0.0
39.090,-0.021676553,0.0063487226,-0.0006585127,-0.0,0.0,0.0
39.130,0.0033689218,-0.008312043,0.0030066788,-0.0,-0.0,-0.0
39.150,0.0070341136,-0.007701178,0.0078936005,-0.0,-0.0,-0.0
39.188,0.0003145956,0.002683531,0.02072177,-0.0,-0.0,0.0
39.230,-0.006404922,0.0008509353,0.017056579,0.0,-0.0,-0.0
39.271,-0.018622227,0.021620354,-0.0006585127,-0.0,0.0,0.0
39.289,0.001536326,0.010013914,-0.007988896,0.0,-0.0,0.0
39.332,0.01375363,0.0045161266,-0.023871392,0.0,-0.0,0.0
39.368,-0.01434617,0.020398622,-0.03059091,-0.0,0.0,0.0
39.391,-0.01312444,0.029561602,-0.019595334,-0.0,0.0,0.0
39.430,0.003979787,-0.0015925257,0.0072827353,-0.0,-0.0,-0.0
39.471,-0.0009071349,-0.027859733,0.021332636,-0.0,0.0,0.0
39.492,-0.0015180002,-0.026027136,0.022554368,-0.00024084718,1.4072331e-05,-0.00020871083
39.533,-0.003961461,-0.017475022,0.006061005,-0.0,0.0,0.0
39.570,-0.015567901,-0.016253293,-0.015930144,-0.0,-0.0,0.0
39.589,-0.019843958,-0.008922908,-0.014708413,-0.0,-0.0,0.0
39.632,-0.01678963,0.01184651,0.0017849483,0.0,-0.0,-0.0
39.670,-0.010070113,0.007570453,0.011558793,0.0,-0.0,-0.0
39.691,-0.006404922,0.0045161266,0.015223984,0.0,-0.0,-0.0
39.728,-0.014957035,0.00024007005,0.0078936005,0.0,-0.0,-0.0
39.768,0.0027580566,-0.0034251215,0.006061005,-0.0,-0.0,-0.0
39.789,0.0027580566,-0.0052577173,0.006061005,-0.0,-0.0,-0.0
39.828,-0.022898283,-0.004035987,0.01827831,-0.0,0.0,0.0
39.870,-0.003961461,-0.010144639,0.03232821,-0.0,0.0,0.0
39.889,0.003979787,-0.026638001,0.0219435,-0.0,-0.0,-0.0
39.929,-0.011902709,-0.024805404,-0.0024911084,-0.0,-0.0,0.0
39.968,-0.02595261,-0.005868582,0.0054501398,-0.0,0.0,0.0
39.989,-0.01312444,-0.015031561,0.015223984,-0.0,0.0,0.0
40.029,-0.00029626966,-0.0125881005,0.023165232,-8.909287e-05,2.1041703e-06,-0.00016395324
40.073,0.0009254609,-0.013198965,0.017667444,-0.0,-0.0,-0.0
40.109,-0.011291845,-0.013809831,0.01827831,-0.0,0.0,0.0
40.129,-0.01678963,-0.016253293,0.01827831,-0.0,0.0,0.0
40.169,-0.011291845,-0.0064794477,0.014613118,-0.0,0.0,0.0
40.209,0.0009254609,-0.018085888,0.010337062,-0.0,-0.0,-0.0
40.233,0.0003145956,-0.021140212,0.0042284094,-0.0,-0.0,-0.0
40.269,-0.022287419,0.008792184,0.0048392746,0.0,-0.0,-0.0
40.308,-0.013735305,-0.0064794477,-0.0061563,-0.0,-0.0,0.0
40.328,-0.011291845,-0.002203391,-0.008599761,-0.0,-0.0,0.0
40.368,0.011921035,0.009403048,0.0072827353,-0.0,-0.0,0.0
40.409,0.015586226,0.00024007005,0.013391388,-0.0,-0.0,0.0
40.428,0.006423248,0.0032943962,0.0030066788,-0.0,-0.0,0.0
40.468,-0.014957035,-0.0034251215,-0.003712839,-0.0,-0.0,0.0
40.510,0.0021471912,-0.0028142561,-0.00737803,-0.0,-0.0,0.0
40.531,0.0149753615,-0.011977235,-0.008599761,-0.0,-0.0,0.0
40.568,0.003979787,0.0020726656,-0.004323704,3.4669724e-06,-6.6569787e-06,7.2322723e-06
40.610,0.01131017,0.011235644,-0.0024911084,0.0,-0.0,0.0
40.628,0.023527475,0.016122567,0.001174083,-0.0,-0.0,0.0
40.669,0.0033689218,0.03200506,-0.0024911084,0.0,-0.0,0.0
40.709,-0.007015787,0.01673343,-0.0055454345,-0.0,0.0,0.0
40.729,-0.0021288656,0.03261593,0.00056321773,0.0,-0.0,-0.0
40.768,0.01008844,-0.004035987,0.0072827353,-0.0,-0.0,-0.0
40.809,0.01008844,-0.0064794477,0.009115332,-0.0,-0.0,-0.0
40.829,0.013142766,-0.0052577173,0.0023958134,-2.026267e-05,-5.0650113e-05,-9.23361e-06
40.868,0.0070341136,-0.015031561,-0.010432357,-0.0,-0.0,0.0
40.909,-0.0021288656,-0.0028142561,-0.013486682,-0.0,-0.0,0.0
40.930,-0.0057940567,0.006959588,-0.015930144,-0.0,0.0,0.0
40.969,0.008255844,0.020398622,-0.011043222,0.0,-0.0,0.0
41.011,0.018640552,0.030172465,-0.012264953,0.0,-0.0,0.0
41.049,0.016197093,0.00024007005,-0.009210627,0.0,-0.0,0.0
41.069,0.0009254609,-0.004646852,-0.012264953,-0.0,-0.0,0.0
41.108,-0.006404922,-0.007701178,-0.013486682,-0.0,-0.0,0.0
41.151,0.014364496,-0.016253293,-0.01776274,-0.0,-0.0,0.0
41.168,0.014364496,-0.011366369,-0.013486682,-0.0,-0.0,0.0
41.209,0.012531901,0.0063487226,-0.0055454345,0.0,-0.0,0.0
41.250,0.016807957,-0.005868582,-0.007988896,-0.0,-0.0,0.0
41.269,0.01008844,0.0020726656,-0.011654087,0.0,-0.0,0.0
41.308,0.008255844,-0.0034251215,-0.014097548,-0.0,-0.0,0.0
41.348,0.006423248,-0.017475022,-0.0061563,-0.0,-0.0,0.0
41.369,-0.0057940567,-0.010144639,-0.010432357,-4.2652657e-05,2.4359599e-05,4.3862325e-05
41.409,-0.0009071349,-0.0028142561,-0.009210627,-0.0,-0.0,0.0
41.449,0.021084012,-0.013198965,-0.008599761,-0.0,-0.0,0.0
41.469,0.01925142,-0.026027136,-0.0049345694,-0.0,-0.0,0.0
41.509,-0.00029626966,-0.008312043,-0.00737803,-0.0,-0.0,0.0
41.548,-0.0045723263,-0.0125881005,0.0072827353,-0.0,0.0,0.0
41.568,-0.0015180002,-0.011977235,0.0097261965,-0.0,0.0,0.0
41.608,0.0045906524,-0.0064794477,-0.0018802432,-0.0,-0.0,0.0
41.648,0.02169488,-0.004035987,0.012169657,-0.0,-0.0,-0.0
41.669,0.014364496,0.0008509353,0.00667187,-0.0,-0.0,0.0
41.709,0.0033689218,-0.011977235,-0.001269378,-0.0,-0.0,0.0
41.748,-0.0015180002,0.0008509353,-0.009210627,-0.0,0.0,0.0
41.789,-0.008237517,0.01184651,-0.011654087,-0.0,0.0,0.0
41.808,-0.0027397305,-0.0003707952,-0.0031019738,-0.0,-0.0,0.0
41.849,-0.010070113,-0.004646852,-0.0018802432,-0.0,-0.0,0.0
41.889,-0.006404922,0.01184651,-0.003712839,-0.0,0.0,0.0
41.912,0.0021471912,0.0039052614,0.001174083,4.831329e-06,-2.6563662e-06,-1.4524913e-06
41.949,0.0045906524,0.006959588,-0.001269378,0.0,-0.0,0.0
41.991,-0.0015180002,0.006959588,0.00056321773,0.0,-0.0,-0.0
42.007,0.0003145956,0.008181319,0.00667187,-0.0,-0.0,0.0
42.048,-0.0027397305,0.007570453,-0.008599761,-0.0,0.0,0.0
42.089,0.001536326,0.011235644,-0.011654087,0.0,-0.0,0.0
42.108,0.0070341136,0.015511702,-0.0055454345,0.0,-0.0,0.0
42.151,-0.0021288656,0.011235644,-0.009210627,-0.0,0.0,0.0
42.188,0.0052015176,0.01184651,-0.014097548,0.0,-0.0,0.0
42.209,0.0003145956,0.007570453,-0.012875818,0.0,-0.0,0.0
42.248,0.0009254609,-0.0015925257,-0.00737803,-0.0,-0.0,0.0
42.288,-0.0009071349,0.0020726656,0.0078936005,0.0,-0.0,-0.0
42.309,-0.003961461,0.008792184,0.0078936005,0.0,-0.0,-0.0
42.350,0.0076449784,0.0008509353,0.0054501398,-0.0,-0.0,0.0
42.389,-0.003350596,-0.0107555045,-0.0006585127,-0.0,-0.0,0.0
42.408,-0.011291845,-0.0034251215,-0.0055454345,-0.0,-0.0,0.0
42.451,0.0027580566,-0.011366369,-0.0006585127,-3.5743167e-05,-8.673141e-06,2.0706325e-06
42.490,0.001536326,-0.0003707952,0.011558793,-0.0,-0.0,-0.0
42.510,-0.003961461,-0.0028142561,0.014613118,-0.0,0.0,0.0
42.548,-0.009459249,0.0063487226,0.011558793,0.0,-0.0,-0.0
42.588,0.0027580566,0.0057378574,0.0048392746,-0.0,-0.0,0.0
42.611,0.0033689218,0.007570453,-4.764749e-05,0.0,-0.0,0.0
42.659,-0.0021288656,0.0051269922,-0.0031019738,-0.0,0.0,0.0
42.693,-0.009459249,0.008181319,-0.009210627,-0.0,0.0,0.0
42.728,-0.0015180002,-0.0015925257,0.0054501398,-0.0,0.0,0.0
42.748,-0.011291845,-0.0028142561,0.0042284094,-0.0,0.0,0.0
42.789,-0.030228667,0.022842085,-4.764749e-05,-0.0,0.0,0.0
42.829,0.0045906524,0.008792184,0.010947927,-0.0,-0.0,0.0
42.847,0.016197093,-0.004646852,0.012169657,-0.0,-0.0,-0.0
42.888,-0.0045723263,0.002683531,0.010947927,0.0,-0.0,-0.0
42.928,-0.011291845,0.0051269922,0.0054501398,0.0,-0.0,-0.0
42.948,-0.003961461,0.0008509353,0.009115332,0.0,-0.0,-0.0
42.988,-0.008237517,-0.015031561,0.008504466,-0.0,0.0,0.0
43.028,-0.022898283,0.01184651,0.0017849483,0.0,-0.0,-0.0
43.048,-0.003961461,0.015511702,-0.004323704,-0.0,0.0,0.0
43.087,0.017418824,0.002683531,-0.012264953,0.0,-0.0,0.0
43.128,0.0009254609,0.010624778,-0.0031019738,0.0,-0.0,0.0
43.150,-0.0009071349,0.0020726656,-0.004323704,-0.0,0.0,0.0
43.188,-0.018622227,-0.0015925257,-0.0018802432,-0.0,-0.0,0.0
43.229,-0.013735305,-0.0125881005,0.0030066788,-0.0,0.0,0.0
43.250,-0.006404922,-0.009533773,0.003617544,-3.0816973e-05,2.0703532e-05,-1.1693077e-05
43.288,0.013142766,-0.007701178,0.0048392746,-0.0,-0.0,-0.0
43.328,0.017418824,-0.004646852,-4.764749e-05,-0.0,-0.0,0.0
43.369,-0.006404922,0.016122567,0.0048392746,0.0,-0.0,-0.0
43.390,-0.003961461,-0.002203391,0.013391388,-0.0,0.0,0.0
43.428,-0.007015787,0.009403048,0.0042284094,0.0,-0.0,-0.0
43.477,-0.0009071349,-0.0015925257,0.0042284094,-0.0,0.0,0.0
43.488,0.005812383,-0.011366369,0.00667187,-0.0,-0.0,-0.0
43.528,-0.0009071349,-0.0064794477,-0.0055454345,-0.0,-0.0,0.0
43.568,-0.0027397305,-0.004646852,0.0017849483,-0.0,0.0,0.0
43.594,0.0045906524,0.011235644,0.00056321773,-0.0,-0.0,0.0
43.628,0.016197093,-0.0052577173,-0.00737803,-0.0,-0.0,0.0
43.667,-0.019843958,0.008792184,-0.004323704,-0.0,0.0,0.0
43.688,-0.022898283,0.01673343,0.0017849483,0.0,-0.0,-0.0
43.727,0.010699305,0.010013914,0.0078936005,-0.0,-0.0,0.0
43.769,0.0149753615,-0.004035987,0.009115332,-0.0,-0.0,-0.0
43.788,0.0009254609,0.0057378574,0.006061005,1.2933925e-05,-2.0862078e-06,-1.3662346e-05
43.828,-0.0015180002,-0.008922908,-0.003712839,-0.0,-0.0,0.0
43.867,0.0003145956,-0.011366369,0.012780522,-0.0,-0.0,-0.0
43.892,-0.0027397305,-0.0003707952,0.011558793,-0.0,0.0,0.0
43.928,-0.003961461,-0.016253293,0.006061005,-0.0,0.0,0.0
43.969,-0.0015180002,0.010624778,-0.0049345694,-0.0,0.0,0.0
43.989,0.0033689218,-0.004646852,-0.00737803,-0.0,-0.0,0.0
44.029,0.005812383,0.015511702,-0.014708413,0.0,-0.0,0.0
44.060,0.0033689218,0.01184651,-0.014708413,6.100603e-05,-1.7346456e-05,7.57437e-05
44.088,0.0009254609,-0.007701178,-0.007988896,-0.0,-0.0,0.0
44.128,0.0009254609,0.008792184,-0.0049345694,0.0,-0.0,0.0
44.169,-0.0009071349,-0.0003707952,-0.008599761,-0.0,-0.0,0.0
44.190,0.0021471912,-0.004035987,-0.011043222,-0.0,-0.0,0.0
44.228,-0.0009071349,0.01673343,-0.012264953,-0.0,0.0,0.0
44.269,0.012531901,0.0124573745,-0.012264953,0.0,-0.0,0.0
44.309,0.01375363,-0.002203391,-0.00737803,-9.322011e-06,-5.8194077e-05,3.121742e-05
44.328,0.0009254609,0.0032943962,-0.008599761,0.0,-0.0,0.0
44.369,-0.003961461,0.0051269922,-0.0031019738,-0.0,0.0,0.0
44.411,0.016197093,-0.018085888,0.010337062,-0.0,-0.0,-0.0
44.430,0.016197093,-0.019918485,0.0078936005,-0.0,-0.0,-0.0
44.469,0.001536326,-0.016253293,-0.0024911084,-0.0,-0.0,0.0
44.509,-0.00029626966,-0.0144206965,-0.011654087,-0.0,-0.0,0.0
44.528,0.0003145956,-0.013809831,-0.013486682,-0.0,-0.0,0.0
44.569,0.013142766,0.0008509353,-0.007988896,0.0,-0.0,0.0
44.610,0.012531901,0.0051269922,-4.764749e-05,0.0,-0.0,0.0
44.633,-0.0015180002,0.002683531,-0.0024911084,-0.0,0.0,0.0
44.669,-0.019843958,0.01306824,-0.011654087,-0.0,0.0,0.0
44.709,0.008255844,-0.004646852,-0.0067671654,-0.0,-0.0,0.0
44.730,0.01008844,-0.008312043,-0.001269378,-0.0,-0.0,0.0
44.767,-0.0027397305,0.002683531,0.001174083,0.0,-0.0,-0.0
44.808,0.011921035,-0.0144206965,0.016445715,-0.0,-0.0,-0.0
44.828,0.016807957,-0.018085888,0.009115332,-0.0,-0.0,-0.0
44.868,-0.0027397305,-0.004035987,-0.0061563,-0.0,-0.0,0.0
44.910,0.001536326,0.0032943962,-0.007988896,0.0,-0.0,0.0
44.928,0.013142766,-0.011977235,-0.010432357,-0.0,-0.0,0.0
44.969,0.016807957,-0.008922908,-0.018373605,-0.0,-0.0,0.0
45.008,-0.0021288656,-0.0034251215,-0.009821491,-0.0,-0.0,0.0
45.032,-0.0027397305,-0.0064794477,-0.0018802432,-0.0,-0.0,0.0
45.070,0.003979787,-0.009533773,0.0030066788,-0.0,-0.0,-0.0
45.109,-0.0045723263,-0.0064794477,0.00056321773,-0.0,0.0,0.0
45.150,0.0027580566,-0.007701178,-0.0024911084,-0.0,-0.0,0.0
45.171,0.010699305,-0.008922908,-0.001269378,-0.0,-0.0,0.0
45.209,-0.0027397305,0.0020726656,-0.004323704,-0.0,0.0,0.0
45.248,-0.012513574,0.016122567,0.01827831,0.0,-0.0,-0.0
45.268,0.008866709,0.01184651,0.01950004,-0.0,-0.0,0.0
45.308,0.0021471912,-0.0034251215,-0.012875818,-0.0,-0.0,0.0
45.349,-0.015567901,0.01306824,0.001174083,0.0,-0.0,-0.0
45.369,-0.011902709,0.002683531,0.0017849483,0.0,-0.0,-0.0
45.408,-0.011902709,0.002683531,0.0042284094,0.0,-0.0,-0.0
45.448,-0.0015180002,0.0032943962,0.0078936005,0.0,-0.0,-0.0
45.469,0.0070341136,0.006959588,0.0042284094,-0.0,-0.0,0.0
45.509,-0.005183192,0.0014618005,0.0017849483,0.0,-0.0,-0.0
45.549,-0.018622227,0.00024007005,0.001174083,0.0,-0.0,-0.0
45.569,-0.02350915,-0.011366369,0.0023958134,-0.0,0.0,0.0
45.609,-0.01312444,0.02589641,0.01827831,0.0,-0.0,-0.0
45.648,0.022305744,-0.008922908,0.006061005,-0.0,-0.0,-0.0
45.689,-0.0009071349,0.017955162,0.016445715,0.0,-0.0,-0.0
45.708,-0.010680979,0.006959588,0.026830424,0.0,-0.0,-0.0
45.747,-0.0076266527,0.0020726656,0.006061005,0.0,-0.0,-0.0
45.788,-0.003350596,0.006959588,0.00056321773,0.0,-0.0,-0.0
45.808,-0.0027397305,0.011235644,-0.0024911084,-0.0,0.0,0.0
45.848,0.008866709,0.0045161266,-0.003712839,0.0,-0.0,0.0
45.869,0.014364496,0.0057378574,-0.0067671654,0.0,-0.0,0.0
45.910,-0.0057940567,0.0045161266,-0.0055454345,-0.0,0.0,0.0
45.948,-0.008237517,0.006959588,0.0017849483,0.0,-0.0,-0.0
45.989,-0.005183192,-0.004646852,0.015223984,-0.0,0.0,0.0
46.008,-0.0015180002,-0.005868582,0.013391388,-0.0,0.0,0.0
46.049,-0.00029626966,0.0020726656,0.00056321773,0.0,-0.0,-0.0
46.072,0.0003145956,0.008792184,-4.764749e-05,0.0,-0.0,0.0
46.109,0.005812383,-0.007701178,0.0048392746,-0.0,-0.0,-0.0
46.148,-0.01434617,0.0008509353,-0.0055454345,-0.0,0.0,0.0
46.173,-0.024730878,0.016122567,-0.003712839,-0.0,0.0,0.0
46.208,0.0052015176,0.006959588,0.014002253,-0.0,-0.0,0.0
46.250,0.0076449784,0.01306824,0.012780522,-0.0,-0.0,0.0
46.289,-0.015567901,0.006959588,0.010337062,0.0,-0.0,-0.0
46.312,-0.014957035,-0.0028142561,0.0017849483,-0.0,0.0,0.0
46.349,-0.0021288656,-0.015031561,0.0017849483,-0.0,0.0,0.0
46.387,0.008255844,-0.0034251215,-0.004323704,-0.0,-0.0,0.0
46.410,0.009477574,0.0124573745,-0.0049345694,0.0,-0.0,0.0
46.450,0.0003145956,-0.007701178,-0.001269378,-0.0,-0.0,0.0
46.489,-0.01678963,0.0142899705,0.00056321773,0.0,-0.0,-0.0
46.508,-0.008848383,-0.008312043,0.00667187,-0.0,0.0,0.0
46.548,0.0033689218,-0.007090313,-0.004323704,-0.0,-0.0,0.0
46.589,0.005812383,0.0051269922,0.00667187,-0.0,-0.0,0.0
46.609,0.013142766,0.0039052614,0.010337062,-0.0,-0.0,0.0
46.650,0.0070341136,0.0063487226,0.016445715,-0.0,-0.0,0.0
46.696,-0.010680979,-0.007701178,0.009115332,-0.0,0.0,0.0
46.727,-0.011291845,-0.0064794477,-0.0049345694,-2.4216111e-05,4.2200933e-05,1.8442539e-05
46.747,-0.0009071349,-0.013198965,-0.0031019738,-0.0,-0.0,0.0
46.789,0.011921035,-0.002203391,-0.007988896,-0.0,-0.0,0.0
46.828,0.0045906524,0.002683531,-0.01654101,0.0,-0.0,0.0
46.847,0.0045906524,-0.004646852,-0.009210627,-0.0,-0.0,0.0
46.888,0.009477574,-0.015642427,-0.003712839,-0.0,-0.0,0.0
46.927,-0.0027397305,0.0008509353,0.003617544,0.0,-0.0,-0.0
46.949,0.0045906524,0.0039052614,0.003617544,-0.0,-0.0,0.0
46.991,0.025970936,-0.013198965,-0.0018802432,-0.0,-0.0,0.0
47.027,0.0027580566,0.0032943962,-0.010432357,0.0,-0.0,0.0
47.047,-0.003961461,0.011235644,-0.019595334,-0.0,0.0,0.0
47.087,0.01375363,-0.0052577173,-0.015930144,-0.0,-0.0,0.0
47.128,0.01131017,-0.007701178,0.0023958134,-0.0,-0.0,-0.0
47.147,0.0033689218,-0.008312043,-0.009210627,-0.0,-0.0,0.0
47.188,0.0009254609,-0.005868582,-0.0024911084,-0.0,-0.0,0.0
47.228,0.017418824,-0.016864156,0.0072827353,-0.0,-0.0,-0.0
47.248,0.01131017,-0.004646852,0.0048392746,-0.0,-0.0,-0.0
47.290,-0.0009071349,-0.010144639,-0.007988896,-0.0,-0.0,0.0
47.329,0.01008844,-0.004646852,-0.003712839,-0.0,-0.0,0.0
47.368,0.019862283,-0.005868582,-0.013486682,-0.0,-0.0,0.0
47.390,0.01131017,-0.007090313,-0.019595334,-0.0,-0.0,0.0
47.428,-0.011902709,0.023452949,-0.00737803,-0.0,0.0,0.0
47.448,-0.0045723263,0.014900836,0.0048392746,0.0,-0.0,-0.0
47.499,0.008866709,0.0057378574,0.00667187,-0.0,-0.0,0.0
47.527,0.003979787,-0.005868582,0.003617544,-0.0,-0.0,-0.0
47.567,-0.0009071349,-0.0003707952,0.003617544,-0.0,0.0,0.0
47.587,0.003979787,-0.0125881005,0.00667187,-0.0,-0.0,-0.0
47.629,0.006423248,-0.007090313,-4.764749e-05,-0.0,-0.0,0.0
47.668,0.0027580566,-0.008312043,-0.012875818,-0.0,-0.0,0.0
47.689,0.0021471912,-0.0009816604,-0.015930144,-0.0,-0.0,0.0
47.728,0.015586226,0.01306824,-0.014708413,0.0,-0.0,0.0
47.767,0.008255844,-0.010144639,-0.018373605,-0.0,-0.0,0.0
47.787,-0.0057940567,0.0039052614,-0.01776274,-0.0,0.0,0.0
47.827,0.0045906524,0.017344298,-0.0024911084,0.0,-0.0,0.0
47.868,0.017418824,-0.017475022,0.0097261965,-0.0,-0.0,-0.0
47.887,0.0027580566,-0.013809831,-0.001269378,-0.0,-0.0,0.0
47.927,-0.01312444,-0.007701178,-0.012875818,-0.0,-0.0,0.0
47.968,0.020473149,-0.007701178,-0.0067671654,-0.0,-0.0,0.0
47.988,0.022305744,-0.008312043,-0.007988896,-0.0,-0.0,0.0
48.028,-0.005183192,0.0020726656,0.00667187,0.0,-0.0,-0.0
48.068,-0.0015180002,0.013679106,0.0072827353,5.7176494e-05,6.344119e-06,-3.044081e-05
48.087,-0.0021288656,0.011235644,0.0030066788,0.0,-0.0,-0.0
48.128,-0.010680979,0.020398622,0.003617544,0.0,-0.0,-0.0
48.168,-0.00029626966,-0.002203391,-0.001269378,-0.0,-0.0,0.0
48.189,0.006423248,0.0014618005,-0.004323704,0.0,-0.0,0.0
48.229,-0.005183192,0.0020726656,-0.010432357,-0.0,0.0,0.0
48.269,-0.0057940567,0.002683531,-0.007988896,-0.0,0.0,0.0
48.288,-0.0021288656,-0.002203391,0.00056321773,-0.0,0.0,0.0
48.330,-0.007015787,0.006959588,0.0048392746,0.0,-0.0,-0.0
48.368,-0.0015180002,0.010624778,0.012169657,0.0,-0.0,-0.0
48.390,0.0027580566,0.011235644,0.012169657,-0.0,-0.0,0.0
48.429,-0.00029626966,-0.008312043,0.006061005,-0.0,0.0,0.0
48.470,0.0045906524,-0.016253293,0.012169657,-0.0,-0.0,-0.0
48.512,0.0009254609,0.0045161266,0.010947927,-0.0,-0.0,0.0
48.529,-0.003350596,0.007570453,0.010947927,0.0,-0.0,-0.0
48.578,0.0052015176,0.0057378574,0.0072827353,-0.0,-0.0,0.0
48.608,0.0070341136,0.017344298,-0.008599761,9.589905e-05,-3.888994e-05,4.7550686e-05
48.631,-0.0015180002,0.02589641,-0.011043222,-0.0,0.0,0.0
48.669,0.0033689218,0.009403048,-0.013486682,0.0,-0.0,0.0
48.709,0.0027580566,0.014900836,-0.003712839,0.0,-0.0,0.0
48.727,0.0027580566,0.007570453,0.00667187,-0.0,-0.0,0.0
48.767,-0.0057940567,-0.0144206965,0.0054501398,-0.0,0.0,0.0
48.810,-0.014957035,-0.0015925257,0.006061005,-0.0,0.0,0.0
48.827,-0.008237517,0.0008509353,0.0048392746,0.0,-0.0,-0.0
48.867,0.0021471912,-0.0034251215,-0.0018802432,-0.0,-0.0,0.0
48.908,-0.0015180002,0.0142899705,0.00056321773,0.0,-0.0,-0.0
48.929,-0.0021288656,0.017955162,0.006061005,0.0,-0.0,-0.0
48.968,-0.0009071349,0.01306824,0.020110905,0.0,-0.0,-0.0
49.008,-0.0076266527,0.01673343,0.0072827353,0.0,-0.0,-0.0
49.028,-0.0057940567,0.017344298,0.0054501398,0.0,-0.0,-0.0
49.068,0.0027580566,0.0008509353,0.0023958134,-0.0,-0.0,0.0
49.108,-0.0057940567,-0.013198965,0.009115332,-0.0,0.0,0.0
49.131,-0.008237517,-0.0003707952,0.0078936005,-0.0,0.0,0.0
49.169,-0.00029626966,-0.004035987,-0.0031019738,-0.0,-0.0,0.0
49.208,0.008866709,-0.0003707952,0.01583485,-0.0,-0.0,-0.0
49.229,0.005812383,0.0032943962,0.029273884,-0.0,-0.0,0.0
49.268,0.01131017,0.03750285,0.08303003,-0.0,-0.0,0.0
49.310,0.04368603,0.09309159,0.16671857,-0.0,-0.0,0.0
49.331,0.04185343,0.16883889,0.20214874,-0.0,-0.0,0.0
49.368,0.13165063,0.06193746,0.23452461,-0.0,-0.0,0.0
49.409,0.13837014,-0.094444044,0.12273627,-0.0,-0.0,-0.0
49.448,0.12798543,-0.16469355,0.108686365,-0.0,-0.0,-0.0
49.471,0.13470496,-0.13109596,0.16549684,-0.0,-0.0,-0.0
49.508,0.27886915,-0.12071125,0.27239826,-0.0,-0.0,-0.0
49.548,0.2971951,-0.04985088,0.31332624,-0.0,-0.0,-0.0
49.570,0.24893676,-0.004035987,0.25957006,-0.0,-0.0,-0.0
49.611,0.1670808,0.0032943962,0.119071074,-0.0,-0.0,0.0
49.649,0.14020275,-0.013198965,0.07753224,-0.0,-0.0,-0.0
49.668,0.20495445,-0.05534867,0.1361753,-0.0,-0.0,-0.0
49.711,0.3008603,-0.028470596,0.26140267,-0.0,-0.0,-0.0
49.750,0.31429932,0.06926785,0.33714998,-0.0,-0.0,0.0
49.770,0.33323616,0.10653062,0.36341718,-0.0,-0.0,0.0
49.808,0.36316854,0.17433667,0.4929206,-0.0,-0.0,0.0
49.850,0.4022639,0.097367644,0.5381246,-0.0,-0.0,0.0
49.869,0.39004663,0.041778907,0.56988966,-0.0,-0.0,0.0
49.909,0.32834923,0.19816041,0.59737855,-0.0,-0.0,0.0
49.949,0.28742126,0.15906504,0.5326268,0.024472056,-0.04926739,-0.08863349
49.969,0.23305427,0.13279782,0.45199263,-0.0,-0.0,0.0
50.009,0.17318945,0.07904169,0.35303247,-0.0,-0.0,0.0
50.049,0.06689891,-0.0144206965,0.31271535,-0.0,-0.0,-0.0
50.070,0.0021471912,0.00024007005,0.22108558,-0.0,-0.0,0.0
50.109,-0.09375865,0.028950738,-0.020817066,-0.0,0.0,0.0
50.149,-0.041224238,-0.14697845,-0.20346577,-0.0,-0.0,0.0
50.189,0.43158546,-0.16347182,-0.24317202,-0.0,-0.0,0.0
50.208,0.32712752,-0.16958047,-0.3030368,-0.0,-0.0,0.0
50.250,-0.11086287,-0.054126937,-0.49362677,-0.0,-0.0,0.0
50.288,-0.0717675,-0.2129519,-0.5504373,-0.0,-0.0,0.0
50.309,-0.0045723263,-0.24227343,-0.54677206,-0.0,-0.0,0.0
50.348,-0.008848383,-0.24777122,-0.5180614,-0.0,-0.0,0.0
50.389,-0.22204036,-0.18851729,-0.4734682,-0.0,-0.0,0.0
50.408,-0.34176993,-0.1689696,-0.415436,-0.0,-0.0,0.0
50.449,-0.44928223,-0.048018284,-0.39344487,-0.0,-0.0,0.0
50.490,-0.27823997,0.058883134,-0.2682175,0.005759773,0.02923575,0.02802045
50.508,-0.13713008,0.04116804,-0.22545692,-0.0,0.0,0.0
50.548,0.13287236,-0.06634424,-0.18391809,-0.0,-0.0,0.0
50.589,0.1267637,0.010624778,-0.22484605,0.0,-0.0,0.0
50.610,0.14570053,-0.044353094,-0.21812654,-0.0,-0.0,0.0
50.647,0.061401118,-0.08772452,-0.29020864,-0.0,-0.0,0.0
50.689,0.07545102,-0.06267905,-0.35251692,-0.0,-0.0,0.0
50.711,0.06445544,-0.08344847,-0.33419093,-0.0,-0.0,0.0
50.748,0.10416169,-0.16286094,-0.30425856,-0.0,-0.0,0.0
50.788,0.21350656,-0.1390372,-0.2755479,-0.0,-0.0,0.0
50.808,0.27825826,-0.102996156,-0.29143035,-0.0,-0.0,0.0
50.849,0.2941408,-0.20989756,-0.3977209,-0.0,-0.0,0.0
50.890,0.071174964,-0.062068183,-0.43681628,-0.0,-0.0,0.0
50.909,0.065066315,0.03750285,-0.46002918,0.0,-0.0,0.0
50.950,0.20190012,0.05033102,-0.33419093,0.0,-0.0,0.0
50.989,0.23855205,0.46449766,-0.17475511,0.0,-0.0,0.0
51.010,0.320408,0.44311738,-0.07518408,0.0,-0.0,0.0
51.049,0.29963857,0.26474473,-0.018373605,0.0,-0.0,0.0
51.090,0.054070737,0.25313827,-0.032423504,0.0,-0.0,0.0
51.129,-0.015567901,0.2934554,-0.06113417,-0.0,0.0,0.0
51.149,-0.029006938,0.19816041,-0.062355902,-0.0,0.0,0.0
51.190,-0.16584074,0.027729006,-0.12955108,-0.0,0.0,0.0
51.229,-0.37536752,-0.019307617,-0.28348914,-0.0,-0.0,0.0
51.249,-0.4236259,0.02833987,-0.3195302,-0.0,0.0,0.0
51.289,-0.26480094,-0.18240865,-0.4050513,-0.02629367,0.03594,0.05658276
51.329,-0.25563794,-0.09627664,-0.33968872,-0.0,-0.0,0.0
51.348,-0.24525324,-0.17385653,-0.2663849,-0.0,-0.0,0.0
51.388,-0.058939334,0.04238977,-0.3738972,-0.0,0.0,0.0
51.428,0.0003145956,0.019176893,-0.2853217,0.0,-0.0,0.0
51.452,-0.029617801,0.0014618005,-0.27615875,-0.0,0.0,0.0
51.492,-0.3564307,0.14990206,-0.38306016,-0.0,0.0,0.0
51.528,-0.45478,0.0454441,-0.22790039,-0.0,0.0,0.0
51.549,-0.36070675,0.018566027,-0.20957443,-0.0,0.0,0.0
51.590,-0.026563475,0.14379339,0.104410306,0.0,-0.0,-0.0
51.630,0.37844017,-0.11215913,0.19726183,-0.0,-0.0,-0.0
51.649,0.36988807,-0.13170682,0.13678616,-0.0,-0.0,-0.0
51.689,-0.010070113,0.03200506,-0.02936918,-0.0,0.0,0.0
51.734,-0.16461901,0.458389,0.241855,0.0,-0.0,-0.0
51.749,-0.06443712,0.47060633,0.30049804,0.0,-0.0,-0.0
51.789,-0.1493474,0.36126146,0.6120393,0.0,-0.0,-0.0
51.828,-0.49937317,0.20365821,0.6975605,0.057871167,0.113376476,-0.16828053
51.867,-0.68690884,0.075376496,0.48681194,0.0,-0.0,-0.0
51.888,-0.7260041,0.059494,0.3756345,0.0,-0.0,-0.0
51.929,-0.6429265,-0.27526015,0.3542542,-0.0,0.0,0.0
51.968,-0.20615785,-0.43164167,0.23513547,-0.0,0.0,0.0
51.988,-0.058939334,-0.61490124,0.18687712,-0.0,0.0,0.0
52.031,-0.101699896,-0.74684817,0.07325618,-0.0,0.0,0.0
52.069,-0.14140615,-0.6619379,0.011558793,-0.0,0.0,0.0
52.090,-0.09009346,-0.5825254,-0.03731043,-0.0,-0.0,0.0
52.129,0.0027580566,-0.52449316,-0.12527503,-0.0,-0.0,0.0
52.168,0.10232909,-0.24044085,-0.26027626,-0.0,-0.0,0.0
52.189,0.12737456,-0.116435185,-0.22973299,-0.0,-0.0,0.0
52.228,0.25626713,-0.18424124,-0.20346577,-0.0,-0.0,0.0
52.268,0.12859629,-0.113380864,-0.14115752,-0.0,-0.0,0.0
52.289,0.04307516,-0.2270018,-0.1484879,-0.0,-0.0,0.0
52.328,0.14203534,-0.4328634,-0.36778852,-0.0,-0.0,0.0
52.369,0.109048605,-0.42125696,-0.26210883,-0.057038497,-0.015849624,0.03521627
52.410,-0.1578995,-0.05107261,0.05431936,-0.0,0.0,0.0
52.428,-0.23242506,0.20304734,0.1361753,0.0,-0.0,-0.0
52.469,-0.09192605,0.38203084,0.4281689,0.0,-0.0,-0.0
52.489,-0.017400498,0.32583123,0.45565784,0.0,-0.0,-0.0
52.529,-0.07665443,0.15112378,0.39029527,0.0,-0.0,-0.0
52.572,-0.011902709,-0.013809831,0.30416325,-0.0,0.0,0.0
52.590,0.09683131,-0.15064365,0.19298576,-0.0,-0.0,-0.0
52.630,0.19762407,-0.12804163,0.0659258,-0.0,-0.0,-0.0
52.669,0.24710415,-0.18179777,0.04821071,-0.0,-0.0,-0.0
52.709,0.23488685,-0.11399173,0.026219558,-0.0,-0.0,-0.0
52.738,0.18968281,-0.030303191,0.049432438,-0.0,-0.0,-0.0
52.769,0.08827919,-0.12132211,0.032939076,-0.0,-0.0,-0.0
52.809,-0.038169913,-0.04924001,-0.014097548,-0.0,-0.0,0.0
52.828,-0.075432695,0.05033102,0.003617544,0.0,-0.0,-0.0
52.870,-0.09070432,-0.051683474,0.08486263,-0.0,0.0,0.0
52.908,-0.08642827,-0.08039414,0.015223984,-0.0025673476,0.0027613807,-0.00048275138
52.929,-0.13041057,-0.10177443,-4.764749e-05,-0.0,-0.0,0.0
52.968,-0.2635792,0.05277448,0.0359934,0.0,-0.0,-0.0
53.008,-0.25808138,0.14929119,0.05431936,0.0,-0.0,-0.0
53.030,-0.21043392,0.1419608,0.079364836,0.0,-0.0,-0.0
53.071,-0.16645162,0.06438092,0.061649743,0.0,-0.0,-0.0
53.108,-0.21348824,0.011235644,0.15327953,0.0,-0.0,-0.0
53.131,-0.23120333,-0.042520497,0.13067752,-0.0,0.0,0.0
53.171,-0.27823997,-0.023583675,0.0940256,-0.0017819966,0.021992497,-0.0074103284
53.208,-0.26113576,-0.12132211,0.15938818,-0.0,0.0,0.0
53.228,-0.23425765,-0.16225009,0.19054231,-0.0,0.0,0.0
53.268,-0.19821662,-0.21967141,0.24063325,-0.0,0.0,0.0
53.309,-0.2440315,-0.1952368,0.28095037,-0.0,0.0,0.0
53.328,-0.2562488,-0.2233366,0.2980546,-0.0,0.0,0.0
53.369,-0.26846611,-0.091389716,0.40617773,-0.0,0.0,0.0
53.408,-0.26907697,-0.110326536,0.44405138,-0.0,0.0,0.0
53.430,-0.20799045,-0.22883439,0.45199263,-0.0,0.0,0.0
53.469,-0.094369516,-0.16102836,0.3835757,-0.0,0.0,0.0
53.508,-0.08520654,0.06560265,0.28950247,0.0,-0.0,-0.0
53.550,0.003979787,-0.04740742,0.18260106,-0.0,-0.0,-0.0
53.567,0.020473149,-0.0144206965,0.15083608,-0.0,-0.0,-0.0
53.610,0.0265818,-0.037633575,0.1080755,-0.0,-0.0,-0.0
53.650,0.10110736,-0.1390372,0.037215132,-0.0,-0.0,-0.0
53.670,0.14875485,-0.13598289,0.0219435,-0.0,-0.0,-0.0
53.710,0.21900435,-0.10788308,0.01950004,-0.0070974785,-0.014383603,-0.0013322487
53.732,0.24404983,-0.113380864,0.0097261965,-0.0,-0.0,-0.0
53.767,0.14570053,0.02589641,-0.029980045,0.0,-0.0,0.0
53.807,0.0705641,0.088815525,0.016445715,-0.0,-0.0,0.0
53.848,0.06323372,-0.02297281,-0.010432357,-0.0,-0.0,0.0
53.867,0.06567718,0.03261593,0.00667187,-0.0,-0.0,0.0
53.908,0.10416169,0.027729006,-0.01654101,0.0,-0.0,0.0
53.948,0.044296894,0.008181319,-0.08251446,0.0,-0.0,0.0
53.968,0.023527475,0.07048957,-0.0641885,0.0,-0.0,0.0
54.008,0.09377698,-0.013809831,-0.049527735,-0.0,-0.0,0.0
54.050,0.10355082,0.029561602,-0.054414652,0.0,-0.0,0.0
54.069,0.101718225,0.05827227,-0.051360328,0.0,-0.0,0.0
54.109,0.07911621,0.026507275,-0.03303437,0.0,-0.0,0.0
54.150,0.05223814,-0.0052577173,-0.048306003,-0.0,-0.0,0.0
54.168,0.04735122,-0.031524923,-0.05869071,-0.0,-0.0,0.0
54.208,0.037577376,-0.024805404,-0.048306003,-0.0,-0.0,0.0
54.250,0.05223814,-0.046796553,-0.06785369,-0.0012244958,-0.0013693281,0.0017764097
54.292,0.023527475,-0.013198965,-0.06113417,-0.0,-0.0,0.0
54.309,0.021084012,0.03994631,-0.0641885,0.0,-0.0,0.0
54.351,0.03085786,-0.008922908,-0.06479936,-0.0,-0.0,0.0
54.388,0.0149753615,0.04116804,-0.048306003,0.0,-0.0,0.0
54.408,0.0265818,0.025285546,-0.043419078,0.0,-0.0,0.0
54.449,0.0265818,-0.011366369,-0.044029944,-0.0,-0.0,0.0
54.472,0.008866709,-0.007701178,-0.050749462,-0.0,-0.0,0.0
54.509,-0.0021288656,0.002683531,-0.053803787,-0.0,0.0,0.0
54.548,0.0009254609,0.006959588,-0.042808216,0.0,-0.0,0.0
54.573,0.011921035,0.024063814,-0.029980045,0.0,-0.0,0.0
54.611,-0.00029626966,0.029561602,-0.03731043,-0.0,0.0,0.0
54.647,0.01375363,0.030172465,-0.034866966,0.0,-0.0,0.0
54.688,0.025970936,0.0313942,-0.025703987,0.0,-0.0,0.0
54.709,0.017418824,0.0032943962,-0.027536582,0.0,-0.0,0.0
54.748,-0.0009071349,-0.020529348,-0.04219735,-0.0,-0.0,0.0
54.788,-0.0045723263,-0.02175108,-0.02936918,-0.00021505379,4.5174173e-05,0.00029037026
54.808,-0.0015180002,0.0063487226,-0.011654087,-0.0,0.0,0.0
54.847,0.040631704,0.006959588,0.020110905,-0.0,-0.0,0.0
54.887,0.01925142,0.00024007005,-0.0006585127,0.0,-0.0,0.0
54.928,-0.00029626966,0.0014618005,-0.0055454345,-0.0,0.0,0.0
54.947,0.0045906524,0.002683531,0.0097261965,-0.0,-0.0,0.0
54.989,0.013142766,0.007570453,0.009115332,-0.0,-0.0,0.0
55.010,0.001536326,0.010624778,-0.0031019738,0.0,-0.0,0.0
55.048,-0.012513574,-0.004646852,-0.014097548,-2.4219567e-05,6.5213884e-05,7.347047e-05
55.089,0.019862283,0.038113717,-0.0018802432,0.0,-0.0,0.0
55.111,0.033912186,0.025285546,-0.004323704,0.0,-0.0,0.0
55.148,0.035744783,0.023452949,0.015223984,-0.0,-0.0,0.0
55.187,0.02169488,-0.005868582,0.023165232,-0.0,-0.0,-0.0
55.232,-0.024730878,0.008181319,0.04026946,0.0,-0.0,-0.0
55.248,-0.018011361,0.016122567,0.03110648,0.0,-0.0,-0.0
55.288,0.0027580566,-0.026638001,0.030495616,-0.0,-0.0,-0.0
55.328,-0.01923309,0.008792184,-0.009210627,5.44356e-05,0.000119088014,5.7026642e-05
55.349,-0.024730878,0.02711814,0.001174083,0.0,-0.0,-0.0
55.388,0.019862283,-0.02541627,0.011558793,-0.0,-0.0,-0.0
55.428,0.013142766,0.0014618005,0.0054501398,-0.0,-0.0,0.0
55.448,-0.007015787,0.018566027,-4.764749e-05,-0.0,0.0,0.0
55.490,-0.03328299,-0.004035987,-0.0031019738,-0.0,-0.0,0.0
55.529,-0.0027397305,-0.0107555045,-0.0018802432,-0.0,-0.0,0.0
55.547,0.014364496,-0.02175108,0.00056321773,-0.0,-0.0,-0.0
55.588,-0.013735305,-0.007701178,0.0078936005,-3.6412865e-05,6.494638e-05,-3.7322738e-05
55.629,-0.003350596,0.0124573745,0.010337062,0.0,-0.0,-0.0
55.648,0.008866709,0.0063487226,0.010337062,-0.0,-0.0,0.0
55.689,0.01131017,-0.019307617,0.0048392746,-0.0,-0.0,-0.0
55.728,-0.0057940567,0.015511702,0.0017849483,0.0,-0.0,-0.0
55.748,-0.007015787,0.00024007005,0.001174083,0.0,-0.0,-0.0
55.789,0.001536326,-0.015031561,0.017667444,-0.0,-0.0,-0.0
55.830,-0.0076266527,-0.03580098,0.015223984,-0.0,0.0,0.0
55.867,-0.032672126,-0.0052577173,0.0030066788,-4.6893165e-05,0.000291425,-2.681173e-05
55.887,-0.013735305,-0.0015925257,0.001174083,-0.0,0.0,0.0
55.928,0.032690454,-0.011977235,0.026830424,-0.0,-0.0,-0.0
55.967,-0.0021288656,0.008181319,0.001174083,0.0,-0.0,-0.0
55.987,-0.0045723263,0.019787759,-0.014097548,-0.0,0.0,0.0
56.028,0.025970936,-0.016253293,0.00667187,-0.0,-0.0,-0.0
56.068,0.036355644,0.019176893,0.012169657,-0.0,-0.0,0.0
56.089,0.039409973,-0.0015925257,0.0023958134,-0.0,-0.0,-0.0
56.128,-0.006404922,0.0039052614,-0.0055454345,9.779327e-06,1.603908e-05,1.3886632e-05
56.168,-0.025341745,-0.0052577173,-0.004323704,-0.0,-0.0,0.0
56.187,-0.018622227,-0.010144639,-0.009821491,-0.0,-0.0,0.0
56.230,-0.029006938,-0.008922908,-0.0031019738,-0.0,-0.0,0.0
56.270,-0.032061264,-0.008922908,0.001174083,-0.0,0.0,0.0
56.288,-0.02717434,0.00024007005,-0.0055454345,-0.0,0.0,0.0
56.327,-0.005183192,-0.027859733,-0.009821491,-0.0,-0.0,0.0
56.370,0.01131017,0.007570453,0.0078936005,-0.0,-0.0,0.0
56.387,0.0070341136,-0.0064794477,-4.764749e-05,-1.6634243e-05,-1.8058205e-05,1.2217197e-07
56.429,-0.009459249,-0.004646852,-0.009210627,-0.0,-0.0,0.0
56.469,-0.0021288656,0.018566027,0.001174083,0.0,-0.0,-0.0
56.488,0.016807957,0.01184651,-4.764749e-05,0.0,-0.0,0.0
56.528,0.031468723,-0.028470596,0.00667187,-0.0,-0.0,-0.0
56.570,-0.0015180002,0.021620354,0.00056321773,0.0,-0.0,-0.0
56.590,-0.0045723263,0.024063814,0.0054501398,0.0,-0.0,-0.0
56.627,0.030246992,0.030783333,0.01583485,-0.0,-0.0,0.0
56.668,0.032690454,-0.016253293,-0.004323704,-0.0001603867,-0.00032260508,4.264206e-05
56.688,0.013142766,-0.010144639,-0.009821491,-0.0,-0.0,0.0
56.729,0.0027580566,0.0051269922,-0.008599761,0.0,-0.0,0.0
56.768,0.005812383,-0.007701178,0.008504466,-0.0,-0.0,-0.0
56.807,0.0076449784,0.0057378574,0.001174083,-0.0,-0.0,0.0
56.827,0.015586226,0.0032943962,0.014002253,-0.0,-0.0,0.0
56.867,-0.009459249,-0.02175108,0.023776097,-0.0,0.0,0.0
56.908,-0.013735305,0.002683531,0.012169657,0.0,-0.0,-0.0
56.928,0.0076449784,-0.004035987,0.02072177,-2.4328097e-05,-4.6075387e-05,-0.00012489237
56.968,0.018029688,0.00024007005,0.028052155,-0.0,-0.0,0.0
57.008,0.01131017,0.009403048,0.0048392746,-0.0,-0.0,0.0
57.028,0.016807957,0.0063487226,0.0097261965,-0.0,-0.0,0.0
57.068,0.029636128,0.025285546,0.001174083,-0.0,-0.0,0.0
57.108,0.013142766,0.03261593,-0.004323704,0.0,-0.0,0.0
57.127,0.006423248,0.028950738,-0.0024911084,0.0,-0.0,0.0
57.168,-0.003961461,0.035670254,-0.010432357,-0.0,0.0,0.0
57.210,0.0027580566,0.03872458,0.010337062,0.0004176145,-2.9766894e-05,-0.00011147142
57.227,0.012531901,0.068046115,0.022554368,-0.0,-0.0,0.0
57.269,0.0027580566,0.047887556,0.013391388,-0.0,-0.0,0.0
57.307,-0.0027397305,0.048498426,0.028052155,0.0,-0.0,-0.0
57.330,0.017418824,0.04666583,0.017056579,-0.0,-0.0,0.0
57.367,0.062011987,0.006959588,-0.025093123,0.0,-0.0,0.0
57.408,0.058957662,0.03872458,-0.035477832,0.0,-0.0,0.0
57.429,0.057125065,0.07659823,-0.028758314,0.0,-0.0,0.0
57.469,0.058346793,0.06010486,-0.028758314,0.001429294,-0.0013865369,0.0006846368
57.508,0.035744783,0.03505939,-0.023871392,0.0,-0.0,0.0
57.547,0.013142766,0.07659823,-0.009210627,0.0,-0.0,0.0
57.569,0.02780353,0.069878705,-0.017151875,0.0,-0.0,0.0
57.607,0.032690454,0.049720153,-0.001269378,0.0,-0.0,0.0
57.648,0.016197093,0.023452949,-0.040364753,0.0,-0.0,0.0
57.669,0.006423248,0.01306824,-0.058079846,0.0,-0.0,0.0
57.709,-0.00029626966,0.007570453,-0.068464555,-0.0,0.0,0.0
57.748,-0.066880584,0.07048957,-0.08679051,0.002461212,0.0023423028,0.003031864
57.767,-0.101699896,0.121802256,-0.09351003,-0.0,0.0,0.0
57.807,-0.17317113,0.13218696,-0.109392524,-0.0,0.0,0.0
57.847,-0.16645162,0.08820467,-0.097175226,-0.0,0.0,0.0
57.867,-0.1297997,0.047887556,-0.08251446,-0.0,0.0,0.0
57.908,-0.018011361,-0.12071125,0.00056321773,-0.0,0.0,0.0
57.947,0.012531901,-0.09261145,0.022554368,-0.0,-0.0,-0.0
57.967,-0.011902709,-0.033357516,-0.001269378,-0.0,-0.0,0.0
58.007,0.013142766,0.07232217,-0.023260526,0.0014967497,-0.00027162497,0.00048157258
58.051,0.036355644,-0.11704606,-0.047084272,-0.0,-0.0,0.0
58.069,-0.032672126,-0.054126937,-0.055636384,-0.0,-0.0,0.0
58.109,-0.081541345,0.01184651,-0.040364753,-0.0,0.0,0.0
58.145,-0.055885006,-0.017475022,-0.044640813,-0.0,-0.0,0.0
58.167,-0.003350596,-0.036411848,-0.043419078,-0.0,-0.0,0.0
58.207,-0.02350915,-0.029692328,-0.062966764,-0.0,-0.0,0.0
58.247,-0.01923309,-0.005868582,-0.014708413,-0.0,-0.0,0.0
58.268,0.01375363,-0.03457925,-0.009210627,-0.0003558421,-0.00014155297,9.47597e-05
58.308,0.06628804,0.0051269922,0.014002253,-0.0,-0.0,0.0
58.348,0.06934237,0.019787759,0.04393465,-0.0,-0.0,0.0
58.387,0.022305744,-0.04557482,0.0219435,-0.0,-0.0,-0.0
58.409,-0.0045723263,-0.018085888,-0.009821491,-0.0,-0.0,0.0
58.448,-0.0027397305,0.04483323,-0.023260526,-0.0,0.0,0.0
58.488,0.044907756,0.017344298,-0.017151875,0.0,-0.0,0.0
58.508,0.057735927,-0.0144206965,-0.019595334,-0.0,-0.0,0.0
58.548,0.0009254609,-0.005868582,-0.0055454345,-1.2802773e-05,-2.019045e-06,1.2097799e-05
58.588,-0.017400498,-0.018696753,0.017667444,-0.0,0.0,0.0
58.607,0.0003145956,0.00024007005,0.01950004,-0.0,-0.0,0.0
58.648,0.040631704,0.00024007005,0.04026946,-0.0,-0.0,0.0
58.688,0.01375363,-0.026027136,0.021332636,-0.0,-0.0,-0.0
58.712,-0.0045723263,-0.03213579,-0.0049345694,-0.0,-0.0,0.0
58.749,-0.042445973,0.022842085,-0.026925718,-0.0,0.0,0.0
58.787,-0.018011361,-0.033357516,-0.0067671654,-0.0,-0.0,0.0
58.806,-0.02595261,-0.05779213,-0.0067671654,-0.0009883764,0.00044377963,0.00011595019
58.848,-0.06749145,-0.03824444,0.03232821,-0.0,0.0,0.0
58.889,-0.04488943,-0.06328992,0.051265035,-0.0,0.0,0.0
58.909,-0.029006938,-0.07611809,0.049432438,-0.0,0.0,0.0
58.947,0.01008844,-0.0009816604,0.054930225,-0.0,-0.0,-0.0
58.988,0.038799107,0.0063487226,0.0219435,-0.0,-0.0,0.0
59.009,0.029636128,0.0142899705,0.026219558,-0.0,-0.0,0.0
59.048,0.02413834,-0.035190113,0.0042284094,-0.0,-0.0,-0.0
59.092,-0.016178766,0.020398622,0.02072177,0.00018221715,0.00014449448,-0.00018510334
59.128,0.042464297,0.038113717,0.043323785,-0.0,-0.0,0.0
59.147,0.072396696,-0.002203391,0.028663019,-0.0,-0.0,-0.0
59.187,0.02291661,-0.0064794477,0.00056321773,-0.0,-0.0,-0.0
59.229,0.008866709,0.055828806,-0.0031019738,0.0,-0.0,0.0
59.248,0.03085786,0.010624778,-0.026314853,0.0,-0.0,0.0
59.288,0.0021471912,-0.02297281,-0.015930144,-0.0,-0.0,0.0
59.310,-0.038169913,-0.03213579,-0.009821491,-0.0,-0.0,0.0
59.347,-0.06565885,-0.015031561,-0.011043222,-0.00027552276,0.0012029415,0.00020249428
59.389,0.0027580566,-0.0406879,0.02988475,-0.0,-0.0,-0.0
59.428,0.0009254609,-0.028470596,0.01583485,-0.0,-0.0,-0.0
59.448,-0.025341745,0.047887556,0.043323785,0.0,-0.0,-0.0
59.488,-0.018622227,0.010013914,0.04026946,0.0,-0.0,-0.0
59.527,-0.014957035,-0.019307617,-0.018373605,-0.0,-0.0,0.0
59.548,-0.008848383,-0.02908146,-0.003712839,-0.0,-0.0,0.0
59.588,-0.041224238,-0.017475022,0.07875397,-0.0,0.0,0.0
59.628,-0.035726454,-0.11704606,0.072034456,-0.004458735,0.0013676485,-0.002742177
59.648,-0.06321539,-0.23005612,0.057373684,-0.0,0.0,0.0
59.688,-0.26541176,-0.3027491,-0.053803787,-0.0,-0.0,0.0
59.731,-0.3918609,-0.18607384,-0.08495791,-0.0,-0.0,0.0
59.748,-0.36742628,-0.22578007,-0.06602109,-0.0,-0.0,0.0
59.788,-0.32894176,-0.28564486,-0.061745036,-0.0,-0.0,0.0
59.828,-0.3179462,-0.36139214,-0.16803558,-0.0,-0.0,0.0
59.849,-0.23670113,-0.4444698,-0.17719856,-0.0,-0.0,0.0
59.888,-0.04916549,-0.08344847,-0.11305772,-0.0033383793,0.0019567257,0.004520175
59.929,0.1004965,-0.03580098,0.03232821,-0.0,-0.0,-0.0
59.948,0.1670808,-0.13842635,-0.02814745,-0.0,-0.0,0.0
59.988,0.07728361,0.06315919,-0.12344243,0.0,-0.0,0.0
