timestamp,x,y,z
00.003,0.22027329,0.0023942748,9.57231
00.009,0.22027329,0.0,9.581888
00.041,0.23463893,0.014365649,9.574705
00.081,0.21069619,0.0,9.593859
00.110,0.21787901,0.009577099,9.5794935
00.140,0.21069619,0.0071828244,9.596253
00.181,0.21309046,0.019154198,9.596253
00.207,0.20590763,0.0023942748,9.581888
00.240,0.22745611,-0.0023942748,9.567522
00.280,0.22027329,0.0023942748,9.601042
00.308,0.22506183,-0.031125572,9.565128
00.342,0.22985038,-0.014365649,9.555551
00.381,0.21069619,0.014365649,9.60583
00.410,0.24900457,-0.009577099,9.574705
00.449,0.21069619,0.019154198,9.584282
00.481,0.22027329,0.0071828244,9.5794935
00.510,0.22985038,-0.03351985,9.560339
00.549,0.22745611,-0.014365649,9.555551
00.581,0.21309046,-0.009577099,9.58907
00.622,0.21787901,0.016759925,9.591465
00.649,0.22985038,-0.0023942748,9.560339
00.681,0.22985038,-0.0071828244,9.569917
00.722,0.22506183,0.0023942748,9.581888
00.749,0.22745611,-0.011971374,9.560339
00.781,0.22506183,-0.011971374,9.584282
00.821,0.24421602,0.0,9.577099
00.849,0.23224466,-0.014365649,9.560339
00.881,0.22506183,-0.014365649,9.581888
00.922,0.23224466,-0.019154198,9.57231
00.952,0.21069619,0.0023942748,9.565128
00.981,0.21069619,-0.0023942748,9.581888
01.021,0.22266756,-0.021548472,9.574705
01.050,0.21309046,-0.0023942748,9.584282
01.081,0.22027329,0.0,9.581888
01.124,0.23224466,-0.026337024,9.562734
01.148,0.23942748,0.011971374,9.584282
01.188,0.22027329,-0.021548472,9.567522
01.221,0.20590763,-0.023942748,9.577099
01.248,0.21787901,0.0071828244,9.574705
01.288,0.22506183,-0.0023942748,9.562734
01.320,0.21548474,0.0023942748,9.581888
01.362,0.23224466,-0.014365649,9.567522
01.390,0.22985038,-0.009577099,9.577099
01.422,0.19393626,0.0023942748,9.574705
01.461,0.22506183,-0.021548472,9.581888
01.488,0.22266756,0.016759925,9.584282
01.521,0.22027329,0.0,9.598648
01.561,0.21309046,-0.028731298,9.593859
01.589,0.19393626,0.016759925,9.603436
01.621,0.22985038,0.0047885496,9.591465
01.661,0.21548474,-0.011971374,9.581888
01.689,0.22745611,-0.0023942748,9.591465
01.721,0.22745611,-0.0023942748,9.569917
01.761,0.21787901,0.0,9.601042
01.790,0.23942748,0.0023942748,9.574705
01.820,0.22985038,-0.011971374,9.557945
01.860,0.21548474,0.016759925,9.591465
01.889,0.23463893,-0.021548472,9.569917
01.923,0.22266756,-0.021548472,9.557945
01.961,0.21787901,-0.0023942748,9.565128
01.988,0.24182175,-0.021548472,9.57231
02.028,0.20351335,0.016759925,9.596253
02.060,0.21309046,-0.016759925,9.562734
02.090,0.23463893,-0.011971374,9.574705
02.129,0.23463893,0.0047885496,9.562734
02.160,0.2466103,-0.035914123,9.550762
02.189,0.21548474,0.009577099,9.57231
02.228,0.22506183,0.0071828244,9.57231
02.260,0.22745611,-0.019154198,9.577099
02.301,0.22027329,0.011971374,9.58907
02.328,0.22745611,-0.009577099,9.565128
02.361,0.22506183,-0.023942748,9.567522
02.401,0.23463893,-0.0071828244,9.569917
02.429,0.22506183,-0.011971374,9.553157
02.460,0.22266756,-0.011971374,9.555551
02.502,0.23942748,-0.011971374,9.562734
02.527,0.21309046,-0.0023942748,9.567522
02.560,0.1987248,0.0,9.601042
02.602,0.22266756,-0.011971374,9.553157
02.629,0.20590763,0.0023942748,9.598648
02.662,0.21309046,0.0047885496,9.586677
02.701,0.22985038,-0.014365649,9.562734
02.729,0.21787901,0.016759925,9.60583
02.760,0.21787901,0.0047885496,9.574705
02.802,0.21548474,-0.009577099,9.5794935
02.829,0.21069619,0.0047885496,9.58907
02.861,0.22506183,-0.0023942748,9.562734
02.902,0.23224466,-0.014365649,9.58907
02.928,0.22266756,0.031125572,9.577099
02.969,0.22027329,0.0047885496,9.591465
03.001,0.22027329,0.009577099,9.567522
03.029,0.21548474,0.016759925,9.584282
03.070,0.21069619,0.021548472,9.601042
03.100,0.22266756,0.0,9.581888
03.139,0.21787901,-0.0023942748,9.569917
03.170,0.21787901,0.028731298,9.596253
03.202,0.21548474,0.0,9.57231
03.239,0.20351335,-0.0047885496,9.574705
03.268,0.22745611,0.0,9.598648
03.300,0.21309046,0.0023942748,9.560339
03.341,0.22506183,0.0071828244,9.581888
03.369,0.21309046,0.021548472,9.5794935
03.400,0.22506183,-0.023942748,9.560339
03.441,0.22027329,-0.009577099,9.586677
03.468,0.2083019,0.0,9.567522
03.500,0.22985038,-0.023942748,9.577099
03.540,0.21787901,-0.019154198,9.574705
03.568,0.22745611,0.0,9.567522
03.600,0.21069619,-0.009577099,9.562734
03.641,0.22027329,-0.0023942748,9.562734
03.669,0.21548474,-0.011971374,9.574705
03.709,0.22266756,0.009577099,9.567522
03.741,0.23942748,-0.009577099,9.553157
03.769,0.22266756,-0.014365649,9.591465
03.809,0.24421602,-0.009577099,9.581888
03.841,0.22985038,-0.026337024,9.569917
03.869,0.22027329,0.0047885496,9.586677
03.909,0.22985038,-0.014365649,9.581888
03.941,0.22266756,-0.009577099,9.562734
03.980,0.22027329,-0.016759925,9.581888
04.009,0.21787901,0.0023942748,9.581888
04.041,0.22985038,-0.016759925,9.581888
04.081,0.21548474,-0.023942748,9.553157
04.108,0.21069619,0.0,9.584282
04.141,0.22266756,0.0047885496,9.586677
04.179,0.22506183,-0.014365649,9.555551
04.208,0.2083019,0.021548472,9.5794935
04.240,0.22506183,0.0071828244,9.5794935
04.280,0.22506183,-0.021548472,9.560339
04.309,0.22506183,0.021548472,9.581888
04.341,0.2083019,0.011971374,9.581888
04.381,0.22266756,0.0047885496,9.57231
04.409,0.2083019,0.014365649,9.591465
04.441,0.23224466,0.0023942748,9.567522
04.480,0.23224466,0.011971374,9.598648
04.510,0.22506183,0.019154198,9.562734
04.541,0.23463893,0.023942748,9.560339
04.582,0.21548474,0.009577099,9.596253
04.609,0.21787901,0.0071828244,9.57231
04.651,0.21548474,0.0,9.58907
04.681,0.22745611,0.023942748,9.596253
04.710,0.22266756,-0.009577099,9.574705
04.750,0.21548474,0.0047885496,9.593859
04.782,0.22027329,0.0,9.57231
04.822,0.22027329,-0.0047885496,9.57231
04.850,0.22266756,0.023942748,9.593859
04.881,0.23224466,0.0,9.5794935
04.920,0.22027329,-0.009577099,9.586677
04.950,0.22027329,0.011971374,9.598648
04.981,0.21787901,-0.0047885496,9.557945
05.021,0.21548474,0.019154198,9.581888
05.050,0.22745611,-0.009577099,9.562734
05.081,0.22027329,-0.0071828244,9.569917
05.121,0.22027329,0.019154198,9.60583
05.149,0.22266756,-0.0071828244,9.565128
05.181,0.21787901,-0.014365649,9.577099
05.221,0.22266756,0.014365649,9.577099
05.249,0.22506183,-0.023942748,9.57231
05.280,0.21069619,-0.0047885496,9.58907
05.322,0.22985038,-0.009577099,9.57231
05.349,0.2083019,-0.019154198,9.57231
05.382,0.21787901,0.0023942748,9.586677
05.422,0.2083019,-0.0047885496,9.584282
05.450,0.22266756,0.0023942748,9.584282
05.490,0.23224466,-0.019154198,9.562734
05.522,0.22985038,-0.0023942748,9.569917
05.550,0.2083019,0.0023942748,9.593859
05.591,0.21069619,-0.021548472,9.553157
05.622,0.22985038,-0.0023942748,9.577099
05.650,0.22266756,0.011971374,9.601042
05.690,0.21548474,-0.023942748,9.569917
05.722,0.20351335,0.019154198,9.58907
05.761,0.22506183,-0.011971374,9.57231
05.790,0.22745611,-0.0023942748,9.581888
05.821,0.22266756,0.014365649,9.60583
05.862,0.20351335,-0.019154198,9.565128
05.890,0.21787901,0.019154198,9.603436
05.921,0.22506183,0.021548472,9.591465
05.962,0.22506183,0.0047885496,9.569917
05.990,0.22027329,0.0047885496,9.596253
06.021,0.22745611,0.009577099,9.584282
06.060,0.22745611,-0.0023942748,9.593859
06.089,0.22027329,0.0071828244,9.569917
06.121,0.21548474,-0.0023942748,9.569917
06.160,0.22027329,0.009577099,9.581888
06.189,0.20111908,-0.0047885496,9.569917
06.221,0.22027329,0.0023942748,9.555551
06.260,0.21548474,0.011971374,9.584282
06.289,0.22745611,-0.0071828244,9.565128
06.330,0.21548474,0.0071828244,9.577099
06.360,0.2083019,-0.0023942748,9.58907
06.390,0.22745611,-0.016759925,9.557945
06.430,0.22266756,0.0047885496,9.5794935
06.461,0.22506183,-0.0071828244,9.584282
06.490,0.23463893,-0.016759925,9.577099
06.529,0.22985038,-0.0023942748,9.577099
06.561,0.23463893,-0.0071828244,9.567522
06.600,0.22027329,0.016759925,9.584282
06.629,0.22266756,-0.014365649,9.550762
06.662,0.21548474,-0.011971374,9.562734
06.701,0.22027329,0.0071828244,9.593859
06.729,0.22745611,-0.016759925,9.555551
06.762,0.22985038,-0.009577099,9.596253
06.801,0.22266756,0.009577099,9.5794935
06.831,0.22266756,-0.026337024,9.577099
06.862,0.22266756,0.0,9.58907
06.901,0.22745611,-0.011971374,9.553157
06.929,0.2370332,-0.019154198,9.57231
06.960,0.21548474,-0.0047885496,9.591465
07.000,0.22027329,-0.021548472,9.569917
07.028,0.21309046,-0.014365649,9.581888
07.061,0.21309046,0.009577099,9.584282
07.101,0.2083019,0.0023942748,9.586677
07.129,0.23224466,0.016759925,9.601042
07.169,0.21069619,-0.014365649,9.562734
07.200,0.21069619,0.0,9.565128
07.240,0.23224466,-0.009577099,9.565128
07.268,0.22027329,-0.028731298,9.57231
07.301,0.23463893,0.016759925,9.596253
07.330,0.23463893,-0.009577099,9.5794935
07.370,0.21309046,-0.0023942748,9.58907
07.401,0.22027329,0.014365649,9.598648
07.442,0.2083019,-0.023942748,9.601042
07.470,0.21548474,0.0071828244,9.596253
07.501,0.22027329,-0.0023942748,9.593859
07.542,0.21548474,0.0,9.5794935
07.569,0.22266756,0.019154198,9.586677
07.600,0.23463893,0.0047885496,9.584282
07.643,0.23463893,0.0023942748,9.584282
07.670,0.2083019,-0.0071828244,9.5794935
07.701,0.22985038,-0.0071828244,9.567522
07.742,0.22745611,0.014365649,9.593859
07.769,0.21787901,-0.011971374,9.5794935
07.802,0.21787901,-0.016759925,9.569917
07.842,0.23463893,0.0071828244,9.586677
07.870,0.21787901,-0.023942748,9.57231
07.902,0.23942748,0.0047885496,9.569917
07.942,0.2370332,0.011971374,9.596253
07.970,0.22985038,-0.023942748,9.560339
08.010,0.22266756,0.0047885496,9.58907
08.041,0.20590763,0.0071828244,9.562734
08.069,0.22266756,-0.031125572,9.560339
08.109,0.24421602,0.0023942748,9.577099
08.140,0.21069619,-0.011971374,9.555551
08.170,0.2370332,-0.011971374,9.5483675
08.208,0.25139886,0.0071828244,9.577099
08.240,0.2370332,-0.026337024,9.555551
08.280,0.20590763,0.0047885496,9.577099
08.309,0.22506183,-0.016759925,9.591465
08.341,0.23224466,-0.016759925,9.560339
08.381,0.23224466,0.0047885496,9.562734
08.409,0.22985038,-0.0071828244,9.567522
08.441,0.22266756,-0.021548472,9.557945
08.480,0.22266756,-0.011971374,9.57231
08.509,0.21069619,-0.0047885496,9.569917
08.541,0.21787901,0.011971374,9.601042
08.581,0.23224466,-0.035914123,9.565128
08.609,0.22985038,-0.0071828244,9.57231
08.640,0.22266756,0.009577099,9.5794935
08.681,0.23224466,-0.03351985,9.557945
08.709,0.20111908,0.016759925,9.591465
08.742,0.22985038,-0.0047885496,9.581888
08.782,0.21069619,-0.0023942748,9.560339
08.810,0.22985038,0.009577099,9.593859
08.849,0.2083019,-0.0047885496,9.58907
08.880,0.22985038,-0.0023942748,9.591465
08.909,0.22506183,0.011971374,9.584282
08.949,0.19154198,0.0023942748,9.603436
08.981,0.22745611,-0.009577099,9.581888
09.021,0.22027329,-0.021548472,9.567522
09.049,0.2083019,0.019154198,9.5794935
09.080,0.22266756,0.0,9.596253
09.120,0.23463893,-0.019154198,9.5794935
09.148,0.23224466,0.016759925,9.598648
09.179,0.21548474,-0.011971374,9.586677
09.221,0.23224466,0.0071828244,9.584282
09.248,0.22985038,0.011971374,9.569917
09.281,0.21069619,-0.016759925,9.58907
09.323,0.21548474,-0.021548472,9.577099
09.350,0.21548474,0.0047885496,9.5794935
09.382,0.24421602,-0.019154198,9.560339
09.422,0.22027329,0.016759925,9.591465
09.451,0.22985038,0.0047885496,9.5794935
09.481,0.22266756,-0.026337024,9.562734
09.522,0.23463893,0.0,9.5794935
09.550,0.21309046,-0.021548472,9.560339
09.582,0.21548474,-0.019154198,9.555551
09.623,0.22027329,-0.0047885496,9.581888
09.649,0.2370332,-0.014365649,9.574705
09.689,0.22985038,0.0047885496,9.565128
09.721,0.2370332,0.0047885496,9.567522
09.750,0.23224466,-0.0071828244,9.569917
09.790,0.22266756,0.0023942748,9.5794935
09.821,0.22266756,-0.0071828244,9.560339
09.861,0.1987248,0.0071828244,9.577099
09.889,0.22745611,-0.026337024,9.5483675
09.920,0.22266756,-0.014365649,9.5794935
09.961,0.21069619,-0.0071828244,9.591465
09.990,0.22985038,-0.023942748,9.569917
10.022,0.22266756,0.0,9.567522
10.062,0.22985038,-0.011971374,9.581888
10.096,0.23463893,0.0023942748,9.591465
10.123,0.23463893,0.0071828244,9.58907
10.161,0.22506183,-0.0023942748,9.567522
10.190,0.22745611,-0.016759925,9.58907
10.221,0.23463893,0.021548472,9.58907
10.260,0.22266756,-0.014365649,9.57231
10.289,0.21787901,-0.0023942748,9.581888
10.321,0.22027329,0.019154198,9.591465
10.362,0.21069619,-0.016759925,9.574705
10.390,0.19633053,0.009577099,9.584282
10.423,0.23224466,0.019154198,9.586677
10.462,0.21309046,0.0047885496,9.586677
10.489,0.21548474,-0.0047885496,9.581888
10.522,0.22985038,-0.0071828244,9.57231
10.562,0.22506183,0.019154198,9.581888
10.590,0.2370332,-0.009577099,9.5794935
10.623,0.22027329,-0.0071828244,9.565128
10.668,0.22506183,0.016759925,9.591465
10.702,0.22266756,-0.009577099,9.5794935
10.729,0.22027329,0.0023942748,9.591465
10.762,0.22745611,-0.011971374,9.586677
10.802,0.20590763,0.0071828244,9.577099
10.830,0.22027329,0.0,9.574705
10.862,0.21309046,0.0047885496,9.584282
10.902,0.21069619,0.011971374,9.593859
10.930,0.23463893,0.0071828244,9.567522
10.962,0.22985038,-0.014365649,9.562734
11.002,0.19393626,0.011971374,9.586677
11.031,0.21548474,-0.009577099,9.574705
11.063,0.23224466,-0.009577099,9.569917
11.102,0.22027329,0.014365649,9.5794935
11.128,0.22027329,-0.0047885496,9.562734
11.160,0.23224466,-0.028731298,9.569917
11.202,0.23224466,-0.0071828244,9.565128
11.228,0.23224466,0.0,9.57231
11.269,0.2370332,0.0,9.574705
11.301,0.22985038,-0.011971374,9.569917
11.328,0.22745611,-0.014365649,9.58907
11.369,0.21309046,-0.0047885496,9.567522
11.403,0.22027329,-0.031125572,9.569917
11.431,0.22027329,0.009577099,9.577099
11.470,0.22506183,-0.0047885496,9.567522
11.501,0.23942748,-0.026337024,9.586677
11.542,0.21787901,0.0047885496,9.565128
11.571,0.22506183,-0.019154198,9.569917
11.603,0.22985038,-0.031125572,9.5794935
11.641,0.21309046,-0.0023942748,9.560339
11.670,0.21309046,-0.011971374,9.565128
11.703,0.23224466,-0.0023942748,9.58907
11.741,0.22506183,-0.011971374,9.555551
11.769,0.22506183,0.0023942748,9.586677
11.803,0.21548474,0.0023942748,9.586677
11.842,0.22506183,-0.031125572,9.560339
11.870,0.22745611,-0.0023942748,9.596253
11.901,0.22745611,0.0047885496,9.5794935
11.941,0.21069619,-0.0047885496,9.584282
11.970,0.23463893,0.014365649,9.584282
12.000,0.21548474,0.0071828244,9.574705
12.041,0.22027329,-0.016759925,9.57231
12.069,0.22027329,0.0047885496,9.584282
12.101,0.22745611,0.0023942748,9.586677
12.141,0.22745611,0.009577099,9.584282
12.169,0.20111908,-0.0071828244,9.577099
12.209,0.21309046,0.0047885496,9.58907
12.240,0.21069619,0.019154198,9.586677
12.281,0.22745611,-0.011971374,9.560339
12.309,0.22506183,0.0023942748,9.581888
12.341,0.22506183,0.016759925,9.565128
12.370,0.22027329,-0.019154198,9.560339
12.411,0.1987248,0.031125572,9.581888
12.442,0.21548474,-0.019154198,9.57231
12.481,0.21787901,-0.0023942748,9.581888
12.510,0.23942748,0.0047885496,9.584282
12.541,0.23942748,-0.0071828244,9.550762
12.582,0.22266756,0.0071828244,9.591465
12.610,0.21548474,-0.021548472,9.57231
12.642,0.22027329,0.0071828244,9.5794935
12.682,0.22506183,0.0,9.577099
12.710,0.25139886,-0.016759925,9.574705
12.742,0.21309046,-0.016759925,9.567522
12.781,0.22027329,0.0,9.577099
12.809,0.20111908,-0.009577099,9.567522
12.841,0.21069619,0.0,9.574705
12.881,0.21787901,-0.009577099,9.562734
12.910,0.2370332,-0.026337024,9.577099
12.942,0.2083019,0.009577099,9.596253
12.982,0.21069619,-0.026337024,9.557945
13.010,0.21787901,-0.009577099,9.562734
13.050,0.22506183,-0.019154198,9.565128
13.082,0.22027329,0.0023942748,9.577099
13.109,0.2466103,0.0023942748,9.5794935
13.148,0.22985038,-0.028731298,9.577099
13.182,0.22745611,0.0023942748,9.584282
13.220,0.23224466,0.0023942748,9.577099
13.248,0.23224466,0.0047885496,9.562734
13.281,0.21548474,0.0047885496,9.591465
13.320,0.22745611,-0.0047885496,9.569917
13.349,0.21548474,-0.021548472,9.57231
13.381,0.20111908,0.0071828244,9.591465
13.422,0.21787901,-0.016759925,9.574705
13.450,0.21548474,0.0071828244,9.5794935
13.481,0.22506183,0.0023942748,9.591465
13.522,0.22027329,-0.016759925,9.58907
13.549,0.22027329,0.011971374,9.584282
13.582,0.21548474,0.0071828244,9.581888
13.621,0.21069619,-0.011971374,9.581888
13.650,0.23463893,0.0047885496,9.57231
13.681,0.22985038,-0.0071828244,9.560339
13.722,0.22506183,0.0047885496,9.5794935
13.750,0.22506183,0.0,9.565128
13.782,0.22266756,-0.009577099,9.574705
13.822,0.22027329,0.021548472,9.591465
13.850,0.2370332,-0.0071828244,9.560339
13.882,0.22985038,-0.014365649,9.57231
13.921,0.21548474,0.0023942748,9.586677
13.949,0.22506183,-0.021548472,9.569917
13.990,0.21548474,0.016759925,9.591465
14.021,0.21548474,0.014365649,9.57231
14.061,0.22266756,0.0071828244,9.5794935
14.095,0.22506183,0.019154198,9.57231
14.122,0.21787901,-0.016759925,9.5794935
14.160,0.21548474,0.0023942748,9.584282
14.190,0.20351335,-0.0047885496,9.5794935
14.220,0.22506183,-0.0071828244,9.565128
14.260,0.2083019,-0.0023942748,9.584282
14.288,0.21787901,-0.0047885496,9.574705
14.321,0.22506183,-0.028731298,9.5794935
14.361,0.22745611,-0.0071828244,9.5794935
14.389,0.22027329,0.0,9.574705
14.421,0.21309046,-0.026337024,9.57231
14.460,0.22506183,-0.019154198,9.57231
14.489,0.2370332,0.0071828244,9.574705
14.521,0.21069619,-0.0071828244,9.586677
14.562,0.22745611,-0.019154198,9.560339
14.589,0.2083019,-0.009577099,9.591465
14.622,0.22266756,-0.0047885496,9.591465
14.661,0.22985038,-0.0047885496,9.57231
14.689,0.22506183,0.0047885496,9.5794935
14.723,0.21069619,0.016759925,9.581888
14.760,0.23463893,0.0,9.567522
14.789,0.21309046,0.016759925,9.608225
14.829,0.22027329,-0.023942748,9.555551
14.861,0.22266756,-0.0071828244,9.60583
14.890,0.23224466,0.023942748,9.58907
14.929,0.21309046,-0.0023942748,9.5794935
14.960,0.20351335,0.0047885496,9.593859
15.001,0.22985038,-0.016759925,9.57231
15.028,0.21787901,0.0047885496,9.603436
15.061,0.21069619,0.0071828244,9.584282
15.101,0.22506183,-0.0047885496,9.574705
15.131,0.22985038,0.016759925,9.603436
15.160,0.24421602,0.0,9.574705
15.202,0.20351335,-0.014365649,9.584282
15.228,0.21787901,0.009577099,9.58907
15.261,0.21548474,-0.009577099,9.581888
15.300,0.21309046,-0.0047885496,9.586677
15.329,0.21069619,0.0047885496,9.565128
15.361,0.22027329,-0.009577099,9.577099
15.401,0.21309046,0.019154198,9.596253
15.430,0.22027329,-0.0071828244,9.574705
15.461,0.23942748,-0.0071828244,9.553157
15.500,0.22506183,0.0047885496,9.586677
15.528,0.22745611,0.0,9.562734
15.570,0.20111908,0.0047885496,9.574705
15.601,0.22985038,0.011971374,9.586677
15.629,0.22985038,-0.0071828244,9.586677
15.669,0.22745611,0.009577099,9.591465
15.701,0.22506183,0.0023942748,9.555551
15.741,0.22745611,0.009577099,9.58907
15.769,0.22027329,-0.023942748,9.560339
15.801,0.22985038,-0.014365649,9.574705
15.841,0.23463893,0.016759925,9.584282
15.870,0.23224466,-0.014365649,9.565128
15.901,0.22506183,-0.0071828244,9.567522
15.942,0.21309046,0.016759925,9.581888
15.969,0.23224466,-0.023942748,9.57231
16.002,0.22027329,-0.0071828244,9.603436
16.042,0.22027329,-0.009577099,9.577099
16.069,0.24182175,-0.0071828244,9.577099
16.100,0.22985038,0.0071828244,9.591465
16.140,0.22266756,0.0023942748,9.565128
16.169,0.2370332,0.0,9.574705
16.201,0.22027329,0.03351985,9.581888
16.239,0.23942748,0.0023942748,9.567522
16.268,0.21548474,0.0,9.581888
16.308,0.23224466,-0.035914123,9.57231
16.341,0.22506183,0.0,9.5794935
16.369,0.22745611,0.0023942748,9.5794935
16.410,0.21309046,-0.028731298,9.569917
16.442,0.22027329,0.0047885496,9.58907
16.470,0.22745611,0.009577099,9.5794935
16.509,0.22027329,-0.0071828244,9.567522
16.541,0.22266756,0.023942748,9.596253
16.570,0.22266756,0.0,9.565128
16.609,0.22266756,0.021548472,9.5794935
16.641,0.22027329,0.028731298,9.58907
16.682,0.23942748,-0.019154198,9.591465
16.708,0.21309046,0.0047885496,9.593859
16.741,0.2370332,0.016759925,9.581888
16.781,0.23224466,-0.0023942748,9.586677
16.809,0.22506183,-0.0023942748,9.567522
16.844,0.22745611,0.016759925,9.574705
16.881,0.2083019,0.014365649,9.591465
16.908,0.21069619,-0.0023942748,9.57231
16.940,0.22266756,-0.011971374,9.569917
16.980,0.22027329,-0.0047885496,9.584282
17.008,0.2083019,-0.026337024,9.555551
17.040,0.22266756,-0.019154198,9.567522
17.082,0.22027329,0.026337024,9.601042
17.108,0.22745611,-0.028731298,9.553157
17.148,0.21309046,0.0071828244,9.581888
17.180,0.22266756,-0.0023942748,9.58907
17.214,0.22506183,-0.023942748,9.562734
17.247,0.20590763,0.0071828244,9.555551
17.279,0.22985038,-0.0023942748,9.581888
17.320,0.21548474,0.014365649,9.581888
17.349,0.22985038,0.0023942748,9.565128
17.382,0.22027329,-0.016759925,9.553157
17.421,0.21787901,0.0023942748,9.581888
17.449,0.22985038,-0.009577099,9.557945
17.481,0.23942748,-0.031125572,9.581888
17.520,0.22266756,0.016759925,9.586677
17.549,0.22027329,-0.014365649,9.560339
17.581,0.22266756,-0.0071828244,9.577099
17.621,0.21309046,-0.0023942748,9.581888
17.649,0.22506183,-0.009577099,9.574705
17.681,0.20590763,-0.0071828244,9.5794935
17.721,0.22027329,-0.011971374,9.574705
17.749,0.2083019,0.0,9.586677
17.781,0.21787901,-0.0023942748,9.586677
17.820,0.22266756,-0.016759925,9.57231
17.848,0.2083019,0.0047885496,9.581888
17.881,0.21787901,0.011971374,9.598648
17.920,0.22266756,-0.014365649,9.577099
17.951,0.21069619,0.016759925,9.581888
17.981,0.21548474,-0.0047885496,9.581888
18.021,0.2083019,-0.009577099,9.574705
18.049,0.22506183,0.016759925,9.5794935
18.090,0.22027329,-0.009577099,9.565128
18.120,0.21787901,0.0047885496,9.569917
18.149,0.22027329,-0.0023942748,9.567522
18.189,0.22506183,0.009577099,9.601042
18.220,0.2083019,0.016759925,9.581888
18.260,0.22506183,-0.011971374,9.577099
18.289,0.25139886,0.009577099,9.591465
18.320,0.21309046,0.0023942748,9.581888
18.360,0.23463893,-0.0047885496,9.58907
18.388,0.22506183,0.016759925,9.577099
18.419,0.22745611,-0.0023942748,9.567522
18.460,0.21069619,0.0047885496,9.603436
18.489,0.22266756,-0.0047885496,9.596253
18.521,0.23224466,-0.011971374,9.565128
18.561,0.21787901,0.0071828244,9.586677
18.589,0.22985038,-0.0047885496,9.5794935
18.621,0.23942748,-0.021548472,9.57231
18.661,0.21548474,0.016759925,9.577099
18.690,0.21548474,0.0023942748,9.565128
18.721,0.22985038,-0.0023942748,9.565128
18.761,0.21787901,-0.0071828244,9.5794935
18.789,0.2083019,0.0,9.581888
18.822,0.22266756,-0.021548472,9.57231
18.861,0.23942748,-0.0071828244,9.581888
18.888,0.22027329,0.0023942748,9.567522
18.929,0.22745611,-0.0047885496,9.577099
18.960,0.23224466,-0.019154198,9.5794935
18.989,0.22266756,0.0,9.591465
19.029,0.21787901,-0.016759925,9.57231
19.061,0.23463893,-0.019154198,9.569917
19.091,0.21787901,0.014365649,9.591465
19.128,0.23463893,-0.019154198,9.574705
19.160,0.2466103,-0.009577099,9.57231
19.199,0.22506183,-0.0023942748,9.574705
19.228,0.22027329,-0.014365649,9.567522
19.259,0.22745611,0.0,9.577099
19.300,0.21069619,-0.026337024,9.557945
19.328,0.22266756,-0.0023942748,9.574705
19.361,0.21548474,0.014365649,9.57231
19.400,0.22745611,-0.019154198,9.567522
19.429,0.21069619,0.0,9.586677
19.460,0.22266756,0.0071828244,9.598648
19.500,0.21069619,0.0047885496,9.5794935
19.530,0.22266756,0.009577099,9.581888
19.560,0.21787901,0.019154198,9.586677
19.600,0.21787901,-0.0071828244,9.58907
19.628,0.21787901,0.0071828244,9.577099
19.661,0.22506183,0.0071828244,9.577099
19.701,0.22745611,0.019154198,9.593859
19.729,0.21548474,-0.0023942748,9.569917
19.769,0.21548474,-0.011971374,9.577099
19.801,0.20351335,0.014365649,9.586677
19.840,0.22985038,-0.0047885496,9.58907
19.869,0.2370332,0.0071828244,9.598648
19.900,0.1987248,0.009577099,9.593859
19.939,0.22266756,-0.0047885496,9.586677
19.967,0.22506183,0.009577099,9.58907
19.999,0.20590763,0.011971374,9.567522
20.040,0.22745611,0.0047885496,9.584282
20.069,0.21548474,-0.0023942748,9.57231
20.100,0.21309046,-0.0071828244,9.57231
20.140,0.20590763,0.016759925,9.603436
20.168,0.21787901,-0.023942748,9.562734
20.199,0.21548474,0.0047885496,9.581888
20.239,0.21309046,0.009577099,9.5794935
20.267,0.22745611,-0.011971374,9.555551
20.300,0.21309046,-0.016759925,9.5794935
20.340,0.21309046,0.011971374,9.581888
20.369,0.24421602,-0.009577099,9.557945
20.400,0.20590763,-0.009577099,9.58907
20.441,0.22266756,-0.021548472,9.577099
20.469,0.22506183,-0.021548472,9.574705
20.501,0.22745611,0.0071828244,9.5794935
20.540,0.24421602,-0.0023942748,9.565128
20.568,0.21787901,-0.011971374,9.574705
20.609,0.22506183,-0.016759925,9.577099
20.640,0.23463893,-0.016759925,9.555551
20.681,0.22745611,-0.011971374,9.57231
20.708,0.21548474,-0.011971374,9.5794935
20.741,0.22506183,-0.019154198,9.560339
20.786,0.23224466,-0.021548472,9.574705
20.808,0.22745611,0.0,9.581888
20.840,0.21548474,-0.0023942748,9.591465
20.880,0.21787901,-0.019154198,9.57231
20.909,0.24182175,-0.009577099,9.584282
20.940,0.21309046,0.0023942748,9.581888
20.980,0.22027329,-0.03351985,9.545974
21.008,0.23463893,0.016759925,9.586677
21.042,0.21548474,-0.019154198,9.591465
21.081,0.22027329,-0.021548472,9.577099
21.108,0.21309046,0.0071828244,9.58907
21.147,0.22506183,-0.009577099,9.581888
21.183,0.22985038,-0.016759925,9.569917
21.208,0.21548474,0.0071828244,9.584282
21.247,0.23463893,-0.0047885496,9.586677
21.279,0.22745611,-0.0071828244,9.593859
21.308,0.21309046,-0.0023942748,9.593859
21.341,0.24182175,-0.014365649,9.557945
21.380,0.21548474,-0.0071828244,9.58907
21.409,0.2370332,0.0,9.5794935
21.449,0.21309046,0.023942748,9.58907
21.480,0.21548474,0.016759925,9.593859
21.520,0.22985038,-0.016759925,9.57231
21.548,0.22266756,0.019154198,9.5794935
21.581,0.23224466,0.0,9.586677
21.620,0.22027329,-0.016759925,9.58907
21.649,0.21069619,0.009577099,9.586677
21.682,0.21787901,0.0023942748,9.574705
21.720,0.22745611,0.011971374,9.584282
21.749,0.20351335,-0.0047885496,9.569917
21.780,0.21548474,-0.019154198,9.569917
21.820,0.21069619,0.014365649,9.586677
21.848,0.23224466,-0.009577099,9.577099
21.881,0.22266756,-0.011971374,9.553157
21.920,0.21069619,0.0,9.586677
21.948,0.21787901,-0.0071828244,9.565128
21.988,0.20351335,-0.0023942748,9.581888
22.019,0.2370332,0.0047885496,9.569917
22.047,0.22745611,-0.023942748,9.57231
22.088,0.2370332,0.0,9.567522
22.122,0.23224466,-0.009577099,9.569917
22.148,0.23463893,-0.011971374,9.57231
22.181,0.20590763,0.019154198,9.584282
22.219,0.2466103,-0.0023942748,9.565128
22.259,0.22985038,0.0,9.58907
22.288,0.22985038,-0.028731298,9.577099
22.320,0.23942748,-0.021548472,9.584282
22.361,0.22506183,0.0047885496,9.58907
22.389,0.22745611,-0.009577099,9.567522
22.420,0.21069619,0.0,9.581888
22.461,0.22745611,0.0023942748,9.577099
22.489,0.22266756,-0.009577099,9.57231
22.520,0.21787901,0.014365649,9.5794935
22.561,0.22027329,-0.0023942748,9.567522
22.588,0.22266756,-0.014365649,9.581888
22.620,0.21787901,0.0047885496,9.586677
22.660,0.24182175,-0.019154198,9.565128
22.688,0.22027329,-0.0023942748,9.581888
22.720,0.21309046,0.014365649,9.58907
22.761,0.1987248,-0.0047885496,9.574705
22.789,0.2083019,0.019154198,9.577099
22.820,0.21069619,-0.0047885496,9.586677
22.861,0.19633053,0.0,9.586677
22.889,0.2083019,0.0047885496,9.57231
22.928,0.23224466,0.0,9.586677
22.960,0.22745611,0.023942748,9.596253
22.989,0.20111908,0.0023942748,9.581888
23.021,0.21069619,-0.021548472,9.577099
23.060,0.22027329,0.016759925,9.5794935
23.093,0.22506183,0.0023942748,9.562734
23.128,0.23224466,0.009577099,9.593859
23.159,0.22027329,0.0071828244,9.5794935
23.192,0.23942748,-0.016759925,9.57231
23.228,0.21548474,0.0023942748,9.586677
23.258,0.21548474,-0.016759925,9.569917
23.299,0.21787901,0.0,9.584282
23.328,0.21548474,0.011971374,9.5794935
23.360,0.21548474,-0.009577099,9.565128
23.400,0.22266756,-0.0023942748,9.593859
23.428,0.22745611,-0.014365649,9.557945
23.460,0.22027329,-0.016759925,9.555551
23.500,0.23463893,0.0047885496,9.577099
23.528,0.21548474,-0.0047885496,9.5794935
23.560,0.21069619,-0.043096945,9.567522
23.601,0.22266756,-0.016759925,9.569917
23.629,0.22027329,-0.0047885496,9.574705
23.661,0.22027329,-0.023942748,9.553157
23.700,0.22266756,-0.009577099,9.565128
23.728,0.22985038,-0.009577099,9.565128
23.760,0.22745611,0.0023942748,9.577099
23.801,0.22266756,-0.028731298,9.550762
23.829,0.22266756,0.0047885496,9.5794935
23.868,0.24182175,-0.016759925,9.5794935
23.900,0.23463893,-0.026337024,9.557945
23.928,0.22745611,0.0023942748,9.58907
23.968,0.22985038,-0.0071828244,9.574705
24.000,0.22027329,-0.019154198,9.560339
24.041,0.22506183,-0.0023942748,9.574705
24.068,0.22027329,-0.019154198,9.581888
24.100,0.21787901,-0.0071828244,9.569917
24.140,0.22506183,-0.016759925,9.562734
24.168,0.23463893,-0.023942748,9.577099
24.200,0.23463893,0.0,9.574705
24.239,0.22985038,-0.019154198,9.569917
24.268,0.21548474,0.0023942748,9.569917
24.299,0.23224466,0.011971374,9.596253
24.341,0.21548474,-0.011971374,9.577099
24.369,0.21069619,0.016759925,9.598648
24.401,0.21548474,0.014365649,9.584282
24.441,0.22027329,0.0047885496,9.5794935
24.469,0.22506183,0.019154198,9.596253
24.503,0.21309046,0.0071828244,9.58907
24.543,0.22027329,-0.0023942748,9.603436
24.569,0.22506183,0.011971374,9.593859
24.602,0.21069619,-0.0071828244,9.574705
24.641,0.20590763,0.011971374,9.593859
24.670,0.21069619,-0.011971374,9.584282
24.702,0.22985038,-0.0047885496,9.543579
24.740,0.21787901,0.016759925,9.58907
24.769,0.23942748,-0.016759925,9.567522
24.809,0.21787901,-0.0071828244,9.591465
24.840,0.22506183,-0.0023942748,9.596253
24.880,0.21787901,0.0047885496,9.57231
24.908,0.22506183,0.0071828244,9.5794935
24.939,0.22266756,-0.0071828244,9.567522
24.980,0.23463893,0.009577099,9.58907
25.009,0.21309046,-0.011971374,9.557945
25.040,0.2370332,0.0,9.555551
25.081,0.21069619,0.0023942748,9.581888
25.108,0.23463893,-0.011971374,9.577099
25.141,0.23463893,-0.009577099,9.577099
25.180,0.22745611,0.031125572,9.591465
25.208,0.2370332,-0.023942748,9.569917
25.239,0.22745611,-0.0071828244,9.565128
25.279,0.21787901,-0.0047885496,9.58907
25.308,0.22985038,-0.0071828244,9.557945
25.340,0.22027329,-0.011971374,9.596253
25.381,0.21548474,0.0023942748,9.555551
25.409,0.20111908,-0.028731298,9.560339
25.440,0.22266756,0.0047885496,9.586677
25.480,0.21548474,-0.016759925,9.567522
25.509,0.22506183,-0.009577099,9.57231
25.541,0.22266756,0.0047885496,9.593859
25.581,0.22027329,-0.0047885496,9.574705
25.610,0.19393626,0.0,9.57231
25.649,0.22027329,-0.028731298,9.550762
25.680,0.21069619,-0.026337024,9.567522
25.721,0.21309046,-0.009577099,9.574705
25.750,0.2083019,-0.023942748,9.550762
25.782,0.22266756,0.0047885496,9.584282
25.821,0.22027329,-0.0047885496,9.550762
25.848,0.20590763,-0.03351985,9.584282
25.881,0.22266756,0.0023942748,9.601042
25.921,0.23463893,-0.0071828244,9.562734
25.949,0.22266756,-0.0047885496,9.584282
25.981,0.22266756,0.028731298,9.574705
26.021,0.22745611,-0.011971374,9.574705
26.049,0.21787901,0.0071828244,9.586677
26.080,0.21787901,0.0071828244,9.5794935
26.123,0.20111908,-0.016759925,9.5483675
26.148,0.22506183,0.0071828244,9.569917
26.180,0.22506183,-0.0071828244,9.581888
26.220,0.2370332,-0.014365649,9.593859
26.247,0.21069619,0.009577099,9.562734
26.288,0.21309046,-0.009577099,9.574705
26.320,0.21309046,0.019154198,9.603436
26.349,0.22985038,-0.011971374,9.57231
26.387,0.22506183,-0.014365649,9.577099
26.420,0.21309046,0.0023942748,9.593859
26.448,0.22985038,-0.0071828244,9.577099
26.488,0.22745611,0.026337024,9.601042
26.521,0.22985038,0.0023942748,9.5794935
26.560,0.22027329,-0.016759925,9.557945
26.589,0.22506183,0.011971374,9.593859
26.621,0.2370332,-0.026337024,9.567522
26.661,0.20351335,0.014365649,9.58907
26.689,0.21309046,0.0047885496,9.581888
26.721,0.22506183,-0.019154198,9.57231
26.761,0.23463893,0.0071828244,9.58907
26.789,0.22985038,-0.009577099,9.560339
26.820,0.24421602,-0.035914123,9.557945
26.860,0.22985038,-0.0023942748,9.577099
26.889,0.22506183,-0.011971374,9.57231
26.921,0.25379312,-0.021548472,9.562734
26.961,0.23942748,0.0,9.562734
26.988,0.22266756,-0.021548472,9.565128
27.028,0.21548474,0.0047885496,9.574705
27.061,0.21309046,-0.021548472,9.562734
27.088,0.22745611,-0.0071828244,9.574705
27.128,0.21548474,-0.0023942748,9.581888
27.159,0.25139886,-0.028731298,9.569917
27.188,0.22266756,0.016759925,9.586677
27.228,0.23463893,-0.0047885496,9.557945
27.259,0.22266756,-0.016759925,9.581888
27.288,0.21309046,0.019154198,9.598648
27.322,0.21787901,-0.0023942748,9.581888
27.361,0.22985038,-0.019154198,9.569917
27.389,0.23463893,0.014365649,9.591465
27.429,0.21787901,-0.0023942748,9.598648
27.461,0.20590763,-0.009577099,9.581888
27.500,0.2083019,-0.0047885496,9.569917
27.531,0.22266756,0.0023942748,9.569917
27.560,0.20351335,0.016759925,9.586677
27.601,0.22985038,-0.0023942748,9.565128
27.628,0.21069619,0.019154198,9.574705
27.661,0.23224466,0.0071828244,9.569917
27.702,0.22985038,-0.0071828244,9.58907
27.730,0.22266756,0.0023942748,9.584282
27.761,0.22027329,0.0047885496,9.569917
27.801,0.22985038,0.0047885496,9.593859
27.829,0.23463893,0.016759925,9.586677
27.862,0.22985038,0.0,9.567522
27.900,0.23224466,0.0047885496,9.58907
27.929,0.21309046,-0.019154198,9.557945
27.960,0.22985038,-0.0071828244,9.560339
28.001,0.21069619,0.0,9.603436
28.029,0.23224466,-0.0047885496,9.569917
28.069,0.22266756,0.0,9.591465
28.100,0.22266756,-0.0023942748,9.593859
28.130,0.2370332,-0.016759925,9.562734
28.169,0.20351335,0.0047885496,9.58907
28.200,0.22506183,0.0,9.569917
28.230,0.21548474,-0.031125572,9.553157
28.268,0.21548474,-0.014365649,9.567522
28.300,0.23463893,-0.0023942748,9.553157
28.340,0.21309046,0.0071828244,9.591465
28.368,0.22745611,-0.016759925,9.562734
28.401,0.22506183,-0.0047885496,9.5794935
28.440,0.22506183,0.011971374,9.584282
28.468,0.23224466,-0.028731298,9.557945
28.500,0.21548474,0.0,9.581888
28.540,0.23942748,0.009577099,9.5794935
28.568,0.22985038,-0.028731298,9.57231
28.601,0.23942748,-0.0023942748,9.57231
28.641,0.22745611,-0.014365649,9.574705
28.669,0.22745611,-0.009577099,9.565128
28.701,0.22027329,-0.009577099,9.58907
28.740,0.22266756,-0.0023942748,9.565128
28.770,0.22506183,-0.011971374,9.574705
28.800,0.21787901,0.014365649,9.581888
28.841,0.24182175,-0.021548472,9.577099
28.868,0.22506183,0.0,9.58907
28.901,0.21548474,0.0,9.577099
28.945,0.21069619,-0.011971374,9.577099
28.968,0.20590763,0.016759925,9.591465
29.009,0.22985038,-0.0071828244,9.57231
29.040,0.22266756,0.0047885496,9.567522
29.069,0.21069619,0.009577099,9.5794935
29.108,0.22027329,-0.009577099,9.586677
29.139,0.2370332,0.0047885496,9.593859
29.181,0.23224466,-0.028731298,9.5483675
29.208,0.20351335,0.0023942748,9.581888
29.240,0.23224466,-0.0047885496,9.593859
29.280,0.24421602,-0.026337024,9.562734
29.308,0.21309046,0.009577099,9.586677
29.340,0.21548474,0.0,9.574705
29.381,0.22745611,-0.011971374,9.586677
29.410,0.21548474,0.023942748,9.581888
29.441,0.22506183,-0.0047885496,9.577099
29.482,0.24421602,0.011971374,9.5794935
29.510,0.2370332,0.0047885496,9.5794935
29.541,0.1987248,-0.011971374,9.562734
29.581,0.22745611,0.0023942748,9.586677
29.609,0.21548474,-0.014365649,9.591465
29.642,0.22745611,-0.021548472,9.569917
29.683,0.22506183,0.0071828244,9.5794935
29.709,0.22027329,-0.0023942748,9.57231
29.742,0.2083019,-0.021548472,9.562734
29.781,0.21309046,-0.0047885496,9.565128
29.810,0.22745611,-0.016759925,9.5794935
29.842,0.22985038,-0.021548472,9.57231
29.887,0.22985038,0.0,9.567522
29.909,0.22266756,-0.026337024,9.569917
29.949,0.22506183,0.0023942748,9.574705
29.980,0.21787901,0.0,9.567522
30.020,0.1987248,0.011971374,9.577099
30.048,0.21548474,-0.028731298,9.567522
30.081,0.22985038,-0.011971374,9.565128
30.120,0.23224466,0.026337024,9.58907
30.148,0.22745611,-0.011971374,9.574705
30.180,0.22506183,0.0,9.567522
30.220,0.21309046,0.0,9.581888
30.248,0.21548474,-0.0023942748,9.567522
30.280,0.22027329,-0.0047885496,9.5794935
30.320,0.22027329,-0.0071828244,9.57231
30.348,0.24421602,-0.021548472,9.5794935
30.381,0.22027329,0.0023942748,9.562734
30.423,0.22506183,-0.0023942748,9.574705
30.449,0.22027329,-0.011971374,9.574705
30.481,0.1987248,0.021548472,9.603436
30.522,0.22985038,-0.0047885496,9.562734
30.549,0.22266756,0.014365649,9.591465
30.583,0.22985038,0.016759925,9.593859
30.621,0.2083019,-0.009577099,9.57231
30.650,0.20351335,0.0023942748,9.577099
30.682,0.23224466,0.0023942748,9.577099
30.721,0.21787901,0.009577099,9.58907
30.750,0.23224466,0.0,9.5794935
30.790,0.22506183,-0.009577099,9.567522
30.822,0.21787901,0.0023942748,9.596253
30.850,0.22027329,-0.0023942748,9.581888
30.890,0.2083019,-0.011971374,9.574705
30.921,0.22027329,0.0047885496,9.5794935
30.962,0.23224466,0.0047885496,9.574705
30.990,0.22985038,0.0071828244,9.586677
31.021,0.21787901,0.016759925,9.581888
31.061,0.2083019,0.0,9.5794935
31.099,0.22027329,0.0047885496,9.593859
31.120,0.22745611,0.009577099,9.591465
31.160,0.21787901,-0.0071828244,9.5794935
31.188,0.22027329,0.0047885496,9.574705
31.220,0.22027329,0.0023942748,9.545974
31.259,0.22027329,0.023942748,9.577099
31.288,0.22985038,-0.0047885496,9.557945
31.322,0.22506183,-0.011971374,9.577099
31.361,0.21548474,0.016759925,9.591465
31.389,0.21787901,-0.011971374,9.560339
31.422,0.22745611,-0.016759925,9.550762
31.461,0.21069619,-0.0023942748,9.569917
31.489,0.21548474,-0.0023942748,9.567522
31.529,0.22506183,0.0047885496,9.581888
31.561,0.2561874,-0.03351985,9.562734
31.589,0.22745611,-0.016759925,9.584282
31.628,0.22027329,-0.0071828244,9.584282
31.661,0.22985038,-0.021548472,9.543579
31.690,0.22745611,-0.019154198,9.567522
31.730,0.2466103,0.0,9.553157
31.761,0.21309046,-0.023942748,9.565128
31.802,0.20590763,0.0071828244,9.569917
31.829,0.2370332,-0.0047885496,9.569917
31.862,0.21548474,-0.026337024,9.553157
31.902,0.22027329,-0.0047885496,9.567522
31.929,0.24182175,-0.011971374,9.586677
31.961,0.22266756,-0.009577099,9.555551
32.002,0.23224466,0.0023942748,9.553157
32.028,0.22985038,0.009577099,9.5794935
32.060,0.21069619,0.014365649,9.567522
32.100,0.22985038,-0.009577099,9.581888
32.128,0.21309046,0.0047885496,9.581888
32.160,0.21548474,0.011971374,9.581888
32.202,0.2083019,-0.021548472,9.569917
32.229,0.22027329,0.0,9.577099
32.269,0.22266756,-0.028731298,9.562734
32.301,0.22266756,-0.028731298,9.586677
32.330,0.21309046,0.0071828244,9.581888
32.362,0.22506183,0.009577099,9.574705
32.402,0.20111908,0.0047885496,9.577099
32.430,0.22027329,0.011971374,9.586677
32.470,0.21548474,-0.0047885496,9.577099
32.502,0.22027329,0.019154198,9.596253
32.530,0.2083019,-0.011971374,9.562734
32.570,0.21548474,0.0047885496,9.586677
32.603,0.22506183,0.0071828244,9.584282
32.631,0.24182175,-0.026337024,9.555551
32.671,0.22266756,-0.0023942748,9.574705
32.702,0.21787901,0.014365649,9.581888
32.742,0.21548474,-0.011971374,9.58907
32.769,0.22027329,0.0047885496,9.5794935
32.803,0.22745611,0.0,9.5794935
32.843,0.24182175,0.014365649,9.601042
32.870,0.22506183,0.0047885496,9.5794935
32.903,0.23463893,-0.016759925,9.577099
32.942,0.21548474,0.014365649,9.593859
32.969,0.21548474,0.0047885496,9.567522
33.002,0.23463893,-0.014365649,9.553157
33.041,0.22506183,0.0023942748,9.591465
33.071,0.22027329,-0.011971374,9.560339
33.101,0.21787901,-0.016759925,9.567522
33.141,0.22266756,-0.009577099,9.5794935
33.169,0.23463893,-0.031125572,9.562734
33.202,0.22985038,0.0,9.562734
33.240,0.22985038,-0.011971374,9.574705
33.269,0.22985038,-0.011971374,9.562734
33.311,0.22745611,0.0,9.569917
33.341,0.22027329,-0.009577099,9.545974
33.381,0.23463893,0.011971374,9.598648
33.413,0.22985038,-0.038308397,9.562734
33.442,0.21548474,-0.026337024,9.567522
33.481,0.22745611,-0.0023942748,9.593859
33.510,0.22985038,-0.019154198,9.57231
33.541,0.21069619,-0.014365649,9.584282
33.582,0.22745611,0.0071828244,9.574705
33.609,0.22027329,-0.019154198,9.5794935
33.642,0.22266756,-0.014365649,9.577099
33.681,0.21787901,-0.011971374,9.577099
33.709,0.22985038,-0.0071828244,9.57231
33.741,0.21548474,-0.0047885496,9.581888
33.781,0.22027329,-0.0071828244,9.569917
33.809,0.22266756,0.016759925,9.586677
33.841,0.22506183,0.0023942748,9.5794935
33.881,0.21787901,-0.028731298,9.57231
33.910,0.20351335,-0.0071828244,9.57231
33.941,0.22027329,-0.0023942748,9.577099
33.982,0.21309046,-0.0071828244,9.577099
34.011,0.23463893,0.009577099,9.581888
34.050,0.2370332,-0.0071828244,9.58907
34.081,0.21548474,-0.014365649,9.57231
34.109,0.22506183,0.016759925,9.586677
34.150,0.24182175,0.0071828244,9.591465
34.186,0.20590763,-0.023942748,9.5794935
34.221,0.21787901,-0.028731298,9.569917
34.248,0.21069619,0.011971374,9.60583
34.282,0.22985038,0.0,9.586677
34.321,0.21548474,-0.0047885496,9.58907
34.349,0.22745611,0.016759925,9.60583
34.382,0.21787901,-0.011971374,9.562734
34.421,0.21548474,0.011971374,9.58907
34.450,0.22027329,0.009577099,9.584282
34.481,0.23942748,-0.016759925,9.560339
34.522,0.22745611,0.0023942748,9.581888
34.549,0.22027329,0.014365649,9.584282
34.581,0.22745611,-0.0047885496,9.541185
34.622,0.21787901,0.0047885496,9.591465
34.650,0.21787901,-0.014365649,9.562734
34.682,0.23942748,-0.016759925,9.57231
34.722,0.21787901,0.009577099,9.577099
34.749,0.23224466,0.0047885496,9.574705
34.782,0.22745611,0.0071828244,9.5794935
34.822,0.2370332,-0.019154198,9.577099
34.856,0.21309046,-0.0071828244,9.569917
34.882,0.21787901,0.0047885496,9.574705
34.920,0.23942748,-0.016759925,9.574705
34.960,0.24182175,0.009577099,9.5794935
34.988,0.22745611,-0.011971374,9.5794935
35.020,0.21069619,-0.009577099,9.553157
35.062,0.21787901,0.028731298,9.5794935
35.090,0.2370332,-0.026337024,9.555551
35.120,0.24182175,-0.0047885496,9.58907
35.160,0.1987248,-0.0047885496,9.569917
35.192,0.21069619,-0.023942748,9.555551
35.221,0.21309046,0.0071828244,9.584282
35.261,0.21787901,-0.011971374,9.557945
35.288,0.21069619,-0.016759925,9.567522
35.320,0.22506183,0.014365649,9.591465
35.361,0.22027329,-0.014365649,9.577099
35.390,0.20111908,-0.009577099,9.57231
35.421,0.21069619,0.019154198,9.584282
35.461,0.22985038,-0.011971374,9.581888
35.490,0.21548474,-0.009577099,9.57231
35.521,0.23463893,0.009577099,9.577099
35.561,0.2370332,-0.014365649,9.581888
35.590,0.22506183,-0.0047885496,9.593859
35.622,0.23224466,0.011971374,9.586677
35.661,0.22745611,0.014365649,9.593859
35.690,0.22266756,-0.009577099,9.577099
35.722,0.2370332,-0.014365649,9.586677
35.762,0.24421602,0.026337024,9.601042
35.790,0.21309046,-0.019154198,9.577099
35.830,0.22745611,0.0071828244,9.577099
35.862,0.21787901,-0.0047885496,9.601042
35.890,0.21069619,-0.0023942748,9.57231
35.930,0.22266756,0.0023942748,9.569917
35.962,0.22745611,0.014365649,9.5794935
36.001,0.1987248,-0.0047885496,9.593859
36.030,0.21787901,0.0023942748,9.577099
36.061,0.22985038,-0.009577099,9.577099
36.103,0.21548474,0.009577099,9.591465
36.129,0.21069619,-0.0023942748,9.574705
36.160,0.21548474,-0.011971374,9.584282
36.200,0.2083019,0.011971374,9.603436
36.228,0.23942748,-0.009577099,9.555551
36.260,0.22027329,-0.0071828244,9.569917
36.300,0.20590763,0.0,9.574705
36.329,0.22266756,-0.014365649,9.569917
36.361,0.22745611,-0.011971374,9.574705
36.402,0.21787901,-0.0071828244,9.574705
36.429,0.22506183,-0.016759925,9.565128
36.461,0.21787901,-0.019154198,9.577099
36.501,0.21787901,-0.026337024,9.562734
36.529,0.21787901,-0.009577099,9.581888
36.569,0.23942748,-0.0023942748,9.574705
36.602,0.22266756,-0.03351985,9.555551
36.629,0.22266756,-0.0071828244,9.598648
36.670,0.22745611,-0.019154198,9.562734
36.701,0.22745611,-0.026337024,9.557945
36.740,0.22266756,-0.021548472,9.581888
36.769,0.21787901,-0.023942748,9.560339
36.802,0.22027329,-0.011971374,9.574705
36.841,0.22745611,-0.023942748,9.569917
36.870,0.22027329,-0.0047885496,9.574705
36.901,0.21069619,0.009577099,9.581888
36.942,0.22266756,-0.016759925,9.565128
36.969,0.23224466,-0.0047885496,9.567522
37.000,0.22266756,-0.014365649,9.58907
37.040,0.21548474,-0.014365649,9.581888
37.069,0.21787901,0.016759925,9.581888
37.100,0.20111908,-0.0047885496,9.5794935
37.141,0.1987248,-0.009577099,9.5794935
37.168,0.22506183,0.03351985,9.584282
37.200,0.22266756,0.011971374,9.569917
37.240,0.21548474,-0.0023942748,9.574705
37.270,0.22745611,0.0047885496,9.5794935
37.301,0.22985038,-0.014365649,9.5794935
37.341,0.22266756,0.0023942748,9.584282
37.369,0.23463893,0.011971374,9.581888
37.410,0.22745611,0.011971374,9.57231
37.441,0.21548474,-0.0023942748,9.586677
37.469,0.22266756,-0.014365649,9.57231
37.509,0.21787901,-0.0047885496,9.577099
37.542,0.2083019,0.0047885496,9.591465
37.581,0.22027329,0.0023942748,9.584282
37.609,0.22266756,0.011971374,9.601042
37.642,0.23463893,-0.0023942748,9.57231
37.681,0.22027329,0.0023942748,9.569917
37.709,0.21548474,0.011971374,9.581888
37.742,0.22506183,-0.014365649,9.565128
37.782,0.21069619,0.0023942748,9.577099
37.810,0.22027329,-0.009577099,9.577099
37.842,0.22506183,-0.019154198,9.574705
37.881,0.22745611,0.021548472,9.581888
37.910,0.21548474,0.0,9.569917
37.943,0.23224466,-0.019154198,9.560339
37.980,0.23224466,0.009577099,9.574705
38.009,0.22745611,-0.0071828244,9.577099
38.040,0.2083019,0.0,9.581888
38.082,0.22985038,0.009577099,9.550762
38.108,0.22985038,-0.019154198,9.569917
38.149,0.21548474,-0.009577099,9.584282
38.182,0.23942748,-0.0023942748,9.5794935
38.209,0.22266756,-0.021548472,9.569917
38.250,0.21069619,-0.011971374,9.574705
38.280,0.24182175,-0.021548472,9.574705
38.320,0.25379312,0.019154198,9.577099
38.348,0.21309046,-0.019154198,9.57231
38.380,0.22266756,-0.0047885496,9.57231
38.420,0.22266756,-0.011971374,9.5794935
38.450,0.22745611,-0.026337024,9.569917
38.482,0.21309046,-0.009577099,9.601042
38.521,0.22027329,-0.011971374,9.567522
38.549,0.22027329,0.011971374,9.577099
38.580,0.21787901,0.011971374,9.574705
38.622,0.21787901,-0.0047885496,9.569917
38.650,0.22266756,-0.021548472,9.584282
38.681,0.23224466,0.016759925,9.586677
38.721,0.21787901,0.0023942748,9.586677
38.749,0.21309046,0.0023942748,9.584282
38.780,0.21548474,0.011971374,9.574705
38.821,0.21548474,0.0023942748,9.5794935
38.850,0.22266756,0.0023942748,9.574705
38.881,0.23224466,0.0,9.577099
38.921,0.21548474,0.021548472,9.603436
38.950,0.21548474,0.0047885496,9.58907
38.981,0.21787901,0.009577099,9.565128
39.020,0.19633053,0.009577099,9.598648
39.050,0.23224466,-0.023942748,9.557945
39.093,0.21787901,0.0,9.584282
39.121,0.22506183,0.009577099,9.577099
39.149,0.20590763,-0.028731298,9.560339
39.189,0.21787901,-0.009577099,9.584282
39.220,0.22266756,0.019154198,9.581888
39.260,0.22506183,0.0071828244,9.581888
39.288,0.21309046,-0.014365649,9.584282
39.321,0.22506183,-0.0071828244,9.569917
39.360,0.2083019,0.019154198,9.58907
39.389,0.23463893,-0.019154198,9.565128
39.421,0.21548474,-0.014365649,9.562734
39.461,0.21787901,0.0047885496,9.5794935
39.489,0.24421602,-0.021548472,9.584282
39.521,0.24182175,-0.021548472,9.567522
39.561,0.22266756,0.0023942748,9.562734
39.589,0.21548474,-0.019154198,9.57231
39.621,0.22027329,-0.011971374,9.577099
39.661,0.22027329,-0.019154198,9.565128
39.689,0.22266756,-0.0023942748,9.57231
39.721,0.20351335,-0.009577099,9.58907
39.763,0.22745611,-0.016759925,9.577099
39.789,0.2370332,-0.009577099,9.596253
39.821,0.22985038,0.0023942748,9.581888
39.861,0.23224466,-0.014365649,9.57231
39.888,0.22027329,0.014365649,9.57231
39.928,0.24421602,-0.016759925,9.574705
39.960,0.21787901,-0.016759925,9.57231
40.000,0.22985038,0.0,9.565128
40.028,0.22985038,-0.021548472,9.586677
40.061,0.22027329,-0.023942748,9.565128
40.091,0.21548474,0.0023942748,9.591465
40.128,0.22506183,-0.019154198,9.57231
40.160,0.21309046,0.0071828244,9.593859
40.202,0.20351335,-0.028731298,9.562734
40.230,0.20590763,0.014365649,9.577099
40.259,0.21548474,0.0,9.574705
40.300,0.2466103,-0.0047885496,9.584282
40.328,0.21069619,0.0071828244,9.567522
40.361,0.21787901,0.0,9.577099
40.400,0.22266756,-0.016759925,9.586677
40.429,0.22745611,0.014365649,9.581888
40.460,0.22506183,0.014365649,9.57231
40.500,0.21309046,0.016759925,9.562734
40.528,0.22745611,0.019154198,9.596253
40.568,0.22506183,0.0071828244,9.5794935
40.600,0.21548474,0.0,9.577099
40.628,0.21548474,-0.0071828244,9.593859
40.667,0.2370332,0.014365649,9.598648
40.699,0.21787901,0.009577099,9.581888
40.728,0.22266756,-0.028731298,9.557945
40.770,0.21548474,-0.0023942748,9.591465
40.801,0.23942748,-0.0023942748,9.577099
40.841,0.22266756,0.0047885496,9.591465
40.868,0.22985038,0.0047885496,9.581888
40.901,0.21069619,-0.014365649,9.5794935
40.940,0.22266756,0.014365649,9.591465
40.968,0.22027329,-0.0047885496,9.584282
41.001,0.22745611,-0.0047885496,9.567522
41.031,0.21069619,0.0047885496,9.574705
41.068,0.22506183,0.0023942748,9.569917
41.101,0.23463893,-0.014365649,9.557945
41.141,0.23224466,0.009577099,9.584282
41.168,0.2370332,-0.028731298,9.567522
41.200,0.2370332,0.0047885496,9.581888
41.239,0.2370332,0.0,9.577099
41.267,0.21069619,0.0,9.57231
41.300,0.22027329,-0.0071828244,9.593859
41.341,0.22266756,-0.016759925,9.557945
41.368,0.23224466,-0.019154198,9.5794935
41.401,0.22266756,0.014365649,9.596253
41.441,0.2370332,-0.014365649,9.567522
41.469,0.21787901,-0.0071828244,9.567522
41.501,0.21069619,0.0071828244,9.591465
41.541,0.22266756,-0.0071828244,9.562734
41.568,0.22745611,0.0047885496,9.584282
41.602,0.22745611,0.021548472,9.58907
41.641,0.22266756,-0.009577099,9.586677
41.669,0.22266756,-0.0071828244,9.586677
41.709,0.23224466,-0.011971374,9.557945
41.741,0.21309046,0.0,9.581888
41.780,0.2370332,-0.019154198,9.584282
41.809,0.23463893,-0.026337024,9.574705
41.843,0.21548474,0.014365649,9.574705
41.881,0.22506183,-0.019154198,9.58907
41.909,0.22266756,-0.0047885496,9.581888
41.940,0.23942748,0.009577099,9.584282
41.980,0.22266756,-0.0047885496,9.581888
42.008,0.22506183,0.0,9.581888
42.039,0.2083019,-0.0071828244,9.58907
42.080,0.21069619,0.021548472,9.58907
42.108,0.21309046,0.0023942748,9.569917
42.140,0.23463893,-0.0047885496,9.57231
42.180,0.21069619,0.016759925,9.586677
42.208,0.21787901,-0.0071828244,9.57231
42.247,0.22266756,0.0047885496,9.577099
42.279,0.21787901,0.021548472,9.598648
42.308,0.22266756,-0.023942748,9.555551
42.348,0.22027329,0.0023942748,9.586677
42.380,0.23224466,0.021548472,9.5794935
42.409,0.22027329,-0.023942748,9.543579
42.449,0.21069619,0.0047885496,9.560339
42.480,0.22266756,0.0071828244,9.5794935
42.521,0.24182175,0.021548472,9.584282
42.549,0.21787901,0.0071828244,9.57231
42.580,0.23942748,-0.009577099,9.565128
42.621,0.23942748,0.021548472,9.593859
42.649,0.25858167,-0.016759925,9.567522
42.680,0.22027329,0.0023942748,9.555551
42.721,0.24421602,0.026337024,9.591465
42.749,0.22506183,-0.023942748,9.553157
42.780,0.22745611,-0.0071828244,9.584282
42.821,0.22985038,0.0047885496,9.584282
42.849,0.22985038,-0.016759925,9.569917
42.882,0.21787901,-0.009577099,9.569917
42.920,0.22266756,-0.0071828244,9.577099
42.949,0.22745611,-0.026337024,9.57231
42.981,0.20590763,0.0047885496,9.591465
43.020,0.2370332,-0.023942748,9.560339
43.049,0.21787901,0.0047885496,9.562734
43.085,0.21309046,0.009577099,9.577099
43.120,0.22985038,0.0,9.57231
43.148,0.23224466,-0.0023942748,9.586677
43.190,0.22985038,-0.016759925,9.5794935
43.215,0.24182175,-0.014365649,9.567522
43.248,0.21069619,0.0071828244,9.584282
43.287,0.2083019,-0.016759925,9.569917
43.320,0.22506183,0.0071828244,9.581888
43.359,0.23224466,-0.026337024,9.560339
43.389,0.22745611,-0.0023942748,9.591465
43.420,0.20111908,0.011971374,9.596253
43.462,0.23224466,-0.021548472,9.565128
43.484,0.22266756,-0.019154198,9.581888
43.521,0.22985038,0.0023942748,9.577099
43.561,0.21548474,-0.021548472,9.569917
43.589,0.22266756,0.011971374,9.596253
43.619,0.20111908,0.0023942748,9.586677
43.660,0.22266756,-0.0047885496,9.565128
43.689,0.22027329,0.0071828244,9.58907
43.720,0.21309046,-0.0071828244,9.58907
43.761,0.22985038,0.014365649,9.586677
43.788,0.2466103,0.0071828244,9.57231
43.821,0.19154198,-0.009577099,9.565128
43.860,0.21548474,0.0047885496,9.58907
43.888,0.22266756,-0.0023942748,9.557945
43.921,0.22506183,-0.009577099,9.569917
43.959,0.21069619,0.0047885496,9.581888
43.988,0.22027329,0.0023942748,9.557945
44.029,0.23224466,0.009577099,9.586677
44.061,0.21548474,-0.011971374,9.581888
44.093,0.22745611,0.0,9.567522
44.128,0.22745611,-0.009577099,9.569917
44.159,0.23224466,-0.011971374,9.550762
44.200,0.21309046,0.0071828244,9.5794935
44.227,0.23463893,-0.0023942748,9.5794935
44.259,0.21548474,-0.028731298,9.560339
44.299,0.21309046,-0.0047885496,9.574705
44.328,0.2370332,-0.021548472,9.562734
44.360,0.22745611,-0.023942748,9.562734
44.400,0.23463893,0.0023942748,9.567522
44.429,0.23224466,-0.009577099,9.567522
44.460,0.22985038,-0.0047885496,9.569917
44.500,0.22745611,-0.014365649,9.560339
44.528,0.20590763,-0.009577099,9.586677
44.560,0.22266756,-0.014365649,9.565128
44.601,0.22266756,-0.011971374,9.562734
44.629,0.20351335,0.016759925,9.57231
44.660,0.23463893,0.0047885496,9.593859
44.701,0.23224466,-0.0047885496,9.567522
44.729,0.22027329,0.009577099,9.58907
44.762,0.22506183,0.0047885496,9.591465
44.803,0.23463893,-0.009577099,9.565128
44.829,0.22027329,0.023942748,9.60583
44.869,0.21069619,-0.0071828244,9.562734
44.901,0.22745611,0.011971374,9.57231
44.929,0.21069619,0.0071828244,9.5794935
44.964,0.22266756,-0.0023942748,9.577099
44.998,0.22745611,-0.0047885496,9.593859
45.031,0.22266756,0.014365649,9.57231
45.068,0.22506183,0.009577099,9.586677
45.100,0.21309046,-0.0023942748,9.569917
45.142,0.22985038,-0.016759925,9.5483675
45.169,0.21069619,0.0023942748,9.581888
45.199,0.21069619,0.011971374,9.581888
45.238,0.22985038,-0.011971374,9.593859
45.267,0.21548474,0.011971374,9.577099
45.298,0.2466103,0.0047885496,9.569917
45.340,0.19633053,0.011971374,9.569917
45.369,0.22745611,0.014365649,9.574705
45.401,0.23463893,-0.0047885496,9.557945
45.440,0.22027329,0.011971374,9.58907
45.468,0.22506183,-0.014365649,9.574705
45.501,0.22985038,-0.028731298,9.586677
45.540,0.21309046,0.031125572,9.584282
45.568,0.21309046,-0.014365649,9.562734
45.600,0.23942748,-0.021548472,9.57231
45.640,0.22266756,0.0071828244,9.584282
45.669,0.21309046,-0.028731298,9.565128
45.701,0.23224466,0.0023942748,9.5794935
45.740,0.21787901,0.0047885496,9.577099
45.768,0.22745611,-0.019154198,9.567522
45.809,0.20111908,-0.014365649,9.569917
45.840,0.22027329,-0.009577099,9.577099
45.881,0.20590763,0.0071828244,9.593859
45.909,0.22985038,-0.021548472,9.569917
45.940,0.21069619,-0.009577099,9.57231
45.980,0.22506183,0.016759925,9.5794935
46.009,0.23224466,-0.028731298,9.57231
46.040,0.22027329,-0.011971374,9.562734
46.080,0.22745611,-0.009577099,9.57231
46.108,0.21309046,-0.023942748,9.57231
46.139,0.2083019,-0.023942748,9.577099
46.180,0.22506183,0.0023942748,9.577099
46.210,0.21309046,-0.023942748,9.584282
46.247,0.2370332,-0.023942748,9.569917
46.279,0.22985038,-0.009577099,9.57231
46.308,0.22985038,-0.0071828244,9.5794935
46.340,0.20351335,0.011971374,9.586677
46.379,0.22745611,-0.021548472,9.574705
46.409,0.23463893,0.0023942748,9.58907
46.440,0.22506183,0.0071828244,9.596253
46.479,0.22985038,0.009577099,9.574705
46.509,0.22266756,0.009577099,9.581888
46.541,0.22027329,0.014365649,9.591465
46.580,0.21069619,-0.0071828244,9.598648
46.608,0.22745611,-0.0023942748,9.591465
46.648,0.24421602,-0.0071828244,9.596253
46.681,0.23224466,0.0,9.591465
46.720,0.24900457,-0.038308397,9.562734
46.749,0.22266756,0.011971374,9.60583
46.779,0.23224466,0.0023942748,9.57231
46.819,0.20351335,-0.011971374,9.581888
46.849,0.22506183,0.011971374,9.593859
46.881,0.22985038,0.0071828244,9.574705
46.921,0.22745611,0.0047885496,9.591465
46.948,0.22266756,0.021548472,9.596253
46.979,0.22745611,0.0,9.577099
47.019,0.20590763,0.009577099,9.584282
47.048,0.21548474,0.0071828244,9.591465
47.081,0.22985038,-0.031125572,9.562734
47.120,0.21787901,0.0071828244,9.586677
47.147,0.22266756,-0.0047885496,9.584282
47.187,0.21309046,0.0047885496,9.586677
47.218,0.23463893,0.0023942748,9.581888
47.260,0.22506183,-0.0047885496,9.550762
47.287,0.20351335,0.023942748,9.601042
47.320,0.22745611,0.016759925,9.577099
47.348,0.22745611,-0.019154198,9.565128
47.388,0.22985038,0.0047885496,9.584282
47.420,0.21548474,0.0047885496,9.569917
47.448,0.2370332,-0.0023942748,9.574705
47.488,0.22266756,-0.0023942748,9.567522
47.519,0.21787901,-0.0047885496,9.560339
47.560,0.22985038,0.009577099,9.581888
47.588,0.21787901,-0.011971374,9.581888
47.620,0.22985038,-0.0023942748,9.581888
47.660,0.22985038,0.0047885496,9.586677
47.688,0.2083019,-0.009577099,9.57231
47.719,0.22745611,-0.0047885496,9.58907
47.759,0.23224466,-0.0047885496,9.557945
47.788,0.22266756,-0.009577099,9.565128
47.820,0.21309046,0.016759925,9.57231
47.860,0.23224466,-0.021548472,9.567522
47.889,0.22266756,-0.014365649,9.58907
47.920,0.21787901,0.011971374,9.584282
47.960,0.23942748,-0.038308397,9.565128
47.988,0.21069619,0.016759925,9.577099
48.020,0.21309046,0.014365649,9.586677
48.060,0.22506183,-0.016759925,9.591465
48.087,0.22266756,0.0,9.58907
48.121,0.21787901,-0.0071828244,9.577099
48.159,0.20590763,-0.016759925,9.569917
48.201,0.22027329,-0.009577099,9.565128
48.227,0.20351335,-0.014365649,9.581888
48.259,0.22266756,0.014365649,9.567522
48.299,0.22506183,-0.0071828244,9.581888
48.328,0.21548474,-0.0047885496,9.584282
48.358,0.22266756,0.011971374,9.601042
48.399,0.22985038,0.0,9.596253
48.427,0.21069619,0.0023942748,9.60583
48.460,0.21309046,0.014365649,9.58907
48.499,0.21548474,0.0023942748,9.577099
48.528,0.21548474,0.021548472,9.565128
48.560,0.21787901,0.0023942748,9.581888
48.600,0.23224466,-0.011971374,9.591465
48.628,0.22027329,-0.0047885496,9.562734
48.660,0.21548474,-0.009577099,9.577099
48.701,0.22027329,0.011971374,9.569917
48.728,0.22506183,0.0047885496,9.577099
48.760,0.23224466,-0.011971374,9.574705
48.800,0.23224466,-0.009577099,9.577099
48.828,0.22745611,0.0071828244,9.577099
48.860,0.20111908,-0.023942748,9.569917
48.900,0.21548474,0.014365649,9.581888
48.928,0.22745611,-0.011971374,9.565128
48.969,0.22506183,0.014365649,9.591465
48.999,0.22506183,0.0023942748,9.562734
49.028,0.21309046,-0.016759925,9.574705
49.068,0.21787901,-0.0023942748,9.567522
49.099,0.22506183,-0.019154198,9.557945
49.128,0.22266756,-0.0047885496,9.5794935
49.167,0.22027329,-0.011971374,9.584282
49.202,0.23224466,-0.021548472,9.577099
49.239,0.21548474,-0.0071828244,9.574705
49.268,0.23224466,-0.0071828244,9.560339
49.299,0.21548474,-0.028731298,9.562734
49.339,0.20111908,-0.009577099,9.577099
49.368,0.21069619,-0.009577099,9.586677
49.399,0.22027329,-0.011971374,9.586677
49.440,0.22985038,-0.021548472,9.577099
49.468,0.22506183,-0.011971374,9.5794935
49.499,0.21787901,-0.021548472,9.565128
49.540,0.21309046,-0.03351985,9.543579
49.568,0.21787901,0.0047885496,9.577099
49.600,0.22266756,0.009577099,9.58907
49.639,0.2083019,-0.021548472,9.57231
49.668,0.22985038,0.014365649,9.584282
49.701,0.22985038,0.0047885496,9.586677
49.740,0.22027329,-0.0023942748,9.555551
49.767,0.21069619,0.014365649,9.584282
49.808,0.22266756,-0.011971374,9.57231
49.840,0.22027329,-0.011971374,9.57231
49.868,0.24182175,-0.0023942748,9.584282
49.908,0.22745611,0.0,9.581888
49.940,0.21069619,0.0047885496,9.5794935
49.978,0.22506183,-0.019154198,9.562734
50.008,0.2083019,0.009577099,9.60583
50.038,0.21787901,0.016759925,9.586677
50.078,0.21787901,-0.0047885496,9.581888
50.107,0.21787901,0.016759925,9.591465
50.138,0.24182175,0.014365649,9.577099
50.179,0.22027329,0.0,9.574705
50.206,0.22985038,0.026337024,9.58907
50.238,0.21787901,-0.0047885496,9.567522
50.278,0.21069619,0.016759925,9.593859
50.306,0.21069619,0.0023942748,9.574705
50.339,0.22985038,-0.0047885496,9.5483675
50.379,0.22266756,0.023942748,9.58907
50.408,0.21787901,-0.0071828244,9.5794935
50.440,0.24421602,-0.014365649,9.555551
50.479,0.23224466,0.011971374,9.574705
50.509,0.22027329,-0.014365649,9.557945
50.540,0.22745611,-0.0047885496,9.57231
50.579,0.22266756,0.016759925,9.577099
50.608,0.22985038,-0.026337024,9.57231
50.648,0.21069619,0.0071828244,9.593859
50.680,0.23224466,-0.016759925,9.574705
50.708,0.22027329,-0.009577099,9.565128
50.748,0.22985038,-0.009577099,9.569917
50.779,0.23942748,-0.011971374,9.555551
50.808,0.21069619,-0.011971374,9.586677
50.848,0.23463893,-0.016759925,9.553157
50.880,0.23224466,-0.0071828244,9.574705
50.920,0.24421602,0.014365649,9.586677
50.948,0.22266756,-0.026337024,9.560339
50.980,0.22745611,-0.009577099,9.584282
51.020,0.22985038,0.0,9.596253
51.048,0.22985038,-0.019154198,9.550762
51.080,0.21069619,-0.0047885496,9.620196
51.119,0.22745611,-0.016759925,9.565128
51.147,0.20590763,-0.021548472,9.574705
51.180,0.22027329,0.009577099,9.593859
51.219,0.21787901,-0.0023942748,9.577099
51.246,0.2083019,-0.014365649,9.584282
51.286,0.22027329,-0.023942748,9.560339
51.319,0.21069619,-0.014365649,9.562734
51.347,0.22506183,0.0023942748,9.577099
51.388,0.21548474,-0.016759925,9.57231
51.419,0.23224466,-0.009577099,9.586677
51.447,0.22985038,0.0023942748,9.574705
51.488,0.22985038,-0.0071828244,9.569917
51.520,0.22266756,-0.0047885496,9.601042
51.549,0.22506183,0.0023942748,9.574705
51.588,0.22027329,-0.011971374,9.586677
51.622,0.22745611,0.014365649,9.593859
51.648,0.22027329,-0.0023942748,9.577099
51.688,0.21069619,0.0023942748,9.593859
51.719,0.23463893,0.021548472,9.586677
51.761,0.22027329,-0.009577099,9.574705
51.787,0.21548474,0.023942748,9.586677
51.820,0.21309046,0.014365649,9.574705
51.860,0.22027329,-0.0047885496,9.584282
51.887,0.21548474,0.011971374,9.58907
51.919,0.20351335,-0.021548472,9.567522
51.959,0.22266756,0.0071828244,9.5794935
51.987,0.22745611,0.0,9.584282
52.018,0.22745611,-0.016759925,9.553157
52.058,0.22266756,0.0023942748,9.584282
52.087,0.21309046,-0.009577099,9.567522
52.122,0.22985038,-0.019154198,9.555551
52.160,0.21069619,-0.0047885496,9.57231
52.187,0.22745611,-0.019154198,9.584282
52.226,0.22027329,-0.0023942748,9.598648
52.257,0.22985038,-0.0071828244,9.569917
52.298,0.22027329,-0.0047885496,9.593859
52.326,0.21548474,0.019154198,9.574705
52.358,0.22266756,-0.0023942748,9.577099
52.397,0.21069619,0.014365649,9.591465
52.428,0.21548474,0.0047885496,9.5483675
52.459,0.21309046,-0.016759925,9.57231
52.499,0.22266756,0.0071828244,9.57231
52.527,0.21069619,-0.026337024,9.555551
52.558,0.22985038,-0.011971374,9.574705
52.598,0.22266756,-0.011971374,9.565128
52.627,0.22985038,-0.028731298,9.567522
52.660,0.23224466,0.0023942748,9.569917
52.700,0.22027329,0.0,9.565128
52.728,0.2083019,0.0,9.5794935
52.760,0.21309046,0.016759925,9.5794935
52.798,0.22745611,-0.011971374,9.557945
52.828,0.21069619,0.0,9.58907
52.859,0.24182175,0.0047885496,9.596253
52.900,0.24182175,-0.0071828244,9.574705
52.927,0.19393626,0.023942748,9.58907
52.961,0.21787901,0.021548472,9.591465
52.998,0.22266756,0.0,9.601042
53.027,0.22027329,0.0047885496,9.61062
53.068,0.21787901,-0.0047885496,9.577099
53.101,0.22266756,0.0071828244,9.574705
53.127,0.21787901,0.009577099,9.601042
53.167,0.22027329,0.0023942748,9.596253
53.199,0.22506183,-0.0023942748,9.596253
53.238,0.23942748,-0.0071828244,9.567522
53.266,0.21069619,0.0023942748,9.584282
53.298,0.22985038,0.0047885496,9.58907
53.338,0.22266756,0.0,9.567522
53.366,0.22506183,0.023942748,9.601042
53.398,0.22985038,0.009577099,9.5794935
53.439,0.22506183,-0.009577099,9.581888
53.467,0.22266756,-0.0071828244,9.574705
53.499,0.21309046,0.019154198,9.586677
53.539,0.22506183,0.011971374,9.57231
53.567,0.2370332,-0.0047885496,9.562734
53.599,0.22266756,0.009577099,9.5794935
53.639,0.23224466,0.021548472,9.57231
53.668,0.21309046,-0.0071828244,9.562734
53.698,0.23224466,-0.0071828244,9.5794935
53.739,0.21787901,0.0023942748,9.586677
53.767,0.22027329,-0.031125572,9.555551
53.807,0.21787901,0.0047885496,9.591465
53.839,0.21787901,-0.009577099,9.5794935
53.867,0.2370332,-0.009577099,9.5794935
53.907,0.23224466,-0.0047885496,9.57231
53.940,0.21309046,-0.0023942748,9.567522
53.968,0.22027329,-0.016759925,9.584282
54.008,0.23463893,0.0023942748,9.586677
54.040,0.2083019,-0.011971374,9.5794935
54.069,0.20590763,-0.0023942748,9.562734
54.101,0.1987248,0.009577099,9.574705
54.139,0.21548474,-0.021548472,9.569917
54.168,0.22027329,0.0023942748,9.584282
54.208,0.21787901,-0.028731298,9.538791
54.239,0.22985038,-0.0023942748,9.577099
54.279,0.21787901,0.0,9.567522
54.308,0.2370332,-0.021548472,9.577099
54.340,0.22985038,-0.011971374,9.569917
54.380,0.2466103,-0.009577099,9.5794935
54.408,0.22745611,-0.011971374,9.562734
54.440,0.23224466,0.0,9.584282
54.480,0.22266756,-0.021548472,9.567522
54.508,0.21787901,0.0047885496,9.601042
54.540,0.21787901,0.0071828244,9.581888
54.580,0.21787901,-0.023942748,9.569917
54.607,0.22985038,0.021548472,9.584282
54.640,0.21787901,0.0071828244,9.598648
54.681,0.21787901,-0.028731298,9.5794935
54.708,0.21548474,0.014365649,9.577099
54.740,0.21548474,-0.009577099,9.57231
54.780,0.22027329,0.0,9.574705
54.809,0.22506183,0.0,9.577099
54.841,0.23224466,-0.011971374,9.569917
54.881,0.2083019,-0.0047885496,9.603436
54.909,0.22985038,0.009577099,9.581888
54.949,0.21787901,0.0023942748,9.581888
54.979,0.21787901,0.016759925,9.562734
55.019,0.21787901,-0.023942748,9.574705
55.047,0.22266756,0.016759925,9.591465
55.078,0.21069619,0.014365649,9.57231
55.121,0.2083019,0.0,9.567522
55.147,0.22266756,0.014365649,9.596253
55.179,0.22745611,-0.009577099,9.584282
55.216,0.22506183,-0.014365649,9.553157
55.246,0.22745611,-0.0047885496,9.584282
55.279,0.23224466,-0.019154198,9.560339
55.318,0.21787901,0.0023942748,9.58907
55.348,0.22506183,-0.0047885496,9.591465
55.379,0.21548474,-0.009577099,9.565128
55.420,0.22506183,-0.0023942748,9.5794935
55.448,0.22266756,-0.014365649,9.569917
55.480,0.23224466,-0.014365649,9.569917
55.521,0.22506183,-0.0023942748,9.565128
55.548,0.22506183,-0.023942748,9.569917
55.580,0.22027329,-0.0071828244,9.574705
55.620,0.23224466,-0.011971374,9.581888
55.647,0.22027329,0.0071828244,9.5794935
55.680,0.23942748,0.014365649,9.593859
55.719,0.21787901,-0.014365649,9.574705
55.748,0.22027329,0.009577099,9.577099
55.789,0.22745611,-0.021548472,9.562734
55.820,0.22266756,-0.016759925,9.562734
55.848,0.22027329,0.023942748,9.603436
55.888,0.2083019,-0.019154198,9.560339
55.920,0.21787901,-0.0023942748,9.57231
55.959,0.22266756,-0.0023942748,9.593859
55.989,0.21309046,-0.011971374,9.596253
56.019,0.21787901,0.009577099,9.593859
56.060,0.2370332,-0.014365649,9.574705
56.088,0.23942748,-0.011971374,9.574705
56.120,0.23224466,0.014365649,9.593859
56.159,0.21309046,-0.021548472,9.574705
56.187,0.22027329,0.0023942748,9.591465
56.218,0.22506183,0.023942748,9.5794935
56.258,0.22506183,-0.0071828244,9.584282
56.287,0.22985038,-0.009577099,9.58907
56.319,0.21548474,0.014365649,9.598648
56.360,0.21548474,0.009577099,9.591465
56.389,0.21309046,-0.0023942748,9.57231
56.420,0.22745611,-0.0071828244,9.567522
56.460,0.22745611,0.009577099,9.598648
56.487,0.22985038,0.0071828244,9.57231
56.520,0.22027329,0.0,9.574705
56.560,0.21787901,0.031125572,9.58907
56.601,0.21787901,0.0047885496,9.569917
56.628,0.22985038,0.0023942748,9.596253
56.660,0.21787901,0.0023942748,9.593859
56.689,0.23463893,-0.028731298,9.57231
56.729,0.21309046,0.016759925,9.574705
56.761,0.23942748,-0.0071828244,9.57231
56.800,0.22027329,0.016759925,9.591465
56.828,0.22745611,-0.011971374,9.58907
56.860,0.22985038,-0.009577099,9.577099
56.900,0.21069619,0.026337024,9.60583
56.928,0.22985038,-0.0047885496,9.557945
56.961,0.23942748,-0.0023942748,9.569917
56.999,0.22266756,0.023942748,9.601042
57.026,0.21309046,-0.028731298,9.574705
57.058,0.22266756,0.0023942748,9.581888
57.101,0.22506183,-0.0023942748,9.565128
57.126,0.2370332,-0.026337024,9.553157
57.159,0.22985038,0.0047885496,9.586677
57.199,0.23463893,-0.009577099,9.557945
57.226,0.22266756,-0.014365649,9.569917
57.267,0.22985038,-0.0071828244,9.5794935
57.299,0.22506183,-0.023942748,9.553157
57.328,0.22266756,0.0047885496,9.574705
57.360,0.21309046,0.0,9.584282
57.400,0.21787901,-0.026337024,9.574705
57.429,0.22266756,-0.0047885496,9.581888
57.468,0.2083019,-0.019154198,9.562734
57.500,0.22027329,-0.014365649,9.577099
57.530,0.22027329,0.014365649,9.593859
57.568,0.22745611,-0.009577099,9.586677
57.601,0.20590763,-0.0047885496,9.574705
57.639,0.22266756,-0.0047885496,9.5794935
57.668,0.22985038,0.0071828244,9.577099
57.700,0.21787901,0.0,9.584282
57.739,0.22266756,-0.016759925,9.577099
57.768,0.22985038,0.016759925,9.565128
57.800,0.21069619,0.016759925,9.596253
57.840,0.20111908,-0.021548472,9.57231
57.867,0.20351335,0.016759925,9.581888
57.901,0.21548474,0.0023942748,9.584282
57.941,0.23463893,-0.0071828244,9.567522
57.968,0.22745611,0.021548472,9.593859
57.999,0.20590763,-0.0023942748,9.57231
58.040,0.21548474,0.0023942748,9.598648
58.068,0.21787901,-0.009577099,9.574705
58.101,0.22506183,-0.016759925,9.577099
58.140,0.22985038,0.0,9.593859
58.167,0.22985038,-0.0023942748,9.603436
58.200,0.22027329,-0.031125572,9.569917
58.239,0.22745611,0.0047885496,9.567522
58.279,0.20590763,-0.0023942748,9.57231
58.308,0.21069619,0.0047885496,9.596253
58.340,0.21069619,0.014365649,9.567522
58.368,0.23942748,0.0,9.569917
58.408,0.23224466,0.0047885496,9.569917
58.439,0.23463893,-0.0023942748,9.57231
58.469,0.23224466,-0.0023942748,9.574705
58.509,0.2370332,-0.0023942748,9.584282
58.542,0.22266756,-0.0071828244,9.574705
58.581,0.22027329,0.0023942748,9.581888
58.608,0.24182175,0.0071828244,9.57231
58.640,0.21309046,-0.038308397,9.555551
58.681,0.22027329,-0.0023942748,9.567522
58.709,0.22266756,-0.0071828244,9.57231
58.740,0.22027329,-0.028731298,9.550762
58.780,0.23463893,0.0071828244,9.562734
58.808,0.22506183,-0.016759925,9.5794935
58.841,0.24182175,-0.011971374,9.562734
58.881,0.22266756,-0.009577099,9.555551
58.909,0.22985038,-0.0047885496,9.586677
58.940,0.21309046,-0.0047885496,9.5794935
58.980,0.23463893,-0.019154198,9.562734
59.009,0.2370332,0.011971374,9.584282
59.040,0.22506183,0.0071828244,9.598648
59.081,0.23224466,-0.019154198,9.574705
59.108,0.20590763,0.016759925,9.591465
59.148,0.21787901,-0.0047885496,9.577099
59.186,0.22985038,-0.016759925,9.581888
59.209,0.20111908,0.016759925,9.608225
59.247,0.22266756,0.0071828244,9.577099
59.279,0.2370332,0.011971374,9.598648
59.319,0.24421602,0.0047885496,9.553157
59.349,0.20111908,-0.0071828244,9.577099
59.380,0.22506183,0.0023942748,9.574705
59.420,0.22027329,-0.021548472,9.562734
59.448,0.21309046,-0.009577099,9.593859
59.481,0.22506183,0.0047885496,9.586677
59.520,0.22506183,-0.0047885496,9.5794935
59.549,0.22266756,0.0023942748,9.574705
59.580,0.21548474,0.014365649,9.57231
59.620,0.22506183,-0.0023942748,9.591465
59.648,0.22506183,0.0071828244,9.584282
59.680,0.22745611,0.009577099,9.5794935
59.720,0.2083019,0.021548472,9.601042
59.749,0.22027329,0.0,9.57231
59.780,0.2370332,-0.016759925,9.555551
59.820,0.23224466,0.011971374,9.584282
59.849,0.20111908,0.0023942748,9.555551
59.881,0.23463893,-0.0071828244,9.567522
59.920,0.22745611,0.009577099,9.593859
59.949,0.22027329,-0.019154198,9.5794935
59.981,0.21309046,-0.0023942748,9.567522
