timestamp,x,y,z
00.003,0.0,-30.779999,-10.32
00.024,-0.35999998,-31.019999,-10.559999
00.044,0.24,-31.08,-10.44
00.084,0.17999999,-31.26,-10.38
00.127,-0.24,-31.14,-10.32
00.144,-0.29999998,-30.9,-10.679999
00.183,-0.24,-30.72,-9.84
00.222,-0.65999997,-31.26,-9.42
00.263,-0.65999997,-31.619999,-9.66
00.282,-0.78,-31.5,-9.96
00.324,-0.17999999,-30.84,-9.96
00.364,-0.06,-30.539999,-9.78
00.386,0.12,-30.84,-10.0199995
00.424,0.17999999,-31.32,-9.66
00.463,0.06,-31.5,-10.2
00.484,-0.06,-31.859999,-10.98
00.523,-1.02,-31.859999,-10.74
00.564,-0.84,-31.56,-9.84
00.584,-0.06,-32.04,-10.38
00.624,0.35999998,-31.619999,-10.62
00.662,0.42,-31.26,-11.04
00.682,0.06,-31.14,-11.5199995
00.724,0.17999999,-30.779999,-10.8
00.764,0.0,-30.72,-9.719999
00.783,0.12,-30.599998,-9.78
00.824,0.0,-31.619999,-9.9
00.863,-0.48,-32.34,-10.44
00.884,-0.17999999,-32.16,-9.96
00.923,0.12,-31.859999,-9.9
00.963,0.35999998,-31.619999,-10.32
00.985,0.29999998,-31.5,-10.2
01.022,0.12,-32.1,-9.54
01.063,0.17999999,-32.399998,-9.42
01.103,0.24,-31.859999,-9.96
01.124,0.9,-31.679998,-10.679999
01.165,0.17999999,-31.08,-10.74
01.186,0.35999998,-30.9,-10.559999
01.222,0.0,-31.38,-10.559999
01.262,-0.17999999,-31.08,-10.559999
01.302,-0.12,-31.14,-10.0199995
01.323,0.17999999,-31.439999,-10.139999
01.364,0.65999997,-31.679998,-9.84
01.404,0.53999996,-31.439999,-9.9
01.424,0.17999999,-31.8,-9.719999
01.464,0.17999999,-31.619999,-10.44
01.503,0.0,-31.439999,-10.2
01.524,0.0,-31.619999,-9.96
01.563,-0.48,-31.38,-9.54
01.604,-0.59999996,-30.9,-10.08
01.624,0.06,-31.08,-10.559999
01.664,1.38,-31.439999,-10.2
01.705,1.0799999,-31.199999,-10.32
01.744,-0.24,-31.619999,-10.8
01.764,-0.12,-31.38,-10.139999
01.804,-0.12,-31.199999,-9.599999
01.824,0.29999998,-30.96,-9.36
01.864,0.35999998,-31.32,-9.9
01.903,0.53999996,-32.16,-10.5
01.944,0.53999996,-31.56,-10.44
01.963,0.53999996,-31.32,-10.08
02.004,0.29999998,-31.619999,-9.96
02.032,-0.42,-32.28,-9.24
02.062,-0.65999997,-32.04,-9.66
02.107,-0.53999996,-31.14,-10.44
02.146,-0.24,-31.14,-9.9
02.164,-0.29999998,-31.74,-9.36
02.202,0.12,-31.74,-10.559999
02.243,0.12,-31.5,-11.34
02.262,0.06,-31.08,-11.28
02.302,-0.29999998,-31.32,-10.139999
02.344,-0.35999998,-31.8,-10.32
02.363,-0.24,-32.219997,-10.559999
02.403,-0.48,-32.1,-10.139999
02.443,0.35999998,-31.8,-9.599999
02.463,0.53999996,-31.74,-9.78
02.504,0.48,-31.8,-10.139999
02.543,0.0,-31.92,-9.9
02.582,-0.06,-31.74,-9.84
02.602,0.12,-31.679998,-10.26
02.642,-0.24,-31.019999,-10.08
02.682,0.06,-31.859999,-9.78
02.704,0.17999999,-31.679998,-9.84
02.744,0.06,-31.679998,-10.08
02.784,-0.29999998,-31.619999,-10.2
02.804,-0.42,-31.199999,-10.2
02.843,-0.48,-31.019999,-10.2
02.884,-0.71999997,-31.38,-10.139999
02.904,-0.24,-31.5,-10.26
02.942,0.29999998,-31.56,-10.26
02.984,-0.06,-31.92,-10.679999
03.003,-0.29999998,-31.199999,-10.559999
03.043,-0.53999996,-31.619999,-10.5
03.083,-0.42,-31.56,-10.32
03.102,0.29999998,-31.32,-10.44
03.143,0.48,-32.34,-10.26
03.185,-0.12,-31.98,-10.08
03.203,0.06,-31.74,-9.78
03.244,0.0,-31.08,-10.32
03.284,-0.96,-31.26,-10.98
03.304,-0.29999998,-31.619999,-10.86
03.345,0.24,-32.28,-10.38
03.384,-0.35999998,-31.5,-10.2
03.404,-0.29999998,-31.019999,-10.2
03.444,-0.35999998,-31.26,-10.139999
03.485,-0.12,-31.019999,-9.719999
03.505,-0.12,-31.439999,-9.719999
03.544,-0.24,-31.019999,-10.08
03.585,-0.42,-31.199999,-10.38
03.605,0.06,-30.96,-10.44
03.644,0.17999999,-31.439999,-10.26
03.685,-0.48,-32.04,-10.2
03.723,0.24,-32.16,-10.559999
03.745,0.71999997,-32.28,-10.8
03.785,0.53999996,-30.9,-10.26
03.824,0.53999996,-30.72,-10.139999
03.845,1.14,-31.38,-10.679999
03.884,0.24,-31.8,-10.679999
03.925,0.53999996,-31.92,-10.139999
03.945,0.17999999,-31.439999,-10.0199995
03.985,0.24,-31.08,-9.9
04.025,-0.24,-31.019999,-10.08
04.044,0.0,-31.26,-10.32
04.084,-0.42,-31.8,-10.08
04.123,0.06,-31.8,-9.84
04.146,0.17999999,-31.439999,-9.54
04.185,0.65999997,-31.439999,-9.66
04.223,0.12,-31.199999,-9.599999
04.263,0.12,-30.66,-9.599999
04.283,0.06,-30.96,-9.599999
04.325,0.06,-30.84,-9.78
04.345,0.06,-31.08,-10.5
04.385,0.06,-30.84,-10.08
04.425,0.48,-31.679998,-10.0199995
04.445,0.48,-31.98,-9.84
04.484,-0.12,-31.56,-10.5
04.524,0.53999996,-31.14,-10.74
04.564,0.71999997,-31.08,-10.44
04.585,-0.17999999,-31.199999,-9.48
04.625,0.42,-31.439999,-9.48
04.664,0.06,-31.08,-10.26
04.684,0.06,-30.96,-10.5
04.724,0.0,-31.26,-10.62
04.777,0.12,-31.32,-11.099999
04.783,-0.35999998,-31.56,-10.86
04.823,-0.24,-31.32,-11.219999
04.864,0.12,-31.98,-10.38
04.884,0.42,-31.5,-10.139999
04.924,0.48,-31.56,-9.78
04.964,0.0,-31.74,-9.24
04.985,0.0,-31.619999,-9.3
05.024,-0.06,-30.66,-10.139999
05.065,-0.12,-30.24,-10.2
05.103,0.12,-30.84,-10.32
05.123,0.12,-31.019999,-10.26
05.165,-0.12,-31.019999,-9.059999
05.204,0.0,-30.72,-9.48
05.223,-0.24,-31.08,-9.48
05.263,-0.12,-31.679998,-10.2
05.304,0.0,-31.98,-9.48
05.324,0.17999999,-32.04,-9.12
05.364,0.65999997,-31.98,-9.54
05.404,0.9,-31.38,-10.44
05.425,0.24,-30.84,-10.38
05.465,0.06,-31.26,-11.639999
05.505,0.84,-32.219997,-10.86
05.523,0.78,-32.1,-10.26
05.565,0.35999998,-31.019999,-10.32
05.605,-0.12,-31.019999,-10.139999
05.626,0.06,-31.26,-9.96
05.664,0.17999999,-31.679998,-10.62
05.703,-0.35999998,-31.619999,-10.8
05.723,-0.35999998,-31.38,-10.8
05.763,-0.12,-31.56,-10.74
05.804,-0.24,-32.28,-10.92
05.826,-0.29999998,-31.859999,-10.92
05.864,-0.84,-31.439999,-10.74
05.904,-0.96,-30.9,-10.26
05.924,-1.02,-31.08,-10.559999
05.965,-0.53999996,-31.26,-10.0199995
06.004,0.06,-31.38,-9.96
06.025,0.42,-31.439999,-9.78
06.064,0.53999996,-32.219997,-9.179999
06.104,-0.12,-31.92,-9.599999
06.144,0.48,-31.26,-10.38
06.165,0.42,-31.619999,-10.32
06.203,-0.65999997,-31.98,-10.139999
06.242,-0.59999996,-31.98,-10.08
06.263,-0.12,-31.32,-10.0199995
06.304,0.17999999,-30.9,-10.44
06.344,-0.96,-30.779999,-10.139999
06.364,-0.84,-31.14,-10.139999
06.404,0.24,-31.92,-10.62
06.444,0.24,-31.8,-10.559999
06.465,0.24,-31.5,-10.44
06.505,0.06,-31.8,-10.44
06.544,-0.48,-31.8,-10.26
06.565,-0.35999998,-32.16,-10.559999
06.605,-0.48,-31.74,-10.32
06.644,-0.42,-30.72,-9.66
06.665,-0.12,-30.779999,-9.719999
06.704,0.53999996,-30.779999,-10.32
06.745,0.42,-30.96,-9.54
06.764,0.06,-31.26,-10.08
06.804,-0.06,-31.14,-10.26
06.844,-0.29999998,-31.199999,-10.0199995
06.865,-0.48,-31.26,-9.96
06.904,-0.24,-31.08,-10.5
06.944,0.78,-31.5,-10.92
06.984,0.65999997,-31.56,-10.2
07.004,0.24,-31.08,-9.9
07.043,-0.12,-31.14,-9.059999
07.085,0.35999998,-31.08,-9.48
07.106,0.12,-31.26,-9.96
07.144,-0.12,-31.14,-10.92
07.182,0.24,-31.439999,-10.679999
07.203,-0.17999999,-31.5,-10.139999
07.242,-0.42,-32.16,-9.66
07.283,0.06,-31.98,-9.84
07.302,0.53999996,-31.859999,-9.719999
07.344,1.14,-31.92,-9.96
07.384,0.24,-31.679998,-9.9
07.404,-0.12,-31.679998,-9.9
07.444,-0.17999999,-31.14,-10.2
07.491,0.0,-30.72,-10.44
07.506,-0.12,-30.779999,-10.62
07.545,0.06,-31.32,-10.44
07.582,0.06,-31.619999,-10.08
07.623,-0.06,-31.439999,-9.719999
07.644,-0.17999999,-31.439999,-9.719999
07.684,-0.06,-31.26,-10.0199995
07.705,-0.24,-31.56,-9.96
07.744,-0.29999998,-31.619999,-10.2
07.783,0.17999999,-31.619999,-10.38
07.825,0.0,-31.8,-10.0199995
07.844,-0.06,-31.619999,-9.719999
07.884,-0.06,-31.5,-10.139999
07.924,0.42,-31.26,-10.139999
07.945,0.24,-31.38,-9.66
07.983,-0.06,-31.619999,-9.599999
08.024,-0.48,-31.74,-9.78
08.044,-0.24,-31.92,-9.9
08.083,0.06,-31.439999,-10.44
08.111,0.59999996,-31.199999,-10.38
08.144,0.48,-31.08,-10.38
08.183,0.42,-31.019999,-9.78
08.223,-0.06,-30.84,-10.08
08.242,0.17999999,-31.08,-9.96
08.283,-0.06,-31.98,-10.08
08.322,-0.12,-31.199999,-9.9
08.343,-0.42,-30.779999,-10.139999
08.383,0.12,-30.96,-10.32
08.425,1.26,-31.32,-9.719999
08.464,1.0799999,-31.679998,-10.32
08.484,0.9,-31.859999,-10.62
08.525,0.12,-31.619999,-10.74
08.544,0.59999996,-31.26,-9.9
08.584,0.35999998,-30.779999,-10.0199995
08.623,-0.59999996,-31.5,-10.98
08.664,-0.59999996,-31.859999,-11.28
08.683,-0.35999998,-31.679998,-10.98
08.723,0.0,-31.619999,-9.96
08.763,0.35999998,-30.96,-9.84
08.784,-0.29999998,-30.48,-9.599999
08.824,-0.35999998,-30.72,-10.0199995
08.865,0.0,-30.66,-10.139999
08.884,0.42,-30.9,-9.9
08.924,-0.06,-31.56,-9.66
08.964,-0.48,-32.16,-9.42
08.983,-0.17999999,-31.92,-9.24
09.023,0.12,-31.439999,-9.84
09.064,0.0,-31.019999,-10.38
09.084,0.0,-31.019999,-10.0199995
09.124,0.65999997,-31.14,-10.139999
09.164,0.35999998,-31.08,-10.0199995
09.184,0.42,-31.199999,-9.78
09.224,0.48,-31.26,-9.48
09.264,0.12,-31.019999,-9.84
09.303,-0.29999998,-30.779999,-10.2
09.325,0.0,-31.08,-10.08
09.365,0.06,-30.96,-9.719999
09.405,0.17999999,-31.679998,-10.0199995
09.425,0.0,-31.859999,-10.26
09.465,-0.35999998,-31.8,-10.5
09.485,-0.42,-31.859999,-10.26
09.525,0.0,-31.439999,-10.08
09.565,-0.65999997,-31.199999,-10.32
09.605,-0.96,-31.619999,-10.2
09.626,-0.9,-32.04,-9.84
09.665,-0.29999998,-32.1,-10.08
09.705,0.06,-31.32,-10.679999
09.724,0.29999998,-30.84,-10.92
09.765,0.17999999,-31.26,-10.92
09.806,-0.17999999,-32.1,-10.5
09.825,-0.24,-31.679998,-10.2
09.865,-0.24,-30.9,-10.32
09.905,0.12,-31.26,-9.54
09.925,0.29999998,-31.439999,-9.54
09.965,0.59999996,-32.04,-9.719999
10.005,0.96,-31.56,-10.32
10.025,1.1999999,-30.96,-10.38
10.064,0.53999996,-30.84,-10.26
10.105,-0.06,-31.019999,-10.0199995
10.143,0.29999998,-31.56,-11.099999
10.165,-0.06,-31.74,-10.98
10.204,-0.06,-31.199999,-10.74
10.242,0.06,-31.08,-10.44
10.264,0.06,-31.32,-10.08
10.304,0.17999999,-31.74,-10.139999
10.345,-0.06,-31.5,-10.26
10.365,0.12,-31.38,-10.38
10.405,0.48,-31.5,-9.96
10.444,-0.96,-31.98,-9.42
10.465,-0.9,-32.219997,-9.78
10.507,-0.59999996,-31.92,-9.96
10.543,0.59999996,-31.26,-10.0199995
10.565,0.48,-30.96,-10.08
10.605,0.17999999,-30.72,-10.32
10.629,0.06,-30.9,-10.32
10.664,-0.48,-31.8,-9.9
10.704,-0.24,-31.8,-10.08
10.744,-0.06,-31.38,-10.26
10.763,-0.59999996,-31.32,-10.139999
10.805,-0.29999998,-30.72,-10.5
10.844,0.06,-29.76,-10.38
10.865,-0.42,-30.3,-10.26
10.905,-0.24,-30.599998,-10.44
10.945,0.17999999,-30.66,-10.0199995
10.965,0.06,-31.019999,-9.9
11.005,0.29999998,-31.14,-8.94
11.045,0.12,-31.439999,-8.94
11.065,0.29999998,-31.38,-9.24
11.103,0.0,-31.26,-9.9
11.143,0.0,-30.779999,-9.96
11.167,-0.17999999,-30.779999,-10.0199995
11.203,-0.24,-31.619999,-10.38
11.244,0.0,-32.1,-10.2
11.283,0.29999998,-31.859999,-10.139999
11.304,-0.12,-31.199999,-10.32
11.345,-0.84,-31.14,-9.96
11.385,-0.53999996,-31.32,-10.0199995
11.405,-0.59999996,-31.5,-10.44
11.444,0.24,-31.619999,-11.5199995
11.484,0.48,-31.56,-11.099999
11.504,-0.06,-31.5,-10.559999
11.546,-0.65999997,-31.439999,-10.44
11.587,-0.71999997,-31.019999,-9.66
11.604,-0.42,-31.38,-10.0199995
11.644,0.24,-31.439999,-10.139999
11.685,0.06,-31.32,-10.08
11.705,-0.17999999,-31.439999,-9.54
11.744,-0.29999998,-31.38,-9.3
11.785,0.17999999,-31.38,-9.48
11.804,0.24,-31.439999,-9.719999
11.845,0.53999996,-30.9,-10.26
11.885,0.78,-31.38,-10.38
11.905,0.17999999,-31.56,-10.139999
11.944,-0.65999997,-31.8,-9.599999
11.984,-0.12,-31.56,-10.0199995
12.025,-0.24,-31.26,-10.44
12.044,-0.59999996,-31.019999,-10.44
12.085,-0.53999996,-31.14,-10.2
12.108,0.06,-30.84,-10.0199995
12.145,0.59999996,-30.779999,-10.08
12.184,0.0,-31.32,-9.66
12.222,-0.12,-31.5,-10.08
12.243,0.17999999,-31.8,-10.139999
12.283,-0.29999998,-31.8,-10.32
12.324,-0.17999999,-31.92,-10.26
12.344,0.0,-31.8,-10.32
12.385,1.02,-31.08,-9.96
12.425,1.3199999,-30.48,-9.719999
12.445,0.84,-30.66,-9.9
12.484,-0.12,-31.38,-9.66
12.524,-0.12,-30.84,-9.54
12.543,-0.17999999,-30.96,-10.2
12.583,0.12,-30.84,-9.96
12.623,-0.17999999,-31.32,-10.139999
12.664,-0.48,-31.32,-10.5
12.683,-0.71999997,-31.26,-10.2
12.724,-0.42,-31.199999,-10.5
12.744,-0.71999997,-31.14,-10.44
12.785,-0.96,-31.5,-10.38
12.825,-0.29999998,-31.74,-10.559999
12.865,0.42,-31.5,-10.559999
12.884,0.06,-31.32,-10.5
12.924,0.0,-31.019999,-10.38
12.964,0.53999996,-31.199999,-10.139999
12.985,0.06,-31.32,-10.32
13.023,0.53999996,-31.26,-10.62
13.064,0.24,-30.779999,-10.2
13.084,0.48,-30.9,-10.26
13.123,0.84,-31.019999,-9.719999
13.164,0.65999997,-31.019999,-9.599999
13.184,0.35999998,-31.14,-10.139999
13.223,-0.42,-31.019999,-10.74
13.263,-0.59999996,-30.96,-10.44
13.283,-0.29999998,-30.84,-10.139999
13.323,0.12,-30.48,-11.219999
13.364,0.35999998,-30.84,-11.82
13.383,-0.06,-31.439999,-11.16
13.424,0.0,-31.199999,-10.62
13.464,0.0,-31.56,-10.2
13.484,-0.65999997,-31.38,-9.66
13.523,-0.06,-31.32,-9.719999
13.563,0.96,-31.56,-10.5
13.585,0.65999997,-31.56,-11.099999
13.625,-0.06,-30.84,-10.32
13.665,-0.35999998,-30.96,-9.96
13.686,-0.42,-31.679998,-10.08
13.724,-0.53999996,-31.8,-9.84
13.765,-0.42,-30.72,-10.62
13.805,-0.29999998,-31.08,-11.219999
13.825,-0.12,-31.5,-11.4
13.864,0.48,-32.82,-10.86
13.904,0.29999998,-32.04,-10.74
13.925,-0.12,-31.26,-10.86
13.965,-0.48,-31.08,-10.74
14.005,-0.48,-31.5,-10.32
14.024,-0.12,-31.32,-10.26
14.064,0.0,-30.9,-9.84
14.103,-0.12,-30.96,-9.84
14.128,0.0,-31.679998,-9.78
14.169,-0.29999998,-32.16,-9.9
14.203,-0.78,-31.679998,-10.679999
14.223,-0.96,-31.619999,-10.86
14.264,-0.71999997,-31.38,-10.44
14.304,-1.0799999,-30.9,-9.96
14.344,-0.65999997,-31.14,-9.84
14.365,-0.48,-31.679998,-9.36
14.405,-0.48,-31.619999,-9.42
14.425,0.0,-31.619999,-9.9
14.464,-0.24,-31.019999,-10.26
14.504,-0.65999997,-30.9,-10.74
14.544,-0.53999996,-31.38,-10.26
14.563,-0.42,-31.5,-9.96
14.605,-0.24,-31.8,-9.42
14.644,0.48,-31.679998,-10.0199995
14.664,0.35999998,-31.5,-10.74
14.704,0.35999998,-31.08,-10.5
14.744,0.42,-31.08,-9.84
14.765,0.71999997,-31.08,-9.96
14.804,-0.06,-31.019999,-9.96
14.844,-0.24,-30.84,-9.54
14.865,-0.35999998,-30.72,-9.42
14.906,0.35999998,-31.26,-9.84
14.945,0.42,-31.32,-10.0199995
14.965,0.42,-31.199999,-10.0199995
15.005,0.71999997,-31.679998,-10.559999
15.044,0.24,-31.74,-10.0199995
15.063,0.29999998,-31.56,-9.9
15.107,-0.17999999,-31.679998,-10.139999
15.144,-0.24,-31.38,-10.8
15.167,0.06,-31.26,-11.219999
15.204,-0.17999999,-30.96,-10.86
15.242,0.0,-30.42,-9.96
15.282,0.42,-30.9,-9.96
15.303,0.17999999,-31.439999,-9.9
15.344,0.53999996,-32.219997,-9.66
15.384,0.35999998,-31.619999,-10.32
15.404,0.29999998,-31.26,-10.38
15.445,-0.42,-31.14,-10.38
15.484,0.0,-31.439999,-10.2
15.506,0.65999997,-31.5,-10.38
15.543,0.42,-31.679998,-10.679999
15.584,-0.24,-31.619999,-10.679999
15.604,-0.17999999,-31.8,-10.0199995
15.643,0.29999998,-31.619999,-10.26
15.683,-0.06,-31.439999,-10.08
15.703,-0.06,-31.74,-9.9
15.744,-0.06,-31.92,-9.719999
15.785,-0.29999998,-31.439999,-10.139999
15.805,-0.53999996,-31.019999,-10.32
15.844,-0.29999998,-31.14,-9.78
15.883,0.12,-30.9,-10.0199995
15.923,-0.53999996,-30.96,-9.9
15.944,-0.35999998,-31.32,-9.84
15.984,0.06,-31.619999,-10.38
16.004,0.53999996,-31.08,-10.679999
16.043,0.29999998,-31.26,-10.44
16.084,0.48,-32.1,-10.26
16.122,0.9,-31.199999,-10.679999
16.143,0.59999996,-30.84,-10.44
16.182,0.12,-31.56,-9.96
16.222,-0.06,-31.74,-10.62
16.242,0.06,-31.26,-11.16
16.283,-0.12,-31.859999,-11.34
16.323,0.35999998,-32.219997,-10.2
16.344,0.65999997,-32.16,-10.08
16.384,0.42,-31.56,-10.0199995
16.423,-0.06,-31.619999,-9.84
16.443,-0.17999999,-31.679998,-9.599999
16.483,-0.48,-31.56,-9.96
16.523,-0.29999998,-31.5,-9.78
16.544,0.0,-31.619999,-10.2
16.584,0.17999999,-32.04,-9.96
16.624,-0.06,-30.96,-9.84
16.644,0.12,-30.48,-9.719999
16.684,-0.06,-30.84,-10.26
16.723,-0.59999996,-31.56,-10.5
16.744,-1.02,-31.619999,-10.559999
16.784,-0.35999998,-31.439999,-11.099999
16.824,-0.35999998,-31.679998,-10.559999
16.845,-0.59999996,-31.5,-9.9
16.884,-0.65999997,-31.14,-10.38
16.923,0.35999998,-31.019999,-10.679999
16.945,0.17999999,-30.48,-11.04
16.983,-0.24,-31.199999,-10.139999
17.023,-0.35999998,-30.9,-9.36
17.064,-0.29999998,-30.539999,-9.599999
17.083,-0.24,-30.96,-9.54
17.123,0.17999999,-31.56,-9.9
17.164,0.24,-31.679998,-10.679999
17.184,0.42,-31.679998,-10.38
17.222,-0.24,-31.619999,-10.2
17.262,0.0,-31.92,-9.9
17.282,-0.17999999,-31.439999,-9.599999
17.322,0.0,-31.38,-9.54
17.365,-0.42,-31.439999,-9.719999
17.384,0.35999998,-31.439999,-10.0199995
17.424,0.59999996,-31.56,-10.32
17.464,-0.06,-31.019999,-10.139999
17.484,0.0,-31.199999,-10.08
17.526,0.06,-31.32,-10.5
17.563,-0.06,-30.84,-10.38
17.604,0.42,-31.56,-9.78
17.622,0.48,-31.8,-9.9
17.662,0.12,-31.679998,-9.719999
17.703,0.24,-31.74,-10.26
17.724,0.65999997,-31.439999,-10.44
17.764,0.0,-31.199999,-9.84
17.784,0.0,-31.199999,-9.96
17.824,0.0,-30.84,-10.08
17.863,0.48,-31.38,-9.9
17.903,0.71999997,-31.859999,-9.719999
17.922,0.59999996,-31.92,-9.96
17.964,0.53999996,-31.56,-10.32
18.004,0.48,-31.08,-9.96
18.024,0.59999996,-31.08,-10.0199995
18.064,0.71999997,-30.539999,-10.679999
18.102,0.17999999,-31.32,-10.679999
18.124,-0.12,-31.38,-10.139999
18.163,0.06,-31.439999,-10.32
18.188,0.12,-31.14,-10.38
18.222,0.0,-30.9,-10.44
18.262,-0.06,-30.84,-10.74
18.302,-0.53999996,-31.08,-10.38
18.322,-0.48,-30.9,-9.66
18.364,-0.35999998,-31.08,-10.0199995
18.404,-0.29999998,-30.96,-10.32
18.424,-0.53999996,-30.84,-9.9
18.463,-0.96,-31.26,-10.08
18.502,-0.9,-31.8,-10.679999
18.544,-0.78,-31.92,-10.26
18.564,-0.17999999,-31.679998,-9.84
18.603,0.48,-31.679998,-10.08
18.624,1.0799999,-31.619999,-9.96
18.664,0.53999996,-31.38,-10.139999
18.703,0.0,-30.96,-10.0199995
18.744,0.42,-31.439999,-10.26
18.764,-0.12,-31.74,-10.32
18.804,-0.65999997,-31.8,-10.38
18.844,-0.42,-31.5,-9.719999
18.865,-0.65999997,-31.679998,-9.36
18.904,-0.53999996,-31.5,-9.78
18.944,0.06,-31.08,-10.62
18.964,0.17999999,-30.84,-10.679999
19.003,-0.42,-31.019999,-10.2
19.043,-0.59999996,-31.38,-9.9
19.064,-0.9,-31.26,-10.38
19.106,-0.12,-31.5,-10.8
19.143,0.42,-31.439999,-10.8
19.169,0.06,-31.56,-10.679999
19.202,0.35999998,-31.439999,-10.44
19.241,0.48,-30.9,-10.32
19.283,0.29999998,-30.96,-9.9
19.303,0.42,-31.32,-9.66
19.343,0.12,-31.8,-9.78
19.386,0.24,-31.679998,-10.26
19.403,-0.06,-31.679998,-10.2
19.443,-0.12,-31.74,-10.62
19.484,-0.06,-32.28,-10.139999
19.503,0.17999999,-32.34,-9.84
19.543,0.17999999,-32.16,-9.719999
19.584,-0.24,-31.74,-11.28
19.603,-0.24,-31.439999,-11.34
19.644,-0.65999997,-31.8,-11.5199995
19.684,-0.53999996,-31.619999,-10.26
19.704,0.0,-31.5,-10.559999
19.743,0.35999998,-31.679998,-10.26
19.783,0.17999999,-31.38,-10.0199995
19.804,0.17999999,-31.199999,-9.42
19.843,0.06,-30.84,-9.3
19.884,-0.24,-31.32,-10.44
19.905,-0.42,-31.32,-10.62
19.943,-0.71999997,-30.96,-10.5
19.984,0.12,-30.9,-9.78
20.004,0.35999998,-30.96,-9.48
20.043,0.84,-31.26,-10.32
20.083,0.78,-30.96,-10.74
20.123,0.53999996,-30.9,-9.9
20.142,-0.06,-31.019999,-9.66
20.184,-0.53999996,-31.56,-9.96
20.221,-0.84,-31.679998,-9.9
20.242,-0.35999998,-31.859999,-9.84
20.282,0.06,-31.859999,-10.26
20.322,0.35999998,-32.1,-9.599999
20.343,-0.12,-31.56,-9.599999
20.383,-0.42,-31.199999,-9.719999
20.424,-0.06,-31.439999,-9.96
20.443,-0.17999999,-30.9,-10.08
20.483,-0.42,-31.08,-10.2
20.523,-0.12,-31.92,-10.2
20.544,-0.24,-31.92,-9.96
20.583,-0.53999996,-31.199999,-10.86
20.624,-0.53999996,-30.72,-10.5
20.643,-0.17999999,-31.08,-10.62
20.682,0.35999998,-30.779999,-10.0199995
20.723,0.12,-30.84,-9.66
20.743,0.06,-31.08,-10.26
20.782,-0.06,-31.439999,-10.559999
20.823,0.24,-31.439999,-10.74
20.843,0.24,-31.26,-11.099999
20.883,0.65999997,-31.439999,-10.0199995
20.922,0.24,-31.5,-9.42
20.944,-0.06,-31.74,-9.84
20.982,-0.12,-31.619999,-10.2
21.023,0.0,-31.619999,-10.08
21.049,0.06,-31.439999,-9.719999
21.082,-0.65999997,-32.04,-9.66
21.122,-0.96,-31.199999,-10.32
21.170,-0.24,-30.3,-10.26
21.183,-0.06,-30.539999,-10.0199995
21.222,0.42,-31.439999,-10.0199995
21.261,-0.59999996,-31.26,-9.78
21.281,-0.59999996,-31.74,-9.96
21.322,-0.24,-31.199999,-10.5
21.362,0.0,-30.72,-10.26
21.384,-0.24,-30.9,-10.44
21.424,0.06,-31.08,-10.2
21.462,-0.06,-30.599998,-9.78
21.483,-0.17999999,-30.539999,-10.2
21.523,-0.24,-30.72,-10.139999
21.563,-0.53999996,-30.96,-9.9
21.584,-0.84,-31.38,-9.96
21.624,0.24,-31.199999,-9.96
21.662,0.65999997,-30.84,-9.78
21.683,0.84,-30.66,-9.9
21.723,0.0,-30.66,-10.38
21.763,0.29999998,-31.08,-10.44
21.784,0.29999998,-31.32,-10.2
21.823,0.42,-31.439999,-10.2
21.865,0.42,-31.199999,-10.5
21.903,-0.53999996,-31.619999,-9.78
21.924,-1.02,-31.859999,-9.96
21.964,-0.06,-31.619999,-9.84
22.003,0.42,-31.08,-9.9
22.023,0.0,-31.38,-10.38
22.064,0.24,-31.5,-9.719999
22.112,0.17999999,-32.1,-9.719999
22.122,0.24,-32.16,-10.26
22.167,0.24,-31.56,-9.96
22.202,-0.17999999,-30.9,-9.78
22.222,-0.53999996,-31.199999,-9.54
22.262,-0.48,-30.779999,-10.08
22.301,0.0,-30.539999,-10.5
22.321,-0.06,-31.019999,-10.44
22.363,0.0,-31.5,-9.96
22.403,0.12,-31.679998,-9.78
22.424,0.42,-31.019999,-9.9
22.464,0.24,-30.779999,-10.0199995
22.504,0.06,-30.9,-10.0199995
22.525,0.71999997,-30.9,-9.84
22.562,0.53999996,-30.9,-10.26
22.603,-0.24,-31.32,-10.0199995
22.641,0.17999999,-31.679998,-10.559999
22.661,0.59999996,-32.16,-10.559999
22.703,0.0,-31.98,-10.8
22.743,0.17999999,-31.08,-10.5
22.763,0.42,-30.84,-9.96
22.803,0.84,-31.019999,-9.66
22.842,-0.06,-30.9,-10.5
22.863,-0.24,-30.72,-10.8
22.904,-0.48,-31.619999,-10.5
22.944,0.12,-32.04,-9.78
22.963,0.24,-31.8,-9.66
23.003,0.42,-31.56,-10.0199995
23.043,0.24,-31.56,-10.26
23.063,0.0,-31.26,-10.08
23.107,-0.17999999,-31.019999,-10.26
23.141,-0.06,-31.5,-10.559999
23.162,-0.35999998,-31.199999,-9.96
23.201,-0.29999998,-30.779999,-9.36
23.241,-0.17999999,-31.5,-9.9
23.261,-0.42,-31.74,-9.96
23.302,-0.12,-32.16,-9.719999
23.342,0.17999999,-32.219997,-10.139999
23.362,-0.35999998,-31.8,-10.08
23.402,-0.12,-31.74,-10.2
23.443,-0.42,-31.199999,-10.32
23.483,-0.29999998,-31.32,-9.78
23.502,0.0,-31.619999,-9.78
23.543,0.17999999,-31.859999,-10.5
23.582,0.48,-31.32,-10.44
23.602,0.59999996,-31.26,-10.26
23.642,-0.12,-30.9,-10.38
23.665,-0.53999996,-30.779999,-10.44
23.701,-0.71999997,-31.08,-10.62
23.743,0.42,-31.26,-10.26
23.783,0.9,-31.08,-10.0199995
23.805,0.29999998,-30.779999,-9.9
23.846,-0.78,-31.5,-10.559999
23.883,-0.78,-31.619999,-10.0199995
23.903,-0.65999997,-31.32,-9.719999
23.944,0.35999998,-30.96,-9.599999
23.982,0.24,-30.42,-9.78
24.003,0.48,-30.66,-9.9
24.042,0.35999998,-30.66,-10.74
24.083,-0.12,-31.32,-10.559999
24.102,-0.35999998,-31.56,-10.5
24.144,-0.65999997,-32.04,-10.559999
24.184,0.53999996,-31.679998,-9.96
24.206,1.0799999,-31.32,-10.08
24.242,0.9,-31.38,-9.96
24.283,0.42,-31.8,-9.9
24.304,0.24,-31.56,-10.0199995
24.343,0.35999998,-31.619999,-10.62
24.385,0.35999998,-31.679998,-10.08
24.404,0.0,-31.859999,-10.0199995
24.443,-0.53999996,-31.619999,-10.44
24.484,-0.59999996,-31.439999,-10.44
24.525,0.35999998,-31.32,-10.5
24.544,0.65999997,-30.96,-11.04
24.584,0.53999996,-31.619999,-9.719999
24.624,-0.53999996,-31.98,-9.9
24.645,-0.48,-31.619999,-10.44
24.684,-0.65999997,-31.019999,-10.74
24.723,-0.35999998,-31.019999,-10.44
24.743,-0.17999999,-30.9,-10.559999
24.782,0.29999998,-31.26,-11.04
24.823,-0.12,-31.98,-10.139999
24.844,-0.12,-31.619999,-9.96
24.884,-0.17999999,-31.199999,-10.26
24.924,0.48,-31.679998,-10.139999
24.943,0.12,-31.74,-10.38
24.985,0.24,-32.1,-10.0199995
25.025,0.12,-31.98,-9.42
25.044,0.35999998,-31.8,-9.42
25.083,0.65999997,-31.5,-10.32
25.123,0.71999997,-31.8,-10.8
25.164,0.71999997,-32.1,-10.679999
25.184,0.48,-32.16,-10.44
25.222,0.35999998,-31.5,-10.2
25.262,0.59999996,-31.859999,-9.48
25.282,0.29999998,-31.98,-9.3
25.324,-0.53999996,-31.56,-9.9
25.344,-0.65999997,-31.14,-9.84
25.384,-0.29999998,-30.84,-10.32
25.424,0.06,-31.08,-10.32
25.464,-0.12,-31.5,-10.0199995
25.483,-0.06,-31.14,-9.84
25.524,-0.59999996,-31.619999,-10.139999
25.563,-0.9,-31.56,-10.32
25.584,-0.29999998,-31.08,-10.26
25.623,0.06,-31.5,-10.08
25.662,0.12,-32.16,-9.719999
25.682,0.78,-32.1,-9.84
25.724,0.84,-31.679998,-11.04
25.763,0.12,-30.599998,-10.5
25.782,0.24,-30.84,-10.92
25.826,0.17999999,-31.199999,-10.44
25.864,-0.42,-31.14,-9.78
25.883,-0.42,-31.5,-9.78
25.924,0.53999996,-31.74,-10.26
25.964,0.65999997,-31.92,-10.26
25.983,0.29999998,-31.92,-10.679999
26.023,0.0,-31.98,-10.679999
26.063,0.0,-31.98,-10.38
26.103,0.35999998,-31.859999,-10.08
26.123,0.06,-32.28,-10.139999
26.163,-0.06,-32.34,-10.2
26.202,0.0,-32.1,-9.96
26.222,-0.24,-31.5,-9.599999
26.262,-0.35999998,-31.08,-9.24
26.303,-0.71999997,-31.619999,-9.54
26.322,-0.84,-31.439999,-9.9
26.363,-0.48,-31.679998,-10.32
26.403,-0.48,-31.8,-9.719999
26.424,-0.65999997,-31.859999,-9.719999
26.463,-0.35999998,-31.619999,-10.08
26.504,0.24,-31.619999,-10.74
26.523,-0.29999998,-31.38,-10.679999
26.563,-0.78,-30.9,-10.2
26.603,-1.4399999,-31.019999,-9.54
26.623,-0.96,-31.08,-9.9
26.663,-0.17999999,-31.619999,-10.62
26.704,0.35999998,-31.619999,-10.86
26.724,0.42,-31.8,-10.98
26.763,-0.12,-31.5,-10.32
26.803,0.12,-31.619999,-9.84
26.823,0.29999998,-31.619999,-10.32
26.864,-0.17999999,-31.439999,-10.98
26.904,0.29999998,-31.679998,-10.92
26.944,0.96,-31.439999,-10.2
26.963,0.29999998,-31.26,-10.32
27.004,-0.17999999,-31.32,-10.139999
27.024,-0.35999998,-31.08,-9.96
27.063,0.06,-30.66,-10.08
27.102,0.17999999,-30.779999,-11.04
27.142,-0.35999998,-31.439999,-10.92
27.162,-0.29999998,-31.199999,-10.74
27.203,-0.06,-31.14,-10.38
27.242,0.12,-31.859999,-10.32
27.264,-0.17999999,-31.619999,-10.08
27.304,-0.12,-31.679998,-9.78
27.342,0.35999998,-31.08,-10.08
27.364,0.29999998,-30.9,-10.32
27.402,-0.17999999,-30.72,-10.38
27.444,-0.24,-31.439999,-10.679999
27.463,-0.29999998,-31.74,-10.559999
27.505,0.06,-31.439999,-10.08
27.548,0.0,-31.019999,-9.9
27.564,-0.35999998,-31.019999,-9.719999
27.602,0.12,-31.14,-10.62
27.642,0.71999997,-31.32,-10.92
27.682,0.17999999,-31.859999,-10.26
27.702,0.17999999,-31.56,-10.26
27.742,0.53999996,-32.1,-9.599999
27.782,0.06,-31.92,-9.179999
27.803,-0.59999996,-31.019999,-9.66
27.843,-1.0799999,-30.539999,-9.84
27.864,-0.59999996,-30.539999,-10.2
27.903,-0.96,-30.84,-10.32
27.943,-0.12,-31.14,-10.74
27.983,0.12,-31.32,-10.98
28.003,-0.59999996,-30.72,-11.219999
28.043,-0.24,-30.96,-10.74
28.084,-0.71999997,-31.679998,-10.38
28.104,-0.42,-31.56,-10.8
28.143,-0.59999996,-31.5,-10.32
28.185,-0.24,-31.8,-10.2
28.202,-0.24,-31.26,-10.2
28.241,-0.42,-31.38,-10.139999
28.282,-0.48,-31.26,-9.78
28.302,-0.24,-31.199999,-9.599999
28.343,-0.42,-31.74,-9.96
28.383,-0.71999997,-31.98,-10.679999
28.403,-0.59999996,-31.8,-10.98
28.443,-0.24,-31.14,-10.26
28.484,-0.42,-31.019999,-9.54
28.503,-0.84,-30.72,-9.9
28.543,-0.12,-30.599998,-9.96
28.583,0.29999998,-30.9,-10.08
28.604,0.29999998,-31.019999,-10.139999
28.644,0.53999996,-31.56,-10.62
28.683,0.12,-31.38,-10.8
28.724,0.0,-31.38,-10.98
28.743,-0.17999999,-31.92,-10.92
28.785,-0.17999999,-31.56,-10.74
28.824,0.12,-31.32,-10.2
28.843,0.12,-31.679998,-10.2
28.883,0.59999996,-31.619999,-9.54
28.924,0.9,-31.38,-9.84
28.944,0.65999997,-31.619999,-9.719999
28.985,0.06,-31.5,-9.78
29.024,-0.48,-31.26,-9.96
29.043,-0.59999996,-31.679998,-10.08
29.083,-0.29999998,-31.8,-9.719999
29.122,0.12,-31.619999,-10.44
29.142,0.29999998,-31.859999,-11.099999
29.183,0.24,-31.199999,-10.92
29.222,0.42,-30.779999,-10.44
29.242,-0.06,-31.08,-10.679999
29.281,-0.06,-31.32,-10.38
29.323,-0.29999998,-31.26,-9.9
29.344,-0.17999999,-31.26,-9.78
29.383,0.06,-31.38,-9.54
29.423,0.96,-31.439999,-10.5
29.463,0.53999996,-31.26,-10.8
29.483,0.42,-31.019999,-10.74
29.525,-0.06,-31.56,-10.32
29.544,0.12,-31.5,-10.44
29.583,0.59999996,-32.16,-10.32
29.623,0.9,-31.8,-10.38
29.665,0.24,-31.26,-10.74
29.684,-0.06,-31.38,-10.2
29.723,-0.17999999,-31.32,-10.2
29.763,-0.17999999,-32.1,-10.62
29.783,0.17999999,-32.219997,-10.139999
29.824,0.0,-32.28,-9.719999
29.864,0.0,-31.439999,-10.139999
29.883,0.0,-31.619999,-10.8
29.922,-0.29999998,-31.439999,-10.5
29.963,-0.06,-31.26,-9.78
29.983,-0.12,-31.199999,-9.36
30.024,0.24,-31.98,-9.54
30.064,0.78,-31.74,-10.679999
30.083,0.29999998,-31.8,-10.0199995
30.122,0.06,-31.14,-10.2
30.162,0.17999999,-30.9,-10.139999
30.202,-0.17999999,-31.08,-9.66
30.222,-0.42,-30.66,-9.78
30.261,-0.35999998,-31.619999,-10.62
30.285,-0.48,-31.08,-10.74
30.322,-0.48,-30.84,-11.219999
30.363,-0.17999999,-30.9,-10.74
30.384,-0.24,-31.199999,-10.44
30.424,-0.12,-31.38,-9.719999
30.462,-0.12,-31.439999,-10.32
30.504,-0.06,-31.74,-11.7
30.523,-0.17999999,-31.5,-11.16
30.564,0.06,-31.619999,-10.86
30.603,-0.06,-31.92,-10.2
30.624,-0.17999999,-31.92,-9.599999
30.664,0.0,-31.199999,-8.4
30.703,0.17999999,-30.66,-9.3
30.722,0.35999998,-31.26,-9.78
30.763,-0.42,-30.9,-10.44
30.802,-0.71999997,-31.26,-9.78
30.824,-0.35999998,-31.5,-10.08
30.864,-0.24,-31.98,-10.44
30.901,0.06,-32.399998,-10.26
30.924,0.65999997,-32.34,-10.139999
30.962,0.48,-32.04,-10.32
31.003,-0.24,-31.38,-10.26
31.023,-0.53999996,-31.26,-10.38
31.063,-0.12,-31.56,-9.96
31.109,-0.12,-31.56,-9.599999
31.142,-0.65999997,-31.26,-9.48
31.162,-0.71999997,-31.32,-9.66
31.204,-0.84,-30.84,-10.8
31.241,-0.24,-31.199999,-10.74
31.261,-0.24,-31.5,-10.98
31.301,-0.17999999,-31.56,-10.559999
31.342,0.0,-31.26,-10.44
31.363,0.78,-31.199999,-10.74
31.404,0.59999996,-31.32,-11.099999
31.443,0.12,-31.56,-10.26
31.463,0.06,-31.619999,-10.32
31.504,0.0,-31.5,-10.2
31.542,0.12,-31.26,-10.559999
31.563,0.12,-31.199999,-10.559999
31.602,-0.17999999,-30.72,-9.96
31.643,0.06,-30.72,-9.84
31.662,-0.24,-31.08,-9.78
31.703,-0.59999996,-31.199999,-10.44
31.743,0.35999998,-31.679998,-10.139999
31.763,0.78,-31.98,-9.96
31.803,0.53999996,-31.679998,-10.26
31.842,0.0,-31.38,-9.9
31.863,0.29999998,-31.019999,-9.54
31.903,0.29999998,-31.199999,-9.24
31.943,-0.35999998,-30.779999,-9.42
31.983,-0.53999996,-30.9,-10.0199995
32.004,-0.65999997,-31.08,-10.32
32.043,-0.42,-30.84,-10.8
32.085,-0.24,-31.019999,-10.5
32.102,0.06,-31.5,-10.38
32.141,0.9,-31.08,-10.32
32.182,1.02,-30.9,-10.26
32.201,0.65999997,-31.5,-9.84
32.241,0.84,-31.32,-9.66
32.282,-0.06,-31.439999,-10.44
32.302,-0.12,-31.439999,-10.08
32.342,-0.59999996,-31.859999,-10.0199995
32.383,-0.96,-31.439999,-9.66
32.403,-0.78,-31.32,-9.9
32.442,0.0,-31.56,-10.26
32.483,0.12,-31.679998,-10.559999
32.504,0.48,-31.199999,-10.679999
32.544,0.29999998,-31.08,-10.2
32.568,0.42,-31.26,-9.96
32.622,-0.17999999,-31.38,-10.679999
32.642,-0.48,-31.439999,-10.62
32.681,-0.24,-31.56,-10.32
32.721,-0.29999998,-31.08,-10.5
32.743,-0.29999998,-30.66,-10.38
32.783,-0.84,-30.48,-10.44
32.823,-0.12,-30.539999,-10.92
32.843,0.06,-30.48,-10.5
32.883,0.29999998,-30.9,-10.74
32.922,-0.24,-31.74,-10.32
32.944,-0.17999999,-32.04,-10.26
32.983,-1.1999999,-31.14,-9.9
33.023,-0.9,-30.84,-9.12
33.042,-0.53999996,-31.08,-9.48
33.083,0.0,-31.56,-10.32
33.109,-0.06,-31.859999,-10.139999
33.142,-0.06,-31.38,-10.139999
33.184,0.29999998,-30.96,-10.08
33.222,0.06,-31.56,-10.5
33.242,0.0,-31.74,-10.44
33.282,0.35999998,-31.619999,-10.2
33.324,0.35999998,-31.439999,-10.0199995
33.345,0.06,-31.199999,-10.2
33.384,0.35999998,-31.08,-10.86
33.424,0.48,-31.38,-10.32
33.444,0.42,-31.199999,-10.139999
33.485,0.17999999,-31.08,-9.96
33.522,0.0,-31.439999,-10.5
33.544,0.35999998,-32.219997,-10.38
33.583,0.48,-32.219997,-10.139999
33.624,0.48,-31.8,-10.38
33.663,-0.29999998,-31.439999,-10.8
33.684,-0.12,-31.32,-10.8
33.724,0.35999998,-31.08,-9.599999
33.745,0.35999998,-31.08,-9.719999
33.784,-0.42,-30.9,-9.9
33.825,-0.53999996,-31.14,-9.719999
33.864,0.17999999,-31.679998,-9.66
33.883,-0.12,-31.679998,-9.54
33.925,0.06,-31.679998,-9.84
33.964,0.17999999,-31.199999,-9.719999
33.984,0.53999996,-30.84,-10.26
34.024,0.65999997,-30.539999,-10.08
34.064,0.78,-31.38,-9.9
34.084,0.84,-31.92,-9.66
34.129,0.48,-31.439999,-9.84
34.163,-0.17999999,-31.32,-9.78
34.183,-0.35999998,-31.32,-9.719999
34.222,-0.42,-31.74,-9.179999
34.262,-0.12,-31.8,-9.3
34.282,-0.17999999,-31.619999,-9.78
34.322,0.24,-31.32,-10.08
34.363,-0.65999997,-31.619999,-10.44
34.384,-0.71999997,-31.98,-10.679999
34.425,-0.29999998,-31.679998,-9.599999
34.465,-0.78,-31.5,-9.179999
34.484,-0.65999997,-31.619999,-9.42
34.524,0.0,-31.5,-10.32
34.563,0.35999998,-31.26,-10.679999
34.602,0.35999998,-30.42,-10.86
34.623,1.02,-30.779999,-10.98
34.664,0.84,-30.779999,-10.74
34.703,0.48,-30.9,-10.559999
34.724,0.35999998,-31.38,-9.9
34.764,0.12,-31.619999,-9.96
34.803,-0.24,-31.26,-10.679999
34.823,-0.06,-30.9,-10.32
34.863,-0.24,-31.38,-9.599999
34.904,-0.12,-31.8,-9.9
34.925,-0.35999998,-31.74,-10.08
34.966,-0.59999996,-31.019999,-9.84
35.005,-0.24,-30.48,-10.139999
35.024,0.12,-30.84,-10.74
35.066,0.24,-31.5,-10.679999
35.105,-0.24,-30.84,-10.38
35.124,0.0,-30.599998,-9.96
35.166,-0.24,-30.42,-9.9
35.203,-0.42,-31.199999,-10.62
35.223,-0.53999996,-31.439999,-10.5
35.262,-0.42,-31.56,-10.559999
35.304,-0.53999996,-31.38,-10.5
35.344,-0.53999996,-31.14,-10.26
35.364,-0.17999999,-31.26,-10.32
35.404,0.48,-31.5,-10.08
35.425,1.0799999,-31.679998,-9.78
35.464,0.96,-31.14,-9.9
35.505,-0.42,-31.199999,-10.38
35.545,-0.71999997,-31.14,-10.26
35.566,-0.53999996,-31.38,-10.26
35.604,0.17999999,-31.439999,-10.38
35.646,0.12,-31.199999,-10.44
35.664,0.12,-31.199999,-10.08
35.702,-0.12,-30.48,-10.139999
35.743,0.42,-31.199999,-10.679999
35.763,0.59999996,-31.199999,-10.44
35.804,0.42,-32.219997,-9.24
35.846,0.24,-31.98,-9.719999
35.864,0.29999998,-31.619999,-9.78
35.906,0.59999996,-31.8,-9.96
35.943,0.0,-31.199999,-10.139999
35.970,-0.48,-31.019999,-9.9
36.003,-0.53999996,-31.38,-9.78
36.043,0.35999998,-31.679998,-9.9
36.064,0.35999998,-31.5,-9.78
36.105,0.06,-31.74,-9.9
36.146,-0.35999998,-31.679998,-10.26
36.183,0.0,-31.14,-10.32
36.204,-0.42,-30.9,-10.44
36.245,-0.12,-30.72,-10.32
36.283,-0.29999998,-31.5,-10.26
36.304,-0.29999998,-31.08,-10.32
36.344,-0.53999996,-31.5,-10.5
36.384,-0.42,-31.26,-10.26
36.404,0.06,-31.14,-9.84
36.443,-0.24,-31.019999,-10.26
36.484,0.24,-30.84,-9.96
36.504,0.78,-31.08,-9.9
36.544,0.35999998,-31.26,-10.139999
36.584,-0.24,-31.98,-10.44
36.603,-0.35999998,-31.5,-10.679999
36.644,0.17999999,-31.019999,-9.9
36.683,0.71999997,-31.26,-9.78
36.704,0.65999997,-31.8,-10.62
36.744,0.65999997,-31.859999,-10.44
36.783,0.59999996,-32.1,-9.96
36.804,0.35999998,-32.52,-9.96
36.843,0.06,-32.76,-9.66
36.882,0.12,-32.16,-9.54
36.904,0.12,-32.1,-9.54
36.944,0.24,-31.8,-10.32
36.984,0.17999999,-31.32,-11.04
37.004,-0.06,-31.199999,-11.16
37.044,0.06,-30.779999,-10.62
37.083,0.42,-31.619999,-10.139999
37.105,0.17999999,-31.8,-10.44
37.142,0.29999998,-31.38,-10.32
37.183,0.42,-31.679998,-10.559999
37.224,0.06,-32.34,-10.5
37.244,0.06,-31.859999,-10.08
37.283,0.12,-31.98,-10.2
37.324,0.59999996,-31.679998,-10.86
37.342,0.48,-31.56,-10.62
37.383,0.53999996,-31.32,-10.74
37.424,0.42,-31.32,-10.08
37.444,0.59999996,-31.14,-10.139999
37.484,0.53999996,-31.679998,-10.62
37.525,0.84,-31.8,-10.38
37.544,0.59999996,-32.28,-10.62
37.585,0.35999998,-31.92,-10.44
37.625,0.48,-31.199999,-10.44
37.645,0.65999997,-31.32,-10.0199995
37.682,0.42,-32.04,-10.559999
37.724,0.9,-32.219997,-10.74
37.744,1.1999999,-32.219997,-10.679999
37.784,1.4399999,-32.1,-10.26
37.823,1.38,-32.76,-10.139999
37.863,1.02,-32.82,-10.62
37.884,1.14,-32.219997,-10.8
37.924,0.9,-31.679998,-10.74
37.962,0.48,-31.679998,-10.559999
37.983,-0.12,-31.56,-10.5
38.022,0.35999998,-31.98,-10.26
38.065,0.53999996,-32.34,-10.44
38.084,0.48,-32.1,-10.62
38.124,0.12,-31.74,-9.84
38.147,0.35999998,-31.619999,-9.9
38.185,0.53999996,-31.679998,-9.599999
38.224,0.59999996,-32.04,-9.3
38.263,0.17999999,-32.52,-10.2
38.283,-0.17999999,-32.579998,-10.32
38.323,0.06,-32.28,-10.98
38.364,1.0799999,-31.92,-10.559999
38.385,0.78,-32.1,-10.559999
38.425,0.29999998,-32.04,-9.54
38.463,0.0,-31.98,-9.719999
38.484,0.06,-32.219997,-10.139999
38.524,-0.12,-31.98,-10.44
38.563,0.06,-32.04,-10.44
38.604,-0.53999996,-32.1,-10.2
38.622,-0.53999996,-31.679998,-10.0199995
38.663,-0.24,-32.28,-9.78
38.702,0.06,-31.92,-10.2
38.722,0.35999998,-31.56,-10.62
38.763,0.78,-31.8,-10.679999
38.785,0.78,-31.74,-11.219999
38.823,-0.06,-31.439999,-10.32
38.862,0.35999998,-31.439999,-10.08
38.902,0.65999997,-31.32,-10.559999
38.923,0.35999998,-30.9,-10.38
38.963,-0.35999998,-30.9,-9.9
39.002,0.12,-31.32,-10.08
39.022,0.48,-31.619999,-9.78
39.062,0.12,-31.619999,-9.84
39.104,-0.29999998,-31.019999,-10.32
39.123,-0.53999996,-30.9,-10.139999
39.164,-0.29999998,-31.38,-10.08
39.202,-0.59999996,-31.8,-10.139999
39.222,-0.59999996,-31.619999,-9.78
39.262,-0.71999997,-31.439999,-9.96
39.302,0.48,-31.199999,-10.26
39.322,0.71999997,-31.38,-10.2
39.363,0.9,-31.74,-11.099999
39.402,0.24,-31.56,-10.98
39.423,0.42,-31.619999,-10.74
39.462,0.48,-31.439999,-9.9
39.502,0.42,-31.8,-10.0199995
39.542,0.24,-32.34,-10.32
39.563,0.06,-31.859999,-10.38
39.603,-0.17999999,-31.32,-10.38
39.624,-0.59999996,-31.019999,-10.32
39.663,-0.48,-31.5,-10.38
39.704,-0.17999999,-31.56,-10.62
39.744,0.24,-31.56,-10.74
39.765,0.71999997,-31.26,-10.98
39.804,0.48,-31.679998,-10.86
39.844,-0.12,-31.14,-10.679999
39.865,-0.06,-31.38,-10.92
39.904,-0.12,-31.26,-9.84
39.944,0.29999998,-31.5,-9.9
39.965,0.78,-31.56,-10.559999
40.004,0.53999996,-31.08,-10.92
40.043,0.06,-31.5,-10.26
40.064,-0.24,-32.219997,-10.5
40.103,0.53999996,-31.98,-10.8
40.144,0.0,-31.14,-10.62
40.166,-0.17999999,-31.26,-10.74
40.205,-0.71999997,-31.38,-9.66
40.242,-0.06,-31.26,-9.54
40.283,0.53999996,-31.98,-9.54
40.302,0.48,-32.399998,-9.599999
40.344,-0.29999998,-31.619999,-9.54
40.383,-0.17999999,-31.019999,-10.08
40.404,0.29999998,-31.019999,-10.139999
40.442,0.24,-31.439999,-10.32
40.483,0.65999997,-31.5,-10.679999
40.504,0.9,-31.38,-10.8
40.543,0.65999997,-31.74,-10.92
40.583,-0.42,-31.8,-10.8
40.604,-0.06,-31.8,-10.679999
40.642,-0.29999998,-31.26,-10.139999
40.682,-0.29999998,-30.66,-10.62
40.703,-0.35999998,-30.9,-10.8
40.742,-0.12,-31.32,-10.5
40.782,0.59999996,-31.199999,-10.2
40.802,0.53999996,-31.14,-9.78
40.843,0.71999997,-31.38,-9.78
40.883,0.17999999,-31.08,-9.9
40.902,-0.24,-31.619999,-10.26
40.945,0.0,-31.619999,-10.0199995
40.983,0.35999998,-31.8,-10.38
41.004,0.59999996,-31.56,-10.74
41.046,0.17999999,-31.56,-9.96
41.091,-0.35999998,-31.08,-9.84
41.124,-0.24,-31.5,-9.9
41.144,-0.17999999,-31.56,-9.96
41.183,-0.06,-31.74,-9.66
41.222,-0.71999997,-31.38,-9.78
41.242,-0.9,-31.32,-10.0199995
41.281,-0.53999996,-30.779999,-10.0199995
41.322,0.17999999,-31.08,-10.679999
41.344,-0.29999998,-31.679998,-10.86
41.382,-0.84,-31.74,-11.219999
41.423,-0.42,-30.9,-10.679999
41.442,0.0,-31.38,-9.96
41.484,-0.35999998,-31.74,-9.84
41.523,0.0,-31.08,-9.9
41.543,0.12,-31.199999,-10.559999
41.583,0.12,-31.5,-10.86
41.623,0.59999996,-31.32,-10.8
41.643,0.71999997,-31.26,-10.559999
41.683,-0.24,-32.16,-10.44
41.724,-0.29999998,-31.859999,-9.84
41.743,0.0,-31.32,-9.54
41.783,0.35999998,-30.96,-9.9
41.823,-0.12,-31.679998,-10.08
41.843,-0.78,-31.679998,-9.78
41.883,-0.59999996,-31.5,-9.84
41.923,0.42,-31.679998,-10.32
41.943,0.17999999,-31.8,-9.96
41.983,-0.29999998,-31.56,-10.32
42.023,-0.71999997,-31.439999,-10.139999
42.064,-0.84,-31.859999,-10.38
42.083,-1.02,-31.92,-10.2
42.123,-0.96,-32.399998,-10.5
42.144,-0.71999997,-32.399998,-10.5
42.182,0.42,-31.08,-10.8
42.222,0.84,-31.26,-10.74
42.262,0.24,-32.399998,-10.679999
42.285,0.06,-32.7,-10.2
42.322,0.0,-32.28,-10.139999
42.363,-0.29999998,-31.56,-10.679999
42.383,0.12,-31.74,-10.0199995
42.423,-0.53999996,-31.32,-10.32
42.463,-0.84,-31.199999,-9.96
42.484,-0.29999998,-31.199999,-10.08
42.524,0.29999998,-31.5,-9.78
42.565,-0.06,-31.14,-10.26
42.583,-0.53999996,-30.72,-10.26
42.624,-0.06,-30.66,-10.74
42.663,0.24,-31.26,-10.8
42.682,-0.35999998,-31.019999,-10.38
42.722,-0.35999998,-30.84,-10.08
42.762,0.12,-31.199999,-10.0199995
42.803,-0.17999999,-31.08,-10.139999
42.822,-0.42,-30.9,-10.139999
42.863,-0.42,-30.42,-9.84
42.902,0.42,-31.019999,-9.9
42.923,0.35999998,-31.26,-10.2
42.961,-0.48,-31.619999,-10.32
43.002,-0.42,-31.74,-9.96
43.023,-0.29999998,-31.619999,-9.78
43.062,0.12,-31.859999,-9.599999
43.103,-0.53999996,-32.52,-9.9
43.122,-0.84,-32.28,-9.66
43.162,-0.59999996,-31.619999,-9.3
43.203,-0.59999996,-31.019999,-9.54
43.222,-0.29999998,-31.199999,-9.78
43.261,0.12,-31.74,-9.599999
43.302,0.12,-31.98,-9.66
43.321,0.17999999,-32.1,-9.66
43.362,0.35999998,-31.679998,-10.5
43.404,0.71999997,-31.56,-10.2
43.422,0.59999996,-31.98,-10.32
43.463,0.59999996,-31.859999,-10.38
43.502,0.48,-31.679998,-10.679999
43.522,0.71999997,-31.38,-10.86
43.563,-0.12,-31.74,-10.26
43.602,-0.17999999,-31.74,-10.139999
43.623,0.24,-31.859999,-9.78
43.662,0.0,-31.98,-9.36
43.703,-0.12,-31.74,-9.719999
43.742,-0.17999999,-31.14,-9.66
43.763,0.12,-31.32,-9.84
43.803,-0.06,-31.38,-10.08
43.842,-0.9,-31.14,-10.32
43.863,-0.9,-30.96,-10.38
43.903,-0.24,-31.38,-10.08
43.943,0.48,-31.56,-10.0199995
43.963,-0.06,-31.8,-9.78
44.003,-0.48,-31.8,-9.059999
44.043,-0.35999998,-31.439999,-9.719999
44.063,0.42,-31.019999,-10.139999
44.102,0.24,-31.019999,-10.5
44.141,0.24,-31.199999,-10.08
44.162,0.35999998,-30.96,-9.84
44.201,-0.12,-31.38,-9.48
44.241,0.06,-32.1,-10.0199995
44.261,0.35999998,-31.92,-10.26
44.303,0.59999996,-31.98,-10.2
44.343,0.17999999,-31.74,-9.78
44.365,-0.06,-31.439999,-9.54
44.403,0.29999998,-31.14,-9.96
44.441,0.0,-31.5,-10.62
44.482,-0.59999996,-31.38,-10.26
44.501,-0.48,-30.84,-10.0199995
44.543,0.06,-31.32,-9.48
44.583,0.48,-31.439999,-9.54
44.603,0.24,-31.38,-9.599999
44.643,-0.29999998,-32.04,-9.84
44.683,-0.35999998,-31.8,-9.9
44.703,-0.24,-31.56,-9.54
44.742,-0.24,-31.859999,-9.12
44.783,0.24,-31.679998,-9.66
44.803,0.24,-31.439999,-9.78
44.842,0.84,-30.9,-9.78
44.882,0.59999996,-31.32,-9.48
44.903,0.53999996,-30.96,-9.84
44.942,0.78,-30.24,-9.24
44.982,0.35999998,-30.72,-9.3
45.003,-0.12,-30.9,-9.54
45.042,-0.29999998,-31.199999,-10.0199995
45.082,0.06,-31.019999,-9.9
45.101,0.17999999,-31.08,-10.08
45.142,-0.06,-31.199999,-10.2
45.182,-0.24,-30.84,-10.62
45.221,0.29999998,-30.96,-10.38
45.241,0.84,-31.08,-10.38
45.283,1.14,-30.779999,-10.44
45.303,0.9,-31.26,-10.679999
45.342,0.78,-31.679998,-10.86
45.383,0.12,-31.5,-10.5
45.423,-0.42,-31.92,-10.32
45.442,0.06,-31.619999,-10.62
45.484,0.17999999,-31.74,-10.26
45.524,0.0,-31.08,-9.9
45.544,0.29999998,-31.08,-9.78
45.584,0.12,-30.539999,-10.2
45.623,0.35999998,-31.619999,-10.679999
45.643,1.14,-31.679998,-10.679999
45.683,0.42,-31.14,-10.559999
45.723,0.17999999,-31.14,-10.32
45.743,0.78,-30.96,-10.38
45.782,0.48,-31.199999,-10.44
45.823,0.48,-31.56,-10.679999
45.844,0.0,-31.32,-10.679999
45.882,-0.06,-30.9,-10.5
45.923,0.17999999,-31.26,-10.139999
45.944,0.24,-31.199999,-10.26
45.985,0.59999996,-30.9,-10.62
46.024,-0.06,-31.019999,-10.679999
46.043,-0.17999999,-31.679998,-10.62
46.084,0.12,-32.1,-10.92
46.122,0.48,-31.8,-11.099999
46.162,0.29999998,-32.28,-10.86
46.182,0.42,-32.28,-10.8
46.221,0.42,-31.38,-10.38
46.261,-0.12,-31.14,-10.559999
46.281,-0.35999998,-31.56,-10.86
46.323,0.17999999,-31.439999,-10.44
46.345,0.29999998,-31.199999,-10.2
46.383,-0.48,-31.32,-10.08
46.423,-0.53999996,-31.619999,-10.74
46.463,0.12,-31.439999,-10.679999
46.482,0.42,-31.38,-10.5
46.523,0.42,-31.439999,-9.78
46.563,-0.59999996,-32.04,-9.84
46.583,-0.48,-31.74,-10.5
46.623,-0.29999998,-30.84,-10.679999
46.662,0.17999999,-30.96,-9.48
46.683,0.48,-31.38,-9.78
46.723,0.35999998,-31.74,-10.74
46.763,-0.24,-31.32,-10.679999
46.783,-0.29999998,-31.439999,-10.139999
46.824,0.0,-31.5,-9.78
46.863,0.17999999,-31.199999,-9.96
46.883,0.06,-31.08,-10.139999
46.924,-0.12,-31.199999,-10.559999
46.963,-0.35999998,-31.14,-10.679999
46.983,-0.53999996,-30.9,-10.62
47.023,-0.48,-31.38,-10.26
47.063,-0.48,-31.679998,-9.84
47.103,-0.17999999,-31.92,-9.48
47.122,-0.24,-31.679998,-9.48
47.167,0.0,-31.199999,-9.9
47.202,0.65999997,-30.66,-9.719999
47.221,0.24,-30.779999,-9.66
47.261,-0.35999998,-31.439999,-9.12
47.302,0.24,-32.16,-9.36
47.322,0.24,-31.74,-9.54
47.363,0.78,-31.8,-10.139999
47.403,0.29999998,-30.66,-9.78
47.423,0.17999999,-31.08,-9.9
47.463,0.06,-31.619999,-9.719999
47.503,0.12,-31.439999,-9.96
47.524,0.06,-31.26,-10.5
47.563,-0.12,-31.019999,-10.86
47.603,-0.78,-31.019999,-10.32
47.634,-1.02,-31.199999,-10.139999
47.663,-0.71999997,-31.56,-10.2
47.702,-0.24,-32.16,-9.96
47.741,-0.12,-31.92,-10.2
47.761,-0.06,-31.56,-10.559999
47.802,0.17999999,-31.32,-10.08
47.843,0.24,-31.74,-10.5
47.863,0.48,-31.56,-10.32
47.902,0.9,-31.56,-10.08
47.942,0.9,-31.8,-9.179999
47.964,0.84,-32.1,-10.0199995
48.002,0.53999996,-31.679998,-10.74
48.042,0.24,-31.439999,-10.139999
48.063,-0.24,-31.38,-9.9
48.103,-0.12,-31.619999,-9.66
48.141,0.42,-31.8,-10.139999
48.166,0.48,-31.679998,-10.139999
48.202,0.0,-31.199999,-10.0199995
48.242,-0.65999997,-30.539999,-10.86
48.261,-0.35999998,-30.599998,-10.86
48.301,-0.06,-30.779999,-10.679999
48.342,-0.12,-30.72,-10.08
48.362,0.17999999,-30.779999,-10.62
48.403,0.29999998,-31.679998,-10.86
48.443,-0.17999999,-31.5,-10.2
48.463,0.35999998,-31.5,-10.2
48.502,0.42,-31.019999,-9.96
48.543,-0.35999998,-31.32,-9.54
48.564,0.06,-31.92,-9.719999
48.602,0.53999996,-31.679998,-10.559999
48.642,0.06,-31.38,-10.32
48.663,-0.12,-31.8,-10.26
48.702,0.06,-32.04,-10.559999
48.742,0.12,-31.98,-10.74
48.783,0.53999996,-31.92,-10.38
48.803,0.53999996,-31.74,-10.44
48.842,0.06,-31.26,-9.96
48.883,0.35999998,-31.26,-9.96
48.904,0.35999998,-31.14,-9.96
48.943,0.65999997,-31.56,-9.48
48.983,0.53999996,-31.74,-9.66
49.002,0.53999996,-31.32,-10.08
49.042,-0.35999998,-30.779999,-10.62
49.083,0.06,-31.019999,-10.559999
49.103,0.0,-31.679998,-10.26
49.142,-0.35999998,-31.98,-9.84
49.182,-0.78,-31.98,-9.24
49.201,-0.48,-31.439999,-10.0199995
49.241,0.12,-30.66,-10.38
49.282,0.06,-31.56,-10.679999
49.301,0.0,-32.04,-10.92
49.343,-0.29999998,-31.439999,-11.4
49.382,0.06,-31.199999,-11.58
49.402,-0.35999998,-31.56,-10.98
49.443,0.24,-31.5,-10.679999
49.482,0.84,-31.14,-10.679999
49.504,0.35999998,-31.019999,-10.62
49.542,-0.17999999,-31.38,-9.9
49.582,-0.12,-31.32,-9.42
49.623,-0.06,-31.08,-10.0199995
49.642,-0.48,-31.019999,-10.559999
49.683,-0.24,-31.26,-10.62
49.723,0.06,-31.32,-10.139999
49.743,0.29999998,-31.32,-9.9
49.783,0.71999997,-31.38,-10.2
49.823,0.71999997,-31.5,-9.54
49.842,0.29999998,-31.32,-9.3
49.883,0.65999997,-31.74,-9.3
49.922,-0.06,-31.199999,-9.9
49.943,-0.12,-31.14,-9.9
49.984,-0.29999998,-31.56,-9.42
50.024,-0.17999999,-31.019999,-9.719999
50.043,0.12,-30.779999,-9.78
50.083,-0.06,-31.38,-9.9
50.123,-0.06,-31.32,-10.139999
50.141,0.17999999,-31.439999,-10.0199995
50.180,0.96,-31.439999,-10.92
50.221,0.06,-31.679998,-11.28
50.260,-0.06,-31.439999,-10.5
50.280,0.24,-30.96,-10.62
50.323,0.29999998,-31.56,-10.26
50.343,0.42,-31.5,-9.9
50.384,0.59999996,-31.439999,-10.62
50.423,0.59999996,-31.019999,-10.74
50.462,-0.29999998,-30.9,-10.32
50.483,-0.24,-31.32,-10.08
50.522,-0.48,-31.5,-9.78
50.562,0.29999998,-30.84,-9.78
50.583,0.59999996,-30.96,-9.599999
50.622,0.59999996,-31.619999,-9.54
50.662,0.12,-31.98,-10.32
50.682,-0.17999999,-31.38,-10.559999
50.721,0.0,-30.48,-10.559999
50.762,0.48,-30.72,-9.66
50.782,0.29999998,-31.38,-10.08
50.825,0.42,-31.859999,-10.74
50.862,0.59999996,-31.859999,-10.32
50.882,0.53999996,-31.679998,-10.32
50.922,0.06,-31.08,-10.08
50.963,0.0,-31.26,-9.719999
50.983,-0.35999998,-31.32,-9.599999
51.022,0.42,-31.5,-10.5
51.062,0.24,-31.74,-10.559999
51.083,-0.24,-31.32,-10.08
51.124,-0.59999996,-31.619999,-10.26
51.162,0.06,-31.08,-9.96
51.202,0.12,-30.48,-9.599999
51.221,0.24,-30.84,-10.2
51.261,0.48,-31.32,-10.559999
51.301,0.24,-31.679998,-10.38
51.323,0.06,-31.26,-10.139999
51.363,-0.42,-31.56,-10.38
51.402,0.29999998,-31.92,-10.38
51.422,0.17999999,-32.219997,-10.38
51.462,0.06,-31.74,-10.139999
51.503,0.12,-31.14,-9.9
51.521,0.24,-31.019999,-9.9
51.563,-0.71999997,-31.199999,-10.139999
51.602,-1.02,-31.619999,-10.98
51.622,-0.53999996,-31.32,-10.679999
51.663,0.0,-31.26,-9.719999
51.703,-0.06,-31.439999,-9.9
51.722,0.24,-31.74,-10.0199995
51.762,-0.17999999,-31.619999,-10.139999
51.803,0.29999998,-31.56,-10.2
51.823,-0.06,-31.8,-10.139999
51.863,0.0,-30.779999,-10.44
51.902,-0.06,-30.599998,-10.2
51.923,0.06,-30.84,-10.08
51.963,-0.06,-31.439999,-10.62
52.002,0.29999998,-31.26,-10.139999
52.023,0.42,-31.08,-9.42
52.062,0.48,-30.72,-10.08
52.102,0.53999996,-30.84,-10.38
52.146,0.06,-30.96,-10.26
52.162,0.24,-31.14,-9.719999
52.202,-0.42,-31.019999,-9.66
52.240,-0.78,-31.74,-10.559999
52.261,-0.65999997,-31.619999,-10.559999
52.300,0.12,-31.619999,-10.92
52.341,0.35999998,-31.38,-9.96
52.362,0.35999998,-31.38,-9.78
52.402,-0.12,-31.14,-9.9
52.442,0.0,-31.5,-10.0199995
52.462,-0.06,-31.74,-9.84
52.501,0.12,-31.439999,-9.9
52.543,0.42,-31.439999,-10.2
52.562,0.17999999,-31.14,-9.719999
52.603,-0.12,-31.56,-9.719999
52.641,-0.17999999,-31.5,-10.2
52.662,0.0,-31.26,-10.2
52.701,0.53999996,-31.14,-10.44
52.741,0.29999998,-31.859999,-10.08
52.781,0.0,-31.5,-9.78
52.801,-0.17999999,-31.5,-9.96
52.842,-0.71999997,-30.84,-10.62
52.882,-0.29999998,-31.14,-10.8
52.901,-0.24,-31.679998,-10.32
52.943,0.12,-31.74,-10.32
52.981,0.12,-31.619999,-10.62
53.003,0.0,-31.5,-10.38
53.042,-0.48,-30.9,-10.0199995
53.081,0.12,-31.08,-9.78
53.101,0.17999999,-31.38,-9.599999
53.141,-0.24,-31.38,-10.5
53.182,0.0,-30.42,-10.679999
53.201,0.06,-30.539999,-10.8
53.242,0.35999998,-31.32,-10.0199995
53.281,0.17999999,-31.26,-9.78
53.302,0.29999998,-30.599998,-10.0199995
53.341,-0.12,-30.539999,-9.719999
53.382,-0.42,-30.779999,-10.08
53.402,-0.53999996,-30.42,-10.0199995
53.442,-0.35999998,-30.72,-10.32
53.482,0.0,-30.779999,-10.5
53.501,0.35999998,-31.14,-10.38
53.543,0.53999996,-31.14,-10.32
53.584,-0.29999998,-30.599998,-9.719999
53.603,0.06,-30.539999,-10.44
53.642,0.65999997,-30.72,-10.62
53.682,0.35999998,-31.08,-10.559999
53.722,0.17999999,-31.08,-10.44
53.741,0.29999998,-31.019999,-10.5
53.782,0.78,-31.5,-10.679999
53.822,0.29999998,-31.019999,-10.44
53.843,0.24,-31.14,-11.04
53.881,0.96,-31.14,-10.38
53.921,0.53999996,-30.48,-10.08
53.943,0.35999998,-30.779999,-9.9
53.982,0.35999998,-30.84,-10.74
54.022,0.42,-31.08,-10.679999
54.041,0.17999999,-31.439999,-10.8
54.082,-0.24,-31.26,-10.08
54.121,-0.17999999,-31.439999,-10.32
54.142,0.0,-31.38,-10.44
54.182,0.65999997,-31.38,-10.0199995
54.221,0.65999997,-31.08,-10.08
54.240,0.24,-31.08,-10.139999
54.281,0.65999997,-30.42,-10.26
54.323,0.53999996,-31.08,-10.559999
54.342,0.35999998,-31.26,-10.26
54.383,0.59999996,-31.08,-10.32
54.421,0.12,-31.08,-9.9
54.443,0.24,-30.779999,-9.599999
54.482,-0.24,-30.66,-10.26
54.522,0.12,-31.199999,-10.559999
54.563,-0.06,-31.26,-10.32
54.581,-0.29999998,-31.019999,-10.62
54.622,-0.06,-31.08,-10.559999
54.661,0.59999996,-31.439999,-10.139999
54.683,0.29999998,-31.26,-9.9
54.722,0.53999996,-31.38,-10.0199995
54.763,0.0,-31.32,-9.48
54.782,0.0,-31.019999,-9.719999
54.822,-0.35999998,-31.5,-10.559999
54.863,0.12,-32.04,-10.26
54.881,0.24,-31.8,-9.96
54.922,0.0,-32.04,-9.96
54.962,-0.42,-31.5,-10.44
54.983,-0.53999996,-31.74,-10.5
55.022,0.42,-31.38,-9.9
55.061,0.42,-30.9,-9.719999
55.082,0.42,-31.26,-9.96
55.122,0.59999996,-31.32,-10.679999
55.163,0.42,-31.08,-9.96
55.181,-0.12,-31.019999,-9.54
55.221,0.17999999,-31.56,-9.54
55.261,0.42,-31.859999,-9.24
55.283,0.84,-32.04,-9.42
55.321,0.59999996,-31.74,-10.2
55.363,0.35999998,-31.56,-10.38
55.402,0.0,-31.5,-10.2
55.422,0.29999998,-31.5,-10.44
55.462,0.12,-31.38,-10.08
55.502,0.35999998,-31.199999,-10.44
55.522,0.48,-31.32,-10.38
55.562,0.12,-31.92,-10.38
55.601,0.24,-31.5,-10.26
55.621,0.17999999,-31.14,-10.2
55.662,-0.06,-31.08,-10.86
55.701,-0.53999996,-31.32,-10.26
55.721,-0.24,-31.019999,-10.08
55.763,-0.29999998,-31.74,-10.8
55.802,-0.12,-31.439999,-11.5199995
55.821,0.53999996,-31.199999,-10.679999
55.862,0.53999996,-30.84,-9.96
55.903,-0.53999996,-31.38,-9.719999
55.923,-0.35999998,-31.26,-10.139999
55.963,0.48,-30.96,-10.62
56.001,0.53999996,-30.359999,-10.74
56.021,0.42,-30.42,-10.559999
56.062,0.65999997,-30.3,-10.0199995
56.101,0.17999999,-30.359999,-9.78
56.122,0.06,-30.539999,-9.54
56.161,-0.17999999,-31.92,-9.84
56.201,-0.12,-32.399998,-10.559999
56.240,-0.48,-31.92,-9.96
56.260,-0.24,-31.32,-9.599999
56.301,0.0,-30.72,-9.719999
56.341,0.29999998,-30.84,-9.36
56.362,0.29999998,-31.08,-9.179999
56.402,0.17999999,-31.38,-10.0199995
56.442,0.06,-31.38,-9.719999
56.461,0.0,-31.56,-9.42
56.501,-0.24,-31.08,-10.2
56.542,0.0,-30.48,-10.86
56.562,0.29999998,-30.24,-10.74
56.602,0.84,-31.38,-10.559999
56.641,0.65999997,-31.679998,-10.139999
56.661,0.42,-31.679998,-10.559999
56.702,-0.24,-31.859999,-9.78
56.742,-0.12,-31.56,-10.139999
56.762,0.29999998,-31.439999,-10.62
56.802,-0.29999998,-31.8,-10.5
56.844,-0.48,-31.679998,-9.78
56.861,-0.06,-31.26,-10.2
56.902,0.29999998,-31.5,-9.84
56.941,-0.65999997,-31.5,-10.08
56.962,-0.17999999,-30.96,-9.84
57.002,-0.24,-31.199999,-9.719999
57.041,-0.06,-31.679998,-10.139999
57.063,0.17999999,-31.619999,-10.5
57.100,0.59999996,-32.04,-10.38
57.141,0.59999996,-31.439999,-10.62
57.181,0.42,-30.359999,-10.38
57.202,0.42,-30.9,-9.84
57.241,-0.17999999,-31.619999,-9.599999
57.280,-0.42,-32.1,-9.66
57.301,0.06,-31.32,-9.9
57.341,0.84,-31.08,-10.62
57.383,0.78,-31.5,-10.38
57.401,0.53999996,-31.08,-9.84
57.443,0.29999998,-31.199999,-9.3
57.481,0.29999998,-31.32,-9.3
57.501,-0.12,-31.38,-9.42
57.541,-0.42,-31.439999,-9.78
57.582,0.59999996,-31.019999,-10.38
57.602,0.71999997,-30.72,-10.08
57.640,0.53999996,-30.72,-9.48
57.681,0.06,-31.38,-10.139999
57.702,-0.24,-31.679998,-10.0199995
57.740,0.06,-31.26,-10.08
57.781,0.17999999,-31.26,-9.599999
57.821,0.17999999,-31.439999,-9.24
57.841,-0.06,-31.56,-9.54
57.880,-0.35999998,-32.04,-10.38
57.922,-0.35999998,-31.859999,-10.44
57.940,0.06,-31.56,-9.96
57.982,0.35999998,-31.74,-9.719999
58.021,0.53999996,-31.859999,-10.139999
58.041,0.48,-31.859999,-9.78
58.082,0.06,-32.16,-10.2
58.105,-0.06,-31.8,-9.84
58.141,-0.06,-32.04,-9.48
58.182,0.0,-31.679998,-10.26
58.220,0.78,-31.32,-10.74
58.239,0.9,-31.5,-10.74
58.281,-0.35999998,-31.199999,-11.04
58.322,-0.29999998,-31.38,-10.62
58.342,-0.12,-31.56,-10.38
58.381,-0.12,-31.5,-10.2
58.421,0.48,-31.619999,-10.26
58.441,0.17999999,-31.679998,-10.08
58.481,0.12,-31.679998,-9.78
58.521,-0.24,-31.32,-10.679999
58.541,0.0,-31.38,-10.86
58.581,-0.42,-31.32,-10.8
58.621,-1.56,-31.5,-10.08
58.661,-0.59999996,-31.199999,-9.719999
58.681,-0.17999999,-31.32,-10.0199995
58.721,0.59999996,-31.019999,-10.32
58.762,0.71999997,-31.439999,-10.679999
58.781,0.12,-31.5,-10.8
58.822,-0.53999996,-31.14,-10.74
58.861,-0.48,-30.599998,-10.26
58.882,-0.24,-31.14,-10.32
58.922,-0.12,-31.38,-9.84
58.962,0.59999996,-31.08,-9.719999
58.981,0.59999996,-31.74,-10.26
59.022,-0.65999997,-31.439999,-10.62
59.062,-0.29999998,-31.38,-9.9
59.081,0.0,-31.14,-9.78
59.122,0.17999999,-31.32,-9.48
59.161,0.29999998,-31.32,-9.84
59.181,-0.06,-31.08,-9.719999
59.221,0.06,-31.439999,-9.54
59.261,0.35999998,-31.98,-9.9
59.281,0.29999998,-32.1,-9.48
59.323,0.06,-31.5,-10.0199995
59.363,-0.48,-30.9,-10.38
59.382,-0.59999996,-30.779999,-10.2
59.422,-0.42,-31.56,-10.08
59.462,-0.48,-31.92,-10.139999
59.482,-0.53999996,-31.38,-10.2
59.522,-0.48,-32.579998,-9.96
59.563,-0.35999998,-31.98,-9.84
59.583,-0.35999998,-30.96,-9.84
59.624,-0.42,-30.42,-10.44
59.663,-0.06,-30.42,-10.139999
59.702,0.53999996,-30.599998,-9.9
59.723,0.96,-30.96,-9.719999
59.762,1.02,-31.439999,-9.78
59.801,0.35999998,-31.859999,-9.42
59.822,0.35999998,-31.74,-9.3
59.863,-0.12,-31.56,-9.179999
59.903,0.17999999,-31.439999,-10.8
59.924,0.53999996,-31.56,-11.04
59.963,0.48,-31.38,-10.74
