timestamp,x,y,z
00.000,-0.6875,0.640625,-0.4375
00.031,-0.609375,0.625,-0.46875
00.062,-0.78125,0.59375,-0.328125
00.093,-0.96875,0.734375,0.109375
00.125,-1.15625,0.75,0.328125
00.156,-1.390625,0.609375,0.375
00.187,-1.578125,0.90625,-0.4375
00.218,-1.65625,1.34375,-0.484375
00.250,-1.25,1.609375,-0.09375
00.281,-0.765625,1.625,0.03125
00.312,-0.265625,1.8125,0.296875
00.343,0.203125,1.203125,0.53125
00.375,0.15625,1.109375,0.546875
00.406,0.125,0.984375,0.25
00.437,0.015625,1.125,-0.09375
00.468,-0.3125,1.140625,-0.578125
00.500,-0.40625,1.09375,-0.6875
00.531,-0.5625,0.9375,-0.875
00.562,-0.875,0.984375,-0.65625
00.593,-0.96875,0.953125,-0.640625
00.625,-0.859375,0.875,-0.65625
00.656,-1.0,0.78125,-0.71875
00.687,-1.0625,0.890625,-0.75
00.718,-0.703125,1.046875,-0.40625
00.750,-0.875,0.96875,-0.65625
00.781,-0.25,1.0,-0.328125
00.812,-0.453125,0.921875,-0.375
00.843,-0.734375,0.71875,-0.8125
00.875,-0.3125,0.71875,-0.5
00.906,-0.1875,0.71875,-0.28125
00.937,-0.734375,0.640625,-0.390625
00.968,-0.84375,0.53125,-0.71875
01.000,-0.78125,0.40625,-0.875
01.031,-1.140625,0.4375,-0.671875
01.062,-1.125,0.265625,-0.390625
01.093,-0.90625,0.109375,-0.21875
01.125,-0.890625,0.109375,-0.15625
01.156,-0.578125,0.046875,-0.046875
01.187,-0.359375,0.265625,0.171875
01.218,-0.4375,0.453125,0.328125
01.250,-0.546875,0.5,-0.25
01.281,-1.015625,0.421875,-0.46875
01.312,-1.0,0.328125,-0.796875
01.343,-1.171875,0.421875,-0.5625
01.375,-0.953125,0.34375,-0.53125
01.406,-1.0625,0.296875,-0.640625
01.437,-1.15625,0.328125,-0.546875
01.468,-1.1875,0.46875,-0.3125
01.500,-0.84375,0.59375,-0.015625
01.531,-1.234375,0.578125,-0.03125
01.562,-1.515625,0.203125,-0.234375
01.593,-1.265625,0.09375,-0.234375
01.625,-1.125,-0.34375,-0.484375
01.656,-0.828125,-0.421875,-0.375
01.687,-0.609375,-0.421875,-0.34375
01.718,-0.734375,-0.40625,-0.359375
01.750,-0.75,-0.328125,-0.3125
01.781,-0.359375,-0.34375,-0.09375
01.812,-0.71875,-0.359375,-0.09375
01.843,-1.0,-0.359375,-0.09375
01.875,-1.0625,-0.390625,0.0625
01.906,-0.84375,-0.390625,0.171875
01.937,-0.65625,-0.34375,0.328125
01.968,-0.859375,-0.359375,0.359375
02.000,-0.796875,-0.34375,0.4375
02.031,-0.75,-0.3125,0.5
02.062,-0.71875,-0.28125,0.53125
02.093,-0.828125,-0.3125,0.5
02.125,-0.8125,-0.265625,0.546875
02.156,-0.78125,-0.25,0.546875
02.187,-0.796875,-0.265625,0.53125
02.218,-0.765625,-0.265625,0.484375
02.250,-0.75,-0.34375,0.40625
02.281,-0.78125,-0.359375,0.375
02.312,-0.75,-0.40625,0.28125
02.343,-0.84375,-0.515625,0.15625
02.375,-0.828125,-0.515625,0.171875
02.406,-0.84375,-0.546875,0.15625
02.437,-0.9375,-0.5625,0.109375
02.468,-0.9375,-0.546875,0.296875
02.500,-0.96875,-0.46875,0.328125
02.531,-0.90625,-0.4375,0.390625
02.562,-0.734375,-0.390625,0.453125
02.593,-0.6875,-0.375,0.453125
02.625,-0.796875,-0.390625,0.375
02.656,-1.0,-0.390625,0.296875
02.687,-1.0625,-0.359375,0.3125
02.718,-1.109375,-0.359375,0.21875
02.750,-1.0625,-0.34375,0.203125
02.781,-0.953125,-0.296875,0.21875
02.812,-0.953125,-0.265625,0.203125
02.843,-0.96875,-0.28125,0.1875
02.875,-0.9375,-0.296875,0.140625
02.906,-0.90625,-0.328125,0.15625
02.937,-1.046875,-0.296875,0.09375
02.968,-0.953125,-0.28125,0.078125
03.000,-0.921875,-0.1875,0.140625
03.031,-0.71875,-0.0625,0.359375
03.062,-0.578125,-0.046875,0.375
03.093,-0.4375,-0.109375,0.140625
03.125,-0.65625,-0.390625,-0.09375
03.156,-0.375,-0.328125,-0.03125
03.187,-0.15625,0.140625,0.28125
03.218,-0.609375,0.390625,0.0625
03.250,-0.96875,0.96875,-0.03125
03.281,-0.875,1.203125,-0.34375
03.312,-1.53125,1.046875,-1.15625
03.343,-1.125,0.6875,-1.328125
03.375,-1.09375,0.671875,-1.109375
03.406,-1.03125,0.671875,-0.640625
03.437,-0.9375,0.484375,-0.71875
03.468,-1.125,0.359375,-0.765625
03.500,-1.09375,0.046875,-0.90625
03.531,-0.84375,0.046875,-0.578125
03.562,-0.65625,0.21875,-0.21875
03.593,-0.796875,0.34375,-0.515625
03.625,-0.828125,0.453125,-0.546875
03.656,-0.65625,0.484375,-0.609375
03.687,-0.484375,0.609375,-0.5
03.718,-0.40625,0.640625,-0.671875
03.750,-0.59375,0.609375,-0.859375
03.781,-0.375,0.609375,-0.859375
03.812,-0.5,0.734375,-0.8125
03.843,-0.640625,0.640625,-0.8125
03.875,-0.75,0.6875,-0.515625
03.906,-0.828125,0.78125,0.015625
03.937,-0.96875,0.734375,0.0625
03.968,-1.265625,0.703125,-0.03125
04.000,-1.671875,0.921875,-0.09375
04.031,-1.421875,0.78125,-0.21875
04.062,-1.5,0.734375,-0.375
04.093,-1.5625,0.40625,-0.78125
04.125,-1.234375,-0.015625,-1.171875
04.156,-0.875,-0.171875,-1.09375
04.187,-0.484375,-0.5,-1.015625
04.218,-0.125,-0.578125,-0.78125
04.250,-0.078125,-0.515625,-0.625
04.281,-0.171875,-0.40625,-0.1875
04.312,-0.515625,-0.453125,-0.0625
04.343,-0.4375,-0.375,-0.125
04.375,-0.375,0.09375,0.578125
04.406,-0.40625,0.09375,0.9375
04.437,0.375,-0.046875,0.9375
04.468,0.734375,0.125,0.640625
04.500,0.8125,0.71875,0.265625
04.531,0.828125,1.765625,0.390625
04.562,0.546875,1.984375,0.625
04.593,-0.78125,1.984375,0.78125
04.625,-1.234375,1.96875,0.734375
04.656,-0.890625,1.734375,0.734375
04.687,-0.859375,1.6875,1.03125
04.718,-0.46875,1.765625,0.96875
04.750,-0.578125,1.3125,0.453125
04.781,-0.34375,0.9375,0.5
04.812,-0.328125,0.3125,0.4375
04.843,-0.203125,0.515625,0.34375
04.875,-0.6875,-0.578125,0.28125
04.906,-0.828125,0.65625,0.515625
04.937,-1.171875,0.046875,0.328125
04.968,-0.671875,0.1875,0.625
05.000,-0.3125,0.03125,0.59375
05.031,-0.234375,0.0625,0.546875
05.062,-0.125,0.234375,0.75
05.093,0.03125,0.1875,0.796875
05.125,-0.40625,0.078125,0.640625
05.156,-0.359375,0.140625,0.84375
05.187,-0.390625,0.265625,0.796875
05.218,0.0625,0.3125,0.78125
05.250,-0.171875,0.34375,0.796875
05.281,-0.359375,0.71875,1.21875
05.312,-0.15625,0.640625,1.28125
05.343,-0.109375,0.859375,1.09375
05.375,-0.265625,0.921875,0.890625
05.406,-0.28125,0.75,0.828125
05.437,-0.21875,0.546875,0.734375
05.468,-0.1875,0.484375,0.75
05.500,-0.578125,0.453125,0.578125
05.531,-0.890625,0.453125,0.640625
05.562,-0.921875,0.5,0.796875
05.593,-0.59375,0.390625,0.96875
05.625,-0.46875,0.359375,0.96875
05.656,-0.484375,0.484375,1.28125
05.687,-0.46875,0.34375,1.1875
05.718,-0.765625,0.171875,0.90625
05.750,-0.875,0.203125,0.859375
05.781,-1.078125,0.171875,0.5
05.812,-0.890625,0.078125,0.59375
05.843,-0.375,-0.0625,0.40625
05.875,-0.5,-0.375,0.0
05.906,-0.453125,-0.59375,-0.15625
05.937,-0.5625,-0.640625,-0.03125
05.968,-0.859375,-0.640625,-0.21875
06.000,-0.78125,-0.484375,-0.125
06.031,-0.953125,-0.328125,-0.125
06.062,-1.203125,-0.265625,-0.234375
06.093,-1.203125,-0.28125,-0.28125
06.125,-1.03125,-0.296875,-0.15625
06.156,-0.65625,-0.328125,0.078125
06.187,-0.515625,-0.296875,0.21875
06.218,-0.65625,-0.3125,0.265625
06.250,-0.765625,-0.359375,0.1875
06.281,-0.84375,-0.359375,0.15625
06.312,-0.875,-0.390625,-0.03125
06.343,-0.828125,-0.375,-0.171875
06.375,-0.734375,-0.328125,-0.109375
06.406,-0.953125,-0.328125,-0.046875
06.437,-0.921875,-0.171875,0.109375
06.468,-1.015625,-0.171875,0.171875
06.500,-1.0625,-0.1875,0.1875
06.531,-0.875,-0.109375,0.359375
06.562,-1.0,-0.109375,0.421875
06.593,-1.140625,-0.0625,0.484375
06.625,-0.8125,-0.15625,0.65625
06.656,-0.921875,-0.171875,0.59375
06.687,-0.640625,-0.203125,0.75
06.718,-0.34375,-0.171875,0.953125
06.750,-0.53125,-0.1875,0.921875
06.781,-0.46875,-0.25,0.859375
06.812,-0.6875,-0.3125,0.640625
06.843,-0.234375,-0.265625,0.828125
06.875,-0.015625,-0.390625,0.875
06.906,-0.125,-0.28125,0.90625
06.937,0.15625,-0.171875,1.171875
06.968,-0.203125,-0.078125,1.171875
07.000,-0.75,-0.140625,0.796875
07.031,-0.875,-0.1875,0.640625
07.062,-0.796875,-0.296875,0.484375
07.093,-0.859375,-0.40625,0.25
07.125,-1.21875,-0.421875,0.15625
07.156,-0.90625,-0.359375,0.65625
07.187,-0.78125,-0.390625,0.65625
07.218,-0.96875,-0.375,0.515625
07.250,-0.796875,-0.359375,0.765625
07.281,-0.8125,-0.34375,0.734375
07.312,-0.75,-0.28125,0.65625
07.343,-0.5625,-0.28125,0.578125
07.375,-0.34375,-0.21875,0.59375
07.406,-0.109375,-0.203125,0.609375
07.437,-0.28125,-0.15625,0.21875
07.468,-0.421875,0.046875,0.375
07.500,-0.453125,0.15625,0.46875
07.531,-1.03125,0.40625,0.359375
07.562,-0.859375,0.578125,0.53125
07.593,-0.578125,0.578125,0.71875
07.625,-0.9375,0.8125,0.625
07.656,-0.78125,0.84375,0.796875
07.687,-0.828125,0.84375,0.78125
07.718,-1.1875,0.84375,0.515625
07.750,-0.703125,0.84375,1.109375
07.781,-2.0,0.671875,-0.09375
07.812,-1.15625,0.4375,0.203125
07.843,-0.34375,0.25,0.703125
07.875,-0.5625,0.328125,0.578125
07.906,-0.671875,0.53125,0.65625
07.937,-0.65625,0.53125,0.734375
07.968,-0.578125,0.546875,0.859375
08.000,-0.609375,0.609375,0.859375
08.031,-0.90625,0.53125,0.671875
08.062,-0.90625,0.40625,0.53125
08.093,-0.96875,0.3125,0.28125
08.125,-0.84375,0.234375,0.234375
08.156,-0.890625,0.078125,-0.03125
08.187,-0.8125,0.09375,0.0
08.218,-0.796875,0.15625,0.1875
08.250,-0.734375,0.21875,0.328125
08.281,-0.859375,0.21875,0.25
08.312,-1.0625,0.15625,0.078125
08.343,-1.296875,0.1875,-0.015625
08.375,-1.1875,0.1875,-0.25
08.406,-1.015625,0.140625,-0.140625
08.437,-0.859375,0.15625,-0.03125
08.468,-0.796875,0.203125,0.109375
08.500,-0.75,0.234375,0.125
08.531,-0.40625,0.203125,0.1875
08.562,-0.109375,0.296875,-0.28125
08.593,-0.59375,0.34375,-0.875
08.625,-1.609375,0.59375,-1.09375
08.656,-1.59375,0.5625,-0.953125
08.687,-1.25,0.375,-0.421875
08.718,-0.84375,0.296875,0.171875
08.750,-0.703125,0.34375,0.296875
08.781,-0.75,0.15625,0.34375
08.812,-0.625,0.09375,0.359375
08.843,-0.625,0.140625,0.203125
08.875,-0.71875,0.0,-0.125
08.906,-0.859375,-0.09375,-0.40625
08.937,-1.75,-0.1875,-0.703125
08.968,-1.515625,-0.171875,-0.59375
09.000,-0.890625,-0.21875,-0.734375
09.031,-0.84375,-0.171875,-0.71875
09.062,-1.140625,-0.046875,-1.0625
09.093,-0.6875,-0.078125,-1.40625
09.125,-0.75,-0.0625,-1.703125
09.156,-0.6875,-0.015625,-2.0
09.187,-0.171875,0.140625,-1.546875
09.218,-0.140625,0.171875,-1.1875
09.250,0.109375,0.203125,-0.484375
09.281,0.265625,0.1875,-0.21875
09.312,-0.21875,0.09375,-0.203125
09.343,-0.484375,0.15625,0.0
09.375,-0.890625,0.3125,0.0625
09.406,-0.28125,1.15625,0.9375
09.437,1.5625,1.984375,1.984375
09.468,-1.296875,-1.125,0.375
09.500,-0.9375,0.609375,1.171875
09.531,-0.8125,0.40625,1.34375
09.562,-0.515625,0.109375,1.3125
09.593,-0.984375,0.28125,0.828125
09.625,-1.0625,0.25,0.546875
09.656,-1.296875,-0.09375,0.0625
09.687,-1.4375,-0.03125,0.0625
09.718,-1.1875,0.078125,0.3125
09.750,-1.015625,-0.03125,0.375
09.781,-0.984375,0.078125,0.15625
09.812,-1.21875,0.0,0.28125
09.843,-1.359375,-0.046875,0.4375
09.875,-1.46875,-0.21875,0.25
09.906,-1.515625,-0.28125,-0.03125
09.937,-1.375,-0.3125,-0.375
09.968,-1.171875,-0.328125,-0.546875
10.000,-0.875,-0.203125,-0.546875
10.031,-0.421875,0.046875,0.203125
10.062,-0.28125,0.0625,0.234375
10.093,-0.15625,-0.078125,0.421875
10.125,-0.171875,-0.171875,0.359375
10.156,-0.09375,-0.328125,0.171875
10.187,-0.296875,-0.40625,0.03125
10.218,-0.421875,-0.421875,-0.046875
10.250,-0.609375,-0.421875,-0.171875
10.281,-0.8125,-0.5625,-0.234375
10.312,-1.15625,-0.890625,-0.390625
10.343,-1.265625,-1.015625,-0.515625
10.375,-1.265625,-0.96875,-0.375
10.406,-1.140625,-0.890625,-0.046875
10.437,-1.203125,-0.8125,0.0625
10.468,-1.25,-0.78125,0.125
10.500,-1.53125,-0.75,-0.296875
10.531,-1.59375,-0.734375,-0.5
10.562,-1.5,-0.671875,-0.546875
10.593,-1.234375,-0.609375,-0.4375
10.625,-0.71875,-0.453125,-0.15625
10.656,-0.125,-0.296875,-0.046875
10.687,0.09375,-0.28125,0.0
10.718,0.25,-0.421875,0.03125
10.750,0.3125,-0.53125,-0.046875
10.781,-0.03125,-0.71875,-0.5625
10.812,-0.15625,-0.796875,-0.53125
10.843,-0.125,-0.8125,-0.578125
10.875,-0.421875,-0.828125,-0.25
10.906,-0.5,-0.84375,-0.03125
10.937,-0.640625,-0.6875,0.0625
10.968,-1.09375,-0.546875,0.265625
11.000,-1.390625,-0.65625,0.203125
11.031,-1.59375,-0.65625,0.109375
11.062,-1.4375,-0.625,0.09375
11.093,-0.765625,-0.40625,0.03125
11.125,-0.828125,-0.109375,-0.25
11.156,-0.953125,0.0625,-0.453125
11.187,-0.703125,0.3125,-0.65625
11.218,-0.8125,0.3125,-0.703125
11.250,-0.9375,0.15625,-0.734375
11.281,-0.578125,0.015625,-0.65625
11.312,-0.375,-0.078125,-0.515625
11.343,0.265625,-0.171875,-0.03125
11.375,0.078125,-0.09375,0.421875
11.406,-0.78125,0.359375,0.484375
11.437,-1.75,0.125,-0.546875
11.468,-1.6875,-0.03125,-0.625
11.500,-1.625,-0.171875,-0.65625
11.531,-1.5625,-0.40625,-0.671875
11.562,-1.265625,-0.296875,-0.8125
11.593,-0.828125,0.0,-0.484375
11.625,-1.21875,0.375,-0.34375
11.656,-1.28125,0.734375,-0.4375
11.687,-1.328125,0.640625,-0.53125
11.718,-0.796875,0.734375,-0.390625
11.750,-0.296875,0.453125,-0.390625
11.781,-0.40625,0.5625,-0.390625
11.812,-0.4375,0.1875,-1.0
11.843,-0.15625,-0.03125,-1.28125
11.875,0.21875,-0.1875,-1.3125
11.906,-0.03125,-0.046875,-0.671875
11.937,-0.1875,0.015625,-0.515625
11.968,-0.28125,0.453125,-0.359375
12.000,-0.46875,0.515625,-0.421875
12.031,-0.109375,0.234375,-1.046875
12.062,-0.25,0.15625,-1.3125
12.093,-0.328125,0.109375,-1.234375
12.125,-0.28125,0.0625,-1.15625
12.156,-0.1875,0.125,-1.171875
12.187,-0.09375,0.0625,-1.203125
12.218,-0.03125,0.078125,-1.34375
12.250,-0.140625,0.171875,-1.359375
12.281,0.140625,0.671875,-1.21875
12.312,0.53125,0.640625,-1.296875
12.343,0.28125,0.828125,-1.34375
12.375,-0.03125,0.859375,-1.125
12.406,-0.015625,0.65625,-0.8125
12.437,-0.359375,0.578125,-0.796875
12.468,-0.375,0.546875,-0.78125
12.500,-0.140625,0.84375,-0.828125
12.531,-0.09375,1.0,-1.15625
12.562,-0.03125,1.21875,-1.671875
12.593,-0.3125,1.46875,-1.21875
12.625,-0.953125,1.234375,-0.953125
12.656,-1.265625,0.703125,-0.4375
12.687,-0.96875,-0.28125,-0.421875
12.718,-0.21875,-1.515625,0.21875
12.750,-1.0,-0.546875,0.546875
12.781,-0.703125,-0.390625,0.3125
12.812,-1.484375,-0.390625,-0.765625
12.843,-0.90625,-0.25,-0.296875
12.875,-0.5625,-0.4375,0.390625
12.906,-0.46875,-0.296875,0.375
12.937,-0.65625,-0.0625,0.359375
12.968,-0.71875,0.265625,0.1875
13.000,-0.9375,0.421875,-0.296875
13.031,-1.171875,0.515625,-0.4375
13.062,-1.390625,0.796875,-0.6875
13.093,-1.9375,1.0,-1.109375
13.125,-1.453125,1.46875,-0.8125
13.156,-1.34375,1.546875,-0.640625
13.187,-0.34375,1.171875,0.09375
13.218,-1.234375,0.40625,-0.671875
13.250,-1.1875,0.015625,-0.5
13.281,-1.46875,-0.859375,-0.6875
13.312,-0.90625,-0.734375,-0.265625
13.343,-0.890625,-0.546875,-0.421875
13.375,-0.984375,-0.203125,-0.5
13.406,-0.96875,-0.015625,-0.484375
13.437,-0.625,0.390625,-0.484375
13.468,-0.28125,0.671875,-0.21875
13.500,-0.46875,0.875,-0.28125
13.531,-0.90625,1.109375,-0.65625
13.562,-1.28125,0.890625,-1.046875
13.593,-1.046875,1.3125,-1.0
13.625,-1.0,0.828125,-0.953125
13.656,-0.828125,0.96875,-0.84375
13.687,-0.6875,0.390625,-0.734375
13.718,-0.8125,0.390625,-0.703125
13.750,-0.9375,0.421875,-0.390625
13.781,-1.015625,0.515625,-0.15625
13.812,-1.046875,0.71875,0.125
13.843,-1.796875,0.9375,-0.34375
13.875,-1.921875,0.890625,-0.453125
13.906,-2.0,0.40625,-1.109375
13.937,-1.953125,0.359375,-1.140625
13.968,-1.359375,0.25,-0.8125
14.000,-0.9375,0.203125,-1.171875
14.031,-0.71875,0.203125,-1.234375
14.062,-0.421875,0.40625,-1.09375
14.093,-0.234375,0.4375,-0.984375
14.125,-0.078125,0.65625,-0.796875
14.156,0.015625,0.859375,-0.71875
14.187,-0.28125,1.109375,-0.8125
14.218,0.546875,1.375,0.265625
14.250,-0.59375,1.171875,-0.46875
14.281,-0.828125,0.5625,-0.578125
14.312,-0.4375,0.515625,-0.359375
14.343,-0.515625,0.546875,-0.375
14.375,-0.640625,0.46875,-0.484375
14.406,-0.5625,0.4375,-0.46875
14.437,-0.59375,0.296875,-0.796875
14.468,-0.765625,0.265625,-1.09375
14.500,-0.390625,0.28125,-0.875
14.531,-0.140625,0.453125,-0.734375
14.562,0.015625,0.625,-0.8125
14.593,-0.140625,0.6875,-0.890625
14.625,-0.15625,0.859375,-1.15625
14.656,-0.515625,1.03125,-1.4375
14.687,-0.28125,1.125,-1.96875
14.718,0.953125,1.984375,1.984375
14.750,-0.375,1.9375,-0.609375
14.781,0.40625,1.28125,0.140625
14.812,-0.421875,1.09375,-0.765625
14.843,-0.453125,0.90625,-1.015625
14.875,-0.28125,0.9375,-0.71875
14.906,-0.109375,0.921875,-0.515625
14.937,-0.203125,0.921875,-0.640625
14.968,-0.359375,0.9375,-0.765625
15.000,-0.6875,1.046875,-1.21875
15.031,-0.75,1.046875,-1.265625
15.062,-0.90625,0.96875,-1.140625
15.093,-0.90625,0.90625,-1.03125
15.125,-0.953125,0.734375,-0.765625
15.156,-0.859375,0.390625,-0.5
15.187,-0.671875,0.3125,-0.296875
15.218,-0.609375,0.234375,-0.140625
15.250,-0.546875,0.234375,-0.109375
15.281,-0.484375,0.203125,0.125
15.312,-0.453125,0.203125,0.203125
15.343,-0.5,0.21875,0.203125
15.375,-0.59375,0.328125,0.453125
15.406,-0.640625,0.375,0.5
15.437,-0.5625,0.375,0.546875
15.468,-0.515625,0.421875,0.5625
15.500,-0.65625,0.484375,0.5625
15.531,-0.625,0.5625,0.59375
15.562,-0.609375,0.5625,0.515625
15.593,-0.53125,0.515625,0.671875
15.625,-0.4375,0.6875,0.90625
15.656,-0.65625,0.65625,0.640625
15.687,-0.5,0.78125,0.609375
15.718,-0.515625,0.8125,0.453125
15.750,-0.6875,0.703125,0.40625
15.781,-0.65625,0.609375,0.671875
15.812,-0.546875,0.671875,0.65625
15.843,-0.546875,0.6875,0.484375
15.875,-0.5,0.640625,0.5625
15.906,-0.46875,0.671875,0.609375
15.937,-0.515625,0.640625,0.609375
15.968,-0.484375,0.59375,0.625
16.000,-0.390625,0.671875,0.640625
16.031,-0.390625,0.75,0.59375
16.062,-0.375,0.859375,0.59375
16.093,-0.4375,0.796875,0.5625
16.125,-0.375,0.78125,0.578125
16.156,-0.265625,0.78125,0.609375
16.187,-0.1875,0.8125,0.609375
16.218,-0.171875,0.875,0.421875
16.250,-0.234375,0.90625,0.296875
16.281,-0.171875,0.90625,0.3125
16.312,-0.1875,0.90625,0.40625
16.343,-0.171875,0.875,0.4375
16.375,-0.15625,0.890625,0.390625
16.406,-0.171875,0.90625,0.34375
16.437,-0.15625,0.921875,0.375
16.468,-0.109375,0.96875,0.3125
16.500,-0.140625,0.953125,0.3125
16.531,-0.234375,0.984375,0.203125
16.562,-0.375,0.96875,0.171875
16.593,-0.421875,0.921875,0.1875
16.625,-0.390625,0.828125,0.25
16.656,-0.25,0.8125,0.34375
16.687,-0.140625,0.828125,0.421875
16.718,-0.21875,0.875,0.390625
16.750,-0.1875,0.921875,0.40625
16.781,-0.25,0.9375,0.390625
16.812,-0.296875,0.921875,0.390625
16.843,-0.359375,0.890625,0.421875
16.875,-0.40625,0.859375,0.421875
16.906,-0.46875,0.8125,0.359375
16.937,-0.53125,0.8125,0.3125
16.968,-0.515625,0.796875,0.3125
17.000,-0.46875,0.796875,0.34375
17.031,-0.453125,0.8125,0.375
17.062,-0.421875,0.8125,0.390625
17.093,-0.40625,0.828125,0.390625
17.125,-0.4375,0.828125,0.390625
17.156,-0.46875,0.828125,0.421875
17.187,-0.46875,0.828125,0.4375
17.218,-0.484375,0.8125,0.421875
17.250,-0.484375,0.78125,0.421875
17.281,-0.484375,0.765625,0.421875
17.312,-0.5,0.765625,0.421875
17.343,-0.5,0.765625,0.421875
17.375,-0.5,0.765625,0.390625
17.406,-0.484375,0.78125,0.390625
17.437,-0.484375,0.78125,0.40625
17.468,-0.46875,0.78125,0.40625
17.500,-0.484375,0.796875,0.40625
17.531,-0.484375,0.8125,0.4375
17.562,-0.484375,0.796875,0.421875
17.593,-0.484375,0.796875,0.421875
17.625,-0.46875,0.796875,0.40625
17.656,-0.453125,0.796875,0.40625
17.687,-0.484375,0.796875,0.40625
17.718,-0.453125,0.796875,0.40625
17.750,-0.453125,0.796875,0.40625
17.781,-0.46875,0.796875,0.421875
17.812,-0.453125,0.796875,0.4375
17.843,-0.46875,0.828125,0.4375
17.875,-0.4375,0.8125,0.40625
17.906,-0.4375,0.796875,0.390625
17.937,-0.453125,0.78125,0.390625
17.968,-0.46875,0.78125,0.390625
18.000,-0.453125,0.78125,0.40625
18.031,-0.4375,0.8125,0.40625
18.062,-0.4375,0.828125,0.40625
18.093,-0.421875,0.828125,0.40625
18.125,-0.421875,0.828125,0.40625
18.156,-0.46875,0.828125,0.390625
18.187,-0.53125,0.796875,0.421875
18.218,-0.578125,0.828125,0.453125
18.250,-0.875,0.828125,0.390625
18.281,-0.78125,0.796875,0.46875
18.312,-0.75,0.703125,0.578125
18.343,-0.515625,0.53125,0.6875
18.375,-0.46875,0.421875,0.671875
18.406,-0.34375,0.25,0.546875
18.437,-0.25,0.203125,0.546875
18.468,-0.109375,0.09375,0.53125
18.500,-0.09375,0.0625,0.453125
18.531,-0.15625,0.078125,0.40625
18.562,-0.203125,0.109375,0.53125
18.593,-0.328125,0.203125,0.546875
18.625,-0.640625,0.390625,0.4375
18.656,-0.796875,0.578125,-0.046875
18.687,-1.40625,0.765625,-0.28125
18.718,-0.609375,0.859375,0.21875
18.750,-0.59375,1.078125,0.296875
18.781,-0.609375,1.265625,0.21875
18.812,-0.734375,1.421875,0.203125
18.843,-0.703125,1.390625,0.140625
18.875,-0.515625,1.125,0.0
18.906,-0.453125,1.046875,0.078125
18.937,-0.4375,1.046875,0.15625
18.968,-0.4375,0.953125,0.1875
19.000,-0.375,0.984375,0.15625
19.031,-0.453125,0.96875,0.0625
19.062,-0.515625,0.9375,0.03125
19.093,-0.546875,0.875,0.03125
19.125,-0.578125,0.875,0.03125
19.156,-0.640625,0.890625,-0.015625
19.187,-0.78125,1.0,0.234375
19.218,-0.765625,0.96875,0.234375
19.250,-0.734375,0.828125,-0.1875
19.281,-0.8125,0.84375,-0.34375
19.312,-0.203125,1.03125,-0.03125
19.343,-0.296875,1.109375,0.140625
19.375,-0.578125,0.953125,0.015625
19.406,-0.734375,0.921875,0.078125
19.437,-0.75,1.0,0.171875
19.468,-0.6875,1.0,0.0625
19.500,-0.53125,1.109375,-0.171875
19.531,-0.46875,1.109375,-0.296875
19.562,-0.53125,1.046875,-0.421875
19.593,-0.53125,1.109375,-0.3125
19.625,-0.8125,1.015625,-0.296875
19.656,-0.796875,0.921875,-0.328125
19.687,-0.828125,0.90625,-0.421875
19.718,-0.59375,0.890625,-0.59375
19.750,-0.671875,0.828125,-0.578125
19.781,-0.65625,0.6875,-0.65625
19.812,-0.6875,0.578125,-0.5
19.843,-0.796875,0.53125,-0.640625
19.875,-0.671875,0.5,-0.4375
19.906,-0.65625,0.359375,-0.578125
19.937,-0.671875,0.375,-0.765625
19.968,-0.921875,0.28125,0.09375
20.000,-1.015625,0.34375,-0.25
20.031,-0.765625,0.34375,-0.484375
20.062,-0.96875,0.328125,-0.4375
20.093,-1.125,0.46875,-0.28125
20.125,-0.5625,0.203125,0.140625
20.156,-0.296875,-0.078125,0.1875
20.187,-0.4375,-0.390625,0.46875
20.218,-0.453125,-0.59375,0.140625
20.250,-0.9375,-0.765625,-0.25
20.281,-1.234375,-0.5,-0.078125
20.312,-1.046875,-0.46875,0.1875
20.343,-1.171875,-0.375,0.453125
20.375,-1.1875,-0.359375,0.390625
20.406,-0.734375,-0.28125,0.28125
20.437,-1.734375,-0.234375,0.125
20.468,-0.625,-0.328125,-0.03125
20.500,-0.78125,-0.328125,0.109375
20.531,-0.921875,-0.546875,-0.15625
20.562,-0.96875,-0.421875,-0.09375
20.593,-0.59375,-0.375,0.109375
20.625,-0.390625,-0.21875,0.234375
20.656,-0.875,-0.328125,0.25
20.687,-0.75,-0.421875,0.359375
20.718,-0.453125,-0.421875,0.453125
20.750,-0.46875,-0.375,0.609375
20.781,-0.65625,-0.40625,0.59375
20.812,-0.796875,-0.46875,0.375
20.843,-0.828125,-0.484375,0.40625
20.875,-0.59375,-0.328125,0.625
20.906,-0.71875,-0.40625,0.484375
20.937,-0.890625,-0.421875,0.46875
20.968,-0.859375,-0.359375,0.3125
21.000,-1.90625,-0.6875,-0.625
21.031,0.046875,-0.1875,0.6875
21.062,-1.453125,-0.140625,0.21875
21.093,-1.046875,-0.046875,0.46875
21.125,-0.84375,-0.1875,0.640625
21.156,-0.875,-0.09375,0.6875
21.187,-0.84375,-0.171875,0.8125
21.218,-0.96875,-0.25,0.875
21.250,-0.484375,-0.3125,1.140625
21.281,-0.234375,-0.515625,1.078125
21.312,-0.34375,-0.5625,0.890625
21.343,-0.953125,-0.765625,0.234375
21.375,-0.75,-0.78125,0.328125
21.406,-0.453125,-0.65625,0.71875
21.437,-0.59375,-0.484375,0.5625
21.468,-0.828125,-0.359375,0.5
21.500,-1.125,0.078125,0.640625
21.531,-0.859375,0.21875,0.859375
21.562,-0.21875,0.1875,1.0
21.593,-0.453125,0.125,0.9375
21.625,-0.734375,-0.09375,0.65625
21.656,-0.609375,-0.3125,0.609375
21.687,-0.640625,-0.25,0.515625
21.718,-0.8125,-0.03125,0.515625
21.750,0.0,0.25,1.3125
21.781,-0.5625,0.09375,1.015625
21.812,-0.703125,0.078125,0.625
21.843,-0.859375,0.09375,0.265625
21.875,-0.359375,0.203125,0.859375
21.906,-0.078125,0.484375,1.296875
21.937,-0.578125,0.09375,0.84375
21.968,-0.234375,0.21875,0.96875
22.000,-0.109375,0.359375,1.234375
22.031,-0.34375,0.421875,1.078125
22.062,-0.375,0.578125,1.0625
22.093,-0.046875,0.5,1.203125
22.125,-0.078125,0.4375,1.171875
22.156,0.0,0.390625,1.03125
22.187,-0.203125,0.234375,0.890625
22.218,-0.28125,0.0625,0.90625
22.250,-0.28125,0.09375,0.96875
22.281,-0.640625,0.078125,0.625
22.312,-0.921875,0.203125,0.5625
22.343,-0.421875,0.046875,0.609375
22.375,-0.375,0.171875,0.78125
22.406,-0.890625,0.21875,0.65625
22.437,-0.484375,0.109375,0.84375
22.468,-0.140625,0.28125,0.828125
22.500,0.1875,0.53125,1.21875
22.531,0.046875,0.671875,0.984375
22.562,-0.1875,0.78125,0.90625
22.593,-0.546875,0.796875,0.625
22.625,-0.65625,0.671875,0.515625
22.656,-0.5625,0.609375,0.390625
22.687,-0.671875,0.375,0.390625
22.718,-0.734375,0.359375,0.40625
22.750,-0.828125,0.390625,0.34375
22.781,-0.90625,0.390625,0.328125
22.812,-1.015625,0.46875,0.46875
22.843,-0.921875,0.4375,0.515625
22.875,-0.890625,0.40625,0.5
22.906,-0.90625,0.375,0.46875
22.937,-0.921875,0.390625,0.4375
22.968,-0.9375,0.40625,0.40625
23.000,-0.890625,0.421875,0.4375
23.031,-0.859375,0.421875,0.4375
23.062,-0.859375,0.453125,0.453125
23.093,-0.859375,0.453125,0.4375
23.125,-0.84375,0.46875,0.40625
23.156,-0.84375,0.46875,0.40625
23.187,-0.828125,0.484375,0.421875
23.218,-0.8125,0.5,0.390625
23.250,-0.796875,0.515625,0.40625
23.281,-0.796875,0.53125,0.40625
23.312,-0.796875,0.53125,0.390625
23.343,-0.796875,0.53125,0.375
23.375,-0.796875,0.546875,0.375
23.406,-0.78125,0.53125,0.375
23.437,-0.75,0.53125,0.390625
23.468,-0.765625,0.53125,0.375
23.500,-0.765625,0.546875,0.375
23.531,-0.78125,0.546875,0.359375
23.562,-0.78125,0.546875,0.375
23.593,-0.765625,0.5625,0.359375
23.625,-0.75,0.5625,0.359375
23.656,-0.765625,0.5625,0.359375
23.687,-0.78125,0.5625,0.359375
23.718,-0.78125,0.5625,0.359375
23.750,-0.765625,0.5625,0.359375
23.781,-0.78125,0.5625,0.359375
23.812,-0.765625,0.578125,0.359375
23.843,-0.75,0.578125,0.375
23.875,-0.75,0.59375,0.375
23.906,-0.734375,0.59375,0.375
23.937,-0.75,0.609375,0.375
23.968,-0.75,0.609375,0.375
24.000,-0.734375,0.609375,0.375
24.031,-0.71875,0.609375,0.375
24.062,-0.71875,0.609375,0.375
24.093,-0.734375,0.609375,0.375
24.125,-0.71875,0.609375,0.375
24.156,-0.734375,0.625,0.375
24.187,-0.734375,0.625,0.375
24.218,-0.71875,0.625,0.390625
24.250,-0.71875,0.625,0.390625
24.281,-0.71875,0.609375,0.375
24.312,-0.71875,0.609375,0.375
24.343,-0.71875,0.609375,0.375
24.375,-0.71875,0.609375,0.375
24.406,-0.71875,0.609375,0.375
24.437,-0.71875,0.609375,0.375
24.468,-0.71875,0.609375,0.375
24.500,-0.734375,0.609375,0.375
24.531,-0.734375,0.625,0.375
24.562,-0.71875,0.625,0.375
24.593,-0.71875,0.609375,0.375
24.625,-0.71875,0.609375,0.375
24.656,-0.71875,0.609375,0.375
24.687,-0.71875,0.625,0.375
24.718,-0.71875,0.625,0.375
24.750,-0.703125,0.609375,0.375
24.781,-0.71875,0.625,0.375
24.812,-0.703125,0.625,0.375
24.843,-0.703125,0.625,0.390625
24.875,-0.71875,0.625,0.390625
24.906,-0.71875,0.625,0.390625
24.937,-0.703125,0.640625,0.40625
24.968,-0.703125,0.640625,0.40625
25.000,-0.6875,0.640625,0.390625
25.031,-0.6875,0.640625,0.390625
25.062,-0.703125,0.625,0.390625
25.093,-0.703125,0.625,0.375
25.125,-0.703125,0.625,0.390625
25.156,-0.71875,0.625,0.390625
25.187,-0.71875,0.640625,0.390625
25.218,-0.703125,0.640625,0.40625
25.250,-0.6875,0.640625,0.40625
25.281,-0.703125,0.640625,0.40625
25.312,-0.6875,0.640625,0.40625
25.343,-0.671875,0.640625,0.40625
25.375,-0.671875,0.640625,0.421875
25.406,-0.671875,0.640625,0.421875
25.437,-0.6875,0.65625,0.421875
25.468,-0.65625,0.65625,0.421875
25.500,-0.65625,0.640625,0.4375
25.531,-0.65625,0.65625,0.4375
25.562,-0.65625,0.65625,0.40625
25.593,-0.640625,0.671875,0.4375
25.625,-0.640625,0.671875,0.5
25.656,-0.640625,0.671875,0.515625
25.687,-0.671875,0.65625,0.515625
25.718,-1.125,0.5625,0.421875
25.750,-1.265625,0.5,0.3125
25.781,-1.078125,0.421875,0.421875
25.812,-1.0,0.40625,0.46875
25.843,-1.265625,0.28125,0.4375
25.875,-1.09375,0.25,0.40625
25.906,-1.0625,0.21875,0.421875
25.937,-0.953125,0.171875,0.453125
25.968,-0.921875,0.140625,0.453125
26.000,-0.90625,0.078125,0.421875
26.031,-0.84375,0.140625,0.515625
26.062,-0.78125,0.140625,0.46875
26.093,-0.75,0.015625,0.40625
26.125,-0.765625,-0.015625,0.40625
26.156,-0.765625,-0.0625,0.53125
26.187,-0.65625,-0.046875,0.578125
26.218,-0.640625,-0.0625,0.53125
26.250,-0.84375,0.109375,0.671875
26.281,-0.34375,0.0,0.6875
26.312,-0.25,-0.0625,0.625
26.343,-0.09375,0.21875,0.90625
26.375,0.046875,0.15625,0.734375
26.406,-0.15625,0.546875,1.015625
26.437,-0.546875,0.515625,0.875
26.468,-0.515625,0.40625,0.9375
26.500,-0.234375,0.234375,0.90625
26.531,0.0,0.109375,0.890625
26.562,-0.140625,0.21875,0.703125
26.593,0.03125,0.265625,0.609375
26.625,-1.5,-0.046875,0.046875
26.656,-2.0,-0.359375,-0.359375
26.687,-0.828125,-0.640625,0.34375
26.718,-0.9375,-0.34375,0.828125
26.750,-0.796875,-0.234375,1.0
26.781,-0.515625,0.015625,0.9375
26.812,-0.3125,0.109375,0.890625
26.843,-0.359375,0.1875,1.109375
26.875,-0.828125,0.125,0.640625
26.906,-0.9375,-0.015625,0.484375
26.937,-1.140625,-0.125,0.34375
26.968,-1.546875,-0.1875,0.078125
27.000,-1.5,-0.625,-0.109375
27.031,-1.125,-0.453125,0.140625
27.062,-0.859375,-0.40625,0.328125
27.093,-0.390625,-0.109375,1.015625
27.125,-0.140625,-0.015625,1.203125
27.156,-0.0625,0.15625,1.1875
27.187,-1.296875,0.359375,0.84375
27.218,-1.1875,0.453125,0.59375
27.250,-0.921875,-0.125,0.5
27.281,-1.0625,-0.171875,0.328125
27.312,-1.25,0.125,0.34375
27.343,-1.90625,-0.5,-0.40625
27.375,-1.40625,-0.40625,-0.171875
27.406,-0.953125,-0.375,0.203125
27.437,-0.78125,-0.390625,0.265625
27.468,-0.59375,-0.453125,0.4375
27.500,-0.15625,0.125,1.28125
27.531,-0.28125,-0.1875,1.4375
27.562,-0.71875,-0.3125,0.796875
27.593,-1.078125,-0.125,0.8125
27.625,-0.53125,-0.421875,0.671875
27.656,-0.640625,-0.46875,0.640625
27.687,-0.421875,-0.546875,0.15625
27.718,-1.984375,-0.546875,-0.53125
27.750,-1.109375,-0.34375,0.015625
27.781,-0.5625,-0.53125,-0.078125
27.812,-0.59375,-0.296875,0.1875
27.843,-0.65625,-0.296875,0.234375
27.875,-0.796875,-0.375,0.0
27.906,-0.59375,-0.453125,0.078125
27.937,-0.703125,-0.5,0.046875
27.968,-0.59375,-0.59375,0.296875
28.000,-0.65625,-0.703125,0.0625
28.031,-0.71875,-0.625,0.3125
28.062,-0.65625,-0.609375,0.34375
28.093,-0.9375,-0.59375,0.140625
28.125,-0.734375,-0.484375,0.171875
28.156,-0.53125,-0.390625,0.3125
28.187,-0.859375,-0.28125,0.34375
28.218,-0.78125,-0.15625,0.359375
28.250,-0.6875,-0.109375,0.28125
28.281,-0.421875,-0.0625,0.28125
28.312,-0.546875,-0.078125,0.09375
28.343,-0.734375,-0.328125,-0.296875
28.375,-0.5625,-0.34375,-0.28125
28.406,-0.84375,-0.28125,-0.25
28.437,-1.328125,-0.296875,-0.25
28.468,-1.0,-0.125,0.0
28.500,-1.140625,0.125,-0.125
28.531,-1.3125,0.3125,-0.109375
28.562,-1.125,0.578125,0.15625
28.593,-1.1875,0.671875,0.09375
28.625,-1.03125,0.921875,0.125
28.656,-0.71875,1.1875,0.125
28.687,-0.796875,1.328125,0.0
28.718,-0.71875,1.359375,-0.140625
28.750,-0.75,1.28125,-0.21875
28.781,-0.765625,1.140625,-0.234375
28.812,-0.734375,1.015625,-0.125
28.843,-0.703125,0.953125,-0.046875
28.875,-0.6875,0.84375,-0.03125
28.906,-0.71875,0.78125,-0.0625
28.937,-0.765625,0.703125,-0.078125
28.968,-0.75,0.6875,-0.046875
29.000,-0.765625,0.65625,-0.046875
29.031,-0.796875,0.625,-0.0625
29.062,-0.796875,0.609375,-0.0625
29.093,-0.796875,0.59375,-0.09375
29.125,-0.8125,0.609375,-0.046875
29.156,-0.796875,0.59375,-0.046875
29.187,-0.796875,0.578125,-0.078125
29.218,-0.8125,0.578125,-0.09375
29.250,-0.796875,0.59375,-0.09375
29.281,-0.796875,0.59375,-0.15625
29.312,-0.796875,0.609375,-0.15625
29.343,-0.828125,0.625,-0.171875
29.375,-0.84375,0.671875,-0.1875
29.406,-0.84375,0.734375,-0.15625
29.437,-0.765625,0.75,-0.1875
29.468,-0.734375,0.734375,-0.21875
29.500,-0.734375,0.734375,-0.25
29.531,-0.71875,0.71875,-0.234375
29.562,-0.703125,0.71875,-0.203125
29.593,-0.671875,0.703125,-0.203125
29.625,-0.671875,0.6875,-0.203125
29.656,-0.6875,0.6875,-0.203125
29.687,-0.671875,0.703125,-0.203125
29.718,-0.65625,0.734375,-0.203125
29.750,-0.625,0.734375,-0.203125
29.781,-0.640625,0.734375,-0.203125
29.812,-0.609375,0.71875,-0.21875
29.843,-0.609375,0.71875,-0.21875
29.875,-0.609375,0.703125,-0.234375
29.906,-0.625,0.703125,-0.234375
29.937,-0.625,0.703125,-0.234375
29.968,-0.65625,0.71875,-0.25
30.000,-0.65625,0.734375,-0.25
30.031,-0.65625,0.734375,-0.265625
30.062,-0.703125,0.734375,-0.265625
30.093,-0.71875,0.734375,-0.25
30.125,-0.734375,0.75,-0.25
30.156,-0.734375,0.75,-0.234375
30.187,-0.75,0.734375,-0.265625
30.218,-0.75,0.734375,-0.28125
30.250,-0.734375,0.703125,-0.28125
30.281,-0.71875,0.6875,-0.28125
30.312,-0.75,0.6875,-0.296875
30.343,-0.859375,0.6875,-0.359375
30.375,-0.921875,0.703125,-0.40625
30.406,-0.796875,0.71875,-0.28125
30.437,-0.671875,0.765625,0.03125
30.468,-0.625,0.78125,0.15625
30.500,-0.875,0.8125,0.203125
30.531,-0.9375,0.84375,0.28125
30.562,-0.921875,0.84375,0.296875
30.593,-0.9375,0.796875,0.265625
30.625,-0.953125,0.75,0.25
30.656,-0.84375,0.59375,0.203125
30.687,-0.75,0.5,0.40625
30.718,-0.671875,0.453125,0.5
30.750,-0.734375,0.421875,0.625
30.781,-0.765625,0.390625,0.625
30.812,-0.765625,0.265625,0.515625
30.843,-0.671875,0.140625,0.4375
30.875,-0.609375,0.140625,0.515625
30.906,-0.671875,0.4375,0.640625
30.937,-0.671875,0.46875,0.765625
30.968,-0.65625,0.25,0.65625
31.000,-0.625,0.265625,0.6875
31.031,-0.53125,0.140625,0.828125
31.062,-0.65625,0.03125,0.84375
31.093,-0.71875,0.0,0.828125
31.125,-0.78125,0.0,0.78125
31.156,-1.078125,0.0625,0.5625
31.187,-0.34375,-0.015625,0.8125
31.218,-0.265625,-0.015625,0.921875
31.250,-0.328125,0.0,1.015625
31.281,-0.390625,-0.078125,1.03125
31.312,-0.34375,-0.0625,0.953125
31.343,0.015625,-0.046875,1.015625
31.375,0.0,-0.171875,0.96875
31.406,-0.15625,-0.203125,0.859375
31.437,-0.09375,-0.171875,0.90625
31.468,-0.171875,-0.140625,0.84375
31.500,-0.125,-0.171875,0.84375
31.531,-0.203125,-0.046875,0.90625
31.562,-0.359375,0.046875,0.8125
31.593,-0.421875,0.09375,0.9375
31.625,-0.421875,0.109375,0.890625
31.656,-0.296875,0.09375,0.796875
31.687,-0.25,0.03125,0.828125
31.718,-0.1875,-0.0625,0.84375
31.750,-0.28125,0.0,0.765625
31.781,-0.171875,0.03125,0.828125
31.812,-0.21875,0.046875,0.84375
31.843,-0.328125,0.078125,0.796875
31.875,-0.203125,0.078125,0.8125
31.906,-0.015625,0.140625,1.0
31.937,-0.203125,0.09375,0.890625
31.968,-0.203125,0.171875,0.96875
32.000,-0.171875,0.203125,0.984375
32.031,-0.203125,0.203125,0.9375
32.062,0.109375,0.390625,1.53125
32.093,-0.234375,0.34375,1.34375
32.125,-0.328125,0.109375,0.84375
32.156,0.125,0.296875,1.046875
32.187,0.046875,0.296875,0.96875
32.218,0.0,0.28125,0.9375
32.250,0.109375,0.28125,0.984375
32.281,0.171875,0.234375,0.9375
32.312,0.28125,0.21875,0.921875
32.343,0.1875,0.265625,0.953125
32.375,-0.171875,0.328125,1.046875
32.406,-0.078125,0.234375,1.109375
32.437,0.453125,0.234375,0.9375
32.468,0.015625,0.171875,0.90625
32.500,0.046875,0.171875,0.9375
32.531,0.328125,0.296875,1.0
32.562,-0.21875,0.125,0.734375
32.593,-0.578125,0.296875,0.9375
32.625,-0.34375,0.296875,1.140625
32.656,-0.609375,0.28125,1.015625
32.687,-0.640625,0.265625,1.0
32.718,-0.578125,0.203125,0.9375
32.750,-0.671875,0.453125,0.75
32.781,-0.296875,0.34375,0.75
32.812,-0.25,0.359375,0.921875
32.843,-0.21875,0.109375,0.703125
32.875,-0.625,-0.15625,0.5
32.906,-0.59375,-0.21875,0.40625
32.937,-0.625,-0.078125,0.796875
32.968,-0.46875,0.109375,0.921875
33.000,-0.75,0.0,0.78125
33.031,-1.03125,-0.03125,0.59375
33.062,-0.265625,0.15625,0.984375
33.093,-0.4375,0.265625,0.90625
33.125,-0.234375,0.296875,1.375
33.156,-0.390625,0.328125,1.046875
33.187,-0.234375,0.28125,0.984375
33.218,0.0,0.171875,1.078125
33.250,-0.09375,0.015625,0.921875
33.281,-0.9375,-0.09375,0.515625
33.312,0.078125,-0.21875,1.0
33.343,-0.3125,-0.1875,0.984375
33.375,-0.65625,-0.140625,0.796875
33.406,-0.265625,0.046875,0.828125
33.437,-0.3125,0.34375,1.109375
33.468,0.109375,0.390625,1.21875
33.500,0.234375,0.3125,1.1875
33.531,-0.15625,0.125,0.96875
33.562,-0.296875,0.046875,0.921875
33.593,-0.484375,0.03125,0.75
33.625,-0.5,-0.140625,0.828125
33.656,-0.59375,-0.1875,0.8125
33.687,-0.3125,-0.203125,0.796875
33.718,-0.515625,-0.109375,0.796875
33.750,-0.46875,-0.125,1.015625
33.781,-0.484375,0.03125,0.96875
33.812,-0.4375,-0.015625,0.890625
33.843,-0.296875,-0.03125,0.828125
33.875,-0.3125,0.078125,1.046875
33.906,-0.15625,0.171875,1.140625
33.937,-0.265625,0.171875,1.125
33.968,-0.203125,0.15625,1.078125
34.000,-0.21875,-0.0625,0.984375
34.031,-0.734375,-0.09375,0.671875
34.062,-0.09375,-0.140625,0.828125
34.093,-0.375,-0.0625,0.953125
34.125,-0.53125,-0.03125,0.9375
34.156,-0.109375,0.0,1.15625
34.187,-0.140625,0.078125,1.125
34.218,-0.375,0.109375,0.859375
34.250,-0.46875,0.0625,0.609375
34.281,-0.375,0.015625,0.453125
34.312,-0.796875,-0.015625,0.015625
34.343,-1.0,-0.0625,-0.1875
34.375,-0.9375,-0.140625,-0.078125
34.406,-1.0,-0.171875,0.171875
34.437,-0.953125,-0.234375,0.21875
34.468,-1.265625,-0.171875,0.421875
34.500,-1.125,-0.234375,0.484375
34.531,-1.171875,-0.15625,0.515625
34.562,-0.859375,-0.109375,0.65625
34.593,-0.921875,-0.03125,0.625
34.625,-0.84375,0.0625,0.5625
34.656,-1.078125,0.09375,0.484375
34.687,-1.015625,0.25,0.625
34.718,-1.015625,0.0625,0.46875
34.750,-1.109375,0.0625,0.375
34.781,-1.09375,0.015625,0.46875
34.812,-1.078125,-0.078125,0.375
34.843,-0.984375,0.046875,0.53125
34.875,-0.90625,0.03125,0.515625
34.906,-1.015625,0.0,0.34375
34.937,-1.078125,0.078125,0.453125
34.968,-1.03125,0.09375,0.515625
35.000,-1.03125,-0.046875,0.515625
35.031,-1.09375,-0.1875,0.453125
35.062,-1.03125,-0.203125,0.40625
35.093,-0.953125,-0.296875,0.234375
35.125,-0.84375,-0.375,0.265625
35.156,-0.75,-0.359375,0.25
35.187,-0.734375,-0.296875,0.28125
35.218,-0.640625,-0.25,0.28125
35.250,-0.78125,-0.296875,0.078125
35.281,-0.640625,-0.28125,0.171875
35.312,-0.5,-0.3125,0.328125
35.343,-0.53125,-0.359375,0.3125
35.375,-0.609375,-0.40625,0.296875
35.406,-0.640625,-0.40625,0.359375
35.437,-0.71875,-0.46875,0.21875
35.468,-0.84375,-0.46875,0.234375
35.500,-0.640625,-0.46875,0.28125
35.531,-0.828125,-0.421875,0.171875
35.562,-0.875,-0.3125,0.234375
35.593,-1.0,-0.25,0.078125
35.625,-0.984375,-0.1875,0.0625
35.656,-1.09375,-0.171875,-0.046875
35.687,-1.078125,-0.15625,-0.15625
35.718,-1.0625,-0.15625,-0.0625
35.750,-1.078125,-0.078125,-0.0625
35.781,-1.109375,0.015625,-0.1875
35.812,-1.046875,0.015625,-0.25
35.843,-1.109375,0.09375,-0.34375
35.875,-0.984375,0.171875,-0.359375
35.906,-0.96875,0.15625,-0.359375
35.937,-0.984375,0.25,-0.453125
35.968,-1.015625,0.296875,-0.484375
36.000,-0.984375,0.265625,-0.46875
36.031,-0.90625,0.234375,-0.5625
36.062,-0.953125,0.234375,-0.453125
36.093,-0.890625,0.296875,-0.46875
36.125,-0.90625,0.265625,-0.515625
36.156,-0.84375,0.296875,-0.484375
36.187,-0.921875,0.28125,-0.515625
36.218,-0.84375,0.296875,-0.53125
36.250,-0.90625,0.265625,-0.5625
36.281,-0.84375,0.296875,-0.59375
36.312,-0.828125,0.296875,-0.5625
36.343,-0.84375,0.28125,-0.53125
36.375,-0.875,0.296875,-0.53125
36.406,-0.78125,0.328125,-0.515625
36.437,-0.8125,0.3125,-0.5
36.468,-0.78125,0.328125,-0.5625
36.500,-0.8125,0.3125,-0.578125
36.531,-0.75,0.3125,-0.53125
36.562,-0.765625,0.3125,-0.578125
36.593,-0.8125,0.3125,-0.578125
36.625,-0.765625,0.34375,-0.53125
36.656,-0.75,0.359375,-0.546875
36.687,-0.78125,0.34375,-0.53125
36.718,-0.75,0.34375,-0.65625
36.750,-0.734375,0.3125,-0.609375
36.781,-0.734375,0.3125,-0.578125
36.812,-0.734375,0.359375,-0.546875
36.843,-0.75,0.359375,-0.546875
36.875,-0.859375,0.359375,-0.625
36.906,-0.796875,0.390625,-0.609375
36.937,-0.78125,0.40625,-0.59375
36.968,-0.71875,0.421875,-0.59375
37.000,-0.734375,0.4375,-0.578125
37.031,-0.765625,0.453125,-0.609375
37.062,-0.703125,0.390625,-0.546875
37.093,-0.8125,0.359375,-0.59375
37.125,-0.796875,0.328125,-0.546875
37.156,-0.703125,0.28125,-0.484375
37.187,-0.96875,0.3125,-0.5625
37.218,-0.875,0.28125,-0.53125
37.250,-0.875,0.21875,-0.53125
37.281,-0.734375,0.15625,-0.546875
37.312,-0.921875,0.09375,-0.640625
37.343,-0.84375,0.09375,-0.65625
37.375,-0.828125,0.09375,-0.703125
37.406,-0.8125,0.171875,-0.53125
37.437,-0.734375,0.265625,-0.359375
37.468,-0.765625,0.28125,-0.3125
37.500,-0.828125,0.25,-0.5
37.531,-0.84375,0.234375,-0.546875
37.562,-0.84375,0.21875,-0.59375
37.593,-0.8125,0.203125,-0.609375
37.625,-0.8125,0.203125,-0.578125
37.656,-0.8125,0.21875,-0.515625
37.687,-0.828125,0.21875,-0.515625
37.718,-0.84375,0.25,-0.5
37.750,-0.8125,0.265625,-0.5
37.781,-0.84375,0.265625,-0.484375
37.812,-0.859375,0.265625,-0.53125
37.843,-0.890625,0.25,-0.546875
37.875,-0.875,0.265625,-0.421875
37.906,-0.921875,0.203125,-0.46875
37.937,-0.890625,0.1875,-0.546875
37.968,-0.90625,0.125,-0.59375
38.000,-0.796875,0.125,-0.53125
38.031,-0.734375,0.21875,-0.359375
38.062,-0.75,0.375,-0.359375
38.093,-0.8125,0.390625,-0.40625
38.125,-0.84375,0.390625,-0.484375
38.156,-0.828125,0.390625,-0.515625
38.187,-0.96875,0.484375,-0.4375
38.218,-0.859375,0.4375,-0.4375
38.250,-0.90625,0.4375,-0.40625
38.281,-0.796875,0.375,-0.28125
38.312,-0.9375,0.328125,-0.40625
38.343,-0.859375,0.34375,-0.40625
38.375,-0.828125,0.40625,-0.34375
38.406,-1.078125,0.46875,-0.484375
38.437,-0.890625,0.40625,-0.3125
38.468,-0.921875,0.40625,-0.296875
38.500,-0.890625,0.359375,-0.25
38.531,-0.953125,0.40625,-0.3125
38.562,-0.8125,0.40625,-0.203125
38.593,-0.890625,0.421875,-0.25
38.625,-0.859375,0.40625,-0.25
38.656,-0.890625,0.390625,-0.296875
38.687,-0.875,0.390625,-0.296875
38.718,-0.890625,0.40625,-0.296875
38.750,-0.8125,0.390625,-0.265625
38.781,-0.84375,0.40625,-0.296875
38.812,-0.890625,0.390625,-0.3125
38.843,-0.84375,0.390625,-0.328125
38.875,-0.890625,0.390625,-0.34375
38.906,-0.859375,0.390625,-0.34375
38.937,-0.890625,0.375,-0.34375
38.968,-0.875,0.390625,-0.328125
39.000,-0.875,0.40625,-0.328125
39.031,-0.875,0.390625,-0.328125
39.062,-0.84375,0.390625,-0.375
39.093,-0.859375,0.390625,-0.359375
39.125,-0.890625,0.375,-0.359375
39.156,-0.875,0.375,-0.34375
39.187,-0.875,0.390625,-0.375
39.218,-0.859375,0.390625,-0.34375
39.250,-0.859375,0.40625,-0.34375
39.281,-0.859375,0.375,-0.375
39.312,-0.875,0.375,-0.375
39.343,-0.828125,0.390625,-0.359375
39.375,-0.859375,0.40625,-0.359375
39.406,-0.875,0.421875,-0.359375
39.437,-0.84375,0.390625,-0.375
39.468,-0.859375,0.390625,-0.390625
39.500,-0.875,0.390625,-0.390625
39.531,-0.84375,0.40625,-0.359375
39.562,-0.84375,0.40625,-0.359375
39.593,-0.890625,0.40625,-0.40625
39.625,-0.828125,0.390625,-0.390625
39.656,-0.859375,0.40625,-0.390625
39.687,-0.84375,0.390625,-0.390625
39.718,-0.859375,0.40625,-0.390625
39.750,-0.859375,0.40625,-0.390625
39.781,-0.84375,0.40625,-0.390625
39.812,-0.859375,0.40625,-0.390625
39.843,-0.84375,0.390625,-0.390625
39.875,-0.84375,0.421875,-0.375
39.906,-0.859375,0.421875,-0.375
39.937,-0.859375,0.40625,-0.375
39.968,-0.859375,0.40625,-0.390625
40.000,-0.84375,0.40625,-0.375
40.031,-0.84375,0.40625,-0.390625
40.062,-0.84375,0.40625,-0.375
40.093,-0.84375,0.390625,-0.359375
40.125,-0.8125,0.390625,-0.421875
40.156,-0.875,0.421875,-0.40625
40.187,-0.828125,0.40625,-0.375
40.218,-0.84375,0.390625,-0.375
40.250,-0.828125,0.40625,-0.375
40.281,-0.859375,0.421875,-0.390625
40.312,-0.859375,0.40625,-0.390625
40.343,-0.828125,0.40625,-0.375
40.375,-0.828125,0.40625,-0.375
40.406,-0.859375,0.390625,-0.390625
40.437,-0.84375,0.390625,-0.40625
40.468,-0.859375,0.40625,-0.40625
40.500,-0.84375,0.40625,-0.375
40.531,-0.890625,0.40625,-0.359375
40.562,-0.84375,0.390625,-0.359375
40.593,-0.859375,0.40625,-0.359375
40.625,-0.875,0.40625,-0.375
40.656,-0.84375,0.390625,-0.375
40.687,-0.875,0.40625,-0.390625
40.718,-0.828125,0.40625,-0.375
40.750,-0.859375,0.390625,-0.359375
40.781,-0.859375,0.390625,-0.375
40.812,-0.875,0.390625,-0.375
40.843,-0.875,0.40625,-0.375
40.875,-0.84375,0.40625,-0.359375
40.906,-0.875,0.40625,-0.34375
40.937,-0.875,0.40625,-0.359375
40.968,-0.890625,0.40625,-0.359375
41.000,-0.84375,0.40625,-0.328125
41.031,-0.828125,0.40625,-0.34375
41.062,-0.890625,0.40625,-0.375
41.093,-0.828125,0.40625,-0.34375
41.125,-0.890625,0.40625,-0.34375
41.156,-0.875,0.40625,-0.375
41.187,-0.859375,0.390625,-0.375
41.218,-0.875,0.421875,-0.34375
41.250,-0.859375,0.421875,-0.34375
41.281,-0.859375,0.421875,-0.375
41.312,-0.859375,0.421875,-0.328125
41.343,-0.84375,0.40625,-0.328125
41.375,-0.859375,0.40625,-0.375
41.406,-0.859375,0.421875,-0.359375
41.437,-0.84375,0.421875,-0.328125
41.468,-0.859375,0.421875,-0.34375
41.500,-0.859375,0.421875,-0.34375
41.531,-0.875,0.40625,-0.34375
41.562,-0.875,0.421875,-0.34375
41.593,-0.84375,0.4375,-0.328125
41.625,-0.859375,0.4375,-0.328125
41.656,-0.875,0.421875,-0.34375
41.687,-0.859375,0.421875,-0.34375
41.718,-0.84375,0.421875,-0.328125
41.750,-0.859375,0.4375,-0.328125
41.781,-0.875,0.421875,-0.34375
41.812,-0.875,0.421875,-0.34375
41.843,-0.859375,0.40625,-0.328125
41.875,-0.875,0.4375,-0.34375
41.906,-0.84375,0.421875,-0.34375
41.937,-0.828125,0.421875,-0.296875
41.968,-0.859375,0.421875,-0.3125
42.000,-0.875,0.4375,-0.328125
42.031,-0.859375,0.421875,-0.328125
42.062,-0.859375,0.4375,-0.328125
42.093,-0.875,0.4375,-0.328125
42.125,-0.859375,0.4375,-0.328125
42.156,-0.875,0.4375,-0.3125
42.187,-0.875,0.4375,-0.296875
42.218,-0.875,0.4375,-0.3125
42.250,-0.875,0.421875,-0.3125
42.281,-0.875,0.4375,-0.3125
42.312,-0.875,0.4375,-0.3125
42.343,-0.859375,0.4375,-0.3125
42.375,-0.875,0.421875,-0.328125
42.406,-0.875,0.421875,-0.3125
42.437,-0.859375,0.4375,-0.3125
42.468,-0.875,0.4375,-0.3125
42.500,-0.875,0.4375,-0.3125
42.531,-0.875,0.421875,-0.3125
42.562,-0.859375,0.4375,-0.3125
42.593,-0.875,0.4375,-0.3125
42.625,-0.859375,0.421875,-0.3125
42.656,-0.875,0.4375,-0.3125
42.687,-0.859375,0.4375,-0.3125
42.718,-0.859375,0.4375,-0.3125
42.750,-0.875,0.4375,-0.3125
42.781,-0.875,0.4375,-0.3125
42.812,-0.859375,0.421875,-0.3125
42.843,-0.875,0.4375,-0.3125
42.875,-0.875,0.4375,-0.3125
42.906,-0.875,0.421875,-0.328125
42.937,-0.859375,0.421875,-0.3125
42.968,-0.875,0.4375,-0.3125
43.000,-0.875,0.421875,-0.3125
43.031,-0.875,0.4375,-0.3125
43.062,-0.859375,0.4375,-0.3125
43.093,-0.875,0.4375,-0.3125
43.125,-0.875,0.421875,-0.3125
43.156,-0.875,0.4375,-0.3125
43.187,-0.875,0.4375,-0.3125
43.218,-0.875,0.4375,-0.3125
43.250,-0.84375,0.4375,-0.296875
43.281,-0.875,0.4375,-0.296875
43.312,-0.875,0.4375,-0.3125
43.343,-0.875,0.4375,-0.3125
43.375,-0.875,0.4375,-0.3125
43.406,-0.875,0.4375,-0.3125
43.437,-0.875,0.4375,-0.3125
43.468,-0.859375,0.4375,-0.3125
43.500,-0.875,0.4375,-0.3125
43.531,-0.875,0.421875,-0.3125
43.562,-0.875,0.4375,-0.3125
43.593,-0.859375,0.4375,-0.3125
43.625,-0.875,0.4375,-0.3125
43.656,-0.875,0.4375,-0.3125
43.687,-0.875,0.4375,-0.3125
43.718,-0.875,0.4375,-0.3125
43.750,-0.859375,0.4375,-0.3125
43.781,-0.875,0.4375,-0.296875
43.812,-0.859375,0.4375,-0.296875
43.843,-0.875,0.4375,-0.3125
43.875,-0.859375,0.4375,-0.3125
43.906,-0.875,0.4375,-0.3125
43.937,-0.875,0.4375,-0.3125
43.968,-0.875,0.4375,-0.3125
44.000,-0.84375,0.453125,-0.3125
44.031,-0.828125,0.46875,-0.3125
44.062,-0.8125,0.46875,-0.296875
44.093,-0.828125,0.4375,-0.3125
44.125,-0.875,0.4375,-0.328125
44.156,-0.875,0.390625,-0.28125
44.187,-0.921875,0.390625,-0.296875
44.218,-0.90625,0.390625,-0.28125
44.250,-0.921875,0.40625,-0.203125
44.281,-0.9375,0.40625,-0.1875
44.312,-0.90625,0.390625,-0.203125
44.343,-0.921875,0.40625,-0.234375
44.375,-0.921875,0.40625,-0.265625
44.406,-0.859375,0.421875,-0.234375
44.437,-0.84375,0.421875,-0.171875
44.468,-0.9375,0.375,-0.171875
44.500,-0.984375,0.375,-0.125
44.531,-0.984375,0.359375,-0.140625
44.562,-0.9375,0.359375,-0.140625
44.593,-0.96875,0.359375,-0.171875
44.625,-0.984375,0.359375,-0.171875
44.656,-1.0,0.359375,-0.171875
44.687,-1.0,0.34375,-0.1875
44.718,-0.96875,0.359375,-0.1875
44.750,-0.96875,0.375,-0.171875
44.781,-0.9375,0.40625,-0.171875
44.812,-0.90625,0.390625,-0.15625
44.843,-0.9375,0.390625,-0.171875
44.875,-0.953125,0.375,-0.21875
44.906,-0.953125,0.375,-0.203125
44.937,-0.96875,0.359375,-0.203125
44.968,-0.984375,0.34375,-0.21875
45.000,-0.953125,0.328125,-0.1875
45.031,-1.0,0.34375,-0.203125
45.062,-0.984375,0.34375,-0.203125
45.093,-1.03125,0.328125,-0.21875
45.125,-1.015625,0.34375,-0.234375
45.156,-1.03125,0.34375,-0.1875
45.187,-1.03125,0.328125,-0.1875
45.218,-1.0,0.28125,-0.15625
45.250,-1.078125,0.21875,-0.15625
45.281,-1.078125,0.203125,-0.1875
45.312,-1.125,0.171875,-0.171875
45.343,-1.078125,0.125,-0.125
45.375,-1.0625,0.09375,-0.09375
45.406,-1.0625,0.03125,-0.0625
45.437,-1.078125,-0.015625,-0.0625
45.468,-1.109375,-0.09375,-0.109375
45.500,-0.96875,-0.171875,0.09375
45.531,-1.03125,-0.171875,0.046875
45.562,-1.078125,-0.203125,0.015625
45.593,-1.015625,-0.234375,0.046875
45.625,-0.921875,-0.28125,0.125
45.656,-1.0625,-0.359375,0.078125
45.687,-1.0,-0.375,0.09375
45.718,-0.953125,-0.421875,0.1875
45.750,-0.921875,-0.4375,0.109375
45.781,-0.90625,-0.453125,0.125
45.812,-0.921875,-0.46875,0.03125
45.843,-0.890625,-0.484375,0.046875
45.875,-0.671875,-0.46875,0.15625
45.906,-0.609375,-0.453125,0.234375
45.937,-0.765625,-0.34375,0.171875
45.968,-0.703125,-0.328125,0.109375
46.000,-0.765625,-0.34375,0.140625
46.031,-0.78125,-0.265625,0.21875
46.062,-0.796875,-0.25,0.25
46.093,-0.875,-0.234375,0.328125
46.125,-0.765625,-0.234375,0.453125
46.156,-0.828125,-0.203125,0.484375
46.187,-0.84375,-0.1875,0.390625
46.218,-0.859375,-0.21875,0.390625
46.250,-0.796875,-0.109375,0.40625
46.281,-1.0625,-0.0625,0.25
46.312,-0.984375,-0.046875,0.359375
46.343,-1.28125,-0.015625,0.28125
46.375,-1.359375,-0.0625,0.0
46.406,-1.109375,-0.15625,-0.109375
46.437,-0.828125,-0.109375,0.15625
46.468,-0.890625,-0.078125,0.21875
46.500,-0.859375,-0.03125,0.171875
46.531,-0.828125,-0.015625,0.234375
46.562,-1.15625,-0.109375,0.171875
46.593,-1.15625,-0.140625,0.109375
46.625,-1.109375,-0.203125,0.078125
46.656,-1.0,-0.1875,0.09375
46.687,-1.125,-0.15625,0.0625
46.718,-1.09375,-0.140625,0.09375
46.750,-1.0,-0.109375,0.15625
46.781,-1.0,-0.078125,0.21875
46.812,-0.984375,-0.015625,0.25
46.843,-1.03125,0.03125,0.234375
46.875,-1.0,-0.125,0.375
46.906,-1.046875,-0.203125,0.40625
46.937,-0.765625,-0.28125,0.3125
46.968,-1.3125,-0.234375,0.046875
47.000,-1.125,-0.328125,-0.046875
47.031,-1.0,-0.34375,-0.140625
47.062,-1.125,-0.21875,0.03125
47.093,-1.015625,-0.25,0.015625
47.125,-0.78125,-0.203125,0.140625
47.156,-0.921875,-0.171875,0.1875
47.187,-0.609375,-0.109375,0.515625
47.218,-0.96875,-0.125,0.3125
47.250,-1.03125,-0.140625,0.3125
47.281,-1.0,-0.203125,0.140625
47.312,-1.078125,-0.1875,0.15625
47.343,-0.9375,-0.25,0.15625
47.375,-0.90625,-0.234375,0.28125
47.406,-0.75,-0.203125,0.5625
47.437,-1.0,-0.1875,0.421875
47.468,-1.171875,-0.1875,0.328125
47.500,-0.953125,-0.171875,0.34375
47.531,-0.890625,-0.21875,0.5
47.562,-0.53125,-0.171875,0.59375
47.593,-0.4375,-0.03125,0.59375
47.625,-0.40625,-0.015625,0.59375
47.656,-0.625,-0.015625,0.375
47.687,-0.640625,0.0,0.46875
47.718,-0.921875,-0.28125,0.03125
47.750,-1.390625,-0.390625,-0.296875
47.781,-1.3125,-0.359375,-0.15625
47.812,-0.984375,-0.28125,0.28125
47.843,-1.03125,-0.296875,0.1875
47.875,-1.21875,-0.1875,-0.015625
47.906,-1.09375,-0.171875,0.140625
47.937,-1.015625,-0.1875,0.125
47.968,-1.03125,-0.234375,0.125
48.000,-0.96875,-0.21875,0.015625
48.031,-0.921875,-0.21875,0.109375
48.062,-0.9375,-0.234375,0.1875
48.093,-0.96875,-0.265625,0.140625
48.125,-1.015625,-0.28125,0.09375
48.156,-0.96875,-0.296875,0.140625
48.187,-0.859375,-0.21875,0.375
48.218,-1.03125,-0.296875,0.03125
48.250,-1.015625,-0.203125,0.09375
48.281,-0.9375,-0.21875,0.25
48.312,-1.03125,-0.21875,0.125
48.343,-1.078125,-0.234375,0.03125
48.375,-1.015625,-0.234375,0.09375
48.406,-1.03125,-0.234375,0.078125
48.437,-0.984375,-0.234375,0.125
48.468,-1.0,-0.234375,0.109375
48.500,-0.953125,-0.234375,0.15625
48.531,-0.9375,-0.21875,0.125
48.562,-0.984375,-0.203125,0.125
48.593,-0.9375,-0.1875,0.21875
48.625,-0.953125,-0.171875,0.203125
48.656,-1.015625,-0.15625,0.09375
48.687,-1.015625,-0.171875,0.09375
48.718,-1.0,-0.1875,0.125
48.750,-0.984375,-0.1875,0.078125
48.781,-1.015625,-0.1875,0.0625
48.812,-1.0625,-0.171875,0.09375
48.843,-1.0625,-0.140625,0.015625
48.875,-1.03125,-0.125,0.09375
48.906,-1.015625,-0.140625,0.078125
48.937,-1.046875,-0.15625,0.03125
48.968,-1.0625,-0.15625,0.015625
49.000,-1.03125,-0.15625,0.03125
49.031,-0.984375,-0.15625,0.0625
49.062,-1.0,-0.15625,0.015625
49.093,-1.03125,-0.15625,0.03125
49.125,-1.046875,-0.125,0.078125
49.156,-0.921875,-0.109375,0.09375
49.187,-0.890625,-0.09375,0.140625
49.218,-0.953125,-0.09375,0.140625
49.250,-0.90625,-0.125,0.140625
49.281,-1.0625,-0.171875,-0.046875
49.312,-1.09375,-0.1875,-0.078125
49.343,-1.0625,-0.1875,-0.078125
49.375,-1.078125,-0.171875,0.046875
49.406,-1.109375,-0.15625,0.015625
49.437,-1.046875,-0.140625,0.046875
49.468,-0.96875,-0.125,0.0625
49.500,-0.96875,-0.109375,0.03125
49.531,-1.03125,-0.109375,0.09375
49.562,-1.0,-0.109375,0.09375
49.593,-1.0625,-0.140625,0.015625
49.625,-1.046875,-0.171875,0.015625
49.656,-1.0,-0.171875,0.03125
49.687,-0.984375,-0.15625,0.0625
49.718,-1.078125,-0.15625,0.015625
49.750,-1.0625,-0.15625,0.015625
49.781,-1.0,-0.15625,0.03125
49.812,-0.9375,-0.125,0.078125
49.843,-1.03125,-0.140625,-0.015625
49.875,-1.03125,-0.125,0.03125
49.906,-0.96875,-0.125,0.109375
49.937,-1.015625,-0.140625,0.046875
49.968,-0.96875,-0.15625,0.046875
50.000,-0.90625,-0.125,0.078125
50.031,-1.0,-0.140625,0.078125
50.062,-1.03125,-0.15625,0.015625
50.093,-1.03125,-0.140625,0.046875
50.125,-1.078125,-0.125,0.03125
50.156,-1.03125,-0.078125,0.0
50.187,-1.015625,-0.046875,0.03125
50.218,-0.984375,-0.09375,0.09375
50.250,-0.828125,-0.125,0.21875
50.281,-1.25,-0.234375,-0.125
50.312,-1.03125,-0.21875,-0.0625
50.343,-1.125,-0.171875,0.015625
50.375,-0.890625,-0.1875,0.296875
50.406,-1.015625,-0.171875,0.125
50.437,-0.96875,-0.15625,0.015625
50.468,-0.859375,-0.171875,0.1875
50.500,-0.875,-0.21875,0.109375
50.531,-1.125,-0.15625,-0.09375
50.562,-1.078125,-0.140625,0.03125
50.593,-0.984375,-0.171875,0.171875
50.625,-1.015625,-0.21875,-0.1875
50.656,-0.859375,-0.25,-0.203125
50.687,-0.46875,-0.171875,0.328125
50.718,-0.609375,-0.171875,0.375
50.750,-1.0625,-0.28125,-0.0625
50.781,-1.78125,-0.34375,-0.53125
50.812,-1.109375,-0.4375,-0.25
50.843,-1.03125,-0.203125,0.015625
50.875,-1.078125,-0.234375,0.03125
50.906,-1.234375,-0.375,-0.390625
50.937,-0.53125,-0.296875,0.421875
50.968,-0.390625,-0.125,0.390625
51.000,-1.0625,-0.171875,-0.203125
51.031,-0.875,-0.25,-0.03125
51.062,-0.71875,-0.28125,0.109375
51.093,-1.234375,-0.328125,-0.46875
51.125,-1.578125,-0.25,-0.46875
51.156,-1.09375,-0.359375,-0.171875
51.187,-0.953125,-0.328125,-0.015625
51.218,-1.015625,-0.375,-0.046875
51.250,-0.78125,-0.21875,0.0
51.281,-0.765625,-0.265625,0.15625
51.312,-1.09375,-0.1875,-0.09375
51.343,-0.921875,-0.203125,-0.03125
51.375,-1.0,-0.28125,-0.078125
51.406,-1.078125,-0.28125,-0.140625
51.437,-0.890625,-0.296875,-0.03125
51.468,-0.921875,-0.296875,-0.0625
51.500,-0.84375,-0.28125,0.0625
51.531,-1.21875,-0.375,-0.375
51.562,-0.90625,-0.28125,-0.09375
51.593,-0.703125,-0.265625,-0.015625
51.625,-0.984375,-0.265625,-0.328125
51.656,-1.171875,-0.265625,-0.40625
51.687,-0.734375,-0.296875,-0.15625
51.718,-1.078125,-0.234375,-0.328125
51.750,-1.3125,-0.3125,-0.46875
51.781,-0.984375,-0.25,-0.4375
51.812,-0.96875,-0.203125,-0.4375
51.843,-0.984375,-0.03125,-0.109375
51.875,-1.265625,-0.140625,-0.25
51.906,-1.28125,-0.125,-0.359375
51.937,-0.953125,-0.1875,-0.390625
51.968,-0.8125,-0.203125,-0.28125
52.000,-1.046875,-0.046875,-0.21875
52.031,-1.109375,-0.03125,-0.203125
52.062,-0.859375,0.1875,0.109375
52.093,-1.1875,0.328125,-0.03125
52.125,-1.15625,0.359375,-0.046875
52.156,-0.875,0.390625,0.203125
52.187,-0.8125,0.296875,0.265625
52.218,-0.71875,0.203125,0.375
52.250,-0.734375,0.109375,0.359375
52.281,-0.765625,0.078125,0.390625
52.312,-0.625,-0.140625,0.5625
52.343,-0.640625,-0.203125,0.640625
52.375,-0.78125,-0.359375,0.640625
52.406,-0.859375,-0.359375,0.796875
52.437,-0.9375,-0.34375,0.8125
52.468,-1.203125,-0.265625,0.671875
52.500,-1.21875,-0.25,0.609375
52.531,-1.0,-0.203125,0.453125
52.562,-0.921875,-0.140625,0.546875
52.593,-0.921875,-0.125,0.5625
52.625,-0.8125,-0.125,0.46875
52.656,-0.703125,-0.109375,0.375
52.687,-0.75,-0.03125,0.296875
52.718,-0.640625,0.03125,0.359375
52.750,-0.734375,0.09375,0.4375
52.781,-0.734375,0.296875,0.5625
52.812,-0.6875,0.359375,0.625
52.843,-0.734375,0.515625,0.671875
52.875,-0.734375,0.5625,0.71875
52.906,-0.65625,0.578125,0.71875
52.937,-0.6875,0.65625,0.71875
52.968,-0.734375,0.6875,0.703125
53.000,-0.625,0.796875,0.734375
53.031,-0.640625,0.703125,0.59375
53.062,-0.640625,0.640625,0.546875
53.093,-0.640625,0.59375,0.578125
53.125,-0.625,0.65625,0.625
53.156,-0.609375,0.625,0.671875
53.187,-0.703125,0.5625,0.75
53.218,-0.703125,0.53125,0.78125
53.250,-0.625,0.453125,0.6875
53.281,-0.640625,0.40625,0.640625
53.312,-0.734375,0.40625,0.578125
53.343,-0.71875,0.390625,0.59375
53.375,-0.734375,0.390625,0.609375
53.406,-0.734375,0.390625,0.609375
53.437,-0.75,0.375,0.609375
53.468,-0.734375,0.359375,0.609375
53.500,-0.734375,0.34375,0.609375
53.531,-0.734375,0.328125,0.609375
53.562,-0.703125,0.328125,0.625
53.593,-0.703125,0.3125,0.625
53.625,-0.734375,0.296875,0.609375
53.656,-0.75,0.3125,0.625
53.687,-0.734375,0.3125,0.640625
53.718,-0.734375,0.28125,0.65625
53.750,-0.734375,0.28125,0.671875
53.781,-0.75,0.296875,0.6875
53.812,-0.734375,0.296875,0.734375
53.843,-0.671875,0.296875,0.734375
53.875,-0.75,0.328125,0.734375
53.906,-0.78125,0.3125,0.640625
53.937,-0.84375,0.25,0.578125
53.968,-0.765625,0.28125,0.640625
54.000,-0.875,0.296875,0.515625
54.031,-0.8125,0.234375,0.34375
54.062,-1.015625,0.21875,0.3125
54.093,-0.96875,0.109375,0.328125
54.125,-0.765625,0.1875,0.40625
54.156,-0.6875,0.125,0.21875
54.187,-0.875,0.28125,0.0625
54.218,-0.84375,0.21875,0.0
54.250,-1.125,0.3125,-0.109375
54.281,-1.3125,0.265625,-0.15625
54.312,-1.171875,0.21875,-0.078125
54.343,-1.015625,0.3125,0.234375
54.375,-0.953125,0.234375,0.1875
54.406,-1.0625,0.328125,0.03125
54.437,-0.90625,0.375,0.125
54.468,-0.875,0.40625,0.171875
54.500,-0.984375,0.421875,0.09375
54.531,-1.0625,0.4375,0.125
54.562,-1.0625,0.4375,-0.015625
54.593,-0.9375,0.5,0.140625
54.625,-0.71875,0.484375,0.34375
54.656,-0.875,0.5,0.015625
54.687,-0.875,0.515625,-0.015625
54.718,-0.8125,0.484375,0.0
54.750,-0.84375,0.484375,0.03125
54.781,-0.984375,0.5,0.078125
54.812,-0.765625,0.46875,0.03125
54.843,-0.90625,0.5,-0.140625
54.875,-0.9375,0.453125,-0.140625
54.906,-0.765625,0.515625,0.0625
54.937,-0.515625,0.484375,0.203125
54.968,-0.609375,0.859375,0.015625
55.000,-0.78125,0.984375,-0.109375
55.031,-0.515625,0.96875,-0.484375
55.062,-0.5,1.203125,-0.171875
55.093,-0.5625,1.21875,-0.15625
55.125,-0.5,1.25,-0.015625
55.156,-0.4375,1.203125,0.046875
55.187,-0.375,1.171875,0.09375
55.218,-0.359375,1.15625,0.078125
55.250,-0.46875,1.140625,0.0
55.281,-0.5,1.109375,0.03125
55.312,-0.609375,1.078125,0.015625
55.343,-0.65625,0.984375,-0.03125
55.375,-0.71875,1.015625,-0.09375
55.406,-0.5,1.140625,-0.03125
55.437,-0.40625,1.109375,-0.140625
55.468,-0.4375,1.125,-0.1875
55.500,-0.53125,0.953125,-0.1875
55.531,-0.546875,0.8125,-0.140625
55.562,-0.5,0.71875,-0.015625
55.593,-0.46875,0.84375,0.234375
55.625,-0.375,0.890625,0.375
55.656,-0.265625,0.875,0.40625
55.687,-0.28125,0.859375,0.375
55.718,-0.375,0.921875,0.296875
55.750,-0.171875,1.03125,0.234375
55.781,-0.109375,1.078125,0.171875
55.812,-0.0625,1.015625,0.203125
55.843,0.171875,0.9375,0.234375
55.875,0.140625,0.921875,-0.015625
55.906,0.25,0.875,-0.03125
55.937,0.25,0.875,0.03125
55.968,0.109375,0.953125,0.0625
56.000,-0.078125,1.0,0.09375
56.031,-0.09375,1.03125,0.1875
56.062,-0.125,1.078125,0.3125
56.093,-0.203125,1.03125,0.28125
56.125,-0.234375,1.015625,0.328125
56.156,-0.1875,0.984375,0.375
56.187,-0.140625,1.0,0.5
56.218,-0.0625,1.015625,0.5625
56.250,-0.015625,1.0,0.546875
56.281,0.046875,1.03125,0.53125
56.312,0.03125,1.03125,0.46875
56.343,0.046875,1.015625,0.375
56.375,0.0,0.96875,0.328125
56.406,0.0,0.953125,0.3125
56.437,-0.03125,0.921875,0.234375
56.468,-0.0625,0.90625,0.15625
56.500,-0.21875,0.84375,0.03125
56.531,-0.375,0.84375,-0.03125
56.562,-0.3125,0.859375,-0.125
56.593,-0.5,1.125,-0.046875
56.625,-0.578125,0.796875,0.03125
56.656,-0.40625,0.59375,0.0
56.687,0.046875,1.15625,0.140625
56.718,0.296875,1.34375,0.203125
56.750,0.359375,1.046875,0.3125
56.781,0.234375,0.90625,0.234375
56.812,0.1875,0.921875,0.125
56.843,-0.296875,0.84375,-0.09375
56.875,-0.28125,0.921875,-0.0625
56.906,-0.546875,1.0625,-0.015625
56.937,-0.875,0.984375,-0.234375
56.968,-0.5625,0.921875,-0.125
57.000,-0.453125,0.859375,-0.171875
57.031,-0.4375,0.890625,-0.15625
57.062,-0.3125,0.96875,-0.140625
57.093,-0.359375,1.0,-0.28125
57.125,-0.15625,1.125,-0.28125
57.156,-0.203125,1.125,-0.390625
57.187,-0.40625,1.484375,-0.4375
57.218,0.140625,1.421875,-0.203125
57.250,0.3125,1.234375,-0.203125
57.281,0.1875,1.0,-0.015625
57.312,-0.03125,0.875,-0.234375
57.343,-0.140625,0.8125,-0.484375
57.375,-0.09375,0.796875,-0.5625
57.406,0.09375,0.734375,-0.5
57.437,0.1875,0.59375,-0.59375
57.468,0.0,0.640625,-0.71875
57.500,0.15625,0.578125,-0.296875
57.531,0.1875,0.8125,-0.234375
57.562,0.171875,0.890625,-0.3125
57.593,0.140625,0.9375,-0.4375
57.625,0.171875,0.890625,-0.53125
57.656,0.015625,0.890625,-0.46875
57.687,0.25,0.875,-0.53125
57.718,0.1875,0.875,-0.625
57.750,0.0625,0.953125,-0.53125
57.781,-0.140625,0.90625,-0.515625
57.812,-0.359375,1.015625,-0.53125
57.843,-0.015625,1.0,-0.09375
57.875,0.125,0.953125,0.015625
57.906,0.046875,1.109375,-0.328125
57.937,-0.171875,1.09375,-0.28125
57.968,-0.171875,1.1875,0.015625
58.000,-0.0625,1.03125,-0.078125
58.031,0.015625,1.015625,-0.109375
58.062,-0.09375,0.875,-0.3125
58.093,-0.109375,0.8125,-0.359375
58.125,0.078125,0.734375,-0.375
58.156,-0.046875,0.6875,-0.375
58.187,-0.09375,0.71875,-0.3125
58.218,-0.1875,0.796875,-0.328125
58.250,-0.1875,0.84375,-0.453125
58.281,-0.25,0.78125,-0.78125
58.312,-0.484375,0.90625,-0.09375
58.343,-0.375,1.0,-0.25
58.375,-0.328125,1.421875,0.328125
58.406,-0.265625,1.359375,0.296875
58.437,0.34375,1.140625,-0.265625
58.468,0.4375,1.1875,-0.578125
58.500,0.4375,1.0625,-0.640625
58.531,0.3125,0.921875,-0.40625
58.562,0.046875,0.78125,-0.46875
58.593,-0.203125,0.625,-0.359375
58.625,-0.09375,0.8125,-0.140625
58.656,-0.109375,0.890625,-0.21875
58.687,0.09375,1.015625,-0.25
58.718,0.09375,0.96875,-0.296875
58.750,-0.015625,0.828125,-0.4375
58.781,-0.0625,0.828125,-0.515625
58.812,-0.03125,0.875,-0.5
58.843,-0.03125,0.953125,-0.390625
58.875,-0.109375,0.96875,-0.359375
58.906,-0.3125,1.265625,-0.5
58.937,-0.25,1.390625,-0.1875
58.968,0.09375,1.046875,0.203125
59.000,0.296875,0.78125,0.21875
59.031,0.015625,0.90625,0.078125
59.062,-0.40625,1.109375,-0.21875
59.093,-0.328125,1.109375,-0.109375
59.125,-0.375,1.046875,-0.078125
59.156,0.046875,1.109375,0.078125
59.187,-0.09375,1.046875,-0.046875
59.218,-0.125,0.921875,-0.125
59.250,-0.140625,0.796875,-0.203125
59.281,-0.296875,0.734375,-0.28125
59.312,-0.40625,0.703125,-0.359375
59.343,-0.453125,0.71875,-0.40625
59.375,-0.5625,0.78125,-0.453125
59.406,-0.59375,0.8125,-0.375
59.437,-0.515625,0.828125,-0.25
59.468,-0.53125,0.8125,-0.03125
59.500,-0.46875,0.796875,0.03125
59.531,-0.515625,0.84375,0.0
59.562,-0.46875,1.015625,-0.109375
59.593,-0.28125,1.078125,-0.296875
59.625,-0.390625,1.375,-0.53125
59.656,-0.46875,1.203125,-0.796875
59.687,0.21875,0.9375,-0.59375
59.718,0.359375,0.921875,-0.4375
59.750,0.1875,0.84375,-0.546875
59.781,0.015625,0.8125,-0.640625
59.812,-0.03125,0.765625,-0.625
59.843,-0.03125,0.734375,-0.453125
59.875,-0.0625,0.734375,-0.375
59.906,-0.203125,0.734375,-0.265625
59.937,-0.21875,0.8125,-0.171875
59.968,-0.140625,0.890625,-0.03125
