timestamp,x,y,z,roll,pitch,yaw
00.011,-0.00028344148,-0.00080939644,7.2082104e-05,-0.0,0.0,0.0
00.030,0.00032742377,-0.00080939644,-0.00053878315,-0.0,-0.0,0.0
00.070,0.00032742377,0.00041233405,7.2082104e-05,-0.0,-0.0,0.0
00.111,0.00032742377,0.0010231993,0.00068294734,-0.0,-0.0,0.0
00.131,0.00032742377,0.0010231993,0.00068294734,-0.0,-0.0,0.0
00.172,-0.0008943067,-0.00080939644,0.0012938126,-0.0,0.0,0.0
00.212,0.00032742377,-0.0014202617,7.2082104e-05,-2.7817728e-07,-6.413033e-08,-1.4118256e-08
00.231,0.00093828904,0.00041233405,0.00068294734,-0.0,-0.0,0.0
00.272,0.00032742377,-0.0014202617,0.00068294734,-0.0,-0.0,-0.0
00.312,-0.00028344148,0.00041233405,7.2082104e-05,0.0,-0.0,-0.0
00.336,-0.00028344148,0.00041233405,0.00068294734,0.0,-0.0,-0.0
00.372,-0.00028344148,-0.00019853121,7.2082104e-05,-0.0,0.0,0.0
00.411,0.00032742377,0.00041233405,-0.00053878315,0.0,-0.0,0.0
00.432,0.00093828904,0.0010231993,7.2082104e-05,-0.0,-0.0,0.0
00.471,0.00032742377,0.00041233405,-0.00053878315,0.0,-0.0,0.0
00.511,0.00032742377,0.00041233405,0.00068294734,-0.0,-0.0,0.0
00.532,-0.00028344148,0.00041233405,-0.00053878315,-0.0,0.0,0.0
00.572,-0.00028344148,-0.0014202617,-0.00053878315,-0.0,-0.0,0.0
00.612,-0.00028344148,0.00041233405,0.00068294734,4.6854428e-08,3.2208078e-08,-7.760482e-08
00.633,0.00093828904,0.00041233405,7.2082104e-05,-0.0,-0.0,0.0
00.674,0.00032742377,-0.0014202617,7.2082104e-05,-0.0,-0.0,-0.0
00.712,0.0015491543,0.0010231993,0.00068294734,-0.0,-0.0,0.0
00.732,0.0015491543,-0.00080939644,-0.0011496485,-0.0,-0.0,0.0
00.774,-0.00028344148,0.0016340646,7.2082104e-05,0.0,-0.0,-0.0
00.812,-0.0008943067,-0.00019853121,-0.00053878315,-0.0,-0.0,0.0
00.831,-0.0008943067,-0.0014202617,-0.00053878315,-0.0,-0.0,0.0
00.872,-0.00028344148,-0.00080939644,0.0012938126,-0.0,0.0,0.0
00.913,-0.00028344148,-0.00019853121,7.2082104e-05,-0.0,0.0,0.0
00.932,0.00032742377,0.00041233405,-0.00053878315,0.0,-0.0,0.0
00.972,-0.00028344148,-0.00019853121,0.00068294734,-0.0,0.0,0.0
01.011,0.00093828904,0.00041233405,-0.0011496485,0.0,-0.0,0.0
01.051,-0.00028344148,-0.0014202617,7.2082104e-05,-0.0,0.0,0.0
01.071,0.00093828904,-0.00080939644,0.00068294734,-0.0,-0.0,-0.0
01.111,0.00032742377,0.00041233405,-0.00053878315,0.0,-0.0,0.0
01.152,-0.0008943067,-0.00080939644,-0.00053878315,-1.435136e-07,1.5856898e-07,9.553133e-08
01.172,-0.0008943067,-0.00019853121,0.0012938126,-0.0,0.0,0.0
01.212,-0.00028344148,-0.00080939644,7.2082104e-05,-0.0,0.0,0.0
01.251,-0.0008943067,-0.00019853121,7.2082104e-05,-0.0,0.0,0.0
01.270,0.00032742377,0.00041233405,7.2082104e-05,-0.0,-0.0,0.0
01.316,-0.0008943067,-0.00080939644,7.2082104e-05,-0.0,0.0,0.0
01.350,0.00093828904,-0.00019853121,7.2082104e-05,-0.0,-0.0,-0.0
01.370,-0.00028344148,-0.00019853121,-0.00053878315,-0.0,-0.0,0.0
01.411,0.00032742377,-0.00080939644,7.2082104e-05,-0.0,-0.0,-0.0
01.451,0.00032742377,-0.00080939644,-0.00053878315,-0.0,-0.0,0.0
01.472,-0.00028344148,-0.00019853121,7.2082104e-05,-0.0,0.0,0.0
01.510,0.0015491543,0.0010231993,7.2082104e-05,-0.0,-0.0,0.0
01.551,0.00093828904,-0.00019853121,7.2082104e-05,-2.5627651e-08,-1.2112022e-07,-9.304811e-09
01.572,0.00032742377,0.0016340646,0.00068294734,-0.0,-0.0,0.0
01.630,-0.0008943067,-0.00019853121,-0.00053878315,-0.0,-0.0,0.0
01.653,0.00032742377,0.0010231993,0.0012938126,-0.0,-0.0,0.0
01.673,0.00093828904,0.0010231993,0.00068294734,-0.0,-0.0,0.0
01.714,0.00032742377,-0.00019853121,-0.00053878315,-0.0,-0.0,0.0
01.751,-0.0008943067,0.00041233405,0.00068294734,0.0,-0.0,-0.0
01.772,-0.00028344148,-0.00019853121,0.00068294734,-0.0,0.0,0.0
01.811,0.00032742377,0.0010231993,-0.00053878315,0.0,-0.0,0.0
01.852,-0.00028344148,0.00041233405,7.2082104e-05,0.0,-0.0,-0.0
01.892,-0.00028344148,-0.00019853121,7.2082104e-05,-0.0,0.0,0.0
01.912,0.00032742377,0.00041233405,-0.00053878315,0.0,-0.0,0.0
01.951,0.00032742377,-0.00019853121,7.2082104e-05,-1.038242e-08,-1.7123005e-08,-3.769617e-09
01.992,0.00032742377,0.00041233405,-0.00053878315,0.0,-0.0,0.0
02.012,-0.00028344148,-0.00019853121,7.2082104e-05,-0.0,0.0,0.0
02.051,0.00093828904,-0.00019853121,0.0012938126,-0.0,-0.0,-0.0
02.075,0.00093828904,-0.0014202617,-0.00053878315,-0.0,-0.0,0.0
02.111,0.00093828904,-0.0014202617,7.2082104e-05,-0.0,-0.0,-0.0
02.150,0.00032742377,0.0010231993,-0.00053878315,0.0,-0.0,0.0
02.192,0.00032742377,-0.00080939644,-0.00053878315,-0.0,-0.0,0.0
02.212,0.00032742377,-0.00080939644,7.2082104e-05,-0.0,-0.0,-0.0
02.252,-0.0008943067,-0.00019853121,0.00068294734,-0.0,0.0,0.0
02.291,0.00032742377,0.00041233405,-0.00053878315,0.0,-0.0,0.0
02.311,-0.00028344148,-0.00080939644,7.2082104e-05,-0.0,0.0,0.0
02.354,-0.0008943067,0.0010231993,0.00068294734,0.0,-0.0,-0.0
02.390,0.0015491543,-0.00019853121,7.2082104e-05,-0.0,-0.0,-0.0
02.411,-0.00028344148,0.00041233405,7.2082104e-05,0.0,-0.0,-0.0
02.452,-0.0008943067,0.00041233405,7.2082104e-05,0.0,-0.0,-0.0
02.490,0.00032742377,-0.00080939644,7.2082104e-05,-9.517379e-08,-3.850049e-08,-8.475857e-09
02.530,-0.0008943067,0.0010231993,-0.00053878315,-0.0,0.0,0.0
02.551,-0.00028344148,-0.0014202617,7.2082104e-05,-0.0,0.0,0.0
02.591,0.00093828904,-0.00080939644,7.2082104e-05,-0.0,-0.0,-0.0
02.612,-0.001505172,-0.0014202617,-0.00053878315,-0.0,-0.0,0.0
02.649,0.00093828904,-0.00019853121,-0.00053878315,-0.0,-0.0,0.0
02.691,-0.00028344148,0.0010231993,-0.0011496485,-0.0,0.0,0.0
02.732,-0.00028344148,-0.00080939644,7.2082104e-05,-0.0,0.0,0.0
02.752,0.00093828904,0.00041233405,7.2082104e-05,-0.0,-0.0,0.0
02.791,-0.00028344148,-0.00019853121,0.00068294734,-0.0,0.0,0.0
02.831,0.00032742377,0.00041233405,-0.00053878315,0.0,-0.0,0.0
02.851,0.00032742377,-0.00080939644,0.00068294734,-0.0,-0.0,-0.0
02.892,-0.001505172,-0.0014202617,7.2082104e-05,-3.9472957e-07,4.1832845e-07,-2.0033507e-08
02.931,-0.00028344148,0.00041233405,-0.00053878315,-0.0,0.0,0.0
02.951,-0.00028344148,-0.00019853121,7.2082104e-05,-0.0,0.0,0.0
02.991,0.00032742377,0.00041233405,-0.00053878315,0.0,-0.0,0.0
03.031,-0.00028344148,-0.00080939644,7.2082104e-05,-9.349317e-08,3.2740253e-08,-8.326183e-09
03.051,-0.00028344148,-0.00080939644,7.2082104e-05,-0.0,0.0,0.0
03.090,-0.0008943067,-0.00080939644,7.2082104e-05,-0.0,0.0,0.0
03.130,0.00032742377,-0.00019853121,7.2082104e-05,-0.0,-0.0,-0.0
03.151,-0.00028344148,0.00041233405,7.2082104e-05,0.0,-0.0,-0.0
03.192,-0.0008943067,0.00041233405,-0.00053878315,-0.0,0.0,0.0
03.231,-0.0008943067,-0.00019853121,7.2082104e-05,-0.0,0.0,0.0
03.250,-0.0008943067,-0.00080939644,7.2082104e-05,-0.0,0.0,0.0
03.291,0.00032742377,0.0016340646,-0.00053878315,0.0,-0.0,0.0
03.332,-0.0008943067,-0.00080939644,7.2082104e-05,-0.0,0.0,0.0
03.352,0.00032742377,0.00041233405,0.00068294734,-0.0,-0.0,0.0
03.391,0.00093828904,-0.00019853121,-0.0011496485,-0.0,-0.0,0.0
03.432,-0.0008943067,-0.00019853121,7.2082104e-05,-2.4485644e-08,1.10298394e-07,-8.89017e-09
03.453,-0.00028344148,-0.0014202617,-0.00053878315,-0.0,-0.0,0.0
03.491,0.0015491543,0.00041233405,7.2082104e-05,-0.0,-0.0,0.0
03.531,-0.0008943067,0.00041233405,7.2082104e-05,0.0,-0.0,-0.0
03.573,0.00032742377,0.0010231993,7.2082104e-05,1.4786838e-07,-4.731788e-08,-1.0416993e-08
03.591,-0.0008943067,-0.0014202617,0.0012938126,-0.0,0.0,0.0
03.631,-0.0008943067,-0.00019853121,0.00068294734,-0.0,0.0,0.0
03.671,-0.001505172,-0.0014202617,7.2082104e-05,-0.0,0.0,0.0
03.691,0.00093828904,0.00041233405,7.2082104e-05,-0.0,-0.0,0.0
03.732,-0.00028344148,0.0010231993,7.2082104e-05,0.0,-0.0,-0.0
03.771,-0.00028344148,0.00041233405,7.2082104e-05,0.0,-0.0,-0.0
03.791,-0.0008943067,0.00041233405,0.00068294734,0.0,-0.0,-0.0
03.830,-0.00028344148,-0.00080939644,0.00068294734,-1.1909719e-07,4.1706496e-08,-1.0049106e-07
03.870,-0.00028344148,-0.00019853121,7.2082104e-05,-0.0,0.0,0.0
03.890,-0.00028344148,-0.00019853121,7.2082104e-05,-0.0,0.0,0.0
03.932,0.00032742377,-0.00019853121,0.00068294734,-0.0,-0.0,-0.0
03.971,-0.00028344148,-0.00080939644,7.2082104e-05,-9.349317e-08,3.2740253e-08,-8.326183e-09
03.991,-0.0008943067,0.00041233405,-0.0011496485,-0.0,0.0,0.0
04.031,0.00032742377,-0.0014202617,-0.00053878315,-0.0,-0.0,0.0
04.071,-0.00028344148,0.00041233405,-0.00053878315,-0.0,0.0,0.0
04.091,0.00093828904,0.00041233405,7.2082104e-05,-0.0,-0.0,0.0
04.131,0.00032742377,-0.00019853121,-0.00053878315,-0.0,-0.0,0.0
04.171,0.00032742377,0.00041233405,-0.00053878315,0.0,-0.0,0.0
04.211,0.00032742377,-0.00019853121,7.2082104e-05,-0.0,-0.0,-0.0
04.231,-0.0008943067,-0.0026419922,0.00068294734,-0.0,0.0,0.0
04.274,0.00032742377,0.0010231993,0.00068294734,-0.0,-0.0,0.0
04.310,-0.00028344148,-0.00019853121,7.2082104e-05,-0.0,0.0,0.0
04.331,0.00032742377,-0.002031127,-0.00053878315,-0.0,-0.0,0.0
04.370,0.00032742377,-0.00080939644,7.2082104e-05,-9.517379e-08,-3.850049e-08,-8.475857e-09
04.412,0.00032742377,-0.00080939644,7.2082104e-05,-0.0,-0.0,-0.0
04.431,-0.00028344148,-0.00019853121,0.00068294734,-0.0,0.0,0.0
04.471,0.0015491543,0.00041233405,-0.0011496485,0.0,-0.0,0.0
04.511,-0.0008943067,-0.00080939644,7.2082104e-05,-1.3126922e-07,1.4504009e-07,-1.1690382e-08
04.532,-0.00028344148,-0.00080939644,-0.00053878315,-0.0,-0.0,0.0
04.570,0.00032742377,-0.00019853121,7.2082104e-05,-0.0,-0.0,-0.0
04.610,-0.0008943067,-0.00080939644,-0.00053878315,-0.0,-0.0,0.0
04.631,-0.00028344148,-0.00019853121,0.00068294734,-0.0,0.0,0.0
04.670,0.00032742377,-0.00019853121,7.2082104e-05,-0.0,-0.0,-0.0
04.711,-0.001505172,-0.00080939644,-0.00053878315,-0.0,-0.0,0.0
04.731,0.00032742377,-0.00019853121,-0.00053878315,-0.0,-0.0,0.0
04.772,-0.00028344148,-0.00080939644,-0.00053878315,-1.1002509e-07,3.852954e-08,7.323935e-08
04.811,-0.00028344148,0.00041233405,7.2082104e-05,0.0,-0.0,-0.0
04.830,-0.00028344148,-0.00019853121,0.00068294734,-0.0,0.0,0.0
04.871,0.00093828904,-0.00080939644,-0.0011496485,-0.0,-0.0,0.0
04.910,-0.00028344148,-0.00019853121,0.0012938126,-3.5687332e-08,5.0950543e-08,-2.3257165e-07
04.931,0.00032742377,0.00041233405,-0.00053878315,0.0,-0.0,0.0
04.971,0.00032742377,-0.00019853121,0.00068294734,-0.0,-0.0,-0.0
05.010,0.00032742377,0.0010231993,0.0012938126,-0.0,-0.0,0.0
05.050,-0.00028344148,-0.0014202617,7.2082104e-05,-2.7641693e-07,5.5164502e-08,-1.4028896e-08
05.071,0.00032742377,0.00041233405,7.2082104e-05,-0.0,-0.0,0.0
05.111,-0.0008943067,0.00041233405,0.00068294734,0.0,-0.0,-0.0
05.151,-0.002116037,-0.0014202617,0.0012938126,-0.0,0.0,0.0
05.170,-0.00028344148,-0.002031127,7.2082104e-05,-0.0,0.0,0.0
05.211,0.00093828904,-0.00080939644,0.00068294734,-0.0,-0.0,-0.0
05.252,-0.0008943067,-0.00019853121,7.2082104e-05,-0.0,0.0,0.0
05.270,-0.00028344148,-0.00019853121,0.00068294734,-0.0,0.0,0.0
05.311,0.00032742377,-0.00080939644,7.2082104e-05,-9.517379e-08,-3.850049e-08,-8.475857e-09
05.350,-0.0008943067,-0.00019853121,7.2082104e-05,-0.0,0.0,0.0
05.372,0.00032742377,-0.00019853121,-0.00053878315,-0.0,-0.0,0.0
05.410,-0.0008943067,-0.00080939644,-0.00053878315,-0.0,-0.0,0.0
05.450,-0.00028344148,-0.00019853121,7.2082104e-05,-9.4190264e-09,1.3447472e-08,-3.4198313e-09
05.470,-0.00028344148,-0.00080939644,7.2082104e-05,-0.0,0.0,0.0
05.510,-0.00028344148,0.0010231993,0.00068294734,0.0,-0.0,-0.0
05.550,0.00032742377,0.0010231993,-0.00053878315,0.0,-0.0,0.0
05.570,-0.00028344148,-0.0014202617,0.00068294734,-0.0,0.0,0.0
05.611,0.00032742377,-0.00080939644,7.2082104e-05,-0.0,-0.0,-0.0
05.650,0.00093828904,-0.00019853121,7.2082104e-05,-0.0,-0.0,-0.0
05.671,0.00032742377,0.00041233405,7.2082104e-05,-0.0,-0.0,0.0
05.711,0.00032742377,0.0010231993,7.2082104e-05,1.4786838e-07,-4.731788e-08,-1.0416993e-08
05.750,-0.00028344148,-0.00019853121,7.2082104e-05,-0.0,0.0,0.0
05.770,-0.00028344148,-0.00080939644,0.00068294734,-0.0,0.0,0.0
05.810,-0.00028344148,0.0016340646,7.2082104e-05,0.0,-0.0,-0.0
05.851,0.00032742377,-0.00019853121,-0.00053878315,-1.7613019e-08,-2.9047932e-08,4.7799023e-08
05.892,-0.00028344148,-0.00080939644,-0.00053878315,-0.0,-0.0,0.0
05.911,-0.00028344148,0.00041233405,7.2082104e-05,0.0,-0.0,-0.0
05.951,-0.00028344148,-0.0014202617,0.00068294734,-0.0,0.0,0.0
05.991,0.00093828904,0.00041233405,-0.00053878315,6.408019e-08,-1.45818e-07,8.373144e-08
06.011,0.00093828904,0.0010231993,0.00068294734,-0.0,-0.0,0.0
06.050,-0.00028344148,-0.00080939644,0.00068294734,-0.0,0.0,0.0
06.091,-0.001505172,-0.0014202617,0.00068294734,-0.0,0.0,0.0
06.110,-0.0008943067,-0.002031127,0.0012938126,-0.0,0.0,0.0
06.151,-0.001505172,-0.0026419922,0.0012938126,-0.0,0.0,0.0
06.190,-0.001505172,-0.0026419922,0.0012938126,-0.0,0.0,0.0
06.211,-0.001505172,-0.00080939644,0.00068294734,-0.0,0.0,0.0
06.250,-0.00028344148,-0.00019853121,0.0012938126,-3.5687332e-08,5.0950543e-08,-2.3257165e-07
06.292,-0.0008943067,-0.00019853121,7.2082104e-05,-0.0,0.0,0.0
06.312,-0.00028344148,0.00041233405,-0.00053878315,-0.0,0.0,0.0
06.349,0.0015491543,-0.00019853121,-0.00053878315,-0.0,-0.0,0.0
06.391,0.00093828904,-0.00019853121,-0.0011496485,-3.9893955e-08,-1.8854506e-07,2.3101681e-07
06.410,-0.00028344148,-0.00019853121,7.2082104e-05,-0.0,0.0,0.0
06.451,0.00093828904,0.0010231993,7.2082104e-05,-0.0,-0.0,0.0
06.491,0.0015491543,0.0016340646,-0.00053878315,0.0,-0.0,0.0
06.512,0.00032742377,0.00041233405,-0.0011496485,0.0,-0.0,0.0
06.552,0.0015491543,-0.00019853121,-0.00053878315,-0.0,-0.0,0.0
06.591,-0.00028344148,-0.00019853121,-0.00053878315,-0.0,-0.0,0.0
06.611,-0.00028344148,-0.00080939644,7.2082104e-05,-0.0,0.0,0.0
06.650,-0.00028344148,0.00041233405,-0.00053878315,4.06926e-08,2.7972398e-08,5.3171664e-08
06.692,0.00032742377,0.0016340646,-0.00053878315,0.0,-0.0,0.0
06.730,0.0015491543,-0.00019853121,-0.00053878315,-0.0,-0.0,0.0
06.750,-0.00028344148,-0.00019853121,-0.00053878315,-0.0,-0.0,0.0
06.791,0.00032742377,0.0010231993,0.00068294734,1.7482465e-07,-5.59439e-08,-1.1668892e-07
06.831,0.00093828904,0.0016340646,7.2082104e-05,-0.0,-0.0,0.0
06.850,0.00032742377,0.00041233405,7.2082104e-05,-0.0,-0.0,0.0
06.890,0.00032742377,-0.00019853121,7.2082104e-05,-0.0,-0.0,-0.0
06.931,0.00093828904,0.00041233405,-0.00053878315,6.408019e-08,-1.45818e-07,8.373144e-08
06.950,-0.00028344148,-0.0014202617,0.0012938126,-0.0,0.0,0.0
06.990,0.00032742377,0.0010231993,-0.00053878315,0.0,-0.0,0.0
07.014,-0.0008943067,0.00041233405,-0.0011496485,-0.0,0.0,0.0
07.052,-0.0008943067,0.0010231993,0.00068294734,0.0,-0.0,-0.0
07.090,-0.00028344148,0.0010231993,-0.00053878315,-0.0,0.0,0.0
07.130,-0.00028344148,-0.00019853121,0.00068294734,-0.0,0.0,0.0
07.151,-0.00028344148,-0.00019853121,-0.00053878315,-0.0,-0.0,0.0
07.189,-0.00028344148,-0.00019853121,-0.00053878315,-1.7062879e-08,2.436054e-08,4.6306027e-08
07.230,-0.0008943067,-0.00019853121,7.2082104e-05,-0.0,0.0,0.0
07.249,0.00093828904,-0.00080939644,-0.00053878315,-0.0,-0.0,0.0
07.292,0.00032742377,-0.00019853121,0.00068294734,-0.0,-0.0,-0.0
07.330,0.00093828904,0.00041233405,0.00068294734,6.81595e-08,-1.5510075e-07,-1.1289234e-07
07.350,0.00032742377,-0.0014202617,7.2082104e-05,-0.0,-0.0,-0.0
07.390,-0.00028344148,0.00041233405,0.00068294734,0.0,-0.0,-0.0
07.430,-0.001505172,-0.00019853121,0.00068294734,-0.0,0.0,0.0
07.450,-0.00028344148,-0.0014202617,0.00068294734,-0.0,0.0,0.0
07.490,-0.00028344148,-0.00080939644,7.2082104e-05,-0.0,0.0,0.0
07.531,-0.00028344148,0.00041233405,0.0012938126,0.0,-0.0,-0.0
07.571,-0.00028344148,-0.0014202617,7.2082104e-05,-0.0,0.0,0.0
07.591,-0.0008943067,-0.00019853121,7.2082104e-05,-2.4485644e-08,1.10298394e-07,-8.89017e-09
07.631,-0.00028344148,-0.00019853121,0.0012938126,-0.0,0.0,0.0
07.671,-0.00028344148,0.0010231993,0.00068294734,0.0,-0.0,-0.0
07.690,-0.00028344148,-0.00080939644,-0.00053878315,-0.0,-0.0,0.0
07.731,-0.00028344148,-0.00080939644,-0.00053878315,-1.1002509e-07,3.852954e-08,7.323935e-08
07.771,-0.0008943067,-0.00080939644,7.2082104e-05,-0.0,0.0,0.0
07.792,0.00093828904,-0.00019853121,7.2082104e-05,-0.0,-0.0,-0.0
07.831,0.00032742377,-0.00080939644,0.00068294734,-0.0,-0.0,-0.0
07.871,-0.0008943067,-0.0014202617,7.2082104e-05,-3.2023314e-07,2.0164357e-07,-1.6252661e-08
07.890,-0.0008943067,-0.00080939644,-0.00053878315,-0.0,-0.0,0.0
07.931,-0.00028344148,0.00041233405,7.2082104e-05,0.0,-0.0,-0.0
07.970,0.00032742377,0.0010231993,-0.00053878315,0.0,-0.0,0.0
07.990,0.0015491543,0.00041233405,0.0012938126,-0.0,-0.0,0.0
08.030,-0.00028344148,0.00041233405,7.2082104e-05,0.0,-0.0,-0.0
08.071,0.00093828904,-0.0014202617,-0.0011496485,-0.0,-0.0,0.0
08.090,-0.0008943067,-0.00019853121,-0.00053878315,-0.0,-0.0,0.0
08.131,-0.0008943067,-0.00080939644,0.00068294734,-1.5058144e-07,1.6637831e-07,-1.2705664e-07
08.170,0.00093828904,-0.00019853121,-0.0011496485,-0.0,-0.0,0.0
08.191,-0.00028344148,-0.00080939644,0.00068294734,-0.0,0.0,0.0
08.230,0.00032742377,-0.00019853121,-0.00053878315,-0.0,-0.0,0.0
08.271,-0.00028344148,-0.00019853121,7.2082104e-05,-9.4190264e-09,1.3447472e-08,-3.4198313e-09
08.290,0.0015491543,-0.00019853121,7.2082104e-05,-0.0,-0.0,-0.0
08.330,0.00032742377,-0.00019853121,-0.00053878315,-0.0,-0.0,0.0
08.369,0.00032742377,0.0016340646,7.2082104e-05,-0.0,-0.0,0.0
08.391,0.00032742377,-0.0014202617,-0.00053878315,-0.0,-0.0,0.0
08.432,-0.00028344148,0.00041233405,-0.00053878315,-0.0,0.0,0.0
08.471,-0.0008943067,-0.002031127,7.2082104e-05,-0.0,0.0,0.0
08.495,0.00032742377,0.00041233405,7.2082104e-05,-0.0,-0.0,0.0
08.531,-0.001505172,0.0016340646,7.2082104e-05,4.875087e-07,4.4905474e-07,-2.150517e-08
08.572,0.0015491543,0.00041233405,-0.00053878315,0.0,-0.0,0.0
08.612,-0.0008943067,-0.00019853121,-0.0011496485,-0.0,-0.0,0.0
08.631,0.00093828904,-0.00019853121,7.2082104e-05,-0.0,-0.0,-0.0
08.671,0.00032742377,-0.00080939644,7.2082104e-05,-9.517379e-08,-3.850049e-08,-8.475857e-09
08.710,0.00093828904,0.0010231993,-0.0011496485,0.0,-0.0,0.0
08.730,-0.001505172,-0.00019853121,7.2082104e-05,-0.0,0.0,0.0
08.770,-0.00028344148,-0.00019853121,0.0012938126,-0.0,0.0,0.0
08.811,0.00032742377,-0.00019853121,7.2082104e-05,-1.038242e-08,-1.7123005e-08,-3.769617e-09
08.830,-0.00028344148,-0.00080939644,7.2082104e-05,-0.0,0.0,0.0
08.870,0.0015491543,0.00041233405,-0.00053878315,0.0,-0.0,0.0
08.910,0.00032742377,-0.00080939644,-0.00053878315,-0.0,-0.0,0.0
08.931,-0.00028344148,-0.00019853121,0.0012938126,-3.5687332e-08,5.0950543e-08,-2.3257165e-07
08.970,-0.00028344148,0.00041233405,7.2082104e-05,0.0,-0.0,-0.0
09.011,-0.0008943067,-0.00080939644,7.2082104e-05,-0.0,0.0,0.0
09.030,-0.0008943067,-0.00080939644,7.2082104e-05,-0.0,0.0,0.0
09.070,-0.0008943067,0.00041233405,7.2082104e-05,5.4646367e-08,1.1852189e-07,-9.552998e-09
09.110,0.0015491543,-0.00080939644,-0.00053878315,-0.0,-0.0,0.0
09.150,-0.0008943067,-0.00080939644,7.2082104e-05,-0.0,0.0,0.0
09.170,-0.00028344148,0.00041233405,-0.00053878315,-0.0,0.0,0.0
09.212,0.00032742377,-0.00019853121,-0.0011496485,-3.22885e-08,-5.3251195e-08,1.8697529e-07
09.251,0.00032742377,-0.0014202617,0.00068294734,-0.0,-0.0,-0.0
09.271,0.00093828904,0.00041233405,-0.00053878315,0.0,-0.0,0.0
09.310,0.0015491543,0.00041233405,-0.00053878315,0.0,-0.0,0.0
09.349,-0.00028344148,-0.00080939644,-0.00053878315,-1.1002509e-07,3.852954e-08,7.323935e-08
09.369,0.00032742377,-0.00080939644,-0.00053878315,-0.0,-0.0,0.0
09.410,0.00093828904,0.0016340646,-0.00053878315,0.0,-0.0,0.0
09.451,-0.00028344148,-0.00080939644,7.2082104e-05,-0.0,0.0,0.0
09.470,-0.00028344148,-0.00019853121,7.2082104e-05,-9.4190264e-09,1.3447472e-08,-3.4198313e-09
09.511,-0.00028344148,0.0016340646,7.2082104e-05,0.0,-0.0,-0.0
09.554,-0.00028344148,0.00041233405,7.2082104e-05,0.0,-0.0,-0.0
09.570,-0.0008943067,-0.00080939644,7.2082104e-05,-0.0,0.0,0.0
09.611,-0.00028344148,-0.00019853121,0.00068294734,-2.0400966e-08,2.9126305e-08,-7.0179325e-08
09.649,-0.0008943067,-0.00019853121,0.00068294734,-0.0,0.0,0.0
09.670,-0.0008943067,-0.00019853121,0.00068294734,-0.0,0.0,0.0
09.710,-0.001505172,0.00041233405,7.2082104e-05,0.0,-0.0,-0.0
09.751,0.00032742377,-0.00019853121,-0.00053878315,-1.7613019e-08,-2.9047932e-08,4.7799023e-08
09.770,-0.0008943067,0.0010231993,7.2082104e-05,0.0,-0.0,-0.0
09.810,0.00032742377,-0.00019853121,7.2082104e-05,-0.0,-0.0,-0.0
09.851,-0.0008943067,-0.00080939644,7.2082104e-05,-0.0,0.0,0.0
09.870,-0.0008943067,-0.00080939644,0.00068294734,-1.5058144e-07,1.6637831e-07,-1.2705664e-07
09.910,-0.00028344148,-0.00019853121,0.00068294734,-0.0,0.0,0.0
09.951,0.00032742377,0.00041233405,-0.00053878315,0.0,-0.0,0.0
09.970,-0.00028344148,-0.00080939644,7.2082104e-05,-0.0,0.0,0.0
10.010,0.00093828904,0.00041233405,0.00068294734,6.81595e-08,-1.5510075e-07,-1.1289234e-07
10.050,-0.00028344148,-0.00019853121,-0.00053878315,-0.0,-0.0,0.0
10.090,-0.00028344148,-0.00019853121,0.00068294734,-0.0,0.0,0.0
10.111,-0.0008943067,-0.002031127,-0.00053878315,-0.0,-0.0,0.0
10.150,-0.0008943067,-0.00080939644,7.2082104e-05,-1.3126922e-07,1.4504009e-07,-1.1690382e-08
10.173,-0.00028344148,-0.00019853121,7.2082104e-05,-0.0,0.0,0.0
10.210,0.00032742377,-0.00080939644,0.00068294734,-0.0,-0.0,-0.0
10.250,-0.001505172,-0.00080939644,-0.00053878315,-0.0,-0.0,0.0
10.292,-0.0008943067,0.00041233405,7.2082104e-05,5.4646367e-08,1.1852189e-07,-9.552998e-09
10.320,0.00093828904,0.00041233405,7.2082104e-05,-0.0,-0.0,0.0
10.350,-0.00028344148,-0.00080939644,-0.00053878315,-0.0,-0.0,0.0
10.390,-0.00028344148,-0.00019853121,7.2082104e-05,-0.0,0.0,0.0
10.410,0.00032742377,-0.00019853121,0.00068294734,-2.086327e-08,-3.4408345e-08,-7.176964e-08
10.450,-0.0008943067,-0.00080939644,0.0012938126,-0.0,0.0,0.0
10.489,-0.0008943067,-0.00019853121,7.2082104e-05,-0.0,0.0,0.0
10.510,-0.00028344148,-0.00019853121,0.00068294734,-0.0,0.0,0.0
10.549,-0.00028344148,0.00041233405,-0.00053878315,4.06926e-08,2.7972398e-08,5.3171664e-08
10.591,0.00093828904,0.00041233405,-0.00053878315,0.0,-0.0,0.0
10.610,0.00093828904,0.00041233405,-0.00053878315,0.0,-0.0,0.0
10.653,-0.00028344148,-0.00019853121,7.2082104e-05,-0.0,0.0,0.0
10.690,-0.0008943067,-0.00080939644,-0.00053878315,-1.435136e-07,1.5856898e-07,9.553133e-08
10.709,0.00032742377,-0.00019853121,0.00068294734,-0.0,-0.0,-0.0
10.750,-0.0008943067,0.0010231993,-0.00053878315,-0.0,0.0,0.0
10.789,-0.00028344148,-0.00019853121,7.2082104e-05,-0.0,0.0,0.0
10.812,-0.00028344148,-0.00080939644,0.00068294734,-1.1909719e-07,4.1706496e-08,-1.0049106e-07
10.850,0.00032742377,0.0010231993,-0.00053878315,0.0,-0.0,0.0
10.889,0.00032742377,-0.00019853121,0.0012938126,-0.0,-0.0,-0.0
10.930,0.00032742377,-0.00019853121,7.2082104e-05,-0.0,-0.0,-0.0
10.950,0.00032742377,-0.00019853121,7.2082104e-05,-1.038242e-08,-1.7123005e-08,-3.769617e-09
10.989,-0.00028344148,0.00041233405,0.0012938126,0.0,-0.0,-0.0
11.033,-0.00028344148,-0.00019853121,7.2082104e-05,-0.0,0.0,0.0
11.050,0.00093828904,-0.00019853121,7.2082104e-05,-0.0,-0.0,-0.0
11.090,-0.0008943067,0.0010231993,7.2082104e-05,1.8688776e-07,1.6334548e-07,-1.316584e-08
11.130,0.00093828904,-0.00019853121,7.2082104e-05,-0.0,-0.0,-0.0
11.150,0.00032742377,0.00041233405,7.2082104e-05,-0.0,-0.0,0.0
11.191,0.00032742377,-0.00019853121,0.00068294734,-0.0,-0.0,-0.0
11.230,-0.00028344148,-0.00080939644,7.2082104e-05,-9.349317e-08,3.2740253e-08,-8.326183e-09
11.251,0.00093828904,0.00041233405,7.2082104e-05,-0.0,-0.0,0.0
11.291,-0.0008943067,0.00041233405,0.00068294734,0.0,-0.0,-0.0
11.330,-0.00028344148,0.00041233405,0.00068294734,0.0,-0.0,-0.0
11.349,0.00032742377,0.00041233405,-0.00053878315,4.1691443e-08,-3.3106094e-08,5.447682e-08
11.391,-0.00028344148,-0.00019853121,-0.00053878315,-0.0,-0.0,0.0
11.430,0.00032742377,-0.0014202617,0.00068294734,-0.0,-0.0,-0.0
11.449,0.00032742377,-0.00080939644,7.2082104e-05,-0.0,-0.0,-0.0
11.490,0.00032742377,-0.00019853121,7.2082104e-05,-1.038242e-08,-1.7123005e-08,-3.769617e-09
11.532,0.00093828904,0.0010231993,-0.00053878315,0.0,-0.0,0.0
11.550,-0.0008943067,0.00041233405,-0.00053878315,-0.0,0.0,0.0
11.590,0.00093828904,0.00041233405,-0.0017605136,0.0,-0.0,0.0
11.631,0.00032742377,-0.00019853121,-0.00053878315,-1.7613019e-08,-2.9047932e-08,4.7799023e-08
11.650,-0.00028344148,-0.00019853121,-0.00053878315,-0.0,-0.0,0.0
11.690,-0.00028344148,-0.00019853121,-0.00053878315,-0.0,-0.0,0.0
11.717,-0.00028344148,-0.002031127,-0.0011496485,-0.0,-0.0,0.0
11.771,-0.00028344148,-0.00080939644,7.2082104e-05,-0.0,0.0,0.0
11.790,0.00032742377,0.00041233405,7.2082104e-05,-0.0,-0.0,0.0
11.830,0.00032742377,0.00041233405,7.2082104e-05,-0.0,-0.0,0.0
11.869,0.00032742377,0.0010231993,7.2082104e-05,-0.0,-0.0,0.0
11.889,-0.0008943067,-0.0014202617,7.2082104e-05,-3.2023314e-07,2.0164357e-07,-1.6252661e-08
11.930,-0.00028344148,-0.00019853121,7.2082104e-05,-0.0,0.0,0.0
11.953,-0.0008943067,-0.00019853121,0.00068294734,-0.0,0.0,0.0
11.991,-0.00028344148,-0.00019853121,0.00068294734,-0.0,0.0,0.0
12.029,-0.001505172,0.00041233405,-0.00053878315,9.137132e-08,3.3353925e-07,1.1939187e-07
12.069,0.0003817908,0.0005131268,6.352998e-05,-0.0,-0.0,0.0
12.090,-0.0008399397,-0.001319469,-0.00054733525,-0.0,-0.0,0.0
12.130,-0.00022907446,0.0005131268,-0.00054733525,-0.0,0.0,0.0
12.169,-0.0008399397,-0.0007086037,6.352998e-05,-1.0468938e-07,1.24093e-07,-9.3859365e-09
12.190,0.0009926561,0.0005131268,-0.00054733525,0.0,-0.0,0.0
12.230,-0.00022907446,-0.0007086037,6.352998e-05,-0.0,0.0,0.0
12.271,0.0009926561,0.001123992,6.352998e-05,-0.0,-0.0,0.0
12.290,-0.001450805,-9.773844e-05,-0.00054733525,-2.038173e-08,3.0254105e-07,1.14137585e-07
12.329,0.0003817908,-0.0007086037,0.0006743952,-0.0,-0.0,-0.0
12.368,-0.0008399397,-9.773844e-05,0.0006743952,-0.0,0.0,0.0
12.390,-0.001450805,-9.773844e-05,0.0006743952,-0.0,0.0,0.0
12.429,-0.001450805,-0.0007086037,6.352998e-05,-1.536795e-07,3.1464552e-07,-1.3778136e-08
12.470,-0.00022907446,-9.773844e-05,6.352998e-05,-0.0,0.0,0.0
12.490,-0.00022907446,-9.773844e-05,6.352998e-05,-0.0,0.0,0.0
12.530,-0.001450805,-0.001319469,-0.00054733525,-0.0,-0.0,0.0
12.570,-0.00022907446,-0.001319469,0.0006743952,-2.6554278e-07,4.6101192e-08,-1.3572185e-07
12.609,0.0016035212,0.001123992,-0.00054733525,0.0,-0.0,0.0
12.630,0.0003817908,-0.0007086037,-0.00054733525,-0.0,-0.0,0.0
12.669,-0.00022907446,-0.0019303343,0.0006743952,-0.0,0.0,0.0
12.710,-0.0008399397,-9.773844e-05,-0.00054733525,-0.0,-0.0,0.0
12.732,0.0003817908,0.0005131268,-0.0011582006,0.0,-0.0,0.0
12.770,0.0003817908,0.001123992,0.0006743952,-0.0,-0.0,0.0
12.810,-0.00022907446,-0.001319469,-0.00054733525,-0.0,-0.0,0.0
12.829,-0.001450805,-0.0007086037,0.0006743952,-1.6641752e-07,3.407256e-07,-1.5838356e-07
12.870,-0.00022907446,-9.773844e-05,6.352998e-05,-0.0,0.0,0.0
12.910,0.0003817908,-9.773844e-05,0.0006743952,-0.0,-0.0,-0.0
12.931,-0.0008399397,0.0005131268,0.0006743952,0.0,-0.0,-0.0
12.969,-0.00022907446,-9.773844e-05,6.352998e-05,-3.3717673e-09,7.902579e-09,-2.1916484e-09
13.010,-0.0008399397,-9.773844e-05,-0.0011582006,-0.0,-0.0,0.0
13.030,0.0003817908,-9.773844e-05,-0.00054733525,-0.0,-0.0,0.0
13.069,0.0016035212,-9.773844e-05,-0.00054733525,-0.0,-0.0,0.0
13.110,-0.0008399397,0.0005131268,-0.00054733525,7.756363e-08,1.2696428e-07,8.273454e-08
13.129,0.0009926561,0.0005131268,0.0006743952,-0.0,-0.0,0.0
13.170,-0.00022907446,-9.773844e-05,6.352998e-05,-0.0,0.0,0.0
13.210,0.0009926561,0.0005131268,-0.00054733525,0.0,-0.0,0.0
13.230,-0.0008399397,-0.001319469,-0.0011582006,-3.4467502e-07,2.1941109e-07,3.0254807e-07
13.270,0.0003817908,0.0005131268,-0.00054733525,0.0,-0.0,0.0
13.311,-0.0008399397,-9.773844e-05,-0.00054733525,-0.0,-0.0,0.0
13.330,0.0009926561,-0.0007086037,-0.00054733525,-0.0,-0.0,0.0
13.369,0.0003817908,0.0005131268,0.0006743952,6.401169e-08,-4.762775e-08,-8.4129645e-08
13.412,-0.00022907446,0.0017348573,6.352998e-05,0.0,-0.0,-0.0
13.453,0.0003817908,-9.773844e-05,-0.00054733525,-0.0,-0.0,0.0
13.470,0.0003817908,0.0005131268,6.352998e-05,-0.0,-0.0,0.0
13.508,-0.00022907446,0.0005131268,0.0006743952,6.045668e-08,2.6989587e-08,-7.9457344e-08
13.550,0.0009926561,-9.773844e-05,6.352998e-05,-0.0,-0.0,-0.0
13.569,0.0003817908,0.0005131268,-0.00054733525,0.0,-0.0,0.0
13.609,-0.00022907446,0.001123992,0.0012852604,0.0,-0.0,-0.0
13.650,-0.0008399397,0.0005131268,0.0006743952,0.0,-0.0,-0.0
13.669,0.0003817908,-0.0007086037,6.352998e-05,-0.0,-0.0,-0.0
13.712,0.0003817908,-9.773844e-05,0.0006743952,-0.0,-0.0,-0.0
13.748,-0.00022907446,0.0005131268,6.352998e-05,0.0,-0.0,-0.0
13.770,0.0009926561,-9.773844e-05,0.0006743952,-1.5794969e-08,-1.6041757e-07,-1.0898521e-07
13.809,-0.00022907446,-0.0007086037,6.352998e-05,-0.0,0.0,0.0
13.850,0.0009926561,-9.773844e-05,-0.00054733525,-0.0,-0.0,0.0
13.870,0.0003817908,0.0005131268,6.352998e-05,-0.0,-0.0,0.0
13.910,0.0003817908,-9.773844e-05,6.352998e-05,-5.2366733e-09,-2.0455756e-08,-3.4038374e-09
13.951,0.0003817908,-0.0007086037,-0.00054733525,-0.0,-0.0,0.0
13.969,-0.00022907446,0.001123992,0.0006743952,0.0,-0.0,-0.0
14.009,0.0003817908,0.0005131268,6.352998e-05,-0.0,-0.0,0.0
14.050,-0.00022907446,-9.773844e-05,6.352998e-05,-3.3717673e-09,7.902579e-09,-2.1916484e-09
14.069,-0.0008399397,0.0005131268,6.352998e-05,0.0,-0.0,-0.0
14.110,-0.00022907446,0.0005131268,0.0006743952,0.0,-0.0,-0.0
14.149,-0.001450805,-9.773844e-05,-0.00054733525,-0.0,-0.0,0.0
14.170,-0.0008399397,-0.0019303343,6.352998e-05,-5.456632e-07,2.3743257e-07,-1.795847e-08
14.208,0.0009926561,-9.773844e-05,6.352998e-05,-0.0,-0.0,-0.0
14.251,-0.00022907446,-0.001319469,-0.00054733525,-0.0,-0.0,0.0
14.289,-0.00022907446,-0.0019303343,6.352998e-05,-0.0,0.0,0.0
14.312,-0.00022907446,-9.773844e-05,0.0006743952,-9.430873e-09,2.210361e-08,-6.5073024e-08
14.348,-0.0008399397,-0.0007086037,6.352998e-05,-0.0,0.0,0.0
14.390,-0.0020616704,-9.773844e-05,6.352998e-05,-0.0,0.0,0.0
14.409,-0.0008399397,-9.773844e-05,6.352998e-05,-0.0,0.0,0.0
14.450,-0.001450805,0.001123992,-0.00054733525,2.8891765e-07,3.7292367e-07,1.4069029e-07
14.490,0.0009926561,-0.0007086037,6.352998e-05,-0.0,-0.0,-0.0
14.509,-0.0008399397,-0.0007086037,6.352998e-05,-0.0,0.0,0.0
14.553,-0.00022907446,-9.773844e-05,6.352998e-05,-0.0,0.0,0.0
14.589,-0.0008399397,-0.0007086037,6.352998e-05,-0.0,0.0,0.0
14.611,-0.00022907446,0.0005131268,6.352998e-05,0.0,-0.0,-0.0
14.649,-0.001450805,-0.0007086037,-0.00054733525,-0.0,-0.0,0.0
14.689,0.0003817908,0.0005131268,6.352998e-05,-0.0,-0.0,0.0
14.710,-0.0008399397,-0.0007086037,6.352998e-05,-1.0468938e-07,1.24093e-07,-9.3859365e-09
14.750,-0.00022907446,0.0005131268,6.352998e-05,0.0,-0.0,-0.0
14.791,0.0003817908,-9.773844e-05,-0.00054733525,-0.0,-0.0,0.0
14.809,-0.00022907446,-9.773844e-05,0.0006743952,-0.0,0.0,0.0
14.850,-0.00022907446,-9.773844e-05,6.352998e-05,-3.3717673e-09,7.902579e-09,-2.1916484e-09
14.889,-0.00022907446,-9.773844e-05,6.352998e-05,-0.0,0.0,0.0
14.909,0.0009926561,0.0005131268,-0.00054733525,0.0,-0.0,0.0
14.949,0.0003817908,-0.0007086037,6.352998e-05,-0.0,-0.0,-0.0
14.990,-0.0008399397,0.0005131268,6.352998e-05,6.792879e-08,1.1119296e-07,-8.410234e-09
15.030,-0.00022907446,-0.001319469,0.0006743952,-0.0,0.0,0.0
15.048,-0.00022907446,0.0005131268,-0.00054733525,-0.0,0.0,0.0
15.092,-0.0008399397,-0.0007086037,-0.0011582006,-0.0,-0.0,0.0
15.130,-0.00022907446,-0.0007086037,6.352998e-05,-0.0,0.0,0.0
15.149,0.0003817908,-9.773844e-05,-0.00054733525,-0.0,-0.0,0.0
15.190,0.0003817908,-0.0007086037,6.352998e-05,-0.0,-0.0,-0.0
15.231,-0.0008399397,-0.001319469,-0.0011582006,-0.0,-0.0,0.0
15.249,0.0003817908,0.0005131268,6.352998e-05,4.426514e-08,-3.2935375e-08,-5.4804445e-09
15.289,-0.00022907446,-0.001319469,0.0006743952,-0.0,0.0,0.0
15.330,-0.00022907446,-9.773844e-05,6.352998e-05,-0.0,0.0,0.0
15.349,0.0009926561,0.001123992,0.0006743952,-0.0,-0.0,0.0
15.389,-0.001450805,0.0005131268,6.352998e-05,1.0607365e-07,2.9991062e-07,-1.3132944e-08
15.428,-0.00022907446,-9.773844e-05,0.0006743952,-0.0,0.0,0.0
15.450,-0.00022907446,0.0005131268,-0.00054733525,-0.0,0.0,0.0
15.490,-0.0008399397,-0.0007086037,6.352998e-05,-0.0,0.0,0.0
15.528,-0.00022907446,-0.0007086037,6.352998e-05,-0.0,0.0,0.0
15.551,-0.001450805,-0.0019303343,6.352998e-05,-0.0,0.0,0.0
15.590,0.0003817908,-9.773844e-05,6.352998e-05,-0.0,-0.0,-0.0
15.631,-0.0008399397,-0.0007086037,0.0006743952,-0.0,0.0,0.0
15.648,-0.00022907446,-0.0007086037,0.0018961257,-1.937454e-07,6.2633255e-08,-5.1843597e-07
15.690,0.0003817908,0.0005131268,-0.0011582006,0.0,-0.0,0.0
15.729,-0.00022907446,-0.001319469,-0.00054733525,-0.0,-0.0,0.0
15.750,0.0003817908,0.0017348573,-0.0011582006,0.0,-0.0,0.0
15.788,-0.00022907446,-0.0007086037,-0.00054733525,-8.7899316e-08,2.8415723e-08,6.7894646e-08
15.829,0.0003817908,-9.773844e-05,0.0006743952,-0.0,-0.0,-0.0
15.870,-0.00022907446,-9.773844e-05,-0.0011582006,-0.0,-0.0,0.0
15.888,0.0003817908,-0.001319469,6.352998e-05,-0.0,-0.0,-0.0
15.932,-0.00022907446,-0.001319469,0.0006743952,-2.6554278e-07,4.6101192e-08,-1.3572185e-07
15.970,0.0009926561,-9.773844e-05,6.352998e-05,-0.0,-0.0,-0.0
15.990,-0.00022907446,-9.773844e-05,6.352998e-05,-0.0,0.0,0.0
16.031,-0.0008399397,0.001123992,0.0006743952,0.0,-0.0,-0.0
16.069,-0.00022907446,-0.0007086037,0.0006743952,-0.0,0.0,0.0
16.090,0.0003817908,0.0005131268,6.352998e-05,-0.0,-0.0,0.0
16.130,-0.00022907446,-0.001319469,6.352998e-05,-0.0,0.0,0.0
16.170,0.0003817908,0.0005131268,6.352998e-05,-0.0,-0.0,0.0
16.189,-0.0008399397,0.0005131268,6.352998e-05,6.792879e-08,1.1119296e-07,-8.410234e-09
16.230,0.0003817908,0.0005131268,-0.00054733525,0.0,-0.0,0.0
16.269,0.0003817908,-0.0007086037,-0.00054733525,-0.0,-0.0,0.0
16.290,-0.0008399397,0.001123992,6.352998e-05,0.0,-0.0,-0.0
16.328,-0.001450805,-9.773844e-05,-0.0011582006,-2.4386615e-08,3.6198807e-07,2.889808e-07
16.368,0.0003817908,-0.001319469,6.352998e-05,-0.0,-0.0,-0.0
16.389,-0.00022907446,-9.773844e-05,6.352998e-05,-0.0,0.0,0.0
16.430,-0.00022907446,-0.0007086037,0.0012852604,-0.0,0.0,0.0
16.470,0.0003817908,-0.0007086037,6.352998e-05,-0.0,-0.0,-0.0
16.491,0.0003817908,-0.0007086037,6.352998e-05,-0.0,-0.0,-0.0
16.529,0.0009926561,0.0005131268,-0.00054733525,0.0,-0.0,0.0
16.570,-0.00022907446,0.0005131268,0.0006743952,0.0,-0.0,-0.0
16.591,0.0003817908,-9.773844e-05,6.352998e-05,-5.2366733e-09,-2.0455756e-08,-3.4038374e-09
16.629,0.0003817908,0.0005131268,-0.0011582006,0.0,-0.0,0.0
16.669,0.0009926561,-9.773844e-05,-0.00054733525,-0.0,-0.0,0.0
16.710,-0.00022907446,-0.001319469,0.0018961257,-0.0,0.0,0.0
16.729,-0.00022907446,-9.773844e-05,-0.0011582006,-1.5540852e-08,3.6423863e-08,1.8415906e-07
16.770,0.0003817908,0.001123992,0.0006743952,-0.0,-0.0,0.0
16.791,-0.00022907446,0.0005131268,0.0006743952,0.0,-0.0,-0.0
16.828,-0.00022907446,-0.0007086037,0.0006743952,-0.0,0.0,0.0
16.870,0.0003817908,-9.773844e-05,0.0006743952,-0.0,-0.0,-0.0
16.909,-0.00022907446,0.0005131268,-0.00054733525,-0.0,0.0,0.0
16.929,-0.0008399397,-0.0007086037,6.352998e-05,-0.0,0.0,0.0
16.969,0.0003817908,0.0017348573,-0.0011582006,0.0,-0.0,0.0
17.009,-0.001450805,-9.773844e-05,0.0006743952,-0.0,0.0,0.0
17.028,-0.00022907446,0.0005131268,-0.00054733525,-0.0,0.0,0.0
17.069,0.0003817908,0.0005131268,6.352998e-05,-0.0,-0.0,0.0
17.109,0.0009926561,-9.773844e-05,0.0012852604,-0.0,-0.0,-0.0
17.130,-0.00022907446,-0.0007086037,6.352998e-05,-7.108461e-08,2.2979936e-08,-6.373101e-09
17.169,0.0003817908,-0.0019303343,0.0006743952,-0.0,-0.0,-0.0
17.209,-0.0008399397,0.0005131268,-0.00054733525,-0.0,0.0,0.0
17.230,0.0003817908,0.001123992,-0.00054733525,0.0,-0.0,0.0
17.269,-0.001450805,-9.773844e-05,0.0006743952,-2.1026814e-08,3.1211712e-07,-1.4508517e-07
17.310,-0.00022907446,0.001123992,6.352998e-05,0.0,-0.0,-0.0
17.334,-0.00022907446,-9.773844e-05,6.352998e-05,-0.0,0.0,0.0
17.368,0.0003817908,0.0005131268,6.352998e-05,-0.0,-0.0,0.0
17.409,0.0003817908,-9.773844e-05,0.0012852604,-0.0,-0.0,-0.0
17.429,-0.00022907446,-9.773844e-05,-0.00054733525,-0.0,-0.0,0.0
17.468,-0.0008399397,-0.001319469,0.0006743952,-0.0,0.0,0.0
17.509,-0.00022907446,-0.0007086037,0.0006743952,-0.0,0.0,0.0
17.533,0.0009926561,0.001123992,0.0006743952,2.4804982e-07,-2.1906578e-07,-1.4882987e-07
17.568,-0.00022907446,-0.0007086037,6.352998e-05,-0.0,0.0,0.0
17.608,0.0003817908,-9.773844e-05,6.352998e-05,-0.0,-0.0,-0.0
17.650,0.0003817908,-0.0007086037,6.352998e-05,-0.0,-0.0,-0.0
17.669,0.0009926561,0.0005131268,-0.00054733525,8.569468e-08,-1.657784e-07,9.140766e-08
17.714,0.0009926561,-0.001319469,-0.00054733525,-0.0,-0.0,0.0
17.751,-0.00022907446,0.001123992,6.352998e-05,0.0,-0.0,-0.0
17.770,-0.001450805,-0.001319469,-0.00054733525,-0.0,-0.0,0.0
17.810,-0.0008399397,-0.0019303343,-0.00054733525,-0.0,-0.0,0.0
17.852,0.0003817908,-0.0007086037,-0.00054733525,-0.0,-0.0,0.0
17.871,-0.00022907446,-9.773844e-05,6.352998e-05,-0.0,0.0,0.0
17.910,-0.00022907446,-9.773844e-05,6.352998e-05,-0.0,0.0,0.0
17.949,-0.00022907446,-0.0007086037,6.352998e-05,-0.0,0.0,0.0
17.969,0.0009926561,0.0005131268,6.352998e-05,-0.0,-0.0,0.0
18.009,-0.0008399397,0.0005131268,0.0006743952,0.0,-0.0,-0.0
18.049,0.0009926561,-0.0007086037,0.0006743952,-0.0,-0.0,-0.0
18.070,-0.00022907446,-0.0007086037,6.352998e-05,-7.108461e-08,2.2979936e-08,-6.373101e-09
18.109,0.0003817908,-9.773844e-05,6.352998e-05,-0.0,-0.0,-0.0
18.150,0.0003817908,-9.773844e-05,-0.00054733525,-0.0,-0.0,0.0
18.168,-0.0008399397,0.0005131268,-0.00054733525,-0.0,0.0,0.0
18.210,-0.001450805,0.0005131268,6.352998e-05,1.0607365e-07,2.9991062e-07,-1.3132944e-08
18.249,-0.00022907446,-9.773844e-05,6.352998e-05,-0.0,0.0,0.0
18.269,0.0003817908,-9.773844e-05,-0.00054733525,-0.0,-0.0,0.0
18.309,-0.0008399397,-0.001319469,6.352998e-05,-0.0,0.0,0.0
18.349,-0.00022907446,0.001123992,6.352998e-05,0.0,-0.0,-0.0
18.390,-0.00022907446,-9.773844e-05,-0.00054733525,-0.0,-0.0,0.0
18.409,-0.00022907446,-0.0007086037,6.352998e-05,-0.0,0.0,0.0
18.450,-0.0008399397,-9.773844e-05,-0.00054733525,-0.0,-0.0,0.0
18.489,0.0003817908,0.0005131268,6.352998e-05,-0.0,-0.0,0.0
18.509,0.0003817908,0.001123992,-0.0011582006,0.0,-0.0,0.0
18.548,-0.0008399397,0.001123992,6.352998e-05,0.0,-0.0,-0.0
18.589,-0.00022907446,0.0005131268,0.0006743952,0.0,-0.0,-0.0
18.609,0.0003817908,0.001123992,-0.0011582006,2.5019747e-07,-8.498553e-08,2.578122e-07
18.649,-0.00022907446,0.001123992,0.0006743952,0.0,-0.0,-0.0
18.689,-0.00022907446,-9.773844e-05,0.0006743952,-0.0,0.0,0.0
18.709,-0.00022907446,-0.0007086037,6.352998e-05,-0.0,0.0,0.0
18.750,-0.0008399397,-9.773844e-05,-0.00054733525,-0.0,-0.0,0.0
18.789,-0.0008399397,-9.773844e-05,-0.00054733525,-0.0,-0.0,0.0
18.809,-0.00022907446,-9.773844e-05,6.352998e-05,-0.0,0.0,0.0
18.848,0.0003817908,0.0005131268,6.352998e-05,-0.0,-0.0,0.0
18.889,0.0003817908,-0.001319469,-0.0011582006,-0.0,-0.0,0.0
18.909,-0.00022907446,0.0005131268,-0.00054733525,-0.0,0.0,0.0
18.949,-0.001450805,-9.773844e-05,6.352998e-05,-0.0,0.0,0.0
18.990,-0.00022907446,-9.773844e-05,6.352998e-05,-0.0,0.0,0.0
19.010,0.0009926561,-9.773844e-05,0.0006743952,-1.5794969e-08,-1.6041757e-07,-1.0898521e-07
19.049,-0.00022907446,-9.773844e-05,-0.0011582006,-0.0,-0.0,0.0
19.088,0.0009926561,0.0005131268,-0.00054733525,0.0,-0.0,0.0
19.109,0.0009926561,-0.0007086037,0.0006743952,-0.0,-0.0,-0.0
19.149,-0.00022907446,-0.0007086037,0.0006743952,-9.5553276e-08,3.089007e-08,-9.0940354e-08
19.189,0.0003817908,0.0017348573,-0.00054733525,0.0,-0.0,0.0
19.210,0.0016035212,-0.0007086037,0.0006743952,-0.0,-0.0,-0.0
19.249,0.0003817908,-9.773844e-05,6.352998e-05,-0.0,-0.0,-0.0
19.289,0.0003817908,-9.773844e-05,0.0006743952,-0.0,-0.0,-0.0
19.328,-0.00022907446,0.0005131268,0.0006743952,0.0,-0.0,-0.0
19.349,0.0003817908,-9.773844e-05,6.352998e-05,-0.0,-0.0,-0.0
19.392,-0.00022907446,-0.0007086037,-0.0011582006,-0.0,-0.0,0.0
19.429,-0.00022907446,0.001123992,6.352998e-05,0.0,-0.0,-0.0
19.448,-0.00022907446,-9.773844e-05,0.0006743952,-0.0,0.0,0.0
19.488,0.0003817908,-0.001319469,-0.00054733525,-0.0,-0.0,0.0
19.530,-0.0008399397,-0.001319469,6.352998e-05,-0.0,0.0,0.0
19.549,0.0003817908,-9.773844e-05,-0.00054733525,-8.847688e-09,-3.4561285e-08,4.9547058e-08
19.588,0.0016035212,-9.773844e-05,6.352998e-05,-0.0,-0.0,-0.0
19.628,0.0003817908,0.0005131268,6.352998e-05,-0.0,-0.0,0.0
19.649,0.0003817908,0.0005131268,6.352998e-05,-0.0,-0.0,0.0
19.689,-0.0008399397,-0.0007086037,6.352998e-05,-0.0,0.0,0.0
19.729,0.0003817908,0.001123992,6.352998e-05,-0.0,-0.0,0.0
19.748,0.0016035212,0.0005131268,-0.00054733525,0.0,-0.0,0.0
19.789,-0.00022907446,0.0005131268,-0.00054733525,-0.0,0.0,0.0
19.828,0.0003817908,-0.0019303343,6.352998e-05,-0.0,-0.0,-0.0
19.868,-0.00022907446,-9.773844e-05,-0.0011582006,-0.0,-0.0,0.0
19.890,0.0003817908,0.001123992,6.352998e-05,-0.0,-0.0,0.0
19.928,-0.00022907446,0.0005131268,0.0006743952,0.0,-0.0,-0.0
19.949,-0.0008399397,-9.773844e-05,-0.00054733525,-1.321383e-08,1.1355631e-07,7.399742e-08
19.990,-0.00022907446,-9.773844e-05,0.0012852604,-0.0,0.0,0.0
20.030,0.0003817908,-0.0031520645,0.0006743952,-0.0,-0.0,-0.0
20.050,0.0003817908,-9.773844e-05,0.0006743952,-0.0,-0.0,-0.0
20.088,0.0003817908,0.001123992,-0.00054733525,1.9719947e-07,-6.698352e-08,9.602758e-08
20.129,-0.0008399397,-0.0007086037,-0.00054733525,-0.0,-0.0,0.0
20.169,-0.00022907446,-9.773844e-05,0.0012852604,-0.0,0.0,0.0
20.189,0.0003817908,0.0005131268,-0.00054733525,0.0,-0.0,0.0
20.229,-0.0008399397,0.001123992,0.0006743952,0.0,-0.0,-0.0
20.268,0.0003817908,0.0017348573,-0.00054733525,0.0,-0.0,0.0
20.289,-0.00022907446,-0.001319469,0.0006743952,-0.0,0.0,0.0
20.328,0.0003817908,0.0005131268,6.352998e-05,-0.0,-0.0,0.0
20.368,0.0003817908,0.0005131268,-0.00054733525,0.0,-0.0,0.0
20.389,-0.00022907446,-0.001319469,-0.00054733525,-0.0,-0.0,0.0
20.430,0.0003817908,-0.0007086037,-0.00054733525,-0.0,-0.0,0.0
20.468,-0.0008399397,-0.0007086037,6.352998e-05,-0.0,0.0,0.0
20.488,0.0009926561,-0.001319469,6.352998e-05,-2.926323e-07,-2.2015162e-07,-1.4089734e-08
20.531,-0.0008399397,-0.001319469,6.352998e-05,-0.0,0.0,0.0
20.555,-0.00022907446,-0.0007086037,6.352998e-05,-0.0,0.0,0.0
20.588,0.0003817908,-9.773844e-05,0.0006743952,-0.0,-0.0,-0.0
20.628,-0.001450805,-9.773844e-05,0.0006743952,-0.0,0.0,0.0
20.669,-0.00022907446,-9.773844e-05,-0.0011582006,-0.0,-0.0,0.0
20.690,-0.00022907446,0.001123992,6.352998e-05,0.0,-0.0,-0.0
20.729,-0.00022907446,0.001123992,-0.00054733525,-0.0,0.0,0.0
20.769,0.0003817908,-9.773844e-05,-0.0011582006,-0.0,-0.0,0.0
20.790,-0.00022907446,-0.001319469,6.352998e-05,-0.0,0.0,0.0
20.828,0.0003817908,0.0005131268,-0.00054733525,0.0,-0.0,0.0
20.869,-0.00022907446,-9.773844e-05,0.0006743952,-0.0,0.0,0.0
20.910,0.0003817908,-9.773844e-05,-0.00054733525,-0.0,-0.0,0.0
20.930,-0.00022907446,-9.773844e-05,6.352998e-05,-0.0,0.0,0.0
20.969,-0.00022907446,-0.001319469,0.0006743952,-0.0,0.0,0.0
21.010,-0.00022907446,0.0005131268,6.352998e-05,0.0,-0.0,-0.0
21.030,-0.0008399397,0.0005131268,0.0006743952,8.217308e-08,1.3450949e-07,-1.079989e-07
21.069,0.0022143864,0.0005131268,-0.00054733525,0.0,-0.0,0.0
21.110,0.0009926561,-9.773844e-05,-0.0011582006,-0.0,-0.0,0.0
21.129,-0.00022907446,-0.0007086037,0.0006743952,-0.0,0.0,0.0
21.169,-0.00022907446,-0.0007086037,6.352998e-05,-0.0,0.0,0.0
21.209,0.0003817908,-9.773844e-05,6.352998e-05,-0.0,-0.0,-0.0
21.230,-0.00022907446,-9.773844e-05,6.352998e-05,-0.0,0.0,0.0
21.272,0.0003817908,-9.773844e-05,-0.00054733525,-0.0,-0.0,0.0
21.310,0.0009926561,0.0005131268,6.352998e-05,-0.0,-0.0,0.0
21.330,0.0003817908,-9.773844e-05,6.352998e-05,-0.0,-0.0,-0.0
21.368,0.0003817908,-0.0007086037,-0.00054733525,-0.0,-0.0,0.0
21.411,0.0009926561,-0.001319469,-0.00054733525,-0.0,-0.0,0.0
21.429,-0.0008399397,-9.773844e-05,-0.00054733525,-1.321383e-08,1.1355631e-07,7.399742e-08
21.471,0.0003817908,0.0005131268,0.0006743952,-0.0,-0.0,0.0
21.511,0.0009798278,0.00053695054,-0.0005345071,0.0,-0.0,0.0
21.530,-0.0014636331,-0.0012956453,-0.0011453724,-0.0,-0.0,0.0
21.570,0.0009798278,-0.0012956453,0.0012980887,-0.0,-0.0,-0.0
21.611,0.00036896262,-7.391469e-05,7.6358156e-05,-0.0,-0.0,-0.0
21.631,-0.0014636331,-7.391469e-05,0.0006872234,-0.0,0.0,0.0
21.670,-0.00024190263,-7.391469e-05,7.6358156e-05,-0.0,0.0,0.0
21.710,0.0009798278,-0.00068477995,7.6358156e-05,-0.0,-0.0,-0.0
21.731,-0.00024190263,-0.0012956453,-0.0005345071,-0.0,-0.0,0.0
21.770,0.00036896262,-7.391469e-05,0.0006872234,-0.0,-0.0,-0.0
21.813,-0.00024190263,-0.00068477995,-0.0005345071,-0.0,-0.0,0.0
21.831,0.0009798278,-7.391469e-05,7.6358156e-05,-9.7775485e-09,-1.2961311e-07,-1.01007736e-08
21.871,0.00036896262,-7.391469e-05,7.6358156e-05,-0.0,-0.0,-0.0
21.909,0.00036896262,-0.00068477995,7.6358156e-05,-0.0,-0.0,-0.0
21.950,-0.00024190263,-0.00068477995,7.6358156e-05,-6.711737e-08,2.3709612e-08,-7.484094e-09
21.971,-0.00024190263,-0.00068477995,0.0006872234,-0.0,0.0,0.0
22.013,0.00036896262,-7.391469e-05,7.6358156e-05,-0.0,-0.0,-0.0
22.050,-0.0014636331,-0.0019065104,0.0006872234,-0.0,0.0,0.0
22.070,0.0009798278,-7.391469e-05,7.6358156e-05,-0.0,-0.0,-0.0
22.111,-0.0014636331,-0.00068477995,0.0006872234,-0.0,0.0,0.0
22.150,-0.00024190263,-0.0012956453,-0.0005345071,-0.0,-0.0,0.0
22.170,0.00036896262,-0.00068477995,0.0006872234,-0.0,-0.0,-0.0
22.210,-0.00024190263,-0.00068477995,7.6358156e-05,-0.0,0.0,0.0
22.250,0.0009798278,-0.00068477995,0.0006872234,-0.0,-0.0,-0.0
22.272,-0.00024190263,-0.00068477995,7.6358156e-05,-0.0,0.0,0.0
22.310,0.00036896262,-7.391469e-05,-0.0011453724,-0.0,-0.0,0.0
22.349,-0.00024190263,0.001758681,0.0006872234,0.0,-0.0,-0.0
22.369,-0.00024190263,-0.00068477995,7.6358156e-05,-6.711737e-08,2.3709612e-08,-7.484094e-09
22.410,-0.00024190263,-0.00068477995,7.6358156e-05,-0.0,0.0,0.0
22.449,0.0009798278,0.0011478158,7.6358156e-05,-0.0,-0.0,0.0
22.470,0.0015906931,0.00053695054,0.0012980887,-0.0,-0.0,0.0
22.511,-0.0008527679,-7.391469e-05,-0.0011453724,-0.0,-0.0,0.0
22.549,0.00036896262,0.00053695054,7.6358156e-05,-0.0,-0.0,0.0
22.592,-0.00024190263,0.00053695054,7.6358156e-05,0.0,-0.0,-0.0
22.610,-0.0008527679,-0.0012956453,-0.0011453724,-0.0,-0.0,0.0
22.650,-0.00024190263,-0.00068477995,0.0006872234,-0.0,0.0,0.0
22.690,-0.0014636331,-0.0012956453,-0.0005345071,-0.0,-0.0,0.0
22.711,0.0009798278,-0.0019065104,0.0006872234,-0.0,-0.0,-0.0
22.751,0.00036896262,-0.00068477995,7.6358156e-05,-0.0,-0.0,-0.0
22.791,-0.0008527679,-0.0012956453,-0.0005345071,-0.0,-0.0,0.0
22.810,0.0015906931,-0.00068477995,7.6358156e-05,-0.0,-0.0,-0.0
22.850,0.00036896262,-7.391469e-05,0.0006872234,-0.0,-0.0,-0.0
22.891,0.00036896262,-0.00068477995,-0.0005345071,-8.67441e-08,-4.673813e-08,6.770838e-08
22.909,-0.0008527679,-0.00068477995,-0.0005345071,-0.0,-0.0,0.0
22.950,-0.00024190263,-0.0012956453,0.0006872234,-0.0,0.0,0.0
22.990,-0.0008527679,0.0011478158,0.0006872234,0.0,-0.0,-0.0
23.010,-0.0008527679,-7.391469e-05,0.0006872234,-0.0,0.0,0.0
23.050,-0.00024190263,-0.00068477995,0.0006872234,-0.0,0.0,0.0
23.090,-0.00024190263,-0.00068477995,7.6358156e-05,-0.0,0.0,0.0
23.110,-0.00024190263,-7.391469e-05,-0.0005345071,-0.0,-0.0,0.0
23.150,-0.0008527679,-0.0012956453,-0.0005345071,-0.0,-0.0,0.0
23.191,0.00036896262,-7.391469e-05,7.6358156e-05,-0.0,-0.0,-0.0
23.211,0.00036896262,-7.391469e-05,-0.0005345071,-0.0,-0.0,0.0
23.252,-0.0008527679,0.00053695054,7.6358156e-05,0.0,-0.0,-0.0
23.291,0.0009798278,-7.391469e-05,-0.0005345071,-0.0,-0.0,0.0
23.310,0.0009798278,0.00053695054,7.6358156e-05,8.071033e-08,-1.4728028e-07,-1.1477572e-08
23.351,-0.00024190263,0.00053695054,-0.0011453724,-0.0,0.0,0.0
23.390,0.00036896262,-7.391469e-05,7.6358156e-05,-0.0,-0.0,-0.0
23.410,-0.00024190263,0.00053695054,0.0006872234,0.0,-0.0,-0.0
23.450,0.00036896262,0.00053695054,0.0006872234,-0.0,-0.0,0.0
23.490,-0.0014636331,-0.00068477995,-0.0005345071,-0.0,-0.0,0.0
23.531,-0.0008527679,-7.391469e-05,-0.0005345071,-0.0,-0.0,0.0
23.550,-0.0008527679,-7.391469e-05,-0.0005345071,-0.0,-0.0,0.0
23.590,-0.0014636331,-7.391469e-05,7.6358156e-05,-0.0,0.0,0.0
23.632,-0.00024190263,-0.0012956453,-0.0005345071,-0.0,-0.0,0.0
23.650,-0.0008527679,-0.00068477995,7.6358156e-05,-0.0,0.0,0.0
23.690,0.00036896262,-7.391469e-05,7.6358156e-05,-0.0,-0.0,-0.0
23.731,0.00036896262,-0.00068477995,-0.0005345071,-0.0,-0.0,0.0
23.751,0.00036896262,-7.391469e-05,0.0006872234,-0.0,-0.0,-0.0
23.790,0.00036896262,-7.391469e-05,-0.0011453724,-0.0,-0.0,0.0
23.831,0.00036896262,-0.00068477995,7.6358156e-05,-7.18359e-08,-3.8705515e-08,-8.0102485e-09
23.850,0.00036896262,-0.0012956453,7.6358156e-05,-0.0,-0.0,-0.0
23.890,-0.00024190263,0.0011478158,0.0006872234,0.0,-0.0,-0.0
23.930,0.00036896262,-0.00068477995,7.6358156e-05,-0.0,-0.0,-0.0
23.950,-0.00024190263,-7.391469e-05,7.6358156e-05,-0.0,0.0,0.0
23.992,0.0009798278,-7.391469e-05,7.6358156e-05,-0.0,-0.0,-0.0
24.031,0.00036896262,-0.00068477995,7.6358156e-05,-0.0,-0.0,-0.0
24.049,-0.00024190263,-0.00068477995,0.0006872234,-0.0,0.0,0.0
24.090,-0.0008527679,-0.0012956453,7.6358156e-05,-0.0,0.0,0.0
24.130,-0.0008527679,-7.391469e-05,7.6358156e-05,-0.0,0.0,0.0
24.150,0.00036896262,-0.00068477995,-0.0005345071,-0.0,-0.0,0.0
24.190,0.0009798278,0.00053695054,0.0006872234,-0.0,-0.0,0.0
24.229,0.0009798278,-7.391469e-05,7.6358156e-05,-0.0,-0.0,-0.0
24.251,-0.0008527679,-0.0012956453,0.0006872234,-2.9502263e-07,1.9417807e-07,-1.5648298e-07
24.284,0.00036896262,-7.391469e-05,-0.0005345071,-0.0,-0.0,0.0
24.330,-0.0008527679,-7.391469e-05,0.0006872234,-0.0,0.0,0.0
24.352,0.0009798278,-7.391469e-05,7.6358156e-05,-0.0,-0.0,-0.0
24.389,-0.0008527679,-7.391469e-05,7.6358156e-05,-0.0,0.0,0.0
24.430,-0.0008527679,-7.391469e-05,0.0006872234,-0.0,0.0,0.0
24.469,-0.0014636331,0.00053695054,7.6358156e-05,0.0,-0.0,-0.0
24.494,0.00036896262,-7.391469e-05,7.6358156e-05,-0.0,-0.0,-0.0
24.530,-0.00024190263,-0.00068477995,7.6358156e-05,-0.0,0.0,0.0
24.569,0.0009798278,0.00053695054,-0.0005345071,0.0,-0.0,0.0
24.589,-0.00024190263,0.00053695054,0.0006872234,0.0,-0.0,-0.0
24.631,-0.0008527679,-0.00068477995,0.0006872234,-0.0,0.0,0.0
24.671,-0.00024190263,-0.00068477995,7.6358156e-05,-0.0,0.0,0.0
24.690,-0.00024190263,0.00053695054,7.6358156e-05,0.0,-0.0,-0.0
24.730,-0.00024190263,-0.00068477995,7.6358156e-05,-0.0,0.0,0.0
24.770,-0.00024190263,-7.391469e-05,7.6358156e-05,-2.6212117e-09,8.578511e-09,-2.7078635e-09
24.790,0.0009798278,-7.391469e-05,7.6358156e-05,-0.0,-0.0,-0.0
24.830,-0.00024190263,-0.00068477995,7.6358156e-05,-0.0,0.0,0.0
24.870,0.0009798278,-0.00068477995,-0.0005345071,-0.0,-0.0,0.0
24.890,-0.0014636331,-0.00068477995,7.6358156e-05,-0.0,0.0,0.0
24.935,-0.00024190263,-0.0012956453,-0.0005345071,-0.0,-0.0,0.0
24.970,-0.0008527679,-0.0012956453,-0.0011453724,-0.0,-0.0,0.0
24.990,-0.0008527679,-0.00068477995,7.6358156e-05,-0.0,0.0,0.0
25.030,-0.0008527679,-7.391469e-05,-0.0005345071,-0.0,-0.0,0.0
25.069,-0.0008527679,-7.391469e-05,7.6358156e-05,-0.0,0.0,0.0
25.090,0.0009798278,-7.391469e-05,0.0012980887,-0.0,-0.0,-0.0
25.129,-0.00024190263,-7.391469e-05,7.6358156e-05,-0.0,0.0,0.0
25.170,-0.0008527679,-0.00068477995,7.6358156e-05,-0.0,0.0,0.0
25.209,0.00036896262,0.00053695054,0.0006872234,-0.0,-0.0,0.0
25.230,0.00036896262,-0.0012956453,7.6358156e-05,-0.0,-0.0,-0.0
25.270,0.0009798278,0.00053695054,-0.0005345071,0.0,-0.0,0.0
25.310,0.00036896262,-0.0012956453,0.0006872234,-2.6298994e-07,-7.489198e-08,-1.3949256e-07
25.329,-0.0008527679,-0.0012956453,-0.0005345071,-0.0,-0.0,0.0
25.370,0.00036896262,0.00053695054,-0.0005345071,0.0,-0.0,0.0
25.411,-0.00024190263,-0.00068477995,0.0006872234,-0.0,0.0,0.0
25.430,-0.00024190263,-7.391469e-05,7.6358156e-05,-0.0,0.0,0.0
25.470,-0.00024190263,-7.391469e-05,7.6358156e-05,-0.0,0.0,0.0
25.510,-0.00024190263,0.0011478158,7.6358156e-05,0.0,-0.0,-0.0
25.530,-0.00024190263,-0.00068477995,7.6358156e-05,-0.0,0.0,0.0
25.569,0.00036896262,0.0011478158,-0.0005345071,0.0,-0.0,0.0
25.615,-0.00024190263,0.00053695054,-0.0005345071,-0.0,0.0,0.0
25.629,-0.0014636331,-0.0012956453,0.0006872234,-0.0,0.0,0.0
25.670,-0.00024190263,-7.391469e-05,0.0006872234,-0.0,0.0,0.0
25.710,-0.00024190263,-0.00068477995,-0.0005345071,-8.2878735e-08,2.9277407e-08,6.469125e-08
25.730,-0.00024190263,-0.00068477995,-0.0005345071,-0.0,-0.0,0.0
25.771,0.00036896262,0.00053695054,0.0006872234,-0.0,-0.0,0.0
25.811,-0.00024190263,-0.00068477995,7.6358156e-05,-0.0,0.0,0.0
25.831,0.00036896262,-7.391469e-05,0.0012980887,-0.0,-0.0,-0.0
25.871,-0.00024190263,-0.0012956453,-0.0011453724,-0.0,-0.0,0.0
25.910,-0.00024190263,-0.00068477995,-0.0005345071,-0.0,-0.0,0.0
25.930,-0.0008527679,-7.391469e-05,0.0006872234,-0.0,0.0,0.0
25.970,0.0009798278,-7.391469e-05,-0.0005345071,-0.0,-0.0,0.0
26.011,-0.0008527679,-0.00068477995,7.6358156e-05,-0.0,0.0,0.0
26.053,0.00036896262,0.00053695054,7.6358156e-05,-0.0,-0.0,0.0
26.071,-0.00024190263,-0.00068477995,0.0006872234,-0.0,0.0,0.0
26.109,0.00036896262,-0.00068477995,0.0006872234,-0.0,-0.0,-0.0
26.150,-0.0014636331,0.00053695054,7.6358156e-05,0.0,-0.0,-0.0
26.169,0.0015906931,-0.00068477995,-0.0005345071,-0.0,-0.0,0.0
26.210,0.0009798278,0.00053695054,-0.0005345071,0.0,-0.0,0.0
26.251,-0.0008527679,-0.0012956453,-0.0005345071,-2.8530005e-07,1.877788e-07,1.17698065e-07
26.270,0.00036896262,-7.391469e-05,7.6358156e-05,-0.0,-0.0,-0.0
26.311,0.00036896262,0.00053695054,-0.0011453724,0.0,-0.0,0.0
26.352,-0.00024190263,0.00053695054,7.6358156e-05,0.0,-0.0,-0.0
26.370,-0.00024190263,-7.391469e-05,0.0006872234,-0.0,0.0,0.0
26.411,-0.0020744985,-0.00068477995,7.6358156e-05,-0.0,0.0,0.0
26.451,-0.00024190263,-7.391469e-05,0.0006872234,-0.0,0.0,0.0
26.470,-0.0008527679,-0.0012956453,0.0006872234,-0.0,0.0,0.0
26.511,0.00036896262,-0.00068477995,0.0006872234,-0.0,-0.0,-0.0
26.551,-0.00024190263,-0.00068477995,7.6358156e-05,-0.0,0.0,0.0
26.572,-0.0014636331,-0.0012956453,7.6358156e-05,-0.0,0.0,0.0
26.611,-0.00024190263,-7.391469e-05,7.6358156e-05,-0.0,0.0,0.0
26.650,-0.0008527679,-7.391469e-05,-0.0005345071,-1.00113935e-08,1.15503305e-07,7.239641e-08
26.671,0.0009798278,-7.391469e-05,7.6358156e-05,-0.0,-0.0,-0.0
26.710,0.00036896262,-7.391469e-05,7.6358156e-05,-0.0,-0.0,-0.0
26.750,-0.0008527679,-0.0012956453,0.0006872234,-0.0,0.0,0.0
26.773,-0.00024190263,-7.391469e-05,7.6358156e-05,-0.0,0.0,0.0
26.810,0.0009798278,-7.391469e-05,7.6358156e-05,-0.0,-0.0,-0.0
26.851,-0.0014636331,-0.0012956453,0.0006872234,-0.0,0.0,0.0
26.892,-0.00024190263,-7.391469e-05,7.6358156e-05,-0.0,0.0,0.0
26.912,-0.0008527679,-0.00068477995,0.0012980887,-0.0,0.0,0.0
26.951,-0.0008527679,-7.391469e-05,-0.0005345071,-0.0,-0.0,0.0
26.972,-0.00024190263,-7.391469e-05,-0.0005345071,-0.0,-0.0,0.0
27.014,-0.00024190263,-7.391469e-05,0.0006872234,-0.0,0.0,0.0
27.050,-0.00024190263,-7.391469e-05,7.6358156e-05,-2.6212117e-09,8.578511e-09,-2.7078635e-09
27.073,-0.00024190263,-0.0019065104,-0.0005345071,-0.0,-0.0,0.0
27.111,-0.00024190263,0.001758681,-0.0005345071,-0.0,0.0,0.0
27.152,0.00036896262,-7.391469e-05,0.0006872234,-0.0,-0.0,-0.0
27.190,-0.00024190263,0.00053695054,7.6358156e-05,4.279808e-08,1.9281046e-08,-6.0861898e-09
27.211,0.00036896262,-7.391469e-05,7.6358156e-05,-0.0,-0.0,-0.0
27.251,0.00036896262,-7.391469e-05,7.6358156e-05,-0.0,-0.0,-0.0
27.291,-0.0014636331,-0.00068477995,-0.0011453724,-0.0,-0.0,0.0
27.310,-0.00024190263,0.00053695054,0.0006872234,0.0,-0.0,-0.0
27.349,-0.00024190263,-0.0012956453,7.6358156e-05,-0.0,0.0,0.0
27.391,0.00036896262,-7.391469e-05,0.0006872234,-0.0,-0.0,-0.0
27.412,0.0009798278,-7.391469e-05,-0.0005345071,-0.0,-0.0,0.0
27.452,-0.00024190263,-0.0012956453,7.6358156e-05,-0.0,0.0,0.0
27.493,0.00036896262,-7.391469e-05,0.0006872234,-0.0,-0.0,-0.0
27.511,-0.00024190263,-7.391469e-05,-0.0005345071,-0.0,-0.0,0.0
27.551,-0.0008527679,-7.391469e-05,0.0006872234,-0.0,0.0,0.0
27.591,-0.0008527679,-0.00068477995,-0.0011453724,-1.4555462e-07,1.8126156e-07,2.434566e-07
27.610,-0.0008527679,-0.0012956453,7.6358156e-05,-0.0,0.0,0.0
27.650,-0.00024190263,-7.391469e-05,7.6358156e-05,-0.0,0.0,0.0
27.691,0.00036896262,-0.00068477995,-0.0005345071,-0.0,-0.0,0.0
27.711,0.00036896262,-0.00068477995,0.0006872234,-0.0,-0.0,-0.0
27.752,-0.00024190263,-0.00068477995,-0.0005345071,-0.0,-0.0,0.0
27.791,0.00036896262,0.0011478158,-0.0011453724,0.0,-0.0,0.0
27.831,-0.0014636331,0.0011478158,0.0012980887,0.0,-0.0,-0.0
27.852,0.0009798278,-0.0012956453,-0.0005345071,-0.0,-0.0,0.0
27.891,0.0015906931,0.00053695054,0.0006872234,-0.0,-0.0,0.0
27.931,-0.0008527679,-0.00068477995,7.6358156e-05,-0.0,0.0,0.0
27.950,0.0015906931,-0.00068477995,0.0006872234,-0.0,-0.0,-0.0
28.003,0.00036896262,-7.391469e-05,7.6358156e-05,-3.809164e-09,-1.901434e-08,-3.935087e-09
28.032,-0.00024190263,-0.00068477995,7.6358156e-05,-0.0,0.0,0.0
28.053,0.0009798278,0.00053695054,7.6358156e-05,-0.0,-0.0,0.0
28.091,-0.00024190263,-0.0012956453,7.6358156e-05,-0.0,0.0,0.0
28.130,-0.00024190263,0.00053695054,0.0006872234,6.522513e-08,2.9384696e-08,-8.3479264e-08
28.150,-0.0008527679,-0.0012956453,7.6358156e-05,-0.0,0.0,0.0
28.191,-0.00024190263,0.00053695054,7.6358156e-05,0.0,-0.0,-0.0
28.231,0.00036896262,0.001758681,0.0006872234,-0.0,-0.0,0.0
28.250,0.0015906931,0.00053695054,0.0006872234,-0.0,-0.0,0.0
28.291,0.00036896262,0.00053695054,7.6358156e-05,-0.0,-0.0,0.0
28.331,0.0009798278,-0.00068477995,7.6358156e-05,-0.0,-0.0,-0.0
28.350,-0.00024190263,-0.0012956453,7.6358156e-05,-0.0,0.0,0.0
28.390,-0.0008527679,-0.0031282408,-0.0005345071,-0.0,-0.0,0.0
28.431,-0.00024190263,-7.391469e-05,-0.0005345071,-0.0,-0.0,0.0
28.451,0.00036896262,-0.00068477995,7.6358156e-05,-0.0,-0.0,-0.0
28.491,-0.0008527679,-0.0019065104,7.6358156e-05,-0.0,0.0,0.0
28.531,-0.0008527679,-7.391469e-05,-0.0011453724,-1.4185365e-08,1.6365905e-07,2.1981428e-07
28.570,0.0009798278,-7.391469e-05,-0.0011453724,-0.0,-0.0,0.0
28.595,-0.0008527679,0.0011478158,-0.0005345071,-0.0,0.0,0.0
28.630,0.00036896262,0.00053695054,7.6358156e-05,-0.0,-0.0,0.0
28.652,-0.00024190263,-0.0012956453,7.6358156e-05,-0.0,0.0,0.0
28.690,-0.00024190263,-7.391469e-05,-0.0005345071,-0.0,-0.0,0.0
28.730,-0.0008527679,-0.0012956453,7.6358156e-05,-0.0,0.0,0.0
28.772,0.00036896262,0.0011478158,0.0006872234,-0.0,-0.0,0.0
28.791,-0.0008527679,-0.00068477995,0.0006872234,-0.0,0.0,0.0
28.831,0.00036896262,-7.391469e-05,7.6358156e-05,-0.0,-0.0,-0.0
28.871,0.00036896262,0.0011478158,7.6358156e-05,-0.0,-0.0,0.0
28.891,-0.0008527679,-7.391469e-05,0.0012980887,-0.0,0.0,0.0
28.930,-0.00024190263,-7.391469e-05,0.0006872234,-7.2648523e-09,2.3775883e-08,-6.754512e-08
28.973,-0.0014636331,-0.0012956453,0.0006872234,-0.0,0.0,0.0
28.990,-0.0008527679,-7.391469e-05,0.0006872234,-0.0,0.0,0.0
29.032,-0.0014636331,-7.391469e-05,-0.0005345071,-0.0,-0.0,0.0
29.071,0.00036896262,-7.391469e-05,0.0006872234,-7.772843e-09,-3.879997e-08,-7.226816e-08
29.090,0.00036896262,-7.391469e-05,0.0006872234,-0.0,-0.0,-0.0
29.131,-0.00024190263,-0.00068477995,0.0006872234,-0.0,0.0,0.0
29.173,-0.00024190263,0.0011478158,-0.0011453724,-0.0,0.0,0.0
29.191,-0.00024190263,-7.391469e-05,-0.0011453724,-0.0,-0.0,0.0
29.232,-0.0014636331,-7.391469e-05,7.6358156e-05,-0.0,0.0,0.0
29.272,-0.00024190263,0.00053695054,7.6358156e-05,0.0,-0.0,-0.0
29.292,-0.00024190263,-0.00068477995,7.6358156e-05,-0.0,0.0,0.0
29.341,0.0015906931,-7.391469e-05,7.6358156e-05,-0.0,-0.0,-0.0
29.370,-0.00024190263,-7.391469e-05,7.6358156e-05,-0.0,0.0,0.0
29.391,0.00036896262,-0.0012956453,0.0006872234,-0.0,-0.0,-0.0
29.430,-0.0014636331,-7.391469e-05,-0.0005345071,-0.0,-0.0,0.0
29.470,-0.0008527679,-0.00068477995,0.0012980887,-1.5600746e-07,1.9427875e-07,-2.9573226e-07
29.510,-0.0008527679,-7.391469e-05,7.6358156e-05,-0.0,0.0,0.0
29.532,-0.00024190263,-0.00068477995,-0.0011453724,-0.0,-0.0,0.0
29.570,-0.00018142698,0.0012986995,-0.00055466563,-0.0,0.0,0.0
29.610,-0.0014031575,7.696902e-05,-0.00055466563,1.5607167e-08,2.8452143e-07,1.1247081e-07
29.630,0.0016511687,0.0006878343,5.6199602e-05,-0.0,-0.0,0.0
29.670,0.00042943825,0.0006878343,5.6199602e-05,-0.0,-0.0,0.0
29.710,0.00042943825,7.696902e-05,-0.00055466563,0.0,-0.0,0.0
29.730,0.00042943825,0.0006878343,0.00066706486,-0.0,-0.0,0.0
29.771,-0.00018142698,-0.0005338962,5.6199602e-05,-0.0,0.0,0.0
29.810,-0.0014031575,7.696902e-05,0.00066706486,0.0,-0.0,-0.0
29.830,-0.00018142698,0.0006878343,-0.00055466563,-0.0,0.0,0.0
29.870,0.00042943825,0.0006878343,-0.00055466563,9.0698364e-08,-5.662606e-08,7.3138644e-08
29.911,-0.00018142698,7.696902e-05,-0.00055466563,-0.0,0.0,0.0
29.930,0.00042943825,7.696902e-05,-0.00055466563,0.0,-0.0,0.0
29.970,-0.00079229224,7.696902e-05,5.6199602e-05,0.0,-0.0,-0.0
30.010,-0.00079229224,0.0006878343,5.6199602e-05,9.700152e-08,1.1173265e-07,-7.925529e-09
30.030,0.00042943825,7.696902e-05,-0.00055466563,0.0,-0.0,0.0
30.071,-0.00079229224,7.696902e-05,5.6199602e-05,0.0,-0.0,-0.0
30.111,-0.00018142698,-0.0005338962,0.00066706486,-0.0,0.0,0.0
30.131,-0.00079229224,-0.0005338962,5.6199602e-05,-0.0,0.0,0.0
30.170,0.00042943825,7.696902e-05,0.0012779301,-0.0,-0.0,0.0
30.212,-0.0014031575,7.696902e-05,0.00066706486,0.0,-0.0,-0.0
30.250,-0.00018142698,-0.0005338962,5.6199602e-05,-0.0,0.0,0.0
30.273,-0.00018142698,7.696902e-05,5.6199602e-05,0.0,-0.0,-0.0
30.310,0.0016511687,-0.0005338962,0.0012779301,-0.0,-0.0,-0.0
30.349,-0.00018142698,-0.0005338962,-0.00055466563,-0.0,-0.0,0.0
30.369,0.0010403035,-0.0005338962,-0.00055466563,-0.0,-0.0,0.0
30.411,-0.00018142698,-0.0005338962,0.00066706486,-6.259086e-08,2.1269436e-08,-7.820277e-08
30.451,0.00042943825,0.0006878343,-0.00055466563,0.0,-0.0,0.0
30.471,0.00042943825,0.0012986995,5.6199602e-05,-0.0,-0.0,0.0
30.510,-0.0014031575,-0.0005338962,0.00066706486,-0.0,0.0,0.0
30.550,-0.00079229224,7.696902e-05,5.6199602e-05,8.243861e-09,8.485942e-08,-6.0193273e-09
30.570,0.00042943825,0.0006878343,5.6199602e-05,-0.0,-0.0,0.0
30.612,0.00042943825,-0.0005338962,-0.00055466563,-0.0,-0.0,0.0
30.652,-0.00079229224,0.0006878343,5.6199602e-05,0.0,-0.0,-0.0
30.672,-0.00018142698,7.696902e-05,5.6199602e-05,0.0,-0.0,-0.0
30.712,-0.00018142698,-0.0011447615,5.6199602e-05,-0.0,0.0,0.0
30.752,0.00042943825,0.0006878343,5.6199602e-05,-0.0,-0.0,0.0
30.772,-0.00018142698,0.0006878343,-0.00055466563,-0.0,0.0,0.0
30.811,-0.00079229224,-0.0011447615,-0.00055466563,-2.3025879e-07,1.5936266e-07,1.1156617e-07
30.851,-0.00018142698,7.696902e-05,-0.00055466563,-0.0,0.0,0.0
30.870,0.00042943825,7.696902e-05,-0.00055466563,0.0,-0.0,0.0
30.910,0.0010403035,7.696902e-05,0.00066706486,-0.0,-0.0,0.0
30.951,-0.00018142698,7.696902e-05,5.6199602e-05,2.1171036e-09,4.9903153e-09,-1.5458216e-09
30.970,-0.00079229224,7.696902e-05,5.6199602e-05,0.0,-0.0,-0.0
31.010,-0.00018142698,0.0006878343,5.6199602e-05,0.0,-0.0,-0.0
31.042,0.00042943825,7.696902e-05,5.6199602e-05,-0.0,-0.0,0.0
31.090,0.00042943825,7.696902e-05,5.6199602e-05,4.544291e-09,-2.535426e-08,-3.3180538e-09
31.111,-0.00018142698,7.696902e-05,5.6199602e-05,0.0,-0.0,-0.0
31.150,-0.00018142698,7.696902e-05,0.00066706486,0.0,-0.0,-0.0
31.190,0.00042943825,0.0006878343,0.0012779301,-0.0,-0.0,0.0
31.210,0.0010403035,0.0006878343,-0.00055466563,0.0,-0.0,0.0
31.250,-0.00018142698,7.696902e-05,5.6199602e-05,0.0,-0.0,-0.0
31.291,-0.00079229224,-0.0011447615,5.6199602e-05,-0.0,0.0,0.0
31.310,-0.00018142698,-0.0011447615,-0.00055466563,-0.0,-0.0,0.0
31.349,-0.00018142698,7.696902e-05,0.00066706486,7.185645e-09,1.693759e-08,-6.227558e-08
31.390,-0.00079229224,0.0006878343,-0.00055466563,-0.0,0.0,0.0
31.414,-0.00079229224,7.696902e-05,0.00066706486,0.0,-0.0,-0.0
31.450,-0.00018142698,0.0006878343,0.00066706486,0.0,-0.0,-0.0
31.491,0.00042943825,7.696902e-05,0.00066706486,8.234192e-09,-4.594157e-08,-7.136301e-08
31.510,0.00042943825,-0.0005338962,5.6199602e-05,-0.0,-0.0,-0.0
31.550,-0.00079229224,7.696902e-05,-0.00055466563,-0.0,0.0,0.0
31.590,-0.0014031575,-0.0005338962,-0.00055466563,-0.0,-0.0,0.0
31.610,-0.00079229224,-0.0005338962,0.00066706486,-0.0,0.0,0.0
31.650,0.00042943825,7.696902e-05,-0.00055466563,0.0,-0.0,0.0
31.690,0.0010403035,0.0006878343,0.00066706486,-0.0,-0.0,0.0
31.710,-0.00079229224,-0.0011447615,5.6199602e-05,-0.0,0.0,0.0
31.750,-0.00079229224,0.0006878343,5.6199602e-05,9.700152e-08,1.1173265e-07,-7.925529e-09
31.791,-0.00018142698,-0.0017556266,0.00066706486,-0.0,0.0,0.0
31.810,0.00042943825,7.696902e-05,5.6199602e-05,-0.0,-0.0,0.0
31.850,0.00042943825,7.696902e-05,0.00066706486,-0.0,-0.0,0.0
31.890,-0.00079229224,-0.0005338962,5.6199602e-05,-6.858008e-08,1.0177159e-07,-7.2189525e-09
31.929,0.00042943825,0.0006878343,5.6199602e-05,-0.0,-0.0,0.0
31.950,-0.00018142698,7.696902e-05,-0.00055466563,-0.0,0.0,0.0
31.990,0.00042943825,7.696902e-05,5.6199602e-05,-0.0,-0.0,0.0
32.029,0.00042943825,-0.0005338962,5.6199602e-05,-4.9263253e-08,-3.962479e-08,-5.1856066e-09
32.049,-0.00018142698,0.0006878343,5.6199602e-05,0.0,-0.0,-0.0
32.090,0.00042943825,-0.0005338962,-0.00055466563,-0.0,-0.0,0.0
32.130,-0.00018142698,0.0006878343,-0.00055466563,-0.0,0.0,0.0
32.150,-0.0014031575,-0.0011447615,5.6199602e-05,-2.7837257e-07,3.4120694e-07,-1.3666056e-08
32.191,0.00042943825,-0.0011447615,0.00066706486,-0.0,-0.0,-0.0
32.230,0.00042943825,-0.0011447615,5.6199602e-05,-0.0,-0.0,-0.0
32.251,-0.00018142698,7.696902e-05,0.00066706486,0.0,-0.0,-0.0
32.289,0.00042943825,0.0012986995,5.6199602e-05,2.3863055e-07,-7.890747e-08,-1.032643e-08
32.329,-0.00018142698,-0.0005338962,5.6199602e-05,-0.0,0.0,0.0
32.351,-0.0014031575,-0.0011447615,-0.00055466563,-0.0,-0.0,0.0
32.390,-0.00079229224,-0.0005338962,-0.00055466563,-0.0,-0.0,0.0
32.430,-0.00018142698,-0.0005338962,-0.00055466563,-5.667875e-08,1.9260398e-08,5.8883646e-08
32.451,-0.00079229224,-0.0011447615,0.00066706486,-0.0,0.0,0.0
32.491,-0.00018142698,-0.0005338962,0.00066706486,-0.0,0.0,0.0
32.531,-0.0014031575,-0.0011447615,0.00066706486,-0.0,0.0,0.0
32.551,-0.00018142698,-0.0005338962,-0.00055466563,-0.0,-0.0,0.0
32.590,-0.00018142698,7.696902e-05,5.6199602e-05,0.0,-0.0,-0.0
32.630,0.00042943825,0.0006878343,-0.00055466563,0.0,-0.0,0.0
32.650,-0.00079229224,7.696902e-05,5.6199602e-05,0.0,-0.0,-0.0
32.689,0.00042943825,-0.0005338962,-0.00055466563,-6.3169836e-08,-5.0810524e-08,6.562724e-08
32.730,0.00042943825,7.696902e-05,-0.0011655309,0.0,-0.0,0.0
32.771,0.0010403035,0.0006878343,5.6199602e-05,-0.0,-0.0,0.0
32.791,0.00042943825,0.0006878343,-0.00055466563,0.0,-0.0,0.0
32.830,-0.00018142698,-0.0005338962,0.00066706486,-6.259086e-08,2.1269436e-08,-7.820277e-08
32.870,-0.00079229224,7.696902e-05,5.6199602e-05,0.0,-0.0,-0.0
32.890,-0.00018142698,0.0006878343,0.0012779301,0.0,-0.0,-0.0
32.931,-0.00018142698,-0.0017556266,5.6199602e-05,-0.0,0.0,0.0
32.971,-0.00018142698,-0.0011447615,5.6199602e-05,-1.7829394e-07,2.8256832e-08,-8.752955e-09
32.991,0.0010403035,-0.0005338962,0.00066706486,-0.0,-0.0,-0.0
33.030,-0.00018142698,0.0006878343,0.00066706486,0.0,-0.0,-0.0
33.069,-0.00018142698,-0.0017556266,5.6199602e-05,-0.0,0.0,0.0
33.090,-0.00018142698,-0.0005338962,0.00066706486,-6.259086e-08,2.1269436e-08,-7.820277e-08
33.130,-0.00018142698,0.0012986995,5.6199602e-05,0.0,-0.0,-0.0
33.169,-0.00079229224,-0.0005338962,0.00066706486,-0.0,0.0,0.0
33.189,0.00042943825,-0.0005338962,5.6199602e-05,-0.0,-0.0,-0.0
33.230,0.00042943825,7.696902e-05,0.00066706486,8.234192e-09,-4.594157e-08,-7.136301e-08
33.271,-0.0014031575,-0.0005338962,-0.0011655309,-0.0,-0.0,0.0
33.290,-0.00018142698,7.696902e-05,-0.00055466563,-0.0,0.0,0.0
33.331,0.0016511687,-0.0005338962,0.00066706486,-0.0,-0.0,-0.0
33.370,-0.0014031575,-0.0005338962,5.6199602e-05,-1.0765588e-07,2.8293542e-07,-1.1332183e-08
33.391,-0.00018142698,-0.0005338962,-0.00055466563,-0.0,-0.0,0.0
33.431,-0.00079229224,-0.0005338962,0.00066706486,-0.0,0.0,0.0
33.470,-0.00018142698,7.696902e-05,0.00066706486,0.0,-0.0,-0.0
33.491,-0.00018142698,7.696902e-05,5.6199602e-05,0.0,-0.0,-0.0
33.530,-0.0014031575,-0.0005338962,-0.00055466563,-0.0,-0.0,0.0
33.570,0.00042943825,-0.0005338962,-0.00055466563,-0.0,-0.0,0.0
33.610,-0.00018142698,-0.0011447615,0.0012779301,-0.0,0.0,0.0
33.630,-0.00079229224,-0.0017556266,5.6199602e-05,-4.540576e-07,2.0491049e-07,-1.4534853e-08
33.670,-0.0007403687,-0.0016694948,2.9321533e-05,-0.0,0.0,0.0
33.710,0.0004813618,0.0013848315,-0.00058154366,0.0,-0.0,0.0
33.730,-0.00012950343,-0.0016694948,2.9321533e-05,-0.0,0.0,0.0
33.769,0.0004813618,0.00016310102,2.9321533e-05,1.11444765e-08,-3.2890814e-08,-2.0035011e-09
33.809,-0.0007403687,-0.0004477642,2.9321533e-05,-0.0,0.0,0.0
33.830,0.0004813618,-0.0004477642,2.9321533e-05,-0.0,-0.0,-0.0
33.870,0.0010922271,0.00016310102,-0.00058154366,0.0,-0.0,0.0
33.910,-0.00012950343,0.00016310102,0.0006401868,1.4737281e-08,1.1701511e-08,-5.7845206e-08
33.930,-0.00012950343,-0.0010586295,-0.00058154366,-0.0,-0.0,0.0
33.970,-0.00012950343,0.00016310102,2.9321533e-05,0.0,-0.0,-0.0
34.010,-0.00012950343,0.00016310102,-0.00058154366,-0.0,0.0,0.0
34.031,-0.00012950343,-0.0004477642,-0.001192409,-7.694181e-08,2.2253285e-08,2.0489824e-07
34.070,0.0004813618,0.00077396625,-0.00058154366,0.0,-0.0,0.0
34.113,0.0004813618,-0.0004477642,-0.00058154366,-0.0,-0.0,0.0
34.128,0.0004813618,-0.0004477642,-0.00058154366,-0.0,-0.0,0.0
34.170,-0.00012950343,0.00016310102,0.0006401868,1.4737281e-08,1.1701511e-08,-5.7845206e-08
34.211,-0.0007403687,-0.0010586295,-0.00058154366,-0.0,-0.0,0.0
34.230,-0.00012950343,-0.0004477642,2.9321533e-05,-0.0,0.0,0.0
34.271,0.0010922271,-0.0004477642,0.0006401868,-0.0,-0.0,-0.0
34.309,-0.0007403687,-0.0010586295,-0.00058154366,-2.0129426e-07,1.4077818e-07,1.1057826e-07
34.350,-0.00012950343,0.00016310102,-0.00058154366,-0.0,0.0,0.0
34.369,0.0004813618,-0.0004477642,-0.00058154366,-0.0,-0.0,0.0
34.410,-0.00012950343,-0.0004477642,-0.00058154366,-0.0,-0.0,0.0
34.449,-0.00012950343,0.00016310102,-0.001192409,2.6498226e-08,2.1039792e-08,1.9372486e-07
34.470,-0.0007403687,0.00016310102,2.9321533e-05,0.0,-0.0,-0.0
34.510,-0.00012950343,0.00077396625,2.9321533e-05,0.0,-0.0,-0.0
34.532,-0.0007403687,-0.0010586295,0.0006401868,-0.0,0.0,0.0
34.569,0.0017030924,0.00016310102,2.9321533e-05,3.7458555e-08,-3.9114028e-07,-6.734115e-09
34.610,-0.0013512339,-0.0010586295,2.9321533e-05,-0.0,0.0,0.0
34.650,-0.00012950343,0.00016310102,-0.00058154366,-0.0,0.0,0.0
34.669,-0.0007403687,0.00077396625,2.9321533e-05,0.0,-0.0,-0.0
34.710,-0.0007403687,-0.0004477642,-0.00058154366,-6.265279e-08,1.03595056e-07,8.137169e-08
34.750,-0.0007403687,0.0019956967,0.0006401868,0.0,-0.0,-0.0
34.770,-0.0007403687,-0.0004477642,2.9321533e-05,-0.0,0.0,0.0
34.810,0.0004813618,0.00077396625,0.0006401868,-0.0,-0.0,0.0
34.850,-0.00012950343,0.00077396625,-0.00058154366,1.01461985e-07,1.6977067e-08,7.6236624e-08
34.870,-0.00012950343,-0.0010586295,2.9321533e-05,-0.0,0.0,0.0
34.909,0.0004813618,-0.0004477642,2.9321533e-05,-0.0,-0.0,-0.0
34.950,-0.0007403687,-0.0004477642,2.9321533e-05,-0.0,0.0,0.0
34.970,-0.0007403687,0.00016310102,-0.00058154366,2.091644e-08,9.494655e-08,7.457847e-08
35.010,-0.00012950343,0.00077396625,2.9321533e-05,0.0,-0.0,-0.0
35.049,-0.0013512339,-0.0004477642,2.9321533e-05,-0.0,0.0,0.0
35.072,0.0004813618,-0.0004477642,2.9321533e-05,-0.0,-0.0,-0.0
35.112,-0.0013512339,0.00077396625,-0.00058154366,1.7267371e-07,3.0146353e-07,1.2974375e-07
35.151,0.0004813618,0.00077396625,2.9321533e-05,-0.0,-0.0,0.0
35.172,-0.00012950343,0.00077396625,2.9321533e-05,0.0,-0.0,-0.0
35.209,-0.0007403687,0.00077396625,2.9321533e-05,0.0,-0.0,-0.0
35.249,-0.00012950343,-0.0010586295,2.9321533e-05,-1.5159588e-07,1.8544908e-08,-4.198846e-09
35.290,-0.0007403687,-0.0004477642,-0.001192409,-0.0,-0.0,0.0
35.310,-0.00012950343,-0.0004477642,-0.00058154366,-0.0,-0.0,0.0
35.349,-0.0007403687,-0.0010586295,-0.00058154366,-0.0,-0.0,0.0
35.390,-0.0007403687,-0.0004477642,-0.00058154366,-6.265279e-08,1.03595056e-07,8.137169e-08
35.410,0.0010922271,0.00077396625,-0.00058154366,0.0,-0.0,0.0
35.450,0.0004813618,0.00016310102,2.9321533e-05,-0.0,-0.0,0.0
35.491,-0.00012950343,0.00016310102,2.9321533e-05,0.0,-0.0,-0.0
35.509,-0.00012950343,0.00016310102,2.9321533e-05,4.6040385e-09,3.655641e-09,-8.276923e-10
35.549,0.0010922271,0.00016310102,0.0006401868,-0.0,-0.0,0.0
35.590,0.0004813618,0.00016310102,0.0006401868,-0.0,-0.0,0.0
35.609,-0.00012950343,0.00016310102,-0.001192409,-0.0,0.0,0.0
35.649,-0.0007403687,-0.0016694948,0.001251052,-4.9603767e-07,2.199773e-07,-3.717106e-07
35.689,-0.00012950343,-0.0004477642,2.9321533e-05,-0.0,0.0,0.0
35.710,0.0004813618,0.00016310102,2.9321533e-05,-0.0,-0.0,0.0
35.750,0.0004813618,-0.0004477642,0.001251052,-0.0,-0.0,-0.0
35.789,0.0004813618,-0.0010586295,0.0006401868,-1.8861967e-07,-8.5765876e-08,-1.1406429e-07
35.810,-0.0019620992,-0.00228036,0.0006401868,-0.0,0.0,0.0
35.850,-0.0007403687,-0.0004477642,2.9321533e-05,-0.0,0.0,0.0
35.890,-0.0007403687,-0.0004477642,2.9321533e-05,-0.0,0.0,0.0
35.910,-0.0007403687,-0.0004477642,2.9321533e-05,-5.202889e-08,8.602867e-08,-3.407074e-09
35.950,-0.00012950343,0.00016310102,-0.001192409,-0.0,0.0,0.0
35.990,-0.00012950343,-0.0004477642,-0.00058154366,-0.0,-0.0,0.0
36.031,-0.00012950343,-0.0010586295,0.0006401868,-0.0,0.0,0.0
36.049,0.0004813618,-0.0010586295,0.0006401868,-1.8861967e-07,-8.5765876e-08,-1.1406429e-07
36.092,0.0004813618,-0.00228036,-0.00058154366,-0.0,-0.0,0.0
36.130,-0.00012950343,0.00016310102,2.9321533e-05,0.0,-0.0,-0.0
36.151,-0.0007403687,0.00016310102,-0.00058154366,-0.0,0.0,0.0
36.190,-0.00012950343,0.00077396625,-0.00058154366,1.01461985e-07,1.6977067e-08,7.6236624e-08
36.231,-0.00012950343,0.00016310102,0.0006401868,0.0,-0.0,-0.0
36.251,0.0010922271,0.0013848315,2.9321533e-05,-0.0,-0.0,0.0
36.289,0.0004813618,-0.0004477642,2.9321533e-05,-0.0,-0.0,-0.0
36.330,-0.00012950343,0.00016310102,-0.00058154366,1.3522326e-08,1.0736828e-08,4.821443e-08
36.354,0.0004813618,0.00016310102,2.9321533e-05,-0.0,-0.0,0.0
36.390,-0.0013512339,-0.0004477642,-0.00058154366,-0.0,-0.0,0.0
36.429,0.0004813618,-0.0004477642,-0.00058154366,-0.0,-0.0,0.0
36.450,0.0004813618,0.00016310102,-0.00058154366,1.6907265e-08,-4.9898585e-08,6.028357e-08
36.489,-0.0007403687,-0.0010586295,-0.00058154366,-0.0,-0.0,0.0
36.529,-0.0007403687,-0.0004477642,0.0006401868,-0.0,0.0,0.0
36.550,0.0004813618,0.00077396625,2.9321533e-05,-0.0,-0.0,0.0
36.592,0.0004813618,0.00016310102,0.0006401868,1.7893841e-08,-5.2810293e-08,-7.023501e-08
36.633,-0.0007403687,-0.0004477642,2.9321533e-05,-0.0,0.0,0.0
36.649,-0.0007403687,0.00016310102,-0.00058154366,-0.0,0.0,0.0
36.690,-0.0007403687,0.00077396625,0.0006401868,0.0,-0.0,-0.0
36.730,0.0010922271,0.00077396625,0.0006401868,1.5414274e-07,-2.1752743e-07,-1.2749928e-07
36.750,0.0010922271,0.00077396625,2.9321533e-05,-0.0,-0.0,0.0
36.789,-0.00012950343,-0.0004477642,2.9321533e-05,-0.0,0.0,0.0
36.830,0.0017030924,0.00077396625,-0.00058154366,0.0,-0.0,0.0
36.871,-0.00012950343,0.00016310102,2.9321533e-05,0.0,-0.0,-0.0
36.889,-0.00012950343,0.00016310102,0.0006401868,0.0,-0.0,-0.0
36.930,0.0004813618,0.00077396625,-0.001192409,0.0,-0.0,0.0
36.970,-0.0007403687,-0.0010586295,0.0006401868,-0.0,0.0,0.0
36.990,0.0017030924,0.0013848315,2.9321533e-05,4.080296e-07,-5.018026e-07,-8.639255e-09
37.029,-0.00012950343,-0.0010586295,0.0006401868,-0.0,0.0,0.0
37.070,-0.00012950343,-0.0004477642,2.9321533e-05,-0.0,0.0,0.0
37.090,0.0004813618,0.00016310102,-0.00058154366,0.0,-0.0,0.0
37.129,-0.0013512339,-0.0004477642,-0.00058154366,-9.24125e-08,2.7887643e-07,1.2002278e-07
37.174,-0.0007403687,0.00016310102,-0.001192409,-0.0,0.0,0.0
37.190,-0.00012950343,-0.0016694948,0.0006401868,-0.0,0.0,0.0
37.230,0.0004813618,0.00016310102,0.001251052,-0.0,-0.0,0.0
37.269,0.0004813618,0.00077396625,-0.0018032742,2.098924e-07,-1.3054074e-07,4.89031e-07
37.290,-0.0013512339,0.00016310102,2.9321533e-05,0.0,-0.0,-0.0
37.333,-0.0013512339,-0.0004477642,2.9321533e-05,-0.0,0.0,0.0
37.368,-0.00012950343,-0.0010586295,-0.001192409,-0.0,-0.0,0.0
37.389,-0.00012950343,0.00016310102,-0.00058154366,1.3522326e-08,1.0736828e-08,4.821443e-08
37.430,-0.0013512339,0.00016310102,2.9321533e-05,0.0,-0.0,-0.0
37.469,0.0004813618,0.00077396625,2.9321533e-05,-0.0,-0.0,0.0
37.489,0.0010922271,0.00077396625,-0.001192409,0.0,-0.0,0.0
37.531,-0.00012950343,-0.0016694948,2.9321533e-05,-3.752747e-07,2.9110222e-08,-6.590988e-09
37.570,0.0004813618,-0.0010586295,2.9321533e-05,-0.0,-0.0,-0.0
37.590,-0.0007403687,-0.0004477642,0.0006401868,-0.0,0.0,0.0
37.630,-0.00012950343,0.00077396625,2.9321533e-05,0.0,-0.0,-0.0
37.669,-0.00012950343,0.00077396625,-0.00058154366,1.01461985e-07,1.6977067e-08,7.6236624e-08
37.710,-0.0007403687,-0.0004477642,-0.00058154366,-0.0,-0.0,0.0
37.730,-0.0007403687,0.00077396625,0.001251052,0.0,-0.0,-0.0
37.772,0.0004813618,-0.0010586295,0.0006401868,-0.0,-0.0,-0.0
37.809,-0.0007403687,-0.0004477642,2.9321533e-05,-0.0,0.0,0.0
37.830,-0.00012950343,0.00016310102,2.9321533e-05,0.0,-0.0,-0.0
37.869,0.0004813618,-0.0004477642,2.9321533e-05,-0.0,-0.0,-0.0
37.910,0.0004813618,-0.0010586295,0.001251052,-0.0,-0.0,-0.0
37.930,-0.0007403687,0.00077396625,-0.00058154366,1.2660419e-07,1.2110836e-07,9.5128e-08
37.970,-0.0007403687,-0.0004477642,2.9321533e-05,-0.0,0.0,0.0
38.010,-0.00012950343,-0.0004477642,2.9321533e-05,-0.0,0.0,0.0
38.030,0.0010922271,0.0013848315,2.9321533e-05,-0.0,-0.0,0.0
38.070,-0.00012950343,-0.0004477642,2.9321533e-05,-2.8067946e-08,8.117879e-09,-1.8380102e-09
38.108,-0.00012950343,-0.0004477642,2.9321533e-05,-0.0,0.0,0.0
38.130,0.0004813618,0.00016310102,2.9321533e-05,-0.0,-0.0,0.0
38.169,0.0010922271,0.00016310102,-0.00058154366,0.0,-0.0,0.0
38.210,-0.0013512339,0.00077396625,2.9321533e-05,1.617901e-07,2.8246225e-07,-6.1294028e-09
38.229,-0.00012950343,0.00016310102,-0.00058154366,-0.0,0.0,0.0
38.270,-0.00012950343,0.0013848315,-0.001192409,-0.0,0.0,0.0
38.310,-0.00012950343,0.00016310102,-0.00058154366,-0.0,0.0,0.0
38.329,0.0004813618,0.00016310102,0.0006401868,1.7893841e-08,-5.2810293e-08,-7.023501e-08
38.369,-0.00012950343,0.00016310102,2.9321533e-05,0.0,-0.0,-0.0
38.409,-0.00012950343,-0.0004477642,0.0006401868,-0.0,0.0,0.0
38.430,-0.0007403687,-0.0004477642,2.9321533e-05,-0.0,0.0,0.0
38.468,-0.0013512339,0.00016310102,2.9321533e-05,2.9801546e-08,2.468952e-07,-5.357585e-09
38.509,0.0004813618,0.00016310102,0.0006401868,-0.0,-0.0,0.0
38.553,0.0004813618,-0.0010586295,-0.00058154366,-0.0,-0.0,0.0
38.570,0.0004813618,0.00077396625,-0.00058154366,0.0,-0.0,0.0
38.610,-0.00012950343,0.00077396625,2.9321533e-05,8.1574214e-08,1.3649355e-08,-3.090421e-09
38.649,-0.0007403687,0.00077396625,2.9321533e-05,0.0,-0.0,-0.0
38.670,0.0004813618,0.00077396625,2.9321533e-05,-0.0,-0.0,0.0
38.710,-0.0013512339,-0.0004477642,0.0006401868,-0.0,0.0,0.0
38.749,-0.00012950343,-0.0004477642,0.0006401868,-0.0,0.0,0.0
38.769,-0.0019620992,-0.0004477642,2.9321533e-05,-0.0,0.0,0.0
38.810,-0.00012950343,0.00077396625,2.9321533e-05,0.0,-0.0,-0.0
38.849,-0.0007403687,0.00016310102,0.0006401868,0.0,-0.0,-0.0
38.868,0.0005332854,0.000775188,0.00065545837,1.1930787e-07,-8.207705e-08,-1.0088048e-07
38.910,0.0011441506,-0.00044654252,-0.0011771374,-0.0,-0.0,0.0
38.948,-7.757988e-05,0.00016432274,4.4593162e-05,0.0,-0.0,-0.0
38.970,0.0011441506,-0.00044654252,4.4593162e-05,-0.0,-0.0,-0.0
39.009,-7.757988e-05,-0.0010574077,4.4593162e-05,-1.5060671e-07,1.1049714e-08,-6.3514087e-09
39.049,0.0005332854,0.00016432274,-0.00056627207,0.0,-0.0,0.0
39.069,-0.0006884452,-0.00044654252,4.4593162e-05,-0.0,0.0,0.0
39.109,0.0005332854,0.00016432274,0.0012663237,-0.0,-0.0,0.0
39.148,0.0005332854,0.000775188,0.00065545837,1.1930787e-07,-8.207705e-08,-1.0088048e-07
39.169,0.0011441506,0.0013860532,-0.00056627207,0.0,-0.0,0.0
39.210,-7.757988e-05,0.00016432274,4.4593162e-05,0.0,-0.0,-0.0
39.248,0.0011441506,-0.00044654252,4.4593162e-05,-0.0,-0.0,-0.0
39.270,-7.757988e-05,-0.00044654252,0.00065545837,-4.7761148e-08,8.297766e-09,-7.01063e-08
39.309,-7.757988e-05,0.00016432274,4.4593162e-05,0.0,-0.0,-0.0
39.353,-7.757988e-05,0.00016432274,-0.00056627207,-0.0,0.0,0.0
39.389,-7.757988e-05,0.00016432274,4.4593162e-05,0.0,-0.0,-0.0
39.409,-0.0006884452,0.00016432274,4.4593162e-05,1.5641154e-08,6.5530045e-08,-4.244626e-09
39.450,-0.0006884452,-0.00044654252,-0.00056627207,-0.0,-0.0,0.0
39.490,0.0011441506,0.000775188,4.4593162e-05,-0.0,-0.0,0.0
39.510,-7.757988e-05,-0.0010574077,0.00065545837,-0.0,0.0,0.0
39.549,0.0005332854,0.00016432274,4.4593162e-05,1.2346556e-08,-4.0068937e-08,-3.3505523e-09
39.588,-7.757988e-05,0.000775188,4.4593162e-05,0.0,-0.0,-0.0
39.609,-7.757988e-05,-0.00044654252,0.00065545837,-0.0,0.0,0.0
39.649,-7.757988e-05,-0.00044654252,4.4593162e-05,-0.0,0.0,0.0
39.689,-0.0006884452,0.000775188,-0.0011771374,-0.0,0.0,0.0
39.709,-7.757988e-05,-0.0010574077,-0.0011771374,-0.0,-0.0,0.0
39.749,0.0005332854,0.00016432274,-0.00056627207,0.0,-0.0,0.0
39.788,0.0011441506,0.0013860532,4.4593162e-05,-0.0,-0.0,0.0
39.809,-7.757988e-05,0.000775188,-0.00056627207,1.0020677e-07,1.0028577e-08,7.320069e-08
39.849,-7.757988e-05,0.0013860532,0.0012663237,0.0,-0.0,-0.0
39.889,0.0011441506,0.000775188,-0.00056627207,0.0,-0.0,0.0
39.909,-7.757988e-05,-0.00044654252,4.4593162e-05,-0.0,0.0,0.0
39.950,0.0005332854,-0.00044654252,0.00065545837,-5.728063e-08,-6.840764e-08,-8.407949e-08
39.989,0.0005332854,0.00016432274,0.00065545837,-0.0,-0.0,0.0
40.009,0.0005332854,-0.00044654252,4.4593162e-05,-0.0,-0.0,-0.0
40.051,-7.757988e-05,0.0013860532,4.4593162e-05,0.0,-0.0,-0.0
40.089,-0.0012993104,-0.0010574077,4.4593162e-05,-0.0,0.0,0.0
40.109,0.0011441506,-0.0010574077,0.0012663237,-0.0,-0.0,-0.0
40.149,0.0017550158,0.00016432274,0.0012663237,-0.0,-0.0,0.0
40.189,-7.757988e-05,-0.00044654252,0.0012663237,-0.0,0.0,0.0
40.230,-0.0012993104,0.000775188,4.4593162e-05,0.0,-0.0,-0.0
40.249,-0.0019101755,-0.0010574077,0.0012663237,-0.0,0.0,0.0
40.289,-0.0006884452,0.00016432274,-0.00056627207,-0.0,0.0,0.0
40.328,-7.757988e-05,-0.00044654252,4.4593162e-05,-0.0,0.0,0.0
40.350,-7.757988e-05,-0.00044654252,-0.00056627207,-4.3471015e-08,7.552418e-09,5.5126712e-08
40.388,-0.0006884452,-0.00044654252,4.4593162e-05,-0.0,0.0,0.0
40.429,-0.0006884452,-0.00044654252,0.00065545837,-0.0,0.0,0.0
40.450,0.0011441506,0.00016432274,4.4593162e-05,-0.0,-0.0,0.0
40.490,-0.0006884452,-0.00044654252,0.00065545837,-6.294438e-08,9.704286e-08,-9.239305e-08
40.530,-7.757988e-05,0.00016432274,-0.00056627207,-0.0,0.0,0.0
40.548,-0.0006884452,0.000775188,-0.00056627207,-0.0,0.0,0.0
40.590,-0.0006884452,-0.0010574077,0.00065545837,-0.0,0.0,0.0
40.630,-7.757988e-05,-0.0010574077,4.4593162e-05,-0.0,0.0,0.0
40.649,0.0005332854,0.00016432274,-0.00056627207,0.0,-0.0,0.0
40.689,-0.0006884452,0.000775188,4.4593162e-05,0.0,-0.0,-0.0
40.729,0.0005332854,0.0013860532,0.00065545837,-0.0,-0.0,0.0
40.750,-7.757988e-05,0.00016432274,0.00065545837,1.500141e-08,7.0824493e-09,-5.9838335e-08
40.789,-7.757988e-05,-0.00044654252,-0.0011771374,-0.0,-0.0,0.0
40.830,-0.0006884452,-0.0010574077,4.4593162e-05,-0.0,0.0,0.0
40.850,0.0011441506,0.0013860532,4.4593162e-05,-0.0,-0.0,0.0
40.889,0.0005332854,0.00016432274,4.4593162e-05,1.2346556e-08,-4.0068937e-08,-3.3505523e-09
40.931,0.0005332854,-0.00044654252,4.4593162e-05,-0.0,-0.0,-0.0
40.950,0.0011441506,0.000775188,0.00065545837,-0.0,-0.0,0.0
40.990,-7.757988e-05,-0.0010574077,-0.0011771374,-0.0,-0.0,0.0
41.029,-7.757988e-05,0.00016432274,-0.00056627207,-0.0,0.0,0.0
41.069,-0.0006884452,-0.00044654252,4.4593162e-05,-0.0,0.0,0.0
41.089,-7.757988e-05,0.00016432274,-0.00056627207,-0.0,0.0,0.0
41.130,-0.0006884452,-0.00044654252,0.00065545837,-0.0,0.0,0.0
41.176,-7.757988e-05,0.00016432274,0.00065545837,0.0,-0.0,-0.0
41.190,-0.0006884452,-0.00044654252,-0.00056627207,-0.0,-0.0,0.0
41.231,0.0005332854,0.00016432274,-0.00056627207,0.0,-0.0,0.0
41.269,0.0011441506,-0.00044654252,-0.0011771374,-0.0,-0.0,0.0
41.289,-7.757988e-05,0.00016432274,0.00065545837,1.500141e-08,7.0824493e-09,-5.9838335e-08
41.329,-7.757988e-05,-0.001668273,0.00065545837,-0.0,0.0,0.0
41.353,0.0005332854,-0.0010574077,-0.00056627207,-0.0,-0.0,0.0
41.388,0.0005332854,-0.00044654252,-0.00056627207,-0.0,-0.0,0.0
41.429,-7.757988e-05,-0.00044654252,0.00065545837,-4.7761148e-08,8.297766e-09,-7.01063e-08
41.469,-7.757988e-05,-0.00044654252,0.00065545837,-0.0,0.0,0.0
41.490,-7.757988e-05,0.00016432274,0.00065545837,0.0,-0.0,-0.0
41.529,-7.757988e-05,-0.00044654252,-0.00056627207,-0.0,-0.0,0.0
41.569,-7.757988e-05,0.000775188,4.4593162e-05,0.0,-0.0,-0.0
41.590,0.0005332854,-0.00044654252,-0.00056627207,-0.0,-0.0,0.0
41.628,0.0005332854,0.000775188,4.4593162e-05,-0.0,-0.0,0.0
41.669,-7.757988e-05,0.00016432274,-0.0011771374,-0.0,0.0,0.0
41.690,-0.0006884452,-0.00044654252,4.4593162e-05,-4.925334e-08,7.593504e-08,-4.9185944e-09
41.730,0.0011441506,-0.0010574077,-0.00056627207,-0.0,-0.0,0.0
41.769,-7.757988e-05,-0.00044654252,4.4593162e-05,-0.0,0.0,0.0
41.790,-0.0012993104,-0.00044654252,4.4593162e-05,-0.0,0.0,0.0
41.830,0.0017550158,-0.0010574077,4.4593162e-05,-2.9086155e-07,-4.827529e-07,-1.2266329e-08
41.869,-0.0012993104,0.00016432274,-0.00056627207,-0.0,0.0,0.0
41.909,0.0011441506,0.00016432274,4.4593162e-05,-0.0,-0.0,0.0
41.929,-7.757988e-05,-0.00044654252,0.00065545837,-0.0,0.0,0.0
41.969,-0.0006884452,-0.0010574077,4.4593162e-05,-0.0,0.0,0.0
42.010,-0.0019101755,0.00016432274,4.4593162e-05,0.0,-0.0,-0.0
42.030,-7.757988e-05,0.00016432274,-0.00056627207,-0.0,0.0,0.0
42.069,-0.0012993104,0.000775188,-0.00056627207,-0.0,0.0,0.0
42.108,0.0005332854,0.000775188,0.00065545837,-0.0,-0.0,0.0
42.129,-0.0006884452,0.00016432274,-0.00056627207,-0.0,0.0,0.0
42.169,-0.0006884452,-0.00044654252,-0.00056627207,-0.0,-0.0,0.0
42.210,-7.757988e-05,-0.00044654252,-0.0011771374,-0.0,-0.0,0.0
42.229,0.0017550158,-0.00044654252,4.4593162e-05,-1.0856925e-07,-4.2670237e-07,-1.0842095e-08
42.270,-7.757988e-05,-0.00044654252,0.00065545837,-0.0,0.0,0.0
42.309,-7.757988e-05,0.00016432274,0.0012663237,0.0,-0.0,-0.0
42.329,-0.0006884452,-0.00044654252,4.4593162e-05,-0.0,0.0,0.0
42.368,0.0005332854,0.00016432274,-0.00056627207,1.7534221e-08,-5.690474e-08,6.042462e-08
42.409,-7.757988e-05,0.000775188,-0.00056627207,-0.0,0.0,0.0
42.429,-0.0012993104,0.00016432274,4.4593162e-05,0.0,-0.0,-0.0
42.469,-0.0006884452,-0.00044654252,4.4593162e-05,-0.0,0.0,0.0
42.509,-0.0006884452,-0.00044654252,-0.0011771374,-0.0,-0.0,0.0
42.529,-7.757988e-05,0.00016432274,-0.00056627207,-0.0,0.0,0.0
42.569,0.0005332854,0.00016432274,0.00065545837,-0.0,-0.0,0.0
42.608,-0.0006884452,0.00016432274,4.4593162e-05,0.0,-0.0,-0.0
42.630,-0.0012993104,-0.0010574077,0.00065545837,-2.5530116e-07,3.1370635e-07,-1.5825425e-07
42.669,0.0011441506,-0.00044654252,0.00065545837,-0.0,-0.0,-0.0
42.709,-0.0006884452,-0.00044654252,0.0012663237,-0.0,0.0,0.0
42.749,-7.757988e-05,-0.00044654252,0.00065545837,-0.0,0.0,0.0
42.769,-7.757988e-05,0.00016432274,4.4593162e-05,4.126657e-09,1.9482729e-09,-1.1198734e-09
42.810,0.0005332854,-0.0010574077,-0.00056627207,-0.0,-0.0,0.0
42.849,-7.757988e-05,-0.00044654252,4.4593162e-05,-0.0,0.0,0.0
42.870,0.0005332854,0.000775188,0.00065545837,-0.0,-0.0,0.0
42.908,0.0011441506,0.000775188,0.00065545837,-0.0,-0.0,0.0
42.949,-7.757988e-05,0.000775188,-0.0011771374,-0.0,0.0,0.0
42.968,0.0011441506,0.000775188,4.4593162e-05,-0.0,-0.0,0.0
43.009,0.0005332854,0.0013860532,4.4593162e-05,-0.0,-0.0,0.0
43.049,-0.0006884452,-0.00044654252,4.4593162e-05,-0.0,0.0,0.0
43.069,-0.0006884452,0.000775188,-0.0011771374,-0.0,0.0,0.0
43.108,-0.0006884452,0.000775188,0.00065545837,0.0,-0.0,-0.0
43.149,-0.0006884452,-0.00044654252,4.4593162e-05,-0.0,0.0,0.0
43.169,-0.0006884452,-0.00044654252,0.00065545837,-6.294438e-08,9.704286e-08,-9.239305e-08
43.208,0.0011441506,0.00016432274,4.4593162e-05,-0.0,-0.0,0.0
43.248,-7.757988e-05,0.00016432274,-0.00056627207,-0.0,0.0,0.0
43.270,-0.0006884452,0.00016432274,4.4593162e-05,0.0,-0.0,-0.0
43.310,-7.757988e-05,0.000775188,4.4593162e-05,8.118921e-08,8.125318e-09,-4.670459e-09
43.348,-0.0006884452,0.00016432274,4.4593162e-05,0.0,-0.0,-0.0
43.370,0.0005332854,-0.00044654252,4.4593162e-05,-0.0,-0.0,-0.0
43.409,-6.414085e-05,0.00017776179,0.00062858034,0.0,-0.0,-0.0
43.449,-6.414085e-05,-0.0010439687,0.00062858034,-0.0,0.0,0.0
43.470,-0.0012858714,-0.00043310347,0.00062858034,-0.0,0.0,0.0
43.510,-0.0006750061,0.00017776179,0.0012394455,0.0,-0.0,-0.0
43.550,-6.414085e-05,-0.00043310347,0.00062858034,-0.0,0.0,0.0
43.588,0.0011575897,0.00017776179,1.7715092e-05,-0.0,-0.0,0.0
43.608,-6.414085e-05,-0.00043310347,1.7715092e-05,-0.0,0.0,0.0
43.648,0.00054672436,0.000788627,0.0012394455,-0.0,-0.0,0.0
43.688,0.00054672436,0.00017776179,1.7715092e-05,-0.0,-0.0,0.0
43.709,0.00054672436,0.00017776179,0.00062858034,2.0323704e-08,-6.250762e-08,-7.18663e-08
43.748,0.00054672436,0.000788627,1.7715092e-05,-0.0,-0.0,0.0
43.788,-0.0006750061,-0.00043310347,-0.00059315015,-0.0,-0.0,0.0
43.808,-6.414085e-05,0.00017776179,1.7715092e-05,0.0,-0.0,-0.0
43.849,0.0011575897,0.0013994923,0.00062858034,-0.0,-0.0,0.0
43.889,0.00054672436,0.00017776179,-0.0012040153,0.0,-0.0,0.0
43.908,0.0017684549,-0.0010439687,1.7715092e-05,-0.0,-0.0,-0.0
43.950,0.00054672436,-0.00043310347,-0.00059315015,-0.0,-0.0,0.0
43.988,-6.414085e-05,0.00017776179,-0.00059315015,-0.0,0.0,0.0
44.008,-6.414085e-05,-0.0010439687,1.7715092e-05,-0.0,0.0,0.0
44.049,0.00054672436,-0.00043310347,1.7715092e-05,-0.0,-0.0,-0.0
44.088,-6.414085e-05,0.0013994923,1.7715092e-05,0.0,-0.0,-0.0
44.108,0.00054672436,0.0013994923,0.00062858034,3.0592588e-07,-1.1951273e-07,-1.3740625e-07
44.149,-0.0006750061,0.000788627,-0.00059315015,-0.0,0.0,0.0
44.189,-6.414085e-05,0.000788627,-0.00059315015,-0.0,0.0,0.0
44.209,0.00054672436,0.000788627,1.7715092e-05,-0.0,-0.0,0.0
44.248,-6.414085e-05,0.00017776179,1.7715092e-05,4.528591e-09,1.6340276e-09,-4.5130288e-10
44.288,-0.0006750061,0.0013994923,0.00062858034,0.0,-0.0,-0.0
44.309,0.00054672436,-0.00043310347,1.7715092e-05,-0.0,-0.0,-0.0
44.347,-6.414085e-05,0.000788627,-0.00059315015,-0.0,0.0,0.0
44.388,0.00054672436,-0.0010439687,-0.00059315015,-0.0,-0.0,0.0
44.428,0.00054672436,0.0020103576,0.00062858034,-0.0,-0.0,0.0
44.448,-0.0018967367,-0.00043310347,-0.00059315015,-0.0,-0.0,0.0
44.490,-0.0006750061,0.000788627,-0.00059315015,-0.0,0.0,0.0
44.528,-6.414085e-05,-0.00043310347,0.00062858034,-0.0,0.0,0.0
44.549,-0.0006750061,-0.00043310347,0.00062858034,-0.0,0.0,0.0
44.588,0.00054672436,-0.00043310347,1.7715092e-05,-0.0,-0.0,-0.0
44.628,-6.414085e-05,0.00017776179,0.00062858034,0.0,-0.0,-0.0
44.648,-6.414085e-05,0.000788627,0.00062858034,1.0696173e-07,8.6994385e-09,-8.525455e-08
44.688,0.00054672436,-0.0010439687,1.7715092e-05,-0.0,-0.0,-0.0
44.730,-6.414085e-05,0.000788627,0.00062858034,0.0,-0.0,-0.0
44.748,0.0011575897,-0.00043310347,-0.00059315015,-0.0,-0.0,0.0
44.790,0.0011575897,0.00017776179,-0.00059315015,0.0,-0.0,0.0
44.829,-0.0012858714,0.00017776179,0.00062858034,0.0,-0.0,-0.0
44.849,-6.414085e-05,-0.00043310347,0.0012394455,-0.0,0.0,0.0
44.890,-6.414085e-05,-0.00043310347,0.00062858034,-0.0,0.0,0.0
44.929,0.0011575897,0.0013994923,1.7715092e-05,-0.0,-0.0,0.0
44.948,0.00054672436,0.00017776179,0.00062858034,-0.0,-0.0,0.0
44.988,-6.414085e-05,0.00017776179,-0.0012040153,-0.0,0.0,0.0
45.029,-6.414085e-05,0.000788627,-0.0012040153,-0.0,0.0,0.0
45.048,-6.414085e-05,0.000788627,1.7715092e-05,8.3771e-08,6.8132877e-09,-1.8817656e-09
45.089,-6.414085e-05,0.000788627,1.7715092e-05,0.0,-0.0,-0.0
45.129,0.0011575897,0.00017776179,0.0012394455,-0.0,-0.0,0.0
45.150,0.00054672436,0.00017776179,1.7715092e-05,-0.0,-0.0,0.0
45.189,-6.414085e-05,-0.00043310347,-0.00059315015,-4.285576e-08,6.346761e-09,5.8692443e-08
45.228,0.0011575897,-0.00043310347,1.7715092e-05,-0.0,-0.0,-0.0
45.253,-0.0006750061,-0.00043310347,-0.00059315015,-0.0,-0.0,0.0
45.289,-6.414085e-05,-0.0010439687,1.7715092e-05,-0.0,0.0,0.0
45.328,-6.414085e-05,0.00017776179,1.7715092e-05,0.0,-0.0,-0.0
45.367,-6.414085e-05,-0.0016548339,-0.00059315015,-0.0,-0.0,0.0
45.388,0.00054672436,0.0013994923,1.7715092e-05,-0.0,-0.0,0.0
45.429,-0.0006750061,-0.0010439687,-0.00059315015,-0.0,-0.0,0.0
45.469,-6.414085e-05,0.00017776179,0.0012394455,0.0,-0.0,-0.0
45.489,-6.414085e-05,0.00017776179,1.7715092e-05,0.0,-0.0,-0.0
45.528,0.00054672436,-0.00043310347,1.7715092e-05,-0.0,-0.0,-0.0
45.570,0.00054672436,-0.00043310347,0.00062858034,-0.0,-0.0,-0.0
45.588,0.00054672436,0.00017776179,0.00062858034,2.0323704e-08,-6.250762e-08,-7.18663e-08
45.628,-0.0012858714,-0.00043310347,-0.00059315015,-0.0,-0.0,0.0
45.668,-6.414085e-05,-0.00043310347,0.00062858034,-0.0,0.0,0.0
45.689,-6.414085e-05,-0.00043310347,1.7715092e-05,-0.0,0.0,0.0
45.729,0.00054672436,0.00017776179,-0.00059315015,0.0,-0.0,0.0
45.769,-6.414085e-05,-0.00043310347,0.00062858034,-0.0,0.0,0.0
45.788,0.00054672436,0.0013994923,1.7715092e-05,-0.0,-0.0,0.0
45.829,-6.414085e-05,0.00017776179,1.7715092e-05,0.0,-0.0,-0.0
45.869,-0.0006750061,-0.00043310347,0.00062858034,-0.0,0.0,0.0
45.888,0.00054672436,-0.00043310347,1.7715092e-05,-0.0,-0.0,-0.0
45.929,-0.0006750061,0.0013994923,-0.00059315015,-0.0,0.0,0.0
45.969,0.00054672436,-0.00043310347,0.00062858034,-0.0,-0.0,-0.0
45.989,-0.0006750061,-0.0010439687,0.00062858034,-1.9519435e-07,1.2620818e-07,-1.17527776e-07
46.029,0.0017684549,0.0013994923,0.00062858034,-0.0,-0.0,0.0
46.068,-0.0006750061,0.00017776179,-0.00059315015,-0.0,0.0,0.0
46.112,-0.0006750061,0.000788627,0.00062858034,0.0,-0.0,-0.0
46.128,0.00054672436,-0.00043310347,1.7715092e-05,-4.0558028e-08,-5.119807e-08,-1.658933e-09
46.167,-6.414085e-05,-0.0010439687,1.7715092e-05,-0.0,0.0,0.0
46.192,-0.0012858714,0.00017776179,0.00062858034,0.0,-0.0,-0.0
46.229,-6.414085e-05,0.00017776179,-0.00059315015,-0.0,0.0,0.0
46.269,-0.0006750061,0.00017776179,0.00062858034,0.0,-0.0,-0.0
46.315,-6.414085e-05,0.00017776179,1.7715092e-05,0.0,-0.0,-0.0
46.328,0.00054672436,0.000788627,-0.0012040153,0.0,-0.0,0.0
46.367,-0.0006750061,0.00017776179,0.00062858034,0.0,-0.0,-0.0
46.408,0.00054672436,-0.0010439687,0.00062858034,-0.0,-0.0,-0.0
46.429,-0.0006750061,-0.00043310347,1.7715092e-05,-0.0,0.0,0.0
46.468,-6.414085e-05,-0.00043310347,1.7715092e-05,-0.0,0.0,0.0
46.508,-0.0006750061,-0.00043310347,-0.00059315015,-0.0,-0.0,0.0
46.528,0.00054672436,0.000788627,0.00062858034,1.2142323e-07,-8.4178e-08,-9.678117e-08
46.568,-6.414085e-05,0.00017776179,1.7715092e-05,0.0,-0.0,-0.0
46.608,0.00237932,0.000788627,0.00062858034,-0.0,-0.0,0.0
46.649,0.0011575897,0.00017776179,1.7715092e-05,2.7945621e-08,-1.8198266e-07,-2.7849563e-09
46.668,-0.0012858714,-0.00043310347,1.7715092e-05,-0.0,0.0,0.0
46.709,0.0011575897,0.000788627,0.00062858034,-0.0,-0.0,0.0
46.728,-6.414085e-05,-0.0010439687,0.00062858034,-0.0,0.0,0.0
46.768,-0.0006750061,0.00017776179,0.00062858034,0.0,-0.0,-0.0
46.809,-6.414085e-05,0.0013994923,1.7715092e-05,0.0,-0.0,-0.0
46.829,-6.414085e-05,0.000788627,1.7715092e-05,0.0,-0.0,-0.0
46.870,-0.0018967367,0.00017776179,0.00062858034,0.0,-0.0,-0.0
46.909,0.00054672436,-0.0010439687,0.00062858034,-0.0,-0.0,-0.0
46.949,-0.0006750061,-0.0010439687,1.7715092e-05,-0.0,0.0,0.0
46.969,-0.0006750061,0.00017776179,0.00062858034,0.0,-0.0,-0.0
47.008,0.00054672436,0.000788627,1.7715092e-05,-0.0,-0.0,0.0
47.049,-0.0006750061,0.000788627,1.7715092e-05,1.0989214e-07,9.40595e-08,-2.4685352e-09
47.069,-0.0018967367,-0.0022656992,0.0012394455,-0.0,0.0,0.0
47.107,0.00054672436,-0.0010439687,-0.00059315015,-0.0,-0.0,0.0
47.148,0.00054672436,-0.00043310347,-0.00059315015,-0.0,-0.0,0.0
47.168,-6.414085e-05,0.00017776179,1.7715092e-05,0.0,-0.0,-0.0
47.208,0.00054672436,0.00017776179,0.00062858034,-0.0,-0.0,0.0
47.249,-6.414085e-05,-0.0016548339,-0.00059315015,-0.0,-0.0,0.0
47.268,-0.0006750061,0.00017776179,0.00062858034,0.0,-0.0,-0.0
47.307,-6.414085e-05,0.000788627,1.7715092e-05,0.0,-0.0,-0.0
47.350,-0.0006750061,0.000788627,0.00062858034,0.0,-0.0,-0.0
47.367,0.00054672436,-0.0016548339,0.00062858034,-0.0,-0.0,-0.0
47.408,0.00054672436,0.0013994923,1.7715092e-05,-0.0,-0.0,0.0
47.449,-0.0006750061,0.00017776179,0.00062858034,0.0,-0.0,-0.0
47.470,-0.0012913691,0.0001704314,-0.00062980206,3.3096214e-08,2.5077213e-07,1.2230183e-07
47.508,0.00054122665,-0.00044043383,-0.00062980206,-0.0,-0.0,0.0
47.549,0.00054122665,0.0001704314,-0.00062980206,0.0,-0.0,0.0
47.591,-0.0006805039,0.0001704314,-1.8936822e-05,1.605309e-08,6.4097286e-08,1.7836761e-09
47.608,-0.0006805039,-0.00044043383,-0.00062980206,-0.0,-0.0,0.0
47.648,-6.963864e-05,-0.00044043383,-0.00062980206,-0.0,-0.0,0.0
47.669,-0.0006805039,-0.001051299,0.00059192843,-0.0,0.0,0.0
47.708,-0.0006805039,0.0007812967,-1.8936822e-05,-0.0,0.0,0.0
47.748,0.00054122665,0.0001704314,-0.00062980206,0.0,-0.0,0.0
47.789,-6.963864e-05,0.0001704314,-1.8936822e-05,-0.0,0.0,0.0
47.808,-6.963864e-05,0.0013921618,-1.8936822e-05,-0.0,0.0,0.0
47.849,-0.0006805039,0.0007812967,-1.8936822e-05,-0.0,0.0,0.0
47.889,0.0011520919,0.0001704314,-1.8936822e-05,0.0,-0.0,0.0
47.909,-0.0012913691,0.0007812967,-1.8936822e-05,-0.0,0.0,0.0
47.948,-6.963864e-05,0.0001704314,-1.8936822e-05,-0.0,0.0,0.0
47.989,-6.963864e-05,-0.00044043383,-0.00062980206,-4.561681e-08,7.2126434e-09,6.523014e-08
48.009,-0.0006805039,-0.00044043383,-1.8936822e-05,-0.0,-0.0,0.0
48.048,-0.0012913691,-0.00044043383,0.00059192843,-0.0,0.0,0.0
48.088,0.00054122665,0.0007812967,-1.8936822e-05,0.0,-0.0,0.0
48.108,0.0011520919,0.0001704314,0.00059192843,-0.0,-0.0,0.0
48.148,-0.0006805039,-0.001051299,-1.8936822e-05,-0.0,-0.0,0.0
48.187,-0.0012913691,-0.001051299,-1.8936822e-05,-0.0,-0.0,0.0
48.208,-6.963864e-05,-0.00044043383,-1.8936822e-05,-0.0,-0.0,0.0
48.248,-0.0006805039,-0.0022730296,-1.8936822e-05,-0.0,-0.0,0.0
48.288,0.0011520919,0.0001704314,-1.8936822e-05,0.0,-0.0,0.0
48.310,0.0011520919,0.0013921618,-0.00062980206,0.0,-0.0,0.0
48.348,-0.0019022343,0.0001704314,-0.00062980206,-0.0,0.0,0.0
48.389,0.00054122665,-0.001051299,-1.8936822e-05,-0.0,-0.0,0.0
48.428,0.0011520919,0.0013921618,-1.8936822e-05,0.0,-0.0,0.0
48.448,-0.0006805039,-0.00044043383,0.00059192843,-0.0,0.0,0.0
48.488,-6.963864e-05,-0.00044043383,0.00059192843,-0.0,0.0,0.0
48.509,-0.0006805039,-0.00044043383,-1.8936822e-05,-0.0,-0.0,0.0
48.548,-0.0012913691,-0.00044043383,-1.8936822e-05,-0.0,-0.0,0.0
48.588,-6.963864e-05,-0.00044043383,-0.0012406673,-0.0,-0.0,0.0
48.627,0.00054122665,0.0001704314,-1.8936822e-05,0.0,-0.0,0.0
48.648,0.00054122665,0.0007812967,0.00059192843,-0.0,-0.0,0.0
48.688,0.0011520919,0.0007812967,-0.00062980206,0.0,-0.0,0.0
48.727,-0.0006805039,-0.001051299,-1.8936822e-05,-0.0,-0.0,0.0
48.747,-0.0006805039,-0.00044043383,-0.00062980206,-0.0,-0.0,0.0
48.786,0.00054122665,-0.00044043383,-1.8936822e-05,-0.0,-0.0,0.0
48.828,0.00054122665,0.0013921618,-1.8936822e-05,0.0,-0.0,0.0
48.849,0.00054122665,0.0001704314,0.00059192843,-0.0,-0.0,0.0
48.888,-0.0006805039,0.0007812967,0.00059192843,0.0,-0.0,-0.0
48.928,-0.0006805039,0.0001704314,-0.00062980206,2.1565391e-08,8.6106986e-08,7.9691475e-08
48.948,0.00054122665,-0.00044043383,0.00059192843,-0.0,-0.0,-0.0
48.988,-6.963864e-05,-0.00044043383,-1.8936822e-05,-0.0,-0.0,0.0
49.027,-0.0012913691,-0.001051299,0.00059192843,-0.0,0.0,0.0
49.048,-6.963864e-05,0.0007812967,-1.8936822e-05,-0.0,0.0,0.0
49.086,-6.963864e-05,-0.00044043383,0.00059192843,-0.0,0.0,0.0
49.127,0.00054122665,0.0001704314,0.00059192843,-0.0,-0.0,0.0
49.148,-6.963864e-05,0.0001704314,-0.00062980206,-0.0,0.0,0.0
49.188,-6.963864e-05,0.0007812967,0.00059192843,0.0,-0.0,-0.0
49.228,-0.0012913691,-0.0016621643,-1.8936822e-05,-0.0,-0.0,0.0
49.250,-6.963864e-05,-0.00044043383,-1.8936822e-05,-0.0,-0.0,0.0
49.288,0.00054122665,0.0013921618,-0.00062980206,0.0,-0.0,0.0
49.329,-6.963864e-05,0.0001704314,0.00059192843,0.0,-0.0,-0.0
49.368,0.00054122665,0.0007812967,-1.8936822e-05,0.0,-0.0,0.0
49.388,-0.0006805039,0.0007812967,-0.00062980206,-0.0,0.0,0.0
49.430,-6.963864e-05,0.0001704314,-1.8936822e-05,-0.0,0.0,0.0
49.450,-6.963864e-05,0.0007812967,0.0012027937,0.0,-0.0,-0.0
49.489,-6.963864e-05,0.0001704314,0.00059192843,0.0,-0.0,-0.0
49.529,-0.0012913691,-0.001051299,0.00059192843,-0.0,0.0,0.0
49.568,-0.0006805039,0.0001704314,-1.8936822e-05,-0.0,0.0,0.0
49.589,0.00054122665,-0.00044043383,-1.8936822e-05,-0.0,-0.0,0.0
49.629,-0.0012913691,-0.00044043383,-1.8936822e-05,-0.0,-0.0,0.0
49.668,0.00054122665,0.0007812967,-0.0012406673,0.0,-0.0,0.0
49.689,-0.0006805039,-0.00044043383,-0.00062980206,-0.0,-0.0,0.0
49.729,-6.963864e-05,0.0020030271,-1.8936822e-05,-0.0,0.0,0.0
49.769,0.00054122665,-0.00044043383,0.00059192843,-0.0,-0.0,-0.0
49.788,-6.963864e-05,-0.00044043383,-1.8936822e-05,-0.0,-0.0,0.0
49.830,-6.963864e-05,0.0001704314,-1.8936822e-05,-0.0,0.0,0.0
49.868,-6.963864e-05,0.0007812967,-1.8936822e-05,8.227856e-08,7.3336635e-09,1.9942414e-09
49.889,0.00054122665,-0.00044043383,-1.8936822e-05,-0.0,-0.0,0.0
49.930,-0.0006805039,-0.00044043383,-1.8936822e-05,-0.0,-0.0,0.0
49.969,-6.963864e-05,-0.0016621643,-1.8936822e-05,-0.0,-0.0,0.0
49.988,-0.0012913691,0.0001704314,0.0012027937,0.0,-0.0,-0.0
50.029,0.00054122665,0.0007812967,-0.00062980206,0.0,-0.0,0.0
50.069,-6.963864e-05,0.0001704314,-0.00062980206,-0.0,0.0,0.0
50.089,-0.0006805039,0.0001704314,-0.00062980206,-0.0,0.0,0.0
50.128,-6.963864e-05,0.0001704314,-1.8936822e-05,-0.0,0.0,0.0
50.169,-0.0019022343,-0.001051299,-1.8936822e-05,-0.0,-0.0,0.0
50.189,-6.963864e-05,0.0001704314,-0.00062980206,-0.0,0.0,0.0
50.229,0.00054122665,0.0001704314,0.00059192843,-0.0,-0.0,0.0
50.269,-0.0012913691,0.0001704314,-1.8936822e-05,-0.0,0.0,0.0
50.290,-0.0012913691,-0.00044043383,-1.8936822e-05,-8.066357e-08,2.3650873e-07,3.4682075e-09
50.329,-0.0006805039,-0.00044043383,-0.00062980206,-0.0,-0.0,0.0
50.369,-0.0006805039,-0.00044043383,-0.00062980206,-0.0,-0.0,0.0
50.409,-6.963864e-05,-0.00044043383,-0.00062980206,-4.561681e-08,7.2126434e-09,6.523014e-08
50.430,0.00054122665,-0.00044043383,0.00059192843,-0.0,-0.0,-0.0
50.469,0.0011520919,0.0001704314,-1.8936822e-05,0.0,-0.0,0.0
50.508,-6.963864e-05,-0.00044043383,-1.8936822e-05,-0.0,-0.0,0.0
50.528,0.00054122665,-0.001051299,0.00059192843,-0.0,-0.0,-0.0
50.568,-0.0006805039,-0.0016621643,0.00059192843,-0.0,0.0,0.0
50.613,-6.963864e-05,-0.00044043383,-0.00062980206,-0.0,-0.0,0.0
50.629,0.00054122665,-0.001051299,-1.8936822e-05,-0.0,-0.0,0.0
50.668,-0.0006805039,0.0001704314,-1.8936822e-05,-0.0,0.0,0.0
50.708,-0.0006805039,-0.001051299,-1.8936822e-05,-0.0,-0.0,0.0
50.729,-0.0006805039,0.0001704314,0.00059192843,0.0,-0.0,-0.0
50.768,0.0011520919,0.0007812967,-0.00062980206,0.0,-0.0,0.0
50.809,-6.963864e-05,-0.00044043383,-1.8936822e-05,-2.6383013e-08,4.171517e-09,1.1343598e-09
50.828,0.0011520919,-0.001051299,-1.8936822e-05,-0.0,-0.0,0.0
50.867,-6.963864e-05,-0.001051299,-0.00062980206,-0.0,-0.0,0.0
50.909,0.00054122665,0.0007812967,-0.00062980206,0.0,-0.0,0.0
50.929,-0.0006805039,0.0007812967,-1.8936822e-05,-0.0,0.0,0.0
50.971,-6.963864e-05,-0.00044043383,-1.8936822e-05,-0.0,-0.0,0.0
51.010,-0.0006805039,0.0007812967,0.00059192843,0.0,-0.0,-0.0
51.035,-0.0006805039,0.0001704314,0.00059192843,0.0,-0.0,-0.0
51.068,0.00054122665,-0.00044043383,0.00059192843,-0.0,-0.0,-0.0
51.108,-0.0012913691,-0.00044043383,-0.00062980206,-0.0,-0.0,0.0
51.148,-6.963864e-05,0.0007812967,-1.8936822e-05,-0.0,0.0,0.0
51.168,-0.0006805039,-0.00044043383,-1.8936822e-05,-0.0,-0.0,0.0
51.209,0.00054122665,-0.00044043383,-0.00062980206,-0.0,-0.0,0.0
51.250,-0.0006805039,-0.00044043383,-0.00062980206,-0.0,-0.0,0.0
51.271,-6.963864e-05,0.0001704314,-1.8936822e-05,-0.0,0.0,0.0
51.328,-6.963864e-05,-0.00044043383,-1.8936822e-05,-0.0,-0.0,0.0
51.348,-6.963864e-05,0.0001704314,-1.8936822e-05,4.2337143e-09,1.7299049e-09,4.704127e-10
51.368,0.00054122665,0.0001704314,0.00059192843,-0.0,-0.0,0.0
51.409,-6.963864e-05,0.0001704314,-0.00062980206,-0.0,0.0,0.0
51.449,-0.0006805039,-0.001051299,0.00059192843,-0.0,0.0,0.0
51.468,0.00054122665,-0.00044043383,-0.00062980206,-0.0,-0.0,0.0
51.509,-0.0006805039,-0.00044043383,-1.8936822e-05,-0.0,-0.0,0.0
51.550,-6.963864e-05,-0.001051299,-1.8936822e-05,-0.0,-0.0,0.0
51.569,-6.963864e-05,-0.00044043383,-1.8936822e-05,-0.0,-0.0,0.0
51.611,-6.963864e-05,-0.00044043383,-0.00062980206,-0.0,-0.0,0.0
51.648,-6.963864e-05,-0.001051299,-1.8936822e-05,-0.0,-0.0,0.0
51.689,0.00054122665,-0.001051299,-0.0012406673,-0.0,-0.0,0.0
51.708,-6.963864e-05,-0.001051299,-0.00062980206,-0.0,-0.0,0.0
51.749,-0.0006805039,0.0001704314,-1.8936822e-05,1.605309e-08,6.4097286e-08,1.7836761e-09
51.769,0.00054122665,0.0007812967,-1.8936822e-05,0.0,-0.0,0.0
51.809,0.00054122665,-0.001051299,-0.00062980206,-0.0,-0.0,0.0
51.849,0.0017629571,0.0007812967,-0.00062980206,0.0,-0.0,0.0
51.869,-0.0006805039,-0.001051299,-1.8936822e-05,-0.0,-0.0,0.0
51.908,0.00054122665,-0.00044043383,0.00059192843,-0.0,-0.0,-0.0
51.948,-0.0012913691,0.0001704314,-1.8936822e-05,-0.0,0.0,0.0
51.988,-0.0006805039,0.0001704314,-1.8936822e-05,-0.0,0.0,0.0
52.008,-0.0006805039,0.0001704314,-0.00062980206,-0.0,0.0,0.0
52.049,-6.963864e-05,0.0007812967,-0.00062980206,-0.0,0.0,0.0
52.089,0.0011520919,0.0001704314,-0.00062980206,0.0,-0.0,0.0
52.108,0.0017629571,-0.00044043383,-0.0012406673,-0.0,-0.0,0.0
52.149,-0.0006805039,0.0001704314,-0.00062980206,2.1565391e-08,8.6106986e-08,7.9691475e-08
52.188,0.00054122665,0.0020030271,-1.8936822e-05,0.0,-0.0,0.0
52.209,0.00054122665,0.0007812967,0.00059192843,-0.0,-0.0,0.0
52.249,0.0011520919,0.0001704314,-0.00062980206,0.0,-0.0,0.0
52.289,0.0017629571,0.0007812967,-0.00062980206,2.1272365e-07,-4.800002e-07,1.7147623e-07
52.310,-6.963864e-05,0.0007812967,0.00059192843,0.0,-0.0,-0.0
52.348,-0.0006805039,-0.001051299,-0.00062980206,-0.0,-0.0,0.0
52.373,0.00054122665,0.0007812967,0.00059192843,-0.0,-0.0,0.0
52.409,-0.0006805039,-0.001051299,0.00059192843,-0.0,0.0,0.0
52.449,0.00054122665,-0.00044043383,-0.00062980206,-0.0,-0.0,0.0
52.488,0.00054122665,0.0007812967,-0.00062980206,0.0,-0.0,0.0
52.508,-0.0006805039,0.0001704314,-1.8936822e-05,-0.0,0.0,0.0
52.549,-6.963864e-05,0.0001704314,-0.00062980206,-0.0,0.0,0.0
52.589,-6.963864e-05,-0.00044043383,-1.8936822e-05,-0.0,-0.0,0.0
52.608,-0.0006805039,-0.001051299,-1.8936822e-05,-0.0,-0.0,0.0
52.649,-0.0006805039,-0.00044043383,0.00059192843,-0.0,0.0,0.0
52.687,-0.0006805039,-0.00044043383,-0.00062980206,-6.068101e-08,9.375678e-08,8.677131e-08
52.710,-0.0006805039,0.0001704314,-1.8936822e-05,-0.0,0.0,0.0
52.749,-6.963864e-05,0.0007812967,0.00059192843,0.0,-0.0,-0.0
52.788,-0.0006805039,-0.001051299,0.00059192843,-0.0,0.0,0.0
52.828,0.0017629571,0.0007812967,0.00059192843,2.1152421e-07,-4.7729395e-07,-1.6025561e-07
52.849,-0.0006805039,-0.00044043383,-1.8936822e-05,-0.0,-0.0,0.0
52.891,-6.963864e-05,0.0013921618,-0.00062980206,-0.0,0.0,0.0
52.929,-0.0006805039,-0.00044043383,-0.00062980206,-0.0,-0.0,0.0
52.950,0.00054122665,0.0001704314,0.00059192843,-0.0,-0.0,0.0
52.988,0.00054122665,0.0001704314,-0.0012406673,0.0,-0.0,0.0
53.028,-6.963864e-05,0.0001704314,0.00059192843,0.0,-0.0,-0.0
53.048,0.0011520919,0.0013921618,-0.00062980206,0.0,-0.0,0.0
53.089,-0.0006805039,0.0007812967,0.00059192843,1.2513074e-07,1.08987976e-07,-9.480194e-08
53.129,-6.963864e-05,-0.001051299,-1.8936822e-05,-0.0,-0.0,0.0
53.148,-0.0006805039,0.0001704314,0.00059192843,0.0,-0.0,-0.0
53.189,-6.963864e-05,0.0007812967,-1.8936822e-05,-0.0,0.0,0.0
53.230,-0.0006805039,0.0001704314,0.00059192843,2.099653e-08,8.38356e-08,-7.292343e-08
53.250,-0.0006805039,0.0001704314,-0.00062980206,-0.0,0.0,0.0
53.290,0.00054122665,0.0001704314,-0.00062980206,0.0,-0.0,0.0
53.327,-6.963864e-05,-0.0016621643,0.00059192843,-0.0,0.0,0.0
53.348,-6.963864e-05,-0.00044043383,-1.8936822e-05,-0.0,-0.0,0.0
53.389,0.00054122665,0.0007812967,0.00059192843,-0.0,-0.0,0.0
53.429,0.00054122665,0.0001704314,-0.00062980206,0.0,-0.0,0.0
53.449,-0.0006805039,0.0007812967,-0.00062980206,-0.0,0.0,0.0
53.489,-6.963864e-05,-0.00044043383,-0.00062980206,-0.0,-0.0,0.0
53.528,-0.0006805039,0.0001704314,-0.00062980206,-0.0,0.0,0.0
53.549,-6.963864e-05,-0.00044043383,-0.00062980206,-0.0,-0.0,0.0
53.589,-0.0006805039,-0.00044043383,-1.8936822e-05,-0.0,-0.0,0.0
53.628,-6.963864e-05,0.0007812967,-1.8936822e-05,8.227856e-08,7.3336635e-09,1.9942414e-09
53.668,-6.963864e-05,-0.00044043383,0.00059192843,-0.0,0.0,0.0
53.689,0.00054122665,-0.00044043383,-0.00062980206,-0.0,-0.0,0.0
53.730,0.00054122665,0.0001704314,-1.8936822e-05,0.0,-0.0,0.0
53.770,-6.963864e-05,0.0001704314,-1.8936822e-05,4.2337143e-09,1.7299049e-09,4.704127e-10
53.789,-0.0006805039,0.0007812967,-0.00062980206,-0.0,0.0,0.0
53.828,-6.963864e-05,-0.00044043383,0.00059192843,-0.0,0.0,0.0
53.868,-6.963864e-05,0.0001704314,-1.8936822e-05,-0.0,0.0,0.0
53.888,0.0017629571,0.0013921618,-1.8936822e-05,0.0,-0.0,0.0
53.928,-0.0006805039,0.0001704314,0.00059192843,0.0,-0.0,-0.0
53.969,-0.0006805039,0.0001704314,0.00059192843,0.0,-0.0,-0.0
53.987,-0.0006805039,-0.00044043383,-1.8936822e-05,-0.0,-0.0,0.0
54.029,-6.963864e-05,0.0001704314,-0.00062980206,1.5009624e-08,6.1329652e-09,5.546567e-08
54.068,-0.0012913691,-0.00044043383,-1.8936822e-05,-0.0,-0.0,0.0
54.088,-0.0006805039,0.0013921618,0.00059192843,0.0,-0.0,-0.0
54.129,0.00054122665,0.0001704314,-1.8936822e-05,0.0,-0.0,0.0
54.168,0.00054122665,0.0001704314,-1.8936822e-05,1.29870665e-08,-4.1242085e-08,1.4430075e-09
54.189,-6.963864e-05,0.0001704314,-0.00062980206,-0.0,0.0,0.0
54.230,-0.0006805039,-0.00044043383,-1.8936822e-05,-0.0,-0.0,0.0
54.270,-0.0012913691,0.0001704314,-0.00062980206,-0.0,0.0,0.0
54.289,0.00054122665,0.0007812967,-0.00062980206,0.0,-0.0,0.0
54.331,-0.0006805039,-0.00044043383,-1.8936822e-05,-0.0,-0.0,0.0
54.366,-0.0006805039,0.0007812967,-1.8936822e-05,-0.0,0.0,0.0
54.389,0.0011520919,0.0001704314,0.00059192843,-0.0,-0.0,0.0
54.430,0.0011520919,0.0001704314,-1.8936822e-05,0.0,-0.0,0.0
54.470,0.0011520919,0.0007812967,-0.00062980206,0.0,-0.0,0.0
54.508,-0.0006805039,0.0020030271,0.00059192843,0.0,-0.0,-0.0
54.528,0.00054122665,-0.00044043383,-1.8936822e-05,-0.0,-0.0,0.0
54.568,-6.963864e-05,0.0001704314,-1.8936822e-05,4.2337143e-09,1.7299049e-09,4.704127e-10
54.608,-0.0006805039,-0.00044043383,-1.8936822e-05,-0.0,-0.0,0.0
54.628,-0.0006805039,0.0001704314,-1.8936822e-05,-0.0,0.0,0.0
54.668,0.00054122665,0.0001704314,-1.8936822e-05,0.0,-0.0,0.0
54.708,-6.963864e-05,0.0001704314,-0.00062980206,1.5009624e-08,6.1329652e-09,5.546567e-08
54.729,-6.963864e-05,-0.001051299,-0.0012406673,-0.0,-0.0,0.0
54.767,-0.0006805039,-0.00044043383,-1.8936822e-05,-0.0,-0.0,0.0
54.808,-6.963864e-05,0.0001704314,0.00059192843,0.0,-0.0,-0.0
54.828,-6.963864e-05,-0.001051299,0.00059192843,-0.0,0.0,0.0
54.868,0.0011520919,-0.001051299,0.00059192843,-0.0,-0.0,-0.0
54.908,0.0011520919,-0.00044043383,-1.8936822e-05,-0.0,-0.0,0.0
54.929,-6.963864e-05,0.0001704314,-0.00062980206,-0.0,0.0,0.0
54.968,0.0011520919,0.0007812967,-0.0012406673,1.9553659e-07,-2.883361e-07,3.1050408e-07
55.009,0.00054122665,0.0007812967,0.00059192843,-0.0,-0.0,0.0
55.028,-0.0006805039,0.0001704314,-0.00062980206,-0.0,0.0,0.0
55.069,-6.963864e-05,-0.00044043383,-1.8936822e-05,-0.0,-0.0,0.0
55.109,-6.963864e-05,0.0007812967,-0.00062980206,1.05487246e-07,9.402308e-09,8.503311e-08
55.129,0.00054122665,-0.001051299,-1.8936822e-05,-0.0,-0.0,0.0
55.168,0.0011520919,0.0007812967,-1.8936822e-05,0.0,-0.0,0.0
55.208,0.0011520919,0.0001704314,0.00059192843,-0.0,-0.0,0.0
55.229,-0.0006805039,-0.00044043383,-0.00062980206,-0.0,-0.0,0.0
55.268,0.0011520919,0.0001704314,-1.8936822e-05,0.0,-0.0,0.0
55.307,0.00054122665,-0.001051299,-0.00062980206,-0.0,-0.0,0.0
55.334,-6.963864e-05,0.0020030271,-0.00062980206,-0.0,0.0,0.0
55.368,-0.0006805039,0.0001704314,-1.8936822e-05,-0.0,0.0,0.0
55.409,-0.0006805039,-0.00044043383,-0.00062980206,-0.0,-0.0,0.0
55.449,-0.0006805039,-0.00044043383,0.00059192843,-0.0,0.0,0.0
55.468,0.00054122665,0.0013921618,0.00059192843,-0.0,-0.0,0.0
55.508,0.00054122665,0.0001704314,-0.00062980206,1.9391452e-08,-6.1580025e-08,7.1658015e-08
55.532,-6.963864e-05,0.0001704314,0.00059192843,0.0,-0.0,-0.0
55.568,-0.0012913691,0.0013921618,-0.0012406673,-0.0,0.0,0.0
55.607,-0.0006805039,-0.00044043383,-1.8936822e-05,-0.0,-0.0,0.0
55.649,-0.0006805039,0.0007812967,-0.00062980206,1.2714764e-07,1.107447e-07,1.0249351e-07
55.667,0.00054122665,0.0013921618,-0.00062980206,0.0,-0.0,0.0
55.709,-6.963864e-05,0.0007812967,0.00059192843,0.0,-0.0,-0.0
55.748,-6.963864e-05,0.0001704314,-1.8936822e-05,-0.0,0.0,0.0
55.767,-6.963864e-05,-0.00044043383,-0.00062980206,-0.0,-0.0,0.0
55.807,0.00054122665,0.0001704314,-1.8936822e-05,0.0,-0.0,0.0
55.848,-0.0006805039,0.0001704314,-1.8936822e-05,-0.0,0.0,0.0
55.868,-6.963864e-05,0.0001704314,-1.8936822e-05,-0.0,0.0,0.0
55.908,-6.963864e-05,-0.00044043383,-1.8936822e-05,-2.6383013e-08,4.171517e-09,1.1343598e-09
55.949,-0.0006805039,-0.00044043383,-1.8936822e-05,-0.0,-0.0,0.0
55.988,-0.0006805039,0.0001704314,-0.00062980206,-0.0,0.0,0.0
56.009,-6.963864e-05,0.0007812967,-0.00062980206,-0.0,0.0,0.0
56.048,-6.963864e-05,0.0001704314,-0.00062980206,1.5009624e-08,6.1329652e-09,5.546567e-08
56.088,0.0011520919,0.0007812967,0.00059192843,-0.0,-0.0,0.0
56.111,0.00054122665,-0.00044043383,-1.8936822e-05,-0.0,-0.0,0.0
56.148,-6.963864e-05,0.0001704314,-0.00062980206,-0.0,0.0,0.0
56.188,0.00054122665,-0.00044043383,-0.00062980206,-5.5565888e-08,-6.828209e-08,7.945692e-08
56.209,-0.0006805039,-0.001051299,0.00059192843,-0.0,0.0,0.0
56.249,-6.963864e-05,-0.00044043383,0.00059192843,-0.0,0.0,0.0
56.288,-0.0012913691,0.0001704314,-1.8936822e-05,-0.0,0.0,0.0
56.308,0.0011520919,-0.0016621643,0.00059192843,-0.0,-0.0,-0.0
56.349,-0.0006805039,0.0001704314,-0.00062980206,-0.0,0.0,0.0
56.389,-0.0006805039,-0.00044043383,-1.8936822e-05,-0.0,-0.0,0.0
56.407,-0.0006805039,0.0001704314,-0.00062980206,-0.0,0.0,0.0
56.451,0.00054122665,-0.0016621643,-1.8936822e-05,-3.9000113e-07,-1.2699046e-07,4.443207e-09
56.489,0.0011520919,-0.00044043383,-0.00062980206,-0.0,-0.0,0.0
56.509,0.00054122665,-0.00044043383,0.0012027937,-0.0,-0.0,-0.0
56.549,-0.0006805039,-0.001051299,-0.00062980206,-0.0,-0.0,0.0
56.588,-0.0006805039,-0.001051299,0.0012027937,-2.4500883e-07,1.585938e-07,-2.803152e-07
56.607,-6.963864e-05,0.0007812967,-0.00062980206,-0.0,0.0,0.0
56.648,0.0017629571,0.0007812967,-0.00062980206,0.0,-0.0,0.0
56.690,-6.963864e-05,-0.00044043383,0.0012027937,-0.0,0.0,0.0
56.708,-6.963864e-05,0.0001704314,-1.8936822e-05,-0.0,0.0,0.0
56.748,0.00054122665,0.0007812967,-1.8936822e-05,0.0,-0.0,0.0
56.788,-0.0006805039,-0.00044043383,-1.8936822e-05,-0.0,-0.0,0.0
56.809,-0.0012913691,-0.001051299,-0.00062980206,-0.0,-0.0,0.0
56.848,0.00054122665,0.0007812967,0.00059192843,1.1741615e-07,-8.133755e-08,-8.895719e-08
56.887,-0.0012913691,-0.00044043383,-1.8936822e-05,-0.0,-0.0,0.0
56.909,0.00054122665,-0.00044043383,0.00059192843,-0.0,-0.0,-0.0
56.949,0.00054122665,-0.00044043383,-1.8936822e-05,-0.0,-0.0,0.0
56.988,-0.0006805039,0.0001704314,-0.00062980206,2.1565391e-08,8.6106986e-08,7.9691475e-08
57.029,0.0011520919,0.0007812967,-0.00062980206,0.0,-0.0,0.0
57.048,-0.0006805039,-0.00044043383,-1.8936822e-05,-0.0,-0.0,0.0
57.088,0.00054122665,-0.001051299,-0.00062980206,-0.0,-0.0,0.0
57.127,-6.963864e-05,-0.00044043383,-1.8936822e-05,-2.6383013e-08,4.171517e-09,1.1343598e-09
57.147,0.00054122665,-0.00044043383,0.00059192843,-0.0,-0.0,-0.0
57.188,-0.0012913691,-0.00044043383,-1.8936822e-05,-0.0,-0.0,0.0
57.229,-0.0006805039,-0.001051299,-1.8936822e-05,-0.0,-0.0,0.0
57.248,0.0011520919,0.0007812967,-0.00062980206,0.0,-0.0,0.0
57.288,-0.0006805039,-0.00044043383,-1.8936822e-05,-0.0,-0.0,0.0
57.328,-6.963864e-05,-0.00044043383,0.0012027937,-0.0,0.0,0.0
57.348,-6.963864e-05,-0.00044043383,0.00059192843,-0.0,0.0,0.0
57.388,0.00054122665,0.0007812967,-0.00062980206,1.1956327e-07,-8.2824904e-08,9.637978e-08
57.427,0.00054122665,-0.001051299,-1.8936822e-05,-0.0,-0.0,0.0
57.449,0.00054122665,-0.00044043383,0.00059192843,-0.0,-0.0,-0.0
57.488,-0.0006805039,-0.00044043383,-1.8936822e-05,-0.0,-0.0,0.0
57.527,-6.963864e-05,-0.001051299,-1.8936822e-05,-1.486905e-07,9.849343e-09,2.6783307e-09
57.548,-6.963864e-05,-0.00044043383,-1.8936822e-05,-0.0,-0.0,0.0
57.588,0.0011520919,0.0007812967,-1.8936822e-05,0.0,-0.0,0.0
57.628,0.00054122665,0.0007812967,0.00059192843,-0.0,-0.0,0.0
57.667,0.00054122665,-0.00044043383,-0.0012406673,-8.414489e-08,-1.0340138e-07,2.3702954e-07
57.688,0.00054122665,0.0001704314,-0.00062980206,0.0,-0.0,0.0
57.728,0.00054122665,0.0007812967,0.00059192843,-0.0,-0.0,0.0
57.749,-6.963864e-05,0.0001704314,0.00059192843,0.0,-0.0,-0.0
57.788,0.00054122665,0.0001704314,-1.8936822e-05,1.29870665e-08,-4.1242085e-08,1.4430075e-09
57.829,-6.963864e-05,0.0001704314,-1.8936822e-05,-0.0,0.0,0.0
57.869,-0.0006805039,-0.00044043383,-0.00062980206,-0.0,-0.0,0.0
57.888,0.00054122665,0.0007812967,-1.8936822e-05,0.0,-0.0,0.0
57.929,-6.963864e-05,0.0001704314,-0.00062980206,1.5009624e-08,6.1329652e-09,5.546567e-08
57.970,-0.0006805039,-0.00044043383,-1.8936822e-05,-0.0,-0.0,0.0
57.989,-0.0006805039,0.0007812967,-0.00062980206,-0.0,0.0,0.0
58.027,-6.963864e-05,-0.001051299,0.00059192843,-0.0,0.0,0.0
58.068,-6.963864e-05,-0.00044043383,0.00059192843,-4.380867e-08,6.926754e-09,-5.8877394e-08
58.087,-0.0012913691,0.0007812967,0.00059192843,0.0,-0.0,-0.0
58.128,-0.0012913691,-0.00044043383,-1.8936822e-05,-0.0,-0.0,0.0
58.168,-0.0019022343,-0.0016621643,-0.0012406673,-0.0,-0.0,0.0
58.187,0.00054122665,0.0001704314,-0.00062980206,0.0,-0.0,0.0
58.228,0.00054122665,-0.00044043383,0.00059192843,-0.0,-0.0,-0.0
58.268,-6.963864e-05,-0.001051299,0.00059192843,-0.0,0.0,0.0
58.290,0.00054122665,-0.0016621643,-1.8936822e-05,-0.0,-0.0,0.0
58.327,-6.963864e-05,-0.00044043383,-0.00062980206,-4.561681e-08,7.2126434e-09,6.523014e-08
58.367,-6.963864e-05,0.0001704314,-0.00062980206,-0.0,0.0,0.0
58.388,-0.0006805039,-0.001051299,0.00059192843,-0.0,0.0,0.0
58.427,-6.963864e-05,-0.001051299,0.00059192843,-0.0,0.0,0.0
58.468,0.0011520919,0.0001704314,-0.00062980206,3.028672e-08,-2.0473382e-07,1.11919704e-07
58.508,-0.0006805039,-0.00044043383,-0.00062980206,-0.0,-0.0,0.0
58.528,0.00054122665,-0.00044043383,-1.8936822e-05,-0.0,-0.0,0.0
58.568,0.00054122665,0.0001704314,-0.00062980206,0.0,-0.0,0.0
58.589,0.0011520919,0.0001704314,-1.8936822e-05,0.0,-0.0,0.0
58.629,-0.0006805039,0.0007812967,-1.8936822e-05,-0.0,0.0,0.0
58.667,-0.0012913691,-0.0016621643,0.00059192843,-0.0,0.0,0.0
58.708,-0.0006805039,-0.001051299,0.0012027937,-0.0,0.0,0.0
58.728,-6.963864e-05,0.0001704314,-1.8936822e-05,4.2337143e-09,1.7299049e-09,4.704127e-10
58.768,0.00054122665,-0.00044043383,0.0012027937,-0.0,-0.0,-0.0
58.807,0.00054122665,-0.00044043383,0.00059192843,-0.0,-0.0,-0.0
58.828,-6.963864e-05,0.0001704314,-1.8936822e-05,-0.0,0.0,0.0
58.867,0.00054122665,-0.0016621643,0.00059192843,-4.1172976e-07,-1.340656e-07,-1.4662484e-07
58.909,0.00054122665,0.0001704314,-1.8936822e-05,0.0,-0.0,0.0
58.928,0.00054122665,0.0013921618,-0.00062980206,0.0,-0.0,0.0
58.968,-6.963864e-05,0.0001704314,-0.00062980206,-0.0,0.0,0.0
59.008,0.00054122665,0.0001704314,-1.8936822e-05,1.29870665e-08,-4.1242085e-08,1.4430075e-09
59.028,-0.0006805039,0.0001704314,-0.00062980206,-0.0,0.0,0.0
59.068,-6.963864e-05,0.0007812967,-1.8936822e-05,-0.0,0.0,0.0
59.108,0.00054122665,-0.00044043383,-1.8936822e-05,-0.0,-0.0,0.0
59.127,-0.0006805039,0.0001704314,-1.8936822e-05,1.605309e-08,6.4097286e-08,1.7836761e-09
59.167,-0.0006805039,0.0007812967,0.00059192843,0.0,-0.0,-0.0
59.208,-0.0006805039,-0.0016621643,0.00059192843,-0.0,0.0,0.0
59.228,0.00054122665,-0.0016621643,-1.8936822e-05,-0.0,-0.0,0.0
59.268,-6.963864e-05,0.0007812967,-1.8936822e-05,8.227856e-08,7.3336635e-09,1.9942414e-09
59.308,-6.963864e-05,-0.00044043383,-1.8936822e-05,-0.0,-0.0,0.0
59.328,-0.0006805039,0.0007812967,0.00059192843,0.0,-0.0,-0.0
59.367,0.00054122665,0.0001704314,-1.8936822e-05,0.0,-0.0,0.0
59.406,-6.963864e-05,-0.001051299,-1.8936822e-05,-1.486905e-07,9.849343e-09,2.6783307e-09
59.448,-6.963864e-05,-0.0016621643,-0.00062980206,-0.0,-0.0,0.0
59.468,-6.963864e-05,-0.001051299,-0.00062980206,-0.0,-0.0,0.0
59.507,-6.963864e-05,0.0001704314,-1.8936822e-05,-0.0,0.0,0.0
59.547,-6.963864e-05,-0.00044043383,-1.8936822e-05,-2.6383013e-08,4.171517e-09,1.1343598e-09
59.568,-0.0012913691,-0.001051299,0.00059192843,-0.0,0.0,0.0
59.608,-0.0006805039,-0.001051299,-0.00062980206,-0.0,-0.0,0.0
59.648,-0.0006805039,-0.00044043383,-1.8936822e-05,-0.0,-0.0,0.0
59.668,-0.0006805039,0.0001704314,0.00059192843,2.099653e-08,8.38356e-08,-7.292343e-08
59.707,-0.0006805039,-0.00044043383,0.0012027937,-0.0,0.0,0.0
59.747,-6.963864e-05,0.0013921618,-0.00062980206,-0.0,0.0,0.0
59.767,-0.0006805039,-0.001051299,-1.8936822e-05,-0.0,-0.0,0.0
59.807,-0.0006805039,-0.001051299,0.0012027937,-2.4500883e-07,1.585938e-07,-2.803152e-07
59.847,-0.0006805039,0.0001704314,-0.00062980206,-0.0,0.0,0.0
59.868,-6.963864e-05,-0.0016621643,-0.00062980206,-0.0,-0.0,0.0
59.907,-0.0006805039,0.0001704314,0.00059192843,0.0,-0.0,-0.0
59.947,-6.963864e-05,0.0007812967,-1.8936822e-05,8.227856e-08,7.3336635e-09,1.9942414e-09
59.967,-6.963864e-05,-0.001051299,0.00059192843,-0.0,0.0,0.0
