timestamp,x,y,z
00.002,-4.008016,-8.9498,-0.5889916
00.031,-4.000833,-8.959376,-0.5985687
00.065,-4.0128045,-8.947405,-0.58420306
00.103,-4.005622,-8.954588,-0.5770202
00.132,-4.008016,-8.959376,-0.5794145
00.164,-3.991256,-8.952193,-0.5650489
00.204,-4.005622,-8.959376,-0.5770202
00.232,-4.005622,-8.959376,-0.59378016
00.271,-3.9864676,-8.966559,-0.57462597
00.305,-4.000833,-8.9498,-0.5865973
00.344,-4.005622,-8.966559,-0.5913859
00.372,-4.0104103,-8.961771,-0.5794145
00.403,-3.981679,-8.935433,-0.5770202
00.433,-4.008016,-8.945011,-0.56744313
00.472,-4.0104103,-8.956982,-0.58420306
00.502,-3.9984388,-8.952193,-0.5794145
00.544,-4.005622,-8.935433,-0.5913859
00.572,-3.9984388,-8.942616,-0.57462597
00.604,-3.9864676,-8.930645,-0.5770202
00.645,-4.0032277,-8.940222,-0.5794145
00.672,-4.008016,-8.940222,-0.5650489
00.704,-4.000833,-8.964165,-0.5889916
00.743,-4.0151987,-8.959376,-0.5794145
00.772,-3.9984388,-8.952193,-0.5818088
00.802,-4.017593,-8.954588,-0.5889916
00.843,-3.981679,-8.940222,-0.5770202
00.872,-3.9840732,-8.956982,-0.5770202
00.912,-4.017593,-8.9498,-0.5865973
00.943,-4.022382,-8.942616,-0.5698374
00.972,-4.0032277,-8.947405,-0.5961744
01.012,-4.005622,-8.954588,-0.57223165
01.042,-4.000833,-8.954588,-0.5889916
01.072,-4.0128045,-8.954588,-0.59378016
01.112,-3.991256,-8.959376,-0.5985687
01.143,-4.02717,-8.940222,-0.5794145
01.172,-4.008016,-8.947405,-0.57223165
01.205,-3.9888618,-8.959376,-0.5818088
01.246,-3.9936504,-8.9498,-0.5889916
01.283,-3.9864676,-8.945011,-0.5961744
01.307,-4.017593,-8.959376,-0.57462597
01.345,-3.9960446,-8.956982,-0.56744313
01.384,-3.9936504,-8.956982,-0.5770202
01.411,-4.008016,-8.952193,-0.5913859
01.442,-4.0032277,-8.952193,-0.5913859
01.484,-3.9888618,-8.945011,-0.5961744
01.514,-3.9768906,-8.947405,-0.59378016
01.545,-4.008016,-8.961771,-0.5865973
01.583,-3.9984388,-8.947405,-0.57223165
01.612,-3.991256,-8.952193,-0.56744313
01.643,-3.9744961,-8.961771,-0.58420306
01.683,-4.008016,-8.952193,-0.5770202
01.713,-4.008016,-8.964165,-0.5770202
01.744,-4.0104103,-8.9498,-0.58420306
01.784,-4.0151987,-8.935433,-0.5698374
01.812,-3.9936504,-8.937828,-0.58420306
01.845,-3.9960446,-8.956982,-0.5794145
01.884,-3.9984388,-8.954588,-0.57462597
01.912,-4.005622,-8.952193,-0.58420306
01.944,-4.017593,-8.940222,-0.58420306
01.983,-4.008016,-8.961771,-0.5794145
02.027,-4.008016,-8.945011,-0.5698374
02.051,-3.9936504,-8.947405,-0.5913859
02.084,-3.9984388,-8.959376,-0.5889916
02.112,-4.0104103,-8.956982,-0.5698374
02.153,-3.9864676,-8.952193,-0.59378016
02.184,-3.991256,-8.945011,-0.5865973
02.223,-4.008016,-8.964165,-0.5698374
02.253,-4.0032277,-8.964165,-0.5913859
02.283,-3.981679,-8.9498,-0.5961744
02.326,-4.005622,-8.952193,-0.5770202
02.351,-4.008016,-8.940222,-0.5794145
02.383,-3.9984388,-8.952193,-0.55786604
02.423,-4.008016,-8.945011,-0.57223165
02.452,-3.9864676,-8.961771,-0.5818088
02.482,-4.0104103,-8.945011,-0.5865973
02.524,-3.9960446,-8.959376,-0.5794145
02.551,-4.0032277,-8.947405,-0.60335726
02.584,-4.0032277,-8.9498,-0.5889916
02.623,-4.0151987,-8.964165,-0.57223165
02.651,-4.0128045,-8.964165,-0.58420306
02.692,-4.017593,-8.952193,-0.5961744
02.722,-4.008016,-8.959376,-0.58420306
02.752,-4.0104103,-8.9498,-0.5889916
02.791,-3.9960446,-8.952193,-0.5770202
02.824,-4.0104103,-8.945011,-0.56744313
02.852,-4.005622,-8.947405,-0.5865973
02.891,-3.991256,-8.954588,-0.5698374
02.922,-3.9864676,-8.952193,-0.5889916
02.962,-4.0032277,-8.952193,-0.57223165
02.991,-4.0151987,-8.952193,-0.5865973
03.023,-4.008016,-8.925857,-0.5865973
03.063,-4.017593,-8.945011,-0.5913859
03.092,-3.9936504,-8.947405,-0.5794145
03.122,-4.000833,-8.954588,-0.5961744
03.163,-4.008016,-8.954588,-0.5865973
03.191,-4.005622,-8.956982,-0.5770202
03.223,-4.005622,-8.940222,-0.5889916
03.263,-4.0032277,-8.971348,-0.5818088
03.293,-4.000833,-8.956982,-0.5770202
03.324,-3.991256,-8.947405,-0.57223165
03.365,-3.9864676,-8.968953,-0.5889916
03.392,-3.9960446,-8.937828,-0.59378016
03.424,-4.0128045,-8.954588,-0.600963
03.464,-4.0104103,-8.971348,-0.57223165
03.492,-4.008016,-8.956982,-0.5913859
03.524,-4.0032277,-8.956982,-0.60335726
03.564,-4.0199876,-8.959376,-0.57462597
03.593,-3.991256,-8.940222,-0.58420306
03.631,-4.008016,-8.954588,-0.5889916
03.664,-4.000833,-8.9498,-0.5770202
03.694,-3.9984388,-8.971348,-0.59378016
03.726,-3.981679,-8.937828,-0.5818088
03.764,-3.991256,-8.956982,-0.5794145
03.792,-4.0032277,-8.959376,-0.5794145
03.833,-4.008016,-8.945011,-0.58420306
03.865,-4.0104103,-8.952193,-0.5770202
03.904,-3.991256,-8.9498,-0.5818088
03.932,-3.9960446,-8.952193,-0.5770202
03.963,-3.9936504,-8.971348,-0.5818088
04.004,-3.9960446,-8.961771,-0.58420306
04.035,-3.9984388,-8.952193,-0.56744313
04.062,-4.0032277,-8.961771,-0.5913859
04.103,-4.008016,-8.971348,-0.5794145
04.131,-4.0032277,-8.9498,-0.5770202
04.163,-3.9936504,-8.9498,-0.5889916
04.204,-4.000833,-8.9498,-0.5794145
04.232,-4.000833,-8.961771,-0.57462597
04.264,-4.000833,-8.942616,-0.59378016
04.304,-3.9960446,-8.937828,-0.57223165
04.333,-3.9960446,-8.952193,-0.58420306
04.373,-4.008016,-8.954588,-0.57223165
04.403,-3.9936504,-8.942616,-0.5770202
04.433,-3.9744961,-8.945011,-0.5818088
04.473,-3.9888618,-8.9498,-0.5913859
04.502,-4.0151987,-8.9498,-0.5770202
04.533,-3.9984388,-8.956982,-0.5865973
04.573,-3.9864676,-8.9498,-0.5889916
04.604,-3.9888618,-8.954588,-0.57223165
04.633,-3.9960446,-8.959376,-0.56265455
04.671,-3.991256,-8.945011,-0.5818088
04.702,-3.991256,-8.959376,-0.59378016
04.733,-4.0151987,-8.9498,-0.5913859
04.773,-4.000833,-8.935433,-0.57223165
04.804,-4.0128045,-8.954588,-0.5865973
04.847,-4.000833,-8.9498,-0.5985687
04.872,-4.000833,-8.956982,-0.58420306
04.904,-3.9936504,-8.945011,-0.5794145
04.943,-4.000833,-8.9498,-0.57462597
04.972,-3.991256,-8.9498,-0.5865973
05.004,-4.0032277,-8.956982,-0.5698374
05.043,-3.9864676,-8.940222,-0.5865973
05.072,-3.9864676,-8.956982,-0.5650489
05.104,-4.0128045,-8.961771,-0.57223165
05.144,-4.0032277,-8.964165,-0.5913859
05.173,-4.008016,-8.961771,-0.5889916
05.204,-3.9864676,-8.952193,-0.5698374
05.245,-4.0032277,-8.940222,-0.5818088
05.272,-4.000833,-8.940222,-0.5794145
05.313,-3.9936504,-8.937828,-0.57223165
05.345,-3.9984388,-8.959376,-0.5889916
05.372,-3.9984388,-8.952193,-0.5794145
05.414,-4.000833,-8.956982,-0.5913859
05.444,-3.991256,-8.964165,-0.5865973
05.473,-3.9888618,-8.954588,-0.58420306
05.512,-3.9936504,-8.952193,-0.56744313
05.543,-3.9984388,-8.952193,-0.5865973
05.573,-4.0104103,-8.966559,-0.5698374
05.613,-4.0032277,-8.961771,-0.5698374
05.644,-4.0104103,-8.954588,-0.57462597
05.684,-4.0032277,-8.952193,-0.57462597
05.712,-3.9888618,-8.935433,-0.5865973
05.745,-4.005622,-8.935433,-0.5794145
05.784,-3.9960446,-8.947405,-0.5961744
05.811,-4.0032277,-8.961771,-0.5818088
05.844,-4.000833,-8.945011,-0.58420306
05.884,-4.005622,-8.956982,-0.5889916
05.912,-3.9864676,-8.956982,-0.5698374
05.944,-4.000833,-8.9498,-0.57223165
05.984,-3.9864676,-8.940222,-0.5818088
06.012,-4.0128045,-8.947405,-0.600963
06.045,-3.9960446,-8.959376,-0.5770202
06.084,-4.0032277,-8.964165,-0.5889916
06.113,-3.9960446,-8.9498,-0.57223165
06.144,-4.005622,-8.973742,-0.5794145
06.183,-4.000833,-8.9498,-0.57462597
06.213,-3.9864676,-8.959376,-0.600963
06.253,-4.0032277,-8.945011,-0.5865973
06.283,-4.0032277,-8.959376,-0.5818088
06.313,-3.9840732,-8.952193,-0.5889916
06.352,-4.0032277,-8.966559,-0.5770202
06.383,-4.008016,-8.961771,-0.5794145
06.413,-4.0104103,-8.947405,-0.5818088
06.453,-4.0104103,-8.968953,-0.5818088
06.483,-3.991256,-8.952193,-0.57462597
06.525,-3.9936504,-8.956982,-0.57223165
06.552,-4.0128045,-8.945011,-0.5770202
06.584,-4.008016,-8.952193,-0.57462597
06.623,-4.0151987,-8.937828,-0.57462597
06.652,-3.9960446,-8.945011,-0.5865973
06.683,-3.9936504,-8.964165,-0.57462597
06.723,-4.0032277,-8.952193,-0.5913859
06.752,-4.005622,-8.947405,-0.5794145
06.784,-3.9984388,-8.947405,-0.5650489
06.823,-3.9960446,-8.940222,-0.5818088
06.851,-4.0032277,-8.966559,-0.57223165
06.884,-4.0128045,-8.9498,-0.58420306
06.924,-3.9984388,-8.954588,-0.55786604
06.952,-3.991256,-8.9498,-0.5770202
06.993,-3.9864676,-8.937828,-0.5794145
07.023,-4.0128045,-8.971348,-0.5961744
07.053,-3.9984388,-8.952193,-0.5865973
07.092,-4.0032277,-8.959376,-0.57462597
07.123,-4.008016,-8.959376,-0.58420306
07.152,-3.9984388,-8.959376,-0.5698374
07.192,-3.991256,-8.959376,-0.5698374
07.223,-3.9936504,-8.937828,-0.5818088
07.253,-4.0032277,-8.947405,-0.5889916
07.292,-4.017593,-8.952193,-0.5818088
07.325,-4.000833,-8.940222,-0.5889916
07.364,-4.024776,-8.945011,-0.5650489
07.391,-4.022382,-8.954588,-0.5770202
07.422,-3.9960446,-8.964165,-0.5913859
07.464,-4.005622,-8.961771,-0.6081458
07.492,-4.000833,-8.945011,-0.5794145
07.529,-4.008016,-8.9498,-0.5650489
07.562,-4.0104103,-8.9498,-0.5889916
07.593,-3.9936504,-8.966559,-0.5794145
07.624,-3.9960446,-8.954588,-0.5818088
07.663,-3.9960446,-8.954588,-0.59378016
07.692,-3.9960446,-8.9498,-0.5961744
07.724,-3.9888618,-8.945011,-0.5818088
07.762,-3.991256,-8.952193,-0.5770202
07.792,-3.9960446,-8.937828,-0.5650489
07.831,-3.9936504,-8.954588,-0.5865973
07.864,-3.9840732,-8.954588,-0.58420306
07.904,-3.9984388,-8.9498,-0.5818088
07.932,-4.024776,-8.947405,-0.5913859
07.964,-4.008016,-8.961771,-0.57223165
07.993,-4.0104103,-8.942616,-0.5794145
08.033,-4.005622,-8.947405,-0.5985687
08.065,-4.0128045,-8.9498,-0.57223165
08.104,-4.0128045,-8.9498,-0.57223165
08.133,-4.005622,-8.968953,-0.57223165
08.164,-4.000833,-8.959376,-0.5961744
08.204,-3.9960446,-8.961771,-0.5889916
08.233,-3.9936504,-8.942616,-0.5770202
08.264,-4.005622,-8.942616,-0.5913859
08.303,-4.0128045,-8.947405,-0.5865973
08.333,-3.9864676,-8.961771,-0.5794145
08.364,-4.0128045,-8.961771,-0.5650489
08.405,-4.008016,-8.942616,-0.59378016
08.433,-4.0032277,-8.961771,-0.57462597
08.464,-4.000833,-8.956982,-0.58420306
08.505,-4.0032277,-8.952193,-0.5602603
08.533,-4.005622,-8.954588,-0.58420306
08.564,-3.9960446,-8.937828,-0.56744313
08.605,-3.9960446,-8.942616,-0.57223165
08.633,-3.9984388,-8.9498,-0.5865973
08.664,-3.9984388,-8.954588,-0.58420306
08.704,-3.991256,-8.954588,-0.57462597
08.732,-4.005622,-8.9498,-0.5913859
08.765,-4.000833,-8.945011,-0.5818088
08.804,-3.991256,-8.952193,-0.58420306
08.833,-3.9864676,-8.971348,-0.5794145
08.873,-4.0104103,-8.947405,-0.59378016
08.904,-4.017593,-8.952193,-0.5865973
08.933,-3.9864676,-8.954588,-0.5985687
08.972,-4.008016,-8.954588,-0.57462597
09.003,-3.9936504,-8.952193,-0.5889916
09.046,-4.008016,-8.945011,-0.5961744
09.072,-3.9936504,-8.952193,-0.5889916
09.103,-4.000833,-8.942616,-0.5913859
09.146,-3.9984388,-8.964165,-0.5961744
09.173,-3.9936504,-8.954588,-0.57462597
09.203,-4.0032277,-8.947405,-0.5770202
09.244,-3.9960446,-8.942616,-0.5794145
09.274,-3.9840732,-8.956982,-0.5698374
09.304,-4.005622,-8.954588,-0.5770202
09.344,-3.9888618,-8.9498,-0.5770202
09.373,-3.9984388,-8.945011,-0.5770202
09.404,-3.9864676,-8.966559,-0.60335726
09.443,-4.000833,-8.942616,-0.5865973
09.473,-4.017593,-8.93304,-0.57462597
09.512,-3.9936504,-8.9498,-0.5770202
09.543,-4.0032277,-8.940222,-0.5913859
09.573,-3.991256,-8.956982,-0.5889916
09.613,-4.0151987,-8.940222,-0.5794145
09.643,-3.9936504,-8.940222,-0.5865973
09.673,-4.017593,-8.954588,-0.5650489
09.713,-3.9888618,-8.959376,-0.58420306
09.754,-4.005622,-8.945011,-0.5794145
09.784,-4.0151987,-8.954588,-0.57223165
09.812,-4.0032277,-8.959376,-0.5913859
09.843,-3.9960446,-8.956982,-0.5889916
09.882,-3.9984388,-8.956982,-0.5961744
09.912,-4.000833,-8.971348,-0.57462597
09.943,-4.000833,-8.961771,-0.57223165
09.984,-3.991256,-8.947405,-0.5961744
10.012,-3.9984388,-8.961771,-0.5818088
10.043,-3.981679,-8.959376,-0.5794145
10.084,-3.9888618,-8.952193,-0.5602603
10.111,-3.9864676,-8.954588,-0.5794145
10.143,-3.9960446,-8.961771,-0.5770202
10.185,-4.005622,-8.935433,-0.5889916
10.213,-4.000833,-8.952193,-0.5985687
10.244,-3.9936504,-8.945011,-0.5818088
10.284,-3.9792848,-8.959376,-0.5865973
10.313,-3.9888618,-8.940222,-0.58420306
10.352,-3.9984388,-8.954588,-0.5650489
10.385,-3.991256,-8.954588,-0.58420306
10.413,-4.008016,-8.954588,-0.58420306
10.452,-3.991256,-8.966559,-0.5913859
10.484,-3.991256,-8.954588,-0.57223165
10.513,-3.9936504,-8.947405,-0.59378016
10.553,-4.0151987,-8.956982,-0.5865973
10.583,-3.9984388,-8.956982,-0.5913859
10.613,-3.991256,-8.964165,-0.59378016
10.653,-4.005622,-8.9498,-0.5889916
10.684,-3.9936504,-8.940222,-0.56265455
10.724,-3.9984388,-8.945011,-0.57223165
10.752,-3.9960446,-8.935433,-0.58420306
10.783,-3.9984388,-8.9498,-0.5889916
10.823,-4.0151987,-8.930645,-0.59378016
10.854,-3.9840732,-8.947405,-0.5913859
10.884,-4.005622,-8.956982,-0.5650489
10.926,-3.9936504,-8.952193,-0.57462597
10.953,-3.9960446,-8.956982,-0.5698374
10.983,-3.9984388,-8.9498,-0.57462597
11.020,-3.9984388,-8.940222,-0.57223165
11.053,-4.008016,-8.9498,-0.5865973
11.092,-4.0128045,-8.937828,-0.5794145
11.123,-4.0151987,-8.954588,-0.5913859
11.151,-4.0032277,-8.959376,-0.5770202
11.184,-3.991256,-8.9498,-0.5913859
11.223,-4.005622,-8.945011,-0.58420306
11.252,-4.008016,-8.968953,-0.5865973
11.292,-4.0151987,-8.954588,-0.5794145
11.323,-3.9936504,-8.952193,-0.5889916
11.353,-3.9984388,-8.973742,-0.58420306
11.393,-3.9960446,-8.947405,-0.5889916
11.423,-4.017593,-8.945011,-0.57462597
11.465,-4.000833,-8.937828,-0.5818088
11.493,-4.000833,-8.961771,-0.5794145
11.524,-3.9984388,-8.9498,-0.5865973
11.564,-4.008016,-8.9498,-0.600963
11.592,-3.9984388,-8.9498,-0.5889916
11.624,-3.9984388,-8.945011,-0.5865973
11.663,-4.008016,-8.935433,-0.5650489
11.693,-4.005622,-8.947405,-0.57462597
11.723,-3.9960446,-8.947405,-0.5961744
11.764,-4.0128045,-8.954588,-0.57462597
11.793,-3.9984388,-8.964165,-0.5865973
11.825,-4.000833,-8.954588,-0.5889916
11.864,-3.9960446,-8.954588,-0.5889916
11.892,-3.9984388,-8.968953,-0.58420306
11.932,-4.0128045,-8.956982,-0.5794145
11.965,-4.0032277,-8.937828,-0.5889916
11.992,-3.9888618,-8.947405,-0.5770202
12.031,-4.0128045,-8.9498,-0.5913859
12.062,-3.991256,-8.947405,-0.5698374
12.093,-3.9984388,-8.935433,-0.5913859
12.134,-3.9960446,-8.959376,-0.5865973
12.164,-3.9960446,-8.947405,-0.57223165
12.193,-3.991256,-8.945011,-0.58420306
12.232,-4.000833,-8.937828,-0.57462597
12.264,-3.9840732,-8.966559,-0.5889916
12.304,-4.0032277,-8.947405,-0.5865973
12.332,-3.9888618,-8.952193,-0.59378016
12.365,-3.9984388,-8.968953,-0.5818088
12.405,-3.9960446,-8.952193,-0.5889916
12.432,-4.000833,-8.935433,-0.5865973
12.465,-3.9697077,-8.9498,-0.5818088
12.504,-4.0032277,-8.961771,-0.58420306
12.533,-3.9984388,-8.956982,-0.5770202
12.564,-4.005622,-8.956982,-0.5818088
12.604,-4.008016,-8.952193,-0.57462597
12.633,-3.9984388,-8.959376,-0.5913859
12.664,-3.9936504,-8.956982,-0.5889916
12.703,-3.9864676,-8.954588,-0.59378016
12.734,-3.9768906,-8.959376,-0.58420306
12.773,-3.991256,-8.968953,-0.5770202
12.804,-3.9960446,-8.9498,-0.58420306
12.833,-3.9984388,-8.945011,-0.5818088
12.872,-3.9888618,-8.9498,-0.59378016
12.903,-4.0128045,-8.952193,-0.5794145
12.932,-3.9984388,-8.966559,-0.5818088
12.972,-3.9960446,-8.9498,-0.58420306
13.004,-3.9864676,-8.961771,-0.5650489
13.043,-4.0128045,-8.9498,-0.5865973
13.071,-4.0032277,-8.954588,-0.5913859
13.103,-3.9936504,-8.956982,-0.5650489
13.133,-3.9792848,-8.947405,-0.5913859
13.172,-3.9960446,-8.952193,-0.5913859
13.203,-4.005622,-8.952193,-0.59378016
13.244,-3.9864676,-8.9498,-0.5698374
13.273,-3.9984388,-8.942616,-0.56744313
13.303,-3.9960446,-8.947405,-0.58420306
13.344,-3.991256,-8.9498,-0.59378016
13.372,-3.9984388,-8.935433,-0.5865973
13.404,-3.991256,-8.961771,-0.5985687
13.445,-4.005622,-8.9498,-0.5650489
13.473,-4.005622,-8.954588,-0.5865973
13.505,-3.9984388,-8.942616,-0.5865973
13.543,-3.9840732,-8.954588,-0.5961744
13.572,-3.9960446,-8.9498,-0.5889916
13.605,-4.000833,-8.940222,-0.5818088
13.644,-4.0032277,-8.9498,-0.5913859
13.672,-3.9984388,-8.942616,-0.57223165
13.713,-3.991256,-8.954588,-0.58420306
13.743,-3.991256,-8.952193,-0.5913859
13.772,-4.005622,-8.942616,-0.5794145
13.812,-4.005622,-8.937828,-0.56744313
13.844,-3.9984388,-8.945011,-0.5794145
13.872,-4.0151987,-8.9498,-0.5865973
13.911,-3.9984388,-8.945011,-0.57223165
13.944,-3.9840732,-8.942616,-0.5818088
13.984,-4.000833,-8.956982,-0.56265455
14.014,-4.008016,-8.9498,-0.58420306
14.044,-3.9840732,-8.947405,-0.5865973
14.083,-4.0032277,-8.959376,-0.57462597
14.113,-4.000833,-8.947405,-0.56265455
14.145,-4.008016,-8.952193,-0.5889916
14.186,-4.000833,-8.968953,-0.59378016
14.212,-4.008016,-8.9498,-0.5794145
14.244,-3.9984388,-8.942616,-0.5961744
14.284,-4.0032277,-8.952193,-0.5961744
14.311,-3.981679,-8.954588,-0.5650489
14.344,-4.005622,-8.952193,-0.5985687
14.384,-4.0128045,-8.956982,-0.5818088
14.412,-4.000833,-8.954588,-0.5961744
14.444,-3.9936504,-8.954588,-0.5913859
14.484,-3.9984388,-8.954588,-0.5913859
14.512,-3.9936504,-8.940222,-0.5818088
14.544,-4.000833,-8.966559,-0.5794145
14.584,-3.9984388,-8.947405,-0.58420306
14.613,-4.000833,-8.952193,-0.58420306
14.652,-3.9960446,-8.961771,-0.5770202
14.684,-3.9792848,-8.959376,-0.5554718
14.712,-4.0151987,-8.964165,-0.5889916
14.751,-3.9936504,-8.954588,-0.5770202
14.784,-4.0032277,-8.947405,-0.58420306
14.813,-3.9984388,-8.945011,-0.5818088
14.864,-4.0104103,-8.959376,-0.5770202
14.883,-3.9984388,-8.940222,-0.5889916
14.922,-4.0032277,-8.9498,-0.5818088
14.951,-4.000833,-8.954588,-0.5985687
14.983,-3.9888618,-8.968953,-0.59378016
15.023,-4.008016,-8.947405,-0.5913859
15.052,-4.000833,-8.956982,-0.57223165
15.082,-4.008016,-8.935433,-0.5794145
15.123,-3.9984388,-8.952193,-0.57223165
15.153,-4.024776,-8.940222,-0.5602603
15.185,-3.9984388,-8.942616,-0.55307746
15.223,-3.9984388,-8.942616,-0.5698374
15.252,-3.9936504,-8.954588,-0.5794145
15.284,-4.0032277,-8.92825,-0.5770202
15.323,-4.0128045,-8.9498,-0.5865973
15.352,-3.9888618,-8.9498,-0.57223165
15.393,-4.0104103,-8.956982,-0.5818088
15.423,-4.0032277,-8.956982,-0.5818088
15.452,-3.9864676,-8.952193,-0.5865973
15.492,-4.005622,-8.961771,-0.5889916
15.524,-3.991256,-8.937828,-0.5889916
15.552,-3.991256,-8.959376,-0.5865973
15.592,-3.9960446,-8.954588,-0.5794145
15.624,-3.9792848,-8.940222,-0.5770202
15.653,-4.0199876,-8.947405,-0.5698374
15.692,-3.9936504,-8.947405,-0.5889916
15.724,-4.0104103,-8.954588,-0.5770202
15.765,-4.0128045,-8.937828,-0.5889916
15.792,-4.0104103,-8.947405,-0.5889916
15.824,-3.9960446,-8.940222,-0.5818088
15.863,-3.9984388,-8.961771,-0.57462597
15.892,-3.9984388,-8.959376,-0.5985687
15.922,-4.008016,-8.959376,-0.5818088
15.965,-3.9984388,-8.959376,-0.5794145
15.993,-4.005622,-8.961771,-0.5961744
16.027,-4.008016,-8.968953,-0.59378016
16.063,-4.0104103,-8.947405,-0.58420306
16.091,-4.0151987,-8.956982,-0.5961744
16.131,-4.0199876,-8.959376,-0.58420306
16.162,-3.9984388,-8.952193,-0.5913859
16.191,-3.9936504,-8.961771,-0.58420306
16.224,-4.008016,-8.956982,-0.5913859
16.263,-3.9960446,-8.937828,-0.5913859
16.304,-3.9864676,-8.9498,-0.5770202
16.326,-3.9960446,-8.952193,-0.58420306
16.363,-3.991256,-8.956982,-0.5794145
16.393,-3.9984388,-8.954588,-0.600963
16.431,-4.008016,-8.937828,-0.58420306
16.464,-4.000833,-8.971348,-0.5698374
16.505,-4.000833,-8.942616,-0.57223165
16.534,-4.008016,-8.942616,-0.5865973
16.561,-3.991256,-8.961771,-0.57223165
16.603,-3.9864676,-8.956982,-0.5794145
16.631,-4.000833,-8.961771,-0.57223165
16.661,-3.9864676,-8.952193,-0.58420306
16.702,-4.017593,-8.9498,-0.5913859
16.731,-4.0104103,-8.966559,-0.5865973
16.763,-3.9960446,-8.945011,-0.5889916
16.802,-3.991256,-8.947405,-0.58420306
16.832,-3.991256,-8.937828,-0.5770202
16.865,-4.000833,-8.945011,-0.5865973
16.904,-3.9960446,-8.961771,-0.5961744
16.934,-3.991256,-8.952193,-0.5889916
16.964,-3.991256,-8.9498,-0.57223165
17.003,-4.000833,-8.964165,-0.58420306
17.039,-4.000833,-8.9498,-0.5818088
17.074,-4.017593,-8.945011,-0.57462597
17.102,-3.9864676,-8.945011,-0.58420306
17.132,-4.0128045,-8.940222,-0.5794145
17.171,-4.005622,-8.954588,-0.5794145
17.203,-3.9936504,-8.956982,-0.5818088
17.232,-4.000833,-8.947405,-0.5913859
17.272,-3.981679,-8.966559,-0.57462597
17.302,-3.9888618,-8.966559,-0.5794145
17.342,-3.9984388,-8.930645,-0.58420306
17.371,-3.9840732,-8.954588,-0.5913859
17.403,-3.9960446,-8.956982,-0.5794145
17.442,-3.9936504,-8.945011,-0.5818088
17.472,-4.008016,-8.964165,-0.5818088
17.503,-4.017593,-8.959376,-0.5913859
17.542,-4.0151987,-8.93304,-0.58420306
17.572,-3.9936504,-8.930645,-0.5794145
17.603,-4.0032277,-8.93304,-0.59378016
17.642,-4.0128045,-8.942616,-0.5985687
17.672,-3.991256,-8.947405,-0.5698374
17.712,-4.0128045,-8.956982,-0.5865973
17.744,-4.000833,-8.952193,-0.5794145
17.772,-4.005622,-8.961771,-0.5770202
17.812,-4.005622,-8.961771,-0.57223165
17.842,-3.9960446,-8.945011,-0.58420306
17.871,-4.000833,-8.952193,-0.5913859
17.912,-4.008016,-8.9498,-0.5913859
17.944,-4.0128045,-8.9498,-0.5913859
17.983,-4.008016,-8.959376,-0.5865973
18.011,-3.9864676,-8.945011,-0.5818088
18.043,-4.017593,-8.976136,-0.5794145
18.082,-4.000833,-8.954588,-0.600963
18.112,-3.9888618,-8.9498,-0.5818088
18.142,-4.005622,-8.9498,-0.5913859
18.184,-4.0151987,-8.942616,-0.5889916
18.212,-4.0032277,-8.942616,-0.5865973
18.243,-4.017593,-8.947405,-0.5770202
18.282,-4.0032277,-8.961771,-0.5602603
18.312,-3.9792848,-8.940222,-0.5961744
18.343,-4.0104103,-8.956982,-0.5818088
18.382,-3.9960446,-8.940222,-0.56265455
18.412,-4.008016,-8.945011,-0.5794145
18.442,-4.0104103,-8.9498,-0.5698374
18.484,-3.9960446,-8.935433,-0.59378016
18.511,-4.005622,-8.940222,-0.56744313
18.552,-4.022382,-8.93304,-0.5818088
18.582,-3.9984388,-8.956982,-0.5770202
18.612,-4.005622,-8.959376,-0.5770202
18.651,-4.0295644,-8.959376,-0.57223165
18.682,-4.0032277,-8.9498,-0.5889916
18.712,-4.000833,-8.959376,-0.57462597
18.752,-3.9984388,-8.940222,-0.57462597
18.784,-4.005622,-8.947405,-0.5698374
18.812,-4.0319586,-8.952193,-0.5889916
18.852,-4.022382,-8.954588,-0.5889916
18.883,-3.9960446,-8.9498,-0.57462597
18.923,-4.000833,-8.956982,-0.59378016
18.951,-3.9936504,-8.947405,-0.56265455
18.982,-4.000833,-8.942616,-0.58420306
19.013,-4.017593,-8.952193,-0.57223165
19.051,-3.9792848,-8.954588,-0.56744313
19.083,-3.9984388,-8.952193,-0.5913859
19.124,-3.9888618,-8.961771,-0.5770202
19.151,-3.9984388,-8.947405,-0.5913859
19.185,-3.9840732,-8.937828,-0.59378016
19.225,-4.017593,-8.952193,-0.54828894
19.250,-4.0032277,-8.954588,-0.57223165
19.285,-4.008016,-8.952193,-0.5818088
19.323,-3.9960446,-8.937828,-0.58420306
19.352,-4.0128045,-8.954588,-0.5770202
19.384,-4.0151987,-8.961771,-0.57223165
19.423,-3.972102,-8.954588,-0.5961744
19.451,-3.9960446,-8.945011,-0.5794145
19.492,-4.0032277,-8.954588,-0.5889916
19.523,-4.0104103,-8.959376,-0.5818088
19.552,-3.9864676,-8.959376,-0.58420306
19.584,-4.005622,-8.968953,-0.5913859
19.624,-3.9984388,-8.940222,-0.57223165
19.664,-4.005622,-8.9498,-0.57223165
19.692,-4.0032277,-8.961771,-0.5818088
19.724,-4.000833,-8.9498,-0.58420306
19.764,-4.005622,-8.959376,-0.5770202
19.792,-3.991256,-8.9498,-0.5889916
19.823,-4.0151987,-8.952193,-0.5865973
19.861,-3.9984388,-8.937828,-0.5913859
19.893,-3.9864676,-8.942616,-0.5698374
19.923,-3.9984388,-8.954588,-0.5794145
19.962,-3.991256,-8.971348,-0.57462597
19.990,-4.0104103,-8.954588,-0.57223165
20.024,-4.0032277,-8.952193,-0.5961744
20.062,-4.0128045,-8.961771,-0.59378016
20.091,-4.0104103,-8.947405,-0.5794145
20.122,-3.9936504,-8.945011,-0.5865973
20.162,-3.9984388,-8.930645,-0.5794145
20.192,-4.0295644,-8.947405,-0.5698374
20.223,-4.008016,-8.947405,-0.57462597
20.262,-4.000833,-8.954588,-0.5865973
20.291,-3.9936504,-8.956982,-0.59378016
20.332,-4.0151987,-8.961771,-0.57223165
20.362,-4.0104103,-8.956982,-0.5794145
20.391,-4.0104103,-8.959376,-0.5913859
20.430,-4.0032277,-8.956982,-0.5794145
20.464,-4.000833,-8.968953,-0.5794145
20.504,-4.0032277,-8.940222,-0.5865973
20.532,-4.000833,-8.966559,-0.5865973
20.563,-3.9960446,-8.947405,-0.57462597
20.593,-4.0104103,-8.956982,-0.59378016
20.632,-4.0032277,-8.9498,-0.5961744
20.662,-3.9960446,-8.959376,-0.5865973
20.701,-3.9888618,-8.940222,-0.5889916
20.731,-4.0032277,-8.961771,-0.5818088
20.761,-4.0032277,-8.945011,-0.5818088
20.803,-4.005622,-8.952193,-0.5770202
20.831,-4.0104103,-8.973742,-0.5865973
20.862,-3.9936504,-8.952193,-0.5770202
20.902,-3.991256,-8.959376,-0.5889916
20.930,-3.9984388,-8.956982,-0.57223165
20.962,-3.991256,-8.954588,-0.5889916
21.002,-3.9936504,-8.954588,-0.57462597
21.031,-4.000833,-8.952193,-0.5865973
21.070,-3.9984388,-8.945011,-0.5889916
21.102,-4.0199876,-8.964165,-0.5602603
21.131,-4.0128045,-8.9498,-0.58420306
21.171,-3.981679,-8.959376,-0.5865973
21.203,-3.991256,-8.959376,-0.59378016
21.231,-3.9960446,-8.959376,-0.5889916
21.272,-4.000833,-8.947405,-0.56744313
21.301,-3.991256,-8.942616,-0.57462597
21.342,-4.000833,-8.940222,-0.5554718
21.371,-4.017593,-8.940222,-0.58420306
21.404,-4.0104103,-8.966559,-0.5794145
21.442,-4.0199876,-8.940222,-0.5865973
21.471,-3.9960446,-8.9498,-0.5913859
21.502,-3.9840732,-8.925857,-0.37111259
21.541,-3.962525,-8.954588,-0.7302538
21.572,-4.008016,-8.9186735,-0.4668836
21.603,-4.0199876,-8.937828,-0.600963
21.643,-3.962525,-8.897125,-0.25858167
21.670,-3.9984388,-8.925857,-0.48124924
21.702,-4.048719,-9.150918,-1.7621863
21.742,-4.022382,-8.959376,-0.6296943
21.771,-4.0199876,-8.954588,-0.6105401
21.811,-4.0104103,-8.923462,-0.32801566
21.845,-4.0367475,-8.930645,-0.42139238
21.872,-3.9984388,-8.959376,-0.66321415
21.911,-3.9864676,-8.947405,-0.60335726
21.945,-4.005622,-8.992896,-0.9505271
21.971,-3.9984388,-8.935433,-0.59378016
22.011,-4.0463243,-9.100638,-1.6424725
22.045,-4.0151987,-8.954588,-0.44294083
22.071,-4.0104103,-8.964165,-0.5698374
22.139,-3.991256,-8.940222,-0.56265455
22.183,-3.9984388,-8.947405,-0.5794145
22.212,-4.0128045,-8.954588,-0.5794145
22.242,-3.9840732,-8.961771,-0.5794145
22.284,-4.005622,-8.942616,-0.5650489
22.308,-3.9984388,-8.964165,-0.57462597
22.342,-4.008016,-8.956982,-0.5889916
22.383,-3.9864676,-8.945011,-0.58420306
22.412,-3.9960446,-8.952193,-0.5818088
22.442,-4.000833,-8.952193,-0.5818088
22.483,-3.9840732,-8.935433,-0.600963
22.510,-4.017593,-8.956982,-0.5865973
22.542,-4.000833,-8.954588,-0.58420306
22.583,-3.9840732,-8.947405,-0.5794145
22.611,-4.0104103,-8.947405,-0.57223165
22.642,-3.9984388,-8.945011,-0.55307746
22.681,-4.0319586,-8.952193,-0.58420306
22.711,-4.0151987,-8.947405,-0.5818088
22.752,-3.981679,-8.9498,-0.5818088
22.782,-4.005622,-8.952193,-0.58420306
22.810,-3.9960446,-8.959376,-0.5650489
22.845,-4.005622,-8.954588,-0.5865973
22.882,-3.9984388,-8.9498,-0.5602603
22.911,-4.000833,-8.966559,-0.57223165
22.952,-4.0032277,-8.956982,-0.5794145
22.988,-4.000833,-8.961771,-0.56744313
23.013,-3.9960446,-8.945011,-0.5794145
23.050,-4.000833,-8.956982,-0.5794145
23.082,-4.005622,-8.947405,-0.57462597
23.122,-3.9888618,-8.952193,-0.57223165
23.150,-4.008016,-8.9498,-0.5865973
23.181,-4.0032277,-8.954588,-0.5794145
23.222,-3.9840732,-8.947405,-0.5650489
23.252,-4.005622,-8.940222,-0.5602603
23.283,-3.9888618,-8.937828,-0.5698374
23.322,-4.000833,-8.9498,-0.5794145
23.350,-4.000833,-8.9498,-0.5698374
23.382,-3.9984388,-8.966559,-0.57462597
23.422,-4.0032277,-8.954588,-0.57462597
23.451,-4.005622,-8.940222,-0.5961744
23.482,-3.9984388,-8.945011,-0.5650489
23.523,-4.005622,-8.954588,-0.5794145
23.551,-3.991256,-8.947405,-0.5770202
23.591,-3.991256,-8.935433,-0.56744313
23.624,-3.9936504,-8.942616,-0.5770202
23.651,-4.000833,-8.964165,-0.5913859
23.691,-4.000833,-8.954588,-0.5698374
23.721,-3.9984388,-8.952193,-0.59378016
23.751,-3.9960446,-8.9498,-0.5794145
23.791,-3.9984388,-8.940222,-0.57462597
23.823,-3.9960446,-8.961771,-0.56744313
23.863,-3.9960446,-8.9498,-0.56265455
23.891,-3.981679,-8.947405,-0.5818088
23.922,-4.0032277,-8.945011,-0.5818088
23.961,-4.005622,-8.9498,-0.56265455
23.992,-4.0151987,-8.959376,-0.55307746
24.022,-4.0104103,-8.961771,-0.57223165
24.064,-4.0128045,-8.945011,-0.57223165
24.090,-4.000833,-8.937828,-0.56744313
24.122,-4.000833,-8.947405,-0.5554718
24.155,-4.0032277,-8.9498,-0.5818088
24.190,-3.9840732,-8.9498,-0.5554718
24.224,-3.9888618,-8.961771,-0.57462597
24.263,-3.9984388,-8.940222,-0.55786604
24.289,-4.0151987,-8.956982,-0.5602603
24.330,-4.0199876,-8.952193,-0.5602603
24.361,-3.9888618,-8.956982,-0.5794145
24.390,-3.9960446,-8.937828,-0.5698374
24.429,-4.008016,-8.954588,-0.5818088
24.461,-4.000833,-8.952193,-0.55786604
24.490,-3.991256,-8.966559,-0.5818088
24.531,-3.9936504,-8.954588,-0.5818088
24.561,-3.9960446,-8.954588,-0.5650489
24.591,-4.02717,-8.964165,-0.57223165
24.631,-3.9960446,-8.945011,-0.55786604
24.662,-4.008016,-8.947405,-0.5770202
24.702,-4.0032277,-8.956982,-0.56265455
24.731,-3.9984388,-8.954588,-0.5770202
24.762,-3.9960446,-8.952193,-0.55786604
24.802,-4.005622,-8.93304,-0.5865973
24.830,-4.0104103,-8.959376,-0.57462597
24.861,-3.9840732,-8.959376,-0.5818088
24.902,-3.9864676,-8.954588,-0.57223165
24.932,-4.005622,-8.947405,-0.5770202
24.963,-4.005622,-8.947405,-0.57462597
25.002,-4.005622,-8.956982,-0.5794145
25.031,-4.000833,-8.935433,-0.5961744
25.062,-4.0032277,-8.947405,-0.5770202
25.101,-3.9960446,-8.9498,-0.56265455
25.131,-4.005622,-8.954588,-0.5650489
25.162,-3.9888618,-8.954588,-0.58420306
25.201,-4.0199876,-8.952193,-0.5889916
25.231,-4.022382,-8.945011,-0.56744313
25.270,-4.0104103,-8.952193,-0.55786604
25.302,-3.991256,-8.966559,-0.5698374
25.330,-4.008016,-8.947405,-0.5770202
25.370,-3.9984388,-8.954588,-0.58420306
25.402,-4.000833,-8.966559,-0.5818088
25.437,-4.008016,-8.945011,-0.5698374
25.471,-3.991256,-8.952193,-0.57462597
25.501,-3.9936504,-8.937828,-0.5698374
25.542,-3.9840732,-8.954588,-0.57223165
25.571,-4.0128045,-8.93304,-0.5698374
25.602,-4.000833,-8.942616,-0.5794145
25.632,-4.0199876,-8.959376,-0.5698374
25.671,-4.005622,-8.959376,-0.5650489
25.701,-3.9960446,-8.964165,-0.5602603
25.742,-4.0032277,-8.956982,-0.58420306
25.772,-4.0032277,-8.92825,-0.5698374
25.803,-3.9984388,-8.954588,-0.56744313
25.844,-4.0032277,-8.930645,-0.57223165
25.870,-4.000833,-8.947405,-0.56744313
25.902,-3.9960446,-8.940222,-0.57462597
25.956,-3.9960446,-8.959376,-0.5770202
25.969,-4.005622,-8.954588,-0.5770202
26.003,-4.0128045,-8.9498,-0.5865973
26.042,-3.9888618,-8.959376,-0.5770202
26.069,-3.9888618,-8.942616,-0.5650489
26.110,-3.9984388,-8.937828,-0.5770202
26.142,-3.9960446,-8.956982,-0.5794145
26.171,-4.0032277,-8.964165,-0.5865973
26.211,-4.0104103,-8.9498,-0.57462597
26.241,-3.9936504,-8.9498,-0.5865973
26.271,-4.008016,-8.964165,-0.57462597
26.311,-4.008016,-8.9498,-0.5794145
26.342,-4.005622,-8.954588,-0.57462597
26.382,-4.0151987,-8.937828,-0.5698374
26.411,-3.9984388,-8.935433,-0.5698374
26.445,-3.9864676,-8.940222,-0.58420306
26.481,-3.991256,-8.945011,-0.5698374
26.511,-3.9960446,-8.93304,-0.58420306
26.543,-4.0032277,-8.9498,-0.5770202
26.584,-3.9984388,-8.947405,-0.57223165
26.610,-4.0032277,-8.961771,-0.5770202
26.642,-3.9960446,-8.945011,-0.5770202
26.682,-3.991256,-8.952193,-0.5770202
26.710,-4.000833,-8.945011,-0.5818088
26.742,-3.9888618,-8.959376,-0.5650489
26.781,-4.0151987,-8.952193,-0.5698374
26.811,-4.000833,-8.954588,-0.5698374
26.842,-4.005622,-8.945011,-0.57462597
26.881,-3.9936504,-8.952193,-0.5818088
26.910,-4.0032277,-8.956982,-0.5818088
26.943,-3.9864676,-8.956982,-0.5650489
26.983,-4.0104103,-8.959376,-0.58420306
27.011,-3.9960446,-8.952193,-0.5698374
27.050,-4.008016,-8.947405,-0.5865973
27.081,-4.008016,-8.964165,-0.57462597
27.122,-3.9888618,-8.964165,-0.5985687
27.150,-4.005622,-8.964165,-0.5818088
27.181,-3.9888618,-8.968953,-0.5770202
27.222,-4.005622,-8.942616,-0.57462597
27.251,-3.9984388,-8.935433,-0.5794145
27.282,-3.991256,-8.966559,-0.5698374
27.323,-4.017593,-8.9498,-0.5913859
27.350,-4.0032277,-8.961771,-0.56265455
27.381,-3.9984388,-8.9498,-0.58420306
27.421,-4.000833,-8.947405,-0.5794145
27.450,-4.0128045,-8.954588,-0.5698374
27.483,-4.005622,-8.945011,-0.5889916
27.522,-4.005622,-8.952193,-0.5698374
27.550,-4.008016,-8.954588,-0.5818088
27.581,-4.005622,-8.9498,-0.5698374
27.621,-3.9768906,-8.956982,-0.57223165
27.651,-3.9840732,-8.942616,-0.58420306
27.682,-4.005622,-8.968953,-0.5889916
27.722,-3.9936504,-8.9498,-0.57462597
27.752,-3.981679,-8.961771,-0.5794145
27.783,-3.9936504,-8.978531,-0.5889916
27.822,-3.9936504,-8.954588,-0.5889916
27.851,-3.9936504,-8.940222,-0.5794145
27.891,-4.008016,-8.961771,-0.5913859
27.923,-4.0104103,-8.947405,-0.56744313
27.951,-4.017593,-8.959376,-0.57223165
27.991,-3.9960446,-8.964165,-0.57462597
28.024,-3.9984388,-8.952193,-0.57462597
28.053,-3.9744961,-8.956982,-0.5913859
28.089,-4.0104103,-8.937828,-0.57462597
28.120,-4.017593,-8.966559,-0.5602603
28.161,-4.005622,-8.9498,-0.57462597
28.189,-3.991256,-8.942616,-0.5889916
28.221,-3.9960446,-8.9498,-0.5698374
28.264,-4.000833,-8.9498,-0.5794145
28.289,-4.0151987,-8.942616,-0.56265455
28.324,-4.017593,-8.961771,-0.57223165
28.362,-4.000833,-8.961771,-0.5698374
28.390,-4.0104103,-8.947405,-0.57223165
28.421,-3.9984388,-8.952193,-0.5770202
28.461,-4.0032277,-8.961771,-0.5794145
28.490,-3.9840732,-8.942616,-0.56744313
28.530,-4.008016,-8.945011,-0.5770202
28.562,-3.9984388,-8.959376,-0.5698374
28.590,-4.0032277,-8.947405,-0.57223165
28.631,-4.0032277,-8.93304,-0.59378016
28.663,-3.981679,-8.968953,-0.5770202
28.690,-3.9840732,-8.959376,-0.5889916
28.725,-3.9960446,-8.954588,-0.57462597
28.761,-3.9960446,-8.945011,-0.59378016
28.791,-4.0151987,-8.952193,-0.5889916
28.824,-3.9888618,-8.9498,-0.5770202
28.861,-4.000833,-8.956982,-0.58420306
28.902,-3.991256,-8.961771,-0.59378016
28.929,-3.9960446,-8.966559,-0.5985687
28.961,-4.0032277,-8.956982,-0.58420306
29.000,-4.000833,-8.945011,-0.5865973
29.030,-4.005622,-8.9498,-0.5865973
29.069,-4.0032277,-8.945011,-0.5818088
29.102,-3.9888618,-8.940222,-0.5889916
29.131,-3.9888618,-8.952193,-0.5961744
29.162,-4.022382,-8.935433,-0.5650489
29.201,-4.0032277,-8.976136,-0.5698374
29.230,-4.000833,-8.956982,-0.5602603
29.261,-3.9840732,-8.964165,-0.5818088
29.302,-3.9936504,-8.9498,-0.5818088
29.330,-4.022382,-8.954588,-0.5698374
29.369,-4.0032277,-8.9498,-0.5698374
29.402,-3.9768906,-8.964165,-0.58420306
29.431,-3.9888618,-8.956982,-0.5650489
29.463,-4.0032277,-8.947405,-0.5794145
29.501,-3.9936504,-8.9498,-0.56265455
29.530,-3.9936504,-8.959376,-0.57223165
29.570,-4.000833,-8.966559,-0.5913859
29.601,-4.000833,-8.964165,-0.5794145
29.642,-4.008016,-8.961771,-0.5889916
29.670,-4.005622,-8.964165,-0.58420306
29.700,-4.0032277,-8.968953,-0.5794145
29.740,-4.0032277,-8.940222,-0.5818088
29.769,-3.9936504,-8.952193,-0.5889916
29.801,-3.9984388,-8.964165,-0.5961744
29.841,-3.9960446,-8.947405,-0.5818088
29.870,-4.000833,-8.942616,-0.5889916
29.902,-3.9792848,-8.947405,-0.57223165
29.942,-4.0128045,-8.952193,-0.5698374
29.970,-4.0104103,-8.947405,-0.5770202
30.002,-4.005622,-8.954588,-0.5770202
30.045,-4.005622,-8.947405,-0.5650489
30.069,-4.0032277,-8.9498,-0.56744313
30.103,-3.9864676,-8.945011,-0.5818088
30.142,-3.9960446,-8.961771,-0.56744313
30.170,-4.0151987,-8.964165,-0.5818088
30.202,-4.0199876,-8.945011,-0.5650489
30.241,-4.0032277,-8.9498,-0.5913859
30.269,-4.0032277,-8.959376,-0.5818088
30.310,-3.9936504,-8.956982,-0.57223165
30.341,-4.0128045,-8.966559,-0.5865973
30.381,-4.0032277,-8.947405,-0.57462597
30.410,-3.991256,-8.9498,-0.57223165
30.444,-3.9936504,-8.935433,-0.56744313
30.471,-4.000833,-8.945011,-0.56265455
30.509,-4.005622,-8.959376,-0.5794145
30.545,-3.991256,-8.956982,-0.5770202
30.583,-3.9888618,-8.959376,-0.57462597
30.610,-4.0032277,-8.942616,-0.5865973
30.644,-4.0151987,-8.9498,-0.5698374
30.681,-4.0032277,-8.959376,-0.5650489
30.710,-4.024776,-8.952193,-0.5818088
30.741,-3.9936504,-8.954588,-0.55786604
30.781,-4.005622,-8.945011,-0.5794145
30.810,-4.0128045,-8.945011,-0.5698374
30.845,-3.9792848,-8.947405,-0.5794145
30.881,-3.9888618,-8.961771,-0.5794145
30.910,-3.9984388,-8.9498,-0.5794145
30.941,-3.991256,-8.956982,-0.5650489
30.980,-4.017593,-8.947405,-0.54828894
31.010,-4.005622,-8.945011,-0.57223165
31.050,-4.005622,-8.942616,-0.5650489
31.082,-4.000833,-8.947405,-0.5865973
31.110,-4.0032277,-8.935433,-0.5698374
31.149,-3.9936504,-8.954588,-0.56265455
31.181,-4.008016,-8.9498,-0.57223165
31.211,-4.0104103,-8.9498,-0.5650489
31.249,-4.005622,-8.961771,-0.5794145
31.280,-4.000833,-8.954588,-0.56265455
31.321,-4.0128045,-8.964165,-0.5770202
31.350,-4.005622,-8.959376,-0.5794145
31.381,-3.9960446,-8.964165,-0.58420306
31.423,-3.9936504,-8.956982,-0.5698374
31.449,-3.9864676,-8.945011,-0.56744313
31.482,-4.0104103,-8.956982,-0.5770202
31.521,-4.000833,-8.954588,-0.5650489
31.550,-4.005622,-8.959376,-0.5818088
31.581,-3.9864676,-8.937828,-0.5602603
31.622,-3.9960446,-8.9498,-0.5818088
31.650,-4.000833,-8.935433,-0.57462597
31.680,-4.008016,-8.971348,-0.5818088
31.721,-4.0128045,-8.947405,-0.56744313
31.750,-3.9744961,-8.935433,-0.5698374
31.781,-4.0104103,-8.952193,-0.5770202
31.821,-3.9936504,-8.940222,-0.5818088
31.906,-3.9984388,-8.954588,-0.57223165
31.920,-4.0032277,-8.952193,-0.5650489
31.960,-3.9888618,-8.956982,-0.5770202
31.989,-3.9984388,-8.947405,-0.5770202
32.020,-4.0032277,-8.9498,-0.57223165
32.060,-3.9984388,-8.964165,-0.5650489
32.089,-3.9984388,-8.968953,-0.58420306
32.120,-3.9864676,-8.956982,-0.58420306
32.160,-4.0199876,-8.945011,-0.58420306
32.188,-3.9984388,-8.954588,-0.5794145
32.220,-4.0032277,-8.954588,-0.57223165
32.260,-4.0199876,-8.959376,-0.5650489
32.289,-3.991256,-8.940222,-0.56265455
32.321,-4.008016,-8.9498,-0.5698374
32.360,-4.0104103,-8.966559,-0.5770202
32.391,-4.008016,-8.956982,-0.57223165
32.421,-3.9984388,-8.935433,-0.5794145
32.461,-4.0128045,-8.952193,-0.56744313
32.491,-4.0104103,-8.940222,-0.5865973
32.524,-3.9936504,-8.954588,-0.5602603
32.562,-3.9768906,-8.954588,-0.57462597
32.591,-4.008016,-8.956982,-0.57462597
32.622,-4.0104103,-8.940222,-0.56265455
32.661,-4.000833,-8.9498,-0.5698374
32.691,-4.000833,-8.945011,-0.57462597
32.722,-3.9984388,-8.956982,-0.5818088
32.760,-4.008016,-8.959376,-0.5818088
32.790,-4.0199876,-8.956982,-0.5865973
32.830,-3.9984388,-8.947405,-0.5794145
32.861,-4.000833,-8.959376,-0.5770202
32.891,-3.9936504,-8.954588,-0.56265455
32.931,-4.0128045,-8.947405,-0.5650489
32.962,-4.000833,-8.952193,-0.5818088
33.001,-4.000833,-8.947405,-0.56265455
33.031,-3.9936504,-8.956982,-0.5698374
33.061,-4.008016,-8.968953,-0.5913859
33.104,-3.991256,-8.959376,-0.57462597
33.131,-4.008016,-8.959376,-0.5770202
33.163,-4.008016,-8.9498,-0.5794145
33.202,-4.0128045,-8.959376,-0.5770202
33.231,-4.0128045,-8.961771,-0.5889916
33.262,-3.9840732,-8.956982,-0.5698374
33.302,-4.000833,-8.945011,-0.5770202
33.330,-4.000833,-8.940222,-0.5794145
33.362,-4.000833,-8.966559,-0.5770202
33.404,-4.005622,-8.954588,-0.5865973
33.430,-4.005622,-8.959376,-0.5794145
33.462,-4.0104103,-8.961771,-0.56744313
33.502,-4.0151987,-8.961771,-0.6057515
33.531,-4.0032277,-8.9498,-0.58420306
33.562,-3.9984388,-8.945011,-0.56744313
33.602,-3.991256,-8.937828,-0.5698374
33.631,-3.9888618,-8.954588,-0.5794145
33.669,-3.9840732,-8.956982,-0.56744313
33.703,-4.0151987,-8.945011,-0.5650489
33.730,-3.991256,-8.937828,-0.57462597
33.770,-3.9864676,-8.961771,-0.5794145
33.802,-4.008016,-8.961771,-0.5889916
33.842,-3.9936504,-8.954588,-0.5794145
33.871,-4.0104103,-8.940222,-0.5865973
33.901,-3.9936504,-8.9498,-0.5865973
33.941,-4.008016,-8.956982,-0.5794145
33.970,-3.9984388,-8.940222,-0.5913859
34.003,-3.9888618,-8.9498,-0.5770202
34.043,-4.017593,-8.945011,-0.5794145
34.070,-4.008016,-8.968953,-0.5650489
34.104,-4.008016,-8.935433,-0.5818088
34.143,-3.9960446,-8.954588,-0.5794145
34.171,-4.000833,-8.956982,-0.58420306
34.201,-3.9960446,-8.959376,-0.5770202
34.245,-3.9984388,-8.947405,-0.57462597
34.271,-4.0104103,-8.959376,-0.5794145
34.303,-3.9864676,-8.954588,-0.5794145
34.351,-3.9984388,-8.940222,-0.58420306
34.372,-4.0151987,-8.940222,-0.5818088
34.402,-4.0128045,-8.961771,-0.5794145
34.443,-4.005622,-8.947405,-0.5770202
34.472,-4.0199876,-8.93304,-0.5770202
34.504,-4.0104103,-8.954588,-0.5818088
34.543,-3.991256,-8.947405,-0.5818088
34.571,-3.991256,-8.954588,-0.56744313
34.604,-4.0032277,-8.961771,-0.5794145
34.642,-4.000833,-8.947405,-0.5865973
34.671,-4.0104103,-8.952193,-0.58420306
34.711,-4.0032277,-8.961771,-0.5913859
34.741,-3.9936504,-8.964165,-0.56744313
34.772,-4.000833,-8.942616,-0.56744313
34.809,-4.0151987,-8.956982,-0.57462597
34.844,-3.9984388,-8.968953,-0.5794145
34.872,-3.9960446,-8.966559,-0.57462597
34.912,-4.0104103,-8.940222,-0.5770202
34.943,-4.0128045,-8.961771,-0.57223165
34.983,-3.9888618,-8.959376,-0.5865973
35.012,-3.9864676,-8.945011,-0.5818088
35.043,-3.9984388,-8.940222,-0.5961744
35.083,-3.9960446,-8.937828,-0.5794145
35.113,-4.0104103,-8.9498,-0.58420306
35.143,-4.0199876,-8.968953,-0.5818088
35.184,-3.9984388,-8.959376,-0.600963
35.211,-4.008016,-8.945011,-0.600963
35.242,-4.0151987,-8.964165,-0.57223165
35.283,-4.0104103,-8.947405,-0.58420306
35.313,-4.0032277,-8.9498,-0.57462597
35.344,-4.008016,-8.966559,-0.5698374
35.384,-3.9984388,-8.952193,-0.5913859
35.412,-4.008016,-8.956982,-0.5770202
35.452,-3.9936504,-8.942616,-0.5794145
35.483,-4.005622,-8.952193,-0.57462597
35.512,-4.008016,-8.956982,-0.5770202
35.544,-4.000833,-8.937828,-0.5889916
35.584,-4.000833,-8.959376,-0.5770202
35.612,-3.9936504,-8.947405,-0.58420306
35.654,-3.9984388,-8.956982,-0.58420306
35.683,-4.005622,-8.954588,-0.56265455
35.713,-4.000833,-8.952193,-0.56265455
35.752,-4.008016,-8.964165,-0.57462597
35.784,-3.9936504,-8.945011,-0.56265455
35.823,-4.0128045,-8.947405,-0.5698374
35.852,-4.008016,-8.959376,-0.57223165
35.883,-3.9792848,-8.945011,-0.5913859
35.923,-3.9936504,-8.9498,-0.56744313
35.952,-4.008016,-8.966559,-0.5794145
35.983,-3.9936504,-8.945011,-0.5913859
36.022,-4.000833,-8.961771,-0.5794145
36.052,-4.0032277,-8.954588,-0.57462597
36.084,-4.0032277,-8.959376,-0.5818088
36.127,-4.005622,-8.968953,-0.58420306
36.151,-4.005622,-8.956982,-0.57462597
36.193,-3.9864676,-8.952193,-0.5698374
36.224,-3.9960446,-8.961771,-0.5650489
36.252,-3.9960446,-8.954588,-0.5913859
36.284,-3.9888618,-8.942616,-0.56744313
36.322,-4.0128045,-8.959376,-0.58420306
36.351,-3.9960446,-8.937828,-0.57462597
36.384,-3.9984388,-8.954588,-0.5865973
36.422,-3.9864676,-8.959376,-0.57223165
36.463,-4.0032277,-8.952193,-0.57462597
36.491,-3.9984388,-8.959376,-0.5794145
36.522,-4.0151987,-8.956982,-0.58420306
36.562,-4.0032277,-8.942616,-0.5889916
36.592,-4.008016,-8.935433,-0.5794145
36.623,-3.9984388,-8.959376,-0.5794145
36.664,-3.9960446,-8.961771,-0.57223165
36.692,-3.991256,-8.954588,-0.5913859
36.722,-4.000833,-8.954588,-0.58420306
36.763,-4.0128045,-8.947405,-0.5650489
36.792,-3.9864676,-8.9498,-0.5698374
36.824,-4.0032277,-8.940222,-0.5818088
36.863,-4.000833,-8.956982,-0.5794145
36.892,-4.0128045,-8.961771,-0.56744313
36.922,-3.9960446,-8.9498,-0.5698374
36.962,-4.0295644,-8.954588,-0.5770202
36.992,-4.0199876,-8.952193,-0.5913859
37.024,-4.008016,-8.940222,-0.57462597
37.064,-3.9840732,-8.966559,-0.59378016
37.091,-3.9960446,-8.947405,-0.56744313
37.124,-4.005622,-8.971348,-0.58420306
37.163,-4.008016,-8.940222,-0.5818088
37.192,-4.000833,-8.956982,-0.57223165
37.232,-4.0151987,-8.947405,-0.57462597
37.262,-4.005622,-8.945011,-0.5961744
37.304,-4.0128045,-8.954588,-0.5770202
37.332,-4.0032277,-8.952193,-0.5698374
37.363,-3.9960446,-8.973742,-0.5650489
37.392,-3.9936504,-8.954588,-0.5818088
37.427,-4.000833,-8.956982,-0.5818088
37.463,-4.0199876,-8.9498,-0.5818088
37.503,-4.0032277,-8.956982,-0.5794145
37.532,-4.0032277,-8.954588,-0.58420306
37.564,-3.9936504,-8.956982,-0.5794145
37.603,-4.017593,-8.961771,-0.5818088
37.632,-3.9984388,-8.959376,-0.5961744
37.668,-3.9984388,-8.937828,-0.5794145
37.703,-3.9864676,-8.942616,-0.5770202
37.732,-3.9888618,-8.961771,-0.5818088
37.763,-3.9984388,-8.961771,-0.5794145
37.803,-4.000833,-8.947405,-0.5794145
37.832,-4.000833,-8.93304,-0.5889916
37.864,-4.0032277,-8.942616,-0.56744313
37.903,-4.000833,-8.9498,-0.5698374
37.931,-4.000833,-8.935433,-0.5913859
37.964,-4.005622,-8.956982,-0.59378016
38.003,-4.0128045,-8.956982,-0.5770202
38.032,-4.022382,-8.937828,-0.5818088
38.071,-4.0295644,-8.9498,-0.5794145
38.105,-4.000833,-8.956982,-0.58420306
38.132,-3.9984388,-8.952193,-0.58420306
38.175,-4.005622,-8.9498,-0.5865973
38.202,-3.9888618,-8.9498,-0.5818088
38.232,-4.008016,-8.956982,-0.5913859
38.271,-4.008016,-8.947405,-0.59378016
38.302,-3.9888618,-8.945011,-0.59378016
38.344,-3.9888618,-8.954588,-0.57223165
38.371,-3.9864676,-8.961771,-0.5913859
38.403,-4.005622,-8.959376,-0.56744313
38.444,-3.9888618,-8.959376,-0.56265455
38.472,-3.991256,-8.961771,-0.5698374
38.503,-3.9960446,-8.942616,-0.5865973
38.543,-4.0032277,-8.954588,-0.57462597
38.571,-3.9960446,-8.942616,-0.57223165
38.602,-4.0032277,-8.935433,-0.57223165
38.644,-4.005622,-8.937828,-0.5961744
38.672,-3.9792848,-8.945011,-0.600963
38.703,-4.005622,-8.952193,-0.57462597
38.743,-4.0032277,-8.947405,-0.58420306
38.772,-4.005622,-8.942616,-0.5818088
38.812,-4.0032277,-8.947405,-0.5818088
38.843,-3.9936504,-8.947405,-0.57223165
38.872,-3.9984388,-8.947405,-0.57223165
38.912,-3.981679,-8.9498,-0.5770202
38.942,-4.017593,-8.961771,-0.5865973
38.972,-3.991256,-8.9498,-0.5794145
39.017,-4.008016,-8.9498,-0.5770202
39.044,-4.005622,-8.961771,-0.5865973
39.084,-3.9888618,-8.9498,-0.5889916
39.112,-4.005622,-8.947405,-0.5889916
39.143,-3.9864676,-8.954588,-0.57462597
39.184,-4.005622,-8.954588,-0.5961744
39.211,-3.9984388,-8.959376,-0.57462597
39.242,-4.000833,-8.954588,-0.5770202
39.282,-3.9888618,-8.940222,-0.56265455
39.311,-4.000833,-8.961771,-0.5961744
39.343,-4.000833,-8.935433,-0.5794145
39.383,-3.981679,-8.952193,-0.5818088
39.411,-3.9888618,-8.947405,-0.57462597
39.442,-4.005622,-8.952193,-0.5889916
39.482,-3.9984388,-8.9498,-0.57462597
39.512,-3.9960446,-8.959376,-0.5865973
39.544,-4.0104103,-8.9498,-0.58420306
39.583,-4.000833,-8.93304,-0.5818088
39.612,-4.0151987,-8.952193,-0.5794145
39.651,-4.005622,-8.954588,-0.5865973
39.683,-4.0319586,-8.954588,-0.59378016
39.711,-3.9768906,-8.930645,-0.57223165
39.751,-3.991256,-8.9498,-0.57223165
39.783,-3.9984388,-8.964165,-0.5794145
39.812,-3.991256,-8.9498,-0.58420306
39.851,-3.9936504,-8.9498,-0.5794145
39.882,-4.0032277,-8.952193,-0.5698374
39.922,-4.0032277,-8.945011,-0.58420306
39.950,-3.981679,-8.92825,-0.57462597
39.983,-4.0128045,-8.964165,-0.56265455
40.024,-4.008016,-8.93304,-0.5818088
40.052,-4.0128045,-8.956982,-0.5865973
40.083,-4.0104103,-8.9498,-0.6153286
40.123,-4.0032277,-8.964165,-0.57223165
40.152,-4.000833,-8.947405,-0.56265455
40.183,-4.000833,-8.947405,-0.5865973
40.223,-3.9984388,-8.952193,-0.5865973
40.251,-3.981679,-8.945011,-0.57462597
40.282,-3.9864676,-8.940222,-0.5913859
40.324,-4.005622,-8.9498,-0.5913859
40.351,-4.008016,-8.940222,-0.56744313
40.383,-3.9984388,-8.959376,-0.5794145
40.423,-4.008016,-8.9498,-0.5602603
40.451,-4.0151987,-8.954588,-0.5770202
40.492,-4.008016,-8.952193,-0.57223165
40.523,-3.981679,-8.952193,-0.58420306
40.552,-4.0104103,-8.956982,-0.5770202
40.592,-4.000833,-8.935433,-0.5865973
40.624,-3.9792848,-8.961771,-0.5794145
40.662,-4.000833,-8.947405,-0.5770202
40.691,-3.9936504,-8.947405,-0.5913859
40.723,-3.9840732,-8.959376,-0.5913859
40.752,-4.0151987,-8.952193,-0.5818088
40.792,-4.005622,-8.945011,-0.5889916
40.822,-3.9984388,-8.940222,-0.58420306
40.862,-4.008016,-8.959376,-0.58420306
40.891,-3.9984388,-8.956982,-0.57223165
40.923,-4.000833,-8.954588,-0.5818088
40.964,-3.9960446,-8.956982,-0.5818088
40.991,-4.024776,-8.942616,-0.58420306
41.023,-4.000833,-8.952193,-0.5961744
41.061,-4.0104103,-8.952193,-0.57223165
41.091,-4.0199876,-8.952193,-0.5889916
41.122,-3.9936504,-8.947405,-0.5698374
41.165,-3.9960446,-8.9498,-0.57462597
41.193,-3.9984388,-8.947405,-0.5770202
41.223,-3.991256,-8.956982,-0.57223165
41.262,-4.000833,-8.964165,-0.57462597
41.291,-3.9984388,-8.937828,-0.5770202
41.331,-4.0032277,-8.9498,-0.5818088
41.362,-4.008016,-8.942616,-0.58420306
41.392,-3.9936504,-8.956982,-0.5865973
41.431,-4.005622,-8.954588,-0.5865973
41.468,-3.981679,-8.954588,-0.57223165
41.498,-3.9936504,-8.940222,-0.5818088
41.530,-4.008016,-8.961771,-0.5770202
41.564,-3.9960446,-8.954588,-0.5770202
41.592,-4.000833,-8.940222,-0.59378016
41.632,-4.000833,-8.971348,-0.5818088
41.662,-4.005622,-8.954588,-0.5770202
41.702,-3.9960446,-8.954588,-0.5698374
41.732,-4.017593,-8.952193,-0.5889916
41.762,-4.0032277,-8.976136,-0.57462597
41.802,-4.017593,-8.954588,-0.5865973
41.832,-4.005622,-8.964165,-0.57462597
41.863,-3.9888618,-8.964165,-0.5889916
41.902,-4.005622,-8.942616,-0.5865973
41.932,-4.0104103,-8.947405,-0.5794145
41.962,-3.9936504,-8.945011,-0.5985687
42.002,-3.9960446,-8.954588,-0.5913859
42.031,-4.0104103,-8.959376,-0.57462597
42.063,-3.9960446,-8.9498,-0.5889916
42.102,-4.0032277,-8.952193,-0.59378016
42.132,-3.9984388,-8.935433,-0.58420306
42.171,-4.0032277,-8.942616,-0.58420306
42.203,-4.000833,-8.959376,-0.5794145
42.232,-3.9960446,-8.956982,-0.5818088
42.272,-3.9936504,-8.971348,-0.5818088
42.302,-4.005622,-8.930645,-0.5889916
42.343,-4.0032277,-8.956982,-0.5818088
42.371,-3.9792848,-8.954588,-0.5794145
42.403,-3.9888618,-8.9498,-0.5913859
42.443,-4.000833,-8.9498,-0.57462597
42.471,-3.9864676,-8.940222,-0.5865973
42.503,-3.9840732,-8.952193,-0.58420306
42.543,-4.0104103,-8.9498,-0.5889916
42.571,-3.9768906,-8.959376,-0.5818088
42.603,-4.0032277,-8.954588,-0.56744313
42.643,-3.9840732,-8.959376,-0.5889916
42.671,-4.008016,-8.937828,-0.5818088
42.703,-4.0128045,-8.952193,-0.5770202
42.742,-4.0032277,-8.961771,-0.5818088
42.771,-3.9960446,-8.9498,-0.59378016
42.811,-4.000833,-8.942616,-0.5770202
42.842,-4.017593,-8.971348,-0.5913859
42.871,-4.0199876,-8.9498,-0.5794145
42.911,-4.0128045,-8.947405,-0.5794145
42.942,-3.9888618,-8.9498,-0.5770202
42.971,-4.0104103,-8.930645,-0.5698374
43.010,-3.991256,-8.942616,-0.5818088
43.044,-4.0104103,-8.954588,-0.5770202
43.074,-3.991256,-8.9498,-0.58420306
43.112,-4.0032277,-8.942616,-0.56744313
43.145,-4.000833,-8.952193,-0.5865973
43.181,-3.9936504,-8.9498,-0.57223165
43.211,-3.991256,-8.947405,-0.58420306
43.242,-4.0032277,-8.952193,-0.5889916
43.283,-3.9840732,-8.947405,-0.57462597
43.310,-4.000833,-8.945011,-0.5961744
43.342,-3.9888618,-8.9498,-0.58420306
43.373,-4.0032277,-8.935433,-0.5770202
43.411,-4.000833,-8.956982,-0.5770202
43.443,-4.0032277,-8.947405,-0.5794145
43.482,-4.0128045,-8.945011,-0.5794145
43.511,-4.008016,-8.956982,-0.5889916
43.543,-3.9936504,-8.954588,-0.5913859
43.582,-3.981679,-8.952193,-0.5698374
43.611,-4.000833,-8.945011,-0.5794145
43.643,-3.9936504,-8.954588,-0.5770202
43.683,-4.000833,-8.940222,-0.5818088
43.711,-4.0104103,-8.954588,-0.5698374
43.743,-3.9984388,-8.959376,-0.5961744
43.783,-4.008016,-8.964165,-0.57462597
43.811,-4.0151987,-8.945011,-0.5794145
43.844,-3.991256,-8.954588,-0.5818088
43.882,-3.981679,-8.93304,-0.5913859
43.922,-4.000833,-8.9498,-0.5985687
43.951,-3.9960446,-8.966559,-0.6057515
43.981,-3.9960446,-8.954588,-0.57223165
44.022,-4.0032277,-8.947405,-0.5961744
44.051,-3.9960446,-8.952193,-0.56744313
44.081,-3.9840732,-8.937828,-0.5770202
44.122,-3.9864676,-8.956982,-0.5961744
44.151,-4.0032277,-8.966559,-0.57462597
44.181,-3.991256,-8.9498,-0.5794145
44.224,-3.9984388,-8.945011,-0.58420306
44.251,-3.991256,-8.956982,-0.5770202
44.282,-4.0032277,-8.959376,-0.59378016
44.322,-4.0151987,-8.956982,-0.58420306
44.350,-4.024776,-8.952193,-0.5794145
44.382,-4.005622,-8.952193,-0.5818088
44.423,-3.9888618,-8.952193,-0.58420306
44.451,-4.0104103,-8.945011,-0.5770202
44.490,-4.0104103,-8.961771,-0.5818088
44.523,-3.9936504,-8.937828,-0.55786604
44.551,-3.9936504,-8.954588,-0.5698374
44.583,-4.005622,-8.947405,-0.57462597
44.623,-3.9936504,-8.952193,-0.5985687
44.652,-4.008016,-8.9498,-0.5818088
44.684,-4.0032277,-8.952193,-0.5698374
44.722,-3.991256,-8.947405,-0.5698374
44.764,-3.9960446,-8.959376,-0.57462597
44.791,-3.9936504,-8.942616,-0.56744313
44.822,-4.0151987,-8.930645,-0.57223165
44.862,-3.9840732,-8.954588,-0.60335726
44.890,-3.9792848,-8.9498,-0.5865973
44.923,-3.9840732,-8.935433,-0.5818088
44.962,-4.0151987,-8.952193,-0.5865973
44.990,-3.9936504,-8.942616,-0.55786604
45.021,-3.991256,-8.954588,-0.5794145
45.061,-3.991256,-8.947405,-0.5818088
45.090,-3.9936504,-8.940222,-0.57223165
45.123,-3.9984388,-8.947405,-0.5985687
45.162,-3.9888618,-8.968953,-0.5913859
45.192,-3.9960446,-8.954588,-0.5889916
45.223,-4.000833,-8.92825,-0.56744313
45.263,-4.000833,-8.947405,-0.5770202
45.291,-3.991256,-8.954588,-0.5913859
45.325,-3.9888618,-8.947405,-0.5865973
45.365,-3.9984388,-8.956982,-0.5770202
45.391,-4.0032277,-8.940222,-0.56744313
45.423,-4.000833,-8.952193,-0.5794145
45.464,-4.005622,-8.9498,-0.56265455
45.491,-3.981679,-8.945011,-0.5865973
45.530,-3.9960446,-8.947405,-0.5794145
45.563,-4.0032277,-8.968953,-0.5794145
45.603,-4.0151987,-8.956982,-0.59378016
45.632,-4.0032277,-8.954588,-0.57223165
45.663,-4.0104103,-8.961771,-0.58420306
45.702,-4.0151987,-8.952193,-0.5770202
45.731,-3.991256,-8.956982,-0.5985687
45.763,-3.9840732,-8.956982,-0.5865973
45.804,-3.9984388,-8.947405,-0.5698374
45.831,-4.005622,-8.937828,-0.5602603
45.863,-3.9960446,-8.945011,-0.5650489
45.902,-4.022382,-8.9498,-0.60335726
45.930,-4.0128045,-8.959376,-0.5889916
45.962,-4.005622,-8.947405,-0.56744313
46.002,-4.000833,-8.959376,-0.57462597
46.030,-4.008016,-8.966559,-0.5889916
46.061,-4.0104103,-8.937828,-0.5818088
46.102,-4.005622,-8.942616,-0.5698374
46.132,-4.0151987,-8.959376,-0.5698374
46.162,-3.991256,-8.954588,-0.5985687
46.204,-3.9960446,-8.947405,-0.57223165
46.230,-3.9984388,-8.952193,-0.58420306
46.271,-3.9936504,-8.959376,-0.5818088
46.302,-4.005622,-8.945011,-0.5865973
46.331,-4.0199876,-8.9498,-0.5889916
46.372,-3.9864676,-8.956982,-0.5865973
46.403,-3.9984388,-8.947405,-0.5889916
46.431,-4.005622,-8.945011,-0.5913859
46.471,-4.017593,-8.954588,-0.5818088
46.502,-3.981679,-8.937828,-0.55786604
46.543,-4.0104103,-8.942616,-0.5794145
46.571,-4.008016,-8.956982,-0.5794145
46.602,-4.000833,-8.961771,-0.5818088
46.641,-4.0128045,-8.942616,-0.5985687
46.671,-3.9864676,-8.945011,-0.5794145
46.703,-3.9960446,-8.956982,-0.57462597
46.744,-4.0032277,-8.9498,-0.5770202
46.771,-4.0128045,-8.964165,-0.5698374
46.803,-4.0104103,-8.940222,-0.5794145
46.843,-4.005622,-8.9498,-0.59378016
46.871,-4.0032277,-8.956982,-0.5818088
46.902,-4.0032277,-8.9498,-0.57223165
46.941,-3.9960446,-8.935433,-0.5794145
46.971,-4.005622,-8.937828,-0.5818088
47.015,-4.0151987,-8.945011,-0.5554718
47.041,-3.9840732,-8.947405,-0.5698374
47.070,-3.9864676,-8.952193,-0.5794145
47.103,-3.9984388,-8.935433,-0.56744313
47.141,-4.0104103,-8.959376,-0.57462597
47.170,-4.0032277,-8.964165,-0.57462597
47.211,-3.9960446,-8.945011,-0.57223165
47.242,-4.0104103,-8.968953,-0.5865973
47.282,-3.9960446,-8.93304,-0.57462597
47.310,-3.9984388,-8.9498,-0.5865973
47.344,-4.0104103,-8.947405,-0.59378016
47.382,-4.005622,-8.961771,-0.5913859
47.411,-3.9936504,-8.959376,-0.5865973
47.442,-4.022382,-8.935433,-0.5770202
47.482,-4.0128045,-8.945011,-0.5865973
47.510,-3.9960446,-8.945011,-0.5913859
47.543,-4.0032277,-8.947405,-0.5818088
47.582,-4.022382,-8.952193,-0.5865973
47.611,-4.0032277,-8.942616,-0.5794145
47.643,-4.000833,-8.9498,-0.5650489
47.683,-3.9960446,-8.952193,-0.58420306
47.712,-4.0032277,-8.952193,-0.58420306
47.744,-3.9984388,-8.959376,-0.60335726
47.782,-4.0032277,-8.942616,-0.5818088
47.811,-4.017593,-8.945011,-0.57223165
47.842,-4.0032277,-8.959376,-0.5889916
47.882,-3.9984388,-8.954588,-0.59378016
47.911,-4.005622,-8.961771,-0.5794145
47.944,-4.024776,-8.956982,-0.58420306
47.983,-3.9960446,-8.964165,-0.5889916
48.012,-3.991256,-8.937828,-0.57223165
48.048,-4.005622,-8.959376,-0.57462597
48.083,-4.008016,-8.940222,-0.5794145
48.112,-4.005622,-8.945011,-0.58420306
48.144,-4.0151987,-8.945011,-0.5865973
48.186,-3.9984388,-8.942616,-0.5889916
48.223,-4.0032277,-8.942616,-0.59378016
48.253,-4.0128045,-8.961771,-0.57462597
48.282,-3.9960446,-8.945011,-0.59378016
48.323,-4.008016,-8.961771,-0.58420306
48.351,-3.9744961,-8.959376,-0.5794145
48.386,-4.008016,-8.956982,-0.59378016
48.424,-4.000833,-8.954588,-0.58420306
48.451,-3.9864676,-8.925857,-0.5794145
48.482,-3.9840732,-8.942616,-0.59378016
48.523,-4.0151987,-8.9498,-0.5698374
48.551,-3.9960446,-8.940222,-0.57462597
48.584,-3.9960446,-8.961771,-0.5770202
48.623,-4.0032277,-8.961771,-0.5818088
48.652,-4.008016,-8.945011,-0.57223165
48.683,-3.9744961,-8.952193,-0.5865973
48.724,-3.981679,-8.961771,-0.57462597
48.752,-4.008016,-8.9498,-0.57462597
48.792,-4.005622,-8.959376,-0.5602603
48.823,-3.9936504,-8.91628,-0.5913859
48.851,-3.9984388,-8.9498,-0.58420306
48.884,-3.9936504,-8.942616,-0.56744313
48.923,-3.9840732,-8.954588,-0.5794145
48.951,-4.005622,-8.945011,-0.56744313
48.991,-3.9984388,-8.945011,-0.5818088
49.026,-3.9840732,-8.954588,-0.5770202
49.063,-3.9960446,-8.952193,-0.5913859
49.091,-3.991256,-8.945011,-0.5698374
49.123,-4.0032277,-8.937828,-0.5770202
49.164,-3.9960446,-8.937828,-0.58420306
49.191,-4.008016,-8.942616,-0.5818088
49.222,-3.9840732,-8.954588,-0.5818088
49.265,-4.000833,-8.954588,-0.5770202
49.292,-4.0104103,-8.952193,-0.58420306
49.322,-3.9984388,-8.945011,-0.5794145
49.363,-3.9984388,-8.968953,-0.5818088
49.391,-4.000833,-8.968953,-0.59378016
49.423,-3.991256,-8.942616,-0.59378016
49.463,-4.0151987,-8.956982,-0.5794145
49.493,-4.000833,-8.966559,-0.58420306
49.523,-4.008016,-8.952193,-0.5889916
49.563,-3.9984388,-8.968953,-0.5913859
49.593,-3.9984388,-8.952193,-0.57223165
49.628,-4.005622,-8.956982,-0.57462597
49.666,-4.008016,-8.945011,-0.5794145
49.694,-3.9888618,-8.937828,-0.5794145
49.724,-3.9888618,-8.959376,-0.5913859
49.764,-3.9984388,-8.942616,-0.59378016
49.794,-4.0032277,-8.942616,-0.5770202
49.825,-3.9936504,-8.940222,-0.5794145
49.863,-4.008016,-8.954588,-0.5770202
49.893,-4.0104103,-8.947405,-0.5961744
49.933,-4.0032277,-8.935433,-0.5889916
49.964,-3.9960446,-8.9498,-0.57223165
49.992,-4.005622,-8.945011,-0.57223165
50.033,-3.9768906,-8.961771,-0.58420306
50.063,-3.9888618,-8.9498,-0.5818088
50.104,-4.005622,-8.9498,-0.57462597
50.133,-3.991256,-8.940222,-0.5818088
50.167,-3.9960446,-8.956982,-0.5794145
50.196,-4.024776,-8.959376,-0.5794145
50.236,-3.9960446,-8.956982,-0.57462597
50.265,-4.005622,-8.9498,-0.5889916
50.305,-4.005622,-8.961771,-0.56265455
50.334,-3.9840732,-8.954588,-0.58420306
50.366,-3.9960446,-8.942616,-0.6081458
50.404,-4.02717,-8.971348,-0.56744313
50.434,-4.017593,-8.942616,-0.5650489
50.466,-4.005622,-8.942616,-0.5770202
50.505,-4.0151987,-8.945011,-0.5794145
50.533,-3.9960446,-8.947405,-0.5961744
50.565,-4.005622,-8.935433,-0.5865973
50.604,-4.022382,-8.954588,-0.57462597
50.633,-4.0128045,-8.945011,-0.59378016
50.664,-3.9960446,-8.9498,-0.5650489
50.706,-4.0032277,-8.947405,-0.56744313
50.733,-4.000833,-8.947405,-0.57223165
50.773,-4.0104103,-8.947405,-0.5865973
50.805,-4.0032277,-8.9498,-0.58420306
50.833,-4.0032277,-8.961771,-0.5818088
50.874,-4.000833,-8.947405,-0.57223165
50.904,-4.0151987,-8.961771,-0.57223165
50.934,-4.0128045,-8.942616,-0.5770202
50.972,-4.005622,-8.954588,-0.55786604
51.004,-4.0032277,-8.945011,-0.5985687
51.044,-4.0032277,-8.964165,-0.5794145
51.073,-4.005622,-8.952193,-0.57462597
51.104,-4.0032277,-8.956982,-0.5650489
51.143,-4.0151987,-8.961771,-0.5961744
51.174,-4.0104103,-8.959376,-0.6105401
51.204,-4.000833,-8.952193,-0.5794145
51.246,-4.022382,-8.940222,-0.58420306
51.273,-4.000833,-8.945011,-0.57223165
51.304,-3.981679,-8.947405,-0.5913859
51.344,-4.0151987,-8.959376,-0.5818088
51.373,-4.0128045,-8.966559,-0.5889916
51.404,-4.024776,-8.954588,-0.5865973
51.445,-3.9840732,-8.956982,-0.5985687
51.472,-3.9984388,-8.9498,-0.57462597
51.504,-3.9936504,-8.966559,-0.5961744
51.545,-4.008016,-8.964165,-0.58420306
51.573,-3.9840732,-8.935433,-0.55786604
51.605,-4.017593,-8.952193,-0.57223165
51.648,-3.9936504,-8.959376,-0.56744313
51.673,-4.0032277,-8.935433,-0.5889916
51.707,-4.005622,-8.9498,-0.58420306
51.745,-4.0128045,-8.961771,-0.5770202
51.773,-4.0032277,-8.956982,-0.56744313
51.813,-3.9888618,-8.947405,-0.5865973
51.844,-4.000833,-8.959376,-0.5889916
51.884,-3.9984388,-8.954588,-0.5602603
51.914,-4.000833,-8.954588,-0.56744313
51.946,-4.008016,-8.952193,-0.5818088
51.983,-3.991256,-8.959376,-0.5913859
52.014,-3.9984388,-8.952193,-0.58420306
52.045,-4.0104103,-8.942616,-0.5770202
52.084,-3.991256,-8.942616,-0.56744313
52.114,-4.008016,-8.954588,-0.56744313
52.146,-3.991256,-8.947405,-0.57462597
52.186,-4.000833,-8.954588,-0.5889916
52.213,-4.0104103,-8.952193,-0.57462597
52.246,-4.0032277,-8.947405,-0.58420306
52.284,-4.0151987,-8.954588,-0.5913859
52.313,-4.0151987,-8.954588,-0.58420306
52.344,-3.9936504,-8.9498,-0.57223165
52.384,-4.0128045,-8.952193,-0.57462597
52.413,-4.005622,-8.940222,-0.5770202
52.453,-3.9984388,-8.945011,-0.57223165
52.484,-4.005622,-8.964165,-0.5865973
52.512,-3.991256,-8.942616,-0.5698374
52.553,-4.0199876,-8.945011,-0.5818088
52.584,-4.0151987,-8.959376,-0.5865973
52.614,-4.000833,-8.964165,-0.5770202
52.653,-3.9864676,-8.952193,-0.57462597
52.686,-3.9936504,-8.952193,-0.57462597
52.725,-4.0151987,-8.971348,-0.5698374
52.753,-4.005622,-8.9498,-0.5961744
52.786,-4.000833,-8.952193,-0.57223165
52.825,-3.9936504,-8.945011,-0.5865973
52.854,-3.991256,-8.964165,-0.58420306
52.884,-4.0104103,-8.947405,-0.58420306
52.923,-3.9888618,-8.956982,-0.600963
52.954,-3.9864676,-8.964165,-0.5961744
52.984,-3.9840732,-8.952193,-0.600963
53.019,-3.9984388,-8.942616,-0.57462597
53.052,-4.005622,-8.964165,-0.5698374
53.085,-4.0032277,-8.945011,-0.5770202
53.124,-3.9960446,-8.961771,-0.5889916
53.153,-3.9984388,-8.964165,-0.59378016
53.184,-4.005622,-8.952193,-0.5913859
53.226,-3.972102,-8.976136,-0.5889916
53.253,-3.9936504,-8.93304,-0.57223165
53.293,-3.9864676,-8.9498,-0.56744313
53.324,-4.0032277,-8.937828,-0.5698374
53.353,-4.017593,-8.952193,-0.5913859
53.392,-3.9984388,-8.961771,-0.5818088
53.426,-4.005622,-8.947405,-0.5985687
53.453,-3.9936504,-8.937828,-0.5961744
53.493,-3.9984388,-8.945011,-0.5770202
53.523,-3.9888618,-8.964165,-0.58420306
53.565,-3.9984388,-8.945011,-0.5818088
53.592,-4.0151987,-8.964165,-0.5650489
53.624,-3.9984388,-8.961771,-0.5818088
53.664,-3.991256,-8.956982,-0.5865973
53.692,-3.9936504,-8.947405,-0.59378016
53.723,-4.005622,-8.93304,-0.5889916
53.765,-4.000833,-8.942616,-0.5818088
53.793,-4.017593,-8.942616,-0.5818088
53.825,-4.005622,-8.954588,-0.5650489
53.864,-3.9744961,-8.947405,-0.59378016
53.893,-3.9864676,-8.9498,-0.5770202
53.925,-4.0032277,-8.954588,-0.58420306
53.963,-4.0199876,-8.945011,-0.55307746
53.993,-4.024776,-8.93304,-0.5602603
54.025,-4.0295644,-8.937828,-0.5770202
54.063,-4.008016,-8.947405,-0.5770202
54.094,-4.0128045,-8.942616,-0.5650489
54.125,-4.005622,-8.947405,-0.57223165
54.164,-3.9840732,-8.945011,-0.5794145
54.193,-4.005622,-8.940222,-0.57462597
54.232,-4.005622,-8.945011,-0.5889916
54.264,-3.991256,-8.93304,-0.5818088
54.306,-4.005622,-8.954588,-0.5650489
54.334,-3.991256,-8.954588,-0.5865973
54.365,-3.9936504,-8.954588,-0.58420306
54.394,-4.0104103,-8.9498,-0.57223165
54.433,-4.0128045,-8.952193,-0.5889916
54.465,-3.9984388,-8.940222,-0.57223165
54.504,-3.9888618,-8.961771,-0.59378016
54.533,-4.0032277,-8.954588,-0.5794145
54.565,-3.9960446,-8.942616,-0.5698374
54.603,-3.9984388,-8.954588,-0.5913859
54.633,-4.005622,-8.954588,-0.59378016
54.665,-3.9984388,-8.959376,-0.57462597
54.704,-3.9864676,-8.964165,-0.5698374
54.732,-4.0104103,-8.952193,-0.5650489
54.764,-3.9936504,-8.9498,-0.5818088
54.804,-3.9936504,-8.954588,-0.5770202
54.833,-4.017593,-8.964165,-0.58420306
54.872,-3.9768906,-8.954588,-0.5865973
54.904,-4.0104103,-8.956982,-0.5770202
54.933,-3.9936504,-8.956982,-0.5889916
54.965,-3.9936504,-8.947405,-0.57223165
55.005,-3.991256,-8.952193,-0.5770202
55.032,-4.0128045,-8.942616,-0.5770202
55.072,-4.017593,-8.940222,-0.5818088
55.104,-3.9888618,-8.9498,-0.5698374
55.142,-4.000833,-8.947405,-0.5818088
55.172,-3.9792848,-8.947405,-0.5913859
55.205,-3.9984388,-8.9498,-0.5985687
55.234,-4.008016,-8.956982,-0.5865973
55.272,-3.991256,-8.947405,-0.5794145
55.304,-4.008016,-8.9498,-0.57223165
55.345,-3.991256,-8.940222,-0.5794145
55.368,-4.0032277,-8.952193,-0.57223165
55.405,-4.0151987,-8.935433,-0.5698374
55.444,-3.9864676,-8.956982,-0.5794145
55.473,-3.991256,-8.956982,-0.5770202
55.504,-4.008016,-8.940222,-0.57223165
55.545,-3.9984388,-8.954588,-0.5818088
55.572,-4.017593,-8.9498,-0.57223165
55.604,-4.000833,-8.945011,-0.5985687
55.644,-4.005622,-8.954588,-0.5794145
55.673,-3.9888618,-8.9498,-0.58420306
55.704,-4.005622,-8.935433,-0.5794145
55.747,-4.008016,-8.9498,-0.5554718
55.773,-3.9960446,-8.9498,-0.58420306
55.813,-3.9960446,-8.937828,-0.58420306
55.845,-3.9984388,-8.956982,-0.5818088
55.874,-4.024776,-8.956982,-0.56744313
55.909,-4.017593,-8.961771,-0.5698374
55.945,-3.9984388,-8.937828,-0.5889916
55.974,-4.008016,-8.952193,-0.5770202
56.013,-4.024776,-8.9498,-0.5770202
56.046,-4.0032277,-8.9498,-0.5794145
56.084,-4.005622,-8.956982,-0.5913859
56.113,-4.008016,-8.956982,-0.56265455
56.150,-3.9936504,-8.945011,-0.57462597
56.184,-4.0128045,-8.9498,-0.5818088
56.208,-4.0032277,-8.945011,-0.5889916
56.245,-4.008016,-8.952193,-0.5865973
56.289,-4.0032277,-8.940222,-0.5698374
56.313,-4.0128045,-8.92825,-0.5985687
56.346,-4.000833,-8.9498,-0.5913859
56.385,-4.005622,-8.940222,-0.56265455
56.414,-4.0104103,-8.952193,-0.57462597
56.445,-4.017593,-8.961771,-0.5650489
56.485,-4.0104103,-8.952193,-0.5889916
56.514,-3.9960446,-8.964165,-0.5865973
56.544,-4.008016,-8.956982,-0.5961744
56.585,-4.0151987,-8.945011,-0.58420306
56.614,-4.0199876,-8.956982,-0.5794145
56.646,-3.9768906,-8.961771,-0.57223165
56.683,-4.008016,-8.964165,-0.57223165
56.714,-4.005622,-8.961771,-0.58420306
56.752,-4.008016,-8.954588,-0.5818088
56.783,-4.0104103,-8.956982,-0.5889916
56.813,-3.9936504,-8.961771,-0.5865973
56.853,-4.0104103,-8.964165,-0.5650489
56.884,-4.022382,-8.952193,-0.57462597
56.914,-3.9888618,-8.966559,-0.5770202
56.953,-4.005622,-8.92825,-0.600963
56.985,-4.005622,-8.942616,-0.5913859
57.024,-4.008016,-8.937828,-0.5818088
57.053,-4.0104103,-8.956982,-0.5794145
57.083,-3.9864676,-8.947405,-0.5770202
57.125,-4.0199876,-8.9498,-0.58420306
57.153,-4.0199876,-8.947405,-0.5913859
57.185,-3.9864676,-8.956982,-0.5650489
57.225,-4.0104103,-8.968953,-0.5818088
57.254,-3.9960446,-8.961771,-0.5913859
57.285,-4.0032277,-8.954588,-0.5985687
57.324,-3.9936504,-8.940222,-0.56265455
57.353,-4.0151987,-8.9498,-0.56265455
57.384,-4.000833,-8.947405,-0.5770202
57.424,-4.0032277,-8.952193,-0.5865973
57.453,-3.9984388,-8.947405,-0.5889916
57.493,-4.005622,-8.942616,-0.5889916
57.527,-4.000833,-8.956982,-0.56744313
57.553,-4.000833,-8.935433,-0.5698374
57.588,-3.9960446,-8.947405,-0.56744313
57.627,-4.000833,-8.9498,-0.5818088
57.653,-3.9864676,-8.954588,-0.5818088
57.693,-4.017593,-8.9498,-0.56744313
57.725,-3.9936504,-8.952193,-0.58420306
57.764,-3.9888618,-8.956982,-0.5865973
57.793,-4.0104103,-8.954588,-0.5794145
57.825,-3.981679,-8.961771,-0.5770202
57.864,-4.000833,-8.940222,-0.5913859
57.893,-4.008016,-8.930645,-0.57462597
57.924,-3.9984388,-8.947405,-0.5865973
57.965,-4.005622,-8.947405,-0.57462597
57.993,-3.991256,-8.959376,-0.5770202
58.025,-4.0032277,-8.9498,-0.5865973
58.064,-3.972102,-8.964165,-0.60335726
58.093,-3.9984388,-8.9498,-0.5818088
58.124,-3.9960446,-8.959376,-0.58420306
58.164,-4.0199876,-8.971348,-0.57462597
58.194,-3.9960446,-8.952193,-0.57462597
58.225,-3.9840732,-8.956982,-0.5818088
58.264,-3.9888618,-8.947405,-0.59378016
58.293,-3.991256,-8.945011,-0.5770202
58.325,-3.9984388,-8.956982,-0.5794145
58.365,-4.008016,-8.942616,-0.57223165
58.395,-4.008016,-8.952193,-0.5865973
58.433,-3.9936504,-8.947405,-0.5698374
58.464,-4.000833,-8.959376,-0.5794145
58.493,-4.000833,-8.945011,-0.57223165
58.533,-3.9864676,-8.9498,-0.58420306
58.565,-4.0104103,-8.9498,-0.5889916
58.594,-3.9984388,-8.945011,-0.5865973
58.628,-4.0104103,-8.956982,-0.5794145
58.667,-4.005622,-8.959376,-0.57462597
58.707,-4.008016,-8.9498,-0.5913859
58.733,-3.9936504,-8.942616,-0.5865973
58.765,-4.008016,-8.964165,-0.58420306
58.808,-4.0128045,-8.945011,-0.59378016
58.833,-3.9936504,-8.947405,-0.5913859
58.865,-3.9936504,-8.954588,-0.57462597
58.908,-4.0032277,-8.961771,-0.5698374
58.934,-4.0128045,-8.952193,-0.5889916
58.967,-3.9864676,-8.956982,-0.57462597
59.006,-4.0104103,-8.959376,-0.5794145
59.034,-4.0128045,-8.964165,-0.57462597
59.066,-3.9984388,-8.935433,-0.58420306
59.105,-4.000833,-8.952193,-0.56744313
59.133,-3.9936504,-8.9498,-0.5818088
59.168,-3.9864676,-8.942616,-0.57462597
59.208,-3.9984388,-8.956982,-0.5794145
59.234,-4.0199876,-8.935433,-0.5818088
59.273,-4.0151987,-8.954588,-0.58420306
59.309,-4.0032277,-8.945011,-0.5889916
59.334,-3.9984388,-8.940222,-0.5818088
59.373,-3.9888618,-8.945011,-0.5865973
59.407,-3.9984388,-8.947405,-0.5770202
59.434,-3.9888618,-8.942616,-0.5913859
59.473,-3.9984388,-8.940222,-0.5818088
59.507,-4.0104103,-8.954588,-0.56744313
59.547,-3.9984388,-8.935433,-0.5818088
59.569,-3.9840732,-8.956982,-0.5818088
59.605,-4.008016,-8.959376,-0.58420306
59.645,-4.0199876,-8.947405,-0.57223165
59.673,-3.991256,-8.942616,-0.5818088
59.706,-4.0104103,-8.947405,-0.5794145
59.745,-3.9960446,-8.940222,-0.5913859
59.774,-3.9960446,-8.956982,-0.5889916
59.806,-3.991256,-8.940222,-0.6057515
59.845,-4.000833,-8.959376,-0.5865973
59.874,-4.0128045,-8.952193,-0.5794145
59.905,-4.0151987,-8.940222,-0.5794145
59.944,-4.005622,-8.9498,-0.57462597
59.973,-3.9888618,-8.954588,-0.600963
