timestamp,x,y,z
00.000,-0.46875,1.078125,-0.109375
00.031,-0.40625,1.0,-0.0625
00.062,-0.390625,0.9375,-0.15625
00.093,-0.4375,1.015625,-0.21875
00.125,-0.546875,1.03125,-0.265625
00.156,-0.625,1.046875,-0.296875
00.187,-0.8125,1.046875,-0.296875
00.218,-0.890625,1.03125,-0.234375
00.250,-0.71875,0.921875,-0.171875
00.281,-0.546875,0.84375,-0.171875
00.312,-0.734375,0.734375,-0.1875
00.343,-0.546875,0.578125,-0.15625
00.375,-0.453125,0.578125,-0.171875
00.406,-0.375,0.5625,-0.09375
00.437,-0.390625,0.484375,-0.03125
00.468,-0.515625,0.4375,0.0
00.500,-0.6875,0.53125,0.03125
00.531,-0.75,0.65625,0.078125
00.562,-0.953125,0.796875,0.109375
00.593,-1.28125,0.6875,-0.046875
00.625,-1.28125,0.65625,-0.03125
00.656,-1.328125,0.59375,-0.046875
00.687,-1.453125,0.625,-0.078125
00.718,-1.625,0.828125,-0.203125
00.750,-1.859375,1.0,-0.421875
00.781,-1.890625,1.0,-0.421875
00.812,-1.765625,0.9375,-0.359375
00.843,-1.734375,0.890625,-0.390625
00.875,-1.5,0.796875,-0.328125
00.906,-1.078125,0.609375,-0.125
00.937,-0.875,0.53125,-0.0625
00.968,-0.359375,0.265625,0.09375
01.000,-0.0625,-0.203125,0.21875
01.031,-0.109375,-0.3125,0.203125
01.062,-0.171875,-0.234375,0.21875
01.093,-0.140625,-0.265625,0.171875
01.125,-0.21875,-0.359375,0.09375
01.156,0.078125,-0.40625,0.078125
01.187,0.203125,-0.390625,0.0625
01.218,0.484375,-0.546875,0.203125
01.250,0.453125,-0.609375,0.171875
01.281,0.484375,-0.8125,0.125
01.312,0.703125,-0.734375,0.1875
01.343,0.734375,-0.734375,0.140625
01.375,0.875,-0.75,0.171875
01.406,0.921875,-0.75,0.25
01.437,0.765625,-0.796875,0.203125
01.468,0.78125,-0.921875,0.25
01.500,0.78125,-0.859375,0.390625
01.531,0.75,-0.84375,0.4375
01.562,0.6875,-0.890625,0.609375
01.593,0.625,-0.890625,0.78125
01.625,0.1875,-1.03125,0.484375
01.656,0.078125,-0.890625,0.5625
01.687,-0.234375,-0.921875,0.375
01.718,0.21875,-0.8125,0.640625
01.750,0.390625,-0.734375,0.6875
01.781,0.1875,-0.78125,0.453125
01.812,0.125,-0.796875,0.375
01.843,0.078125,-0.8125,0.453125
01.875,0.28125,-0.609375,0.46875
01.906,0.421875,-0.59375,0.46875
01.937,0.296875,-0.515625,0.140625
01.968,0.15625,-0.234375,0.0625
02.000,0.515625,-0.0625,0.21875
02.031,0.828125,-0.203125,0.546875
02.062,0.796875,-0.296875,0.515625
02.093,0.9375,-0.296875,0.546875
02.125,1.0625,-0.21875,0.4375
02.156,1.265625,-0.1875,0.515625
02.187,1.125,-0.1875,0.1875
02.218,0.96875,-0.234375,0.03125
02.250,0.671875,-0.375,-0.234375
02.281,0.515625,-0.484375,-0.328125
02.312,0.453125,-0.5625,-0.28125
02.343,0.375,-0.8125,-0.125
02.375,0.265625,-0.890625,-0.140625
02.406,-0.015625,-0.96875,0.3125
02.437,-0.4375,-1.109375,0.46875
02.468,-0.5625,-1.140625,0.609375
02.500,-0.6875,-1.171875,0.59375
02.531,-0.46875,-1.03125,0.75
02.562,-0.5,-0.84375,0.875
02.593,-0.703125,-0.640625,0.515625
02.625,-0.671875,-0.53125,0.578125
02.656,-0.25,-0.140625,0.890625
02.687,-0.15625,0.15625,0.8125
02.718,-0.125,0.296875,0.890625
02.750,-0.140625,0.484375,1.0
02.781,0.015625,0.546875,0.953125
02.812,0.265625,0.875,1.140625
02.843,0.03125,0.765625,0.921875
02.875,-0.046875,0.8125,0.90625
02.906,-0.078125,0.9375,0.796875
02.937,0.125,0.84375,0.765625
02.968,0.15625,0.765625,0.6875
03.000,0.09375,0.578125,1.015625
03.031,0.40625,0.421875,1.078125
03.062,-0.046875,0.375,1.03125
03.093,-0.140625,0.296875,1.0
03.125,0.0625,0.265625,0.953125
03.156,0.390625,0.40625,0.9375
03.187,0.359375,0.4375,0.953125
03.218,0.25,0.390625,1.0625
03.250,0.375,0.40625,0.96875
03.281,0.578125,0.296875,0.8125
03.312,-0.015625,0.421875,0.4375
03.343,-0.34375,0.0625,0.25
03.375,-0.5,0.0,0.609375
03.406,-0.703125,0.0,0.59375
03.437,-0.515625,-0.03125,0.640625
03.468,-0.359375,0.5625,1.984375
03.500,-0.15625,0.828125,1.390625
03.531,-0.546875,0.65625,0.703125
03.562,-0.671875,0.53125,0.546875
03.593,-0.359375,0.703125,0.9375
03.625,-0.59375,0.46875,0.859375
03.656,-0.625,0.59375,0.953125
03.687,-0.6875,0.546875,0.84375
03.718,-0.484375,0.203125,0.671875
03.750,-0.90625,0.15625,0.515625
03.781,-0.59375,0.4375,0.96875
03.812,-0.65625,0.21875,0.78125
03.843,-0.453125,0.1875,0.71875
03.875,-0.5,0.234375,0.59375
03.906,-0.796875,0.234375,0.296875
03.937,-0.90625,0.234375,0.375
03.968,0.046875,0.1875,1.046875
04.000,-0.59375,-0.046875,0.65625
04.031,-0.515625,0.03125,0.890625
04.062,-0.5,0.046875,0.875
04.093,-0.640625,0.046875,0.71875
04.125,-0.78125,-0.015625,0.8125
04.156,-0.484375,0.0,0.84375
04.187,-0.71875,0.0625,0.6875
04.218,-0.640625,0.046875,0.765625
04.250,-0.65625,0.09375,0.78125
04.281,-0.734375,0.03125,0.546875
04.312,-0.71875,0.046875,0.5
04.343,-0.671875,0.0625,0.71875
04.375,-1.0,0.203125,0.625
04.406,-0.890625,0.03125,0.640625
04.437,-0.609375,0.234375,0.703125
04.468,-0.828125,0.140625,0.328125
04.500,-0.5625,0.109375,0.453125
04.531,-0.28125,0.140625,0.5
04.562,-0.171875,0.140625,0.515625
04.593,-0.53125,0.40625,0.734375
04.625,-0.34375,0.28125,1.890625
04.656,-0.203125,0.0625,1.375
04.687,-0.875,0.515625,0.734375
04.718,-0.90625,0.640625,0.890625
04.750,-0.453125,0.71875,1.1875
04.781,-0.15625,0.578125,1.015625
04.812,-0.21875,0.484375,0.96875
04.843,-0.4375,0.5,0.78125
04.875,-0.203125,0.5,0.875
04.906,-0.3125,0.515625,0.796875
04.937,-0.359375,0.375,0.859375
04.968,-0.46875,0.453125,0.8125
05.000,-0.46875,0.484375,0.90625
05.031,-0.203125,0.375,0.859375
05.062,-0.375,0.390625,0.8125
05.093,-0.359375,0.4375,0.75
05.125,-0.28125,0.40625,0.75
05.156,-0.421875,0.3125,0.703125
05.187,-0.296875,0.421875,0.765625
05.218,-0.21875,0.390625,0.828125
05.250,-0.25,0.390625,0.859375
05.281,-0.28125,0.453125,0.875
05.312,-0.328125,0.4375,0.859375
05.343,-0.421875,0.328125,0.75
05.375,-0.375,0.375,0.8125
05.406,-0.390625,0.34375,0.875
05.437,-0.375,0.34375,0.90625
05.468,-0.421875,0.359375,0.875
05.500,-0.5,0.375,0.8125
05.531,-0.390625,0.34375,0.875
05.562,-0.421875,0.359375,0.84375
05.593,-0.390625,0.328125,0.765625
05.625,-0.421875,0.28125,0.71875
05.656,-0.484375,0.40625,0.8125
05.687,-0.375,0.328125,0.875
05.718,-0.34375,0.34375,0.90625
05.750,-0.453125,0.3125,0.8125
05.781,-0.546875,0.265625,0.765625
05.812,-0.546875,0.34375,0.828125
05.843,-0.46875,0.296875,0.90625
05.875,-0.40625,0.328125,0.90625
05.906,-0.375,0.296875,0.78125
05.937,-0.515625,0.28125,0.8125
05.968,-0.40625,0.3125,0.90625
06.000,-0.671875,0.28125,0.765625
06.031,-0.6875,0.328125,0.734375
06.062,-0.578125,0.21875,0.625
06.093,-0.71875,0.125,0.5625
06.125,-0.78125,0.328125,0.671875
06.156,-0.703125,0.34375,0.671875
06.187,-0.828125,0.3125,0.59375
06.218,-0.5625,-0.046875,0.71875
06.250,-0.8125,-0.046875,0.734375
06.281,-0.90625,-0.015625,0.6875
06.312,-0.71875,0.046875,0.59375
06.343,-0.8125,0.09375,0.546875
06.375,-0.78125,0.109375,0.625
06.406,-0.671875,0.015625,0.71875
06.437,-0.6875,0.0625,0.71875
06.468,-0.65625,0.046875,0.75
06.500,-0.671875,0.015625,0.734375
06.531,-0.796875,0.046875,0.84375
06.562,-0.765625,-0.015625,0.71875
06.593,-0.890625,-0.03125,0.609375
06.625,-0.734375,-0.15625,0.78125
06.656,-0.09375,-0.046875,0.671875
06.687,-0.25,0.0,0.6875
06.718,-0.8125,-0.09375,0.65625
06.750,-0.671875,-0.109375,0.609375
06.781,-0.53125,-0.015625,0.296875
06.812,-0.640625,-0.15625,0.375
06.843,-0.65625,-0.359375,0.546875
06.875,-0.90625,-0.46875,0.625
06.906,-1.15625,-0.703125,0.5625
06.937,-0.6875,-0.734375,0.78125
06.968,-0.765625,-0.453125,0.53125
07.000,-0.6875,-0.4375,0.65625
07.031,-0.828125,-0.5,0.5
07.062,-0.6875,-0.390625,0.546875
07.093,-0.71875,-0.40625,0.515625
07.125,-0.734375,-0.3125,0.59375
07.156,-0.671875,-0.375,0.4375
07.187,-0.625,-0.484375,0.453125
07.218,-0.625,-0.46875,0.5625
07.250,-0.578125,-0.46875,0.40625
07.281,-0.203125,-0.296875,0.25
07.312,-0.453125,-0.140625,-0.109375
07.343,-0.234375,0.109375,-0.1875
07.375,0.15625,-0.046875,0.078125
07.406,0.015625,-0.109375,-0.234375
07.437,-0.0625,-0.203125,-0.3125
07.468,-0.03125,-0.203125,-0.140625
07.500,-0.46875,-0.03125,-0.078125
07.531,-1.03125,0.234375,-0.015625
07.562,-1.203125,0.34375,-0.265625
07.593,-1.453125,0.65625,-0.453125
07.625,-0.890625,1.40625,-0.90625
07.656,-1.875,1.6875,-1.34375
07.687,-0.75,1.25,-0.8125
07.718,-0.453125,1.46875,-0.59375
07.750,-0.953125,1.4375,-0.703125
07.781,-0.640625,1.328125,-0.609375
07.812,-0.53125,1.265625,-0.640625
07.843,-0.515625,1.109375,-0.71875
07.875,-0.609375,1.171875,-0.640625
07.906,-0.5,1.046875,-0.71875
07.937,-0.484375,0.796875,-0.5
07.968,-0.53125,0.703125,-0.71875
08.000,-0.40625,0.96875,-0.015625
08.031,-0.4375,0.84375,-0.234375
08.062,-0.59375,0.828125,-0.453125
08.093,-0.3125,0.84375,-0.328125
08.125,-0.40625,0.796875,-0.5
08.156,-0.5625,0.640625,-0.90625
08.187,-0.234375,0.734375,-0.40625
08.218,-0.375,0.8125,-0.59375
08.250,-0.515625,0.828125,-0.546875
08.281,-0.34375,0.875,-0.421875
08.312,-0.46875,0.96875,-0.453125
08.343,-0.21875,0.984375,-0.203125
08.375,-0.515625,1.0,-0.1875
08.406,-0.5,0.96875,-0.4375
08.437,-0.515625,1.015625,-0.625
08.468,-0.578125,1.015625,-0.75
08.500,-0.328125,0.859375,-0.546875
08.531,-0.296875,0.859375,-0.5625
08.562,-0.25,0.875,-0.5
08.593,-0.25,0.796875,-0.453125
08.625,-0.328125,0.84375,-0.546875
08.656,-0.375,0.859375,-0.515625
08.687,-0.328125,0.859375,-0.453125
08.718,-0.359375,0.828125,-0.421875
08.750,-0.25,0.875,-0.40625
08.781,-0.265625,0.875,-0.421875
08.812,-0.234375,0.890625,-0.40625
08.843,-0.234375,0.9375,-0.421875
08.875,-0.21875,0.921875,-0.40625
08.906,-0.265625,0.953125,-0.390625
08.937,-0.21875,0.9375,-0.390625
08.968,-0.171875,0.9375,-0.390625
09.000,-0.171875,0.921875,-0.34375
09.031,-0.171875,0.90625,-0.234375
09.062,-0.203125,1.015625,-0.359375
09.093,-0.234375,1.03125,-0.359375
09.125,-0.203125,0.984375,-0.234375
09.156,-0.21875,0.921875,-0.234375
09.187,-0.1875,0.921875,-0.171875
09.218,-0.21875,0.953125,-0.234375
09.250,-0.21875,0.9375,-0.265625
09.281,-0.234375,0.9375,-0.21875
09.312,-0.109375,1.015625,-0.125
09.343,-0.421875,0.84375,-0.21875
09.375,-0.09375,1.03125,-0.25
09.406,-0.40625,0.984375,-0.296875
09.437,-0.359375,0.984375,-0.296875
09.468,-0.28125,0.9375,-0.34375
09.500,-0.109375,0.96875,-0.453125
09.531,-0.578125,1.078125,-0.421875
09.562,-0.390625,0.953125,-0.5
09.593,-0.453125,0.953125,-0.46875
09.625,-0.609375,0.96875,-0.453125
09.656,-0.625,0.90625,-0.453125
09.687,-0.65625,0.859375,-0.53125
09.718,-0.640625,0.8125,-0.515625
09.750,-0.78125,0.84375,-0.53125
09.781,-0.515625,0.6875,-0.578125
09.812,-0.71875,0.6875,-0.453125
09.843,-0.609375,0.59375,-0.375
09.875,-0.671875,0.546875,-0.421875
09.906,-0.515625,0.4375,-0.40625
09.937,-0.59375,0.4375,-0.359375
09.968,-0.546875,0.40625,-0.421875
10.000,-0.4375,0.421875,-0.421875
10.031,-0.546875,0.40625,-0.34375
10.062,-0.578125,0.390625,-0.328125
10.093,-0.546875,0.40625,-0.328125
10.125,-0.65625,0.578125,-0.359375
10.156,-0.671875,0.546875,-0.3125
10.187,-0.734375,0.546875,-0.125
10.218,-0.734375,0.5,-0.171875
10.250,-0.75,0.4375,-0.25
10.281,-0.90625,0.453125,-0.21875
10.312,-0.90625,0.53125,-0.171875
10.343,-0.921875,0.515625,-0.203125
10.375,-0.890625,0.515625,-0.171875
10.406,-0.828125,0.546875,-0.125
10.437,-0.6875,0.546875,-0.203125
10.468,-0.796875,0.5,-0.1875
10.500,-0.96875,0.421875,-0.21875
10.531,-0.84375,0.453125,-0.125
10.562,-0.90625,0.421875,-0.09375
10.593,-0.78125,0.4375,-0.109375
10.625,-0.78125,0.484375,-0.1875
10.656,-0.84375,0.4375,-0.1875
10.687,-0.8125,0.421875,-0.140625
10.718,-0.828125,0.390625,-0.140625
10.750,-0.921875,0.3125,-0.265625
10.781,-1.046875,0.265625,-0.296875
10.812,-1.078125,0.25,-0.25
10.843,-0.9375,0.3125,-0.171875
10.875,-0.875,0.296875,-0.21875
10.906,-0.9375,0.375,-0.1875
10.937,-0.65625,0.421875,-0.125
10.968,-0.6875,0.5,-0.109375
11.000,-0.953125,0.375,-0.234375
11.031,-0.953125,0.359375,-0.1875
11.062,-1.0,0.25,-0.1875
11.093,-0.890625,0.296875,-0.15625
11.125,-0.90625,0.3125,-0.140625
11.156,-0.796875,0.25,-0.078125
11.187,-0.78125,0.3125,-0.078125
11.218,-0.84375,0.390625,-0.1875
11.250,-0.96875,0.46875,-0.34375
11.281,-1.0,0.515625,-0.296875
11.312,-1.5,0.671875,-0.484375
11.343,-1.40625,0.78125,0.09375
11.375,-1.203125,0.75,0.578125
11.406,-1.078125,0.359375,0.71875
11.437,-1.09375,0.4375,0.78125
11.468,-0.953125,0.28125,0.4375
11.500,-0.90625,0.0,0.140625
11.531,-0.828125,0.203125,0.109375
11.562,-0.765625,0.390625,0.0625
11.593,-0.703125,0.4375,0.15625
11.625,-0.453125,0.65625,0.25
11.656,-0.46875,0.84375,0.203125
11.687,-0.65625,0.75,0.0
11.718,-1.015625,0.5625,0.0
11.750,-1.0625,0.71875,0.203125
11.781,-0.703125,0.671875,0.515625
11.812,-0.390625,0.46875,0.796875
11.843,-1.0,0.453125,0.359375
11.875,-0.859375,0.359375,0.515625
11.906,-0.703125,0.421875,0.484375
11.937,-0.765625,0.40625,0.421875
11.968,-0.78125,0.453125,0.53125
12.000,-0.75,0.453125,0.5625
12.031,-0.8125,0.375,0.5
12.062,-0.828125,0.359375,0.53125
12.093,-0.828125,0.390625,0.5
12.125,-0.8125,0.328125,0.5625
12.156,-0.734375,0.421875,0.53125
12.187,-0.734375,0.390625,0.5
12.218,-0.78125,0.390625,0.484375
12.250,-0.796875,0.359375,0.484375
12.281,-0.875,0.328125,0.46875
12.312,-0.890625,0.3125,0.4375
12.343,-0.921875,0.296875,0.359375
12.375,-0.890625,0.328125,0.375
12.406,-0.921875,0.3125,0.390625
12.437,-0.96875,0.296875,0.296875
12.468,-0.859375,0.328125,0.421875
12.500,-0.890625,0.3125,0.40625
12.531,-0.9375,0.3125,0.296875
12.562,-0.890625,0.28125,0.34375
12.593,-0.953125,0.265625,0.296875
12.625,-0.9375,0.265625,0.28125
12.656,-0.96875,0.25,0.25
12.687,-0.9375,0.25,0.265625
12.718,-0.96875,0.25,0.203125
12.750,-0.890625,0.296875,0.28125
12.781,-0.953125,0.265625,0.25
12.812,-0.921875,0.296875,0.25
12.843,-0.984375,0.234375,0.28125
12.875,-0.96875,0.25,0.21875
12.906,-0.9375,0.265625,0.234375
12.937,-0.921875,0.265625,0.296875
12.968,-1.0,0.21875,0.203125
13.000,-0.921875,0.25,0.21875
13.031,-0.96875,0.234375,0.234375
13.062,-1.015625,0.265625,0.21875
13.093,-0.96875,0.25,0.265625
13.125,-1.03125,0.265625,0.1875
13.156,-1.078125,0.28125,0.171875
13.187,-0.890625,0.265625,0.296875
13.218,-0.96875,0.234375,0.328125
13.250,-0.90625,0.21875,0.3125
13.281,-0.859375,0.21875,0.1875
13.312,-0.859375,0.25,0.203125
13.343,-0.921875,0.25,0.375
13.375,-0.625,0.40625,0.375
13.406,-0.78125,0.515625,0.171875
13.437,-0.53125,0.171875,-0.0625
13.468,-0.6875,0.15625,-0.421875
13.500,-0.484375,0.3125,-0.203125
13.531,-0.953125,0.25,-0.6875
13.562,-0.796875,0.390625,-0.546875
13.593,-1.25,0.828125,-0.65625
13.625,-1.546875,0.75,-0.84375
13.656,-1.65625,0.53125,-0.609375
13.687,-0.3125,0.515625,-0.15625
13.718,-0.375,0.5625,-0.234375
13.750,-1.0,0.515625,-0.578125
13.781,-0.8125,0.484375,-0.34375
13.812,-0.625,0.34375,-0.328125
13.843,-0.875,0.578125,-0.421875
13.875,-0.921875,0.53125,-0.453125
13.906,-0.765625,0.40625,-0.421875
13.937,-0.796875,0.359375,-0.46875
13.968,-0.734375,0.296875,-0.453125
14.000,-0.71875,0.234375,-0.4375
14.031,-0.84375,0.296875,-0.515625
14.062,-0.65625,0.359375,-0.578125
14.093,-0.703125,0.421875,-0.5625
14.125,-0.734375,0.375,-0.625
14.156,-0.671875,0.40625,-0.65625
14.187,-0.71875,0.421875,-0.640625
14.218,-0.703125,0.390625,-0.671875
14.250,-0.703125,0.4375,-0.5625
14.281,-0.734375,0.40625,-0.609375
14.312,-0.703125,0.28125,-0.640625
14.343,-0.765625,0.34375,-0.640625
14.375,-0.78125,0.359375,-0.640625
14.406,-0.765625,0.3125,-0.75
14.437,-0.75,0.3125,-0.71875
14.468,-0.78125,0.375,-0.6875
14.500,-0.703125,0.234375,-0.703125
14.531,-0.734375,0.21875,-0.640625
14.562,-0.734375,0.234375,-0.65625
14.593,-0.734375,0.203125,-0.6875
14.625,-0.6875,0.21875,-0.609375
14.656,-0.71875,0.21875,-0.640625
14.687,-0.65625,0.171875,-0.625
14.718,-0.671875,0.1875,-0.578125
14.750,-0.6875,0.140625,-0.640625
14.781,-0.640625,0.1875,-0.59375
14.812,-0.734375,0.265625,-0.5
14.843,-0.796875,0.296875,-0.578125
14.875,-0.796875,0.3125,-0.546875
14.906,-0.921875,0.484375,-0.625
14.937,-0.953125,0.515625,-0.5625
14.968,-1.0,0.609375,-0.671875
15.000,-0.859375,0.625,-0.609375
15.031,-0.890625,0.625,-0.578125
15.062,-0.796875,0.515625,-0.484375
15.093,-0.75,0.453125,-0.46875
15.125,-0.75,0.453125,-0.421875
15.156,-0.75,0.421875,-0.453125
15.187,-0.765625,0.421875,-0.46875
15.218,-0.78125,0.359375,-0.4375
15.250,-0.78125,0.296875,-0.46875
15.281,-0.78125,0.25,-0.484375
15.312,-0.859375,0.15625,-0.609375
15.343,-0.8125,0.171875,-0.5625
15.375,-0.734375,0.171875,-0.484375
15.406,-0.765625,0.109375,-0.5
15.437,-0.6875,0.03125,-0.5625
15.468,-0.734375,-0.03125,-0.703125
15.500,-0.6875,-0.078125,-0.640625
15.531,-0.640625,-0.03125,-0.78125
15.562,-0.671875,-0.0625,-0.859375
15.593,-0.796875,-0.046875,-0.6875
15.625,-0.734375,-0.125,-0.703125
15.656,-0.703125,-0.140625,-0.71875
15.687,-0.625,-0.1875,-0.59375
15.718,-0.625,-0.1875,-0.609375
15.750,-0.625,-0.171875,-0.625
15.781,-0.609375,-0.15625,-0.65625
15.812,-0.59375,-0.171875,-0.65625
15.843,-0.5625,-0.15625,-0.640625
15.875,-0.59375,-0.1875,-0.640625
15.906,-0.578125,-0.1875,-0.640625
15.937,-0.546875,-0.21875,-0.6875
15.968,-0.5625,-0.21875,-0.703125
16.000,-0.640625,-0.234375,-0.734375
16.031,-0.703125,-0.203125,-0.65625
16.062,-0.71875,-0.203125,-0.59375
16.093,-0.765625,-0.078125,-0.453125
16.125,-0.78125,0.0,-0.578125
16.156,-1.03125,0.03125,-0.734375
16.187,-1.109375,0.1875,-0.703125
16.218,-1.09375,0.21875,-0.640625
16.250,-1.109375,0.09375,-0.71875
16.281,-0.875,0.125,-0.546875
16.312,-0.890625,0.234375,-0.546875
16.343,-0.765625,0.1875,-0.578125
16.375,-0.6875,0.203125,-0.59375
16.406,-0.71875,0.296875,-0.4375
16.437,-0.75,0.296875,-0.484375
16.468,-0.703125,0.265625,-0.515625
16.500,-0.75,0.328125,-0.5
16.531,-0.71875,0.28125,-0.546875
16.562,-0.828125,0.3125,-0.5
16.593,-0.796875,0.140625,-0.640625
16.625,-0.6875,0.078125,-0.640625
16.656,-0.859375,0.1875,-0.59375
16.687,-0.71875,0.03125,-0.5625
16.718,-0.75,0.046875,-0.578125
16.750,-0.8125,-0.015625,-0.515625
16.781,-0.828125,-0.140625,-0.578125
16.812,-0.703125,-0.171875,-0.640625
16.843,-0.84375,-0.046875,-0.640625
16.875,-0.78125,-0.078125,-0.6875
16.906,-0.796875,-0.109375,-0.796875
16.937,-0.765625,-0.078125,-0.84375
16.968,-0.734375,-0.078125,-0.75
17.000,-0.71875,0.0625,-0.515625
17.031,-0.71875,0.03125,-0.546875
17.062,-0.84375,0.03125,-0.6875
17.093,-0.75,0.078125,-0.515625
17.125,-0.734375,0.078125,-0.484375
17.156,-0.8125,0.078125,-0.5625
17.187,-0.828125,0.140625,-0.546875
17.218,-0.78125,0.15625,-0.53125
17.250,-0.78125,0.140625,-0.5
17.281,-0.84375,0.171875,-0.53125
17.312,-0.859375,0.15625,-0.40625
17.343,-0.828125,0.140625,-0.375
17.375,-0.75,0.140625,-0.453125
17.406,-0.78125,0.21875,-0.546875
17.437,-0.796875,0.28125,-0.484375
17.468,-0.859375,0.234375,-0.40625
17.500,-0.875,0.265625,-0.484375
17.531,-0.890625,0.515625,-0.453125
17.562,-0.921875,0.75,-0.578125
17.593,-1.03125,0.609375,-0.53125
17.625,-0.734375,0.484375,-0.4375
17.656,-0.8125,0.546875,-0.515625
17.687,-0.875,0.53125,-0.484375
17.718,-0.828125,0.46875,-0.34375
17.750,-0.765625,0.46875,-0.28125
17.781,-0.8125,0.40625,-0.40625
17.812,-0.734375,0.3125,-0.375
17.843,-0.75,0.3125,-0.40625
17.875,-0.78125,0.265625,-0.3125
17.906,-0.859375,0.3125,-0.4375
17.937,-0.84375,0.3125,-0.4375
17.968,-0.859375,0.28125,-0.4375
18.000,-1.015625,0.25,-0.4375
18.031,-0.859375,0.328125,-0.546875
18.062,-0.9375,0.453125,-0.609375
18.093,-1.109375,0.5625,-0.6875
18.125,-0.8125,0.5,-0.4375
18.156,-0.734375,0.484375,-0.46875
18.187,-1.0,0.4375,-0.703125
18.218,-0.796875,0.546875,-0.65625
18.250,-0.875,0.46875,-0.5625
18.281,-0.84375,0.25,-0.625
18.312,-0.734375,0.234375,-0.703125
18.343,-0.75,0.203125,-0.484375
18.375,-0.609375,0.1875,-0.53125
18.406,-0.703125,0.234375,-0.46875
18.437,-0.671875,0.125,-0.5625
18.468,-0.578125,0.109375,-0.46875
18.500,-0.765625,0.078125,-0.40625
18.531,-0.609375,-0.03125,-0.53125
18.562,-0.59375,-0.09375,-0.578125
18.593,-0.84375,-0.03125,-0.46875
18.625,-0.71875,-0.046875,-0.5625
18.656,-0.78125,-0.03125,-0.5625
18.687,-0.859375,0.046875,-0.484375
18.718,-0.859375,0.140625,-0.671875
18.750,-0.921875,0.15625,-0.59375
18.781,-1.078125,0.125,-0.53125
18.812,-1.109375,0.21875,-0.53125
18.843,-1.046875,0.3125,-0.71875
18.875,-0.984375,0.328125,-0.890625
18.906,-0.921875,0.375,-0.578125
18.937,-0.75,0.15625,-0.546875
18.968,-0.65625,0.078125,-0.5
19.000,-0.578125,-0.015625,-0.421875
19.031,-0.671875,0.140625,-0.34375
19.062,-0.578125,0.140625,-0.265625
19.093,-0.625,-0.09375,-0.59375
19.125,-0.765625,-0.078125,-0.625
19.156,-0.78125,-0.046875,-0.484375
19.187,-0.84375,-0.1875,-0.78125
19.218,-0.859375,-0.1875,-0.78125
19.250,-0.9375,-0.046875,-0.5
19.281,-0.859375,-0.0625,-0.703125
19.312,-0.90625,-0.1875,-0.96875
19.343,-0.96875,0.046875,-0.703125
19.375,-0.90625,0.078125,-0.78125
19.406,-0.859375,0.0,-0.6875
19.437,-0.78125,0.09375,-0.75
19.468,-0.71875,0.046875,-0.703125
19.500,-0.671875,0.03125,-0.546875
19.531,-0.671875,0.03125,-0.546875
19.562,-0.65625,-0.015625,-0.546875
19.593,-0.609375,0.0625,-0.484375
19.625,-0.640625,0.0,-0.5625
19.656,-0.640625,0.03125,-0.53125
19.687,-0.71875,0.109375,-0.5
19.718,-0.71875,0.15625,-0.5625
19.750,-0.8125,0.140625,-0.625
19.781,-0.84375,0.109375,-0.640625
19.812,-0.96875,-0.03125,-1.015625
19.843,-1.03125,0.109375,-0.53125
19.875,-1.015625,0.203125,-0.515625
19.906,-0.828125,-0.015625,-0.71875
19.937,-0.75,0.0,-0.71875
19.968,-0.671875,0.078125,-0.53125
20.000,-0.703125,0.046875,-0.59375
20.031,-0.65625,0.015625,-0.5625
20.062,-0.65625,-0.015625,-0.46875
20.093,-0.65625,-0.03125,-0.5
20.125,-0.671875,-0.125,-0.546875
20.156,-0.71875,-0.140625,-0.5625
20.187,-0.765625,-0.109375,-0.5625
20.218,-0.78125,-0.109375,-0.609375
20.250,-0.828125,-0.078125,-0.625
20.281,-0.84375,-0.0625,-0.703125
20.312,-0.875,0.046875,-0.859375
20.343,-0.84375,0.078125,-0.671875
20.375,-0.796875,0.140625,-0.71875
20.406,-0.734375,0.109375,-0.71875
20.437,-0.734375,0.1875,-0.65625
20.468,-0.6875,0.15625,-0.640625
20.500,-0.71875,0.1875,-0.609375
20.531,-0.703125,0.171875,-0.59375
20.562,-0.640625,0.1875,-0.640625
20.593,-0.734375,0.234375,-0.59375
20.625,-0.640625,0.234375,-0.5
20.656,-0.609375,0.234375,-0.53125
20.687,-0.671875,0.28125,-0.453125
20.718,-0.6875,0.328125,-0.46875
20.750,-0.671875,0.34375,-0.515625
20.781,-0.703125,0.453125,-0.390625
20.812,-0.71875,0.546875,-0.703125
20.843,-0.921875,0.5625,-0.5625
20.875,-0.765625,0.390625,-0.296875
20.906,-0.6875,0.453125,-0.390625
20.937,-0.796875,0.671875,-0.53125
20.968,-0.703125,0.5,-0.390625
21.000,-0.6875,0.46875,-0.375
21.031,-0.671875,0.546875,-0.390625
21.062,-0.65625,0.578125,-0.40625
21.093,-0.671875,0.53125,-0.390625
21.125,-0.6875,0.578125,-0.3125
21.156,-0.703125,0.59375,-0.296875
21.187,-0.640625,0.703125,-0.34375
21.218,-0.546875,0.703125,-0.34375
21.250,-0.640625,0.609375,-0.40625
21.281,-0.453125,0.703125,-0.375
21.312,-0.59375,0.8125,-0.421875
21.343,-0.390625,0.71875,-0.4375
21.375,-0.375,0.734375,-0.421875
21.406,-0.34375,0.796875,-0.40625
21.437,-0.28125,0.859375,-0.546875
21.468,-0.390625,0.890625,-0.46875
21.500,-0.484375,0.90625,-0.40625
21.531,-0.328125,0.859375,-0.40625
21.562,-0.34375,0.9375,-0.3125
21.593,-0.34375,0.984375,-0.265625
21.625,-0.359375,0.984375,-0.203125
21.656,-0.375,0.90625,-0.296875
21.687,-0.265625,0.984375,-0.234375
21.718,-0.296875,0.96875,-0.3125
21.750,-0.21875,1.0,-0.203125
21.781,-0.25,0.984375,-0.25
21.812,-0.25,1.078125,-0.28125
21.843,-0.25,1.078125,-0.359375
21.875,-0.171875,1.078125,-0.296875
21.906,-0.125,1.0,-0.3125
21.937,-0.15625,1.015625,-0.34375
21.968,-0.140625,1.0625,-0.328125
22.000,-0.09375,1.109375,-0.28125
22.031,0.015625,1.140625,-0.3125
22.062,0.0625,1.109375,-0.34375
22.093,-0.109375,1.0625,-0.34375
22.125,-0.125,1.03125,-0.328125
22.156,-0.109375,1.125,-0.296875
22.187,0.15625,0.984375,-0.34375
22.218,-0.015625,0.984375,-0.390625
22.250,0.046875,0.953125,-0.296875
22.281,0.234375,0.953125,-0.359375
22.312,0.1875,0.96875,-0.484375
22.343,0.296875,0.953125,-0.40625
22.375,0.34375,0.96875,-0.390625
22.406,0.21875,0.890625,-0.5
22.437,0.234375,0.875,-0.4375
22.468,0.15625,0.84375,-0.40625
22.500,0.078125,0.8125,-0.390625
22.531,0.109375,0.828125,-0.390625
22.562,0.203125,0.890625,-0.375
22.593,0.09375,0.890625,-0.359375
22.625,0.125,0.890625,-0.375
22.656,0.21875,0.875,-0.359375
22.687,0.21875,0.859375,-0.40625
22.718,0.46875,0.859375,-0.421875
22.750,0.359375,0.828125,-0.4375
22.781,0.390625,0.859375,-0.421875
22.812,0.609375,1.078125,-0.46875
22.843,0.625,0.84375,-0.5625
22.875,0.359375,0.75,-0.421875
22.906,0.53125,0.796875,-0.4375
22.937,0.53125,0.796875,-0.484375
22.968,0.140625,0.84375,-0.46875
23.000,-0.03125,1.0,-0.4375
23.031,-0.203125,0.84375,-1.21875
23.062,1.171875,1.234375,-0.5
23.093,0.8125,1.09375,-0.4375
23.125,0.28125,1.203125,-0.453125
23.156,0.34375,1.09375,-0.421875
23.187,0.171875,1.0,-0.484375
23.218,-0.171875,0.984375,-0.609375
23.250,-0.21875,0.96875,-0.59375
23.281,-0.359375,0.921875,-0.671875
23.312,-0.3125,1.046875,-0.625
23.343,-0.34375,1.015625,-0.65625
23.375,-0.25,0.921875,-0.71875
23.406,-0.125,0.921875,-0.59375
23.437,-0.125,0.890625,-0.59375
23.468,-0.15625,0.890625,-0.5625
23.500,-0.21875,0.84375,-0.578125
23.531,-0.078125,0.765625,-0.484375
23.562,-0.21875,0.828125,-0.59375
23.593,-0.28125,0.796875,-0.625
23.625,-0.3125,0.59375,-0.6875
23.656,-0.4375,0.53125,-0.71875
23.687,-0.46875,0.671875,-0.328125
23.718,-0.5,0.875,0.140625
23.750,-0.703125,0.984375,0.140625
23.781,0.171875,0.765625,-0.375
23.812,0.25,0.84375,-0.328125
23.843,0.015625,1.0625,-0.296875
23.875,0.015625,1.0625,-0.328125
23.906,0.0,1.046875,-0.265625
23.937,0.25,0.984375,-0.109375
23.968,0.1875,0.84375,-0.125
24.000,0.125,0.921875,-0.1875
24.031,0.09375,1.015625,-0.25
24.062,0.109375,1.078125,-0.234375
24.093,0.140625,1.1875,-0.328125
24.125,-0.0625,1.15625,-0.5
24.156,0.015625,1.09375,-0.46875
24.187,-0.09375,1.078125,-0.453125
24.218,-0.203125,1.09375,-0.4375
24.250,-0.359375,1.078125,-0.546875
24.281,-0.390625,1.0,-0.4375
24.312,-0.328125,0.96875,-0.375
24.343,-0.28125,0.96875,-0.25
24.375,-0.265625,0.984375,-0.15625
24.406,-0.25,1.0,-0.109375
24.437,-0.1875,0.984375,-0.109375
24.468,-0.171875,0.984375,-0.125
24.500,-0.234375,0.921875,-0.21875
24.531,-0.25,0.875,-0.28125
24.562,-0.28125,0.875,-0.28125
24.593,-0.328125,0.875,-0.265625
24.625,-0.34375,0.875,-0.25
24.656,-0.28125,0.875,-0.171875
24.687,-0.265625,0.90625,-0.109375
24.718,-0.25,0.921875,-0.09375
24.750,-0.25,0.921875,-0.078125
24.781,-0.25,0.9375,-0.09375
24.812,-0.25,0.953125,-0.09375
24.843,-0.203125,0.9375,-0.109375
24.875,-0.1875,0.96875,-0.109375
24.906,-0.21875,0.859375,-0.046875
24.937,-0.1875,0.78125,0.0625
24.968,-0.1875,0.8125,0.09375
25.000,-0.25,1.015625,0.15625
25.031,-0.25,1.125,0.140625
25.062,-0.203125,1.203125,0.15625
25.093,-0.171875,1.09375,0.25
25.125,-0.171875,1.0625,0.3125
25.156,-0.1875,1.015625,0.375
25.187,-0.1875,1.0,0.4375
25.218,-0.1875,0.9375,0.453125
25.250,-0.171875,0.875,0.40625
25.281,-0.203125,0.875,0.421875
25.312,-0.28125,0.828125,0.515625
25.343,-0.34375,0.796875,0.546875
25.375,-0.375,0.8125,0.53125
25.406,-0.40625,0.734375,0.484375
25.437,-0.46875,0.703125,0.4375
25.468,-0.84375,0.59375,0.359375
25.500,-0.8125,0.5,0.28125
25.531,-0.640625,0.453125,0.265625
25.562,-0.4375,0.296875,0.171875
25.593,-0.453125,0.28125,0.078125
25.625,-0.546875,0.5625,-0.0625
25.656,-0.40625,0.640625,-0.125
25.687,-0.4375,0.625,-0.140625
25.718,-0.546875,0.703125,-0.15625
25.750,-0.5,0.828125,-0.125
25.781,-0.4375,0.8125,-0.109375
25.812,-0.484375,0.984375,0.046875
25.843,-0.5,1.125,0.109375
25.875,-0.4375,1.078125,0.15625
25.906,-0.390625,0.859375,0.1875
25.937,-0.421875,0.859375,0.203125
25.968,-0.609375,0.859375,0.203125
26.000,-0.53125,0.890625,0.234375
26.031,-0.484375,0.84375,0.28125
26.062,-0.328125,0.765625,0.421875
26.093,-0.265625,0.71875,0.421875
26.125,-0.265625,0.9375,0.578125
26.156,-0.25,0.953125,0.5625
26.187,-0.109375,1.015625,0.515625
26.218,0.015625,1.125,0.671875
26.250,0.078125,1.046875,0.734375
26.281,-0.0625,0.953125,0.625
26.312,-0.046875,1.0,0.65625
26.343,-0.171875,1.015625,0.640625
26.375,-0.25,1.03125,0.5625
26.406,-0.09375,1.03125,0.640625
26.437,0.03125,0.96875,0.671875
26.468,0.140625,0.984375,0.78125
26.500,0.21875,1.0,0.78125
26.531,0.265625,1.09375,0.59375
26.562,0.09375,1.1875,0.609375
26.593,-0.140625,1.1875,0.484375
26.625,-0.09375,0.953125,0.515625
26.656,-0.140625,1.046875,0.65625
26.687,-0.078125,1.015625,0.625
26.718,0.125,1.046875,0.859375
26.750,0.09375,1.0,0.8125
26.781,0.015625,0.90625,0.890625
26.812,0.015625,0.890625,0.9375
26.843,-0.140625,0.828125,0.875
26.875,-0.125,0.734375,0.796875
26.906,-0.21875,0.734375,0.765625
26.937,-0.03125,0.703125,0.78125
26.968,0.03125,0.703125,0.890625
27.000,-0.140625,0.75,0.75
27.031,-0.0625,0.671875,0.78125
27.062,-0.015625,0.640625,0.78125
27.093,-0.046875,0.59375,0.765625
27.125,0.03125,0.5,0.75
27.156,-0.015625,0.515625,0.734375
27.187,0.09375,0.46875,0.8125
27.218,0.0625,0.4375,0.765625
27.250,0.0,0.34375,0.8125
27.281,-0.015625,0.25,0.84375
27.312,-0.046875,0.25,0.84375
27.343,0.015625,0.15625,0.796875
27.375,0.015625,0.125,0.796875
27.406,0.015625,0.140625,0.75
27.437,0.0,0.109375,0.8125
27.468,0.046875,0.140625,0.921875
27.500,0.078125,0.28125,1.140625
27.531,0.171875,0.34375,1.21875
27.562,0.3125,0.40625,1.390625
27.593,0.390625,0.390625,1.25
27.625,0.53125,0.421875,1.203125
27.656,0.515625,0.4375,1.171875
27.687,0.640625,0.421875,0.640625
27.718,0.671875,0.34375,0.296875
27.750,0.125,-0.578125,0.796875
27.781,-0.0625,-0.4375,0.84375
27.812,0.46875,-0.109375,1.09375
27.843,0.3125,-0.4375,0.578125
27.875,0.46875,-0.484375,0.484375
27.906,0.1875,-0.328125,0.125
27.937,-0.015625,-0.375,0.125
27.968,-0.046875,-0.359375,0.15625
28.000,-0.234375,-0.484375,0.171875
28.031,-0.265625,-0.5,0.125
28.062,-0.59375,-0.5625,0.125
28.093,-0.859375,-0.640625,0.328125
28.125,-0.84375,-0.640625,0.328125
28.156,-1.0,-0.515625,0.3125
28.187,-1.125,-0.34375,0.3125
28.218,-1.296875,-0.28125,0.15625
28.250,-1.296875,-0.140625,0.0625
28.281,-1.578125,-0.28125,-0.109375
28.312,-1.15625,-0.421875,0.0
28.343,-1.140625,-0.46875,-0.078125
28.375,-1.296875,-0.203125,-0.15625
28.406,-0.921875,-0.125,-0.125
28.437,-1.03125,-0.21875,-0.328125
28.468,-1.078125,-0.015625,-0.34375
28.500,-0.96875,-0.125,-0.140625
28.531,-0.9375,-0.125,-0.078125
28.562,-1.15625,-0.171875,-0.09375
28.593,-1.15625,-0.234375,0.0
28.625,-0.9375,-0.125,0.203125
28.656,-1.15625,-0.234375,0.0625
28.687,-0.9375,-0.171875,0.296875
28.718,-0.796875,-0.09375,0.40625
28.750,-0.875,-0.09375,0.359375
28.781,-0.90625,-0.046875,0.34375
28.812,-0.984375,0.015625,0.21875
28.843,-0.90625,0.046875,0.25
28.875,-0.921875,0.078125,0.1875
28.906,-1.0,0.109375,0.0625
28.937,-0.90625,0.0625,-0.09375
28.968,-1.015625,0.0625,-0.25
29.000,-0.9375,0.03125,-0.28125
29.031,-0.734375,-0.0625,-0.46875
29.062,-0.90625,-0.015625,-0.6875
29.093,-0.953125,-0.03125,-0.578125
29.125,-1.140625,0.0,-0.5625
29.156,-1.09375,-0.015625,-0.53125
29.187,-0.671875,-0.15625,-0.328125
29.218,-1.0625,-0.171875,-0.328125
29.250,-1.078125,-0.125,-0.375
29.281,-1.046875,-0.125,-0.375
29.312,-1.25,-0.015625,-0.34375
29.343,-1.03125,0.03125,-0.140625
29.375,-0.84375,0.046875,0.109375
29.406,-0.859375,0.0625,0.046875
29.437,-1.125,0.015625,-0.125
29.468,-1.015625,0.015625,-0.078125
29.500,-0.890625,-0.0625,-0.0625
29.531,-0.890625,-0.203125,-0.15625
29.562,-0.984375,-0.203125,-0.234375
29.593,-1.109375,-0.203125,-0.25
29.625,-0.9375,-0.296875,-0.171875
29.656,-0.9375,-0.296875,-0.15625
29.687,-0.921875,-0.28125,-0.1875
29.718,-0.9375,-0.28125,-0.1875
29.750,-1.109375,-0.3125,-0.234375
29.781,-0.890625,-0.34375,-0.21875
29.812,-0.8125,-0.375,-0.203125
29.843,-0.796875,-0.34375,-0.203125
29.875,-0.859375,-0.375,-0.25
29.906,-0.875,-0.359375,-0.265625
29.937,-0.8125,-0.40625,-0.296875
29.968,-0.71875,-0.390625,-0.28125
30.000,-0.859375,-0.421875,-0.390625
30.031,-0.96875,-0.375,-0.53125
30.062,-0.953125,-0.421875,-0.515625
30.093,-0.84375,-0.5,-0.4375
30.125,-0.890625,-0.5625,-0.46875
30.156,-0.828125,-0.4375,-0.46875
30.187,-0.734375,-0.625,-0.390625
30.218,-0.984375,-0.34375,-0.3125
30.250,-1.0,-0.21875,-0.46875
30.281,-1.234375,-0.125,-0.484375
30.312,-1.328125,0.3125,-0.34375
30.343,-0.75,-0.015625,0.015625
30.375,-0.890625,0.0,-0.078125
30.406,-0.53125,-0.484375,-0.046875
30.437,-0.6875,-0.859375,-0.34375
30.468,-0.703125,-0.828125,-0.390625
30.500,-0.734375,-0.84375,-0.375
30.531,-0.75,-0.71875,-0.421875
30.562,-0.59375,-0.765625,-0.4375
30.593,-0.875,-0.71875,-0.5625
30.625,-0.859375,-0.5625,-0.484375
30.656,-0.6875,-0.75,-0.484375
30.687,-0.75,-0.671875,-0.453125
30.718,-0.875,-0.421875,-0.40625
30.750,-0.78125,-0.546875,-0.390625
30.781,-0.96875,-0.359375,-0.359375
30.812,-0.75,-0.140625,-0.203125
30.843,-1.0,-0.03125,-0.265625
30.875,-0.890625,0.234375,-0.25
30.906,-0.828125,0.09375,-0.46875
30.937,-0.796875,0.140625,-0.484375
30.968,-0.546875,0.3125,-0.5
31.000,-0.609375,0.046875,-0.921875
31.031,-0.4375,-0.0625,-0.890625
31.062,-0.375,-0.125,-0.890625
31.093,-0.484375,-0.234375,-1.015625
31.125,-0.234375,-0.203125,-1.109375
31.156,-0.203125,-0.21875,-1.109375
31.187,-0.15625,-0.234375,-1.109375
31.218,-0.03125,-0.15625,-1.0625
31.250,-0.109375,-0.078125,-1.0625
31.281,-0.203125,-0.109375,-1.046875
31.312,-0.140625,-0.09375,-0.921875
31.343,-0.109375,-0.140625,-0.921875
31.375,-0.15625,-0.296875,-1.0625
31.406,-0.4375,-0.015625,-0.875
31.437,-0.546875,0.0,-0.796875
31.468,-0.484375,0.078125,-0.890625
31.500,-0.46875,0.0,-1.1875
31.531,-0.8125,0.265625,-1.203125
31.562,-0.625,0.140625,-0.8125
31.593,-0.703125,0.0625,-0.78125
31.625,-0.59375,0.03125,-0.40625
31.656,-0.578125,-0.234375,-0.0625
31.687,-0.71875,-0.28125,-0.046875
31.718,-0.984375,-0.265625,-0.015625
31.750,-1.015625,-0.3125,0.015625
31.781,-1.03125,-0.328125,0.03125
31.812,-1.0,-0.25,0.046875
31.843,-0.96875,-0.234375,0.015625
31.875,-0.90625,-0.109375,-0.09375
31.906,-0.921875,-0.0625,-0.09375
31.937,-0.859375,-0.09375,-0.109375
31.968,-0.71875,-0.125,-0.0625
32.000,-0.6875,-0.140625,-0.03125
32.031,-0.734375,-0.171875,0.046875
32.062,-0.796875,-0.15625,0.078125
32.093,-0.984375,-0.0625,0.125
32.125,-0.890625,-0.03125,0.34375
32.156,-0.96875,-0.046875,0.34375
32.187,-1.203125,0.0,0.34375
32.218,-1.015625,0.09375,0.421875
32.250,-1.0625,0.125,0.3125
32.281,-1.03125,0.140625,0.265625
32.312,-0.921875,0.21875,0.359375
32.343,-0.90625,0.46875,0.375
32.375,-0.734375,0.703125,0.359375
32.406,-0.71875,0.796875,0.390625
32.437,-0.640625,0.9375,0.578125
32.468,-0.578125,0.90625,0.546875
32.500,-0.453125,0.84375,0.609375
32.531,-0.28125,0.84375,0.65625
32.562,-0.328125,0.8125,0.625
32.593,-0.15625,0.796875,0.609375
32.625,-0.09375,0.8125,0.609375
32.656,-0.25,0.875,0.546875
32.687,-0.140625,1.0,0.453125
32.718,-0.25,1.09375,0.671875
32.750,0.078125,0.671875,0.84375
32.781,-0.203125,0.765625,1.046875
32.812,-0.125,0.75,1.0625
32.843,-0.34375,0.953125,0.90625
32.875,-0.28125,0.8125,0.859375
32.906,-0.078125,0.890625,0.59375
32.937,-0.515625,1.203125,0.3125
32.968,-0.578125,1.296875,0.46875
33.000,-0.578125,1.140625,0.5
33.031,-0.578125,1.125,0.5
33.062,-0.375,0.84375,0.359375
33.093,-0.328125,0.609375,0.125
33.125,-0.328125,0.546875,0.03125
33.156,-0.390625,0.6875,-0.078125
33.187,-0.609375,0.78125,-0.1875
33.218,-0.6875,0.78125,-0.15625
33.250,-0.765625,0.78125,-0.109375
33.281,-0.90625,0.828125,-0.015625
33.312,-0.765625,0.953125,0.15625
33.343,-1.21875,0.90625,-0.328125
33.375,-1.328125,0.71875,-0.359375
33.406,-1.078125,0.71875,-0.171875
33.437,-1.109375,0.703125,-0.234375
33.468,-1.296875,0.46875,-0.40625
33.500,-1.3125,0.453125,-0.15625
33.531,-0.984375,0.59375,0.03125
33.562,-1.0625,0.765625,0.125
33.593,-0.984375,0.859375,0.09375
33.625,-1.09375,0.96875,0.0
33.656,-1.421875,1.125,-0.046875
33.687,-1.5,1.140625,0.0
33.718,-0.8125,1.265625,0.5
33.750,-0.546875,1.03125,0.703125
33.781,-0.578125,0.78125,0.609375
33.812,-0.484375,0.546875,0.421875
33.843,-0.53125,0.484375,0.359375
33.875,-0.1875,0.265625,0.5625
33.906,-0.109375,0.90625,0.546875
33.937,-0.328125,1.046875,0.4375
33.968,-0.625,1.140625,-0.21875
34.000,-0.8125,0.953125,-0.78125
34.031,-0.75,0.8125,-0.875
34.062,-1.65625,0.9375,-2.0
34.093,-2.0,-0.25,-2.0
34.125,-0.65625,-0.15625,-0.6875
34.156,-0.296875,0.0625,-0.09375
34.187,-0.65625,0.203125,-0.40625
34.218,-1.015625,0.09375,-0.640625
34.250,-0.890625,-0.109375,-0.96875
34.281,-0.96875,0.078125,-0.6875
34.312,-0.609375,0.078125,-0.40625
34.343,-0.59375,0.125,-0.515625
34.375,-0.546875,0.015625,-0.8125
34.406,-0.703125,0.21875,-0.6875
34.437,-0.953125,0.125,-0.515625
34.468,-1.140625,-0.015625,-0.59375
34.500,-1.453125,0.140625,-0.546875
34.531,-1.125,0.515625,-0.46875
34.562,-0.890625,0.09375,0.09375
34.593,-0.984375,-0.0625,-0.0625
34.625,-1.3125,-0.171875,-0.53125
34.656,-1.125,-0.15625,-0.4375
34.687,-0.859375,-0.15625,-0.5
34.718,-0.5625,-0.265625,-0.265625
34.750,-0.640625,-0.296875,-0.140625
34.781,-0.6875,-0.453125,0.125
34.812,-0.890625,-0.53125,0.203125
34.843,-0.84375,-0.484375,0.203125
34.875,-1.0,-0.40625,-0.015625
34.906,-0.9375,-0.328125,-0.046875
34.937,-1.140625,-0.140625,0.03125
34.968,-1.25,0.03125,-0.0625
35.000,-0.9375,0.015625,-0.0625
35.031,-1.21875,0.125,0.015625
35.062,-1.0625,0.203125,-0.03125
35.093,-0.875,0.125,-0.25
35.125,-1.265625,0.453125,-0.578125
35.156,-1.109375,0.5,-0.671875
35.187,-1.265625,0.609375,-0.59375
35.218,-1.515625,0.796875,-0.375
35.250,-1.140625,0.375,-0.625
35.281,-1.09375,0.109375,-0.921875
35.312,-1.078125,0.125,-0.828125
35.343,-1.015625,0.265625,-0.5
35.375,-1.625,0.328125,-0.4375
35.406,-1.5625,0.140625,-0.453125
35.437,-0.71875,-0.125,-0.265625
35.468,-0.59375,-0.0625,-0.234375
35.500,-1.0,-0.265625,-0.671875
35.531,-1.0625,-0.46875,-0.65625
35.562,-1.125,-0.375,-0.59375
35.593,-1.0625,-0.390625,-0.796875
35.625,-1.078125,-0.484375,-0.84375
35.656,-0.78125,-0.25,-0.578125
35.687,-0.84375,-0.25,-0.78125
35.718,-1.09375,-0.359375,-0.71875
35.750,-1.015625,-0.078125,-0.75
35.781,-0.6875,-0.15625,-0.625
35.812,-0.78125,-0.171875,-0.578125
35.843,-0.921875,-0.203125,-0.65625
35.875,-0.765625,-0.25,-0.65625
35.906,-0.71875,-0.15625,-0.296875
35.937,-0.96875,-0.21875,-0.5625
35.968,-0.796875,-0.296875,-0.375
36.000,-0.78125,-0.28125,-0.296875
36.031,-0.78125,-0.34375,-0.359375
36.062,-0.703125,-0.3125,-0.140625
36.093,-0.890625,-0.28125,-0.21875
36.125,-0.765625,-0.359375,-0.15625
36.156,-0.703125,-0.390625,-0.03125
36.187,-0.78125,-0.40625,-0.03125
36.218,-0.796875,-0.46875,-0.078125
36.250,-0.828125,-0.4375,-0.09375
36.281,-0.828125,-0.40625,-0.078125
36.312,-0.859375,-0.453125,-0.0625
36.343,-0.953125,-0.40625,-0.09375
36.375,-0.96875,-0.4375,-0.09375
36.406,-1.03125,-0.421875,-0.140625
36.437,-1.015625,-0.390625,-0.140625
36.468,-1.0,-0.359375,-0.09375
36.500,-0.953125,-0.296875,-0.09375
36.531,-0.921875,-0.3125,-0.0625
36.562,-0.921875,-0.3125,-0.046875
36.593,-0.9375,-0.3125,-0.09375
36.625,-0.90625,-0.390625,-0.125
36.656,-0.90625,-0.40625,-0.140625
36.687,-1.0,-0.421875,-0.140625
36.718,-0.921875,-0.4375,-0.140625
36.750,-0.921875,-0.453125,-0.125
36.781,-0.96875,-0.4375,-0.171875
36.812,-1.03125,-0.328125,-0.140625
36.843,-1.0625,-0.28125,-0.09375
36.875,-0.96875,-0.21875,0.015625
36.906,-0.890625,-0.328125,-0.125
36.937,-0.890625,-0.359375,-0.234375
36.968,-0.859375,-0.328125,-0.28125
37.000,-0.8125,-0.46875,-0.390625
37.031,-0.828125,-0.53125,-0.390625
37.062,-0.8125,-0.53125,-0.5
37.093,-0.84375,-0.5625,-0.5625
37.125,-0.6875,-0.59375,-0.578125
37.156,-0.59375,-0.515625,-0.53125
37.187,-0.578125,-0.5,-0.515625
37.218,-0.53125,-0.578125,-0.484375
37.250,-0.515625,-0.5625,-0.484375
37.281,-0.578125,-0.515625,-0.4375
37.312,-0.640625,-0.5,-0.453125
37.343,-0.65625,-0.515625,-0.453125
37.375,-0.671875,-0.46875,-0.46875
37.406,-0.671875,-0.4375,-0.421875
37.437,-0.71875,-0.5,-0.484375
37.468,-0.71875,-0.515625,-0.578125
37.500,-0.703125,-0.53125,-0.5625
37.531,-0.734375,-0.59375,-0.53125
37.562,-0.6875,-0.5625,-0.5
37.593,-0.796875,-0.5625,-0.53125
37.625,-0.671875,-0.515625,-0.375
37.656,-0.671875,-0.53125,-0.328125
37.687,-0.78125,-0.46875,-0.34375
37.718,-0.8125,-0.5,-0.328125
37.750,-0.828125,-0.421875,-0.28125
37.781,-0.859375,-0.390625,-0.28125
37.812,-0.953125,-0.328125,-0.296875
37.843,-0.875,-0.421875,-0.4375
37.875,-0.796875,-0.421875,-0.375
37.906,-0.78125,-0.421875,-0.328125
37.937,-0.84375,-0.40625,-0.359375
37.968,-0.890625,-0.40625,-0.40625
38.000,-0.9375,-0.40625,-0.390625
38.031,-0.9375,-0.40625,-0.34375
38.062,-0.90625,-0.40625,-0.34375
38.093,-0.90625,-0.421875,-0.3125
38.125,-0.796875,-0.421875,-0.1875
38.156,-0.75,-0.390625,-0.125
38.187,-0.90625,-0.390625,-0.421875
38.218,-0.859375,-0.390625,-0.453125
38.250,-0.65625,-0.375,-0.390625
38.281,-0.921875,-0.390625,-0.375
38.312,-0.96875,-0.40625,-0.453125
38.343,-0.9375,-0.4375,-0.453125
38.375,-0.75,-0.453125,-0.4375
38.406,-0.75,-0.53125,-0.453125
38.437,-0.875,-0.484375,-0.46875
38.468,-0.828125,-0.5,-0.46875
38.500,-0.796875,-0.4375,-0.484375
38.531,-0.796875,-0.421875,-0.421875
38.562,-0.796875,-0.40625,-0.390625
38.593,-0.796875,-0.375,-0.328125
38.625,-0.796875,-0.359375,-0.328125
38.656,-0.921875,-0.328125,-0.328125
38.687,-0.859375,-0.328125,-0.296875
38.718,-0.890625,-0.328125,-0.328125
38.750,-0.90625,-0.375,-0.34375
38.781,-0.890625,-0.375,-0.34375
38.812,-0.90625,-0.375,-0.328125
38.843,-0.84375,-0.359375,-0.296875
38.875,-0.890625,-0.34375,-0.3125
38.906,-0.859375,-0.359375,-0.28125
38.937,-0.90625,-0.328125,-0.265625
38.968,-0.84375,-0.34375,-0.25
39.000,-0.875,-0.328125,-0.3125
39.031,-0.890625,-0.34375,-0.359375
39.062,-0.875,-0.375,-0.359375
39.093,-0.890625,-0.375,-0.328125
39.125,-0.84375,-0.390625,-0.34375
39.156,-0.890625,-0.375,-0.328125
39.187,-0.90625,-0.375,-0.3125
39.218,-0.890625,-0.375,-0.28125
39.250,-0.875,-0.375,-0.28125
39.281,-0.859375,-0.375,-0.28125
39.312,-0.890625,-0.359375,-0.265625
39.343,-0.921875,-0.359375,-0.28125
39.375,-0.890625,-0.390625,-0.3125
39.406,-0.875,-0.390625,-0.28125
39.437,-0.890625,-0.375,-0.28125
39.468,-0.875,-0.359375,-0.234375
39.500,-0.875,-0.375,-0.265625
39.531,-0.921875,-0.390625,-0.265625
39.562,-0.921875,-0.375,-0.265625
39.593,-0.890625,-0.375,-0.21875
39.625,-0.890625,-0.375,-0.1875
39.656,-0.890625,-0.375,-0.25
39.687,-0.875,-0.390625,-0.234375
39.718,-0.921875,-0.359375,-0.25
39.750,-0.890625,-0.375,-0.25
39.781,-0.890625,-0.375,-0.234375
39.812,-0.9375,-0.34375,-0.25
39.843,-0.890625,-0.34375,-0.234375
39.875,-0.921875,-0.359375,-0.25
39.906,-0.90625,-0.34375,-0.25
39.937,-0.9375,-0.359375,-0.21875
39.968,-0.859375,-0.34375,-0.234375
40.000,-0.828125,-0.34375,-0.234375
40.031,-0.984375,-0.359375,-0.328125
40.062,-0.90625,-0.34375,-0.25
40.093,-0.90625,-0.328125,-0.234375
40.125,-0.9375,-0.359375,-0.296875
40.156,-0.890625,-0.34375,-0.28125
40.187,-0.90625,-0.359375,-0.296875
40.218,-0.90625,-0.34375,-0.265625
40.250,-0.90625,-0.34375,-0.25
40.281,-0.90625,-0.34375,-0.265625
40.312,-0.921875,-0.34375,-0.296875
40.343,-0.890625,-0.34375,-0.265625
40.375,-0.890625,-0.328125,-0.234375
40.406,-0.890625,-0.328125,-0.25
40.437,-0.9375,-0.34375,-0.28125
40.468,-0.890625,-0.34375,-0.25
40.500,-0.90625,-0.328125,-0.234375
40.531,-0.890625,-0.328125,-0.21875
40.562,-0.90625,-0.328125,-0.234375
40.593,-0.890625,-0.34375,-0.265625
40.625,-0.9375,-0.34375,-0.265625
40.656,-0.953125,-0.34375,-0.296875
40.687,-0.875,-0.34375,-0.296875
40.718,-0.90625,-0.34375,-0.3125
40.750,-0.890625,-0.34375,-0.28125
40.781,-0.921875,-0.34375,-0.296875
40.812,-0.90625,-0.34375,-0.28125
40.843,-0.96875,-0.34375,-0.3125
40.875,-0.875,-0.34375,-0.21875
40.906,-0.890625,-0.328125,-0.203125
40.937,-0.9375,-0.34375,-0.234375
40.968,-0.9375,-0.328125,-0.21875
41.000,-0.875,-0.34375,-0.21875
41.031,-0.96875,-0.34375,-0.203125
41.062,-1.03125,-0.296875,-0.109375
41.093,-0.921875,-0.265625,-0.015625
41.125,-0.90625,-0.296875,-0.0625
41.156,-0.96875,-0.3125,-0.171875
41.187,-0.9375,-0.328125,-0.125
41.218,-0.90625,-0.328125,-0.125
41.250,-0.9375,-0.34375,-0.21875
41.281,-0.953125,-0.34375,-0.265625
41.312,-0.890625,-0.34375,-0.265625
41.343,-0.9375,-0.328125,-0.28125
41.375,-0.921875,-0.328125,-0.296875
41.406,-0.921875,-0.328125,-0.28125
41.437,-0.921875,-0.3125,-0.171875
41.468,-0.859375,-0.3125,-0.1875
41.500,-0.890625,-0.359375,-0.375
41.531,-0.921875,-0.390625,-0.484375
41.562,-0.90625,-0.421875,-0.34375
41.593,-0.875,-0.34375,-0.234375
41.625,-0.9375,-0.28125,-0.125
41.656,-0.953125,-0.203125,0.0625
41.687,-0.875,-0.234375,0.015625
41.718,-0.859375,-0.25,-0.140625
41.750,-0.953125,-0.375,-0.359375
41.781,-0.9375,-0.390625,-0.4375
41.812,-0.921875,-0.328125,-0.46875
41.843,-0.953125,-0.375,-0.453125
41.875,-0.859375,-0.375,-0.40625
41.906,-0.8125,-0.40625,-0.40625
41.937,-0.78125,-0.390625,-0.28125
41.968,-0.9375,-0.171875,0.25
42.000,-0.984375,-0.234375,0.046875
42.031,-0.921875,-0.265625,-0.09375
42.062,-0.921875,-0.390625,-0.375
42.093,-1.03125,-0.4375,-0.484375
42.125,-0.953125,-0.359375,-0.25
42.156,-0.9375,-0.203125,0.140625
42.187,-1.046875,-0.296875,-0.0625
42.218,-0.859375,-0.25,-0.09375
42.250,-0.953125,-0.375,-0.296875
42.281,-0.90625,-0.421875,-0.421875
42.312,-0.8125,-0.359375,-0.546875
42.343,-0.8125,-0.359375,-0.546875
42.375,-0.921875,-0.265625,-0.21875
42.406,-0.9375,-0.265625,-0.28125
42.437,-0.828125,-0.3125,-0.328125
42.468,-0.875,-0.375,-0.375
42.500,-0.890625,-0.390625,-0.390625
42.531,-0.890625,-0.390625,-0.40625
42.562,-0.875,-0.328125,-0.1875
42.593,-0.875,-0.265625,-0.09375
42.625,-0.921875,-0.34375,-0.265625
42.656,-0.90625,-0.375,-0.328125
42.687,-0.9375,-0.328125,-0.328125
42.718,-0.859375,-0.34375,-0.28125
42.750,-0.859375,-0.359375,-0.296875
42.781,-0.875,-0.359375,-0.328125
42.812,-0.90625,-0.34375,-0.328125
42.843,-0.90625,-0.359375,-0.375
42.875,-0.90625,-0.375,-0.390625
42.906,-0.859375,-0.390625,-0.3125
42.937,-0.875,-0.328125,-0.203125
42.968,-0.984375,-0.34375,-0.078125
43.000,-0.9375,-0.296875,0.015625
43.031,-0.875,-0.28125,0.078125
43.062,-1.015625,-0.28125,-0.109375
43.093,-0.953125,-0.3125,-0.125
43.125,-1.0,-0.359375,-0.28125
43.156,-0.96875,-0.359375,-0.296875
43.187,-0.890625,-0.34375,-0.25
43.218,-0.90625,-0.34375,-0.203125
43.250,-0.921875,-0.328125,-0.171875
43.281,-0.9375,-0.328125,-0.171875
43.312,-0.9375,-0.328125,-0.171875
43.343,-0.890625,-0.34375,-0.171875
43.375,-0.9375,-0.359375,-0.203125
43.406,-0.9375,-0.359375,-0.234375
43.437,-0.890625,-0.359375,-0.265625
43.468,-0.90625,-0.359375,-0.265625
43.500,-1.015625,-0.34375,-0.1875
43.531,-0.921875,-0.3125,-0.0625
43.562,-0.859375,-0.296875,-0.03125
43.593,-0.890625,-0.359375,-0.21875
43.625,-0.921875,-0.375,-0.296875
43.656,-0.9375,-0.390625,-0.25
43.687,-0.921875,-0.25,-0.046875
43.718,-0.890625,-0.21875,0.109375
43.750,-0.90625,-0.3125,-0.25
43.781,-0.953125,-0.40625,-0.390625
43.812,-0.984375,-0.40625,-0.4375
43.843,-0.859375,-0.34375,-0.234375
43.875,-0.921875,-0.296875,-0.171875
43.906,-0.9375,-0.359375,-0.28125
43.937,-0.921875,-0.359375,-0.265625
43.968,-0.921875,-0.359375,-0.25
44.000,-0.90625,-0.28125,-0.015625
44.031,-0.921875,-0.328125,-0.140625
44.062,-0.890625,-0.375,-0.21875
44.093,-0.96875,-0.375,-0.25
44.125,-0.9375,-0.28125,-0.09375
44.156,-0.84375,-0.25,0.046875
44.187,-1.03125,-0.25,-0.15625
44.218,-1.046875,-0.328125,-0.328125
44.250,-0.875,-0.453125,-0.5
44.281,-0.875,-0.390625,-0.515625
44.312,-0.875,-0.359375,-0.40625
44.343,-0.890625,-0.3125,-0.234375
44.375,-0.90625,-0.3125,-0.265625
44.406,-0.859375,-0.296875,-0.234375
44.437,-0.96875,-0.375,-0.3125
44.468,-0.90625,-0.359375,-0.28125
44.500,-0.875,-0.359375,-0.25
44.531,-0.90625,-0.34375,-0.234375
44.562,-0.890625,-0.328125,-0.203125
44.593,-0.90625,-0.3125,-0.203125
44.625,-0.953125,-0.328125,-0.234375
44.656,-0.9375,-0.3125,-0.265625
44.687,-0.96875,-0.328125,-0.25
44.718,-0.9375,-0.328125,-0.25
44.750,-0.90625,-0.328125,-0.234375
44.781,-0.96875,-0.328125,-0.234375
44.812,-0.859375,-0.3125,-0.1875
44.843,-0.890625,-0.296875,-0.1875
44.875,-0.96875,-0.34375,-0.28125
44.906,-0.859375,-0.3125,-0.21875
44.937,-0.90625,-0.3125,-0.234375
44.968,-0.921875,-0.359375,-0.265625
45.000,-0.90625,-0.265625,-0.171875
45.031,-1.0,-0.328125,-0.265625
45.062,-0.90625,-0.265625,-0.203125
45.093,-0.921875,-0.28125,-0.203125
45.125,-0.921875,-0.328125,-0.265625
45.156,-0.9375,-0.328125,-0.234375
45.187,-0.9375,-0.296875,-0.203125
45.218,-0.9375,-0.296875,-0.21875
45.250,-0.90625,-0.296875,-0.171875
45.281,-0.953125,-0.28125,-0.21875
45.312,-0.9375,-0.328125,-0.28125
45.343,-0.890625,-0.296875,-0.234375
45.375,-0.84375,-0.296875,-0.25
45.406,-0.84375,-0.328125,-0.28125
45.437,-0.828125,-0.359375,-0.328125
45.468,-0.828125,-0.4375,-0.328125
45.500,-0.75,-0.421875,-0.234375
45.531,-0.828125,-0.359375,-0.078125
45.562,-1.21875,-0.34375,-0.109375
45.593,-1.3125,-0.328125,0.046875
45.625,-0.8125,-0.34375,-0.296875
45.656,-0.90625,-0.453125,-0.140625
45.687,-0.90625,-0.09375,0.078125
45.718,-1.015625,-0.265625,-0.125
45.750,-1.078125,-0.265625,-0.171875
45.781,-1.078125,-0.03125,-0.109375
45.812,-1.0625,-0.15625,-0.15625
45.843,-1.0,-0.15625,-0.140625
45.875,-1.0625,-0.15625,-0.171875
45.906,-1.03125,-0.1875,-0.15625
45.937,-0.984375,-0.1875,-0.15625
45.968,-0.96875,-0.15625,-0.1875
46.000,-0.96875,-0.140625,-0.171875
46.031,-1.0,-0.15625,-0.171875
46.062,-1.0,-0.15625,-0.171875
46.093,-1.0,-0.171875,-0.1875
46.125,-0.953125,-0.1875,-0.15625
46.156,-0.9375,-0.21875,-0.15625
46.187,-0.984375,-0.1875,-0.15625
46.218,-0.96875,-0.21875,-0.171875
46.250,-0.96875,-0.21875,-0.171875
46.281,-1.0,-0.25,-0.15625
46.312,-1.0,-0.234375,-0.109375
46.343,-1.0,-0.21875,-0.125
46.375,-1.0625,-0.234375,-0.15625
46.406,-1.0625,-0.171875,-0.140625
46.437,-0.859375,-0.171875,-0.09375
46.468,-0.890625,-0.21875,-0.125
46.500,-0.765625,-0.234375,-0.234375
46.531,-0.9375,-0.28125,-0.28125
46.562,-0.90625,-0.296875,-0.296875
46.593,-1.015625,-0.234375,-0.34375
46.625,-0.96875,-0.1875,-0.390625
46.656,-0.875,-0.15625,-0.34375
46.687,-0.9375,0.0,-0.34375
46.718,-0.90625,0.0625,-0.328125
46.750,-1.0,-0.015625,-0.5625
46.781,-1.0625,0.140625,-0.671875
46.812,-1.125,0.109375,-0.75
46.843,-1.1875,-0.1875,-0.734375
46.875,-1.203125,-0.3125,-0.71875
46.906,-1.171875,-0.6875,-0.46875
46.937,-1.046875,-0.78125,-0.078125
46.968,-0.96875,-0.796875,0.109375
47.000,-0.84375,-0.734375,0.453125
47.031,-0.734375,-0.859375,0.4375
47.062,-0.65625,-0.828125,0.28125
47.093,-0.390625,-0.75,0.140625
47.125,-0.359375,-0.703125,0.140625
47.156,-0.25,-0.546875,0.328125
47.187,-0.359375,-0.515625,0.453125
47.218,-0.640625,-0.453125,0.390625
47.250,-0.46875,-0.21875,0.6875
47.281,-0.515625,-0.109375,0.734375
47.312,-0.34375,0.109375,0.6875
47.343,-0.703125,0.375,0.8125
47.375,-0.75,0.375,0.90625
47.406,-0.484375,0.1875,1.109375
47.437,-0.6875,0.359375,1.1875
47.468,-0.671875,-0.125,0.796875
47.500,-0.390625,-0.21875,0.75
47.531,-0.65625,-0.234375,0.671875
47.562,-0.46875,-0.171875,0.78125
47.593,-0.5,-0.171875,0.765625
47.625,-0.3125,-0.1875,0.8125
47.656,-0.28125,-0.171875,0.984375
47.687,-0.4375,-0.1875,0.90625
47.718,-0.53125,-0.171875,0.765625
47.750,-0.46875,-0.140625,0.78125
47.781,-0.359375,-0.109375,0.890625
47.812,-0.46875,-0.15625,0.953125
47.843,-0.421875,-0.21875,1.015625
47.875,-0.21875,-0.234375,1.015625
47.906,-0.90625,-0.3125,0.578125
47.937,-0.75,-0.328125,0.65625
47.968,-0.75,-0.21875,0.65625
48.000,-0.546875,-0.171875,0.6875
48.031,-0.546875,-0.109375,0.765625
48.062,-0.40625,-0.0625,0.875
48.093,-0.265625,-0.09375,0.921875
48.125,-0.34375,0.03125,0.96875
48.156,-0.515625,-0.03125,0.71875
48.187,-0.578125,-0.078125,0.6875
48.218,-0.28125,-0.03125,0.859375
48.250,-0.03125,-0.0625,0.984375
48.281,-0.28125,0.125,1.046875
48.312,0.03125,0.140625,1.140625
48.343,-0.046875,0.15625,1.171875
48.375,-0.125,0.03125,1.015625
48.406,-0.03125,-0.015625,1.046875
48.437,-0.125,-0.09375,0.984375
48.468,-0.15625,0.015625,1.03125
48.500,-0.0625,0.0625,1.09375
48.531,-0.34375,0.03125,0.796875
48.562,-0.25,-0.03125,0.8125
48.593,-0.265625,0.1875,1.015625
48.625,-0.078125,0.046875,1.0625
48.656,0.03125,0.078125,1.046875
48.687,-0.21875,0.015625,0.890625
48.718,-0.5,0.046875,0.78125
48.750,-0.421875,0.03125,0.875
48.781,-0.15625,0.1875,1.03125
48.812,-0.21875,0.109375,1.109375
48.843,-0.4375,-0.09375,0.9375
48.875,-0.421875,-0.1875,0.859375
48.906,-0.515625,-0.078125,0.984375
48.937,-0.59375,0.078125,1.046875
48.968,-0.40625,-0.0625,1.046875
49.000,-0.703125,-0.109375,0.75
49.031,-0.640625,-0.09375,0.6875
49.062,-0.515625,-0.078125,0.765625
49.093,-0.359375,-0.046875,0.828125
49.125,-0.203125,0.078125,0.84375
49.156,-0.234375,0.09375,0.84375
49.187,0.015625,0.203125,0.78125
49.218,-0.125,0.3125,0.9375
49.250,-0.125,0.328125,1.0625
49.281,-0.109375,0.171875,0.921875
49.312,-0.09375,0.265625,0.890625
49.343,-0.09375,0.015625,0.90625
49.375,-0.203125,0.015625,0.9375
49.406,-0.28125,0.171875,0.921875
49.437,-0.375,0.109375,0.84375
49.468,-0.296875,-0.03125,0.828125
49.500,-0.125,0.015625,1.125
49.531,-0.265625,0.015625,0.96875
49.562,-0.375,-0.09375,0.71875
49.593,-0.546875,-0.046875,0.84375
49.625,-0.734375,-0.046875,0.765625
49.656,-0.578125,-0.1875,1.25
49.687,-0.6875,-0.171875,1.140625
49.718,-0.78125,-0.296875,0.859375
49.750,-0.515625,-0.28125,0.9375
49.781,-0.515625,-0.234375,0.890625
49.812,-0.28125,-0.15625,0.734375
49.843,0.171875,0.015625,0.765625
49.875,0.21875,0.0625,0.890625
49.906,0.421875,0.140625,0.953125
49.937,0.296875,0.234375,0.890625
49.968,0.03125,0.234375,0.84375
50.000,-0.265625,0.03125,0.65625
50.031,-0.5625,0.015625,0.484375
50.062,-0.515625,-0.375,0.71875
50.093,-0.359375,-0.03125,1.3125
50.125,-0.734375,0.046875,1.0
50.156,-0.90625,-0.03125,0.0625
50.187,-1.15625,-0.15625,0.015625
50.218,-1.296875,0.0625,0.296875
50.250,-0.8125,-0.171875,0.359375
50.281,-0.84375,-0.421875,0.21875
50.312,-1.0625,-0.21875,0.203125
50.343,-0.859375,-0.265625,0.296875
50.375,-0.5625,-0.5,0.375
50.406,-1.0,-0.40625,0.6875
50.437,-1.171875,-0.40625,0.765625
50.468,-0.515625,-0.65625,1.15625
50.500,-0.1875,-0.21875,0.6875
50.531,0.09375,-0.46875,1.3125
50.562,-1.015625,-0.71875,0.5625
50.593,-1.28125,-0.9375,0.46875
50.625,-0.890625,-0.703125,0.09375
50.656,-0.5625,-0.609375,0.34375
50.687,-0.359375,-0.375,0.65625
50.718,-0.59375,-0.234375,0.625
50.750,-0.40625,-0.171875,0.78125
50.781,-0.171875,0.03125,1.28125
50.812,-0.375,0.1875,1.140625
50.843,-0.3125,0.015625,1.0
50.875,-0.390625,-0.125,0.953125
50.906,-0.203125,-0.265625,1.125
50.937,-0.390625,-0.28125,0.8125
50.968,-0.921875,-0.46875,0.5
51.000,-0.796875,-0.4375,0.359375
51.031,-0.75,-0.4375,0.375
51.062,-0.90625,-0.28125,0.65625
51.093,-0.984375,-0.34375,0.625
51.125,-0.734375,-0.359375,0.59375
51.156,-0.671875,-0.34375,0.65625
51.187,-0.234375,-0.28125,0.796875
51.218,-0.125,-0.21875,0.9375
51.250,-0.328125,-0.0625,0.96875
51.281,-0.484375,-0.109375,0.84375
51.312,-0.46875,-0.203125,0.90625
51.343,-0.40625,-0.34375,1.015625
51.375,-0.84375,-0.4375,0.484375
51.406,-0.828125,-0.5,0.390625
51.437,-0.71875,-0.4375,0.40625
51.468,-0.84375,-0.421875,0.421875
51.500,-0.734375,-0.34375,0.546875
51.531,-0.46875,-0.265625,0.9375
51.562,-0.578125,-0.21875,0.8125
51.593,-0.625,-0.28125,0.609375
51.625,-0.71875,-0.328125,0.59375
51.656,-0.71875,-0.25,0.609375
51.687,-0.65625,-0.28125,0.390625
51.718,-0.875,-0.40625,0.328125
51.750,-0.75,-0.15625,0.40625
51.781,-0.90625,-0.4375,0.125
51.812,-1.15625,-0.421875,-0.078125
51.843,-0.890625,-0.421875,-0.140625
51.875,-1.140625,-0.390625,-0.03125
51.906,-1.15625,-0.3125,0.0
51.937,-0.859375,-0.28125,0.421875
51.968,-0.84375,-0.3125,0.15625
52.000,-1.3125,-0.3125,-0.140625
52.031,-1.046875,-0.265625,0.203125
52.062,-0.9375,-0.375,0.453125
52.093,-1.125,-0.4375,0.375
52.125,-1.046875,-0.546875,0.25
52.156,-0.65625,-0.734375,0.171875
52.187,-0.78125,-0.5625,0.171875
52.218,-0.59375,-0.546875,0.34375
52.250,-0.359375,-0.375,0.609375
52.281,-0.953125,0.0,0.6875
52.312,-0.75,-0.125,0.765625
52.343,-0.453125,-0.359375,0.484375
52.375,-0.65625,-0.359375,0.140625
52.406,-0.75,-0.234375,0.5625
52.437,-0.75,-0.515625,0.40625
52.468,-1.09375,-0.3125,0.1875
52.500,-0.953125,-0.359375,-0.09375
52.531,-1.0,-0.328125,-0.109375
52.562,-1.265625,-0.328125,0.09375
52.593,-0.984375,-0.421875,-0.078125
52.625,-1.140625,-0.390625,-0.203125
52.656,-1.09375,-0.453125,-0.09375
52.687,-0.65625,-0.53125,0.171875
52.718,-0.734375,-0.484375,0.265625
52.750,-0.6875,-0.65625,0.375
52.781,-0.5625,-0.6875,0.515625
52.812,-0.765625,-0.640625,0.34375
52.843,-0.671875,-0.65625,0.4375
52.875,-0.59375,-0.625,0.5
52.906,-0.625,-0.640625,0.5625
52.937,-0.625,-0.671875,0.484375
52.968,-0.4375,-0.59375,0.5625
53.000,-0.671875,-0.59375,0.21875
53.031,-0.921875,-0.625,-0.046875
53.062,-0.640625,-0.515625,0.171875
53.093,-0.6875,-0.5625,0.3125
53.125,-0.8125,-0.5,0.453125
53.156,-0.796875,-0.640625,0.15625
53.187,-0.875,-0.625,-0.0625
53.218,-1.109375,-0.671875,-0.5
53.250,-0.953125,-0.671875,-0.421875
53.281,-0.84375,-0.578125,-0.265625
53.312,-0.4375,-0.78125,0.140625
53.343,-0.453125,-0.765625,0.28125
53.375,-0.21875,-0.765625,0.53125
53.406,0.3125,-0.875,0.578125
53.437,0.1875,-0.765625,0.5
53.468,0.53125,-0.546875,1.0625
53.500,0.375,-0.515625,0.96875
53.531,0.171875,-0.53125,0.84375
53.562,-0.15625,-0.328125,0.796875
53.593,-0.21875,-0.40625,0.640625
53.625,0.09375,-0.046875,1.015625
53.656,-0.171875,0.0,1.1875
53.687,-0.171875,-0.265625,1.25
53.718,-0.328125,-0.296875,0.90625
53.750,-0.109375,-0.203125,1.125
53.781,-0.03125,-0.28125,1.015625
53.812,0.0625,-0.21875,0.921875
53.843,-0.359375,-0.25,0.78125
53.875,-0.140625,-0.171875,1.078125
53.906,-0.09375,-0.140625,1.0
53.937,-0.109375,-0.0625,0.75
53.968,-0.515625,-0.203125,0.71875
54.000,-0.625,-0.140625,0.640625
54.031,-0.890625,-0.3125,0.53125
54.062,-0.75,-0.421875,0.59375
54.093,-0.296875,-0.359375,0.703125
54.125,-0.3125,-0.53125,0.546875
54.156,-0.515625,-0.734375,0.640625
54.187,-0.796875,-0.46875,0.640625
54.218,-0.6875,-0.515625,0.78125
54.250,-0.78125,-0.453125,0.65625
54.281,-1.65625,-0.5,-0.28125
54.312,-1.828125,-0.59375,-0.53125
54.343,-0.28125,-0.859375,-0.046875
54.375,-0.09375,-0.421875,0.609375
54.406,0.15625,-0.203125,0.796875
54.437,-0.375,-0.140625,0.578125
54.468,-0.234375,-0.046875,0.59375
54.500,-0.25,0.359375,1.03125
54.531,0.21875,0.484375,1.484375
54.562,0.046875,0.453125,1.390625
54.593,-0.078125,0.203125,1.203125
54.625,0.296875,0.28125,1.25
54.656,0.28125,0.25,1.234375
54.687,-0.625,-0.078125,0.515625
54.718,-0.09375,-0.015625,0.765625
54.750,-0.4375,-0.03125,0.71875
54.781,-0.28125,0.015625,0.859375
54.812,-0.5625,-0.3125,0.75
54.843,-0.390625,0.03125,0.921875
54.875,-0.8125,0.078125,0.765625
54.906,-0.765625,0.0625,0.609375
54.937,-0.890625,-0.09375,0.5625
54.968,-0.859375,-0.109375,0.5625
55.000,-0.8125,-0.0625,0.34375
55.031,-0.609375,-0.0625,0.78125
55.062,-0.21875,0.078125,1.109375
55.093,-0.296875,-0.046875,1.0
55.125,-0.140625,-0.09375,1.203125
55.156,-0.46875,0.046875,0.96875
55.187,-0.546875,-0.21875,1.015625
55.218,-0.375,-0.015625,1.1875
55.250,-0.515625,-0.09375,1.0625
55.281,-0.390625,-0.03125,1.046875
55.312,-0.140625,-0.328125,0.984375
55.343,-0.5625,-0.34375,0.515625
55.375,-0.703125,-0.390625,0.53125
55.406,-0.53125,-0.390625,0.734375
55.437,0.0,-1.21875,0.75
55.468,0.0,-0.9375,0.40625
55.500,-1.1875,-0.484375,0.21875
55.531,-0.84375,-0.265625,0.40625
55.562,-0.59375,-0.34375,0.9375
55.593,-0.625,-0.375,0.78125
55.625,-0.90625,-0.46875,0.390625
55.656,-0.71875,-0.53125,0.21875
55.687,-0.890625,-0.59375,0.09375
55.718,-0.953125,-0.515625,-0.109375
55.750,-0.46875,-0.671875,0.0625
55.781,-0.359375,-0.625,0.125
55.812,-0.65625,-0.578125,0.078125
55.843,-0.78125,-0.609375,0.03125
55.875,-0.96875,-0.515625,-0.015625
55.906,-1.078125,-0.53125,0.015625
55.937,-0.953125,-0.578125,0.078125
55.968,-0.78125,-0.46875,0.171875
56.000,-1.0,-0.375,0.078125
56.031,-1.078125,-0.390625,0.0
56.062,-1.0625,-0.421875,-0.015625
56.093,-0.984375,-0.421875,0.0
56.125,-0.890625,-0.4375,0.078125
56.156,-0.828125,-0.484375,0.1875
56.187,-0.84375,-0.46875,0.203125
56.218,-0.8125,-0.546875,0.203125
56.250,-0.8125,-0.59375,0.203125
56.281,-0.84375,-0.609375,0.21875
56.312,-0.765625,-0.65625,0.234375
56.343,-0.6875,-0.671875,0.28125
56.375,-0.765625,-0.625,0.28125
56.406,-0.75,-0.609375,0.328125
56.437,-0.640625,-0.5625,0.390625
56.468,-0.65625,-0.546875,0.484375
56.500,-0.671875,-0.53125,0.515625
56.531,-0.578125,-0.5625,0.578125
56.562,-0.453125,-0.53125,0.640625
56.593,-0.453125,-0.546875,0.640625
56.625,-0.59375,-0.546875,0.609375
56.656,-0.625,-0.578125,0.59375
56.687,-0.546875,-0.515625,0.640625
56.718,-0.515625,-0.53125,0.671875
56.750,-0.546875,-0.546875,0.671875
56.781,-0.484375,-0.53125,0.6875
56.812,-0.390625,-0.53125,0.75
56.843,-0.421875,-0.5,0.71875
56.875,-0.453125,-0.515625,0.703125
56.906,-0.484375,-0.5,0.703125
56.937,-0.46875,-0.5,0.703125
56.968,-0.34375,-0.46875,0.78125
57.000,-0.34375,-0.484375,0.78125
57.031,-0.453125,-0.484375,0.765625
57.062,-0.484375,-0.5,0.765625
57.093,-0.453125,-0.453125,0.765625
57.125,-0.359375,-0.484375,0.765625
57.156,-0.34375,-0.5,0.765625
57.187,-0.359375,-0.453125,0.765625
57.218,-0.375,-0.453125,0.78125
57.250,-0.46875,-0.453125,0.703125
57.281,-0.5625,-0.34375,0.671875
57.312,-0.5625,-0.28125,0.734375
57.343,-0.359375,-0.203125,0.828125
57.375,-0.546875,-0.1875,0.875
57.406,-0.4375,-0.203125,0.859375
57.437,-0.21875,-0.109375,0.859375
57.468,-0.21875,-0.109375,0.90625
57.500,-0.265625,0.0,0.953125
57.531,-0.3125,0.03125,0.953125
57.562,-0.296875,0.125,1.03125
57.593,-0.453125,0.0,0.96875
57.625,-0.328125,-0.109375,1.0
57.656,-0.265625,0.015625,0.90625
57.687,-0.0625,-0.03125,0.96875
57.718,-0.125,0.015625,0.921875
57.750,0.03125,0.0,1.0625
57.781,-0.109375,0.046875,0.953125
57.812,-0.0625,0.0625,0.9375
57.843,0.09375,0.109375,1.109375
57.875,0.125,0.171875,1.09375
57.906,0.1875,0.09375,1.03125
57.937,-0.1875,0.0625,0.921875
57.968,-0.234375,0.078125,0.796875
58.000,-0.078125,-0.03125,0.75
58.031,-0.09375,0.078125,0.84375
58.062,-0.203125,0.09375,1.078125
58.093,0.203125,0.09375,1.078125
58.125,0.234375,0.125,1.0625
58.156,0.203125,0.15625,0.953125
58.187,0.015625,0.25,1.0
58.218,0.171875,0.328125,1.15625
58.250,0.453125,0.28125,1.109375
58.281,0.5625,0.28125,1.140625
58.312,0.171875,0.28125,0.78125
58.343,0.28125,0.1875,0.828125
58.375,0.328125,0.3125,0.859375
58.406,0.09375,0.234375,0.84375
58.437,0.078125,0.21875,0.90625
58.468,0.265625,0.3125,1.015625
58.500,0.484375,0.390625,1.125
58.531,0.4375,0.390625,1.109375
58.562,0.265625,0.453125,1.015625
58.593,0.203125,0.4375,0.984375
58.625,0.109375,0.359375,1.0
58.656,-0.046875,0.390625,0.9375
58.687,-0.328125,0.390625,0.859375
58.718,-0.71875,0.265625,0.765625
58.750,-0.5625,0.21875,0.890625
58.781,-0.46875,0.0,0.890625
58.812,-0.625,0.109375,0.890625
58.843,-0.390625,0.03125,0.875
58.875,-0.984375,0.25,0.828125
58.906,-0.078125,-0.25,0.84375
58.937,-0.21875,-0.46875,0.78125
58.968,0.0625,-0.28125,1.0
59.000,-0.203125,-0.15625,1.0625
59.031,0.046875,-0.078125,1.140625
59.062,-0.28125,-0.25,0.890625
59.093,-0.296875,-0.359375,0.71875
59.125,-0.359375,-0.515625,0.609375
59.156,-0.3125,-0.6875,0.4375
59.187,-0.25,-0.75,0.328125
59.218,-0.109375,-0.859375,0.171875
59.250,-0.09375,-0.921875,0.09375
59.281,-0.1875,-0.953125,-0.25
59.312,-0.265625,-0.875,-0.453125
59.343,-0.328125,-0.84375,-0.40625
59.375,-0.296875,-0.6875,-0.328125
59.406,-0.53125,-0.59375,-0.390625
59.437,-1.203125,-0.578125,-0.390625
59.468,-1.1875,-0.421875,-0.03125
59.500,-1.21875,-0.421875,-0.109375
59.531,-1.34375,-0.296875,-0.09375
59.562,-1.203125,-0.171875,0.09375
59.593,-1.0,-0.09375,0.25
59.625,-1.03125,0.046875,0.203125
59.656,-1.078125,0.109375,0.1875
59.687,-1.1875,0.21875,0.15625
59.718,-0.84375,0.28125,0.359375
59.750,-0.65625,0.3125,0.4375
59.781,-1.15625,0.421875,0.375
59.812,-0.953125,0.375,0.421875
59.843,-0.34375,0.46875,1.015625
59.875,-0.21875,0.40625,1.171875
59.906,-0.453125,0.375,0.953125
59.937,-0.828125,0.515625,0.75
59.968,-0.84375,0.546875,0.609375
