timestamp,x,y,z,roll,pitch,yaw
00.009,0.006061616,-0.004592485,0.00785084,-0.0,-0.0,-0.0
00.042,0.016446326,0.0015161675,-0.0074207913,3.6849854e-06,-3.9968203e-05,1.8034249e-05
00.083,0.010948538,0.0045704935,-0.014140309,0.0,-0.0,0.0
00.102,0.018889787,0.017398665,-0.014751174,0.0,-0.0,0.0
00.143,0.015224594,0.02045299,-0.0013121385,0.0,-0.0,0.0
00.182,-0.04097501,-0.006425081,0.010905167,-0.0,0.0,0.0
00.203,-0.06785308,-0.04552046,0.007239975,-0.0,0.0,0.0
00.242,0.02866363,0.010068282,0.0011313224,-0.0,-0.0,0.0
00.281,0.04760045,0.008846551,-0.0043664644,0.0,-0.0,0.0
00.301,-0.004323093,-0.013144598,-0.0031447343,-2.5034724e-05,8.233524e-06,5.989444e-06
00.342,0.009115942,0.008846551,-0.010475118,0.0,-0.0,0.0
00.382,-0.025703376,-0.0039816196,0.0005204572,-0.0,0.0,0.0
00.401,-0.027535973,-0.007646811,-0.0019230038,-0.0,-0.0,0.0
00.442,0.007894211,0.041833274,0.010905167,0.0002467445,-4.6570505e-05,-6.43164e-05
00.481,-0.011042611,0.024729047,0.009072571,0.0,-0.0,-0.0
00.502,-0.010431745,0.0051813587,0.01823555,0.0,-0.0,-0.0
00.543,0.024387574,-0.002149024,-0.009864252,-0.0,-0.0,0.0
00.582,0.01705719,0.00762482,-0.030633671,3.6726906e-05,-8.214407e-05,0.0001475321
00.602,-0.012264341,0.012511741,-0.019027231,-0.0,0.0,0.0
00.643,-0.032422893,-0.010090272,0.0041856486,-0.0,0.0,0.0
00.682,0.014002864,0.0033487633,0.00662911,-0.0,-0.0,0.0
00.701,0.021333246,-0.012533734,-0.0013121385,-4.1681662e-05,-7.094531e-05,4.362131e-06
00.742,0.012170268,-0.0027598892,-0.0074207913,-0.0,-0.0,0.0
00.781,-0.0055448236,0.008846551,0.0017421878,0.0,-0.0,-0.0
00.804,-0.009210016,-0.0015381586,0.005407379,-0.0,0.0,0.0
00.842,-0.011653476,0.0039596288,0.008461705,7.93794e-06,2.3361285e-05,-1.6963004e-05
00.882,0.0011746938,-0.009479407,-0.00497733,-0.0,-0.0,0.0
00.923,0.01461373,0.0021270327,-0.0074207913,0.0,-0.0,0.0
00.943,0.006672481,-0.011312002,-0.017194636,-0.0,-0.0,0.0
00.982,0.0097268075,0.0033487633,-0.008031656,5.866131e-06,-1.7038356e-05,1.4069059e-05
01.023,0.0011746938,-0.0027598892,0.007239975,-0.0,-0.0,-0.0
01.042,-0.0024904977,0.014344337,0.023733336,0.0,-0.0,-0.0
01.083,-0.0073774196,0.00029443705,0.013348627,0.0,-0.0,-0.0
01.104,-0.0067665544,-0.006425081,-0.0013121385,-8.1258695e-06,8.55772e-06,1.6595092e-06
01.144,0.006672481,-0.00520335,-0.022692423,-0.0,-0.0,0.0
01.184,0.010948538,-0.021696713,-0.024525018,-0.0,-0.0,0.0
01.223,0.020722382,-0.011312002,-0.008031656,-0.0,-0.0,0.0
01.244,0.021944113,0.013122607,0.00785084,4.7107278e-05,-7.877707e-05,-2.8181601e-05
01.285,-0.017151264,0.0039596288,0.01823555,0.0,-0.0,-0.0
01.323,-0.0067665544,0.00762482,0.009683436,0.0,-0.0,-0.0
01.343,-0.014707803,0.0027378981,-0.0007012733,-0.0,0.0,0.0
01.383,-0.017762128,0.0009053023,-0.00497733,2.2437928e-06,4.4028802e-05,1.2337763e-05
01.423,0.0115594035,-0.005814215,-0.008642522,-0.0,-0.0,0.0
01.443,0.023165843,0.010679146,-9.040806e-05,0.0,-0.0,0.0
01.483,-0.0012687672,-0.013144598,0.006018244,-0.0,0.0,0.0
01.524,0.008505076,0.0051813587,0.006018244,8.092125e-06,-1.3283173e-05,-9.399174e-06
01.543,0.010948538,-0.012533734,-0.011085982,-0.0,-0.0,0.0
01.583,-0.0024904977,0.011290011,0.0029639183,0.0,-0.0,-0.0
01.623,-0.023870781,-0.013144598,0.005407379,-0.0,0.0,0.0
01.643,-0.0055448236,-0.008257676,-0.0074207913,-1.3754128e-05,9.23543e-06,1.236021e-05
01.681,-0.0031013628,0.0009053023,-0.017194636,-0.0,0.0,0.0
01.722,-0.022038186,-0.008257676,-9.040806e-05,-0.0,-0.0,0.0
01.743,-0.0031013628,-0.006425081,0.006018244,-0.0,0.0,0.0
01.784,0.026220169,-0.007035946,0.0005204572,-2.564171e-05,-9.555608e-05,-1.897966e-06
01.823,0.01950065,0.0082356855,-0.0013121385,0.0,-0.0,0.0
01.861,-0.022038186,-0.007035946,-0.0037555995,-0.0,-0.0,0.0
01.882,-0.02142732,-0.00092729344,0.0017421878,-0.0,0.0,0.0
01.923,-0.0153186675,-0.0015381586,0.007239975,-3.512026e-06,3.4979512e-05,-1.6532093e-05
01.944,-0.014096937,-0.0015381586,0.011516031,-0.0,0.0,0.0
01.984,0.021944113,-0.0039816196,-9.040806e-05,-0.0,-0.0,0.0
02.023,0.023776708,-0.013144598,-0.009253386,-0.0,-0.0,0.0
02.063,0.0054507502,0.0070139547,-0.009253386,0.0,-0.0,0.0
02.083,-0.011042611,-0.00092729344,-0.0037555995,-0.0,-0.0,0.0
02.124,-0.003712228,0.009457416,0.015181223,0.0,-0.0,-0.0
02.164,-4.7036625e-05,0.0021270327,0.015181223,0.0,-0.0,-0.0
02.184,-0.0012687672,-0.0015381586,0.00662911,-1.4291304e-06,1.1788414e-06,-6.1592373e-06
02.223,0.016446326,-0.014977193,-0.015362039,-0.0,-0.0,0.0
02.261,0.04271353,0.03572462,-0.0074207913,0.0,-0.0,0.0
02.282,-0.017151264,-0.007646811,-0.0025338691,-0.0,-0.0,0.0
02.322,-0.06296615,-0.007646811,0.007239975,-6.550452e-05,0.00053952384,-6.2017636e-05
02.362,0.0054507502,0.0082356855,0.00785084,-0.0,-0.0,0.0
02.382,0.004839885,-0.007646811,0.0023530528,-0.0,-0.0,-0.0
02.423,0.018278921,-0.004592485,0.007239975,-0.0,-0.0,-0.0
02.461,0.014002864,-0.008257676,-0.00497733,-0.0,-0.0,0.0
02.483,0.006061616,-0.011922868,-0.0055881953,-0.0,-0.0,0.0
02.523,0.01950065,-0.01436633,-0.018416364,-0.0,-0.0,0.0
02.561,0.0036181547,-0.00520335,-0.0007012733,-0.0,-0.0,0.0
02.602,-0.012264341,0.022285586,0.02312247,0.0,-0.0,-0.0
02.621,-0.029979434,0.0009053023,0.021289876,0.0,-0.0,-0.0
02.663,-0.0031013628,0.0015161675,-0.010475118,-0.0,0.0,0.0
02.701,-0.0073774196,-0.010701138,-0.024525018,-0.0,-0.0,0.0
02.722,-0.012264341,-0.0015381586,-0.015362039,-4.071257e-06,3.245638e-05,4.0654308e-05
02.761,-0.004323093,-0.004592485,0.010294301,-0.0,0.0,0.0
02.801,0.023776708,-0.00520335,0.0029639183,-0.0,-0.0,-0.0
02.821,0.026220169,0.0015161675,-0.0019230038,0.0,-0.0,0.0
02.861,-0.026314242,-0.004592485,0.008461705,-1.7269824e-05,9.896277e-05,-3.182189e-05
02.902,-0.017151264,-0.0027598892,0.00785084,-0.0,0.0,0.0
02.922,0.007894211,0.0051813587,0.0017421878,-0.0,-0.0,0.0
02.962,-4.7036625e-05,0.0015161675,0.0023530528,0.0,-0.0,-0.0
03.001,-0.003712228,-0.014977193,-0.0031447343,-0.0,-0.0,0.0
03.021,0.0115594035,0.0021270327,-0.0043664644,0.0,-0.0,0.0
03.061,0.006061616,0.0027378981,-0.011696848,0.0,-0.0,0.0
03.101,-0.023259915,0.0057922243,0.00662911,0.0,-0.0,-0.0
03.122,-0.019594725,-0.0039816196,0.012737762,-1.2668226e-05,6.235055e-05,-4.0531086e-05
03.161,0.018278921,0.010679146,0.017624684,-0.0,-0.0,0.0
03.202,-0.0049339584,-0.009479407,0.0011313224,-0.0,0.0,0.0
03.222,-0.00859915,-0.004592485,-0.0074207913,-0.0,-0.0,0.0
03.262,0.012781134,-0.014977193,-0.014751174,-4.9454447e-05,-4.2205178e-05,4.8708105e-05
03.301,0.021333246,-0.0015381586,-0.0043664644,-0.0,-0.0,0.0
03.323,0.012781134,0.0009053023,0.004796514,-0.0,-0.0,0.0
03.361,0.01583546,-0.008868542,0.010294301,-0.0,-0.0,-0.0
03.403,0.037215743,0.011290011,0.0005204572,-0.0,-0.0,0.0
03.441,0.0036181547,0.00029443705,-0.0068099257,0.0,-0.0,0.0
03.461,-0.014707803,0.0057922243,-0.0007012733,-0.0,0.0,0.0
03.502,-0.020816457,0.0082356855,0.0029639183,0.0,-0.0,-0.0
03.542,-0.017151264,0.0009053023,0.0017421878,0.0,-0.0,-0.0
03.561,-4.7036625e-05,0.0021270327,-0.0013121385,-0.0,0.0,0.0
03.602,0.015224594,0.016787797,0.017013818,-0.0,-0.0,0.0
03.641,0.0036181547,-0.023529308,-0.0043664644,-0.0,-0.0,0.0
03.662,0.026220169,0.012511741,-0.014751174,5.471972e-05,-0.00011466359,6.4512584e-05
03.701,-0.025703376,-0.019864116,-0.033077132,-0.0,-0.0,0.0
03.741,-0.03853155,0.0057922243,0.008461705,0.0,-0.0,-0.0
03.761,-0.029979434,-0.0027598892,0.015181223,-0.0,0.0,0.0
03.801,0.01583546,-0.00520335,0.011516031,-1.4149664e-05,-4.305969e-05,-3.1314787e-05
03.841,0.0274419,0.0009053023,-0.0074207913,0.0,-0.0,0.0
03.862,0.010948538,0.0057922243,-0.009253386,0.0,-0.0,0.0
03.901,-0.028757704,0.0045704935,0.00785084,0.0,-0.0,-0.0
03.943,-0.020816457,-0.0003164282,0.00662911,-0.0,0.0,0.0
03.960,-0.004323093,-0.002149024,0.0017421878,-0.0,0.0,0.0
04.000,0.018889787,-0.010090272,-0.010475118,-0.0,-0.0,0.0
04.042,0.010948538,-0.0033707544,-0.0055881953,-0.0,-0.0,0.0
04.061,-0.0018796324,-0.00520335,-0.011085982,-8.652828e-06,3.1256143e-06,1.8435208e-05
04.101,-0.0055448236,0.013122607,0.005407379,0.0,-0.0,-0.0
04.142,-0.015929533,0.011900877,0.024344202,0.0,-0.0,-0.0
04.181,-0.009210016,0.0027378981,0.017013818,0.0,-0.0,-0.0
04.201,0.0005638286,0.0033487633,0.0035747832,2.2161407e-06,-3.7313254e-07,-2.3657158e-06
04.241,0.0036181547,-0.0015381586,-0.012307713,-0.0,-0.0,0.0
04.282,-0.009820881,-0.013144598,-0.0061990605,-0.0,-0.0,0.0
04.301,-0.0055448236,-0.019864116,-0.0055881953,-0.0,-0.0,0.0
04.342,0.01461373,0.010068282,0.005407379,-0.0,-0.0,0.0
04.381,-0.0031013628,-0.007035946,0.004796514,-0.0,0.0,0.0
04.402,-0.0024904977,-0.002149024,0.0041856486,-0.0,0.0,0.0
04.441,0.0005638286,0.0057922243,0.0023530528,-0.0,-0.0,0.0
04.481,0.0005638286,-0.012533734,-0.025746748,-0.0,-0.0,0.0
04.501,0.016446326,0.00762482,-0.023303287,0.0,-0.0,0.0
04.541,-0.0012687672,-0.008868542,-0.013529444,-0.0,-0.0,0.0
04.582,-0.0024904977,0.0064030895,0.0121268965,0.0,-0.0,-0.0
04.601,0.0042290203,-0.0033707544,0.005407379,-3.4599168e-06,-4.340861e-06,-5.5504024e-06
04.644,-0.017151264,0.014344337,0.024344202,0.0,-0.0,-0.0
04.682,0.004839885,-0.0003164282,-9.040806e-05,-0.0,-0.0,0.0
04.702,0.024387574,-0.006425081,-0.025746748,-0.0,-0.0,0.0
04.742,-0.0012687672,-0.0033707544,-0.03552059,-1.61529e-05,6.0784555e-06,0.00017021186
04.782,-0.036088087,0.0027378981,0.004796514,0.0,-0.0,-0.0
04.803,-0.032422893,-0.0039816196,0.017624684,-0.0,0.0,0.0
04.842,0.029274495,0.0015161675,0.004796514,-0.0,-0.0,0.0
04.881,0.029885361,-0.006425081,-0.010475118,-0.0,-0.0,0.0
04.901,0.004839885,-0.00520335,-0.009253386,-0.0,-0.0,0.0
04.947,-0.02142732,0.0045704935,0.0011313224,0.0,-0.0,-0.0
04.981,-0.027535973,-0.007035946,0.0017421878,-0.0,0.0,0.0
05.021,-0.0428076,-0.008868542,0.009683436,-0.0,0.0,0.0
05.042,0.009115942,-0.002149024,-0.0013121385,-0.0,-0.0,0.0
05.081,0.036604878,0.0027378981,-9.040806e-05,0.0,-0.0,0.0
05.122,-4.7036625e-05,0.0033487633,-0.0043664644,-0.0,0.0,0.0
05.141,-0.016540397,-0.010701138,-0.0061990605,-2.9663233e-05,4.584862e-05,1.7184062e-05
05.181,-0.0024904977,-0.0039816196,-0.0025338691,-0.0,-0.0,0.0
05.221,0.017668055,0.0070139547,0.013959493,-0.0,-0.0,0.0
05.243,-0.0018796324,0.0015161675,0.0121268965,0.0,-0.0,-0.0
05.282,-0.0018796324,0.010068282,0.00662911,0.0,-0.0,-0.0
05.321,-0.018372994,-0.004592485,-0.0019230038,-0.0,-0.0,0.0
05.341,-0.0134860715,-0.008868542,-0.010475118,-0.0,-0.0,0.0
05.381,0.0115594035,0.0009053023,-0.009253386,0.0,-0.0,0.0
05.423,0.0005638286,-0.00092729344,0.0023530528,-0.0,-0.0,-0.0
05.441,-0.0031013628,0.0039596288,0.009683436,0.0,-0.0,-0.0
05.482,-0.012264341,0.013122607,0.015792089,0.0,-0.0,-0.0
05.522,-0.018372994,0.0015161675,0.006018244,0.0,-0.0,-0.0
05.542,-0.010431745,0.0015161675,0.0017421878,2.174246e-06,1.4959416e-05,-2.498363e-06
05.581,0.017668055,0.0015161675,-0.015972905,0.0,-0.0,0.0
05.621,0.0005638286,-0.0015381586,-0.0025338691,-0.0,-0.0,0.0
05.643,-4.7036625e-05,-0.013755464,-0.00497733,-0.0,-0.0,0.0
05.681,-0.014707803,0.019842125,0.026787663,9.704037e-05,7.192048e-05,-0.00013100551
05.722,-0.025703376,0.0082356855,0.011516031,0.0,-0.0,-0.0
05.741,-0.019594725,0.0009053023,-0.0074207913,-0.0,0.0,0.0
05.782,-0.01898386,-0.0015381586,-0.019027231,-0.0,-0.0,0.0
05.821,-0.00859915,-0.002149024,0.0017421878,-0.0,0.0,0.0
05.842,0.007894211,0.0009053023,0.008461705,-0.0,-0.0,0.0
05.881,0.023165843,0.0045704935,0.00785084,-0.0,-0.0,0.0
05.921,-0.0012687672,0.0064030895,0.0011313224,0.0,-0.0,-0.0
05.966,-0.023259915,-0.002149024,-0.0061990605,-0.0,-0.0,0.0
05.982,-0.017762128,-0.004592485,-0.0074207913,-0.0,-0.0,0.0
06.022,0.0054507502,0.014955203,-0.0007012733,0.0,-0.0,0.0
06.063,0.01461373,-0.013144598,-0.0019230038,-0.0,-0.0,0.0
06.083,0.036604878,-0.0003164282,-0.0031447343,-1.5589974e-06,-0.00018050903,1.5507434e-05
06.123,0.016446326,-0.007646811,-0.0019230038,-0.0,-0.0,0.0
06.162,-0.0055448236,0.0064030895,-0.0031447343,-0.0,0.0,0.0
06.181,-0.012264341,0.0015161675,-0.0007012733,-0.0,0.0,0.0
06.226,0.009115942,0.0051813587,0.0005204572,-0.0,-0.0,0.0
06.265,0.010948538,0.026561642,0.023733336,-0.0,-0.0,0.0
06.281,-0.069685675,-0.01680979,0.011516031,-0.0,0.0,0.0
06.321,-0.0428076,-0.011312002,0.006018244,-0.0,0.0,0.0
06.361,0.044546127,-0.007646811,-0.012307713,-0.0,-0.0,0.0
06.381,0.048211318,-0.026583634,-0.014140309,-0.0,-0.0,0.0
06.420,0.07631112,-0.007646811,-0.010475118,-0.0,-0.0,0.0
06.460,0.01583546,0.0015161675,-0.0037555995,0.0,-0.0,0.0
06.482,-0.024481645,0.00029443705,-0.0007012733,9.678542e-07,8.048219e-05,2.3053622e-06
06.521,-0.04586193,-0.0027598892,-0.0013121385,-0.0,-0.0,0.0
06.561,-0.0134860715,0.011290011,0.006018244,0.0,-0.0,-0.0
06.581,-0.0024904977,0.0015161675,0.008461705,0.0,-0.0,-0.0
06.621,0.028052764,-0.0015381586,0.0023530528,-5.820906e-06,-0.00010615239,-8.904324e-06
06.662,0.023165843,-0.017420655,-0.008031656,-0.0,-0.0,0.0
06.682,0.0274419,-0.0033707544,-0.012918578,-0.0,-0.0,0.0
06.721,-0.00859915,-0.010090272,0.0029639183,-0.0,0.0,0.0
06.760,-0.019594725,-0.007035946,-0.008642522,-0.0,-0.0,0.0
06.801,-0.0153186675,-0.0027598892,-0.021470692,-0.0,-0.0,0.0
06.820,-0.022038186,-0.0039816196,-0.009864252,-0.0,-0.0,0.0
06.862,0.009115942,-0.011922868,0.004796514,-0.0,-0.0,-0.0
06.902,0.06287208,-0.009479407,-0.008642522,-0.0,-0.0,0.0
06.922,0.0555417,0.015566069,-0.0037555995,0.0,-0.0,0.0
06.962,-0.024481645,-0.010701138,0.0023530528,-0.0,0.0,0.0
07.004,-0.026314242,0.0015161675,0.015792089,0.0,-0.0,-0.0
07.022,-0.026925107,0.008846551,0.013348627,3.720014e-05,0.00011321058,-5.612889e-05
07.062,-0.0031013628,0.010068282,0.00662911,0.0,-0.0,-0.0
07.103,0.040880937,-0.01436633,-0.019027231,-0.0,-0.0,0.0
07.123,0.031717956,0.008846551,-0.0068099257,0.0,-0.0,0.0
07.162,-0.017151264,-0.002149024,0.0029639183,-0.0,0.0,0.0
07.202,-0.022038186,0.013733473,0.016402954,0.0,-0.0,-0.0
07.223,-0.00859915,0.010679146,0.019457279,0.0,-0.0,-0.0
07.263,0.006061616,0.0021270327,0.013348627,-0.0,-0.0,0.0
07.303,0.016446326,0.0009053023,-0.0037555995,0.0,-0.0,0.0
07.323,0.016446326,0.018009529,-0.0019230038,0.0,-0.0,0.0
07.363,-0.022038186,-0.005814215,0.0029639183,-0.0,0.0,0.0
07.404,-0.012875207,0.0033487633,0.009683436,0.0,-0.0,-0.0
07.422,-0.0018796324,0.008846551,0.0041856486,1.1832854e-05,2.5140992e-06,-5.5985965e-06
07.462,-0.0018796324,0.017398665,0.0121268965,0.0,-0.0,-0.0
07.501,-0.015929533,-0.007035946,0.010905167,-0.0,0.0,0.0
07.522,0.0042290203,0.00029443705,-9.040806e-05,0.0,-0.0,0.0
07.562,0.006061616,0.0051813587,-0.0031447343,0.0,-0.0,0.0
07.603,-0.004323093,-0.007035946,-0.010475118,-0.0,-0.0,0.0
07.623,0.0054507502,0.0015161675,-0.0068099257,0.0,-0.0,0.0
07.662,-0.00065790187,-0.011312002,-0.010475118,-0.0,-0.0,0.0
07.703,-0.0049339584,0.013122607,0.017624684,0.0,-0.0,-0.0
07.742,-4.7036625e-05,-0.006425081,-0.013529444,-0.0,-0.0,0.0
07.766,0.0023964243,-0.00520335,-0.025135884,-0.0,-0.0,0.0
07.804,-0.012264341,-0.011922868,-0.021470692,-0.0,-0.0,0.0
07.843,-0.0024904977,-0.0003164282,0.0041856486,-0.0,0.0,0.0
07.862,0.010948538,0.00029443705,0.009683436,-0.0,-0.0,0.0
07.903,0.088528425,0.12124576,0.015181223,-0.0,-0.0,0.0
07.942,-0.16620238,-0.07484199,-0.009864252,-0.0,-0.0,0.0
07.962,-0.14726557,-0.060181223,-0.0043664644,-0.0012855533,0.0031453639,9.528479e-05
08.002,0.084252365,0.03938981,0.0041856486,-0.0,-0.0,0.0
08.041,0.03232882,-0.022918442,-0.0037555995,-0.0,-0.0,0.0
08.062,0.03538315,-0.004592485,0.010905167,-0.0,-0.0,-0.0
08.101,0.026220169,-0.00520335,-0.009864252,-0.0,-0.0,0.0
08.141,-0.044029336,-0.008257676,-0.013529444,-0.0,-0.0,0.0
08.162,-0.04586193,-0.010090272,-0.02024896,-0.0,-0.0,0.0
08.202,-0.018372994,0.018009529,0.009072571,0.0,-0.0,-0.0
08.242,0.006672481,0.0070139547,0.02067901,-0.0,-0.0,0.0
08.261,0.01461373,0.022896452,0.031674586,-0.0,-0.0,0.0
08.303,0.0097268075,-0.0039816196,0.0023530528,-0.0,-0.0,-0.0
08.343,0.006061616,-0.008257676,-0.018416364,-0.0,-0.0,0.0
08.363,0.006672481,-0.0033707544,-0.022692423,-1.0808324e-05,-2.1397245e-05,7.276838e-05
08.404,0.004839885,-0.002149024,-0.016583769,-0.0,-0.0,0.0
08.443,-0.011653476,0.0033487633,0.0035747832,0.0,-0.0,-0.0
08.464,-0.012875207,0.0015161675,0.013348627,0.0,-0.0,-0.0
08.502,-0.011653476,0.012511741,0.022511607,0.0,-0.0,-0.0
08.544,0.0011746938,0.0021270327,-0.0037555995,0.0,-0.0,0.0
08.583,0.007894211,-0.00092729344,-0.012307713,-0.0,-0.0,0.0
08.603,0.007894211,0.0027378981,-0.015362039,0.0,-0.0,0.0
08.642,0.0023964243,0.0051813587,-0.0037555995,0.0,-0.0,0.0
08.684,-0.0067665544,0.00762482,0.013959493,0.0,-0.0,-0.0
08.703,-0.017762128,0.017398665,0.031674586,0.0,-0.0,-0.0
08.743,-0.0049339584,-0.00520335,-0.0019230038,-0.0,-0.0,0.0
08.783,0.010337672,-0.012533734,-0.041018378,-0.0,-0.0,0.0
08.802,-0.0055448236,-0.0027598892,-0.032466266,-0.0,-0.0,0.0
08.842,-0.0134860715,-0.002149024,0.0017421878,-0.0,0.0,0.0
08.882,0.07570025,0.09803288,0.03717237,-0.0,-0.0,0.0
08.903,-0.09228769,-0.087670155,0.009072571,-0.0015014283,0.0015807517,-0.00015420161
08.941,-0.0073774196,0.0021270327,-0.0025338691,-0.0,0.0,0.0
08.981,0.05798516,0.0057922243,-0.016583769,0.0,-0.0,0.0
09.002,-0.00859915,-0.027805364,-0.012307713,-0.0,-0.0,0.0
09.041,0.037826605,0.010679146,0.0011313224,-0.0,-0.0,0.0
09.082,-0.00065790187,-0.010701138,0.0041856486,-0.0,0.0,0.0
09.101,-0.007988284,0.0015161675,-0.0037555995,-0.0,0.0,0.0
09.142,-0.03547722,-0.006425081,-0.011085982,-0.0,-0.0,0.0
09.181,-0.031812027,0.010068282,-0.0055881953,-0.0,0.0,0.0
09.203,-0.014707803,0.009457416,0.0035747832,0.0,-0.0,-0.0
09.242,0.025609305,0.021063857,0.029231124,-0.0,-0.0,0.0
09.281,0.037826605,0.048552793,0.026787663,-0.0,-0.0,0.0
09.323,-0.029368568,0.010068282,0.0017421878,0.0,-0.0,-0.0
09.342,-0.03792068,0.054661445,0.0029639183,0.0,-0.0,-0.0
09.382,-0.04708366,0.14934555,0.03717237,0.0,-0.0,-0.0
09.424,-0.09045509,0.2085995,0.08359813,0.0067853066,0.0029313345,-0.0027276264
09.444,-0.15948287,0.21226467,0.12758043,0.0,-0.0,-0.0
09.482,-0.20407604,0.17500189,0.13185649,0.0,-0.0,-0.0
09.522,-0.17719795,0.05832663,0.07504602,0.0,-0.0,-0.0
09.543,-0.12099835,0.04000068,0.028009394,0.0,-0.0,-0.0
09.583,-0.0305903,-0.02963796,-0.032466266,-0.0,-0.0,0.0
09.624,0.06898074,0.013122607,-0.030022804,0.0,-0.0,0.0
09.642,0.09585881,0.02045299,-0.015362039,0.0,-0.0,0.0
09.683,0.056763433,-0.036968343,-0.036742322,-0.0,-0.0,0.0
09.723,-0.007988284,-0.017420655,-0.014751174,-0.0,-0.0,0.0
09.770,-0.028146837,-0.017420655,-0.02024896,-0.0,-0.0,0.0
09.784,-0.0018796324,-0.07362025,-0.048959628,-0.0,-0.0,0.0
09.822,-0.029979434,0.021063857,-0.02941194,-0.0,0.0,0.0
09.842,-0.18758267,-0.04246613,-0.022081556,-0.0011047104,0.0048732283,0.0005763896
09.882,-0.028757704,-0.054683432,-0.0013121385,-0.0,-0.0,0.0
09.922,0.19787331,0.013122607,0.008461705,-0.0,-0.0,0.0
09.941,0.12884554,-0.048574783,0.0011313224,-0.0,-0.0,-0.0
09.982,0.0555417,-0.061402954,-0.0037555995,-0.0,-0.0,0.0
10.021,0.012781134,-0.040633533,-0.008031656,-0.0,-0.0,0.0
10.061,-0.048916254,-0.034524884,-0.0068099257,-0.0,-0.0,0.0
10.081,-0.04586193,-0.048574783,-0.0037555995,-0.0,-0.0,0.0
10.121,-0.014096937,-0.026583634,-0.0007012733,-0.0,-0.0,0.0
10.161,0.0072833463,-0.038800936,0.005407379,-0.0,-0.0,-0.0
10.180,0.031717956,-0.039411806,0.0017421878,-0.0,-0.0,-0.0
10.221,0.048211318,-0.024140174,0.011516031,-0.0,-0.0,-0.0
10.261,0.040880937,-0.035135746,0.0029639183,-0.0,-0.0,-0.0
10.282,0.035994016,-0.022918442,-0.0025338691,-0.0,-0.0,0.0
10.321,0.0042290203,-0.006425081,-0.00497733,-0.0,-0.0,0.0
10.361,-0.023259915,0.010068282,0.010905167,3.728783e-05,8.613822e-05,-4.0386953e-05
10.381,-0.03853155,-0.0033707544,0.016402954,-0.0,0.0,0.0
10.421,-0.0305903,0.00029443705,0.016402954,0.0,-0.0,-0.0
10.461,0.033550553,-0.007035946,-0.0074207913,-0.0,-0.0,0.0
10.480,0.05187651,-0.01436633,-0.014751174,-0.0,-0.0,0.0
10.521,0.046989586,-0.026583634,-0.023914153,-0.0,-0.0,0.0
10.561,0.036604878,-0.029027093,-0.022692423,-0.0,-0.0,0.0
10.581,0.025609305,-0.039411806,-0.016583769,-0.0,-0.0,0.0
10.621,0.044546127,0.13773912,-0.0013121385,0.0,-0.0,0.0
10.660,-0.16070458,-0.06812247,0.004796514,-0.0,0.0,0.0
10.680,-0.15826114,-0.06079209,0.006018244,-0.0,0.0,0.0
10.720,0.09341534,0.04122241,-0.0025338691,0.0,-0.0,0.0
10.761,0.15816706,-0.012533734,-0.025135884,-0.0,-0.0,0.0
10.781,0.11601736,-0.010090272,-0.025135884,-0.0001609672,-0.0018551084,0.0004017646
10.821,0.015224594,-0.01436633,-9.040806e-05,-0.0,-0.0,0.0
10.860,-0.018372994,-0.0003164282,-9.040806e-05,-0.0,-0.0,0.0
10.901,-0.0049339584,0.014344337,-0.014751174,4.073622e-05,1.4012811e-05,4.1891602e-05
10.921,-4.7036625e-05,0.0027378981,-0.010475118,-0.0,0.0,0.0
10.961,0.024387574,0.027783373,0.0121268965,-0.0,-0.0,0.0
11.002,0.0115594035,-0.008868542,0.011516031,-0.0,-0.0,-0.0
11.022,0.023776708,-0.01925325,-0.0019230038,-0.0,-0.0,0.0
11.062,0.035994016,-0.00092729344,-0.011085982,-0.0,-0.0,0.0
11.102,0.025609305,-0.019864116,-0.027579343,-0.0,-0.0,0.0
11.122,-0.028757704,0.08092865,0.015181223,0.0,-0.0,-0.0
11.162,-0.0709074,0.010068282,0.018846415,0.0,-0.0,-0.0
11.201,-0.025703376,0.010679146,0.031674586,0.0,-0.0,-0.0
11.221,0.0054507502,0.016787797,0.02984199,-0.0,-0.0,0.0
11.261,0.0555417,-0.007035946,0.0017421878,-0.0,-0.0,-0.0
11.301,0.056763433,-0.01925325,-0.019638095,-0.00016295144,-0.00048055322,0.00016621019
11.326,0.032939687,0.0070139547,-0.008642522,0.0,-0.0,0.0
11.363,0.0072833463,-0.0003164282,0.0029639183,-0.0,-0.0,-0.0
11.401,-0.018372994,0.0045704935,0.013348627,0.0,-0.0,-0.0
11.421,-0.04219674,0.00029443705,0.011516031,0.0,-0.0,-0.0
11.460,-0.01898386,0.028394237,-0.0019230038,-0.0,0.0,0.0
11.500,-0.024481645,0.015566069,-0.030633671,-0.0,0.0,0.0
11.520,-0.019594725,0.00762482,-0.04224011,-0.0,0.0,0.0
11.560,0.0011746938,0.015566069,-0.016583769,0.0,-0.0,0.0
11.601,0.0133919995,-0.01925325,-0.0007012733,-0.0,-0.0,0.0
11.621,0.02866363,0.014344337,0.015181223,-0.0,-0.0,0.0
11.661,-0.03853155,0.0021270327,0.027398527,0.0,-0.0,-0.0
11.703,-0.0586901,-0.005814215,0.009683436,-0.0,0.0,0.0
11.722,-0.04830539,-0.027194498,-0.0061990605,-0.00020360165,0.00036163648,4.6446454e-05
11.762,0.016446326,-0.04552046,-0.03979665,-0.0,-0.0,0.0
11.802,0.046989586,-0.026583634,0.010294301,-0.0,-0.0,-0.0
11.842,0.059206896,-0.00092729344,0.0542766,-1.0183878e-05,-0.00063830457,-0.00058515737
11.862,0.040270068,-0.0039816196,0.0542766,-0.0,-0.0,-0.0
11.902,0.0017855591,-0.00092729344,0.031674586,-0.0,-0.0,-0.0
11.943,-0.051970582,0.013122607,0.0005204572,0.0,-0.0,-0.0
11.963,-0.0709074,0.016176933,-0.009864252,-0.0,0.0,0.0
12.002,-0.06479875,0.012511741,-0.028190209,-0.0,0.0,0.0
12.041,-0.01898386,-0.00520335,-0.02024896,-0.0,-0.0,0.0
12.062,0.0274419,-0.007646811,-0.03552059,-0.0,-0.0,0.0
12.102,0.053709105,0.019842125,-0.018416364,0.0,-0.0,0.0
12.142,-0.0031013628,0.0070139547,0.006018244,0.0,-0.0,-0.0
12.162,-0.039142415,0.016176933,0.029231124,0.0,-0.0,-0.0
12.203,-0.03425549,0.0027378981,0.03350718,0.0,-0.0,-0.0
12.243,0.0030072897,0.0057922243,0.011516031,1.0290474e-05,-5.342889e-06,-2.0459478e-05
12.264,-0.0018796324,-0.01436633,-0.0025338691,-0.0,-0.0,0.0
12.302,0.023165843,-0.017420655,-0.011085982,-0.0,-0.0,0.0
12.343,0.024998438,0.008846551,-0.0055881953,0.0,-0.0,0.0
12.362,0.0017855591,-0.012533734,-0.00497733,-0.0,-0.0,0.0
12.401,-0.020205589,0.014955203,0.00662911,0.0,-0.0,-0.0
12.442,-0.03425549,-0.008868542,-0.0037555995,-0.0,-0.0,0.0
12.462,-0.00065790187,0.0039596288,-0.0068099257,-0.0,0.0,0.0
12.503,-0.003712228,0.013122607,0.009683436,0.0,-0.0,-0.0
12.542,-0.023259915,-0.0003164282,0.015181223,-0.0,0.0,0.0
12.562,-0.007988284,-0.013144598,0.0017421878,-0.0,0.0,0.0
12.602,0.028052764,-0.013755464,-0.028801074,-0.0,-0.0,0.0
12.643,0.010948538,0.013122607,0.017013818,-0.0,-0.0,0.0
12.685,-0.011653476,-0.00092729344,0.021289876,-0.0,0.0,0.0
12.703,-0.0049339584,0.00029443705,0.004796514,0.0,-0.0,-0.0
12.742,-0.017762128,-0.008868542,-0.02696848,-0.0,-0.0,0.0
12.782,-0.023259915,0.00762482,-0.0055881953,2.5693937e-05,7.838321e-05,1.88305e-05
12.802,-0.028146837,0.010679146,0.007239975,0.0,-0.0,-0.0
12.842,0.016446326,-0.0039816196,-0.008031656,-0.0,-0.0,0.0
12.871,0.04760045,-0.00092729344,-0.016583769,-0.0,-0.0,0.0
12.903,0.026831035,0.0009053023,-0.0019230038,0.0,-0.0,0.0
12.948,-0.03303376,0.011900877,0.053054865,0.0,-0.0,-0.0
12.985,-0.0305903,0.012511741,0.051833138,0.0,-0.0,-0.0
13.001,-0.0031013628,0.014344337,0.03228545,0.0,-0.0,-0.0
13.041,0.008505076,0.0033487633,-0.038574915,0.0,-0.0,0.0
13.082,0.0115594035,-0.00092729344,-0.06911818,-0.0,-0.0,0.0
13.103,0.017668055,0.0021270327,-0.061787795,0.0,-0.0,0.0
13.141,0.0011746938,0.0082356855,0.0029639183,-0.0,-0.0,0.0
13.182,0.04393526,0.03572462,0.051222272,0.00036599432,-0.00045035273,-0.0005248529
13.202,0.052487373,0.032059427,0.046946216,-0.0,-0.0,0.0
13.243,-0.003712228,-0.0039816196,0.00662911,-0.0,0.0,0.0
13.285,-0.046472795,-0.010701138,-0.015972905,-0.0,-0.0,0.0
13.301,-0.03792068,0.009457416,-0.015362039,-0.0,0.0,0.0
13.343,0.028052764,-0.00092729344,-0.014140309,-0.0,-0.0,0.0
13.382,0.08180891,-0.002149024,-0.016583769,-0.0,-0.0,0.0
13.402,0.056763433,-0.011312002,-0.015972905,-0.0,-0.0,0.0
13.442,-0.0067665544,-0.013144598,-0.02696848,-0.0,-0.0,0.0
13.483,0.0011746938,-0.0033707544,-0.041018378,-0.0,-0.0,0.0
13.522,0.0072833463,-0.013144598,-0.024525018,-0.0,-0.0,0.0
13.543,0.035994016,0.009457416,-0.015362039,0.0,-0.0,0.0
13.585,0.050654776,0.0021270327,-0.013529444,0.0,-0.0,0.0
13.623,0.040880937,0.0015161675,-0.019027231,0.0,-0.0,0.0
13.643,0.012170268,-0.0033707544,-0.012307713,-0.0,-0.0,0.0
13.683,0.009115942,-0.015588059,-0.024525018,-0.0,-0.0,0.0
13.706,-0.1167223,0.1151371,0.011516031,0.0,-0.0,-0.0
13.741,-0.24378227,0.042444136,-0.031244535,-0.0,0.0,0.0
13.781,-0.1570394,0.011290011,-0.048959628,-0.0,0.0,0.0
13.824,0.01583546,-0.120656885,-0.015972905,-0.0,-0.0,0.0
13.841,0.18321253,0.06748962,-0.019027231,0.0,-0.0,0.0
13.882,0.28461617,0.07543086,-0.022692423,0.0,-0.0,0.0
13.923,0.14656062,0.0064030895,0.05794179,-0.0,-0.0,0.0
13.941,0.0274419,-0.017420655,0.046946216,-0.0,-0.0,-0.0
13.980,-0.10694846,0.018620394,0.030452855,0.0,-0.0,-0.0
14.022,-0.20957382,0.0027378981,-0.012307713,-0.0,0.0,0.0
14.043,-0.20529775,-0.008257676,-0.024525018,-0.0,-0.0,0.0
14.081,-0.075794324,-0.010701138,-0.028801074,-0.0,-0.0,0.0
14.121,0.060428623,-0.013144598,0.004796514,-0.000109439985,-0.00050307135,-3.9958926e-05
14.160,0.107465245,0.010068282,0.059163522,-0.0,-0.0,0.0
14.181,0.09036102,0.018620394,0.06466131,-0.0,-0.0,0.0
14.221,0.0017855591,-0.010090272,0.021900741,-0.0,-0.0,-0.0
14.242,-0.032422893,-0.012533734,-0.011696848,-0.0,-0.0,0.0
14.283,-0.080070384,-0.01436633,-0.05018136,-0.0,-0.0,0.0
14.323,-0.048916254,-0.01680979,-0.034909725,-0.0,-0.0,0.0
14.343,-0.0055448236,-0.014977193,-0.014751174,-0.0,-0.0,0.0
14.380,0.17038436,0.08337211,0.0402267,-0.0,-0.0,0.0
14.422,-0.24683659,-0.13043073,0.026787663,-0.0,0.0,0.0
14.461,0.042102665,0.043055005,0.01823555,-0.0,-0.0,0.0
14.483,0.15389101,0.07604173,0.0041856486,-0.0,-0.0,0.0
14.520,0.0072833463,-0.038800936,-0.038574915,-0.00028743723,-5.399753e-05,0.0002857628
14.560,0.0036181547,0.008846551,-0.0068099257,0.0,-0.0,0.0
14.580,0.0005638286,-0.006425081,-0.00497733,-0.0,-0.0,0.0
14.620,-0.024481645,-0.014977193,0.00662911,-0.0,0.0,0.0
14.661,0.023776708,0.023507316,-9.040806e-05,0.00010549203,-0.00010670091,4.1134547e-07
14.680,0.018278921,0.0051813587,-9.040806e-05,0.0,-0.0,0.0
14.721,0.010337672,-0.017420655,-0.020859826,-0.0,-0.0,0.0
14.760,0.014002864,-0.010701138,-0.037353188,-0.0,-0.0,0.0
14.781,-0.0024904977,-0.007646811,-0.02941194,-0.0,-0.0,0.0
14.820,-0.009210016,0.0057922243,-0.0025338691,-0.0,0.0,0.0
14.861,0.0072833463,-0.007035946,0.0035747832,-0.0,-0.0,-0.0
14.881,0.021944113,-0.0039816196,-0.0025338691,-0.0,-0.0,0.0
14.922,0.06103949,0.013733473,-0.023303287,0.0,-0.0,0.0
14.962,0.025609305,0.0039596288,-0.028801074,0.0,-0.0,0.0
15.002,0.040880937,0.016787797,-0.032466266,0.0,-0.0,0.0
15.021,0.053709105,0.016176933,-0.04346184,0.0,-0.0,0.0
15.060,0.07631112,0.013733473,-0.07644856,0.0002013247,-0.0011151021,0.0011173353
15.083,0.06714814,-0.008257676,-0.07156164,-0.0,-0.0,0.0
15.121,0.036604878,-0.008868542,-0.085611545,-0.0,-0.0,0.0
15.161,0.053709105,0.011900877,-0.084389806,0.0,-0.0,0.0
15.202,0.066537276,0.009457416,-0.0898876,0.00014313757,-0.0010021679,0.0013540671
15.221,0.050043914,-0.002149024,-0.06728558,-0.0,-0.0,0.0
15.262,0.067759,-0.00092729344,-0.06484213,-0.0,-0.0,0.0
15.302,0.07997631,-0.0003164282,-0.059955202,-0.0,-0.0,0.0
15.323,0.08303064,-0.00520335,-0.059955202,-0.0,-0.0,0.0
15.362,-0.1148897,0.072376534,0.0023530528,0.0,-0.0,-0.0
15.401,-0.0709074,0.013733473,-0.0178055,-0.0,0.0,0.0
15.422,0.029274495,0.008846551,-0.011696848,0.0,-0.0,0.0
15.462,0.042102665,-0.011922868,0.009072571,-0.0,-0.0,-0.0
15.501,0.07570025,0.02045299,0.035950642,-0.0,-0.0,0.0
15.523,0.06592641,0.0064030895,0.027398527,-0.0,-0.0,0.0
15.564,0.012781134,-0.008868542,0.004796514,-0.0,-0.0,-0.0
15.604,-0.02142732,0.00029443705,-0.008031656,9.035724e-07,6.581555e-05,2.4669771e-05
15.624,-0.039142415,-0.0003164282,-0.00497733,-0.0,-0.0,0.0
15.662,-0.061744425,-0.021696713,0.0035747832,-0.0,0.0,0.0
15.704,-0.009210016,0.012511741,0.020068146,0.0,-0.0,-0.0
15.723,0.012781134,0.0057922243,0.015181223,-0.0,-0.0,0.0
15.762,0.0573743,0.0082356855,-0.012307713,0.0,-0.0,0.0
15.803,0.023776708,-0.004592485,-0.025746748,-0.0,-0.0,0.0
15.821,0.0017855591,-0.01803152,-0.023303287,-0.0,-0.0,0.0
15.862,0.012781134,-0.016198926,-0.023303287,-0.0,-0.0,0.0
15.901,-0.017151264,0.04977452,0.0121268965,0.0,-0.0,-0.0
15.924,-0.10694846,-0.057126895,0.01823555,-0.0,0.0,0.0
15.963,-0.03303376,-0.0015381586,0.02312247,-0.0,0.0,0.0
16.002,0.024387574,0.0051813587,0.012737762,1.9467954e-05,-9.164238e-05,-4.786418e-05
16.042,0.059206896,0.0015161675,0.009072571,-0.0,-0.0,0.0
16.063,0.05187651,0.0039596288,0.015181223,-0.0,-0.0,0.0
16.102,0.03538315,-0.00520335,-0.0074207913,-0.0,-0.0,0.0
16.142,-0.004323093,-0.002149024,-0.0043664644,-1.8775853e-06,3.7770342e-06,3.8149346e-06
16.162,-0.03303376,-0.011312002,-0.00497733,-0.0,-0.0,0.0
16.202,-0.048916254,-0.00092729344,0.0023530528,-0.0,0.0,0.0
16.242,0.01461373,0.013733473,0.015181223,-0.0,-0.0,0.0
16.262,0.021333246,0.0009053023,0.018846415,-0.0,-0.0,0.0
16.302,0.02866363,0.0015161675,0.011516031,-0.0,-0.0,0.0
16.342,0.0042290203,0.0027378981,0.012737762,-0.0,-0.0,0.0
16.362,-0.012875207,-0.009479407,0.00785084,-0.0,0.0,0.0
16.403,-0.031812027,-0.004592485,-0.0013121385,-1.9828813e-05,0.00013735093,5.666625e-06
16.442,-0.020816457,-0.011922868,-0.0074207913,-0.0,-0.0,0.0
16.463,-0.0061556892,-0.00092729344,-9.040806e-05,-0.0,-0.0,0.0
16.502,0.010337672,0.0027378981,0.011516031,-0.0,-0.0,0.0
16.542,0.0017855591,-0.0015381586,0.010294301,-2.1802393e-06,-2.5308757e-06,-1.4591377e-05
16.563,-0.00065790187,0.0021270327,0.008461705,0.0,-0.0,-0.0
16.602,-0.007988284,-0.011312002,-0.0025338691,-0.0,-0.0,0.0
16.644,-0.012264341,-0.015588059,-0.0068099257,-0.0,-0.0,0.0
16.663,-0.012264341,0.0039596288,-0.0037555995,-0.0,0.0,0.0
16.703,0.0042290203,-0.002149024,-0.0025338691,-0.0,-0.0,0.0
16.742,-0.0012687672,-0.007035946,0.0041856486,-0.0,0.0,0.0
16.764,0.010337672,-0.0033707544,-0.0055881953,-0.0,-0.0,0.0
16.803,-0.012875207,-0.01680979,-0.019027231,-0.0,-0.0,0.0
16.844,-0.018372994,-0.007646811,-0.0007012733,-0.0,-0.0,0.0
16.867,-0.004323093,-0.005814215,0.0041856486,-0.0,0.0,0.0
16.903,0.006672481,0.0009053023,0.0017421878,-0.0,-0.0,0.0
16.943,0.0030072897,-0.007646811,0.0011313224,-8.512875e-06,-3.3478836e-06,-1.2594678e-06
16.988,-0.023870781,0.0015161675,0.004796514,0.0,-0.0,-0.0
17.004,-0.028146837,0.0027378981,0.008461705,0.0,-0.0,-0.0
17.048,0.0011746938,0.0027378981,0.0041856486,-0.0,-0.0,0.0
17.066,0.012170268,-0.00520335,-0.0007012733,-0.0,-0.0,0.0
17.105,0.025609305,-0.0039816196,-0.0055881953,-0.0,-0.0,0.0
17.143,0.0072833463,-0.004592485,-0.0068099257,-0.0,-0.0,0.0
17.183,-0.014707803,0.0027378981,-0.0061990605,-0.0,0.0,0.0
17.204,-0.020816457,0.0015161675,-9.040806e-05,-0.0,0.0,0.0
17.245,-0.011042611,0.0021270327,0.017013818,0.0,-0.0,-0.0
17.283,0.009115942,0.0039596288,0.01823555,-0.0,-0.0,0.0
17.303,-0.00065790187,0.0021270327,0.014570358,0.0,-0.0,-0.0
17.342,-0.0055448236,0.0021270327,-0.0019230038,1.7821045e-06,4.6456635e-06,1.611161e-06
17.383,-0.0049339584,-0.013144598,-0.015362039,-0.0,-0.0,0.0
17.403,-0.0031013628,0.0039596288,-0.009864252,-0.0,0.0,0.0
17.443,0.006672481,0.011290011,-9.040806e-05,0.0,-0.0,0.0
17.484,-0.00065790187,-0.007035946,-0.0007012733,-6.7061483e-06,6.270617e-07,6.684045e-07
17.504,0.006061616,0.014955203,0.0029639183,-0.0,-0.0,0.0
17.543,-0.00859915,0.0064030895,0.009072571,0.0,-0.0,-0.0
17.585,-0.009820881,-0.0039816196,-9.040806e-05,-0.0,-0.0,0.0
17.602,-0.00065790187,0.0057922243,-0.00497733,-0.0,0.0,0.0
17.643,-0.0012687672,0.0015161675,-0.0068099257,-0.0,0.0,0.0
17.682,-0.0031013628,0.0064030895,0.0023530528,0.0,-0.0,-0.0
17.724,0.015224594,-0.005814215,-0.008642522,-0.0,-0.0,0.0
17.743,0.01705719,0.012511741,0.00785084,-0.0,-0.0,0.0
17.785,-0.0067665544,0.0039596288,0.011516031,0.0,-0.0,-0.0
17.824,0.006061616,-0.005814215,-0.0178055,-0.0,-0.0,0.0
17.846,-4.7036625e-05,-0.008868542,-0.031244535,-0.0,-0.0,0.0
17.882,-0.036088087,-0.007646811,-0.00497733,-3.8206075e-05,0.00018029734,2.4870425e-05
17.904,-0.026925107,0.0039596288,0.009072571,0.0,-0.0,-0.0
17.942,0.017668055,-0.008257676,0.0035747832,-0.0,-0.0,-0.0
17.984,0.053709105,-0.006425081,-0.018416364,-0.0,-0.0,0.0
18.023,0.01950065,0.022896452,0.0011313224,9.248959e-05,-7.877271e-05,-4.566312e-06
18.043,-0.015929533,0.009457416,0.00785084,0.0,-0.0,-0.0
18.089,-0.037309818,-0.0033707544,0.017624684,-0.0,0.0,0.0
18.122,-0.019594725,-0.007646811,0.00662911,-0.0,0.0,0.0
18.143,-0.0073774196,-0.011922868,-0.009864252,-0.0,-0.0,0.0
18.182,-4.7036625e-05,-0.012533734,-0.0074207913,-0.0,-0.0,0.0
18.223,-0.014096937,0.0027378981,-0.0031447343,-0.0,0.0,0.0
18.243,-0.017762128,0.0021270327,0.006018244,0.0,-0.0,-0.0
18.285,-0.004323093,0.0082356855,0.012737762,1.7434444e-05,9.151426e-06,-2.6964954e-05
18.324,0.0133919995,-0.0003164282,0.009072571,-0.0,-0.0,-0.0
18.344,0.01583546,-0.0015381586,0.0017421878,-0.0,-0.0,-0.0
18.383,0.021944113,0.0021270327,-0.012918578,0.0,-0.0,0.0
18.426,-0.0049339584,-0.012533734,-0.012918578,-3.139691e-05,1.2358942e-05,3.236093e-05
18.444,-0.010431745,0.00029443705,-0.0037555995,-0.0,0.0,0.0
18.483,-0.014096937,0.0064030895,0.008461705,0.0,-0.0,-0.0
18.524,-0.019594725,0.0033487633,0.013959493,0.0,-0.0,-0.0
18.543,-0.0067665544,0.0009053023,0.007239975,0.0,-0.0,-0.0
18.585,0.018278921,-0.011312002,-0.013529444,-0.0,-0.0,0.0
18.623,0.040880937,0.0039596288,-0.019027231,0.0,-0.0,0.0
18.664,-0.003712228,-0.013144598,0.0029639183,-0.0,0.0,0.0
18.685,-0.019594725,0.008846551,0.020068146,3.4923287e-05,7.734539e-05,-7.921687e-05
18.723,-0.02142732,-0.0015381586,0.010294301,-0.0,0.0,0.0
18.744,-0.01898386,0.009457416,0.006018244,0.0,-0.0,-0.0
18.782,-0.0031013628,-0.023529308,-0.023914153,-0.0,-0.0,0.0
18.822,-0.0018796324,0.009457416,0.007239975,1.530574e-05,3.0418757e-06,-1.17170775e-05
18.864,0.0011746938,0.0057922243,0.0121268965,-0.0,-0.0,0.0
18.883,0.0023964243,-0.005814215,-0.0019230038,-0.0,-0.0,0.0
18.922,-0.0134860715,-0.013755464,-0.0178055,-0.0,-0.0,0.0
18.961,-0.011653476,-0.007646811,-0.0055881953,-1.541246e-05,2.3487768e-05,1.126332e-05
18.983,-0.0055448236,0.009457416,0.0035747832,0.0,-0.0,-0.0
19.023,0.0005638286,-0.004592485,0.0041856486,-0.0,-0.0,-0.0
19.062,0.007894211,0.0051813587,0.009072571,-0.0,-0.0,0.0
19.086,-0.009820881,-0.0015381586,0.004796514,-0.0,0.0,0.0
19.122,-0.023259915,0.00029443705,0.0035747832,0.0,-0.0,-0.0
19.163,-0.0024904977,-0.015588059,-0.0055881953,-0.0,-0.0,0.0
19.182,0.015224594,-0.008257676,-0.0037555995,-0.0,-0.0,0.0
19.223,0.04271353,0.012511741,-0.009253386,7.63478e-05,-0.00026061462,5.6469526e-05
19.261,0.0030072897,-0.002149024,0.0005204572,-0.0,-0.0,-0.0
19.284,-0.009210016,0.0021270327,0.0017421878,0.0,-0.0,-0.0
19.322,-0.017151264,0.0027378981,0.0041856486,0.0,-0.0,-0.0
19.363,-0.0024904977,0.0064030895,0.010905167,1.1076896e-05,4.308266e-06,-1.8865128e-05
19.403,0.014002864,0.0027378981,0.005407379,-0.0,-0.0,0.0
19.422,0.01461373,0.0064030895,-0.0025338691,0.0,-0.0,0.0
19.462,0.0115594035,-0.006425081,-0.012307713,-0.0,-0.0,0.0
19.504,-0.0067665544,-0.004592485,-0.0025338691,-5.277199e-06,7.775386e-06,2.9116693e-06
19.525,-0.012264341,0.0082356855,-0.0007012733,-0.0,0.0,0.0
19.563,-0.00065790187,-0.0027598892,0.0035747832,-0.0,0.0,0.0
19.603,0.0011746938,-0.0033707544,0.004796514,-0.0,-0.0,-0.0
19.623,0.004839885,0.009457416,0.006018244,1.5498874e-05,-7.9317315e-06,-9.862701e-06
19.663,-4.7036625e-05,0.008846551,0.0035747832,0.0,-0.0,-0.0
19.703,-0.0055448236,-0.0027598892,-0.0013121385,-0.0,-0.0,0.0
19.722,0.0005638286,0.016176933,0.007239975,-0.0,-0.0,0.0
19.762,-0.009210016,-0.012533734,-0.0007012733,-2.6191845e-05,1.9246214e-05,1.4657078e-06
19.804,0.01461373,-0.013144598,-0.012307713,-0.0,-0.0,0.0
19.822,0.0017855591,0.0033487633,-9.040806e-05,0.0,-0.0,0.0
19.862,0.004839885,0.0070139547,0.006018244,-0.0,-0.0,0.0
19.902,-0.012875207,0.0039596288,0.019457279,1.2578098e-05,4.0894694e-05,-6.1801744e-05
19.922,-0.004323093,-0.010701138,0.0029639183,-0.0,0.0,0.0
19.962,-0.00065790187,-0.005814215,-0.022081556,-0.0,-0.0,0.0
20.002,-0.02142732,-0.006425081,-0.014140309,-0.0,-0.0,0.0
20.024,-0.012264341,-0.005814215,-0.0013121385,-0.0,-0.0,0.0
20.062,0.018278921,-0.0033707544,0.005407379,-0.0,-0.0,-0.0
20.102,0.01461373,0.0021270327,0.00785084,-0.0,-0.0,0.0
20.122,0.0017855591,0.0021270327,0.00785084,-0.0,-0.0,0.0
20.162,-0.0153186675,0.0039596288,0.009072571,9.69343e-06,3.749938e-05,-2.2209475e-05
20.202,-0.0055448236,-0.0027598892,-0.0007012733,-0.0,-0.0,0.0
20.244,0.007894211,0.0009053023,0.005407379,-0.0,-0.0,0.0
20.263,0.01705719,0.008846551,0.00662911,-0.0,-0.0,0.0
20.306,0.0115594035,0.0045704935,0.00785084,9.0185495e-06,-2.2809661e-05,-1.5491565e-05
20.345,-0.004323093,0.0051813587,0.0011313224,0.0,-0.0,-0.0
20.364,-0.0153186675,-0.0003164282,0.0023530528,-0.0,0.0,0.0
20.402,-0.009820881,0.0039596288,0.013348627,0.0,-0.0,-0.0
20.426,-0.004323093,0.0021270327,0.023733336,0.0,-0.0,-0.0
20.462,0.0017855591,0.0045704935,0.017624684,-0.0,-0.0,0.0
20.503,-0.004323093,-0.0015381586,0.005407379,-0.0,0.0,0.0
20.543,-0.0134860715,0.0009053023,0.0017421878,0.0,-0.0,-0.0
20.562,-0.009820881,-0.010701138,-0.0013121385,-2.0946398e-05,1.9223335e-05,2.568577e-06
20.603,0.014002864,-0.006425081,-0.0031447343,-0.0,-0.0,0.0
20.643,0.006672481,-0.002149024,0.012737762,-0.0,-0.0,-0.0
20.662,-0.0055448236,-0.0033707544,0.022511607,-0.0,0.0,0.0
20.702,0.0017855591,0.0027378981,0.024955066,9.248408e-06,-6.0320367e-06,-8.4298576e-05
20.756,-0.011042611,0.00029443705,0.017013818,0.0,-0.0,-0.0
20.761,-0.00859915,0.0082356855,0.010905167,0.0,-0.0,-0.0
20.803,-0.0012687672,-0.013755464,-0.0037555995,-0.0,-0.0,0.0
20.843,0.025609305,-0.00092729344,-0.014751174,-3.6770816e-06,-0.000101633195,5.8541318e-05
20.862,0.01705719,0.009457416,-0.00497733,0.0,-0.0,0.0
20.902,0.0017855591,0.009457416,0.0041856486,-0.0,-0.0,0.0
20.943,-0.0134860715,-0.0003164282,0.013959493,-0.0,0.0,0.0
20.966,-0.014707803,-0.008257676,0.0029639183,-0.0,0.0,0.0
21.001,-0.007988284,-0.0033707544,-0.027579343,-0.0,-0.0,0.0
21.042,-0.014096937,-0.008257676,-0.019638095,-0.0,-0.0,0.0
21.063,-0.009210016,-0.006425081,-0.0061990605,-0.0,-0.0,0.0
21.102,0.015224594,-0.0033707544,0.008461705,-8.02675e-06,-3.625247e-05,-2.0149018e-05
21.145,0.023776708,-0.004592485,0.00662911,-0.0,-0.0,-0.0
21.164,0.010337672,0.00029443705,0.008461705,-0.0,-0.0,0.0
21.203,-0.039753277,-0.0015381586,0.024344202,-0.0,0.0,0.0
21.244,-0.0305903,0.0009053023,0.02067901,4.49566e-06,0.00015164615,-0.00010251313
21.267,-0.00859915,-0.00520335,0.0041856486,-0.0,0.0,0.0
21.304,0.0097268075,0.00029443705,0.00662911,-0.0,-0.0,0.0
21.345,0.020111516,0.0021270327,0.011516031,-0.0,-0.0,0.0
21.382,-0.014096937,-0.021696713,0.020068146,-9.535163e-05,6.195849e-05,-8.819405e-05
21.403,-0.02142732,-0.006425081,0.012737762,-0.0,0.0,0.0
21.444,0.018278921,0.015566069,0.007239975,-0.0,-0.0,0.0
21.483,0.025609305,-0.0015381586,-0.0007012733,-0.0,-0.0,0.0
21.505,0.004839885,-0.0039816196,-0.0043664644,-4.0819323e-06,-4.961843e-06,4.4764747e-06
21.546,-0.0024904977,0.0064030895,-0.0007012733,-0.0,0.0,0.0
21.583,-0.0428076,0.0015161675,0.014570358,0.0,-0.0,-0.0
21.603,-0.029979434,0.0009053023,0.013348627,0.0,-0.0,-0.0
21.645,-0.015929533,0.0015161675,0.010294301,3.872431e-06,4.067982e-05,-2.6289039e-05
21.684,-0.009820881,0.0027378981,0.0121268965,0.0,-0.0,-0.0
21.703,-0.012875207,-0.0015381586,0.015181223,-0.0,0.0,0.0
21.744,0.010948538,0.0009053023,0.0041856486,-0.0,-0.0,0.0
21.782,0.010948538,-0.0033707544,-0.0068099257,-6.0291886e-06,-1.9583815e-05,1.2180934e-05
21.805,0.007894211,-0.016198926,-0.017194636,-0.0,-0.0,0.0
21.841,0.020722382,0.0045704935,-0.012918578,0.0,-0.0,0.0
21.884,-0.007988284,-0.010701138,-0.00497733,-0.0,-0.0,0.0
21.923,-0.010431745,0.0009053023,0.010905167,1.8372237e-06,2.1167503e-05,-2.2128184e-05
21.942,-4.7036625e-05,-0.018642385,-0.010475118,-0.0,-0.0,0.0
21.990,0.006061616,0.008846551,0.006018244,-0.0,-0.0,0.0
22.022,0.0036181547,-0.008257676,-0.008031656,-0.0,-0.0,0.0
22.044,0.008505076,-0.008257676,-0.020859826,-2.659097e-05,-2.7389477e-05,6.7173765e-05
22.082,-0.0012687672,-0.00520335,-0.02941194,-0.0,-0.0,0.0
22.104,-0.014096937,0.0033487633,-0.014140309,-0.0,0.0,0.0
22.143,-0.017151264,0.0039596288,0.0121268965,0.0,-0.0,-0.0
22.182,0.016446326,0.0045704935,0.00785084,1.1525201e-05,-4.1473526e-05,-1.9797566e-05
22.222,0.006061616,0.00762482,-0.0007012733,0.0,-0.0,0.0
22.243,-0.010431745,-0.005814215,-0.0061990605,-0.0,-0.0,0.0
22.282,-0.015929533,0.0045704935,0.0023530528,0.0,-0.0,-0.0
22.322,-0.0049339584,0.0015161675,-0.0007012733,1.0600286e-06,3.44958e-06,4.902938e-07
22.342,-0.003712228,0.0051813587,0.008461705,0.0,-0.0,-0.0
22.381,0.025609305,0.0051813587,-0.0068099257,0.0,-0.0,0.0
22.422,-0.011042611,0.0051813587,0.0035747832,0.0,-0.0,-0.0
22.441,-0.023870781,-0.011312002,-0.0068099257,-4.141811e-05,8.739839e-05,2.4935222e-05
22.483,0.0042290203,0.009457416,-0.0037555995,0.0,-0.0,0.0
22.522,0.0030072897,0.010068282,0.010905167,-0.0,-0.0,0.0
22.541,-0.0012687672,-0.006425081,0.0121268965,-0.0,0.0,0.0
22.584,0.010337672,0.0009053023,0.0029639183,1.3113034e-06,-1.4974181e-05,-4.293243e-06
22.623,-0.0061556892,-0.007646811,-0.008031656,-0.0,-0.0,0.0
22.643,-0.012264341,-0.008868542,-0.012918578,-0.0,-0.0,0.0
22.683,0.0072833463,-0.0003164282,-0.014140309,-0.0,-0.0,0.0
22.723,0.0115594035,-0.0033707544,-0.0055881953,-6.005432e-06,-2.0594944e-05,9.956196e-06
22.743,0.0097268075,0.00029443705,0.005407379,-0.0,-0.0,0.0
22.783,-0.004323093,0.008846551,0.017013818,0.0,-0.0,-0.0
22.822,-0.018372994,0.0070139547,0.009683436,0.0,-0.0,-0.0
22.862,-0.011653476,-0.002149024,-0.0074207913,-4.033012e-06,2.1868893e-05,1.39259055e-05
22.883,0.0023964243,-0.005814215,-0.016583769,-0.0,-0.0,0.0
22.923,0.0054507502,-0.004592485,-0.0068099257,-0.0,-0.0,0.0
22.944,0.0023964243,-0.0027598892,-0.0019230038,-0.0,-0.0,0.0
22.982,0.0072833463,0.0057922243,0.0121268965,1.1883354e-05,-1.4942928e-05,-2.4879897e-05
23.022,0.012781134,-0.008257676,-0.008031656,-0.0,-0.0,0.0
23.062,-0.010431745,0.011900877,0.017013818,0.0,-0.0,-0.0
23.082,-0.020205589,-0.006425081,0.00662911,-0.0,0.0,0.0
23.124,-0.0024904977,-0.0015381586,-0.021470692,-4.473809e-06,7.243228e-06,6.244542e-05
23.163,-0.014707803,0.00029443705,-0.0178055,-0.0,0.0,0.0
23.183,-0.028146837,-0.0027598892,-0.0013121385,-0.0,-0.0,0.0
23.221,-0.009820881,-0.0027598892,0.015792089,-0.0,0.0,0.0
23.262,0.03232882,0.0045704935,0.005407379,2.0300073e-05,-0.0001436025,-2.4017723e-05
23.282,0.01461373,0.0027378981,0.0023530528,-0.0,-0.0,0.0
23.325,-0.017151264,-0.0015381586,-0.0013121385,-0.0,-0.0,0.0
23.363,-0.0134860715,-0.002149024,-0.0061990605,-0.0,-0.0,0.0
23.383,-0.010431745,0.008846551,-0.0007012733,1.626186e-05,1.9175814e-05,1.288936e-06
23.422,-0.014707803,-0.008868542,0.007239975,-0.0,0.0,0.0
23.463,0.03416142,0.0064030895,0.0011313224,-0.0,-0.0,0.0
23.482,0.023165843,0.0045704935,-0.0007012733,0.0,-0.0,0.0
23.527,-0.0134860715,-0.0033707544,-0.0061990605,-6.8861646e-06,2.7550155e-05,1.2663927e-05
23.561,-0.011042611,0.012511741,0.0041856486,0.0,-0.0,-0.0
23.604,-0.012264341,-0.0027598892,0.015181223,-0.0,0.0,0.0
23.623,-0.00065790187,-0.0033707544,0.012737762,-0.0,0.0,0.0
23.663,0.018278921,0.0057922243,-0.0007012733,1.4916765e-05,-4.7073714e-05,1.8063412e-06
23.702,0.018889787,-0.0003164282,-0.018416364,-0.0,-0.0,0.0
23.723,0.010337672,0.00762482,-0.014140309,0.0,-0.0,0.0
23.762,-0.020205589,-0.0039816196,0.0005204572,-0.0,0.0,0.0
23.802,-0.009820881,0.0082356855,0.016402954,2.301081e-05,2.743863e-05,-4.5829525e-05
23.822,-0.0061556892,-0.004592485,0.009683436,-0.0,0.0,0.0
23.862,0.0054507502,-0.0027598892,0.0023530528,-0.0,-0.0,-0.0
23.902,-0.0073774196,-0.008257676,-0.00497733,-0.0,-0.0,0.0
23.922,-0.0012687672,-0.0015381586,-0.0043664644,-9.909891e-07,8.174259e-07,2.813178e-06
23.963,0.015224594,0.00029443705,-0.011085982,0.0,-0.0,0.0
24.005,-0.0012687672,-0.004592485,0.0029639183,-0.0,0.0,0.0
24.025,-0.009820881,-0.009479407,0.0035747832,-0.0,0.0,0.0
24.062,-0.0024904977,0.00762482,0.008461705,1.1932057e-05,3.8972844e-06,-1.3241692e-05
24.104,0.004839885,-0.0015381586,-0.008642522,-0.0,-0.0,0.0
24.123,0.0072833463,0.010679146,0.00785084,-0.0,-0.0,0.0
24.163,-0.012264341,-0.00520335,0.00785084,-0.0,0.0,0.0
24.205,0.0036181547,-0.018642385,-0.023914153,-7.640719e-05,-1.4833159e-05,9.801428e-05
24.224,0.0115594035,0.008846551,-0.018416364,0.0,-0.0,0.0
24.264,-0.023870781,-0.013144598,-0.0061990605,-0.0,-0.0,0.0
24.304,0.015224594,-0.0015381586,0.0005204572,-0.0,-0.0,-0.0
24.324,0.03477228,0.0009053023,-0.0037555995,4.252516e-06,-0.00016328202,1.7635717e-05
24.365,0.023776708,0.0009053023,-0.0025338691,0.0,-0.0,0.0
24.402,-0.0134860715,0.0015161675,0.009072571,0.0,-0.0,-0.0
24.423,-0.01898386,-0.005814215,0.00785084,-0.0,0.0,0.0
24.462,-0.003712228,0.0082356855,0.0035747832,1.073901e-05,4.840569e-06,-4.661398e-06
24.503,0.006061616,-0.002149024,0.005407379,-0.0,-0.0,-0.0
24.544,0.024998438,-0.0039816196,-0.0031447343,-0.0,-0.0,0.0
24.565,0.020111516,0.0033487633,-0.0019230038,0.0,-0.0,0.0
24.607,-0.004323093,-0.0003164282,-0.0043664644,-2.6131173e-07,3.5699948e-06,3.6058116e-06
24.626,-0.0049339584,-0.0027598892,0.0005204572,-0.0,0.0,0.0
24.663,-4.7036625e-05,-0.002149024,0.012737762,-0.0,0.0,0.0
24.702,0.007894211,0.0015161675,0.015181223,-0.0,-0.0,0.0
24.743,0.0097268075,0.00029443705,-0.0031447343,0.0,-0.0,0.0
24.764,0.0072833463,-0.0033707544,-0.008642522,-0.0,-0.0,0.0
24.804,-0.007988284,0.0015161675,-0.0013121385,-0.0,0.0,0.0
24.845,-0.0012687672,-0.007035946,-0.0013121385,-0.0,-0.0,0.0
24.867,0.01461373,0.0033487633,-0.0013121385,6.764377e-06,-2.9519008e-05,2.6505554e-06
24.903,0.0030072897,-0.002149024,0.0029639183,-0.0,-0.0,-0.0
24.944,0.0005638286,-0.004592485,0.007239975,-0.0,-0.0,-0.0
24.963,0.008505076,-0.008868542,-0.0037555995,-0.0,-0.0,0.0
25.003,0.024387574,-0.0027598892,-0.023303287,-1.253078e-05,-0.00011077986,0.00010585319
25.043,0.004839885,-0.009479407,-0.0074207913,-0.0,-0.0,0.0
25.063,-4.7036625e-05,0.00029443705,-9.040806e-05,-0.0,0.0,0.0
25.103,-0.00859915,0.0021270327,0.017624684,0.0,-0.0,-0.0
25.145,-0.0055448236,0.021063857,0.02067901,8.491165e-05,2.2348253e-05,-8.336031e-05
25.167,-0.0067665544,-0.00092729344,0.0041856486,-0.0,0.0,0.0
25.204,0.026220169,0.010068282,-0.024525018,0.0,-0.0,0.0
25.245,0.015224594,-0.010701138,-0.03552059,-0.0,-0.0,0.0
25.283,0.010948538,0.008846551,0.0017421878,-0.0,-0.0,0.0
25.302,0.0054507502,0.009457416,0.01823555,-0.0,-0.0,0.0
25.345,-0.0067665544,-0.0033707544,0.022511607,-0.0,0.0,0.0
25.382,-0.0012687672,0.0009053023,0.0035747832,0.0,-0.0,-0.0
25.405,-0.015929533,0.010679146,-0.0007012733,2.7506667e-05,4.1030362e-05,1.8057334e-06
25.444,-0.026925107,0.0051813587,0.0029639183,0.0,-0.0,-0.0
25.482,0.0005638286,-0.010090272,-0.0025338691,-0.0,-0.0,0.0
25.502,0.024387574,0.0015161675,0.0041856486,-0.0,-0.0,0.0
25.545,0.026220169,-0.005814215,-0.00497733,-2.1314429e-05,-9.612511e-05,1.8246204e-05
25.582,0.0005638286,-0.006425081,-0.0037555995,-0.0,-0.0,0.0
25.602,-0.0134860715,0.0015161675,-0.0055881953,-0.0,0.0,0.0
25.645,-0.024481645,0.010679146,0.0029639183,0.0,-0.0,-0.0
25.683,-0.0073774196,0.0039596288,0.015181223,0.0,-0.0,-0.0
25.703,0.006672481,-0.002149024,0.013959493,-0.0,-0.0,-0.0
25.742,0.023776708,0.013122607,0.0041856486,-0.0,-0.0,0.0
25.783,0.0011746938,0.0027378981,-0.0013121385,0.0,-0.0,0.0
25.804,-0.023259915,-0.007035946,-0.0025338691,-2.3073106e-05,7.627552e-05,8.310129e-06
25.842,-0.022038186,-0.007646811,-0.0068099257,-0.0,-0.0,0.0
25.882,-4.7036625e-05,0.009457416,0.0011313224,0.0,-0.0,-0.0
25.902,0.0017855591,0.0015161675,0.005407379,-0.0,-0.0,0.0
25.943,0.0054507502,0.00762482,0.013959493,1.7207169e-05,-1.2301287e-05,-3.150307e-05
25.983,-0.0031013628,0.00029443705,0.004796514,0.0,-0.0,-0.0
26.003,-0.00065790187,-0.0015381586,-0.0061990605,-0.0,-0.0,0.0
26.042,-0.004323093,-0.005814215,-0.011696848,-0.0,-0.0,0.0
26.084,-0.0055448236,0.0033487633,-0.0037555995,3.3653807e-06,5.572362e-06,3.7742382e-06
26.105,-0.0055448236,-0.010701138,-0.0007012733,-0.0,-0.0,0.0
26.143,0.018278921,0.0033487633,-0.0037555995,0.0,-0.0,0.0
26.183,-0.004323093,0.0045704935,0.013959493,0.0,-0.0,-0.0
26.223,0.017668055,0.008846551,-0.011085982,0.0,-0.0,0.0
26.242,0.0023964243,-0.008257676,-0.026357615,-0.0,-0.0,0.0
26.283,-0.012875207,0.013733473,-0.014751174,-0.0,0.0,0.0
26.305,-0.009820881,0.014955203,0.0023530528,0.0,-0.0,-0.0
26.342,-0.01898386,-0.008868542,0.011516031,-2.845849e-05,6.092073e-05,-3.6954683e-05
26.385,0.01583546,-0.00520335,0.0011313224,-0.0,-0.0,-0.0
26.423,-0.0061556892,0.0057922243,-9.040806e-05,-0.0,0.0,0.0
26.443,-0.020205589,0.0039596288,0.0029639183,0.0,-0.0,-0.0
26.489,-0.0073774196,-0.00092729344,0.0011313224,-9.360587e-07,7.4471895e-06,-1.1420179e-06
26.523,0.004839885,0.010068282,0.0035747832,-0.0,-0.0,0.0
26.544,0.0036181547,-0.00092729344,0.00785084,-0.0,-0.0,-0.0
26.585,0.030496225,0.0021270327,-0.00497733,0.0,-0.0,0.0
26.623,-0.0061556892,-0.002149024,-0.010475118,-0.0,-0.0,0.0
26.643,-0.024481645,-0.0039816196,-0.00497733,-0.0,-0.0,0.0
26.685,-0.012875207,0.010068282,0.009683436,0.0,-0.0,-0.0
26.723,-0.0024904977,0.008846551,0.023733336,0.0,-0.0,-0.0
26.742,-0.0031013628,-0.002149024,0.016402954,-4.8546462e-06,7.006257e-06,-3.7055248e-05
26.785,0.014002864,-0.0033707544,-0.009253386,-0.0,-0.0,0.0
26.822,-0.00065790187,-0.012533734,-0.020859826,-0.0,-0.0,0.0
26.843,-0.0049339584,-0.008257676,-0.02024896,-0.0,-0.0,0.0
26.884,0.0011746938,0.0039596288,-0.0031447343,2.7588435e-06,-8.184564e-07,2.1910719e-06
26.923,0.0017855591,0.0027378981,0.0121268965,-0.0,-0.0,0.0
26.950,-0.004323093,0.0039596288,0.015181223,0.0,-0.0,-0.0
26.983,-0.004323093,0.010068282,0.013348627,0.0,-0.0,-0.0
27.023,-0.00859915,-0.0033707544,-0.011696848,-6.742905e-06,1.720127e-05,2.33979e-05
27.062,0.0054507502,0.0033487633,-0.0178055,0.0,-0.0,0.0
27.086,0.0097268075,-0.0033707544,-0.015972905,-0.0,-0.0,0.0
27.124,0.007894211,0.0051813587,0.004796514,-0.0,-0.0,0.0
27.163,0.01583546,0.0051813587,0.0005204572,-0.0,-0.0,0.0
27.186,0.0054507502,0.025339913,0.021900741,-0.0,-0.0,0.0
27.223,-0.029979434,-0.006425081,0.008461705,-0.0,0.0,0.0
27.263,0.0030072897,-0.0027598892,-0.022692423,-0.0,-0.0,0.0
27.282,-0.0012687672,-0.011312002,-0.036131456,-5.751564e-05,6.4456713e-06,0.00018370793
27.323,-0.017762128,-0.0033707544,-0.0074207913,-0.0,-0.0,0.0
27.362,-0.00859915,-0.0015381586,0.015181223,-0.0,0.0,0.0
27.382,0.010948538,-0.010701138,0.011516031,-0.0,-0.0,-0.0
27.422,0.029885361,0.011290011,-0.0007012733,4.842134e-05,-0.00012817372,3.0107583e-06
27.463,-0.015929533,0.0051813587,-9.040806e-05,-0.0,0.0,0.0
27.482,-0.025703376,0.0021270327,0.0041856486,0.0,-0.0,-0.0
27.522,-0.031201165,-0.0039816196,0.00785084,-0.0,0.0,0.0
27.562,-0.010431745,-0.005814215,0.0041856486,-0.0,0.0,0.0
27.582,0.021333246,0.0039596288,-0.0061990605,0.0,-0.0,0.0
27.623,0.024387574,-0.005814215,-0.009864252,-0.0,-0.0,0.0
27.662,0.0011746938,-0.00520335,-0.009864252,-0.0,-0.0,0.0
27.683,-0.0061556892,0.0057922243,0.0005204572,6.583471e-06,6.9965827e-06,-5.915771e-07
27.722,-0.015929533,0.0064030895,0.020068146,0.0,-0.0,-0.0
27.762,-4.7036625e-05,-0.0003164282,0.01823555,-0.0,0.0,0.0
27.783,0.0036181547,0.0064030895,0.008461705,-0.0,-0.0,0.0
27.822,-4.7036625e-05,-0.0015381586,-0.008031656,-1.6882818e-06,5.1619917e-08,8.815539e-06
27.865,-0.0061556892,-0.0027598892,-0.0061990605,-0.0,-0.0,0.0
27.906,0.0023964243,-0.007035946,-0.0074207913,-0.0,-0.0,0.0
27.932,0.01461373,0.0033487633,-0.0043664644,0.0,-0.0,0.0
27.964,0.0036181547,-0.01436633,-0.0019230038,-2.8806018e-05,-7.254844e-06,3.8557246e-06
28.003,0.009115942,0.014955203,0.009072571,-0.0,-0.0,0.0
28.023,-0.0012687672,0.0045704935,0.007239975,0.0,-0.0,-0.0
28.064,-0.007988284,-0.00520335,-0.00497733,-0.0,-0.0,0.0
28.105,-0.00065790187,0.0027378981,-0.0068099257,-0.0,0.0,0.0
28.124,-0.007988284,-0.013144598,-0.0074207913,-0.0,-0.0,0.0
28.164,0.0133919995,0.0021270327,-0.0031447343,0.0,-0.0,0.0
28.206,-0.00065790187,-0.019864116,-0.0043664644,-0.0,-0.0,0.0
28.224,-0.0024904977,0.0045704935,0.0041856486,4.0972973e-06,2.2326392e-06,-3.752297e-06
28.264,-0.012875207,0.0064030895,0.018846415,0.0,-0.0,-0.0
28.304,0.006061616,-0.0003164282,-0.010475118,-0.0,-0.0,0.0
28.325,0.0036181547,-0.008257676,-0.026357615,-0.0,-0.0,0.0
28.363,-0.025703376,0.0021270327,-0.0068099257,7.614226e-06,9.202508e-05,2.438101e-05
28.405,-0.010431745,-0.0039816196,0.008461705,-0.0,0.0,0.0
28.425,0.014002864,0.010679146,0.010294301,-0.0,-0.0,0.0
28.465,0.0030072897,-0.004592485,0.004796514,-0.0,-0.0,-0.0
28.505,0.0017855591,0.0039596288,-0.0031447343,0.0,-0.0,0.0
28.527,0.0054507502,0.0027378981,-0.0031447343,0.0,-0.0,0.0
28.563,-0.0061556892,-0.007646811,-0.0013121385,-0.0,-0.0,0.0
28.604,0.0023964243,0.00029443705,-9.040806e-05,0.0,-0.0,0.0
28.625,0.021333246,-0.008257676,-0.0068099257,-2.6452517e-05,-6.834082e-05,2.1814527e-05
28.663,0.023776708,0.0045704935,-0.00497733,0.0,-0.0,0.0
28.706,-0.019594725,-0.004592485,0.0017421878,-0.0,0.0,0.0
28.724,-0.025092512,-0.002149024,0.004796514,-0.0,0.0,0.0
28.768,-0.0067665544,-0.0015381586,0.010294301,-2.5628945e-06,1.1274944e-05,-1.7153096e-05
28.803,0.004839885,-0.007035946,0.011516031,-0.0,-0.0,-0.0
28.845,0.012781134,-0.011922868,-0.0007012733,-0.0,-0.0,0.0
28.865,0.007894211,-0.0033707544,-0.0068099257,-0.0,-0.0,0.0
28.903,-0.004323093,-0.01436633,-0.013529444,-0.0,-0.0,0.0
28.925,-0.00065790187,-0.010090272,-0.012307713,-0.0,-0.0,0.0
28.963,0.01705719,0.01923126,0.0011313224,-0.0,-0.0,0.0
29.003,0.006061616,0.0033487633,0.006018244,-0.0,-0.0,0.0
29.026,0.0011746938,0.0015161675,0.0121268965,2.4984356e-06,-1.935774e-06,-1.998361e-05
29.065,-0.0049339584,0.013122607,0.014570358,0.0,-0.0,-0.0
29.103,-0.011653476,-0.013755464,-0.008031656,-0.0,-0.0,0.0
29.143,0.008505076,0.0039596288,-0.009253386,0.0,-0.0,0.0
29.163,0.0072833463,0.00762482,-0.0019230038,1.0969016e-05,-1.04777455e-05,2.7664746e-06
29.203,0.014002864,0.0082356855,0.007239975,-0.0,-0.0,0.0
29.245,0.0023964243,-0.011312002,0.0023530528,-0.0,-0.0,-0.0
29.263,-0.0012687672,-0.0033707544,0.004796514,-0.0,0.0,0.0
29.304,-0.0067665544,0.00029443705,0.0017421878,2.763765e-07,6.35138e-06,-1.6352934e-06
29.343,0.0005638286,-0.008257676,-0.019638095,-0.0,-0.0,0.0
29.364,-0.009210016,-0.020474982,-0.028801074,-0.0,-0.0,0.0
29.403,-0.0067665544,0.010679146,-0.0025338691,-0.0,0.0,0.0
29.444,-0.004323093,-0.009479407,0.012737762,-0.0,0.0,0.0
29.466,0.0115594035,-0.007646811,0.009683436,-0.0,-0.0,-0.0
29.503,0.02866363,0.010679146,0.0029639183,-0.0,-0.0,0.0
29.544,-0.029368568,-0.0027598892,0.0017421878,-0.0,0.0,0.0
29.584,-0.024481645,0.0015161675,0.007239975,0.0,-0.0,-0.0
29.605,-0.00859915,0.0009053023,0.0023530528,0.0,-0.0,-0.0
29.644,0.0023964243,-0.00092729344,0.0121268965,-0.0,-0.0,-0.0
29.665,0.016446326,0.0057922243,0.007239975,-0.0,-0.0,0.0
29.704,0.01461373,0.0033487633,0.0041856486,6.9961307e-06,-3.053115e-05,-8.744585e-06
29.744,-0.012875207,-0.005814215,-0.0013121385,-0.0,-0.0,0.0
29.785,-0.012264341,-0.004592485,0.0005204572,-0.0,0.0,0.0
29.804,-0.003712228,0.0057922243,0.011516031,0.0,-0.0,-0.0
29.843,0.0054507502,0.0064030895,0.017624684,-0.0,-0.0,0.0
29.866,0.006061616,-0.0015381586,0.010905167,-0.0,-0.0,-0.0
29.904,0.010337672,0.0027378981,-0.0031447343,0.0,-0.0,0.0
29.945,-0.00859915,-0.0027598892,-0.0037555995,-0.0,-0.0,0.0
29.983,-0.0049339584,-0.00520335,-9.040806e-05,-0.0,-0.0,0.0
30.003,0.0017855591,-0.0015381586,0.0023530528,-0.0,-0.0,-0.0
30.044,0.008505076,0.00029443705,0.009683436,-0.0,-0.0,0.0
30.084,0.0042290203,-0.0015381586,0.010294301,-0.0,-0.0,-0.0
30.104,0.0023964243,0.00029443705,0.0023530528,1.3323303e-07,-1.0843889e-06,-1.0647631e-06
30.145,-0.009210016,0.0021270327,0.0005204572,0.0,-0.0,-0.0
30.183,-0.00859915,0.0009053023,-0.0019230038,-0.0,0.0,0.0
30.206,0.0005638286,0.0027378981,-0.0013121385,0.0,-0.0,0.0
30.246,0.016446326,-0.006425081,-0.009253386,-1.7190236e-05,-4.4003573e-05,2.4757743e-05
30.285,-0.004323093,0.018009529,0.018846415,0.0,-0.0,-0.0
30.304,-0.022038186,-0.010701138,0.009072571,-0.0,0.0,0.0
30.345,0.006672481,-0.010090272,-0.019027231,-0.0,-0.0,0.0
30.384,-0.0018796324,-0.0003164282,-0.034909725,-0.0,-0.0,0.0
30.404,-0.009820881,0.0015161675,-0.018416364,-0.0,0.0,0.0
30.444,-0.0031013628,-0.0015381586,0.013959493,-0.0,0.0,0.0
30.484,0.025609305,0.0039596288,0.0121268965,-0.0,-0.0,0.0
30.504,0.01583546,0.0082356855,0.00785084,2.1553626e-05,-4.1444047e-05,-2.0546404e-05
30.544,-0.015929533,-0.0039816196,-0.0074207913,-0.0,-0.0,0.0
30.583,0.0097268075,-0.019864116,-0.025135884,-0.0,-0.0,0.0
30.625,0.010948538,0.0082356855,-0.0043664644,0.0,-0.0,0.0
30.644,-0.012264341,0.0027378981,0.016402954,7.593955e-06,3.4013283e-05,-4.549145e-05
30.685,0.017668055,0.00762482,0.009072571,-0.0,-0.0,0.0
30.723,-0.0024904977,-0.013144598,-0.011085982,-0.0,-0.0,0.0
30.744,-0.010431745,-0.014977193,-0.022692423,-0.0,-0.0,0.0
30.783,-0.009210016,0.00762482,-0.0061990605,-0.0,0.0,0.0
30.823,-0.004323093,0.0027378981,0.01823555,0.0,-0.0,-0.0
30.850,0.010337672,0.0051813587,0.018846415,-0.0,-0.0,0.0
30.885,0.004839885,-0.0027598892,0.005407379,-0.0,-0.0,-0.0
30.924,0.0011746938,-0.010090272,-0.015362039,-0.0,-0.0,0.0
30.943,-0.0049339584,-0.007035946,-0.017194636,-0.0,-0.0,0.0
30.985,0.0023964243,-0.008868542,-0.009864252,-0.0,-0.0,0.0
31.023,0.01583546,0.0045704935,0.0017421878,-0.0,-0.0,0.0
31.045,0.016446326,0.00762482,0.006018244,1.9547093e-05,-4.216288e-05,-1.5428299e-05
31.084,-0.003712228,0.0021270327,0.0121268965,0.0,-0.0,-0.0
31.123,-0.015929533,0.0039596288,0.0035747832,0.0,-0.0,-0.0
31.144,-0.011653476,0.00029443705,-0.0068099257,-0.0,0.0,0.0
31.185,-0.00065790187,-0.0027598892,-0.011085982,-4.2388983e-06,1.0104297e-06,1.7026865e-05
31.226,0.012170268,0.0027378981,-0.0055881953,0.0,-0.0,0.0
31.245,-4.7036625e-05,0.0039596288,0.007239975,0.0,-0.0,-0.0
31.285,0.0011746938,0.0009053023,0.0011313224,-0.0,-0.0,0.0
31.325,-0.023259915,0.0015161675,0.013959493,0.0,-0.0,-0.0
31.346,-0.009820881,-0.0033707544,-0.0007012733,-0.0,-0.0,0.0
31.385,0.017668055,-0.0033707544,-0.030633671,-0.0,-0.0,0.0
31.424,-0.022038186,-0.00092729344,-0.013529444,-0.0,-0.0,0.0
31.445,-0.031812027,0.0045704935,0.006018244,2.0059655e-05,0.00013960821,-2.6412727e-05
31.484,-0.0024904977,-0.004592485,0.012737762,-0.0,0.0,0.0
31.525,0.020111516,-0.00092729344,-0.0037555995,-0.0,-0.0,0.0
31.564,-0.00859915,-0.00092729344,-0.00497733,-0.0,-0.0,0.0
31.584,-0.015929533,0.010068282,0.0035747832,2.591985e-05,4.1008676e-05,-9.20341e-06
31.625,-0.016540397,-0.00520335,0.0041856486,-0.0,0.0,0.0
31.665,-0.0012687672,0.0064030895,0.0041856486,0.0,-0.0,-0.0
31.684,0.004839885,0.0057922243,0.004796514,-0.0,-0.0,0.0
31.724,0.01705719,-0.0027598892,-0.009864252,-0.0,-0.0,0.0
31.766,-0.0031013628,-0.008257676,-0.019027231,-0.0,-0.0,0.0
31.785,-0.0061556892,-0.008868542,-0.02024896,-0.0,-0.0,0.0
31.824,0.0017855591,0.0051813587,0.006018244,-0.0,-0.0,0.0
31.863,0.0023964243,0.00762482,0.02067901,-0.0,-0.0,0.0
31.883,0.007894211,0.0045704935,0.018846415,-0.0,-0.0,0.0
31.922,0.006061616,0.0027378981,-0.0037555995,0.0,-0.0,0.0
31.963,-0.003712228,-0.008868542,-0.017194636,-0.0,-0.0,0.0
31.984,-0.004323093,-0.0015381586,-0.019027231,-4.0410278e-06,1.13566675e-05,4.998457e-05
32.023,0.0005638286,-0.004592485,-0.0043664644,-0.0,-0.0,0.0
32.064,0.0042290203,-0.0015381586,0.00785084,-0.0,-0.0,-0.0
32.084,0.008505076,0.009457416,0.014570358,-0.0,-0.0,0.0
32.125,-0.0018796324,-0.0039816196,0.005407379,-3.726521e-06,1.7592176e-06,-5.0609365e-06
32.165,0.0005638286,0.0009053023,-0.009253386,0.0,-0.0,0.0
32.184,0.009115942,-0.007035946,-0.02024896,-0.0,-0.0,0.0
32.223,0.024998438,-0.0039816196,-0.0178055,-0.0,-0.0,0.0
32.264,-0.00859915,-0.005814215,0.009683436,-0.0,0.0,0.0
32.305,-0.0067665544,0.0057922243,0.017013818,0.0,-0.0,-0.0
32.324,-0.017762128,0.011290011,0.018846415,0.0,-0.0,-0.0
32.365,0.0017855591,-0.006425081,-0.012918578,-0.0,-0.0,0.0
32.403,-0.0031013628,0.009457416,0.008461705,0.0,-0.0,-0.0
32.424,0.0017855591,-0.00520335,0.0005204572,-0.0,-0.0,-0.0
32.464,0.014002864,-0.008868542,-0.019638095,-0.0,-0.0,0.0
32.504,-0.015929533,-0.00092729344,-0.011085982,-0.0,-0.0,0.0
32.526,-0.02142732,-0.004592485,-0.0019230038,-1.35596665e-05,6.3264946e-05,5.6781714e-06
32.563,-0.012264341,-0.011312002,0.013959493,-0.0,0.0,0.0
32.604,0.024998438,0.00762482,0.0005204572,-0.0,-0.0,0.0
32.624,0.021944113,-0.00092729344,-0.009253386,-0.0,-0.0,0.0
32.664,-0.004323093,0.00762482,-0.0031447343,-0.0,0.0,0.0
32.704,-0.022038186,-0.0003164282,0.0121268965,-0.0,0.0,0.0
32.725,-0.023259915,0.0033487633,0.013348627,0.0,-0.0,-0.0
32.765,-0.00065790187,-0.0033707544,0.009683436,-0.0,0.0,0.0
32.805,0.035994016,0.0015161675,-0.008642522,0.0,-0.0,0.0
32.844,0.0042290203,-0.0015381586,-0.011085982,-0.0,-0.0,0.0
32.864,-0.011653476,0.0082356855,-0.0037555995,-0.0,0.0,0.0
32.904,-0.012875207,0.010679146,0.009072571,0.0,-0.0,-0.0
32.943,-0.0031013628,0.0039596288,0.016402954,0.0,-0.0,-0.0
32.965,-0.0012687672,-0.0033707544,0.016402954,-0.0,0.0,0.0
33.005,0.0097268075,0.012511741,0.0041856486,-0.0,-0.0,0.0
33.025,0.009115942,0.014344337,-0.0019230038,0.0,-0.0,0.0
33.064,-0.007988284,-0.010090272,-0.009253386,-2.1466938e-05,1.699464e-05,1.96865e-05
33.103,0.0097268075,0.00029443705,-0.0037555995,0.0,-0.0,0.0
33.144,-0.0073774196,0.0033487633,0.012737762,0.0,-0.0,-0.0
33.164,-0.014096937,-0.009479407,0.009072571,-0.0,0.0,0.0
33.205,0.016446326,0.0070139547,0.0005204572,-0.0,-0.0,0.0
33.243,-0.0031013628,-0.007646811,0.0005204572,-0.0,0.0,0.0
33.265,-0.0049339584,-0.007035946,-0.0019230038,-0.0,-0.0,0.0
33.303,-0.0012687672,0.0039596288,0.005407379,0.0,-0.0,-0.0
33.344,-0.00859915,0.00762482,0.00785084,0.0,-0.0,-0.0
33.364,-0.0061556892,-0.002149024,0.0035747832,-0.0,0.0,0.0
33.404,-0.0018796324,-0.013144598,-0.0031447343,-0.0,-0.0,0.0
33.444,0.026831035,0.021063857,0.0011313224,-0.0,-0.0,0.0
33.468,-0.0018796324,0.014344337,0.017624684,4.38996e-05,5.751247e-06,-5.3938747e-05
33.504,0.0036181547,-0.0027598892,-0.009253386,-0.0,-0.0,0.0
33.543,-0.007988284,-0.0033707544,-0.019027231,-0.0,-0.0,0.0
33.565,-0.024481645,-0.005814215,-0.011085982,-0.0,-0.0,0.0
33.603,-0.00859915,-0.00092729344,0.0023530528,-0.0,0.0,0.0
33.643,0.01705719,0.0039596288,0.006018244,-0.0,-0.0,0.0
33.665,0.018278921,-0.005814215,0.006018244,-0.0,-0.0,-0.0
33.705,0.0036181547,0.011290011,0.009072571,-0.0,-0.0,0.0
33.745,-0.02142732,0.0009053023,0.008461705,0.0,-0.0,-0.0
33.784,-0.012264341,0.00029443705,0.0029639183,0.0,-0.0,-0.0
33.805,-0.0024904977,0.0009053023,0.0041856486,0.0,-0.0,-0.0
33.843,0.01705719,-0.00520335,-0.0013121385,-0.0,-0.0,0.0
33.864,0.021944113,-0.00520335,-0.0068099257,-1.645192e-05,-6.9386086e-05,2.1531987e-05
33.905,-0.0024904977,0.0051813587,-0.0037555995,-0.0,0.0,0.0
33.943,-0.012875207,0.0070139547,0.0035747832,0.0,-0.0,-0.0
33.982,0.0011746938,0.013122607,0.021900741,-0.0,-0.0,0.0
34.004,0.0023964243,0.0051813587,0.02067901,1.4918507e-05,-6.9004814e-06,-5.954113e-05
34.043,0.012170268,0.0009053023,0.0035747832,-0.0,-0.0,0.0
34.084,0.0011746938,-0.00092729344,-0.008031656,-0.0,-0.0,0.0
34.104,-0.0061556892,0.0009053023,-0.008642522,-0.0,0.0,0.0
34.149,-0.009210016,-0.006425081,-0.0061990605,-0.0,-0.0,0.0
34.182,0.0036181547,0.0021270327,-0.0007012733,0.0,-0.0,0.0
34.202,0.010337672,-0.0015381586,-0.0007012733,-0.0,-0.0,0.0
34.242,0.0097268075,0.0057922243,0.0041856486,-0.0,-0.0,0.0
34.283,0.0017855591,0.0064030895,0.0029639183,-0.0,-0.0,0.0
34.302,-0.003712228,0.0015161675,-0.0055881953,-0.0,0.0,0.0
34.343,-0.007988284,-0.00520335,-0.009864252,-0.0,-0.0,0.0
34.383,0.0023964243,0.0051813587,-0.0043664644,0.0,-0.0,0.0
34.404,-0.0012687672,-0.00092729344,0.0035747832,-4.8600765e-07,6.6498023e-07,-1.8735971e-06
34.444,0.018889787,-0.009479407,-0.011696848,-0.0,-0.0,0.0
34.484,-4.7036625e-05,0.0039596288,0.015792089,0.0,-0.0,-0.0
34.503,-0.0067665544,-0.018642385,0.0029639183,-0.0,0.0,0.0
34.544,0.016446326,-0.00092729344,-0.025135884,-0.0,-0.0,0.0
34.584,-0.028757704,-0.009479407,-0.024525018,-0.0,-0.0,0.0
34.604,-0.027535973,-0.0015381586,-0.008031656,-0.0,-0.0,0.0
34.645,-0.0018796324,0.0082356855,0.017013818,0.0,-0.0,-0.0
34.684,0.01705719,0.0027378981,0.006018244,-0.0,-0.0,0.0
34.704,0.020111516,0.0070139547,0.0035747832,-0.0,-0.0,0.0
34.743,-0.011042611,0.0064030895,0.0017421878,0.0,-0.0,-0.0
34.783,-0.026925107,-0.008868542,0.0035747832,-0.0,0.0,0.0
34.805,-0.015929533,-0.0003164282,0.0023530528,-6.839167e-07,3.443394e-05,-5.0864446e-06
34.843,0.0133919995,0.010068282,0.004796514,-0.0,-0.0,0.0
34.883,0.016446326,-0.0027598892,-0.0031447343,-0.0,-0.0,0.0
34.926,0.0097268075,-0.0015381586,-0.0043664644,-0.0,-0.0,0.0
34.944,-0.0049339584,-0.00092729344,-0.009864252,-1.3776051e-06,7.329689e-06,1.465396e-05
34.982,-0.018372994,0.0045704935,-0.0037555995,-0.0,0.0,0.0
35.024,-0.0031013628,0.0015161675,0.013348627,0.0,-0.0,-0.0
35.042,0.0054507502,-0.0015381586,0.010294301,-0.0,-0.0,-0.0
35.084,0.008505076,0.0082356855,0.006018244,-0.0,-0.0,0.0
35.124,-0.011042611,0.00029443705,-0.0037555995,-0.0,0.0,0.0
35.143,-0.012264341,-0.007646811,-0.010475118,-0.0,-0.0,0.0
35.184,0.0072833463,-0.0039816196,-0.011085982,-0.0,-0.0,0.0
35.223,-0.004323093,0.0064030895,0.005407379,0.0,-0.0,-0.0
35.244,-0.0067665544,0.0021270327,0.0121268965,0.0,-0.0,-0.0
35.284,-4.7036625e-05,0.0015161675,0.010905167,0.0,-0.0,-0.0
35.324,-0.00859915,0.0051813587,0.0041856486,0.0,-0.0,-0.0
35.344,-0.014096937,0.00029443705,-0.0025338691,5.6607325e-07,2.710539e-05,4.8720794e-06
35.384,0.006061616,-0.005814215,-0.018416364,-0.0,-0.0,0.0
35.424,0.009115942,-0.004592485,-0.0055881953,-0.0,-0.0,0.0
35.444,0.006672481,-0.012533734,-0.011085982,-0.0,-0.0,0.0
35.483,0.010337672,0.0015161675,0.0023530528,-0.0,-0.0,0.0
35.523,0.016446326,0.013122607,-9.040806e-05,0.0,-0.0,0.0
35.545,-0.00065790187,0.02045299,0.019457279,0.0,-0.0,-0.0
35.584,-0.018372994,-0.007035946,0.0035747832,-0.0,0.0,0.0
35.624,0.008505076,-0.00520335,-0.032466266,-0.0,-0.0,0.0
35.665,-0.0305903,-0.007646811,-0.016583769,-0.0,-0.0,0.0
35.683,-0.027535973,0.0051813587,0.0005204572,0.0,-0.0,-0.0
35.724,0.008505076,0.0027378981,0.015792089,-0.0,-0.0,0.0
35.765,0.018889787,0.0057922243,0.009683436,-0.0,-0.0,0.0
35.784,0.009115942,0.009457416,0.006018244,-0.0,-0.0,0.0
35.823,-0.018372994,-0.0015381586,-0.0019230038,-0.0,-0.0,0.0
35.863,-0.011042611,-0.0003164282,-0.0055881953,-5.2587194e-07,1.8348734e-05,9.285519e-06
35.882,-0.0024904977,-0.0027598892,-0.012307713,-0.0,-0.0,0.0
35.922,0.010948538,-0.0039816196,-0.0037555995,-0.0,-0.0,0.0
35.964,0.020111516,-0.005814215,-0.0019230038,-0.0,-0.0,0.0
35.983,0.018889787,0.0009053023,-0.0019230038,0.0,-0.0,0.0
36.024,-0.011653476,-0.00092729344,-0.0055881953,-0.0,-0.0,0.0
36.063,-0.00065790187,0.009457416,0.0023530528,0.0,-0.0,-0.0
36.090,0.0011746938,0.010068282,0.011516031,-0.0,-0.0,0.0
36.123,0.015224594,0.014955203,0.008461705,-0.0,-0.0,0.0
36.164,0.033550553,0.0070139547,-0.014751174,0.0,-0.0,0.0
36.184,0.032939687,0.00762482,-0.022081556,0.0,-0.0,0.0
36.222,0.050043914,0.015566069,-0.023303287,0.0,-0.0,0.0
36.264,0.017668055,-0.005814215,-0.011085982,-0.0,-0.0,0.0
36.284,0.010948538,0.0064030895,0.0023530528,1.10862175e-05,-1.8956227e-05,-4.073951e-06
36.324,-0.0153186675,0.0070139547,0.009072571,0.0,-0.0,-0.0
36.364,-0.004323093,0.0033487633,-9.040806e-05,-0.0,0.0,0.0
36.384,0.0023964243,0.00762482,-0.0068099257,0.0,-0.0,0.0
36.424,0.014002864,0.00762482,-0.009253386,0.0,-0.0,0.0
36.463,0.028052764,0.013733473,-0.0068099257,0.0,-0.0,0.0
36.505,0.024387574,0.009457416,-0.0007012733,0.0,-0.0,0.0
36.524,0.010337672,0.0033487633,0.0035747832,-0.0,-0.0,0.0
36.565,0.007894211,0.0070139547,-0.009864252,0.0,-0.0,0.0
36.604,-0.009820881,-0.008257676,-0.014140309,-0.0,-0.0,0.0
36.625,-0.0055448236,0.0033487633,-0.011085982,-0.0,0.0,0.0
36.664,-0.022038186,0.0051813587,0.02067901,0.0,-0.0,-0.0
36.704,0.01583546,0.0057922243,-0.012307713,0.0,-0.0,0.0
36.722,0.0274419,0.0064030895,-0.031244535,0.0,-0.0,0.0
36.764,-0.0018796324,0.0051813587,-0.030022804,-0.0,0.0,0.0
36.804,0.004839885,-0.0033707544,-0.013529444,-6.6771254e-06,-9.587599e-06,2.6800952e-05
36.822,0.039659202,-0.005814215,-0.018416364,-0.0,-0.0,0.0
36.865,0.092804484,0.036335487,-0.038574915,0.0,-0.0,0.0
36.904,0.06898074,0.0064030895,-0.036742322,0.0,-0.0,0.0
36.924,0.01583546,-0.00092729344,-0.038574915,-0.0,-0.0,0.0
36.963,0.004839885,0.011900877,-0.023303287,0.0,-0.0,0.0
37.002,-0.0428076,-0.01436633,-0.012307713,-0.0,-0.0,0.0
37.024,-0.025092512,-0.012533734,-0.009253386,-0.0,-0.0,0.0
37.065,0.026220169,0.011900877,-0.009864252,0.0,-0.0,0.0
37.104,0.0054507502,0.011900877,-0.009253386,0.0,-0.0,0.0
37.124,0.0030072897,0.0021270327,-0.0043664644,0.0,-0.0,0.0
37.165,0.0042290203,0.011900877,0.00785084,-0.0,-0.0,0.0
37.205,-0.00065790187,0.0021270327,0.009683436,0.0,-0.0,-0.0
37.225,0.0054507502,-0.007646811,0.0029639183,-1.0106659e-05,-7.204133e-06,-3.917391e-06
37.265,0.012781134,0.010068282,-0.0013121385,0.0,-0.0,0.0
37.305,-0.020205589,-0.006425081,-0.0013121385,-0.0,-0.0,0.0
37.325,-0.0134860715,0.0045704935,-0.0013121385,-0.0,0.0,0.0
37.367,0.023776708,0.010679146,-0.010475118,0.0,-0.0,0.0
37.405,0.06348295,0.052217983,-0.033077132,0.0,-0.0,0.0
37.444,0.111741304,0.09925461,-0.120430864,0.0,-0.0,0.0
37.465,0.107465245,0.06565702,-0.14486548,0.0,-0.0,0.0
37.505,0.05309824,-0.004592485,-0.21328238,-0.0,-0.0,0.0
37.545,0.017668055,0.05282885,-0.20656286,0.0,-0.0,0.0
37.565,-0.017762128,0.00029443705,-0.1638023,-0.0,0.0,0.0
37.603,-0.009210016,0.032059427,-0.12409605,-0.0,0.0,0.0
37.644,0.04943305,0.055272307,-0.07522683,0.0,-0.0,0.0
37.664,0.06348295,0.06748962,-0.05506828,0.0,-0.0,0.0
37.704,0.08303064,0.031448565,-0.06300953,0.0,-0.0,0.0
37.745,0.111741304,0.04733106,-0.07339423,0.0009023721,-0.0021262204,0.0013979239
37.764,0.13006726,0.076652594,-0.11554394,0.0,-0.0,0.0
37.804,0.1257912,0.09070249,-0.20961718,0.0,-0.0,0.0
37.843,0.06714814,0.057104904,-0.32323813,0.0,-0.0,0.0
37.863,0.050043914,0.07298741,-0.35561398,0.0,-0.0,0.0
37.903,0.14106284,0.23181236,-0.5046651,0.0,-0.0,0.0
37.946,0.14656062,0.07909606,-0.6421098,0.0,-0.0,0.0
37.983,0.1416737,0.20249084,-0.6360011,0.0,-0.0,0.0
38.004,0.124569476,0.20187998,-0.6524945,0.0,-0.0,0.0
38.044,0.11479563,0.09009163,-0.5926297,0.0,-0.0,0.0
38.066,0.20459282,0.13529566,-0.57063854,0.0,-0.0,0.0
38.104,0.27606407,0.11941316,-0.51566064,0.0,-0.0,0.0
38.145,0.27789664,0.12674354,-0.47778702,0.0,-0.0,0.0
38.185,0.30416384,0.08398298,-0.43563733,0.0,-0.0,0.0
38.204,0.27300975,0.108417585,-0.38127032,0.0,-0.0,0.0
38.245,0.12701294,0.06504615,-0.35500312,0.0,-0.0,0.0
38.284,0.14778236,0.082150385,-0.32995763,0.004146772,-0.0073174345,0.016428813
38.305,0.15205841,0.06748962,-0.30246872,0.0,-0.0,0.0
38.343,0.14228456,0.06321356,-0.25970814,0.0,-0.0,0.0
38.384,0.22719485,0.060770094,-0.21206066,0.0,-0.0,0.0
38.405,0.20092763,0.04916366,-0.1723544,0.0,-0.0,0.0
38.444,0.15694533,0.036335487,-0.116154805,0.0,-0.0,0.0
38.485,0.1276238,0.022285586,-0.07095078,0.0,-0.0,0.0
38.507,0.09524794,0.0082356855,-0.03979665,0.0,-0.0,0.0
38.546,0.13434333,0.022285586,-0.02941194,0.0,-0.0,0.0
38.584,0.13373245,0.018620394,-0.06606386,0.0,-0.0,0.0
38.604,0.15877792,0.011900877,-0.05506828,0.0,-0.0,0.0
38.644,0.16916265,0.015566069,-0.04224011,0.0,-0.0,0.0
38.683,0.009115942,-0.0003164282,-0.008642522,-5.3355114e-07,-1.5374242e-05,1.45757995e-05
38.704,0.007894211,-0.00520335,0.008461705,-0.0,-0.0,-0.0
38.743,0.01461373,-0.011312002,0.0029639183,-0.0,-0.0,-0.0
38.783,-0.020205589,-0.0003164282,0.024955066,-0.0,0.0,0.0
38.822,-0.050137985,-0.03391402,0.017013818,-0.0002861712,0.0004231367,-0.00014351965
38.843,-0.06418789,-0.034524884,0.020068146,-0.0,0.0,0.0
38.883,-0.033644628,-0.01680979,0.032896318,-0.0,0.0,0.0
38.922,0.022554977,0.0051813587,0.021900741,-0.0,-0.0,0.0
38.942,0.012781134,-0.0003164282,0.01823555,-0.0,-0.0,-0.0
38.983,-0.018372994,-0.026583634,0.026787663,-0.0,0.0,0.0
39.024,-0.04097501,-0.021085845,0.014570358,-0.0,0.0,0.0
39.043,-0.027535973,-0.017420655,0.019457279,-0.0,0.0,0.0
39.084,-0.036088087,-0.00092729344,0.045724485,-0.0,0.0,0.0
39.123,0.023165843,0.010679146,0.011516031,-0.0,-0.0,0.0
39.143,0.06287208,0.022896452,-0.020859826,0.0,-0.0,0.0
39.182,0.10502178,0.021063857,-0.059955202,0.0,-0.0,0.0
39.223,0.11479563,0.008846551,-0.049570493,0.000149639,-0.0019312477,0.0008341136
39.242,-0.094731145,-0.066900745,-0.0061990605,-0.0,-0.0,0.0
39.283,-0.043418467,-0.01436633,0.0005204572,-0.0,0.0,0.0
39.323,0.0011746938,-0.00092729344,0.008461705,-0.0,-0.0,-0.0
39.343,0.0115594035,0.010679146,0.02067901,-0.0,-0.0,0.0
39.383,-0.036088087,-0.006425081,0.040837564,-0.0,0.0,0.0
39.423,-0.07457259,-0.023529308,0.032896318,-0.0,0.0,0.0
39.442,-0.07823779,-0.027805364,0.028009394,-0.0,0.0,0.0
39.482,-0.04586193,-0.031470556,0.049389675,-0.0,0.0,0.0
39.522,-0.08068125,-0.03085969,0.100091495,-0.0,0.0,0.0
39.562,-0.11122451,-0.05895949,0.17828225,-0.0,0.0,0.0
39.584,-0.12405268,-0.07850718,0.21737762,-0.0,0.0,0.0
39.623,-0.1307722,-0.10660698,0.320003,-0.005124997,0.0063872985,-0.0155159095
39.662,-0.15642855,-0.1377611,0.48371488,-0.0,0.0,0.0
39.683,-0.17170016,-0.09683314,0.5765664,-0.0,0.0,0.0
39.722,-0.2816559,-0.09133535,0.72989357,-0.0,0.0,0.0
39.762,-0.40627244,-0.10233092,0.87039256,-0.010277085,0.05329907,-0.11258013
39.782,-0.41787887,-0.081561506,0.8600079,-0.0,0.0,0.0
39.823,-0.41238108,-0.017420655,0.8606187,-0.0,0.0,0.0
39.864,-0.41910058,-0.05285084,0.7512739,-0.0,0.0,0.0
39.883,-0.37939435,-0.03574661,0.5838968,-0.0,0.0,0.0
39.926,-0.31464264,0.00029443705,0.3755917,0.0,-0.0,-0.0
39.964,-0.34274244,-0.071787655,0.24547742,-0.0,0.0,0.0
39.984,-0.30425793,-0.07972891,0.18622349,-0.0,0.0,0.0
40.024,-0.17414363,-0.055905167,0.06038525,-0.0014415664,0.0045024958,-0.0015576319
40.064,-0.05746837,-0.061402954,-0.0061990605,-0.0,-0.0,0.0
40.084,-0.02142732,-0.03574661,-0.008642522,-0.0,-0.0,0.0
40.137,-0.014707803,-0.027805364,0.06343958,-0.0,0.0,0.0
40.164,-0.01898386,-0.03330315,0.10681101,-0.0005069936,0.00028954924,-0.001626729
40.183,-0.00859915,-0.04246613,0.1226935,-0.0,0.0,0.0
40.224,0.0555417,-0.029027093,0.0683265,-0.0,-0.0,-0.0
40.263,0.076921985,-0.01925325,-0.0055881953,-0.0,-0.0,0.0
40.283,0.07020247,-0.038190074,-0.0318554,-0.0,-0.0,0.0
40.322,-0.04586193,-0.007646811,-0.011696848,-0.0,-0.0,0.0
40.363,-0.12038749,-0.032692287,-0.012307713,-0.0,-0.0,0.0
40.402,-0.028757704,0.011900877,-0.0068099257,-0.0,0.0,0.0
40.422,0.0017855591,0.016787797,0.004796514,-0.0,-0.0,0.0
40.462,-0.0067665544,0.0070139547,0.016402954,0.0,-0.0,-0.0
40.502,0.010948538,0.0015161675,0.0017421878,-0.0,-0.0,0.0
40.523,0.0042290203,0.0045704935,0.0017421878,-0.0,-0.0,0.0
40.563,-0.016540397,-0.01925325,-0.016583769,-7.835242e-05,6.7307694e-05,6.748946e-05
40.602,0.0072833463,-0.008257676,-0.022081556,-0.0,-0.0,0.0
40.624,0.015224594,0.0057922243,-0.0025338691,0.0,-0.0,0.0
40.663,-0.017762128,0.0033487633,0.020068146,0.0,-0.0,-0.0
40.705,-0.0061556892,0.0021270327,-0.0013121385,1.8966706e-06,5.4890256e-06,1.170028e-06
40.724,0.012781134,-0.00520335,-0.011696848,-0.0,-0.0,0.0
40.766,0.026831035,-0.01436633,-0.022692423,-0.0,-0.0,0.0
40.802,0.0011746938,-0.024140174,-0.009864252,-0.0,-0.0,0.0
40.827,0.024387574,-0.004592485,-0.017194636,-0.0,-0.0,0.0
40.863,0.006672481,0.0051813587,0.010905167,-0.0,-0.0,0.0
40.905,0.0023964243,0.015566069,0.0011313224,-0.0,-0.0,0.0
40.922,0.0072833463,0.0009053023,-0.012918578,0.0,-0.0,0.0
40.962,-0.041585874,-0.011922868,-0.014140309,-7.284413e-05,0.00025403223,8.638808e-05
41.005,-0.009820881,0.012511741,0.00662911,0.0,-0.0,-0.0
41.023,-0.004323093,0.0021270327,0.010905167,0.0,-0.0,-0.0
41.063,0.035994016,-0.021085845,0.0041856486,-0.0,-0.0,-0.0
41.102,0.07447852,-0.013755464,-0.010475118,-0.0001411173,-0.000764305,0.00010744157
41.123,0.066537276,-0.010090272,-0.014140309,-0.0,-0.0,0.0
41.162,-0.017151264,-0.015588059,0.006018244,-0.0,0.0,0.0
41.202,-0.019594725,0.013733473,0.017013818,0.0,-0.0,-0.0
41.243,0.0023964243,-0.008257676,-0.0019230038,-9.765224e-06,-2.8339355e-06,2.2740605e-06
41.262,0.006672481,-0.005814215,-0.012918578,-0.0,-0.0,0.0
41.305,0.0133919995,-0.0015381586,-0.022692423,-0.0,-0.0,0.0
41.343,-0.0018796324,0.0009053023,-0.0037555995,-0.0,0.0,0.0
41.363,-0.010431745,0.031448565,0.015792089,0.0,-0.0,-0.0
41.402,-0.046472795,-0.01436633,0.021289876,-0.0,0.0,0.0
41.443,-0.00065790187,-0.0003164282,0.021900741,-0.0,0.0,0.0
41.463,0.033550553,0.011900877,0.0121268965,-0.0,-0.0,0.0
41.503,0.018889787,0.00029443705,0.0041856486,7.644269e-07,-4.9059377e-05,-1.0870686e-05
41.543,0.018278921,-0.0027598892,-0.009864252,-0.0,-0.0,0.0
41.562,0.015224594,0.017398665,0.0017421878,-0.0,-0.0,0.0
41.602,-0.023259915,0.015566069,0.009072571,0.0,-0.0,-0.0
41.642,-0.03425549,0.010679146,0.026787663,6.419775e-05,0.00020586875,-0.00016099922
41.663,-0.029368568,0.0051813587,0.026176797,0.0,-0.0,-0.0
41.702,-0.0012687672,-0.00092729344,0.009683436,-0.0,0.0,0.0
41.743,0.0042290203,-0.00520335,0.0023530528,-0.0,-0.0,-0.0
41.762,0.009115942,-0.013755464,0.0029639183,-0.0,-0.0,-0.0
41.802,0.033550553,-0.011312002,0.0029639183,-0.0,-0.0,-0.0
41.843,-0.003712228,-0.0027598892,0.010905167,-0.0,0.0,0.0
41.861,-0.0024904977,-0.008868542,0.0011313224,-0.0,0.0,0.0
41.902,-0.025092512,0.0070139547,0.024955066,3.397045e-05,0.00012150139,-0.00012083996
41.943,-0.017762128,-0.00520335,0.004796514,-0.0,0.0,0.0
41.962,-0.012875207,0.0009053023,-9.040806e-05,-0.0,0.0,0.0
42.002,-0.0061556892,-0.0015381586,-0.0037555995,-0.0,-0.0,0.0
42.044,0.0011746938,0.0051813587,0.010905167,8.435895e-06,-1.912626e-06,-1.7754995e-05
42.063,0.0115594035,-0.018642385,0.00662911,-0.0,-0.0,-0.0
42.103,0.0133919995,0.009457416,0.011516031,-0.0,-0.0,0.0
42.144,-0.018372994,-0.0027598892,0.00785084,-0.0,0.0,0.0
42.164,-0.028146837,-0.0039816196,0.008461705,-0.0,0.0,0.0
42.204,-0.007988284,-0.0027598892,0.007239975,-0.0,0.0,0.0
42.246,0.03110709,0.0027378981,-9.040806e-05,0.0,-0.0,0.0
42.265,0.036604878,0.010068282,0.0017421878,-0.0,-0.0,0.0
42.304,0.038437475,-0.013144598,-0.015972905,-0.0,-0.0,0.0
42.345,0.02866363,-0.022307577,-0.028190209,-0.0,-0.0,0.0
42.367,0.0072833463,0.016176933,-0.015362039,0.0,-0.0,0.0
42.402,-0.07884865,-0.03757921,0.021289876,-0.0,0.0,0.0
42.443,-0.01898386,0.032670297,0.049389675,0.0002727101,0.00015838958,-0.0004122447
42.482,0.0133919995,-0.002149024,0.018846415,-0.0,-0.0,-0.0
42.503,0.01950065,-0.005814215,0.0011313224,-0.0,-0.0,-0.0
42.542,0.021333246,0.0021270327,-0.008642522,0.0,-0.0,0.0
42.583,-0.011042611,-0.006425081,-0.0013121385,-1.1075302e-05,1.9034767e-05,2.2619136e-06
42.602,-0.014707803,-0.007646811,0.0035747832,-0.0,0.0,0.0
42.641,-4.7036625e-05,0.0045704935,0.006018244,0.0,-0.0,-0.0
42.683,0.0011746938,-0.016198926,-0.0061990605,-0.0,-0.0,0.0
42.701,0.010337672,0.025339913,0.0035747832,-0.0,-0.0,0.0
42.745,-0.0073774196,-0.015588059,-0.0074207913,-0.0,-0.0,0.0
42.782,0.051265646,-0.010090272,-0.019638095,-0.0,-0.0,0.0
42.802,0.046378724,-0.0003164282,-0.015362039,-0.0,-0.0,0.0
42.843,-0.016540397,-0.013144598,-0.0013121385,-3.7345544e-05,4.699328e-05,3.7288278e-06
42.883,-0.033644628,0.032670297,0.03472891,0.0,-0.0,-0.0
42.903,-0.049527124,-0.004592485,0.025565932,-0.0,0.0,0.0
42.943,-0.0134860715,0.0045704935,-0.011085982,-0.0,0.0,0.0
42.988,-0.026314242,-0.01803152,-0.034909725,-0.000114464565,0.00016700382,0.00022158159
43.007,-0.015929533,-0.013144598,-0.023303287,-0.0,-0.0,0.0
43.045,0.0133919995,-0.01925325,0.004796514,-0.0,-0.0,-0.0
43.085,0.037826605,0.00029443705,0.009072571,-0.0,-0.0,0.0
43.104,0.020722382,0.00762482,0.004796514,-0.0,-0.0,0.0
43.143,-0.04708366,-0.004592485,0.007239975,-0.0,0.0,0.0
43.183,-0.059911832,0.010068282,0.0121268965,0.0,-0.0,-0.0
43.224,-0.039753277,0.014344337,0.01823555,0.0,-0.0,-0.0
43.245,-0.031201165,0.0039596288,0.02312247,0.0,-0.0,-0.0
43.284,0.010948538,-0.0015381586,0.011516031,-0.0,-0.0,-0.0
43.325,-0.0031013628,0.0082356855,0.014570358,0.0,-0.0,-0.0
43.344,-0.034866355,-0.013755464,0.017624684,-0.0,0.0,0.0
43.385,-0.06663135,0.011290011,0.042059295,0.000120777346,0.00071183214,-0.00044938555
43.425,-0.051970582,0.0033487633,0.05794179,0.0,-0.0,-0.0
43.445,-0.039753277,0.010068282,0.053665735,0.0,-0.0,-0.0
43.484,-0.0049339584,0.0021270327,0.017624684,0.0,-0.0,-0.0
43.526,-0.009820881,-0.0003164282,0.0035747832,-4.4403646e-07,1.3782492e-05,-5.0167987e-06
43.545,-0.020205589,-0.004592485,0.0011313224,-0.0,0.0,0.0
43.584,-0.031201165,-0.002149024,0.014570358,-0.0,0.0,0.0
43.625,-0.04708366,-0.00092729344,0.042670157,-0.0,0.0,0.0
43.645,-0.049527124,0.0039596288,0.051222272,0.0,-0.0,-0.0
43.687,-0.06113356,-0.007035946,0.057330925,-0.0,0.0,0.0
43.709,-0.063577026,-0.00092729344,0.05000054,-0.0,0.0,0.0
43.747,-0.08312471,-0.024140174,0.035950642,-0.0,0.0,0.0
43.785,-0.075183466,-0.01680979,0.013348627,-0.00017634628,0.0007889858,-0.00014001061
43.829,0.009115942,0.0009053023,-0.00497733,0.0,-0.0,0.0
43.848,0.01950065,0.0033487633,-0.0074207913,0.0,-0.0,0.0
43.885,0.029274495,-0.029027093,-0.02024896,-0.0,-0.0,0.0
43.923,0.06103949,0.0021270327,-0.0031447343,1.7465834e-05,-0.00050103146,2.5817366e-05
43.950,0.050043914,-0.0027598892,-0.0019230038,-0.0,-0.0,0.0
43.984,0.14656062,0.14812383,0.0017421878,-0.0,-0.0,0.0
44.024,-0.27249295,-0.09988747,-0.015362039,-0.0,-0.0,0.0
44.045,-0.27371466,-0.12432207,-0.017194636,-0.0,-0.0,0.0
44.084,0.14778236,0.0589375,0.0029639183,-0.0,-0.0,0.0
44.124,0.11051957,-0.018642385,-0.027579343,-0.0,-0.0,0.0
44.165,0.0836415,-0.002149024,-0.019638095,-0.0,-0.0,0.0
44.185,0.06470468,-0.009479407,-0.013529444,-8.4928506e-05,-0.00057995145,0.00012123941
44.223,-0.004323093,0.011900877,-0.0007012733,-0.0,0.0,0.0
44.263,-0.028757704,0.0015161675,-0.0055881953,-0.0,0.0,0.0
44.283,-0.007988284,0.017398665,0.0023530528,0.0,-0.0,-0.0
44.323,0.024387574,-0.01803152,-0.030633671,-0.000104315055,-0.00014111194,0.00017723428
44.364,0.11051957,0.016787797,-0.055679146,0.0,-0.0,0.0
44.384,0.16488658,0.045498468,-0.06239866,0.0,-0.0,0.0
44.424,0.09891313,-0.0003164282,-0.024525018,-0.0,-0.0,0.0
44.464,-0.003712228,-0.005814215,0.035950642,-2.8564897e-05,1.824151e-05,-0.00017663308
44.484,-0.026925107,-0.009479407,0.039615832,-0.0,0.0,0.0
44.525,-0.028146837,-0.021696713,-0.0043664644,-0.0,-0.0,0.0
44.563,-0.009210016,-0.010090272,-0.048348762,-0.0,-0.0,0.0
44.585,0.006672481,-0.010090272,-0.05384655,-0.0,-0.0,0.0
44.623,0.052487373,-0.019864116,-0.044683572,-0.0,-0.0,0.0
44.664,0.0005638286,0.06015923,0.0011313224,-0.0,-0.0,0.0
44.703,-0.09534202,-0.04552046,0.0017421878,-0.0,0.0,0.0
44.724,0.024998438,0.0070139547,-0.0043664644,2.4786088e-05,-8.833748e-05,1.5430991e-05
44.763,0.10685438,0.019842125,-0.019638095,0.0,-0.0,0.0
44.784,0.050654776,-0.01436633,-0.011696848,-0.0,-0.0,0.0
44.823,0.01583546,-0.014977193,-0.012307713,-0.0,-0.0,0.0
44.863,0.017668055,0.012511741,-0.008642522,3.9146584e-05,-5.527801e-05,2.704118e-05
44.904,-0.026925107,-0.01925325,-0.010475118,-0.0,-0.0,0.0
44.923,-0.0446402,0.022285586,0.01823555,0.0,-0.0,-0.0
44.964,-0.0024904977,-0.0003164282,0.0029639183,-0.0,0.0,0.0
45.004,0.06226122,-0.008257676,-0.044683572,-8.527901e-05,-0.0006441288,0.00046223617
45.024,0.06348295,-0.0003164282,-0.053235684,-0.0,-0.0,0.0
45.064,0.031717956,-0.011922868,-0.044072703,-0.0,-0.0,0.0
45.103,-0.0067665544,-0.027194498,-0.020859826,-0.0,-0.0,0.0
45.123,0.010337672,-0.008868542,-0.015362039,-2.4437408e-05,-2.848684e-05,4.2331038e-05
45.164,-0.17170016,0.06932221,0.009683436,0.0,-0.0,-0.0
45.204,-0.24561487,-0.061402954,-0.0031447343,-0.0,-0.0,0.0
45.223,-0.09228769,-0.04552046,0.013959493,-0.0,0.0,0.0
45.264,0.14594975,0.0082356855,0.02984199,0.00016403492,-0.0029224819,-0.0005973034
45.303,0.20642541,-0.0039816196,0.01823555,-0.0,-0.0,-0.0
45.324,0.20764714,-0.006425081,-0.0055881953,-0.0,-0.0,0.0
45.364,0.09036102,-0.029027093,-0.040407512,-0.0,-0.0,0.0
45.403,-0.06113356,-0.008257676,-0.040407512,-8.18528e-05,0.00060506375,0.00039996518
45.424,-0.104504995,-0.002149024,-0.018416364,-0.0,-0.0,0.0
45.463,-0.16681325,0.14201517,0.023733336,0.0,-0.0,-0.0
45.504,-0.24439313,-0.10233092,0.01823555,-0.0,0.0,0.0
45.543,0.08241977,0.03572462,0.032896318,0.00045845716,-0.0010583121,-0.00042212437
45.564,0.22047532,0.016176933,0.028009394,-0.0,-0.0,0.0
45.603,0.2522403,-0.005814215,-0.012918578,-0.0,-0.0,0.0
45.624,0.20092763,-0.019864116,-0.015972905,-0.0,-0.0,0.0
45.664,0.046378724,-0.030248825,-0.019027231,-0.00023767601,-0.00036447405,0.0001494777
45.705,-0.065409616,0.0045704935,-0.0074207913,-0.0,0.0,0.0
45.744,-0.10389413,0.14018257,0.024344202,0.0,-0.0,-0.0
45.763,-0.19002612,0.03694635,0.006018244,0.0,-0.0,-0.0
45.804,-0.26149738,-0.18601947,-0.028190209,-0.008048068,0.011298404,0.0012640484
45.843,0.21619926,0.050996255,0.021900741,-0.0,-0.0,0.0
45.864,0.34631357,0.032670297,0.010294301,-0.0,-0.0,0.0
45.903,0.27239886,0.025339913,0.028009394,-0.0,-0.0,0.0
45.943,0.10685438,-0.022918442,-9.040806e-05,-0.00033615343,-0.0015672771,1.0626154e-06
45.963,0.022554977,-0.026583634,-0.022081556,-0.0,-0.0,0.0
46.003,-0.11977663,-0.0033707544,-0.041018378,-0.0,-0.0,0.0
46.044,-0.21018468,-0.007035946,-0.025135884,-0.0,-0.0,0.0
46.063,-0.3262491,-0.1957933,-0.030022804,-0.010040011,0.016698644,0.0016213405
46.104,0.0573743,0.041833274,0.031063719,-0.0,-0.0,0.0
46.143,0.2436882,0.038778946,0.029231124,-0.0,-0.0,0.0
46.164,0.18687773,-0.025361905,0.025565932,-0.0,-0.0,-0.0
46.203,0.10807611,-0.0003164282,0.017624684,-4.8562415e-06,-0.0015883817,-0.00025903186
46.243,-0.00859915,0.0070139547,0.007239975,0.0,-0.0,-0.0
46.263,-0.07457259,0.016176933,0.007239975,0.0,-0.0,-0.0
46.303,-0.1307722,-0.005814215,-0.010475118,-0.0,-0.0,0.0
46.344,-0.04586193,-0.0033707544,-0.019027231,-2.2534454e-05,0.00030633376,0.000127096
46.365,0.0054507502,-0.018642385,-0.026357615,-0.0,-0.0,0.0
46.405,0.13923024,0.00762482,-0.0068099257,0.0,-0.0,0.0
46.443,0.15205841,0.025950776,0.030452855,-0.0,-0.0,0.0
46.484,-0.011653476,0.010068282,0.03717237,5.4379034e-05,6.2927946e-05,-0.00020074726
46.503,-0.05746837,-0.004592485,0.016402954,-0.0,0.0,0.0
46.543,-0.065409616,-0.005814215,-0.036131456,-0.0,-0.0,0.0
46.584,-0.08068125,0.085204706,-0.022081556,-0.0,0.0,0.0
46.605,-0.14115691,0.076652594,-0.023303287,0.0016689446,0.003075237,0.0005050485
46.644,-0.32136214,-0.022307577,-0.0178055,-0.0,-0.0,0.0
46.683,-0.012875207,-0.031470556,0.035339776,-0.0,0.0,0.0
46.704,0.23574695,0.0888699,0.06588304,-0.0,-0.0,0.0
46.743,0.32554412,0.024729047,0.04633535,0.0010794611,-0.014405103,-0.0020424067
46.783,0.17282784,-0.039411806,0.0017421878,-0.0,-0.0,-0.0
46.803,0.07936545,-0.031470556,-0.018416364,-0.0,-0.0,0.0
46.844,-0.081292115,0.009457416,-0.036131456,-0.0,0.0,0.0
46.883,-0.2046869,-0.002149024,0.0041856486,-5.8724923e-05,0.005624094,-0.00011484233
46.903,-0.1710893,-0.018642385,0.0005204572,-0.0,0.0,0.0
46.944,-0.0073774196,0.0033487633,-0.0068099257,-0.0,0.0,0.0
46.983,0.09524794,0.011290011,-0.011696848,0.0,-0.0,0.0
47.004,0.13189986,0.013733473,0.0011313224,0.00024441516,-0.002347652,-1.9849183e-05
47.043,0.084252365,-0.008868542,0.013959493,-0.0,-0.0,-0.0
47.083,0.0036181547,0.03694635,0.023733336,-0.0,-0.0,0.0
47.103,-0.08068125,0.0057922243,0.00785084,0.0,-0.0,-0.0
47.145,-0.1148897,-0.027194498,-0.024525018,-0.0004404827,0.0018592764,0.0003973202
47.185,-0.0049339584,0.0015161675,-0.028801074,-0.0,0.0,0.0
47.204,0.0414918,0.0064030895,-0.015362039,0.0,-0.0,0.0
47.245,0.06165035,0.011290011,0.02984199,-0.0,-0.0,0.0
47.285,0.009115942,0.0082356855,0.03228545,3.8180595e-05,-4.226782e-05,-0.00014968678
47.305,-0.014096937,-0.004592485,0.015181223,-0.0,0.0,0.0
47.345,-0.033644628,-0.01680979,-0.027579343,-0.0,-0.0,0.0
47.384,0.023776708,-0.02963796,-0.0459053,-0.0,-0.0,0.0
47.425,0.07508939,-0.02841623,-0.027579343,-0.00032363055,-0.00085559394,0.00031409124
47.445,0.08180891,-0.01803152,-0.012918578,-0.0,-0.0,0.0
47.485,-0.15031989,-0.043076996,0.03350718,-0.0,0.0,0.0
47.524,-0.059300963,0.07054394,0.048167948,0.0,-0.0,-0.0
47.544,-0.032422893,0.014344337,0.027398527,8.62812e-05,0.00019498031,-0.00016477989
47.583,0.01705719,0.0045704935,-0.0019230038,0.0,-0.0,0.0
47.624,0.07142419,-0.0039816196,-0.009864252,-0.0,-0.0,0.0
47.643,0.04760045,-0.018642385,-0.008031656,-0.0,-0.0,0.0
47.683,-0.0049339584,-0.007035946,0.0121268965,-1.403577e-05,9.84284e-06,-2.419167e-05
47.723,-0.07212914,-0.02841623,0.00662911,-0.0,0.0,0.0
47.743,-0.058079235,0.013733473,0.0023530528,0.0,-0.0,-0.0
47.784,-0.047694527,-0.030248825,-0.012307713,-0.0,-0.0,0.0
47.823,-0.0073774196,0.013733473,0.017624684,4.337297e-05,2.3297765e-05,-5.5661843e-05
47.844,-0.012264341,-0.009479407,0.026176797,-0.0,0.0,0.0
47.883,0.028052764,0.010679146,0.009683436,-0.0,-0.0,0.0
47.924,-0.00065790187,-0.010701138,-0.024525018,-0.0,-0.0,0.0
47.944,-0.033644628,0.0057922243,-0.011696848,2.8050597e-05,0.0001629619,5.6652563e-05
47.984,-0.047694527,-0.009479407,0.0029639183,-0.0,0.0,0.0
48.025,0.012781134,-0.015588059,-0.010475118,-0.0,-0.0,0.0
48.044,0.033550553,0.12124576,0.0023530528,-0.0,-0.0,0.0
48.085,-0.110613644,-0.071787655,-0.008642522,-0.0012733719,0.0019617362,0.00015453222
48.124,0.04271353,-0.0027598892,-0.014751174,-0.0,-0.0,0.0
48.145,0.14472803,0.04366587,-0.012918578,0.0,-0.0,0.0
48.189,0.08486324,0.0070139547,0.012737762,-0.0,-0.0,0.0
48.226,-4.7036625e-05,-0.0039816196,0.025565932,-1.3827221e-05,1.6396096e-07,-8.8784465e-05
48.264,-0.051970582,0.0015161675,0.0041856486,0.0,-0.0,-0.0
48.284,-0.09045509,-0.010090272,-0.0074207913,-0.0,-0.0,0.0
48.324,-0.056857504,-0.013144598,-0.02941194,-0.0,-0.0,0.0
48.364,0.0573743,0.013122607,0.0017421878,-0.0,-0.0,0.0
48.386,0.066537276,0.01923126,0.022511607,-0.0,-0.0,0.0
48.424,0.037215743,0.010679146,0.029231124,-0.0,-0.0,0.0
48.464,-0.019594725,0.014955203,0.011516031,0.0,-0.0,-0.0
48.485,-0.0446402,-0.016198926,-0.008642522,-0.00010495187,0.00028919592,5.6005236e-05
48.524,-0.036698952,0.0027378981,-0.024525018,-0.0,0.0,0.0
48.565,-0.0018796324,-0.0003164282,-0.021470692,-0.0,-0.0,0.0
48.585,0.0115594035,-0.022307577,-0.014751174,-0.0,-0.0,0.0
48.624,0.0555417,0.0064030895,0.0121268965,4.9146085e-05,-0.00042647764,-9.310554e-05
48.665,-0.0067665544,0.008846551,0.027398527,0.0,-0.0,-0.0
48.686,-0.029979434,-0.007646811,0.023733336,-0.0,0.0,0.0
48.725,-0.003712228,-0.00520335,-0.019027231,-0.0,-0.0,0.0
48.765,0.008505076,0.0015161675,-0.04224011,8.779623e-06,-4.9215258e-05,0.00024443108
48.785,0.0030072897,-0.018642385,-0.036131456,-0.0,-0.0,0.0
48.825,0.044546127,0.02045299,-0.0025338691,0.0,-0.0,0.0
48.867,0.0414918,0.014344337,0.016402954,-0.0,-0.0,0.0
48.884,0.043324396,0.008846551,-0.0013121385,5.252711e-05,-0.00025723697,7.7975355e-06
48.927,0.046989586,-0.004592485,-0.047737896,-0.0,-0.0,0.0
48.965,0.015224594,-0.0039816196,-0.056900874,-0.0,-0.0,0.0
48.985,-0.02264905,0.0039596288,-0.030022804,-0.0,0.0,0.0
49.024,0.015224594,0.022285586,0.004796514,8.1993254e-05,-5.6015473e-05,-1.7645172e-05
49.064,-0.00859915,-0.0027598892,0.024344202,-0.0,0.0,0.0
49.675,-0.0428076,0.0015161675,0.023733336,0.0,-0.0,-0.0
49.704,-0.0153186675,0.0057922243,0.03350718,2.9000423e-05,7.667784e-05,-0.00016772716
49.744,-0.0031013628,0.0039596288,0.013348627,0.0,-0.0,-0.0
49.765,-0.015929533,0.00762482,0.014570358,0.0,-0.0,-0.0
49.803,-0.026314242,-0.0003164282,0.01823555,-0.0,0.0,0.0
49.824,-0.039753277,0.011900877,0.036561508,8.8379165e-05,0.00029507294,-0.00027140582
49.863,-0.015929533,0.013122607,0.04389189,0.0,-0.0,-0.0
49.903,-0.0153186675,-0.0033707544,0.017013818,-0.0,0.0,0.0
49.944,-0.015929533,-0.008868542,0.008461705,-0.0,0.0,0.0
49.964,0.0042290203,0.00029443705,0.007239975,3.3153376e-07,-4.762123e-06,-8.15263e-06
50.005,0.01950065,0.00762482,0.013348627,-0.0,-0.0,0.0
50.045,0.007894211,-0.002149024,0.010905167,-0.0,-0.0,-0.0
50.064,-0.003712228,0.0082356855,0.015792089,0.0,-0.0,-0.0
50.103,-0.036698952,-0.0033707544,0.02312247,-1.9668456e-05,0.00021429834,-0.00013501744
50.144,-0.0305903,0.0039596288,0.036561508,0.0,-0.0,-0.0
50.164,-0.022038186,-0.012533734,0.029231124,-0.0,0.0,0.0
50.204,0.020722382,0.0051813587,0.02067901,-0.0,-0.0,0.0
50.246,0.028052764,0.0009053023,-0.0019230038,0.0,-0.0,0.0
50.265,0.0072833463,-0.010701138,-0.0068099257,-0.0,-0.0,0.0
50.304,-0.012264341,0.0021270327,0.007239975,0.0,-0.0,-0.0
50.344,-0.023870781,0.0009053023,0.020068146,0.0,-0.0,-0.0
50.364,-0.0031013628,-0.00092729344,0.022511607,-2.8302643e-06,9.467097e-06,-6.871731e-05
50.404,0.023776708,0.00762482,0.013348627,-0.0,-0.0,0.0
50.445,0.0030072897,0.0009053023,0.0023530528,-0.0,-0.0,0.0
50.464,-0.0024904977,-0.006425081,0.0011313224,-0.0,0.0,0.0
50.505,-0.009820881,0.00029443705,-9.040806e-05,3.882981e-07,1.2951621e-05,1.1922619e-07
50.544,-0.0073774196,-0.012533734,-0.0031447343,-0.0,-0.0,0.0
50.564,0.0097268075,0.009457416,-0.0007012733,0.0,-0.0,0.0
50.604,0.0097268075,-0.012533734,-0.0031447343,-0.0,-0.0,0.0
50.643,0.0036181547,-0.0027598892,0.0035747832,-2.1435867e-06,-2.8101877e-06,-2.7765072e-06
50.664,0.006672481,0.014344337,0.009072571,-0.0,-0.0,0.0
50.704,0.0023964243,0.0064030895,-0.010475118,0.0,-0.0,0.0
50.747,-0.01898386,-0.007646811,-0.008031656,-0.0,-0.0,0.0
50.784,-0.014707803,0.024729047,0.015181223,0.0,-0.0,-0.0
50.803,-0.022038186,-0.0015381586,0.020068146,-0.0,0.0,0.0
50.846,0.007894211,0.0015161675,-0.0074207913,0.0,-0.0,0.0
50.883,0.020722382,-0.011312002,-0.037353188,-0.0,-0.0,0.0
50.904,-0.0018796324,-0.017420655,-0.030633671,-8.2515675e-05,8.897119e-06,0.00014510044
50.944,-4.7036625e-05,-0.0015381586,0.00785084,-0.0,0.0,0.0
50.985,0.032939687,-0.0003164282,0.0029639183,-0.0,-0.0,-0.0
51.004,0.03904834,-0.004592485,-0.0055881953,-0.0,-0.0,0.0
51.045,-0.003712228,-0.005814215,-0.010475118,-9.787835e-06,6.2491613e-06,1.7634078e-05
51.084,-0.03303376,0.0051813587,0.007239975,0.0,-0.0,-0.0
51.105,-0.036088087,0.0015161675,0.014570358,0.0,-0.0,-0.0
51.145,-0.009210016,-0.0033707544,0.010905167,-0.0,0.0,0.0
51.184,0.024387574,-0.009479407,-0.015362039,-0.0,-0.0,0.0
51.207,0.02866363,0.0021270327,-0.016583769,0.0,-0.0,0.0
51.246,-4.7036625e-05,-0.010090272,-0.021470692,-0.0,-0.0,0.0
51.284,-0.0153186675,0.0027378981,0.00785084,0.0,-0.0,-0.0
51.304,-0.017151264,-0.0003164282,0.01823555,-1.061518e-06,5.7632886e-05,-6.127631e-05
51.346,-4.7036625e-05,0.0039596288,0.026787663,0.0,-0.0,-0.0
51.385,-0.0055448236,-0.006425081,0.0029639183,-0.0,0.0,0.0
51.404,-0.0061556892,-0.007646811,-0.008031656,-0.0,-0.0,0.0
51.445,-0.0073774196,-0.0015381586,-0.012307713,-2.9795524e-06,1.4289877e-05,2.3839812e-05
51.484,-0.012875207,0.0009053023,-0.009864252,-0.0,0.0,0.0
51.508,-0.007988284,-0.008257676,-0.00497733,-0.0,-0.0,0.0
51.545,0.0023964243,0.014344337,0.016402954,-0.0,-0.0,0.0
51.584,-0.009210016,-0.002149024,0.015792089,-5.3089307e-06,2.275435e-05,-3.9015842e-05
51.626,-0.0031013628,-0.002149024,-0.008031656,-0.0,-0.0,0.0
51.644,0.0023964243,0.0070139547,-0.015362039,0.0,-0.0,0.0
51.685,0.0017855591,-0.00520335,-0.015972905,-0.0,-0.0,0.0
51.726,0.009115942,0.0045704935,-0.0074207913,0.0,-0.0,0.0
51.746,0.004839885,0.00762482,0.0041856486,-0.0,-0.0,0.0
51.784,0.0011746938,0.022896452,0.017013818,-0.0,-0.0,0.0
51.824,-0.023259915,-0.011312002,0.009683436,-0.0,0.0,0.0
51.844,-0.009210016,-0.014977193,-0.012307713,-4.3143573e-05,2.6529484e-05,3.5454003e-05
51.885,0.029885361,-0.010090272,-0.050792225,-0.0,-0.0,0.0
51.925,0.014002864,-0.016198926,-0.032466266,-0.0,-0.0,0.0
51.943,0.0072833463,0.031448565,-0.0055881953,0.0,-0.0,0.0
51.984,-0.07823779,-0.039411806,0.03350718,-0.0004959234,0.000984992,-0.00042155708
52.023,-0.0031013628,0.022285586,0.017013818,0.0,-0.0,-0.0
52.043,0.023776708,0.016176933,0.00785084,-0.0,-0.0,0.0
52.494,0.006672481,0.0021270327,-0.0037555995,0.0,-0.0,0.0
52.524,-0.003712228,0.0027378981,-0.0037555995,2.1858118e-06,2.9636815e-06,2.998301e-06
52.564,0.01583546,-0.006425081,0.00662911,-0.0,-0.0,-0.0
52.585,0.022554977,-0.01925325,0.005407379,-0.0,-0.0,-0.0
52.624,0.014002864,-0.0039816196,0.0029639183,-0.0,-0.0,-0.0
52.666,-0.023870781,-0.0027598892,-0.0025338691,-0.0,-0.0,0.0
52.684,-0.02264905,-0.027805364,-0.022081556,-0.0,-0.0,0.0
52.724,-0.017151264,-0.0027598892,-0.0043664644,-0.0,-0.0,0.0
52.764,0.0036181547,0.009457416,-0.00497733,0.0,-0.0,0.0
52.784,0.01705719,0.0039596288,0.009683436,1.0633691e-05,-4.581025e-05,-2.6006343e-05
52.825,0.014002864,-0.007646811,-0.0007012733,-0.0,-0.0,0.0
52.865,-0.009210016,0.010068282,0.017624684,0.0,-0.0,-0.0
52.884,-0.028146837,-0.007646811,0.00785084,-0.0,0.0,0.0
52.924,-0.012875207,-0.015588059,-0.028801074,-7.362592e-05,6.0804083e-05,0.00013602857
52.963,0.0017855591,-0.01803152,-0.037353188,-0.0,-0.0,0.0
52.984,-0.00065790187,-0.0027598892,-0.02024896,-0.0,-0.0,0.0
53.024,0.01705719,0.00029443705,0.019457279,-0.0,-0.0,0.0
53.065,0.039659202,0.0064030895,0.0121268965,-0.0,-0.0,0.0
53.104,0.0017855591,0.0027378981,-0.008031656,0.0,-0.0,0.0
53.124,-0.011042611,0.02167472,-0.009253386,-0.0,0.0,0.0
53.164,-0.02264905,-0.00092729344,-0.0068099257,-0.0,-0.0,0.0
53.184,-0.012264341,-0.006425081,-0.0074207913,-1.3546759e-05,2.5857871e-05,1.5646074e-05
53.224,0.01461373,0.0051813587,0.010294301,-0.0,-0.0,0.0
53.264,0.0274419,0.0057922243,0.0017421878,-0.0,-0.0,0.0
53.304,0.015224594,-0.0015381586,-0.010475118,-0.0,-0.0,0.0
53.323,0.010337672,-0.0003164282,-0.017194636,-8.515404e-07,-2.7840802e-05,4.6307527e-05
53.364,0.03110709,0.008846551,-0.017194636,0.0,-0.0,0.0
53.403,0.051265646,-0.002149024,-0.0178055,-0.0,-0.0,0.0
53.424,0.065315545,-0.0033707544,-0.021470692,-0.0,-0.0,0.0
53.463,0.056763433,-0.006425081,-0.022692423,-5.2963096e-05,-0.0004683034,0.00018720012
53.504,0.0414918,-0.013755464,-0.030633671,-0.0,-0.0,0.0
53.525,0.040270068,0.0021270327,-0.036131456,0.0,-0.0,0.0
53.565,0.07142419,-0.002149024,-0.048959628,-0.0,-0.0,0.0
53.604,0.036604878,-0.0015381586,-0.025746748,-0.0,-0.0,0.0
53.623,0.018889787,-0.007035946,-0.017194636,-0.0,-0.0,0.0
53.664,0.024998438,0.0027378981,-0.0037555995,0.0,-0.0,0.0
53.703,0.008505076,-0.00092729344,0.0005204572,-0.0,-0.0,-0.0
53.724,-0.0073774196,-0.012533734,-0.0068099257,-2.7015565e-05,1.5901232e-05,1.4678458e-05
53.764,-0.062355295,-0.0039816196,-9.040806e-05,-0.0,-0.0,0.0
53.804,0.012170268,0.030226834,0.006018244,-0.0,-0.0,0.0
53.824,0.017668055,0.027172508,0.016402954,-0.0,-0.0,0.0
54.212,0.0036181547,0.009457416,0.015181223,2.3163439e-05,-8.862206e-06,-3.7182555e-05
54.243,-0.020205589,0.011900877,0.024955066,0.0,-0.0,-0.0
54.264,-0.010431745,-0.008868542,0.013348627,-2.2760956e-05,2.677382e-05,-3.42594e-05
54.303,0.0036181547,-0.005814215,0.010905167,-0.0,-0.0,-0.0
54.343,-0.0067665544,-0.007035946,0.0017421878,-0.0,0.0,0.0
54.363,-0.004323093,0.008846551,0.007239975,0.0,-0.0,-0.0
54.403,-0.0134860715,-0.00092729344,0.029231124,-0.0,0.0,0.0
54.443,-0.007988284,-0.006425081,0.028620258,-0.0,0.0,0.0
54.463,-0.00859915,0.00029443705,0.02312247,0.0,-0.0,-0.0
54.504,-0.009210016,-0.0027598892,0.0005204572,-0.0,0.0,0.0
54.543,-0.007988284,-0.007035946,-0.009864252,-0.0,-0.0,0.0
54.565,-0.00065790187,-0.006425081,-0.009253386,-0.0,-0.0,0.0
54.604,-0.0031013628,-0.018642385,-0.0019230038,-0.0,-0.0,0.0
54.644,0.010948538,0.0009053023,0.012737762,-0.0,-0.0,0.0
54.663,0.0115594035,0.013122607,0.017624684,4.3728807e-05,-3.852198e-05,-5.873187e-05
54.704,-0.017151264,-0.012533734,0.0041856486,-0.0,0.0,0.0
54.744,-0.019594725,-0.012533734,-0.008642522,-0.0,-0.0,0.0
54.783,0.014002864,0.017398665,-0.019638095,0.0,-0.0,0.0
54.806,0.004839885,-0.01680979,-0.009864252,-4.5308785e-05,-1.3045986e-05,2.6587724e-05
54.845,0.0042290203,-0.008257676,0.005407379,-0.0,-0.0,-0.0
54.865,-0.007988284,0.016787797,0.031063719,0.0,-0.0,-0.0
54.906,-0.009210016,0.0045704935,0.012737762,0.0,-0.0,-0.0
54.943,0.0030072897,-0.010090272,-0.028801074,-0.0,-0.0,0.0
54.985,-0.023259915,0.014344337,-0.015972905,-0.0,0.0,0.0
55.003,-0.03853155,-0.0003164282,0.00785084,-0.0,0.0,0.0
55.044,-0.003712228,-0.006425081,0.013959493,-0.0,0.0,0.0
55.084,0.03477228,0.0039596288,0.0023530528,-0.0,-0.0,0.0
55.104,0.033550553,0.0027378981,-0.0055881953,0.0,-0.0,0.0
55.144,-0.0073774196,-0.007646811,-0.00497733,-0.0,-0.0,0.0
55.184,-0.020205589,-0.0003164282,-0.0013121385,-0.0,-0.0,0.0
55.205,-0.02142732,0.0045704935,0.0023530528,1.3517588e-05,6.337189e-05,-6.9596513e-06
55.244,-0.0049339584,0.008846551,0.014570358,0.0,-0.0,-0.0
55.285,0.016446326,0.009457416,0.0011313224,-0.0,-0.0,0.0
55.304,0.0072833463,0.011290011,0.004796514,-0.0,-0.0,0.0
55.345,-0.025703376,0.0045704935,0.0005204572,0.0,-0.0,-0.0
55.384,-0.00859915,0.00762482,0.0041856486,0.0,-0.0,-0.0
55.406,0.007894211,0.014344337,0.009683436,-0.0,-0.0,0.0
55.447,0.015224594,0.0015161675,0.006018244,-0.0,-0.0,0.0
55.484,0.0115594035,-0.004592485,-0.011085982,-0.0,-0.0,0.0
55.505,0.0097268075,-0.0033707544,-0.0178055,-0.0,-0.0,0.0
55.546,0.006672481,-0.014977193,-0.018416364,-0.0,-0.0,0.0
55.583,-0.03303376,0.0448876,0.007239975,0.0,-0.0,-0.0
55.623,-0.08495731,-0.049796514,-0.0068099257,-0.0,-0.0,0.0
55.644,-0.010431745,-0.010090272,-9.040806e-05,-0.0,-0.0,0.0
56.136,0.08058717,0.02167472,0.010905167,-0.0,-0.0,0.0
56.143,0.004839885,0.011900877,0.00662911,2.3091972e-05,-9.391287e-06,-1.2862777e-05
56.184,-0.014707803,0.0051813587,0.008461705,0.0,-0.0,-0.0
56.223,-0.0073774196,-0.0003164282,0.0035747832,-0.0,0.0,0.0
56.244,-0.0018796324,0.0021270327,-0.0037555995,-0.0,0.0,0.0
56.283,0.004839885,-0.007646811,-0.0061990605,-0.0,-0.0,0.0
56.323,0.018889787,0.0033487633,-0.0074207913,0.0,-0.0,0.0
56.343,-0.0024904977,-0.0003164282,-0.009864252,-0.0,-0.0,0.0
56.383,-0.024481645,-0.007646811,-0.0061990605,-0.0,-0.0,0.0
56.424,0.004839885,0.013122607,0.011516031,-0.0,-0.0,0.0
56.446,0.006061616,0.010068282,0.01823555,-0.0,-0.0,0.0
56.485,0.006672481,0.0057922243,0.013959493,-0.0,-0.0,0.0
56.524,-0.003712228,-0.008257676,-0.008642522,-0.0,-0.0,0.0
56.544,-0.016540397,-0.0039816196,-0.014140309,-1.182314e-05,4.911102e-05,4.1985284e-05
56.583,-0.012264341,-0.0015381586,-0.013529444,-0.0,-0.0,0.0
56.625,0.012170268,-0.007646811,-0.008031656,-0.0,-0.0,0.0
56.664,0.020111516,0.010068282,0.007239975,-0.0,-0.0,0.0
56.684,0.009115942,0.0045704935,0.0121268965,9.719474e-06,-1.9386312e-05,-2.5789264e-05
56.724,-0.0073774196,0.0082356855,0.010905167,0.0,-0.0,-0.0
56.765,-0.0134860715,0.0057922243,-0.0013121385,-0.0,0.0,0.0
56.785,-0.011653476,-0.008868542,-0.010475118,-0.0,-0.0,0.0
56.825,0.0011746938,0.0070139547,-0.0055881953,0.0,-0.0,0.0
56.847,-0.0018796324,0.008846551,0.0017421878,0.0,-0.0,-0.0
56.884,0.010948538,0.0027378981,0.0041856486,-0.0,-0.0,0.0
56.923,0.016446326,-0.007035946,-0.0074207913,-0.0,-0.0,0.0
56.966,0.007894211,0.02167472,0.009683436,-0.0,-0.0,0.0
56.985,-0.014096937,0.00029443705,0.010294301,0.0,-0.0,-0.0
57.024,-0.0031013628,-0.0027598892,-0.014751174,-0.0,-0.0,0.0
57.065,-0.0073774196,-0.00092729344,-0.025746748,-0.0,-0.0,0.0
57.085,-0.022038186,-0.0003164282,-0.014140309,-1.114068e-06,7.74571e-05,4.969868e-05
57.125,-4.7036625e-05,0.0064030895,0.007239975,0.0,-0.0,-0.0
57.164,0.01950065,-0.0015381586,0.009683436,-0.0,-0.0,-0.0
57.185,0.026220169,0.0039596288,0.0035747832,-0.0,-0.0,0.0
57.224,0.006672481,0.0027378981,-0.0037555995,0.0,-0.0,0.0
57.265,-0.025703376,0.00029443705,-0.0007012733,-0.0,0.0,0.0
57.285,-0.023870781,0.0015161675,0.0011313224,0.0,-0.0,-0.0
57.325,0.0017855591,0.0033487633,0.004796514,-0.0,-0.0,0.0
57.365,0.028052764,0.0039596288,-0.0013121385,0.0,-0.0,0.0
57.384,0.03110709,0.00029443705,-0.0013121385,0.0,-0.0,0.0
57.426,0.016446326,0.00029443705,-0.0031447343,0.0,-0.0,0.0
57.468,0.007894211,-0.0003164282,-0.0055881953,-0.0,-0.0,0.0
57.487,0.0133919995,0.011290011,-0.0007012733,2.6563595e-05,-3.1509186e-05,1.6504011e-06
57.525,-0.004323093,0.00029443705,0.009683436,0.0,-0.0,-0.0
57.565,-4.7036625e-05,0.00029443705,0.00785084,0.0,-0.0,-0.0
57.605,-0.0134860715,-0.006425081,0.0011313224,-0.0,0.0,0.0
57.625,-0.017151264,-0.006425081,-0.0025338691,-1.5944866e-05,4.25632e-05,6.288488e-06
57.665,0.015224594,0.011900877,-0.0007012733,0.0,-0.0,0.0
57.705,0.004839885,-0.005814215,-9.040806e-05,-0.0,-0.0,0.0
57.724,-0.0049339584,-0.002149024,0.00662911,-0.0,0.0,0.0
57.763,-0.0012687672,0.011290011,0.016402954,0.0,-0.0,-0.0
57.803,-0.00859915,-0.007035946,0.007239975,-0.0,0.0,0.0
57.825,-0.0018796324,0.0015161675,-0.0013121385,-0.0,0.0,0.0
57.864,-0.0031013628,-0.002149024,-0.0019230038,-0.0,-0.0,0.0
57.903,0.0133919995,-0.0015381586,-0.00497733,-0.0,-0.0,0.0
57.924,0.018889787,0.0057922243,-0.0031447343,0.0,-0.0,0.0
57.965,0.0011746938,-0.005814215,0.0011313224,-0.0,-0.0,-0.0
58.005,-0.0073774196,0.019842125,0.017624684,0.0,-0.0,-0.0
58.026,-0.014707803,-0.004592485,0.010294301,-1.1421647e-05,3.6580393e-05,-2.5603078e-05
58.065,0.020111516,0.0039596288,-0.017194636,0.0,-0.0,0.0
58.106,0.0023964243,-0.008868542,-0.026357615,-0.0,-0.0,0.0
58.125,-0.011042611,-0.011312002,-0.0178055,-0.0,-0.0,0.0
58.165,0.0023964243,0.0051813587,0.004796514,-0.0,-0.0,0.0
58.204,0.020111516,-0.005814215,0.008461705,-0.0,-0.0,-0.0
58.225,0.023165843,-0.0039816196,0.005407379,-0.0,-0.0,-0.0
58.265,-0.004323093,0.0009053023,-0.0019230038,-0.0,0.0,0.0
58.304,0.007894211,0.0070139547,-0.008031656,0.0,-0.0,0.0
58.344,-0.14176777,-0.027194498,-0.0007012733,-0.0,-0.0,0.0
58.364,-0.16498065,0.012511741,0.00662911,0.0,-0.0,-0.0
58.405,-0.09778548,0.0009053023,-0.010475118,-0.0,0.0,0.0
58.443,0.03538315,-0.0039816196,-0.0068099257,-0.0,-0.0,0.0
58.464,0.07447852,-0.038800936,-9.040806e-05,-0.0,-0.0,0.0
58.504,0.19115378,-0.021085845,0.035950642,-0.0,-0.0,-0.0
58.543,0.21497752,0.05282885,0.059163522,-0.0,-0.0,0.0
58.563,0.07325679,0.02167472,0.05000054,0.00026533354,-0.00089779194,-0.0006126025
58.603,-0.13626999,-0.012533734,0.0029639183,-0.0,0.0,0.0
58.644,-0.15826114,0.0057922243,-0.0178055,-0.0,0.0,0.0
58.663,-0.12955047,-0.007646811,-0.024525018,-0.0,-0.0,0.0
58.706,0.037826605,0.0051813587,-0.0074207913,0.0,-0.0,0.0
58.745,0.11723909,0.014344337,0.019457279,-0.0,-0.0,0.0
58.764,0.08791756,0.012511741,0.029231124,-0.0,-0.0,0.0
58.803,-0.0024904977,0.0039596288,0.026787663,0.0,-0.0,-0.0
58.843,-0.03853155,-0.007035946,-0.012307713,-0.0,-0.0,0.0
58.864,-0.031201165,-0.00092729344,-0.030022804,-0.0,-0.0,0.0
58.903,-0.0134860715,-0.008257676,-0.026357615,-0.0,-0.0,0.0
58.944,0.017668055,-0.0039816196,-0.0055881953,-0.0,-0.0,0.0
58.983,0.026831035,-0.007646811,0.010294301,-0.0,-0.0,-0.0
59.005,0.025609305,0.0057922243,0.02067901,-0.0,-0.0,0.0
59.043,-0.0018796324,-0.013144598,0.009072571,-0.0,0.0,0.0
59.083,0.03232882,0.0021270327,-0.040407512,1.4817398e-05,-0.0002247282,0.00028089006
59.104,0.010948538,0.0033487633,-0.052013956,0.0,-0.0,0.0
59.144,-0.0061556892,-0.0015381586,-0.03552059,-0.0,-0.0,0.0
59.183,0.059206896,0.0033487633,-0.022081556,0.0,-0.0,0.0
59.203,0.089750156,-0.00520335,-0.030022804,-0.0,-0.0,0.0
59.245,0.13189986,-0.0039816196,-0.047127035,-0.0,-0.0,0.0
59.283,0.11113044,0.0070139547,-0.06362039,0.0,-0.0,0.0
59.304,0.08913929,0.0082356855,-0.057511743,0.0,-0.0,0.0
59.345,0.07020247,0.0009053023,-0.081335485,0.0,-0.0,0.0
59.383,0.03477228,-0.007646811,-0.06911818,-0.0,-0.0,0.0
59.403,0.024387574,-0.005814215,-0.056900874,-0.0,-0.0,0.0
59.444,0.05798516,0.0051813587,-0.05262482,0.0,-0.0,0.0
59.484,0.0414918,-0.006425081,-0.03979665,-0.0,-0.0,0.0
59.503,0.014002864,-0.008868542,-0.025746748,-3.6445126e-05,-5.755128e-05,0.00010581364
59.544,-0.09534202,-0.043076996,-0.0007012733,-0.0,-0.0,0.0
59.583,0.042102665,0.057104904,0.027398527,-0.0,-0.0,0.0
59.603,-0.00065790187,0.0057922243,0.026176797,0.0,-0.0,-0.0
59.643,-0.028757704,0.00029443705,0.02312247,0.0,-0.0,-0.0
59.683,-0.0055448236,0.010068282,0.010905167,0.0,-0.0,-0.0
59.703,-0.020205589,-0.008868542,0.004796514,-0.0,0.0,0.0
59.742,-0.003712228,0.0045704935,0.0041856486,0.0,-0.0,-0.0
59.783,-0.02142732,-0.0015381586,0.007239975,-0.0,0.0,0.0
59.823,-0.02142732,-0.013755464,0.012737762,-0.0,0.0,0.0
59.843,0.0023964243,0.0021270327,0.0121268965,-0.0,-0.0,0.0
59.882,-0.009820881,0.016176933,0.022511607,0.0,-0.0,-0.0
59.905,-0.018372994,-0.011922868,0.010294301,-3.872703e-05,5.968006e-05,-3.3436936e-05
59.942,-0.031201165,0.014955203,0.02312247,0.0,-0.0,-0.0
59.982,-0.02142732,-0.016198926,0.0023530528,-0.0,0.0,0.0
