timestamp,x,y,z
00.012,-0.0023942748,0.12450229,9.744699
00.052,-0.021548472,0.14126222,9.761458
00.079,-0.0023942748,0.11253092,9.749487
00.114,0.0,0.117319465,9.747093
00.155,-0.0047885496,0.14605077,9.778218
00.180,-0.011971374,0.11013664,9.73991
00.215,0.0023942748,0.117319465,9.727939
00.253,-0.014365649,0.12929083,9.732727
00.279,-0.011971374,0.11971374,9.754275
00.312,0.0023942748,0.117319465,9.742304
00.352,0.0071828244,0.11013664,9.742304
00.394,-0.028731298,0.1340794,9.749487
00.413,-0.023942748,0.13886794,9.761458
00.453,-0.0047885496,0.098165266,9.744699
00.481,-0.026337024,0.12210801,9.763853
00.528,0.0,0.13168511,9.730332
00.552,-0.011971374,0.10774237,9.751882
00.592,0.0,0.12689656,9.735122
00.619,-0.0071828244,0.12929083,9.744699
00.653,-0.011971374,0.12689656,9.75667
00.694,0.0047885496,0.11492519,9.73991
00.719,-0.016759925,0.13647367,9.77343
00.753,-0.03351985,0.11971374,9.778218
00.794,-0.011971374,0.102953814,9.730332
00.820,-0.0047885496,0.14605077,9.775824
00.852,-0.0071828244,0.15083931,9.75667
00.892,0.0023942748,0.12450229,9.737515
00.919,-0.016759925,0.15323359,9.775824
00.952,-0.0023942748,0.1340794,9.754275
00.993,-0.009577099,0.14126222,9.761458
01.019,-0.021548472,0.14844504,9.742304
01.054,-0.0023942748,0.12450229,9.742304
01.095,-0.016759925,0.14126222,9.759064
01.119,-0.009577099,0.12210801,9.732727
01.153,0.0023942748,0.11253092,9.732727
01.192,-0.026337024,0.13647367,9.747093
01.233,-0.009577099,0.13168511,9.751882
01.253,-0.011971374,0.12210801,9.744699
01.293,-0.026337024,0.13647367,9.744699
01.320,-0.0047885496,0.11971374,9.742304
01.359,0.0071828244,0.12689656,9.751882
01.393,0.011971374,0.11013664,9.720756
01.433,-0.028731298,0.15562786,9.759064
01.459,0.019154198,0.11253092,9.72315
01.492,-0.0047885496,0.098165266,9.73991
01.524,-0.011971374,0.13647367,9.759064
01.559,-0.023942748,0.11971374,9.727939
01.593,0.0,0.11971374,9.749487
01.633,-0.023942748,0.13647367,9.751882
01.659,-0.0047885496,0.11492519,9.749487
01.692,-0.014365649,0.14365649,9.737515
01.732,-0.0047885496,0.117319465,9.720756
01.759,-0.014365649,0.15083931,9.751882
01.792,-0.028731298,0.14844504,9.766247
01.839,-0.009577099,0.102953814,9.732727
01.859,-0.009577099,0.15083931,9.766247
01.892,-0.016759925,0.14844504,9.768641
01.932,-0.009577099,0.11492519,9.727939
01.959,-0.0071828244,0.14126222,9.775824
01.994,-0.031125572,0.117319465,9.744699
02.034,-0.016759925,0.10774237,9.744699
02.060,-0.0071828244,0.13886794,9.751882
02.095,0.0071828244,0.12210801,9.744699
02.136,-0.021548472,0.14605077,9.761458
02.162,-0.014365649,0.12450229,9.747093
02.194,0.009577099,0.11013664,9.732727
02.233,-0.014365649,0.15323359,9.768641
02.272,-0.023942748,0.1340794,9.751882
02.300,-0.0047885496,0.13886794,9.766247
02.332,0.0047885496,0.12689656,9.747093
02.373,-0.021548472,0.13647367,9.751882
02.399,-0.011971374,0.13168511,9.73991
02.433,-0.0023942748,0.1340794,9.735122
02.473,-0.021548472,0.13886794,9.783007
02.499,0.0023942748,0.12450229,9.75667
02.533,0.023942748,0.105348095,9.735122
02.572,0.0047885496,0.13647367,9.77343
02.598,-0.0071828244,0.12689656,9.747093
02.632,-0.0047885496,0.13647367,9.751882
02.673,-0.011971374,0.11971374,9.75667
02.698,-0.009577099,0.11013664,9.742304
02.732,-0.011971374,0.13647367,9.747093
02.772,0.0023942748,0.12689656,9.73991
02.799,-0.0071828244,0.11253092,9.75667
02.832,-0.038308397,0.12450229,9.751882
02.872,-0.009577099,0.117319465,9.73991
02.913,-0.023942748,0.14605077,9.763853
02.933,-0.026337024,0.1340794,9.771035
02.972,-0.0047885496,0.102953814,9.73991
03.013,-0.0071828244,0.12689656,9.749487
03.039,-0.014365649,0.117319465,9.763853
03.074,-0.023942748,0.117319465,9.751882
03.113,0.009577099,0.12450229,9.72315
03.140,-0.0071828244,0.14605077,9.751882
03.172,-0.016759925,0.14126222,9.759064
03.213,0.011971374,0.11492519,9.735122
03.239,-0.021548472,0.15083931,9.75667
03.276,-0.014365649,0.1340794,9.759064
03.312,-0.026337024,0.11492519,9.73991
03.339,-0.0071828244,0.12450229,9.759064
03.373,0.0,0.13886794,9.763853
03.412,-0.019154198,0.13886794,9.744699
03.442,-0.0047885496,0.1340794,9.747093
03.472,0.0,0.117319465,9.75667
03.513,-0.028731298,0.13886794,9.763853
03.539,0.0,0.117319465,9.751882
03.573,-0.019154198,0.11253092,9.742304
03.611,-0.03351985,0.15802214,9.768641
03.639,-0.009577099,0.11492519,9.725544
03.673,0.0047885496,0.11971374,9.732727
03.711,-0.0047885496,0.12929083,9.761458
03.752,-0.023942748,0.1340794,9.77343
03.773,-0.023942748,0.12929083,9.744699
03.813,-0.0047885496,0.1340794,9.754275
03.852,-0.014365649,0.13168511,9.754275
03.880,0.0071828244,0.11013664,9.742304
03.912,0.0047885496,0.11971374,9.749487
03.952,-0.0071828244,0.13886794,9.747093
03.978,-0.0023942748,0.11971374,9.735122
04.012,-0.009577099,0.12689656,9.735122
04.053,-0.0047885496,0.13647367,9.751882
04.078,0.0047885496,0.117319465,9.742304
04.113,-0.026337024,0.13886794,9.749487
04.152,-0.0023942748,0.11253092,9.751882
04.179,-0.019154198,0.12450229,9.759064
04.212,-0.014365649,0.12689656,9.754275
04.252,0.0047885496,0.102953814,9.720756
04.279,-0.016759925,0.14605077,9.763853
04.312,-0.035914123,0.13647367,9.761458
04.353,0.019154198,0.105348095,9.749487
04.378,-0.031125572,0.14844504,9.763853
04.420,-0.016759925,0.12689656,9.763853
04.454,-0.0071828244,0.12689656,9.749487
04.479,-0.0023942748,0.14844504,9.77343
04.515,-0.0047885496,0.11971374,9.744699
04.552,-0.023942748,0.14126222,9.754275
04.593,0.0047885496,0.117319465,9.735122
04.618,-0.014365649,0.15083931,9.775824
04.652,-0.0047885496,0.14844504,9.759064
04.691,-0.0071828244,0.14365649,9.747093
04.718,0.0047885496,0.12929083,9.761458
04.752,-0.009577099,0.13647367,9.751882
04.792,-0.016759925,0.13647367,9.761458
04.819,0.0,0.12210801,9.737515
04.852,-0.011971374,0.13647367,9.749487
04.892,-0.019154198,0.1340794,9.763853
04.918,-0.0023942748,0.11253092,9.725544
04.952,0.0,0.11013664,9.735122
04.992,-0.021548472,0.13886794,9.761458
05.018,-0.009577099,0.12210801,9.72315
05.052,-0.0047885496,0.105348095,9.737515
05.092,-0.011971374,0.12929083,9.759064
05.119,-0.019154198,0.11492519,9.730332
05.152,-0.014365649,0.09577099,9.737515
05.193,-0.0023942748,0.117319465,9.747093
05.219,-0.0071828244,0.11971374,9.749487
05.252,-0.021548472,0.12689656,9.744699
05.294,0.0,0.11492519,9.72315
05.319,-0.035914123,0.15083931,9.766247
05.352,-0.028731298,0.13647367,9.768641
05.392,0.0071828244,0.11013664,9.744699
05.432,-0.0047885496,0.1340794,9.761458
05.459,-0.0071828244,0.10055954,9.73991
05.491,-0.0071828244,0.10774237,9.742304
05.520,-0.011971374,0.13647367,9.771035
05.556,0.0,0.13647367,9.775824
05.591,-0.009577099,0.14126222,9.761458
05.633,0.0071828244,0.11971374,9.727939
05.659,-0.038308397,0.1340794,9.763853
05.691,-0.028731298,0.15083931,9.766247
05.733,-0.031125572,0.12689656,9.72315
05.758,-0.038308397,0.14605077,9.771035
05.793,-0.026337024,0.14365649,9.77343
05.832,-0.035914123,0.14126222,9.749487
05.868,0.0,0.117319465,9.735122
05.892,-0.026337024,0.12450229,9.747093
05.932,-0.031125572,0.14844504,9.766247
05.958,0.0023942748,0.12210801,9.749487
05.992,0.009577099,0.11253092,9.737515
06.036,-0.023942748,0.13168511,9.778218
06.058,0.014365649,0.11253092,9.730332
06.094,0.0071828244,0.10774237,9.72315
06.135,-0.016759925,0.105348095,9.742304
06.173,-0.009577099,0.12210801,9.744699
06.193,-0.011971374,0.117319465,9.744699
06.231,-0.009577099,0.11971374,9.73991
06.271,-0.019154198,0.12929083,9.768641
06.299,-0.0047885496,0.14605077,9.744699
06.333,-0.0047885496,0.12929083,9.735122
06.373,-0.011971374,0.13647367,9.749487
06.399,0.011971374,0.11253092,9.718362
06.434,0.0071828244,0.11971374,9.730332
06.474,-0.016759925,0.12929083,9.749487
06.501,-0.0047885496,0.12689656,9.737515
06.533,-0.011971374,0.12689656,9.744699
06.573,-0.009577099,0.13647367,9.737515
06.598,-0.021548472,0.12450229,9.754275
06.631,-0.016759925,0.10774237,9.759064
06.671,-0.019154198,0.12689656,9.72315
06.698,-0.028731298,0.13886794,9.744699
06.731,-0.028731298,0.14126222,9.759064
06.773,0.0023942748,0.105348095,9.744699
06.799,-0.031125572,0.11971374,9.771035
06.833,-0.026337024,0.14605077,9.775824
06.875,-0.023942748,0.12689656,9.744699
06.898,-0.026337024,0.12450229,9.763853
06.932,0.0,0.14365649,9.751882
06.971,-0.023942748,0.12210801,9.747093
07.012,-0.0071828244,0.12450229,9.725544
07.032,0.014365649,0.12689656,9.766247
07.072,0.0047885496,0.14365649,9.775824
07.113,-0.009577099,0.11013664,9.742304
07.138,0.0,0.15802214,9.761458
07.173,-0.016759925,0.13168511,9.759064
07.211,-0.031125572,0.12929083,9.763853
07.239,-0.0071828244,0.13168511,9.749487
07.272,-0.011971374,0.12929083,9.73991
07.312,-0.031125572,0.1340794,9.742304
07.338,0.0023942748,0.12210801,9.754275
07.372,0.0023942748,0.117319465,9.735122
07.413,-0.026337024,0.14365649,9.744699
07.440,0.0047885496,0.117319465,9.725544
07.471,-0.0023942748,0.11492519,9.718362
07.511,-0.023942748,0.15323359,9.75667
07.536,-0.009577099,0.13168511,9.754275
07.574,0.009577099,0.11253092,9.742304
07.611,-0.0071828244,0.14365649,9.754275
07.639,-0.014365649,0.12450229,9.735122
07.673,-0.009577099,0.12450229,9.75667
07.711,-0.0071828244,0.11013664,9.732727
07.738,-0.014365649,0.13647367,9.75667
07.772,-0.023942748,0.12929083,9.766247
07.812,0.0,0.09577099,9.718362
07.853,-0.014365649,0.13886794,9.75667
07.872,-0.016759925,0.1340794,9.759064
07.913,0.009577099,0.1340794,9.735122
07.940,-0.0047885496,0.12689656,9.759064
07.978,-0.011971374,0.12929083,9.742304
08.013,-0.035914123,0.13647367,9.730332
08.053,-0.021548472,0.10774237,9.737515
08.079,-0.021548472,0.12450229,9.754275
08.113,-0.014365649,0.12450229,9.761458
08.153,0.0071828244,0.117319465,9.732727
08.179,-0.019154198,0.15323359,9.766247
08.211,-0.021548472,0.14844504,9.759064
08.252,-0.019154198,0.117319465,9.744699
08.278,-0.04070267,0.12210801,9.759064
08.312,-0.019154198,0.14365649,9.778218
08.354,-0.021548472,0.12929083,9.751882
08.378,0.0047885496,0.14844504,9.751882
08.412,-0.009577099,0.117319465,9.747093
08.452,-0.011971374,0.14844504,9.75667
08.479,-0.0071828244,0.11013664,9.742304
08.513,-0.019154198,0.1340794,9.737515
08.554,-0.028731298,0.14605077,9.759064
08.581,0.0,0.13168511,9.747093
08.614,0.0,0.12450229,9.730332
08.652,-0.0071828244,0.12929083,9.749487
08.692,-0.016759925,0.12689656,9.751882
08.712,-0.014365649,0.10774237,9.730332
08.752,0.0047885496,0.12210801,9.749487
08.795,-0.009577099,0.14126222,9.759064
08.814,-0.011971374,0.11971374,9.744699
08.855,0.019154198,0.13886794,9.730332
08.893,-0.021548472,0.14365649,9.754275
08.914,-0.021548472,0.13168511,9.744699
08.952,0.0071828244,0.11492519,9.730332
08.992,-0.021548472,0.13886794,9.75667
09.019,0.0,0.11013664,9.737515
09.052,-0.0071828244,0.102953814,9.73991
09.094,-0.014365649,0.12210801,9.730332
09.119,-0.019154198,0.1340794,9.742304
09.154,-0.023942748,0.11971374,9.751882
09.195,0.0023942748,0.12450229,9.725544
09.220,-0.021548472,0.14844504,9.768641
09.255,-0.026337024,0.14126222,9.761458
09.293,-0.009577099,0.12929083,9.737515
09.319,-0.014365649,0.15323359,9.778218
09.352,-0.014365649,0.11971374,9.771035
09.394,0.0071828244,0.12450229,9.742304
09.419,-0.0023942748,0.13168511,9.759064
09.453,-0.026337024,0.16041641,9.759064
09.492,-0.03351985,0.12450229,9.771035
09.520,0.0023942748,0.11492519,9.727939
09.555,0.0023942748,0.14605077,9.747093
09.592,-0.016759925,0.13647367,9.749487
09.620,0.0047885496,0.11492519,9.727939
09.653,-0.0071828244,0.12929083,9.742304
09.693,-0.026337024,0.13647367,9.751882
09.733,-0.0023942748,0.105348095,9.735122
09.754,0.011971374,0.10774237,9.725544
09.793,-0.0047885496,0.14365649,9.766247
09.833,-0.0071828244,0.11971374,9.759064
09.861,-0.016759925,0.117319465,9.749487
09.894,0.0,0.11013664,9.761458
09.934,-0.014365649,0.14844504,9.77343
09.960,-0.0023942748,0.1340794,9.718362
09.994,0.011971374,0.117319465,9.737515
10.035,-0.0071828244,0.14605077,9.754275
10.061,0.011971374,0.11971374,9.735122
10.095,-0.009577099,0.11013664,9.72315
10.135,-0.0023942748,0.13168511,9.749487
10.160,-0.009577099,0.12689656,9.720756
10.194,-0.011971374,0.11971374,9.732727
10.235,-0.011971374,0.117319465,9.75667
10.260,-0.021548472,0.12450229,9.751882
10.296,-0.023942748,0.11492519,9.763853
10.336,-0.023942748,0.11253092,9.742304
10.360,-0.0071828244,0.14605077,9.766247
10.393,0.0023942748,0.13647367,9.749487
10.435,-0.021548472,0.11253092,9.737515
10.460,-0.021548472,0.14365649,9.77343
10.494,-0.026337024,0.14365649,9.766247
10.536,-0.009577099,0.11971374,9.75667
10.560,0.0023942748,0.12689656,9.77343
10.599,-0.021548472,0.14605077,9.75667
10.634,-0.009577099,0.12929083,9.761458
10.673,0.0023942748,0.11492519,9.747093
10.700,-0.023942748,0.12689656,9.761458
10.733,-0.047885496,0.12929083,9.761458
10.773,0.0023942748,0.10774237,9.735122
10.800,-0.016759925,0.12929083,9.747093
10.834,-0.026337024,0.14605077,9.761458
10.874,-0.016759925,0.12210801,9.747093
10.900,0.0047885496,0.12929083,9.749487
10.934,0.0023942748,0.1340794,9.749487
10.973,-0.021548472,0.15083931,9.768641
11.000,-0.011971374,0.117319465,9.73991
11.033,0.0,0.12210801,9.747093
11.075,-0.023942748,0.13647367,9.771035
11.107,-0.0047885496,0.11253092,9.730332
11.133,0.0,0.11492519,9.73991
11.174,-0.026337024,0.12689656,9.751882
11.199,-0.011971374,0.117319465,9.725544
11.238,0.0047885496,0.117319465,9.744699
11.275,-0.0023942748,0.12689656,9.751882
11.300,-0.021548472,0.117319465,9.742304
11.335,-0.016759925,0.117319465,9.742304
11.375,0.0,0.117319465,9.737515
11.400,-0.0047885496,0.13168511,9.744699
11.435,-0.016759925,0.13647367,9.75667
11.474,0.0,0.117319465,9.718362
11.514,-0.0071828244,0.13647367,9.73991
11.536,-0.016759925,0.13647367,9.766247
11.578,0.0023942748,0.11492519,9.718362
11.616,-0.009577099,0.1340794,9.72315
11.640,-0.03351985,0.11971374,9.754275
11.674,-0.023942748,0.12450229,9.742304
11.713,-0.014365649,0.117319465,9.727939
11.740,-0.023942748,0.14605077,9.759064
11.773,-0.0071828244,0.14605077,9.766247
11.813,-0.009577099,0.12450229,9.711179
11.840,-0.0071828244,0.13647367,9.759064
11.875,-0.016759925,0.14605077,9.761458
11.914,-0.016759925,0.13886794,9.744699
11.941,-0.023942748,0.12929083,9.75667
11.977,0.0071828244,0.13168511,9.761458
12.013,-0.014365649,0.1340794,9.749487
12.042,-0.011971374,0.13647367,9.761458
12.075,-0.016759925,0.13168511,9.732727
12.113,-0.009577099,0.14844504,9.759064
12.141,-0.014365649,0.12210801,9.751882
12.173,-0.0047885496,0.105348095,9.744699
12.216,-0.019154198,0.13168511,9.763853
12.240,-0.0071828244,0.11253092,9.735122
12.274,0.0023942748,0.09577099,9.718362
12.313,0.0047885496,0.12450229,9.749487
12.353,-0.021548472,0.14126222,9.768641
12.381,-0.0071828244,0.12210801,9.75667
12.413,-0.0047885496,0.14126222,9.744699
12.454,-0.019154198,0.1340794,9.775824
12.480,-0.0071828244,0.12929083,9.744699
12.515,0.011971374,0.105348095,9.725544
12.549,0.0,0.11492519,9.73991
12.579,0.0,0.117319465,9.737515
12.612,-0.016759925,0.12210801,9.742304
12.653,-0.009577099,0.14844504,9.761458
12.679,-0.0047885496,0.11971374,9.735122
12.712,-0.011971374,0.13168511,9.735122
12.753,0.0,0.11971374,9.747093
12.780,-0.03351985,0.13168511,9.75667
12.815,-0.023942748,0.13886794,9.73991
12.854,0.014365649,0.12210801,9.73991
12.879,-0.028731298,0.14365649,9.761458
12.914,-0.014365649,0.16759923,9.783007
12.953,-0.0047885496,0.11253092,9.72315
12.994,-0.0023942748,0.12689656,9.735122
13.014,-0.014365649,0.12929083,9.761458
13.054,-0.016759925,0.12450229,9.751882
13.080,-0.016759925,0.11013664,9.754275
13.114,-0.0023942748,0.13647367,9.75667
13.153,-0.014365649,0.1340794,9.766247
13.193,-0.009577099,0.11253092,9.730332
13.219,-0.021548472,0.1340794,9.75667
13.253,-0.014365649,0.13886794,9.768641
13.293,-0.014365649,0.11253092,9.754275
13.322,-0.031125572,0.13647367,9.754275
13.354,-0.011971374,0.14126222,9.759064
13.392,-0.035914123,0.12689656,9.75667
13.419,0.0,0.12210801,9.742304
13.452,-0.014365649,0.12450229,9.732727
13.493,-0.014365649,0.13886794,9.761458
13.519,0.0047885496,0.12929083,9.737515
13.553,0.0023942748,0.117319465,9.735122
13.592,0.0023942748,0.12929083,9.761458
13.619,-0.016759925,0.117319465,9.727939
13.652,-0.014365649,0.11013664,9.720756
13.692,-0.021548472,0.12450229,9.771035
13.719,-0.014365649,0.12450229,9.744699
13.752,0.0023942748,0.11492519,9.73991
13.794,0.016759925,0.11971374,9.735122
13.833,-0.021548472,0.13647367,9.761458
13.853,-0.026337024,0.13168511,9.754275
13.893,0.011971374,0.10774237,9.718362
13.933,-0.011971374,0.12929083,9.766247
13.959,0.0023942748,0.13168511,9.742304
13.992,-0.0071828244,0.11971374,9.715967
14.033,-0.009577099,0.12450229,9.766247
14.059,-0.016759925,0.10774237,9.75667
14.094,-0.011971374,0.13168511,9.747093
14.133,0.0,0.12210801,9.744699
14.160,-0.031125572,0.12689656,9.749487
14.193,-0.038308397,0.12210801,9.749487
14.233,0.0,0.10774237,9.744699
14.260,-0.009577099,0.12929083,9.754275
14.292,-0.026337024,0.15323359,9.780613
14.333,-0.011971374,0.11492519,9.725544
14.360,-0.023942748,0.12929083,9.761458
14.393,-0.016759925,0.14126222,9.775824
14.436,-0.019154198,0.1340794,9.742304
14.460,-0.0047885496,0.12450229,9.763853
14.493,-0.021548472,0.13168511,9.749487
14.535,-0.011971374,0.14126222,9.754275
14.561,0.0023942748,0.11492519,9.742304
14.593,0.0,0.12929083,9.747093
14.632,-0.019154198,0.15083931,9.751882
14.673,-0.035914123,0.12450229,9.73991
14.700,-0.009577099,0.12929083,9.75667
14.733,-0.009577099,0.12929083,9.73991
14.773,-0.009577099,0.1340794,9.766247
14.794,-0.009577099,0.11492519,9.737515
14.833,-0.009577099,0.11253092,9.735122
14.873,-0.021548472,0.14126222,9.747093
14.899,-0.009577099,0.12210801,9.730332
14.932,-0.0071828244,0.11492519,9.711179
14.962,-0.011971374,0.13647367,9.75667
14.999,0.0047885496,0.105348095,9.747093
15.034,0.0023942748,0.11013664,9.72315
15.073,0.0,0.14365649,9.747093
15.099,-0.009577099,0.14365649,9.751882
15.133,-0.009577099,0.1340794,9.744699
15.173,-0.009577099,0.10774237,9.727939
15.200,-0.0071828244,0.117319465,9.761458
15.233,-0.023942748,0.13647367,9.749487
15.273,0.011971374,0.11971374,9.73991
15.299,-0.026337024,0.14844504,9.759064
15.333,-0.021548472,0.13168511,9.775824
15.373,-0.0071828244,0.12689656,9.744699
15.400,-0.021548472,0.14605077,9.761458
15.433,-0.023942748,0.13886794,9.768641
15.472,-0.021548472,0.1340794,9.744699
15.515,0.019154198,0.117319465,9.72315
15.534,-0.0071828244,0.14126222,9.754275
15.573,-0.014365649,0.16041641,9.749487
15.612,-0.0071828244,0.12210801,9.735122
15.639,0.0071828244,0.14126222,9.749487
15.672,-0.023942748,0.1340794,9.768641
15.712,0.0023942748,0.105348095,9.735122
15.739,-0.016759925,0.14365649,9.75667
15.773,-0.014365649,0.13886794,9.749487
15.813,-0.011971374,0.12450229,9.775824
15.840,0.016759925,0.13647367,9.751882
15.874,-0.023942748,0.13168511,9.744699
15.913,0.0,0.1340794,9.754275
15.940,-0.0071828244,0.117319465,9.73991
15.974,0.0071828244,0.098165266,9.742304
16.012,-0.009577099,0.1340794,9.766247
16.040,0.009577099,0.09577099,9.72315
16.073,-0.0023942748,0.11013664,9.701602
16.114,-0.014365649,0.12929083,9.751882
16.139,-0.028731298,0.12450229,9.735122
16.173,-0.0047885496,0.10774237,9.72315
16.212,0.019154198,0.11013664,9.754275
16.239,-0.011971374,0.15083931,9.744699
16.273,-0.016759925,0.13886794,9.73991
16.313,0.011971374,0.13647367,9.732727
16.342,-0.026337024,0.13886794,9.761458
16.373,0.0,0.1340794,9.761458
16.413,-0.0047885496,0.11971374,9.73991
16.444,-0.014365649,0.14365649,9.754275
16.479,-0.021548472,0.1340794,9.73991
16.512,0.0,0.11253092,9.749487
16.552,0.0047885496,0.11253092,9.751882
16.580,-0.016759925,0.1340794,9.75667
16.613,-0.014365649,0.1340794,9.73991
16.652,0.0023942748,0.10774237,9.735122
16.678,-0.019154198,0.1340794,9.73991
16.713,-0.011971374,0.15083931,9.77343
16.752,-0.0023942748,0.12929083,9.735122
16.779,-0.014365649,0.14605077,9.761458
16.812,-0.031125572,0.15083931,9.759064
16.853,-0.038308397,0.1340794,9.747093
16.879,-0.0071828244,0.11971374,9.778218
16.915,0.0,0.12210801,9.751882
16.953,-0.009577099,0.12689656,9.747093
16.979,0.011971374,0.12450229,9.72315
17.015,-0.014365649,0.12689656,9.744699
17.053,-0.014365649,0.13168511,9.768641
17.080,0.009577099,0.11013664,9.744699
17.112,-0.011971374,0.105348095,9.737515
17.154,-0.0071828244,0.14126222,9.766247
17.180,-0.009577099,0.11492519,9.732727
17.219,-0.011971374,0.14365649,9.751882
17.254,0.0023942748,0.11253092,9.747093
17.293,-0.023942748,0.12450229,9.761458
17.314,0.0047885496,0.13647367,9.727939
17.353,0.0023942748,0.11253092,9.73991
17.381,-0.021548472,0.13647367,9.751882
17.419,0.011971374,0.11492519,9.751882
17.453,-0.0047885496,0.102953814,9.747093
17.494,-0.023942748,0.14605077,9.761458
17.518,0.0047885496,0.13168511,9.742304
17.560,0.011971374,0.1340794,9.749487
17.593,0.009577099,0.11971374,9.742304
17.620,-0.028731298,0.13647367,9.737515
17.651,-0.031125572,0.12210801,9.754275
17.692,-0.0047885496,0.11971374,9.742304
17.719,-0.03351985,0.13886794,9.761458
17.753,-0.026337024,0.13886794,9.747093
17.793,0.014365649,0.1340794,9.711179
17.819,-0.016759925,0.13886794,9.761458
17.853,-0.016759925,0.13886794,9.766247
17.893,-0.0071828244,0.117319465,9.747093
17.920,-0.035914123,0.1340794,9.771035
17.952,-0.0023942748,0.13168511,9.751882
17.992,-0.014365649,0.1340794,9.751882
18.034,-0.009577099,0.12210801,9.718362
18.053,-0.0047885496,0.11253092,9.742304
18.092,-0.026337024,0.14605077,9.77343
18.134,-0.0071828244,0.117319465,9.7135725
18.159,-0.031125572,0.14605077,9.778218
18.193,-0.0023942748,0.117319465,9.79019
18.233,-0.016759925,0.11971374,9.759064
18.259,0.0071828244,0.13168511,9.742304
18.293,0.0023942748,0.11971374,9.730332
18.333,-0.028731298,0.14126222,9.761458
18.360,-0.0023942748,0.12210801,9.763853
18.393,0.0047885496,0.11013664,9.754275
18.434,-0.016759925,0.117319465,9.775824
18.458,0.009577099,0.11492519,9.720756
18.493,-0.009577099,0.12450229,9.708784
18.535,0.0071828244,0.13886794,9.761458
18.567,-0.0071828244,0.12929083,9.744699
18.591,-0.0047885496,0.12689656,9.737515
18.632,-0.0023942748,0.117319465,9.747093
18.658,-0.016759925,0.11013664,9.747093
18.692,-0.0023942748,0.117319465,9.744699
18.732,0.0047885496,0.09337672,9.718362
18.759,-0.031125572,0.16041641,9.787795
18.792,-0.028731298,0.15562786,9.79019
18.832,-0.0023942748,0.11013664,9.754275
18.872,-0.011971374,0.13647367,9.75667
18.899,0.019154198,0.12929083,9.751882
18.933,-0.009577099,0.13168511,9.725544
18.973,-0.019154198,0.14605077,9.720756
18.999,-0.03351985,0.12689656,9.778218
19.033,-0.0071828244,0.12929083,9.75667
19.073,-0.014365649,0.11492519,9.759064
19.099,-0.014365649,0.12689656,9.747093
19.132,-0.0071828244,0.15802214,9.75667
19.173,-0.0071828244,0.10774237,9.7135725
19.199,-0.009577099,0.14365649,9.771035
19.232,-0.019154198,0.13647367,9.771035
19.272,-0.019154198,0.11253092,9.763853
19.299,0.014365649,0.11013664,9.754275
19.333,0.038308397,0.08140534,9.692024
19.373,0.014365649,0.11971374,9.761458
19.399,-0.043096945,0.12210801,9.692024
19.432,-0.019154198,0.09577099,9.735122
19.473,-0.03351985,0.12689656,9.778218
19.499,-0.0071828244,0.10055954,9.720756
19.533,0.0,0.12689656,9.696813
19.573,0.016759925,0.13886794,9.732727
19.599,0.0023942748,0.11253092,9.73991
19.633,-0.019154198,0.11971374,9.761458
19.671,-0.009577099,0.13168511,9.768641
19.713,-0.0023942748,0.12450229,9.763853
19.738,0.009577099,0.13647367,9.742304
19.772,-0.0023942748,0.11253092,9.732727
19.813,-0.023942748,0.13886794,9.778218
19.839,0.028731298,0.12689656,9.715967
19.872,-0.052674048,0.1340794,9.72315
19.913,-0.038308397,0.12929083,9.70639
19.938,-0.019154198,0.12450229,9.749487
19.975,0.0,0.13168511,9.751882
20.013,0.0071828244,0.11013664,9.768641
20.039,-0.026337024,0.16281068,9.747093
20.072,-0.016759925,0.13886794,9.754275
20.111,-0.0047885496,0.105348095,9.727939
20.139,-0.023942748,0.13168511,9.797373
20.172,-0.011971374,0.1340794,9.763853
20.211,-0.019154198,0.11971374,9.73991
20.239,-0.0071828244,0.14844504,9.759064
20.272,-0.035914123,0.14844504,9.792584
20.312,0.0047885496,0.13647367,9.763853
20.338,0.0023942748,0.12929083,9.766247
20.374,-0.021548472,0.12929083,9.735122
20.412,-0.03351985,0.14605077,9.761458
20.439,-0.011971374,0.105348095,9.73991
20.473,0.016759925,0.117319465,9.747093
20.512,-0.0047885496,0.13168511,9.771035
20.554,-0.014365649,0.12210801,9.749487
20.581,-0.028731298,0.13647367,9.749487
20.613,-0.021548472,0.14605077,9.780613
20.652,-0.016759925,0.12929083,9.737515
20.678,-0.021548472,0.12929083,9.754275
20.711,-0.019154198,0.14126222,9.761458
20.751,-0.021548472,0.14126222,9.761458
20.779,0.023942748,0.13168511,9.75667
20.816,-0.0071828244,0.117319465,9.742304
20.853,-0.016759925,0.14126222,9.751882
20.878,0.0023942748,0.11013664,9.732727
20.912,-0.009577099,0.10774237,9.732727
20.952,-0.0071828244,0.12450229,9.751882
20.978,0.0,0.11971374,9.732727
21.012,-0.0047885496,0.12210801,9.732727
21.054,0.009577099,0.13168511,9.732727
21.078,0.0071828244,0.11253092,9.749487
21.115,-0.0071828244,0.12210801,9.742304
21.154,-0.0071828244,0.12210801,9.73991
21.179,-0.026337024,0.1340794,9.749487
21.212,-0.019154198,0.13647367,9.747093
21.252,-0.016759925,0.12450229,9.73991
21.279,-0.016759925,0.14365649,9.780613
21.312,-0.014365649,0.15323359,9.780613
21.352,0.0047885496,0.117319465,9.73991
21.380,-0.03351985,0.14126222,9.778218
21.415,-0.028731298,0.13886794,9.768641
21.453,-0.0071828244,0.12450229,9.749487
21.491,0.0023942748,0.11971374,9.735122
21.518,-0.021548472,0.13168511,9.759064
21.556,-0.016759925,0.14126222,9.768641
21.592,-0.014365649,0.12450229,9.744699
21.618,0.009577099,0.13647367,9.653716
21.651,-0.023942748,0.14365649,9.814133
21.691,0.009577099,0.13168511,9.852441
21.718,-0.07422252,0.098165266,9.783007
21.752,0.009577099,0.11013664,9.720756
21.792,-0.052674048,0.20111908,9.708784
21.818,-0.09337672,0.15562786,9.737515
21.852,-0.10055954,0.13647367,9.732727
21.892,-0.043096945,0.24421602,9.5794935
21.918,0.08140534,0.32801566,10.331296
21.951,-0.14844504,-0.12929083,9.474146
21.993,-0.12450229,0.15323359,10.187639
22.018,0.014365649,0.14365649,9.364009
22.058,-0.023942748,0.14844504,9.708784
22.091,0.011971374,0.10055954,9.751882
22.119,0.014365649,0.11492519,9.744699
22.158,0.009577099,0.13168511,9.742304
22.192,0.009577099,0.13168511,9.720756
22.231,-0.0047885496,0.15323359,9.761458
22.258,0.011971374,0.12450229,9.735122
22.292,0.019154198,0.11013664,9.735122
22.331,-0.0023942748,0.13886794,9.771035
22.358,0.0047885496,0.13168511,9.727939
22.392,-0.0047885496,0.12450229,9.747093
22.432,-0.0023942748,0.13168511,9.749487
22.458,-0.0071828244,0.13647367,9.754275
22.491,-0.0071828244,0.13647367,9.727939
22.532,0.009577099,0.12210801,9.732727
22.560,-0.0023942748,0.15562786,9.763853
22.591,-0.014365649,0.15562786,9.766247
22.631,0.0047885496,0.117319465,9.735122
22.658,-0.014365649,0.1340794,9.749487
22.691,-0.0071828244,0.13886794,9.768641
22.731,0.011971374,0.12929083,9.73991
22.758,0.076616794,0.23224466,9.830893
22.791,-0.019154198,0.15562786,9.61062
22.832,-0.043096945,0.16281068,9.668081
22.858,0.031125572,0.15802214,9.8237095
22.892,0.07901107,0.15083931,9.838076
22.931,-0.035914123,0.14844504,9.785401
22.971,0.16041641,1.2258687,8.813326
22.998,-0.65124273,-0.5794145,10.4294615
23.032,-0.24900457,0.27294734,9.311335
23.073,0.31365,0.047885496,9.775824
23.099,-0.0071828244,-0.016759925,9.677659
23.132,-0.016759925,0.27294734,9.881172
23.172,-0.10774237,0.13886794,9.77343
23.198,-0.0670397,0.1699935,9.684841
23.233,-0.0047885496,0.19393626,9.565128
23.273,-0.05027977,0.15802214,9.720756
23.298,-0.0023942748,0.08858817,9.828498
23.334,-0.019154198,0.12929083,9.732727
23.374,-0.03351985,0.15802214,9.744699
23.399,-0.019154198,0.12450229,9.735122
23.433,-0.031125572,0.117319465,9.735122
23.463,-0.045491222,0.14365649,9.771035
23.498,-0.038308397,0.13886794,9.735122
23.534,-0.043096945,0.15083931,9.766247
23.571,-0.009577099,0.12450229,9.737515
23.599,-0.035914123,0.1699935,9.75667
23.631,-0.1987248,-0.59378016,9.294575
23.671,0.2370332,1.324034,9.574705
23.698,0.17957062,0.11253092,9.828498
23.738,-0.30167863,0.090982445,10.058349
23.772,0.10055954,0.098165266,9.416683
23.811,-0.11253092,0.17957062,9.818921
23.834,0.2083019,0.0023942748,9.821315
23.873,0.014365649,0.15802214,10.185245
23.913,0.08858817,0.090982445,9.8548355
23.933,-0.06943397,0.17957062,9.670476
23.972,-0.045491222,0.12689656,9.70639
24.011,-0.026337024,0.1340794,9.747093
24.038,-0.011971374,0.14365649,9.778218
24.073,0.019154198,-0.023942748,9.708784
24.111,0.057462595,1.3575538,9.495694
24.138,0.20351335,0.15083931,10.190034
24.171,-0.09337672,0.12689656,9.617802
24.212,-0.06943397,0.2561874,9.761458
24.238,0.028731298,0.038308397,9.787795
24.274,-0.06943397,0.19393626,9.550762
24.311,-0.009577099,0.12450229,9.646533
24.338,-0.0047885496,0.12929083,9.866806
24.371,0.023942748,0.10055954,9.77343
24.412,-0.016759925,0.17478207,9.783007
24.438,0.028731298,0.11253092,9.687236
24.472,-0.019154198,0.13647367,9.727939
24.512,0.0071828244,0.14126222,9.727939
24.554,-0.014365649,0.16041641,9.785401
24.577,-0.0047885496,0.11013664,9.730332
24.613,-0.0047885496,0.12689656,9.735122
24.651,-0.014365649,0.15323359,9.749487
24.678,-0.0047885496,0.12929083,9.737515
24.712,-0.0047885496,0.12210801,9.7135725
24.752,-0.009577099,0.14365649,9.754275
24.778,-0.0023942748,0.11971374,9.730332
24.815,-0.026337024,0.12210801,9.732727
24.851,0.0023942748,0.14605077,9.759064
24.880,-0.011971374,0.12210801,9.754275
24.912,-0.021548472,0.15323359,9.747093
24.951,-0.019154198,0.11971374,9.711179
24.978,-0.023942748,0.14365649,9.75667
25.013,-0.011971374,0.14605077,9.75667
25.054,0.014365649,0.1340794,9.735122
25.079,-0.014365649,0.14365649,9.761458
25.115,-0.009577099,0.14365649,9.761458
25.151,-0.0047885496,0.105348095,9.749487
25.179,-0.0047885496,0.16041641,9.75667
25.213,-0.009577099,0.14126222,9.742304
25.251,-0.011971374,0.13647367,9.754275
25.278,-0.0071828244,0.13886794,9.747093
25.312,-0.016759925,0.12929083,9.761458
25.353,-0.021548472,0.14365649,9.768641
25.378,-0.0047885496,0.1340794,9.73991
25.413,0.009577099,0.13886794,9.73991
25.454,-0.011971374,0.16281068,9.768641
25.494,-0.038308397,0.13886794,9.749487
25.517,-0.016759925,0.14365649,9.763853
25.551,0.009577099,0.11971374,9.727939
25.591,0.0071828244,0.14844504,9.768641
25.614,-0.071828246,0.14605077,9.744699
25.651,-0.047885496,0.15083931,9.718362
25.691,-0.052674048,0.15802214,9.732727
25.717,-0.011971374,0.12450229,9.73991
25.752,0.016759925,0.12929083,9.727939
25.792,-0.0023942748,0.15323359,9.742304
25.818,-0.019154198,0.11971374,9.727939
25.852,-0.0023942748,0.13647367,9.751882
25.892,-0.0071828244,0.12689656,9.751882
25.919,-0.019154198,0.12689656,9.742304
25.955,0.0,0.117319465,9.730332
25.991,0.019154198,0.12210801,9.727939
26.017,-0.023942748,0.14844504,9.754275
26.053,-0.03351985,0.13886794,9.759064
26.092,0.0071828244,0.12929083,9.735122
26.119,-0.011971374,0.14605077,9.761458
26.151,-0.016759925,0.1340794,9.720756
26.192,0.019154198,0.09577099,9.711179
26.220,-0.052674048,0.15802214,9.735122
26.258,-0.05985687,0.117319465,9.711179
26.293,-0.016759925,0.11492519,9.735122
26.319,0.03351985,0.14126222,9.759064
26.355,-0.0047885496,0.14605077,9.75667
26.392,-0.031125572,0.16759923,9.759064
26.420,0.0047885496,0.12689656,9.759064
26.457,0.0023942748,0.10774237,9.75667
26.492,-0.026337024,0.15323359,9.768641
26.532,-0.016759925,0.12210801,9.751882
26.554,0.014365649,0.13168511,9.751882
26.590,0.0,0.15323359,9.747093
26.631,-0.04070267,0.16759923,9.751882
26.657,-0.0071828244,0.1340794,9.761458
26.690,-0.0023942748,0.12210801,9.744699
26.731,-0.021548472,0.15083931,9.761458
26.758,-0.016759925,0.12929083,9.725544
26.791,0.009577099,0.13168511,9.711179
26.831,-0.031125572,0.15562786,9.766247
26.858,0.016759925,0.11253092,9.72315
26.891,-0.014365649,0.14365649,9.72315
26.931,-0.0023942748,0.14605077,9.744699
26.957,0.0023942748,0.1340794,9.73991
26.991,-0.021548472,0.11492519,9.768641
27.032,0.0047885496,0.11492519,9.749487
27.075,-0.016759925,0.15562786,9.763853
27.097,-0.0047885496,0.11492519,9.730332
27.132,-0.0071828244,0.1340794,9.72315
27.161,-0.023942748,0.13647367,9.751882
27.197,0.0,0.12689656,9.735122
27.231,-0.016759925,0.12929083,9.747093
27.271,-0.016759925,0.14126222,9.727939
27.298,-0.0023942748,0.13647367,9.749487
27.331,-0.019154198,0.12210801,9.766247
27.371,-0.014365649,0.12929083,9.73991
27.398,-0.031125572,0.14126222,9.749487
27.431,-0.019154198,0.11971374,9.749487
27.471,-0.014365649,0.12929083,9.737515
27.497,-0.038308397,0.13168511,9.759064
27.531,-0.019154198,0.14365649,9.771035
27.572,0.0071828244,0.12929083,9.735122
27.597,0.009577099,0.15802214,9.759064
27.631,-0.011971374,0.15802214,9.75667
27.670,-0.014365649,0.14365649,9.742304
27.697,-0.0047885496,0.14126222,9.751882
27.730,0.0,0.12689656,9.737515
27.771,-0.031125572,0.13647367,9.766247
27.798,-0.0023942748,0.1340794,9.727939
27.831,-0.014365649,0.12450229,9.732727
27.872,-0.0047885496,0.15083931,9.751882
27.898,0.0023942748,0.1340794,9.742304
27.932,-0.011971374,0.12450229,9.730332
27.971,0.0023942748,0.14844504,9.751882
28.011,-0.014365649,0.13886794,9.751882
28.038,-0.011971374,0.14605077,9.747093
28.072,0.0071828244,0.13886794,9.737515
28.113,-0.0071828244,0.14605077,9.749487
28.139,0.0047885496,0.13647367,9.732727
28.171,0.011971374,0.14126222,9.744699
28.211,-0.016759925,0.14365649,9.761458
28.238,0.0023942748,0.117319465,9.744699
28.272,-0.0047885496,0.11971374,9.73991
28.313,-0.011971374,0.13647367,9.747093
28.339,-0.016759925,0.11971374,9.730332
28.371,-0.016759925,0.12929083,9.747093
28.412,0.0071828244,0.12689656,9.75667
28.438,-0.021548472,0.12689656,9.742304
28.471,-0.009577099,0.13886794,9.754275
28.511,-0.014365649,0.12450229,9.732727
28.540,-0.023942748,0.15323359,9.77343
28.572,-0.009577099,0.14126222,9.77343
28.611,0.0047885496,0.11492519,9.73991
28.638,-0.009577099,0.1340794,9.771035
28.673,-0.014365649,0.15323359,9.759064
28.712,0.0,0.1340794,9.735122
28.738,-0.0071828244,0.13647367,9.766247
28.772,-0.014365649,0.14365649,9.737515
28.813,-0.011971374,0.1340794,9.744699
28.839,0.0,0.14605077,9.749487
28.872,-0.014365649,0.11492519,9.737515
28.913,-0.026337024,0.16041641,9.747093
28.952,-0.011971374,0.12929083,9.732727
28.979,-0.014365649,0.14126222,9.768641
29.014,-0.021548472,0.15323359,9.759064
29.052,0.0,0.117319465,9.730332
29.079,-0.016759925,0.15562786,9.749487
29.116,-0.0047885496,0.15562786,9.759064
29.151,-0.026337024,0.13886794,9.75667
29.178,-0.011971374,0.13168511,9.744699
29.212,-0.011971374,0.1340794,9.744699
29.256,-0.0071828244,0.16520496,9.75667
29.280,-0.009577099,0.11971374,9.73991
29.314,0.0023942748,0.1340794,9.737515
29.358,0.0071828244,0.14605077,9.75667
29.378,-0.0047885496,0.12689656,9.72315
29.412,-0.0047885496,0.12689656,9.735122
29.452,-0.019154198,0.13886794,9.747093
29.479,-0.009577099,0.13168511,9.737515
29.511,-0.023942748,0.14126222,9.761458
29.552,0.014365649,0.14126222,9.742304
29.578,-0.016759925,0.14605077,9.754275
29.618,-0.0071828244,0.13647367,9.735122
29.652,0.011971374,0.11971374,9.744699
29.691,-0.011971374,0.15562786,9.744699
29.718,-0.0047885496,0.13168511,9.749487
29.751,-0.0071828244,0.14605077,9.751882
29.793,-0.011971374,0.13647367,9.744699
29.818,-0.021548472,0.13886794,9.732727
29.854,-0.016759925,0.14844504,9.747093
29.892,-0.0047885496,0.12689656,9.742304
29.918,-0.026337024,0.13886794,9.759064
29.955,-0.011971374,0.13886794,9.759064
29.992,0.0071828244,0.1340794,9.735122
30.019,-0.021548472,0.14126222,9.763853
30.051,-0.021548472,0.15323359,9.754275
30.092,-0.026337024,0.14605077,9.735122
30.118,0.0023942748,0.14844504,9.768641
30.153,0.0,0.12689656,9.763853
30.191,-0.028731298,0.12689656,9.754275
30.219,0.0071828244,0.15323359,9.749487
30.253,0.0023942748,0.13168511,9.742304
30.293,-0.016759925,0.14126222,9.751882
30.318,0.0023942748,0.1340794,9.747093
30.352,-0.0023942748,0.11013664,9.751882
30.392,-0.009577099,0.14126222,9.75667
30.420,-0.0071828244,0.12210801,9.744699
30.455,-0.009577099,0.12210801,9.732727
30.493,-0.014365649,0.13886794,9.73991
30.519,0.0023942748,0.11971374,9.727939
30.553,-0.026337024,0.1340794,9.744699
30.592,-0.0023942748,0.12929083,9.727939
30.633,-0.016759925,0.15323359,9.766247
30.654,-0.021548472,0.13886794,9.754275
30.691,0.0023942748,0.11971374,9.727939
30.731,-0.0071828244,0.12450229,9.749487
30.758,-0.0071828244,0.12929083,9.73991
30.791,-0.0047885496,0.12210801,9.744699
30.832,-0.011971374,0.13168511,9.751882
30.858,0.0071828244,0.12689656,9.737515
30.893,-0.026337024,0.14844504,9.766247
30.933,0.0023942748,0.13168511,9.730332
30.958,-0.009577099,0.15562786,9.768641
30.992,-0.023942748,0.13647367,9.761458
31.031,0.0,0.1340794,9.759064
31.059,-0.016759925,0.15562786,9.768641
31.092,-0.0071828244,0.1340794,9.759064
31.133,0.0,0.12450229,9.742304
31.158,-0.0023942748,0.15802214,9.761458
31.192,-0.014365649,0.14126222,9.75667
31.232,-0.011971374,0.14365649,9.771035
31.258,-0.014365649,0.13886794,9.732727
31.292,0.019154198,0.13886794,9.759064
31.331,-0.026337024,0.14126222,9.768641
31.372,0.0071828244,0.1340794,9.732727
31.392,-0.011971374,0.12450229,9.747093
31.432,-0.031125572,0.15562786,9.75667
31.460,-0.016759925,0.11971374,9.744699
31.496,0.0023942748,0.13647367,9.732727
31.533,-0.023942748,0.14365649,9.763853
31.563,-0.0023942748,0.12450229,9.725544
31.598,0.0071828244,0.117319465,9.737515
31.631,0.0047885496,0.12929083,9.749487
31.671,-0.019154198,0.15083931,9.771035
31.697,0.0023942748,0.12210801,9.732727
31.731,-0.0023942748,0.117319465,9.749487
31.772,-0.016759925,0.14126222,9.754275
31.798,-0.016759925,0.12450229,9.742304
31.832,-0.021548472,0.10774237,9.718362
31.871,-0.026337024,0.12210801,9.747093
31.898,0.019154198,0.11971374,9.744699
31.932,-0.021548472,0.14365649,9.730332
31.972,0.011971374,0.13647367,9.73991
31.998,-0.03351985,0.13168511,9.754275
32.031,-0.04070267,0.13886794,9.75667
32.072,0.0023942748,0.11971374,9.754275
32.098,-0.0023942748,0.15562786,9.744699
32.133,-0.031125572,0.13647367,9.751882
32.171,-0.009577099,0.13886794,9.725544
32.211,0.0071828244,0.12929083,9.725544
32.238,-0.019154198,0.12210801,9.75667
32.272,-0.023942748,0.13168511,9.749487
32.312,0.016759925,0.12929083,9.735122
32.338,-0.023942748,0.13647367,9.768641
32.372,-0.019154198,0.13647367,9.75667
32.413,-0.009577099,0.12689656,9.744699
32.438,-0.019154198,0.14844504,9.778218
32.472,-0.011971374,0.14844504,9.75667
32.515,-0.011971374,0.1340794,9.747093
32.538,-0.016759925,0.14605077,9.771035
32.572,-0.011971374,0.15323359,9.751882
32.612,-0.014365649,0.14365649,9.75667
32.638,0.0023942748,0.14605077,9.751882
32.673,0.0023942748,0.12929083,9.75667
32.711,-0.021548472,0.15323359,9.768641
32.739,-0.0071828244,0.12210801,9.744699
32.771,-0.009577099,0.13168511,9.742304
32.812,-0.0047885496,0.13886794,9.77343
32.838,-0.009577099,0.12210801,9.742304
32.871,0.0,0.12210801,9.749487
32.912,-0.021548472,0.15323359,9.751882
32.938,-0.014365649,0.12450229,9.732727
32.972,-0.019154198,0.15562786,9.73991
33.011,0.0023942748,0.12689656,9.742304
33.051,-0.011971374,0.15323359,9.766247
33.072,-0.014365649,0.1340794,9.780613
33.112,-0.011971374,0.12689656,9.751882
33.151,0.0023942748,0.14605077,9.778218
33.178,-0.0071828244,0.13647367,9.73991
33.213,-0.0071828244,0.13168511,9.737515
33.254,0.0023942748,0.13886794,9.761458
33.280,-0.0047885496,0.12210801,9.73991
33.311,-0.009577099,0.14126222,9.747093
33.351,-0.016759925,0.13647367,9.747093
33.378,-0.0023942748,0.13647367,9.75667
33.411,0.0,0.13886794,9.744699
33.443,-0.0023942748,0.12929083,9.749487
33.478,-0.026337024,0.13886794,9.761458
33.512,-0.0047885496,0.15323359,9.761458
33.552,0.0023942748,0.13886794,9.737515
33.578,-0.009577099,0.14605077,9.749487
33.610,0.0023942748,0.14365649,9.761458
33.651,-0.0023942748,0.12929083,9.725544
33.677,0.0,0.15083931,9.735122
33.711,0.011971374,0.14126222,9.771035
33.754,-0.014365649,0.13886794,9.761458
33.778,0.0023942748,0.11971374,9.742304
33.813,0.011971374,0.13886794,9.730332
33.854,-0.009577099,0.13647367,9.766247
33.892,-0.011971374,0.12450229,9.744699
33.918,-0.016759925,0.15802214,9.763853
33.951,-0.014365649,0.14605077,9.766247
33.992,-0.011971374,0.14605077,9.759064
34.013,0.0071828244,0.12689656,9.749487
34.053,-0.021548472,0.14365649,9.747093
34.091,-0.009577099,0.14844504,9.749487
34.117,0.0,0.12929083,9.749487
34.151,-0.016759925,0.13647367,9.735122
34.191,-0.028731298,0.15083931,9.771035
34.218,0.0047885496,0.117319465,9.720756
34.252,0.0047885496,0.117319465,9.73991
34.294,-0.0071828244,0.15083931,9.754275
34.321,-0.011971374,0.11013664,9.725544
34.354,0.0023942748,0.13647367,9.768641
34.392,0.014365649,0.12929083,9.744699
34.418,-0.016759925,0.12210801,9.730332
34.454,-0.0047885496,0.12929083,9.754275
34.490,0.0023942748,0.11971374,9.742304
34.520,-0.031125572,0.13886794,9.75667
34.552,-0.016759925,0.13647367,9.768641
34.592,0.0,0.12929083,9.732727
34.630,-0.0071828244,0.14844504,9.761458
34.657,-0.0023942748,0.12450229,9.747093
34.690,-0.028731298,0.10774237,9.73991
34.731,0.0071828244,0.12210801,9.747093
34.752,-0.009577099,0.13886794,9.747093
34.791,-0.023942748,0.12929083,9.763853
34.831,0.0071828244,0.10055954,9.730332
34.858,-0.0071828244,0.13647367,9.766247
34.894,-0.019154198,0.14844504,9.766247
34.933,0.0071828244,0.10774237,9.761458
34.955,0.011971374,0.13886794,9.749487
34.993,-0.0023942748,0.14365649,9.761458
35.031,-0.0047885496,0.13647367,9.730332
35.058,0.0,0.14365649,9.75667
35.093,0.014365649,0.13647367,9.749487
35.132,-0.03351985,0.14844504,9.775824
35.158,0.0,0.13647367,9.744699
35.193,-0.014365649,0.14126222,9.735122
35.232,-0.0071828244,0.13886794,9.747093
35.267,0.0071828244,0.12689656,9.72315
35.291,-0.011971374,0.12689656,9.737515
35.331,-0.023942748,0.15802214,9.749487
35.358,0.0047885496,0.12689656,9.742304
35.392,0.0071828244,0.12450229,9.735122
35.431,0.0,0.12929083,9.754275
35.458,-0.011971374,0.13647367,9.737515
35.492,-0.026337024,0.1340794,9.759064
35.532,0.014365649,0.13886794,9.747093
35.571,-0.021548472,0.16281068,9.766247
35.597,-0.0047885496,0.10774237,9.737515
35.630,-0.0047885496,0.15083931,9.727939
35.671,-0.011971374,0.15323359,9.747093
35.697,-0.009577099,0.11971374,9.732727
35.731,-0.021548472,0.12929083,9.730332
35.772,0.014365649,0.12929083,9.727939
35.797,-0.021548472,0.14365649,9.75667
35.831,-0.0071828244,0.13647367,9.75667
35.872,-0.0071828244,0.12210801,9.747093
35.898,-0.026337024,0.14605077,9.761458
35.931,-0.021548472,0.13647367,9.766247
35.971,-0.0047885496,0.12210801,9.749487
35.998,-0.023942748,0.14844504,9.763853
36.032,0.0,0.15323359,9.754275
36.072,-0.016759925,0.1340794,9.73991
36.098,-0.0023942748,0.15083931,9.754275
36.132,0.0071828244,0.15323359,9.747093
36.174,-0.03351985,0.14126222,9.744699
36.197,0.0023942748,0.15323359,9.73991
36.233,0.009577099,0.13647367,9.747093
36.271,-0.019154198,0.15562786,9.763853
36.312,-0.0047885496,0.11492519,9.735122
36.332,0.021548472,0.13647367,9.742304
36.371,0.0023942748,0.14126222,9.761458
36.411,-0.014365649,0.13168511,9.763853
36.434,0.0047885496,0.13168511,9.720756
36.473,-0.0071828244,0.14605077,9.742304
36.513,-0.009577099,0.14605077,9.77343
36.539,0.0,0.14844504,9.759064
36.572,0.0023942748,0.12929083,9.735122
36.611,-0.014365649,0.13647367,9.75667
36.637,0.0,0.117319465,9.735122
36.670,-0.0023942748,0.1340794,9.725544
36.710,-0.014365649,0.13886794,9.759064
36.737,-0.011971374,0.12689656,9.725544
36.770,-0.026337024,0.12929083,9.737515
36.812,-0.014365649,0.13886794,9.759064
36.838,-0.0023942748,0.12689656,9.735122
36.873,-0.031125572,0.1340794,9.744699
36.911,-0.009577099,0.12689656,9.747093
36.937,-0.0071828244,0.14126222,9.75667
36.970,-0.023942748,0.15562786,9.768641
37.010,0.0023942748,0.12450229,9.730332
37.037,0.0,0.14605077,9.75667
37.071,-0.026337024,0.14844504,9.766247
37.111,-0.023942748,0.12450229,9.747093
37.138,-0.0023942748,0.15083931,9.768641
37.177,-0.014365649,0.12450229,9.742304
37.211,-0.0047885496,0.12450229,9.761458
37.251,0.0047885496,0.12450229,9.73991
37.273,0.0,0.12450229,9.730332
37.310,-0.009577099,0.14605077,9.77343
37.351,0.0023942748,0.13647367,9.73991
37.377,-0.026337024,0.14605077,9.759064
37.411,-0.0071828244,0.16041641,9.759064
37.457,-0.0023942748,0.14844504,9.747093
37.477,0.0023942748,0.16041641,9.77343
37.510,-0.0047885496,0.14365649,9.754275
37.543,-0.019154198,0.12929083,9.747093
37.581,0.014365649,0.12689656,9.725544
37.610,-0.0023942748,0.13886794,9.735122
37.651,-0.026337024,0.1340794,9.751882
37.677,0.014365649,0.12929083,9.730332
37.712,0.0023942748,0.12929083,9.730332
37.752,-0.021548472,0.14126222,9.77343
37.777,-0.021548472,0.12689656,9.737515
37.819,-0.014365649,0.14605077,9.744699
37.850,-0.0071828244,0.14365649,9.747093
37.878,-0.0047885496,0.11971374,9.727939
37.911,-0.014365649,0.12450229,9.75667
37.952,-0.0047885496,0.13647367,9.744699
37.990,-0.016759925,0.14365649,9.761458
38.013,-0.021548472,0.13886794,9.759064
38.053,-0.0071828244,0.12929083,9.730332
38.090,-0.011971374,0.14605077,9.742304
38.117,0.0,0.10055954,9.727939
38.150,0.0023942748,0.12929083,9.742304
38.191,-0.0023942748,0.14844504,9.759064
38.217,0.0047885496,0.11971374,9.735122
38.251,-0.009577099,0.12689656,9.759064
38.290,0.019154198,0.117319465,9.73991
38.317,-0.019154198,0.14126222,9.751882
38.352,-0.038308397,0.12929083,9.75667
38.390,0.014365649,0.12689656,9.72315
38.417,-0.028731298,0.14365649,9.761458
38.455,-0.016759925,0.14365649,9.761458
38.491,-0.014365649,0.1340794,9.735122
38.517,-0.019154198,0.15562786,9.763853
38.551,0.0023942748,0.1340794,9.775824
38.590,-0.0023942748,0.12450229,9.749487
38.617,-0.021548472,0.15802214,9.761458
38.651,0.0071828244,0.15802214,9.749487
38.690,-0.019154198,0.15323359,9.766247
38.717,-0.0023942748,0.1340794,9.737515
38.751,0.026337024,0.13168511,9.744699
38.791,-0.019154198,0.14844504,9.778218
38.818,0.0,0.13647367,9.732727
38.852,-0.016759925,0.12929083,9.742304
38.891,-0.028731298,0.16759923,9.766247
38.930,-0.03351985,0.13168511,9.742304
38.952,-0.0023942748,0.13647367,9.735122
38.991,0.0071828244,0.12689656,9.754275
39.031,-0.014365649,0.13168511,9.766247
39.058,0.009577099,0.13647367,9.742304
39.091,-0.0023942748,0.12929083,9.75667
39.131,-0.016759925,0.17478207,9.766247
39.158,-0.019154198,0.11013664,9.737515
39.190,-0.019154198,0.12210801,9.732727
39.232,0.0,0.12210801,9.75667
39.257,-0.0047885496,0.12450229,9.730332
39.291,-0.0023942748,0.13647367,9.735122
39.331,-0.0023942748,0.13168511,9.747093
39.358,-0.011971374,0.1340794,9.754275
39.391,-0.016759925,0.14126222,9.766247
39.430,-0.0071828244,0.12929083,9.730332
39.456,-0.023942748,0.15083931,9.75667
39.490,-0.009577099,0.15083931,9.75667
39.532,0.009577099,0.117319465,9.735122
39.562,-0.0047885496,0.15083931,9.761458
39.597,-0.019154198,0.13886794,9.742304
39.631,0.0047885496,0.12689656,9.751882
39.670,0.0071828244,0.13168511,9.737515
39.696,-0.0023942748,0.1340794,9.751882
39.730,-0.026337024,0.14844504,9.759064
39.771,0.0,0.11253092,9.72315
39.792,0.0,0.11253092,9.737515
39.830,-0.0023942748,0.16041641,9.771035
39.872,-0.0047885496,0.12210801,9.727939
39.897,-0.009577099,0.16759923,9.766247
39.933,0.0071828244,0.15323359,9.75667
39.971,-0.019154198,0.14844504,9.737515
39.997,-0.021548472,0.13168511,9.751882
40.030,-0.0071828244,0.1340794,9.735122
40.071,-0.0071828244,0.14365649,9.778218
40.097,0.011971374,0.13168511,9.73991
40.131,0.009577099,0.11492519,9.744699
40.171,-0.0047885496,0.15083931,9.751882
40.197,0.009577099,0.12689656,9.732727
40.231,-0.0047885496,0.12450229,9.732727
40.270,-0.014365649,0.15802214,9.783007
40.297,-0.0071828244,0.13168511,9.730332
40.331,-0.023942748,0.13168511,9.730332
40.373,0.0023942748,0.14365649,9.737515
40.397,-0.035914123,0.12210801,9.732727
40.437,0.0023942748,0.12210801,9.730332
40.471,-0.0023942748,0.12689656,9.742304
40.500,-0.014365649,0.13168511,9.768641
40.535,0.0047885496,0.13647367,9.749487
40.570,-0.0023942748,0.12210801,9.730332
40.611,0.009577099,0.1340794,9.742304
40.632,-0.014365649,0.15562786,9.751882
40.672,0.0,0.1340794,9.747093
40.712,-0.014365649,0.12210801,9.727939
40.737,-0.016759925,0.12450229,9.718362
40.770,-0.031125572,0.14365649,9.751882
40.810,-0.0071828244,0.105348095,9.718362
40.837,-0.009577099,0.12689656,9.761458
40.870,-0.011971374,0.14844504,9.763853
40.910,-0.031125572,0.12689656,9.735122
40.939,-0.016759925,0.14365649,9.763853
40.970,-0.011971374,0.14126222,9.751882
41.013,0.0,0.11253092,9.727939
41.037,0.0,0.14605077,9.749487
41.073,-0.011971374,0.117319465,9.744699
41.111,-0.038308397,0.12689656,9.754275
41.136,-0.019154198,0.12210801,9.751882
41.170,-0.011971374,0.10774237,9.732727
41.209,-0.019154198,0.13886794,9.754275
41.250,0.0047885496,0.13886794,9.730332
41.277,-0.019154198,0.15083931,9.761458
41.310,-0.0071828244,0.14605077,9.744699
41.351,-0.009577099,0.14126222,9.73991
41.377,-0.019154198,0.15323359,9.75667
41.410,0.0,0.13647367,9.747093
41.443,-0.0047885496,0.13168511,9.735122
41.476,0.0,0.13647367,9.747093
41.510,-0.0023942748,0.117319465,9.725544
41.540,-0.021548472,0.12450229,9.754275
41.573,-0.011971374,0.13647367,9.742304
41.610,0.0,0.10774237,9.727939
41.651,-0.0047885496,0.13886794,9.768641
41.676,-0.0047885496,0.13886794,9.73991
41.710,-0.014365649,0.14365649,9.730332
41.750,0.0071828244,0.14605077,9.744699
41.777,-0.016759925,0.13886794,9.747093
41.810,-0.019154198,0.15083931,9.761458
41.853,0.0071828244,0.13168511,9.732727
41.877,-0.028731298,0.14844504,9.759064
41.911,-0.026337024,0.15323359,9.766247
41.958,0.014365649,0.1340794,9.747093
41.977,-0.0071828244,0.14365649,9.766247
42.011,-0.021548472,0.15083931,9.768641
42.050,-0.014365649,0.14365649,9.759064
42.077,0.011971374,0.13886794,9.751882
42.117,-0.0071828244,0.14126222,9.749487
42.151,-0.014365649,0.1340794,9.744699
42.178,-0.019154198,0.15083931,9.715967
42.217,-0.0071828244,0.12210801,9.751882
42.251,-0.028731298,0.13647367,9.766247
42.293,-0.014365649,0.11971374,9.725544
42.317,-0.0023942748,0.15323359,9.73991
42.350,-0.026337024,0.15083931,9.744699
42.391,-0.016759925,0.12450229,9.732727
42.420,-0.021548472,0.14605077,9.751882
42.452,-0.016759925,0.13886794,9.747093
42.491,-0.03351985,0.15323359,9.763853
42.517,-0.0071828244,0.117319465,9.730332
42.550,0.0071828244,0.1340794,9.737515
42.590,-0.0047885496,0.14365649,9.775824
42.616,0.011971374,0.15323359,9.737515
42.649,-0.0023942748,0.11971374,9.727939
42.690,0.011971374,0.15562786,9.766247
42.716,0.0071828244,0.13886794,9.730332
42.751,-0.016759925,0.11492519,9.727939
42.791,0.009577099,0.14126222,9.742304
42.816,-0.009577099,0.13647367,9.73991
42.851,-0.019154198,0.13168511,9.766247
42.891,0.016759925,0.14605077,9.725544
42.917,0.0023942748,0.15562786,9.754275
42.951,-0.028731298,0.15323359,9.778218
42.991,-0.011971374,0.12929083,9.737515
43.029,-0.014365649,0.14365649,9.759064
43.057,-0.011971374,0.14126222,9.737515
43.090,0.0,0.1340794,9.744699
43.130,0.0023942748,0.13168511,9.730332
43.152,-0.023942748,0.15802214,9.75667
43.190,-0.026337024,0.12929083,9.77343
43.232,-0.011971374,0.12210801,9.720756
43.258,-0.023942748,0.15323359,9.768641
43.291,-0.014365649,0.14365649,9.787795
43.332,-0.009577099,0.12450229,9.735122
43.357,-0.014365649,0.14365649,9.77343
43.390,-0.011971374,0.13886794,9.771035
43.429,-0.0023942748,0.13886794,9.763853
43.457,-0.009577099,0.12689656,9.747093
43.489,0.0,0.14844504,9.73991
43.530,-0.026337024,0.13168511,9.751882
43.558,-0.0071828244,0.117319465,9.742304
43.590,0.0071828244,0.14365649,9.744699
43.629,-0.026337024,0.15323359,9.75667
43.656,0.009577099,0.12689656,9.73991
43.696,-0.021548472,0.15083931,9.751882
43.729,-0.009577099,0.15083931,9.749487
43.770,-0.009577099,0.12210801,9.732727
43.796,0.0071828244,0.14605077,9.759064
43.830,-0.0047885496,0.14365649,9.730332
43.870,-0.035914123,0.14365649,9.759064
43.897,-0.0047885496,0.13647367,9.735122
43.930,0.011971374,0.10774237,9.732727
43.970,-0.0023942748,0.15323359,9.763853
43.996,0.0,0.12450229,9.720756
44.033,-0.0047885496,0.12210801,9.747093
44.070,-0.009577099,0.14126222,9.747093
44.096,-0.023942748,0.12689656,9.732727
44.131,0.0047885496,0.11492519,9.751882
44.170,0.0047885496,0.13168511,9.744699
44.197,-0.011971374,0.15323359,9.749487
44.230,-0.019154198,0.13647367,9.761458
44.271,0.0071828244,0.14365649,9.737515
44.301,-0.021548472,0.13168511,9.759064
44.338,-0.016759925,0.14126222,9.778218
44.370,-0.011971374,0.13647367,9.744699
44.396,-0.021548472,0.15083931,9.768641
44.431,0.009577099,0.16281068,9.761458
44.473,-0.016759925,0.12210801,9.749487
44.497,-0.016759925,0.15083931,9.763853
44.530,-0.014365649,0.13647367,9.759064
44.570,-0.009577099,0.14126222,9.747093
44.597,-0.011971374,0.11253092,9.742304
44.636,-0.026337024,0.14605077,9.761458
44.670,-0.011971374,0.16281068,9.763853
44.698,-0.0023942748,0.11013664,9.725544
44.736,-0.021548472,0.15323359,9.763853
44.770,-0.021548472,0.1340794,9.761458
44.810,-0.009577099,0.14365649,9.754275
44.836,-0.019154198,0.14126222,9.742304
44.871,0.0023942748,0.13647367,9.749487
44.911,-0.019154198,0.1340794,9.754275
44.936,0.009577099,0.14365649,9.744699
44.970,-0.009577099,0.12450229,9.737515
45.009,-0.04070267,0.13168511,9.771035
45.036,0.009577099,0.11971374,9.732727
45.068,-0.009577099,0.12689656,9.749487
45.109,-0.0047885496,0.13886794,9.737515
45.137,0.0023942748,0.14605077,9.75667
45.170,0.0047885496,0.1340794,9.747093
45.212,0.019154198,0.13168511,9.742304
45.237,-0.014365649,0.12929083,9.749487
45.270,-0.009577099,0.117319465,9.744699
45.310,0.0071828244,0.12210801,9.735122
45.336,-0.021548472,0.15802214,9.747093
45.372,-0.014365649,0.15083931,9.75667
45.410,0.0047885496,0.11253092,9.732727
45.440,0.0047885496,0.13647367,9.768641
45.476,0.0,0.13886794,9.771035
45.509,-0.0071828244,0.12210801,9.751882
45.551,0.009577099,0.13886794,9.720756
45.581,-0.019154198,0.12450229,9.747093
45.609,-0.0071828244,0.1340794,9.749487
45.649,-0.0047885496,0.12450229,9.742304
45.676,-0.0047885496,0.14844504,9.766247
45.710,-0.019154198,0.15323359,9.775824
45.751,-0.0047885496,0.13168511,9.730332
45.776,-0.009577099,0.16041641,9.759064
45.810,-0.011971374,0.1699935,9.79019
45.852,0.0047885496,0.14605077,9.749487
45.876,0.0071828244,0.14126222,9.751882
45.909,-0.0023942748,0.15562786,9.749487
45.950,0.0023942748,0.15323359,9.75667
45.976,-0.009577099,0.12210801,9.75667
46.010,-0.0047885496,0.14365649,9.73991
46.051,-0.028731298,0.16520496,9.766247
46.076,0.016759925,0.14126222,9.725544
46.111,0.009577099,0.13886794,9.732727
46.152,-0.019154198,0.15562786,9.768641
46.176,0.0,0.11253092,9.735122
46.210,-0.014365649,0.12689656,9.735122
46.250,-0.0047885496,0.14365649,9.749487
46.291,-0.011971374,0.15083931,9.754275
46.318,0.0,0.12210801,9.732727
46.350,0.009577099,0.12450229,9.742304
46.391,-0.0023942748,0.14126222,9.766247
46.412,-0.009577099,0.12210801,9.751882
46.452,-0.011971374,0.1340794,9.742304
46.492,-0.023942748,0.14844504,9.751882
46.516,0.0,0.12450229,9.735122
46.551,0.011971374,0.12929083,9.727939
46.589,0.0,0.117319465,9.730332
46.616,-0.0071828244,0.14126222,9.761458
46.650,0.0,0.12450229,9.732727
46.689,0.009577099,0.12210801,9.732727
46.716,-0.0071828244,0.14365649,9.761458
46.751,-0.009577099,0.14365649,9.749487
46.791,-0.0071828244,0.117319465,9.73991
46.816,0.0023942748,0.12929083,9.766247
46.849,-0.021548472,0.15083931,9.768641
46.890,0.0023942748,0.12450229,9.730332
46.917,-0.0071828244,0.14365649,9.778218
46.951,0.0,0.14126222,9.771035
46.991,-0.0047885496,0.14126222,9.754275
47.016,-0.009577099,0.14126222,9.742304
47.052,0.0,0.13168511,9.73991
47.089,-0.035914123,0.13886794,9.761458
47.130,-0.023942748,0.12929083,9.727939
47.156,-0.0023942748,0.14844504,9.754275
47.192,-0.023942748,0.15562786,9.766247
47.230,-0.016759925,0.13647367,9.744699
47.256,-0.03351985,0.14605077,9.75667
47.292,0.0047885496,0.14844504,9.754275
47.330,-0.011971374,0.14844504,9.75667
47.356,0.011971374,0.14365649,9.737515
47.389,0.0023942748,0.12689656,9.732727
47.429,-0.026337024,0.14126222,9.768641
47.456,0.0023942748,0.117319465,9.72315
47.490,-0.0047885496,0.11971374,9.737515
47.530,-0.0071828244,0.14126222,9.751882
47.557,-0.0023942748,0.11492519,9.732727
47.590,-0.0023942748,0.12929083,9.744699
47.631,-0.0023942748,0.13168511,9.747093
47.657,-0.009577099,0.12929083,9.742304
47.689,-0.021548472,0.1340794,9.749487
47.729,0.009577099,0.14605077,9.737515
47.770,-0.016759925,0.13886794,9.763853
47.789,-0.014365649,0.15323359,9.754275
47.829,-0.019154198,0.12689656,9.711179
47.856,-0.03351985,0.14605077,9.759064
47.896,-0.0047885496,0.12689656,9.732727
47.929,-0.011971374,0.11253092,9.737515
47.969,0.0047885496,0.13647367,9.751882
47.996,-0.011971374,0.13886794,9.735122
48.030,-0.026337024,0.1340794,9.730332
48.070,0.009577099,0.11013664,9.727939
48.097,-0.023942748,0.13886794,9.75667
48.130,-0.0071828244,0.14365649,9.754275
48.171,-0.0023942748,0.12689656,9.744699
48.196,-0.031125572,0.15562786,9.771035
48.230,-0.016759925,0.14844504,9.751882
48.270,-0.014365649,0.12929083,9.727939
48.298,-0.0023942748,0.14844504,9.763853
48.331,0.0023942748,0.14605077,9.75667
48.369,-0.035914123,0.14605077,9.744699
48.396,0.0023942748,0.13647367,9.759064
48.433,-0.0047885496,0.13886794,9.744699
48.473,-0.021548472,0.15562786,9.766247
48.495,-0.0023942748,0.12210801,9.735122
48.529,0.016759925,0.13886794,9.735122
48.570,-0.0071828244,0.13886794,9.75667
48.596,0.0023942748,0.12929083,9.72315
48.630,-0.0071828244,0.11253092,9.720756
48.669,-0.009577099,0.13886794,9.744699
48.696,-0.0071828244,0.1340794,9.744699
48.735,-0.0047885496,0.13168511,9.73991
48.770,0.0047885496,0.11013664,9.737515
48.810,-0.019154198,0.15083931,9.759064
48.836,0.009577099,0.12450229,9.75667
48.869,-0.014365649,0.11971374,9.735122
48.909,-0.0023942748,0.14844504,9.749487
48.932,-0.016759925,0.15323359,9.759064
48.970,-0.0047885496,0.11971374,9.732727
49.009,0.0023942748,0.12450229,9.732727
49.036,0.0023942748,0.13168511,9.737515
49.069,-0.028731298,0.12929083,9.759064
49.110,0.0023942748,0.12210801,9.735122
49.136,-0.016759925,0.12929083,9.75667
49.170,-0.0047885496,0.14126222,9.759064
49.209,0.014365649,0.12210801,9.735122
49.236,-0.009577099,0.16520496,9.759064
49.269,-0.03351985,0.14844504,9.766247
49.309,-0.009577099,0.12929083,9.754275
49.336,-0.0071828244,0.15083931,9.742304
49.369,-0.016759925,0.14126222,9.766247
49.409,-0.009577099,0.12450229,9.749487
49.437,-0.016759925,0.15323359,9.754275
49.472,-0.0023942748,0.13168511,9.737515
49.509,-0.014365649,0.15083931,9.768641
49.537,0.0023942748,0.12929083,9.730332
49.575,0.0071828244,0.13647367,9.708784
49.609,-0.028731298,0.15083931,9.79019
49.649,-0.014365649,0.14844504,9.744699
49.675,0.0023942748,0.14605077,9.771035
49.710,-0.0071828244,0.15802214,9.775824
49.749,-0.0047885496,0.14605077,9.749487
49.775,-0.009577099,0.15802214,9.754275
49.809,0.0023942748,0.14365649,9.749487
49.849,-0.028731298,0.14605077,9.763853
49.876,-0.011971374,0.12450229,9.73991
49.909,-0.0047885496,0.12210801,9.749487
49.950,-0.026337024,0.16041641,9.759064
49.976,0.0023942748,0.13168511,9.730332
50.009,-0.011971374,0.14605077,9.73991
50.051,-0.011971374,0.12929083,9.742304
50.076,0.0047885496,0.12929083,9.742304
50.110,-0.019154198,0.15083931,9.737515
50.151,-0.011971374,0.12929083,9.742304
50.176,-0.0047885496,0.1340794,9.75667
50.210,-0.0071828244,0.14126222,9.754275
50.249,-0.0047885496,0.117319465,9.732727
50.290,-0.026337024,0.12929083,9.77343
50.309,-0.023942748,0.14605077,9.768641
50.351,0.014365649,0.1340794,9.727939
50.389,0.021548472,0.13168511,9.737515
50.416,-0.014365649,0.13886794,9.751882
50.450,-0.0071828244,0.14605077,9.751882
50.490,0.0047885496,0.12210801,9.732727
50.515,-0.009577099,0.13886794,9.75667
50.550,-0.016759925,0.15802214,9.751882
50.591,0.011971374,0.12210801,9.730332
50.616,-0.014365649,0.15323359,9.751882
50.649,-0.023942748,0.13886794,9.766247
50.689,0.0,0.12689656,9.737515
50.715,-0.0023942748,0.16041641,9.771035
50.751,-0.009577099,0.14365649,9.761458
50.791,-0.026337024,0.12450229,9.737515
50.816,-0.016759925,0.14605077,9.754275
50.850,-0.011971374,0.14365649,9.751882
50.890,-0.023942748,0.15323359,9.737515
50.916,0.0047885496,0.1340794,9.72315
50.950,0.0047885496,0.12929083,9.73991
50.990,-0.0071828244,0.14365649,9.749487
51.015,-0.0023942748,0.117319465,9.737515
51.049,-0.0023942748,0.12929083,9.747093
51.089,-0.016759925,0.14126222,9.754275
51.129,-0.0047885496,0.14365649,9.775824
51.149,-0.016759925,0.13647367,9.737515
51.189,-0.009577099,0.14365649,9.737515
51.229,-0.028731298,0.16281068,9.775824
51.256,0.0023942748,0.14365649,9.778218
51.289,-0.016759925,0.12210801,9.730332
51.330,0.0,0.14844504,9.775824
51.356,0.019154198,0.11253092,9.73991
51.390,-0.0023942748,0.12450229,9.737515
51.430,0.0,0.14844504,9.735122
51.453,-0.011971374,0.14605077,9.749487
51.489,0.0,0.13647367,9.749487
51.529,0.011971374,0.12450229,9.749487
51.556,-0.028731298,0.14844504,9.73991
51.588,-0.0047885496,0.15802214,9.754275
51.629,-0.016759925,0.12450229,9.732727
51.655,-0.021548472,0.15562786,9.754275
51.689,-0.014365649,0.15802214,9.77343
51.729,-0.009577099,0.12210801,9.737515
51.755,-0.019154198,0.16041641,9.768641
51.789,-0.0071828244,0.15083931,9.761458
51.830,-0.026337024,0.13647367,9.759064
51.855,-0.0071828244,0.15562786,9.744699
51.889,0.014365649,0.1340794,9.749487
51.929,-0.031125572,0.14605077,9.759064
51.956,-0.0071828244,0.12689656,9.749487
51.990,0.009577099,0.13647367,9.735122
52.030,-0.014365649,0.15083931,9.75667
52.056,0.0,0.11013664,9.742304
52.096,-0.014365649,0.14126222,9.768641
52.129,-0.016759925,0.14844504,9.766247
52.170,-0.021548472,0.15323359,9.75667
52.196,0.0023942748,0.14365649,9.747093
52.230,-0.031125572,0.1340794,9.749487
52.269,-0.023942748,0.13647367,9.768641
52.295,0.014365649,0.12450229,9.732727
52.333,-0.009577099,0.13886794,9.737515
52.369,-0.011971374,0.14365649,9.77343
52.395,-0.0071828244,0.10055954,9.708784
52.428,-0.023942748,0.12450229,9.730332
52.470,0.009577099,0.14365649,9.747093
52.497,0.0023942748,0.12929083,9.744699
52.536,-0.014365649,0.13168511,9.744699
52.575,0.0071828244,0.12450229,9.730332
52.597,-0.031125572,0.13647367,9.735122
52.629,-0.019154198,0.14365649,9.737515
52.670,0.0071828244,0.12929083,9.759064
52.696,-0.026337024,0.14605077,9.766247
52.730,-0.023942748,0.13647367,9.754275
52.771,0.0047885496,0.12689656,9.742304
52.796,-0.021548472,0.16041641,9.775824
52.833,-0.009577099,0.1340794,9.768641
52.870,-0.011971374,0.12929083,9.749487
52.896,-0.009577099,0.15323359,9.749487
52.930,0.014365649,0.11971374,9.732727
52.970,-0.021548472,0.14365649,9.73991
53.010,0.0071828244,0.11971374,9.732727
53.032,0.019154198,0.12210801,9.725544
53.070,-0.023942748,0.13886794,9.766247
53.110,0.0,0.12689656,9.730332
53.136,-0.011971374,0.14605077,9.75667
53.171,-0.014365649,0.14605077,9.747093
53.210,-0.021548472,0.12929083,9.754275
53.236,-0.011971374,0.1699935,9.77343
53.270,-0.009577099,0.14605077,9.747093
53.311,-0.0047885496,0.14365649,9.759064
53.336,-0.016759925,0.14605077,9.732727
53.371,0.0023942748,0.13886794,9.75667
53.410,-0.014365649,0.15562786,9.77343
53.443,-0.0071828244,0.12210801,9.735122
53.471,0.0071828244,0.13647367,9.732727
53.512,-0.011971374,0.14126222,9.759064
53.538,0.009577099,0.117319465,9.727939
53.571,-0.0071828244,0.13886794,9.735122
53.611,0.0,0.15802214,9.754275
53.637,0.0047885496,0.12210801,9.735122
53.671,-0.009577099,0.12210801,9.73991
53.710,-0.009577099,0.12929083,9.732727
53.737,-0.019154198,0.14844504,9.751882
53.771,-0.031125572,0.13168511,9.754275
53.810,0.0071828244,0.13647367,9.735122
53.837,-0.026337024,0.1340794,9.763853
53.873,-0.028731298,0.15323359,9.754275
53.912,-0.0023942748,0.12689656,9.735122
53.939,-0.011971374,0.15323359,9.754275
53.972,-0.009577099,0.14605077,9.761458
54.010,0.009577099,0.14365649,9.754275
54.051,-0.0023942748,0.12689656,9.732727
54.072,-0.009577099,0.1340794,9.737515
54.111,-0.023942748,0.13647367,9.759064
54.151,-0.0047885496,0.12929083,9.73991
54.173,0.0023942748,0.12689656,9.737515
54.212,-0.011971374,0.15323359,9.751882
54.251,-0.0023942748,0.11253092,9.751882
54.277,-0.019154198,0.14126222,9.759064
54.311,0.0,0.15802214,9.749487
54.351,-0.019154198,0.14365649,9.768641
54.378,-0.021548472,0.14365649,9.747093
54.411,-0.019154198,0.14605077,9.766247
54.451,-0.026337024,0.14126222,9.761458
54.480,0.0023942748,0.13168511,9.744699
54.511,0.016759925,0.13647367,9.732727
54.551,-0.031125572,0.15083931,9.763853
54.577,-0.0071828244,0.13647367,9.737515
54.611,-0.016759925,0.1340794,9.735122
54.652,0.009577099,0.1340794,9.747093
54.678,-0.009577099,0.12210801,9.737515
54.711,-0.011971374,0.12929083,9.735122
54.750,-0.0071828244,0.14365649,9.75667
54.790,-0.011971374,0.13886794,9.761458
54.817,-0.0047885496,0.12689656,9.737515
54.851,0.0,0.13886794,9.737515
54.890,-0.0071828244,0.15562786,9.75667
54.917,0.0047885496,0.117319465,9.72315
54.951,-0.016759925,0.117319465,9.73991
54.993,-0.021548472,0.15083931,9.75667
55.013,-0.016759925,0.15323359,9.768641
55.052,-0.009577099,0.12450229,9.725544
55.090,0.0,0.11013664,9.754275
55.117,0.0047885496,0.14126222,9.759064
55.152,-0.026337024,0.14605077,9.754275
55.193,0.0071828244,0.11013664,9.73991
55.217,-0.016759925,0.15323359,9.759064
55.251,-0.0047885496,0.14605077,9.768641
55.291,-0.0023942748,0.12450229,9.727939
55.317,-0.014365649,0.16041641,9.775824
55.351,-0.011971374,0.14605077,9.766247
55.391,-0.016759925,0.11492519,9.761458
55.417,0.0047885496,0.14126222,9.754275
55.451,-0.0047885496,0.13886794,9.766247
55.490,-0.023942748,0.14605077,9.749487
55.517,0.0023942748,0.13647367,9.751882
55.552,0.0047885496,0.14844504,9.730332
55.591,-0.014365649,0.15083931,9.761458
55.618,0.0047885496,0.12689656,9.732727
55.653,-0.0047885496,0.11253092,9.742304
55.690,-0.014365649,0.15562786,9.749487
55.730,-0.016759925,0.14844504,9.766247
55.753,0.0023942748,0.13647367,9.747093
55.790,-0.0071828244,0.13886794,9.761458
55.831,-0.03351985,0.15083931,9.75667
55.857,-0.016759925,0.14605077,9.744699
55.893,0.0047885496,0.13168511,9.744699
55.930,-0.023942748,0.15562786,9.775824
55.957,0.0023942748,0.12689656,9.742304
55.992,-0.0047885496,0.14126222,9.732727
56.031,0.009577099,0.14605077,9.759064
56.057,-0.026337024,0.12210801,9.7135725
56.090,-0.014365649,0.12689656,9.730332
56.131,0.011971374,0.14126222,9.747093
56.157,-0.011971374,0.14844504,9.744699
56.191,-0.014365649,0.14126222,9.754275
56.231,0.0047885496,0.117319465,9.730332
56.257,-0.014365649,0.15323359,9.77343
56.291,-0.0071828244,0.1340794,9.771035
56.331,-0.011971374,0.11253092,9.735122
56.357,-0.0047885496,0.15083931,9.75667
56.391,-0.009577099,0.14605077,9.763853
56.430,-0.0071828244,0.12689656,9.754275
56.470,0.016759925,0.13168511,9.751882
56.497,-0.023942748,0.14605077,9.759064
56.532,-0.023942748,0.14605077,9.749487
56.560,0.0071828244,0.15083931,9.73991
56.597,-0.026337024,0.15083931,9.771035
56.631,-0.009577099,0.15562786,9.766247
56.670,-0.0047885496,0.1340794,9.737515
56.696,-0.011971374,0.15802214,9.759064
56.731,-0.009577099,0.16281068,9.749487
56.770,-0.019154198,0.12929083,9.763853
56.797,0.0047885496,0.12929083,9.759064
56.830,0.009577099,0.1340794,9.732727
56.871,-0.011971374,0.15083931,9.761458
56.897,0.0023942748,0.12929083,9.732727
56.930,-0.019154198,0.13886794,9.737515
56.970,-0.014365649,0.16041641,9.771035
56.997,-0.014365649,0.10774237,9.72315
57.030,0.0071828244,0.12929083,9.737515
57.071,-0.019154198,0.14365649,9.759064
57.097,-0.009577099,0.12929083,9.732727
57.130,-0.019154198,0.14365649,9.737515
57.171,-0.0047885496,0.14126222,9.732727
57.197,-0.014365649,0.1340794,9.735122
57.237,-0.0071828244,0.12929083,9.727939
57.271,0.011971374,0.12210801,9.730332
57.311,-0.009577099,0.15562786,9.749487
57.338,-0.0047885496,0.12689656,9.7135725
57.370,0.0023942748,0.12689656,9.732727
57.410,-0.0047885496,0.14844504,9.747093
57.438,-0.0071828244,0.12929083,9.742304
57.476,-0.0047885496,0.12929083,9.751882
57.512,0.0,0.11253092,9.742304
57.538,-0.021548472,0.12450229,9.749487
57.570,0.0023942748,0.14126222,9.749487
57.609,-0.0047885496,0.12689656,9.735122
57.637,0.0,0.14605077,9.751882
57.670,-0.0023942748,0.15562786,9.763853
57.709,-0.009577099,0.11492519,9.73991
57.737,-0.0023942748,0.15562786,9.744699
57.773,-0.0047885496,0.14844504,9.737515
57.810,0.014365649,0.11971374,9.730332
57.837,-0.021548472,0.14605077,9.749487
57.871,-0.009577099,0.12689656,9.73991
57.911,-0.019154198,0.16041641,9.763853
57.937,-0.011971374,0.12689656,9.75667
57.971,-0.014365649,0.13168511,9.744699
58.010,-0.026337024,0.15323359,9.749487
58.038,0.0047885496,0.13168511,9.730332
58.073,0.0047885496,0.13647367,9.732727
58.110,0.0,0.14844504,9.751882
58.151,-0.021548472,0.13647367,9.761458
58.177,-0.019154198,0.13886794,9.766247
58.210,-0.0023942748,0.13647367,9.749487
58.250,-0.009577099,0.14365649,9.763853
58.277,-0.011971374,0.12210801,9.735122
58.310,0.0047885496,0.12929083,9.72315
58.351,-0.021548472,0.14844504,9.759064
58.377,-0.0023942748,0.12689656,9.735122
58.410,-0.011971374,0.13168511,9.725544
58.451,-0.021548472,0.16041641,9.75667
58.477,-0.019154198,0.11971374,9.730332
58.509,0.009577099,0.11971374,9.742304
58.551,0.0047885496,0.14365649,9.737515
58.578,-0.03351985,0.13647367,9.747093
58.609,-0.0023942748,0.12689656,9.737515
58.650,0.0047885496,0.14844504,9.725544
58.676,-0.014365649,0.11253092,9.771035
58.710,-0.019154198,0.16281068,9.761458
58.750,-0.019154198,0.11971374,9.735122
58.776,-0.035914123,0.1340794,9.75667
58.810,-0.021548472,0.15802214,9.759064
58.850,0.0,0.12689656,9.735122
58.877,-0.028731298,0.14605077,9.766247
58.917,-0.019154198,0.1340794,9.735122
58.951,-0.021548472,0.12929083,9.737515
58.991,-0.0047885496,0.11253092,9.725544
59.017,-0.035914123,0.14126222,9.751882
59.051,-0.0047885496,0.12689656,9.749487
59.090,0.016759925,0.117319465,9.72315
59.116,-0.023942748,0.15323359,9.751882
59.150,0.0,0.14605077,9.751882
59.190,-0.0071828244,0.1340794,9.720756
59.216,-0.019154198,0.16281068,9.761458
59.251,-0.009577099,0.15323359,9.754275
59.290,-0.019154198,0.12929083,9.749487
59.316,0.0023942748,0.12450229,9.749487
59.351,0.011971374,0.1340794,9.742304
59.390,-0.0047885496,0.14605077,9.75667
59.416,0.011971374,0.11971374,9.744699
59.450,0.021548472,0.12450229,9.7135725
59.492,-0.026337024,0.14605077,9.763853
59.516,-0.026337024,0.11971374,9.73991
59.550,0.0,0.11492519,9.747093
59.591,-0.011971374,0.15323359,9.75667
59.616,0.011971374,0.12210801,9.742304
59.650,0.0,0.14365649,9.751882
59.689,0.0047885496,0.13168511,9.737515
59.730,-0.035914123,0.15802214,9.759064
59.756,0.0023942748,0.12689656,9.73991
59.790,0.0047885496,0.12689656,9.727939
59.830,-0.016759925,0.1340794,9.75667
59.857,-0.009577099,0.11492519,9.72315
59.890,-0.021548472,0.12929083,9.754275
59.930,0.0023942748,0.14844504,9.73991
59.952,-0.03351985,0.14605077,9.754275
59.990,-0.021548472,0.12929083,9.759064
