timestamp,x,y,z
00.000,-0.765625,-0.625,-0.125
00.031,-0.8125,-0.625,-0.171875
00.062,-0.765625,-0.609375,-0.140625
00.093,-0.75,-0.578125,-0.125
00.125,-0.75,-0.59375,-0.171875
00.156,-0.734375,-0.59375,-0.171875
00.187,-0.75,-0.625,-0.15625
00.218,-0.78125,-0.65625,-0.140625
00.250,-0.828125,-0.625,-0.125
00.281,-0.859375,-0.609375,-0.09375
00.312,-0.828125,-0.609375,-0.078125
00.343,-0.78125,-0.625,-0.125
00.375,-0.78125,-0.609375,-0.140625
00.406,-0.796875,-0.625,-0.15625
00.437,-0.734375,-0.609375,-0.140625
00.468,-0.734375,-0.625,-0.140625
00.500,-0.78125,-0.625,-0.171875
00.531,-0.75,-0.625,-0.171875
00.562,-0.734375,-0.625,-0.171875
00.593,-0.75,-0.625,-0.15625
00.625,-0.75,-0.625,-0.140625
00.656,-0.75,-0.640625,-0.140625
00.687,-0.75,-0.65625,-0.171875
00.718,-0.75,-0.65625,-0.1875
00.750,-0.734375,-0.65625,-0.1875
00.781,-0.75,-0.65625,-0.171875
00.812,-0.71875,-0.640625,-0.171875
00.843,-0.734375,-0.640625,-0.1875
00.875,-0.734375,-0.640625,-0.171875
00.906,-0.734375,-0.640625,-0.15625
00.937,-0.765625,-0.65625,-0.1875
00.968,-0.734375,-0.640625,-0.15625
01.000,-0.765625,-0.65625,-0.171875
01.031,-0.765625,-0.65625,-0.1875
01.062,-0.703125,-0.65625,-0.15625
01.093,-0.71875,-0.640625,-0.1875
01.125,-0.71875,-0.640625,-0.203125
01.156,-0.6875,-0.640625,-0.203125
01.187,-0.671875,-0.65625,-0.21875
01.218,-0.734375,-0.65625,-0.25
01.250,-0.75,-0.640625,-0.25
01.281,-0.71875,-0.640625,-0.234375
01.312,-0.71875,-0.65625,-0.25
01.343,-0.71875,-0.65625,-0.25
01.375,-0.71875,-0.65625,-0.265625
01.406,-0.703125,-0.671875,-0.28125
01.437,-0.703125,-0.671875,-0.25
01.468,-0.703125,-0.65625,-0.265625
01.500,-0.703125,-0.65625,-0.25
01.531,-0.703125,-0.65625,-0.25
01.562,-0.71875,-0.671875,-0.25
01.593,-0.734375,-0.6875,-0.28125
01.625,-0.71875,-0.6875,-0.265625
01.656,-0.71875,-0.65625,-0.1875
01.687,-0.71875,-0.671875,-0.203125
01.718,-0.703125,-0.65625,-0.1875
01.750,-0.765625,-0.671875,-0.25
01.781,-0.71875,-0.625,-0.203125
01.812,-0.734375,-0.640625,-0.1875
01.843,-0.71875,-0.640625,-0.1875
01.875,-0.734375,-0.671875,-0.1875
01.906,-0.734375,-0.625,-0.1875
01.937,-0.734375,-0.625,-0.171875
01.968,-0.75,-0.625,-0.171875
02.000,-0.75,-0.609375,-0.15625
02.031,-0.75,-0.640625,-0.171875
02.062,-0.71875,-0.609375,-0.15625
02.093,-0.71875,-0.609375,-0.15625
02.125,-0.75,-0.640625,-0.171875
02.156,-0.765625,-0.640625,-0.171875
02.187,-0.796875,-0.6875,-0.21875
02.218,-0.71875,-0.625,-0.171875
02.250,-0.75,-0.625,-0.171875
02.281,-0.75,-0.625,-0.1875
02.312,-0.75,-0.625,-0.171875
02.343,-0.765625,-0.65625,-0.203125
02.375,-0.734375,-0.609375,-0.15625
02.406,-0.75,-0.609375,-0.171875
02.437,-0.75,-0.625,-0.171875
02.468,-0.765625,-0.640625,-0.1875
02.500,-0.765625,-0.65625,-0.1875
02.531,-0.71875,-0.640625,-0.1875
02.562,-0.75,-0.640625,-0.1875
02.593,-0.78125,-0.640625,-0.171875
02.625,-0.75,-0.625,-0.140625
02.656,-0.734375,-0.625,-0.140625
02.687,-0.78125,-0.65625,-0.203125
02.718,-0.78125,-0.640625,-0.1875
02.750,-0.765625,-0.609375,-0.15625
02.781,-0.75,-0.609375,-0.125
02.812,-0.75,-0.59375,-0.078125
02.843,-0.796875,-0.640625,-0.171875
02.875,-0.734375,-0.625,-0.15625
02.906,-0.734375,-0.625,-0.15625
02.937,-0.78125,-0.640625,-0.15625
02.968,-0.78125,-0.640625,-0.15625
03.000,-0.765625,-0.625,-0.140625
03.031,-0.78125,-0.640625,-0.15625
03.062,-0.765625,-0.625,-0.15625
03.093,-0.765625,-0.625,-0.140625
03.125,-0.765625,-0.625,-0.15625
03.156,-0.765625,-0.625,-0.15625
03.187,-0.75,-0.625,-0.15625
03.218,-0.765625,-0.625,-0.15625
03.250,-0.765625,-0.625,-0.140625
03.281,-0.765625,-0.625,-0.15625
03.312,-0.75,-0.609375,-0.140625
03.343,-0.765625,-0.640625,-0.140625
03.375,-0.75,-0.625,-0.140625
03.406,-0.75,-0.640625,-0.140625
03.437,-0.75,-0.640625,-0.140625
03.468,-0.75,-0.640625,-0.140625
03.500,-0.765625,-0.640625,-0.15625
03.531,-0.765625,-0.640625,-0.15625
03.562,-0.75,-0.640625,-0.140625
03.593,-0.75,-0.640625,-0.140625
03.625,-0.765625,-0.640625,-0.15625
03.656,-0.765625,-0.640625,-0.140625
03.687,-0.75,-0.640625,-0.15625
03.718,-0.75,-0.640625,-0.140625
03.750,-0.75,-0.640625,-0.15625
03.781,-0.75,-0.640625,-0.140625
03.812,-0.734375,-0.640625,-0.15625
03.843,-0.75,-0.640625,-0.140625
03.875,-0.75,-0.640625,-0.15625
03.906,-0.75,-0.640625,-0.140625
03.937,-0.75,-0.640625,-0.140625
03.968,-0.75,-0.640625,-0.140625
04.000,-0.734375,-0.65625,-0.15625
04.031,-0.75,-0.640625,-0.15625
04.062,-0.75,-0.640625,-0.15625
04.093,-0.75,-0.65625,-0.15625
04.125,-0.75,-0.65625,-0.140625
04.156,-0.75,-0.640625,-0.140625
04.187,-0.75,-0.65625,-0.140625
04.218,-0.734375,-0.65625,-0.140625
04.250,-0.75,-0.65625,-0.140625
04.281,-0.734375,-0.671875,-0.15625
04.312,-0.734375,-0.65625,-0.140625
04.343,-0.734375,-0.65625,-0.15625
04.375,-0.75,-0.65625,-0.140625
04.406,-0.75,-0.65625,-0.15625
04.437,-0.75,-0.640625,-0.15625
04.468,-0.75,-0.65625,-0.140625
04.500,-0.75,-0.640625,-0.140625
04.531,-0.734375,-0.640625,-0.140625
04.562,-0.734375,-0.640625,-0.140625
04.593,-0.75,-0.640625,-0.140625
04.625,-0.734375,-0.65625,-0.125
04.656,-0.734375,-0.65625,-0.140625
04.687,-0.734375,-0.65625,-0.15625
04.718,-0.734375,-0.65625,-0.140625
04.750,-0.734375,-0.65625,-0.140625
04.781,-0.734375,-0.65625,-0.140625
04.812,-0.75,-0.65625,-0.140625
04.843,-0.75,-0.65625,-0.140625
04.875,-0.734375,-0.65625,-0.140625
04.906,-0.734375,-0.65625,-0.15625
04.937,-0.734375,-0.65625,-0.15625
04.968,-0.734375,-0.65625,-0.140625
05.000,-0.734375,-0.65625,-0.140625
05.031,-0.75,-0.65625,-0.140625
05.062,-0.734375,-0.65625,-0.15625
05.093,-0.734375,-0.65625,-0.140625
05.125,-0.734375,-0.65625,-0.140625
05.156,-0.734375,-0.65625,-0.15625
05.187,-0.75,-0.65625,-0.15625
05.218,-0.75,-0.640625,-0.140625
05.250,-0.75,-0.640625,-0.140625
05.281,-0.75,-0.640625,-0.140625
05.312,-0.75,-0.640625,-0.15625
05.343,-0.75,-0.640625,-0.15625
05.375,-0.75,-0.640625,-0.140625
05.406,-0.75,-0.640625,-0.140625
05.437,-0.765625,-0.640625,-0.140625
05.468,-0.765625,-0.640625,-0.140625
05.500,-0.75,-0.640625,-0.140625
05.531,-0.75,-0.640625,-0.140625
05.562,-0.75,-0.640625,-0.140625
05.593,-0.75,-0.640625,-0.140625
05.625,-0.75,-0.640625,-0.140625
05.656,-0.75,-0.640625,-0.125
05.687,-0.75,-0.65625,-0.125
05.718,-0.75,-0.65625,-0.140625
05.750,-0.75,-0.65625,-0.140625
05.781,-0.75,-0.640625,-0.140625
05.812,-0.734375,-0.640625,-0.125
05.843,-0.75,-0.625,-0.140625
05.875,-0.734375,-0.640625,-0.140625
05.906,-0.75,-0.640625,-0.140625
05.937,-0.75,-0.640625,-0.140625
05.968,-0.75,-0.65625,-0.140625
06.000,-0.75,-0.65625,-0.140625
06.031,-0.75,-0.65625,-0.125
06.062,-0.75,-0.640625,-0.140625
06.093,-0.75,-0.640625,-0.125
06.125,-0.75,-0.640625,-0.140625
06.156,-0.765625,-0.640625,-0.125
06.187,-0.765625,-0.640625,-0.140625
06.218,-0.75,-0.640625,-0.125
06.250,-0.75,-0.640625,-0.125
06.281,-0.75,-0.640625,-0.125
06.312,-0.75,-0.640625,-0.140625
06.343,-0.75,-0.640625,-0.125
06.375,-0.75,-0.640625,-0.140625
06.406,-0.75,-0.640625,-0.140625
06.437,-0.765625,-0.640625,-0.140625
06.468,-0.75,-0.640625,-0.140625
06.500,-0.75,-0.640625,-0.140625
06.531,-0.75,-0.640625,-0.140625
06.562,-0.75,-0.640625,-0.140625
06.593,-0.75,-0.640625,-0.15625
06.625,-0.75,-0.640625,-0.15625
06.656,-0.75,-0.640625,-0.15625
06.687,-0.75,-0.65625,-0.15625
06.718,-0.75,-0.65625,-0.15625
06.750,-0.75,-0.65625,-0.15625
06.781,-0.75,-0.65625,-0.15625
06.812,-0.75,-0.640625,-0.15625
06.843,-0.75,-0.640625,-0.15625
06.875,-0.734375,-0.640625,-0.15625
06.906,-0.734375,-0.640625,-0.15625
06.937,-0.75,-0.65625,-0.15625
06.968,-0.75,-0.65625,-0.171875
07.000,-0.75,-0.640625,-0.15625
07.031,-0.75,-0.65625,-0.140625
07.062,-0.734375,-0.65625,-0.140625
07.093,-0.734375,-0.640625,-0.140625
07.125,-0.734375,-0.640625,-0.140625
07.156,-0.734375,-0.640625,-0.140625
07.187,-0.75,-0.65625,-0.15625
07.218,-0.765625,-0.65625,-0.171875
07.250,-0.75,-0.640625,-0.171875
07.281,-0.75,-0.65625,-0.15625
07.312,-0.734375,-0.65625,-0.15625
07.343,-0.734375,-0.65625,-0.15625
07.375,-0.734375,-0.65625,-0.140625
07.406,-0.734375,-0.65625,-0.140625
07.437,-0.75,-0.65625,-0.140625
07.468,-0.75,-0.65625,-0.140625
07.500,-0.75,-0.640625,-0.15625
07.531,-0.734375,-0.640625,-0.15625
07.562,-0.75,-0.65625,-0.15625
07.593,-0.734375,-0.640625,-0.140625
07.625,-0.71875,-0.640625,-0.140625
07.656,-0.734375,-0.65625,-0.140625
07.687,-0.734375,-0.65625,-0.15625
07.718,-0.734375,-0.65625,-0.140625
07.750,-0.734375,-0.65625,-0.140625
07.781,-0.734375,-0.65625,-0.140625
07.812,-0.734375,-0.671875,-0.140625
07.843,-0.734375,-0.65625,-0.15625
07.875,-0.734375,-0.65625,-0.15625
07.906,-0.734375,-0.65625,-0.15625
07.937,-0.734375,-0.65625,-0.140625
07.968,-0.734375,-0.65625,-0.15625
08.000,-0.734375,-0.65625,-0.140625
08.031,-0.734375,-0.65625,-0.140625
08.062,-0.734375,-0.65625,-0.140625
08.093,-0.734375,-0.65625,-0.140625
08.125,-0.734375,-0.65625,-0.15625
08.156,-0.71875,-0.65625,-0.140625
08.187,-0.71875,-0.65625,-0.140625
08.218,-0.734375,-0.65625,-0.15625
08.250,-0.75,-0.65625,-0.171875
08.281,-0.75,-0.65625,-0.15625
08.312,-0.75,-0.65625,-0.15625
08.343,-0.75,-0.640625,-0.140625
08.375,-0.75,-0.640625,-0.15625
08.406,-0.703125,-0.65625,-0.140625
08.437,-0.71875,-0.640625,-0.171875
08.468,-0.71875,-0.640625,-0.171875
08.500,-0.734375,-0.65625,-0.171875
08.531,-0.75,-0.65625,-0.171875
08.562,-0.75,-0.65625,-0.171875
08.593,-0.75,-0.671875,-0.1875
08.625,-0.75,-0.65625,-0.1875
08.656,-0.734375,-0.65625,-0.171875
08.687,-0.734375,-0.671875,-0.171875
08.718,-0.75,-0.65625,-0.171875
08.750,-0.75,-0.65625,-0.1875
08.781,-0.734375,-0.65625,-0.1875
08.812,-0.734375,-0.640625,-0.1875
08.843,-0.734375,-0.640625,-0.1875
08.875,-0.734375,-0.65625,-0.1875
08.906,-0.71875,-0.640625,-0.1875
08.937,-0.75,-0.640625,-0.1875
08.968,-0.78125,-0.625,-0.203125
09.000,-0.75,-0.640625,-0.1875
09.031,-0.75,-0.640625,-0.1875
09.062,-0.796875,-0.625,-0.1875
09.093,-0.8125,-0.640625,-0.203125
09.125,-0.8125,-0.609375,-0.171875
09.156,-0.8125,-0.59375,-0.140625
09.187,-0.796875,-0.578125,-0.125
09.218,-0.765625,-0.59375,-0.140625
09.250,-0.75,-0.609375,-0.140625
09.281,-0.75,-0.609375,-0.15625
09.312,-0.78125,-0.609375,-0.171875
09.343,-0.765625,-0.609375,-0.171875
09.375,-0.796875,-0.609375,-0.140625
09.406,-0.796875,-0.59375,-0.140625
09.437,-0.796875,-0.59375,-0.140625
09.468,-0.796875,-0.59375,-0.15625
09.500,-0.796875,-0.578125,-0.140625
09.531,-0.8125,-0.546875,-0.140625
09.562,-0.8125,-0.546875,-0.140625
09.593,-0.8125,-0.546875,-0.125
09.625,-0.8125,-0.53125,-0.125
09.656,-0.796875,-0.546875,-0.140625
09.687,-0.796875,-0.5625,-0.15625
09.718,-0.8125,-0.5625,-0.1875
09.750,-0.8125,-0.546875,-0.1875
09.781,-0.8125,-0.546875,-0.171875
09.812,-0.8125,-0.5625,-0.171875
09.843,-0.8125,-0.5625,-0.171875
09.875,-0.8125,-0.5625,-0.15625
09.906,-0.8125,-0.5625,-0.15625
09.937,-0.8125,-0.578125,-0.171875
09.968,-0.828125,-0.5625,-0.171875
10.000,-0.8125,-0.5625,-0.15625
10.031,-0.796875,-0.5625,-0.15625
10.062,-0.796875,-0.5625,-0.15625
10.093,-0.796875,-0.578125,-0.171875
10.125,-0.796875,-0.59375,-0.15625
10.156,-0.78125,-0.609375,-0.15625
10.187,-0.78125,-0.625,-0.15625
10.218,-0.78125,-0.625,-0.15625
10.250,-0.78125,-0.609375,-0.1875
10.281,-0.765625,-0.625,-0.21875
10.312,-0.796875,-0.609375,-0.21875
10.343,-0.765625,-0.625,-0.203125
10.375,-0.75,-0.640625,-0.1875
10.406,-0.765625,-0.65625,-0.171875
10.437,-0.75,-0.65625,-0.15625
10.468,-0.765625,-0.65625,-0.140625
10.500,-0.71875,-0.671875,-0.15625
10.531,-0.734375,-0.65625,-0.15625
10.562,-0.71875,-0.65625,-0.140625
10.593,-0.71875,-0.640625,-0.140625
10.625,-0.703125,-0.640625,-0.125
10.656,-0.734375,-0.65625,-0.140625
10.687,-0.71875,-0.65625,-0.140625
10.718,-0.734375,-0.65625,-0.125
10.750,-0.75,-0.640625,-0.140625
10.781,-0.71875,-0.65625,-0.125
10.812,-0.75,-0.640625,-0.125
10.843,-0.734375,-0.640625,-0.140625
10.875,-0.734375,-0.65625,-0.140625
10.906,-0.71875,-0.65625,-0.140625
10.937,-0.734375,-0.65625,-0.140625
10.968,-0.734375,-0.65625,-0.125
11.000,-0.75,-0.65625,-0.109375
11.031,-0.75,-0.640625,-0.109375
11.062,-0.765625,-0.65625,-0.125
11.093,-0.671875,-0.640625,-0.09375
11.125,-0.75,-0.671875,-0.125
11.156,-0.734375,-0.65625,-0.109375
11.187,-0.75,-0.65625,-0.125
11.218,-0.734375,-0.65625,-0.109375
11.250,-0.765625,-0.671875,-0.140625
11.281,-0.78125,-0.65625,-0.140625
11.312,-0.734375,-0.65625,-0.09375
11.343,-0.78125,-0.65625,-0.125
11.375,-0.765625,-0.65625,-0.125
11.406,-0.75,-0.65625,-0.125
11.437,-0.75,-0.65625,-0.125
11.468,-0.734375,-0.65625,-0.125
11.500,-0.75,-0.65625,-0.140625
11.531,-0.765625,-0.65625,-0.140625
11.562,-0.765625,-0.640625,-0.109375
11.593,-0.765625,-0.640625,-0.109375
11.625,-0.765625,-0.640625,-0.109375
11.656,-0.78125,-0.640625,-0.125
11.687,-0.78125,-0.640625,-0.125
11.718,-0.765625,-0.640625,-0.09375
11.750,-0.78125,-0.625,-0.078125
11.781,-0.765625,-0.625,-0.078125
11.812,-0.765625,-0.65625,-0.09375
11.843,-0.796875,-0.625,-0.0625
11.875,-0.859375,-0.671875,-0.140625
11.906,-0.734375,-0.65625,-0.015625
11.937,-0.75,-0.671875,0.0
11.968,-0.6875,-0.65625,0.15625
12.000,-0.484375,-0.671875,0.4375
12.031,-0.46875,-0.65625,0.5
12.062,-0.578125,-0.65625,0.515625
12.093,-0.546875,-0.6875,0.515625
12.125,-0.515625,-0.671875,0.5
12.156,-0.515625,-0.671875,0.484375
12.187,-0.53125,-0.671875,0.515625
12.218,-0.515625,-0.65625,0.546875
12.250,-0.53125,-0.65625,0.546875
12.281,-0.53125,-0.640625,0.5625
12.312,-0.515625,-0.640625,0.59375
12.343,-0.53125,-0.625,0.59375
12.375,-0.46875,-0.59375,0.578125
12.406,-0.5625,-0.609375,0.546875
12.437,-0.515625,-0.625,0.546875
12.468,-0.578125,-0.640625,0.59375
12.500,-0.578125,-0.65625,0.546875
12.531,-0.515625,-0.65625,0.515625
12.562,-0.5,-0.65625,0.53125
12.593,-0.53125,-0.640625,0.5
12.625,-0.53125,-0.625,0.484375
12.656,-0.578125,-0.625,0.5
12.687,-0.578125,-0.640625,0.515625
12.718,-0.640625,-0.640625,0.5
12.750,-0.640625,-0.640625,0.5
12.781,-0.59375,-0.640625,0.46875
12.812,-0.609375,-0.640625,0.453125
12.843,-0.640625,-0.640625,0.4375
12.875,-0.65625,-0.640625,0.40625
12.906,-0.65625,-0.640625,0.421875
12.937,-0.625,-0.640625,0.421875
12.968,-0.625,-0.625,0.40625
13.000,-0.640625,-0.625,0.375
13.031,-0.6875,-0.640625,0.3125
13.062,-0.703125,-0.640625,0.296875
13.093,-0.734375,-0.640625,0.25
13.125,-0.703125,-0.640625,0.265625
13.156,-0.71875,-0.640625,0.234375
13.187,-0.78125,-0.65625,0.15625
13.218,-0.796875,-0.640625,0.15625
13.250,-0.765625,-0.640625,0.171875
13.281,-0.734375,-0.640625,0.21875
13.312,-0.75,-0.640625,0.1875
13.343,-0.71875,-0.671875,0.171875
13.375,-0.71875,-0.671875,0.140625
13.406,-0.734375,-0.640625,0.0625
13.437,-0.75,-0.640625,0.0
13.468,-0.765625,-0.640625,-0.046875
13.500,-0.796875,-0.65625,-0.0625
13.531,-0.8125,-0.640625,-0.109375
13.562,-0.8125,-0.625,-0.140625
13.593,-0.8125,-0.625,-0.109375
13.625,-0.703125,-0.65625,-0.09375
13.656,-0.78125,-0.625,-0.15625
13.687,-0.796875,-0.640625,-0.15625
13.718,-0.75,-0.640625,-0.140625
13.750,-0.75,-0.625,-0.125
13.781,-0.75,-0.625,-0.125
13.812,-0.75,-0.65625,-0.140625
13.843,-0.734375,-0.640625,-0.125
13.875,-0.71875,-0.640625,-0.125
13.906,-0.75,-0.65625,-0.15625
13.937,-0.75,-0.65625,-0.15625
13.968,-0.734375,-0.640625,-0.125
14.000,-0.765625,-0.640625,-0.125
14.031,-0.765625,-0.640625,-0.125
14.062,-0.75,-0.65625,-0.125
14.093,-0.78125,-0.65625,-0.15625
14.125,-0.75,-0.640625,-0.125
14.156,-0.734375,-0.671875,-0.140625
14.187,-0.765625,-0.6875,-0.171875
14.218,-0.75,-0.640625,-0.046875
14.250,-0.78125,-0.53125,0.09375
14.281,-0.75,-0.625,0.03125
14.312,-0.78125,-0.671875,-0.109375
14.343,-0.796875,-0.6875,-0.125
14.375,-0.75,-0.671875,-0.078125
14.406,-0.703125,-0.65625,0.03125
14.437,-0.71875,-0.625,0.0625
14.468,-0.828125,-0.5625,0.203125
14.500,-0.859375,-0.59375,0.125
14.531,-0.765625,-0.609375,0.078125
14.562,-0.78125,-0.625,0.015625
14.593,-0.78125,-0.640625,-0.015625
14.625,-0.765625,-0.640625,-0.046875
14.656,-0.75,-0.640625,-0.03125
14.687,-0.78125,-0.640625,-0.03125
14.718,-0.765625,-0.65625,-0.046875
14.750,-0.765625,-0.65625,-0.0625
14.781,-0.765625,-0.65625,-0.046875
14.812,-0.765625,-0.640625,-0.046875
14.843,-0.75,-0.65625,-0.0625
14.875,-0.734375,-0.65625,-0.078125
14.906,-0.765625,-0.65625,-0.09375
14.937,-0.765625,-0.640625,-0.109375
14.968,-0.78125,-0.640625,-0.109375
15.000,-0.78125,-0.640625,-0.109375
15.031,-0.75,-0.625,-0.109375
15.062,-0.75,-0.625,-0.109375
15.093,-0.734375,-0.625,-0.09375
15.125,-0.796875,-0.640625,-0.109375
15.156,-0.78125,-0.65625,-0.125
15.187,-0.75,-0.671875,-0.109375
15.218,-0.75,-0.65625,-0.09375
15.250,-0.734375,-0.65625,-0.078125
15.281,-0.734375,-0.65625,-0.078125
15.312,-0.71875,-0.65625,-0.078125
15.343,-0.734375,-0.671875,-0.09375
15.375,-0.75,-0.65625,-0.09375
15.406,-0.765625,-0.65625,-0.09375
15.437,-0.765625,-0.640625,-0.078125
15.468,-0.78125,-0.640625,-0.078125
15.500,-0.765625,-0.65625,-0.078125
15.531,-0.734375,-0.625,-0.078125
15.562,-0.734375,-0.609375,-0.046875
15.593,-0.78125,-0.640625,-0.0625
15.625,-0.75,-0.640625,-0.0625
15.656,-0.75,-0.65625,-0.078125
15.687,-0.796875,-0.65625,-0.09375
15.718,-0.765625,-0.640625,-0.078125
15.750,-0.765625,-0.625,-0.0625
15.781,-0.796875,-0.625,-0.0625
15.812,-0.765625,-0.625,-0.046875
15.843,-0.75,-0.625,-0.0625
15.875,-0.75,-0.640625,-0.0625
15.906,-0.765625,-0.65625,-0.09375
15.937,-0.765625,-0.640625,-0.078125
15.968,-0.75,-0.640625,-0.078125
16.000,-0.78125,-0.640625,-0.0625
16.031,-0.796875,-0.65625,-0.09375
16.062,-0.734375,-0.625,-0.0625
16.093,-0.78125,-0.640625,-0.078125
16.125,-0.75,-0.640625,-0.078125
16.156,-0.78125,-0.640625,-0.078125
16.187,-0.78125,-0.640625,-0.078125
16.218,-0.765625,-0.625,-0.078125
16.250,-0.78125,-0.625,-0.078125
16.281,-0.78125,-0.625,-0.09375
16.312,-0.75,-0.625,-0.078125
16.343,-0.796875,-0.625,-0.109375
16.375,-0.78125,-0.640625,-0.109375
16.406,-0.765625,-0.65625,-0.140625
16.437,-0.78125,-0.625,-0.125
16.468,-0.796875,-0.625,-0.109375
16.500,-0.75,-0.625,-0.09375
16.531,-0.765625,-0.609375,-0.09375
16.562,-0.78125,-0.625,-0.09375
16.593,-0.78125,-0.640625,-0.09375
16.625,-0.78125,-0.625,-0.109375
16.656,-0.765625,-0.625,-0.09375
16.687,-0.765625,-0.625,-0.109375
16.718,-0.75,-0.625,-0.09375
16.750,-0.765625,-0.625,-0.09375
16.781,-0.765625,-0.625,-0.09375
16.812,-0.765625,-0.625,-0.109375
16.843,-0.75,-0.640625,-0.109375
16.875,-0.75,-0.640625,-0.109375
16.906,-0.8125,-0.65625,-0.1875
16.937,-0.84375,-0.65625,-0.171875
16.968,-0.71875,-0.625,0.03125
17.000,-0.765625,-0.625,0.09375
17.031,-0.84375,-0.59375,0.09375
17.062,-0.796875,-0.578125,0.140625
17.093,-0.78125,-0.578125,0.1875
17.125,-0.734375,-0.609375,0.125
17.156,-0.71875,-0.65625,0.0
17.187,-0.765625,-0.6875,-0.1875
17.218,-0.796875,-0.65625,-0.1875
17.250,-0.765625,-0.65625,-0.15625
17.281,-0.71875,-0.65625,-0.09375
17.312,-0.796875,-0.671875,-0.078125
17.343,-0.828125,-0.671875,-0.09375
17.375,-0.734375,-0.609375,0.0
17.406,-0.734375,-0.5625,0.078125
17.437,-0.765625,-0.640625,0.0
17.468,-0.796875,-0.671875,-0.078125
17.500,-0.796875,-0.703125,-0.078125
17.531,-0.734375,-0.625,0.03125
17.562,-0.703125,-0.609375,0.109375
17.593,-0.796875,-0.640625,-0.03125
17.625,-0.765625,-0.640625,-0.015625
17.656,-0.765625,-0.65625,0.0
17.687,-0.765625,-0.640625,0.0
17.718,-0.75,-0.625,0.015625
17.750,-0.765625,-0.640625,-0.015625
17.781,-0.765625,-0.640625,-0.015625
17.812,-0.78125,-0.65625,-0.015625
17.843,-0.765625,-0.6875,-0.046875
17.875,-0.75,-0.65625,-0.0625
17.906,-0.75,-0.65625,-0.078125
17.937,-0.6875,-0.65625,0.0
17.968,-0.71875,-0.640625,0.015625
18.000,-0.84375,-0.546875,0.15625
18.031,-0.765625,-0.625,0.015625
18.062,-0.75,-0.625,0.0
18.093,-0.796875,-0.671875,-0.046875
18.125,-0.796875,-0.671875,-0.0625
18.156,-0.734375,-0.671875,-0.03125
18.187,-0.75,-0.625,0.015625
18.218,-0.765625,-0.640625,0.0
18.250,-0.796875,-0.640625,-0.015625
18.281,-0.71875,-0.65625,-0.015625
18.312,-0.75,-0.65625,-0.0625
18.343,-0.765625,-0.671875,-0.078125
18.375,-0.78125,-0.6875,-0.0625
18.406,-0.71875,-0.640625,0.0
18.437,-0.765625,-0.671875,-0.078125
18.468,-0.75,-0.65625,-0.046875
18.500,-0.734375,-0.640625,0.0
18.531,-0.765625,-0.65625,-0.015625
18.562,-0.78125,-0.671875,-0.078125
18.593,-0.75,-0.640625,-0.015625
18.625,-0.78125,-0.640625,-0.046875
18.656,-0.734375,-0.640625,-0.015625
18.687,-0.78125,-0.671875,-0.03125
18.718,-0.8125,-0.65625,-0.078125
18.750,-0.75,-0.6875,-0.046875
18.781,-0.765625,-0.6875,-0.0625
18.812,-0.734375,-0.640625,-0.015625
18.843,-0.734375,-0.625,0.015625
18.875,-0.75,-0.625,0.0
18.906,-0.765625,-0.640625,-0.015625
18.937,-0.78125,-0.671875,-0.03125
18.968,-0.75,-0.65625,-0.03125
19.000,-0.75,-0.671875,-0.0625
19.031,-0.765625,-0.65625,-0.0625
19.062,-0.75,-0.65625,-0.03125
19.093,-0.71875,-0.640625,-0.015625
19.125,-0.78125,-0.65625,-0.03125
19.156,-0.75,-0.640625,-0.03125
19.187,-0.75,-0.65625,-0.03125
19.218,-0.75,-0.640625,-0.015625
19.250,-0.765625,-0.65625,-0.03125
19.281,-0.78125,-0.625,-0.03125
19.312,-0.765625,-0.640625,-0.046875
19.343,-0.78125,-0.640625,-0.046875
19.375,-0.796875,-0.640625,-0.046875
19.406,-0.75,-0.65625,-0.078125
19.437,-0.75,-0.640625,-0.078125
19.468,-0.78125,-0.640625,-0.078125
19.500,-0.75,-0.5625,0.015625
19.531,-0.84375,-0.546875,0.03125
19.562,-0.78125,-0.59375,0.0
19.593,-0.796875,-0.609375,-0.015625
19.625,-0.828125,-0.640625,-0.015625
19.656,-0.796875,-0.640625,-0.046875
19.687,-0.75,-0.65625,-0.125
19.718,-0.78125,-0.671875,-0.1875
19.750,-0.71875,-0.65625,-0.15625
19.781,-0.78125,-0.625,-0.09375
19.812,-0.78125,-0.625,-0.0625
19.843,-0.765625,-0.609375,-0.0625
19.875,-0.8125,-0.625,-0.0625
19.906,-0.8125,-0.640625,-0.0625
19.937,-0.765625,-0.578125,0.03125
19.968,-0.84375,-0.609375,0.0
20.000,-0.828125,-0.59375,0.015625
20.031,-0.71875,-0.609375,-0.03125
20.062,-0.734375,-0.65625,-0.125
20.093,-0.796875,-0.671875,-0.1875
20.125,-0.75,-0.5625,0.015625
20.156,-0.8125,-0.59375,0.0
20.187,-0.703125,-0.578125,-0.015625
20.218,-0.796875,-0.65625,-0.265625
20.250,-0.8125,-0.734375,-0.375
20.281,-0.71875,-0.640625,-0.34375
20.312,-0.6875,-0.671875,-0.375
20.343,-0.75,-0.65625,-0.359375
20.375,-0.78125,-0.703125,-0.40625
20.406,-0.6875,-0.671875,-0.296875
20.437,-0.671875,-0.640625,-0.09375
20.468,-0.84375,-0.59375,-0.015625
20.500,-0.84375,-0.453125,0.234375
20.531,-0.78125,-0.546875,0.125
20.562,-0.8125,-0.515625,0.046875
20.593,-0.765625,-0.65625,-0.25
20.625,-0.828125,-0.6875,-0.40625
20.656,-0.78125,-0.65625,-0.296875
20.687,-0.75,-0.640625,-0.203125
20.718,-0.703125,-0.640625,-0.171875
20.750,-0.796875,-0.671875,-0.1875
20.781,-0.8125,-0.640625,-0.140625
20.812,-0.71875,-0.578125,-0.015625
20.843,-0.6875,-0.546875,0.1875
20.875,-0.765625,-0.578125,0.03125
20.906,-0.78125,-0.625,-0.03125
20.937,-0.84375,-0.65625,-0.1875
20.968,-0.75,-0.640625,-0.15625
21.000,-0.796875,-0.640625,-0.09375
21.031,-0.828125,-0.625,-0.0625
21.062,-0.765625,-0.625,-0.046875
21.093,-0.75,-0.625,-0.03125
21.125,-0.75,-0.609375,-0.03125
21.156,-0.828125,-0.625,-0.0625
21.187,-0.78125,-0.609375,-0.046875
21.218,-0.765625,-0.59375,0.015625
21.250,-0.8125,-0.578125,0.03125
21.281,-0.765625,-0.578125,0.015625
21.312,-0.84375,-0.625,-0.0625
21.343,-0.78125,-0.625,-0.109375
21.375,-0.78125,-0.65625,-0.109375
21.406,-0.765625,-0.625,-0.109375
21.437,-0.75,-0.640625,-0.109375
21.468,-0.75,-0.640625,-0.15625
21.500,-0.796875,-0.640625,-0.125
21.531,-0.765625,-0.625,-0.125
21.562,-0.765625,-0.640625,-0.125
21.593,-0.765625,-0.609375,-0.125
21.625,-0.765625,-0.625,-0.125
21.656,-0.78125,-0.640625,-0.1875
21.687,-0.796875,-0.640625,-0.1875
21.718,-0.78125,-0.640625,-0.171875
21.750,-0.796875,-0.671875,-0.171875
21.781,-0.78125,-0.671875,-0.15625
21.812,-0.6875,-0.5625,0.09375
21.843,-0.78125,-0.578125,0.03125
21.875,-0.71875,-0.59375,0.03125
21.906,-0.84375,-0.625,-0.015625
21.937,-0.84375,-0.625,0.0
21.968,-0.796875,-0.640625,-0.046875
22.000,-0.75,-0.640625,-0.09375
22.031,-0.796875,-0.625,-0.0625
22.062,-0.734375,-0.609375,0.046875
22.093,-0.734375,-0.59375,0.0625
22.125,-0.765625,-0.609375,0.046875
22.156,-0.78125,-0.59375,0.125
22.187,-0.765625,-0.59375,0.15625
22.218,-0.875,-0.609375,0.09375
22.250,-0.796875,-0.625,0.0625
22.281,-0.75,-0.640625,0.03125
22.312,-0.796875,-0.640625,0.03125
22.343,-0.78125,-0.640625,0.015625
22.375,-0.78125,-0.625,0.0
22.406,-0.78125,-0.625,0.015625
22.437,-0.78125,-0.625,0.046875
22.468,-0.78125,-0.609375,0.015625
22.500,-0.78125,-0.625,-0.046875
22.531,-0.765625,-0.625,-0.0625
22.562,-0.765625,-0.625,-0.046875
22.593,-0.75,-0.625,-0.078125
22.625,-0.78125,-0.640625,-0.1875
22.656,-0.78125,-0.65625,-0.1875
22.687,-0.765625,-0.640625,-0.15625
22.718,-0.765625,-0.625,-0.125
22.750,-0.828125,-0.609375,-0.09375
22.781,-0.765625,-0.625,-0.09375
22.812,-0.78125,-0.640625,-0.109375
22.843,-0.78125,-0.625,-0.0625
22.875,-0.84375,-0.53125,0.078125
22.906,-0.8125,-0.5625,0.046875
22.937,-0.796875,-0.65625,-0.125
22.968,-0.8125,-0.65625,-0.15625
23.000,-0.734375,-0.5625,0.015625
23.031,-0.75,-0.59375,0.0
23.062,-0.75,-0.59375,-0.015625
23.093,-0.796875,-0.59375,0.03125
23.125,-0.796875,-0.609375,0.078125
23.156,-0.828125,-0.5625,0.046875
23.187,-0.875,-0.625,-0.125
23.218,-0.8125,-0.625,-0.109375
23.250,-0.765625,-0.65625,-0.078125
23.281,-0.828125,-0.6875,-0.140625
23.312,-0.75,-0.640625,-0.046875
23.343,-0.796875,-0.5,0.203125
23.375,-0.890625,-0.546875,0.125
23.406,-0.796875,-0.5625,0.015625
23.437,-0.828125,-0.625,0.046875
23.468,-0.78125,-0.625,0.015625
23.500,-0.75,-0.625,-0.015625
23.531,-0.734375,-0.609375,-0.015625
23.562,-0.765625,-0.625,-0.03125
23.593,-0.8125,-0.625,-0.078125
23.625,-0.84375,-0.640625,-0.078125
23.656,-0.78125,-0.625,0.015625
23.687,-0.765625,-0.609375,0.078125
23.718,-0.796875,-0.59375,0.078125
23.750,-0.828125,-0.609375,0.046875
23.781,-0.828125,-0.609375,0.0
23.812,-0.78125,-0.625,-0.015625
23.843,-0.796875,-0.609375,0.03125
23.875,-0.796875,-0.625,0.015625
23.906,-0.8125,-0.625,0.03125
23.937,-0.796875,-0.640625,0.03125
23.968,-0.859375,-0.609375,0.09375
24.000,-0.8125,-0.65625,0.09375
24.031,-0.859375,-0.65625,0.015625
24.062,-0.796875,-0.625,0.140625
24.093,-0.671875,-0.640625,0.25
24.125,-0.640625,-0.65625,0.328125
24.156,-0.625,-0.6875,0.359375
24.187,-0.59375,-0.703125,0.421875
24.218,-0.578125,-0.6875,0.375
24.250,-0.515625,-0.703125,0.453125
24.281,-0.515625,-0.6875,0.453125
24.312,-0.5,-0.671875,0.484375
24.343,-0.53125,-0.65625,0.515625
24.375,-0.515625,-0.640625,0.515625
24.406,-0.515625,-0.578125,0.546875
24.437,-0.5625,-0.578125,0.5
24.468,-0.609375,-0.609375,0.5
24.500,-0.5625,-0.625,0.53125
24.531,-0.515625,-0.65625,0.515625
24.562,-0.5,-0.671875,0.484375
24.593,-0.5,-0.65625,0.484375
24.625,-0.546875,-0.640625,0.46875
24.656,-0.53125,-0.640625,0.46875
24.687,-0.5625,-0.65625,0.484375
24.718,-0.515625,-0.65625,0.515625
24.750,-0.484375,-0.671875,0.515625
24.781,-0.546875,-0.6875,0.453125
24.812,-0.625,-0.703125,0.390625
24.843,-0.625,-0.703125,0.296875
24.875,-0.75,-0.703125,0.125
24.906,-0.8125,-0.6875,0.046875
24.937,-0.84375,-0.65625,0.015625
24.968,-0.859375,-0.640625,-0.0625
25.000,-0.859375,-0.640625,-0.0625
25.031,-0.78125,-0.625,0.046875
25.062,-0.75,-0.609375,0.09375
25.093,-0.75,-0.625,0.078125
25.125,-0.796875,-0.65625,0.0
25.156,-0.796875,-0.65625,0.015625
25.187,-0.765625,-0.640625,0.0625
25.218,-0.765625,-0.5625,0.125
25.250,-0.78125,-0.546875,0.109375
25.281,-0.796875,-0.609375,0.046875
25.312,-0.796875,-0.59375,0.015625
25.343,-0.75,-0.625,0.03125
25.375,-0.765625,-0.625,0.046875
25.406,-0.765625,-0.625,0.0625
25.437,-0.765625,-0.609375,0.0625
25.468,-0.796875,-0.609375,0.0625
25.500,-0.828125,-0.59375,0.0625
25.531,-0.75,-0.59375,0.078125
25.562,-0.734375,-0.609375,0.109375
25.593,-0.75,-0.59375,0.125
25.625,-0.71875,-0.578125,0.171875
25.656,-0.65625,-0.59375,0.15625
25.687,-0.84375,-0.609375,-0.125
25.718,-0.84375,-0.625,-0.25
25.750,-0.921875,-0.625,-0.34375
25.781,-0.90625,-0.625,-0.15625
25.812,-0.84375,-0.609375,-0.09375
25.843,-0.828125,-0.59375,-0.125
25.875,-0.828125,-0.59375,-0.15625
25.906,-0.75,-0.578125,-0.140625
25.937,-0.796875,-0.59375,-0.1875
25.968,-0.796875,-0.609375,-0.21875
26.000,-0.71875,-0.609375,-0.21875
26.031,-0.78125,-0.578125,-0.234375
26.062,-0.703125,-0.609375,-0.171875
26.093,-0.75,-0.578125,-0.171875
26.125,-0.78125,-0.609375,-0.203125
26.156,-0.78125,-0.609375,-0.21875
26.187,-0.734375,-0.625,-0.203125
26.218,-0.734375,-0.625,-0.203125
26.250,-0.75,-0.640625,-0.203125
26.281,-0.75,-0.625,-0.1875
26.312,-0.765625,-0.625,-0.1875
26.343,-0.734375,-0.625,-0.1875
26.375,-0.734375,-0.625,-0.1875
26.406,-0.75,-0.625,-0.1875
26.437,-0.75,-0.625,-0.1875
26.468,-0.734375,-0.625,-0.1875
26.500,-0.75,-0.625,-0.171875
26.531,-0.734375,-0.625,-0.1875
26.562,-0.75,-0.640625,-0.1875
26.593,-0.75,-0.640625,-0.1875
26.625,-0.75,-0.640625,-0.203125
26.656,-0.734375,-0.625,-0.1875
26.687,-0.75,-0.640625,-0.1875
26.718,-0.75,-0.625,-0.1875
26.750,-0.75,-0.640625,-0.1875
26.781,-0.75,-0.640625,-0.1875
26.812,-0.75,-0.625,-0.203125
26.843,-0.75,-0.640625,-0.203125
26.875,-0.75,-0.625,-0.1875
26.906,-0.765625,-0.625,-0.1875
26.937,-0.765625,-0.625,-0.1875
26.968,-0.75,-0.609375,-0.171875
27.000,-0.75,-0.625,-0.1875
27.031,-0.765625,-0.609375,-0.1875
27.062,-0.78125,-0.609375,-0.1875
27.093,-0.765625,-0.609375,-0.1875
27.125,-0.765625,-0.609375,-0.1875
27.156,-0.765625,-0.609375,-0.1875
27.187,-0.765625,-0.609375,-0.1875
27.218,-0.75,-0.609375,-0.1875
27.250,-0.75,-0.609375,-0.1875
27.281,-0.75,-0.625,-0.1875
27.312,-0.765625,-0.625,-0.203125
27.343,-0.75,-0.625,-0.203125
27.375,-0.75,-0.609375,-0.203125
27.406,-0.75,-0.609375,-0.1875
27.437,-0.765625,-0.609375,-0.203125
27.468,-0.78125,-0.609375,-0.203125
27.500,-0.78125,-0.609375,-0.1875
27.531,-0.78125,-0.609375,-0.1875
27.562,-0.78125,-0.609375,-0.1875
27.593,-0.765625,-0.609375,-0.1875
27.625,-0.75,-0.609375,-0.1875
27.656,-0.75,-0.625,-0.203125
27.687,-0.765625,-0.625,-0.203125
27.718,-0.765625,-0.609375,-0.1875
27.750,-0.765625,-0.625,-0.1875
27.781,-0.78125,-0.609375,-0.171875
27.812,-0.78125,-0.625,-0.1875
27.843,-0.765625,-0.640625,-0.203125
27.875,-0.734375,-0.625,-0.171875
27.906,-0.75,-0.625,-0.171875
27.937,-0.75,-0.640625,-0.171875
27.968,-0.765625,-0.640625,-0.171875
28.000,-0.75,-0.625,-0.1875
28.031,-0.828125,-0.609375,-0.234375
28.062,-0.796875,-0.609375,-0.21875
28.093,-0.71875,-0.625,-0.171875
28.125,-0.765625,-0.625,-0.203125
28.156,-0.75,-0.625,-0.203125
28.187,-0.75,-0.640625,-0.203125
28.218,-0.765625,-0.625,-0.1875
28.250,-0.765625,-0.625,-0.203125
28.281,-0.75,-0.625,-0.203125
28.312,-0.75,-0.625,-0.1875
28.343,-0.75,-0.625,-0.203125
28.375,-0.75,-0.625,-0.203125
28.406,-0.734375,-0.65625,-0.203125
28.437,-0.734375,-0.65625,-0.1875
28.468,-0.734375,-0.65625,-0.1875
28.500,-0.71875,-0.65625,-0.1875
28.531,-0.71875,-0.65625,-0.1875
28.562,-0.734375,-0.65625,-0.1875
28.593,-0.71875,-0.65625,-0.1875
28.625,-0.71875,-0.65625,-0.1875
28.656,-0.71875,-0.640625,-0.171875
28.687,-0.71875,-0.671875,-0.171875
28.718,-0.71875,-0.671875,-0.1875
28.750,-0.703125,-0.6875,-0.1875
28.781,-0.71875,-0.6875,-0.1875
28.812,-0.6875,-0.6875,-0.171875
28.843,-0.671875,-0.71875,-0.1875
28.875,-0.671875,-0.703125,-0.15625
28.906,-0.65625,-0.6875,-0.109375
28.937,-0.640625,-0.703125,-0.09375
28.968,-0.703125,-0.6875,-0.140625
29.000,-0.625,-0.703125,-0.078125
29.031,-0.640625,-0.734375,-0.125
29.062,-0.75,-0.734375,-0.1875
29.093,-0.65625,-0.734375,-0.1875
29.125,-0.65625,-0.734375,-0.1875
29.156,-0.671875,-0.71875,-0.1875
29.187,-0.65625,-0.71875,-0.1875
29.218,-0.625,-0.71875,-0.1875
29.250,-0.65625,-0.75,-0.203125
29.281,-0.625,-0.75,-0.1875
29.312,-0.625,-0.75,-0.1875
29.343,-0.625,-0.75,-0.203125
29.375,-0.625,-0.796875,-0.265625
29.406,-0.609375,-0.796875,-0.234375
29.437,-0.625,-0.78125,-0.21875
29.468,-0.59375,-0.6875,-0.0625
29.500,-0.6875,-0.71875,-0.078125
29.531,-0.71875,-0.75,-0.09375
29.562,-0.671875,-0.734375,-0.03125
29.593,-0.703125,-0.703125,-0.0625
29.625,-0.828125,-0.765625,-0.1875
29.656,-0.765625,-0.75,-0.265625
29.687,-0.71875,-0.6875,-0.03125
29.718,-0.609375,-0.65625,0.234375
29.750,-0.59375,-0.6875,0.1875
29.781,-0.578125,-0.65625,0.125
29.812,-0.6875,-0.703125,0.046875
29.843,-0.734375,-0.71875,0.0
29.875,-0.65625,-0.71875,-0.03125
29.906,-0.6875,-0.75,-0.0625
29.937,-0.703125,-0.765625,-0.109375
29.968,-0.734375,-0.75,-0.125
30.000,-0.65625,-0.765625,-0.078125
30.031,-0.703125,-0.75,-0.078125
30.062,-0.703125,-0.75,-0.0625
30.093,-0.65625,-0.734375,-0.046875
30.125,-0.671875,-0.734375,-0.0625
30.156,-0.6875,-0.71875,-0.0625
30.187,-0.6875,-0.75,-0.078125
30.218,-0.6875,-0.75,-0.09375
30.250,-0.6875,-0.75,-0.09375
30.281,-0.671875,-0.71875,-0.03125
30.312,-0.71875,-0.671875,0.015625
30.343,-0.765625,-0.65625,0.03125
30.375,-0.703125,-0.671875,-0.03125
30.406,-0.734375,-0.6875,-0.0625
30.437,-0.71875,-0.734375,-0.03125
30.468,-0.6875,-0.703125,0.0
30.500,-0.6875,-0.734375,-0.046875
30.531,-0.671875,-0.71875,-0.046875
30.562,-0.65625,-0.734375,-0.0625
30.593,-0.6875,-0.734375,-0.140625
30.625,-0.671875,-0.734375,-0.15625
30.656,-0.625,-0.734375,-0.171875
30.687,-0.609375,-0.734375,-0.1875
30.718,-0.640625,-0.734375,-0.203125
30.750,-0.703125,-0.71875,-0.21875
30.781,-0.640625,-0.75,-0.1875
30.812,-0.640625,-0.75,-0.171875
30.843,-0.65625,-0.734375,-0.171875
30.875,-0.65625,-0.734375,-0.15625
30.906,-0.671875,-0.734375,-0.171875
30.937,-0.65625,-0.734375,-0.1875
30.968,-0.65625,-0.734375,-0.1875
31.000,-0.65625,-0.71875,-0.1875
31.031,-0.65625,-0.71875,-0.1875
31.062,-0.65625,-0.734375,-0.15625
31.093,-0.6875,-0.734375,-0.1875
31.125,-0.65625,-0.734375,-0.1875
31.156,-0.65625,-0.734375,-0.171875
31.187,-0.65625,-0.734375,-0.171875
31.218,-0.671875,-0.734375,-0.1875
31.250,-0.640625,-0.71875,-0.15625
31.281,-0.640625,-0.71875,-0.15625
31.312,-0.65625,-0.734375,-0.171875
31.343,-0.65625,-0.734375,-0.171875
31.375,-0.65625,-0.734375,-0.15625
31.406,-0.65625,-0.734375,-0.140625
31.437,-0.65625,-0.734375,-0.15625
31.468,-0.65625,-0.734375,-0.15625
31.500,-0.671875,-0.734375,-0.140625
31.531,-0.671875,-0.75,-0.15625
31.562,-0.65625,-0.75,-0.15625
31.593,-0.671875,-0.75,-0.15625
31.625,-0.640625,-0.734375,-0.15625
31.656,-0.640625,-0.75,-0.15625
31.687,-0.640625,-0.734375,-0.15625
31.718,-0.640625,-0.75,-0.15625
31.750,-0.625,-0.75,-0.15625
31.781,-0.640625,-0.75,-0.15625
31.812,-0.640625,-0.75,-0.15625
31.843,-0.640625,-0.75,-0.15625
31.875,-0.640625,-0.75,-0.171875
31.906,-0.640625,-0.75,-0.171875
31.937,-0.640625,-0.765625,-0.171875
31.968,-0.65625,-0.765625,-0.171875
32.000,-0.65625,-0.75,-0.15625
32.031,-0.65625,-0.75,-0.171875
32.062,-0.640625,-0.734375,-0.15625
32.093,-0.640625,-0.734375,-0.140625
32.125,-0.625,-0.75,-0.140625
32.156,-0.625,-0.75,-0.15625
32.187,-0.625,-0.75,-0.15625
32.218,-0.625,-0.765625,-0.15625
32.250,-0.625,-0.765625,-0.15625
32.281,-0.640625,-0.765625,-0.171875
32.312,-0.625,-0.75,-0.15625
32.343,-0.625,-0.75,-0.15625
32.375,-0.625,-0.78125,-0.140625
32.406,-0.625,-0.796875,-0.140625
32.437,-0.609375,-0.796875,-0.171875
32.468,-0.609375,-0.796875,-0.171875
32.500,-0.59375,-0.78125,-0.15625
32.531,-0.59375,-0.78125,-0.15625
32.562,-0.609375,-0.78125,-0.15625
32.593,-0.609375,-0.78125,-0.15625
32.625,-0.609375,-0.78125,-0.15625
32.656,-0.609375,-0.765625,-0.171875
32.687,-0.609375,-0.765625,-0.15625
32.718,-0.625,-0.765625,-0.140625
32.750,-0.625,-0.765625,-0.140625
32.781,-0.640625,-0.75,-0.125
32.812,-0.640625,-0.75,-0.140625
32.843,-0.625,-0.75,-0.140625
32.875,-0.625,-0.75,-0.15625
32.906,-0.640625,-0.75,-0.15625
32.937,-0.65625,-0.75,-0.15625
32.968,-0.671875,-0.734375,-0.15625
33.000,-0.65625,-0.71875,-0.140625
33.031,-0.671875,-0.703125,-0.140625
33.062,-0.65625,-0.703125,-0.125
33.093,-0.671875,-0.703125,-0.15625
33.125,-0.671875,-0.71875,-0.15625
33.156,-0.671875,-0.703125,-0.171875
33.187,-0.671875,-0.71875,-0.171875
33.218,-0.671875,-0.734375,-0.171875
33.250,-0.671875,-0.734375,-0.15625
33.281,-0.671875,-0.75,-0.15625
33.312,-0.671875,-0.75,-0.15625
33.343,-0.671875,-0.71875,-0.15625
33.375,-0.671875,-0.71875,-0.15625
33.406,-0.671875,-0.71875,-0.171875
33.437,-0.6875,-0.71875,-0.15625
33.468,-0.6875,-0.71875,-0.140625
33.500,-0.671875,-0.734375,-0.140625
33.531,-0.671875,-0.75,-0.15625
33.562,-0.671875,-0.734375,-0.140625
33.593,-0.671875,-0.734375,-0.140625
33.625,-0.6875,-0.71875,-0.140625
33.656,-0.703125,-0.703125,-0.140625
33.687,-0.703125,-0.703125,-0.140625
33.718,-0.703125,-0.703125,-0.140625
33.750,-0.6875,-0.703125,-0.125
33.781,-0.6875,-0.71875,-0.125
33.812,-0.671875,-0.71875,-0.125
33.843,-0.65625,-0.734375,-0.125
33.875,-0.65625,-0.734375,-0.125
33.906,-0.671875,-0.734375,-0.125
33.937,-0.671875,-0.734375,-0.125
33.968,-0.671875,-0.734375,-0.125
34.000,-0.671875,-0.734375,-0.109375
34.031,-0.65625,-0.71875,-0.125
34.062,-0.671875,-0.71875,-0.125
34.093,-0.671875,-0.71875,-0.109375
34.125,-0.671875,-0.71875,-0.109375
34.156,-0.671875,-0.71875,-0.109375
34.187,-0.671875,-0.71875,-0.109375
34.218,-0.671875,-0.71875,-0.109375
34.250,-0.671875,-0.734375,-0.109375
34.281,-0.671875,-0.734375,-0.125
34.312,-0.671875,-0.75,-0.109375
34.343,-0.6875,-0.75,-0.109375
34.375,-0.671875,-0.734375,-0.109375
34.406,-0.671875,-0.734375,-0.109375
34.437,-0.65625,-0.71875,-0.109375
34.468,-0.671875,-0.71875,-0.109375
34.500,-0.671875,-0.734375,-0.109375
34.531,-0.671875,-0.734375,-0.109375
34.562,-0.671875,-0.734375,-0.125
34.593,-0.671875,-0.734375,-0.109375
34.625,-0.671875,-0.75,-0.109375
34.656,-0.671875,-0.734375,-0.109375
34.687,-0.671875,-0.734375,-0.109375
34.718,-0.671875,-0.734375,-0.109375
34.750,-0.65625,-0.734375,-0.109375
34.781,-0.65625,-0.734375,-0.125
34.812,-0.671875,-0.734375,-0.125
34.843,-0.65625,-0.734375,-0.109375
34.875,-0.671875,-0.734375,-0.125
34.906,-0.671875,-0.734375,-0.125
34.937,-0.65625,-0.734375,-0.125
34.968,-0.671875,-0.734375,-0.125
35.000,-0.671875,-0.734375,-0.125
35.031,-0.65625,-0.75,-0.125
35.062,-0.65625,-0.75,-0.125
35.093,-0.671875,-0.75,-0.125
35.125,-0.65625,-0.734375,-0.125
35.156,-0.65625,-0.734375,-0.125
35.187,-0.65625,-0.75,-0.140625
35.218,-0.65625,-0.734375,-0.140625
35.250,-0.65625,-0.734375,-0.125
35.281,-0.65625,-0.734375,-0.125
35.312,-0.65625,-0.734375,-0.125
35.343,-0.65625,-0.734375,-0.125
35.375,-0.65625,-0.734375,-0.125
35.406,-0.65625,-0.75,-0.125
35.437,-0.671875,-0.75,-0.125
35.468,-0.671875,-0.75,-0.125
35.500,-0.65625,-0.75,-0.140625
35.531,-0.640625,-0.734375,-0.140625
35.562,-0.65625,-0.734375,-0.140625
35.593,-0.65625,-0.734375,-0.140625
35.625,-0.65625,-0.734375,-0.125
35.656,-0.65625,-0.734375,-0.140625
35.687,-0.65625,-0.734375,-0.140625
35.718,-0.671875,-0.734375,-0.140625
35.750,-0.671875,-0.734375,-0.140625
35.781,-0.671875,-0.734375,-0.125
35.812,-0.671875,-0.734375,-0.125
35.843,-0.671875,-0.734375,-0.140625
35.875,-0.65625,-0.734375,-0.15625
35.906,-0.65625,-0.734375,-0.140625
35.937,-0.671875,-0.734375,-0.140625
35.968,-0.671875,-0.734375,-0.140625
36.000,-0.671875,-0.71875,-0.140625
36.031,-0.671875,-0.71875,-0.140625
36.062,-0.671875,-0.734375,-0.140625
36.093,-0.6875,-0.734375,-0.15625
36.125,-0.6875,-0.734375,-0.140625
36.156,-0.6875,-0.71875,-0.15625
36.187,-0.671875,-0.71875,-0.140625
36.218,-0.671875,-0.71875,-0.140625
36.250,-0.671875,-0.71875,-0.140625
36.281,-0.671875,-0.71875,-0.15625
36.312,-0.671875,-0.71875,-0.140625
36.343,-0.671875,-0.71875,-0.140625
36.375,-0.671875,-0.71875,-0.140625
36.406,-0.671875,-0.734375,-0.140625
36.437,-0.65625,-0.734375,-0.140625
36.468,-0.671875,-0.734375,-0.140625
36.500,-0.671875,-0.734375,-0.15625
36.531,-0.671875,-0.734375,-0.140625
36.562,-0.65625,-0.734375,-0.140625
36.593,-0.65625,-0.71875,-0.125
36.625,-0.671875,-0.734375,-0.140625
36.656,-0.671875,-0.734375,-0.125
36.687,-0.65625,-0.734375,-0.140625
36.718,-0.65625,-0.734375,-0.140625
36.750,-0.65625,-0.734375,-0.140625
36.781,-0.671875,-0.734375,-0.140625
36.812,-0.65625,-0.734375,-0.140625
36.843,-0.65625,-0.734375,-0.125
36.875,-0.671875,-0.734375,-0.125
36.906,-0.671875,-0.734375,-0.125
36.937,-0.6875,-0.734375,-0.125
36.968,-0.65625,-0.71875,-0.125
37.000,-0.6875,-0.734375,-0.140625
37.031,-0.671875,-0.734375,-0.125
37.062,-0.671875,-0.734375,-0.125
37.093,-0.671875,-0.71875,-0.125
37.125,-0.671875,-0.71875,-0.125
37.156,-0.671875,-0.71875,-0.140625
37.187,-0.671875,-0.734375,-0.140625
37.218,-0.65625,-0.734375,-0.140625
37.250,-0.65625,-0.734375,-0.140625
37.281,-0.671875,-0.734375,-0.140625
37.312,-0.671875,-0.734375,-0.140625
37.343,-0.671875,-0.734375,-0.140625
37.375,-0.671875,-0.734375,-0.140625
37.406,-0.671875,-0.734375,-0.140625
37.437,-0.671875,-0.734375,-0.140625
37.468,-0.65625,-0.734375,-0.140625
37.500,-0.671875,-0.734375,-0.140625
37.531,-0.671875,-0.734375,-0.140625
37.562,-0.671875,-0.734375,-0.140625
37.593,-0.671875,-0.734375,-0.140625
37.625,-0.671875,-0.71875,-0.140625
37.656,-0.671875,-0.71875,-0.125
37.687,-0.671875,-0.734375,-0.140625
37.718,-0.671875,-0.734375,-0.140625
37.750,-0.671875,-0.734375,-0.140625
37.781,-0.671875,-0.71875,-0.140625
37.812,-0.671875,-0.71875,-0.125
37.843,-0.671875,-0.734375,-0.125
37.875,-0.671875,-0.734375,-0.140625
37.906,-0.671875,-0.734375,-0.140625
37.937,-0.671875,-0.734375,-0.140625
37.968,-0.671875,-0.734375,-0.140625
38.000,-0.671875,-0.71875,-0.125
38.031,-0.671875,-0.734375,-0.140625
38.062,-0.671875,-0.734375,-0.140625
38.093,-0.65625,-0.734375,-0.125
38.125,-0.671875,-0.734375,-0.140625
38.156,-0.671875,-0.734375,-0.140625
38.187,-0.65625,-0.734375,-0.140625
38.218,-0.671875,-0.734375,-0.140625
38.250,-0.65625,-0.734375,-0.140625
38.281,-0.65625,-0.734375,-0.140625
38.312,-0.65625,-0.734375,-0.125
38.343,-0.671875,-0.734375,-0.140625
38.375,-0.671875,-0.734375,-0.140625
38.406,-0.671875,-0.734375,-0.140625
38.437,-0.65625,-0.734375,-0.140625
38.468,-0.65625,-0.734375,-0.140625
38.500,-0.671875,-0.734375,-0.140625
38.531,-0.671875,-0.734375,-0.140625
38.562,-0.671875,-0.734375,-0.140625
38.593,-0.671875,-0.734375,-0.140625
38.625,-0.671875,-0.734375,-0.140625
38.656,-0.671875,-0.734375,-0.140625
38.687,-0.671875,-0.734375,-0.140625
38.718,-0.671875,-0.734375,-0.140625
38.750,-0.671875,-0.71875,-0.125
38.781,-0.65625,-0.71875,-0.125
38.812,-0.671875,-0.734375,-0.140625
38.843,-0.671875,-0.734375,-0.140625
38.875,-0.671875,-0.734375,-0.125
38.906,-0.65625,-0.734375,-0.140625
38.937,-0.65625,-0.734375,-0.125
38.968,-0.671875,-0.71875,-0.140625
39.000,-0.671875,-0.734375,-0.140625
39.031,-0.671875,-0.734375,-0.140625
39.062,-0.671875,-0.734375,-0.140625
39.093,-0.671875,-0.734375,-0.140625
39.125,-0.671875,-0.734375,-0.140625
39.156,-0.671875,-0.734375,-0.125
39.187,-0.671875,-0.71875,-0.125
39.218,-0.671875,-0.734375,-0.125
39.250,-0.671875,-0.734375,-0.140625
39.281,-0.671875,-0.734375,-0.140625
39.312,-0.671875,-0.734375,-0.140625
39.343,-0.65625,-0.734375,-0.125
39.375,-0.671875,-0.734375,-0.140625
39.406,-0.671875,-0.734375,-0.140625
39.437,-0.671875,-0.71875,-0.140625
39.468,-0.671875,-0.734375,-0.125
39.500,-0.671875,-0.734375,-0.140625
39.531,-0.671875,-0.734375,-0.140625
39.562,-0.671875,-0.71875,-0.125
39.593,-0.671875,-0.71875,-0.140625
39.625,-0.671875,-0.734375,-0.140625
39.656,-0.671875,-0.71875,-0.125
39.687,-0.671875,-0.71875,-0.125
39.718,-0.671875,-0.71875,-0.125
39.750,-0.671875,-0.71875,-0.125
39.781,-0.671875,-0.734375,-0.125
39.812,-0.671875,-0.734375,-0.125
39.843,-0.671875,-0.71875,-0.125
39.875,-0.671875,-0.71875,-0.125
39.906,-0.671875,-0.71875,-0.125
39.937,-0.671875,-0.734375,-0.125
39.968,-0.671875,-0.734375,-0.125
40.000,-0.671875,-0.734375,-0.140625
40.031,-0.671875,-0.734375,-0.125
40.062,-0.671875,-0.734375,-0.125
40.093,-0.671875,-0.71875,-0.125
40.125,-0.671875,-0.734375,-0.125
40.156,-0.671875,-0.734375,-0.125
40.187,-0.6875,-0.734375,-0.125
40.218,-0.671875,-0.734375,-0.125
40.250,-0.65625,-0.734375,-0.125
40.281,-0.671875,-0.71875,-0.125
40.312,-0.671875,-0.71875,-0.125
40.343,-0.671875,-0.734375,-0.140625
40.375,-0.671875,-0.71875,-0.125
40.406,-0.671875,-0.71875,-0.125
40.437,-0.671875,-0.71875,-0.125
40.468,-0.671875,-0.71875,-0.125
40.500,-0.671875,-0.734375,-0.125
40.531,-0.671875,-0.71875,-0.140625
40.562,-0.671875,-0.71875,-0.140625
40.593,-0.671875,-0.71875,-0.125
40.625,-0.671875,-0.71875,-0.125
40.656,-0.6875,-0.734375,-0.140625
40.687,-0.671875,-0.734375,-0.140625
40.718,-0.671875,-0.734375,-0.125
40.750,-0.6875,-0.734375,-0.125
40.781,-0.671875,-0.734375,-0.140625
40.812,-0.671875,-0.734375,-0.140625
40.843,-0.65625,-0.734375,-0.125
40.875,-0.671875,-0.734375,-0.125
40.906,-0.671875,-0.734375,-0.140625
40.937,-0.671875,-0.734375,-0.125
40.968,-0.671875,-0.71875,-0.125
41.000,-0.671875,-0.734375,-0.125
41.031,-0.671875,-0.71875,-0.140625
41.062,-0.671875,-0.734375,-0.125
41.093,-0.671875,-0.71875,-0.125
41.125,-0.671875,-0.734375,-0.125
41.156,-0.671875,-0.734375,-0.125
41.187,-0.671875,-0.734375,-0.125
41.218,-0.671875,-0.71875,-0.125
41.250,-0.671875,-0.71875,-0.125
41.281,-0.671875,-0.734375,-0.125
41.312,-0.671875,-0.71875,-0.140625
41.343,-0.671875,-0.71875,-0.125
41.375,-0.671875,-0.734375,-0.125
41.406,-0.671875,-0.734375,-0.125
41.437,-0.671875,-0.734375,-0.125
41.468,-0.671875,-0.734375,-0.140625
41.500,-0.671875,-0.734375,-0.125
41.531,-0.671875,-0.734375,-0.125
41.562,-0.671875,-0.734375,-0.125
41.593,-0.671875,-0.734375,-0.125
41.625,-0.6875,-0.734375,-0.125
41.656,-0.671875,-0.734375,-0.125
41.687,-0.671875,-0.71875,-0.125
41.718,-0.671875,-0.71875,-0.140625
41.750,-0.671875,-0.71875,-0.125
41.781,-0.65625,-0.71875,-0.140625
41.812,-0.671875,-0.71875,-0.140625
41.843,-0.671875,-0.734375,-0.140625
41.875,-0.6875,-0.734375,-0.125
41.906,-0.671875,-0.71875,-0.125
41.937,-0.671875,-0.734375,-0.125
41.968,-0.671875,-0.734375,-0.125
42.000,-0.671875,-0.71875,-0.125
42.031,-0.65625,-0.734375,-0.125
42.062,-0.65625,-0.71875,-0.125
42.093,-0.671875,-0.71875,-0.125
42.125,-0.6875,-0.734375,-0.15625
42.156,-0.671875,-0.734375,-0.125
42.187,-0.65625,-0.734375,-0.125
42.218,-0.671875,-0.734375,-0.140625
42.250,-0.671875,-0.734375,-0.140625
42.281,-0.65625,-0.734375,-0.125
42.312,-0.671875,-0.734375,-0.140625
42.343,-0.6875,-0.71875,-0.140625
42.375,-0.703125,-0.6875,-0.09375
42.406,-0.671875,-0.71875,-0.09375
42.437,-0.671875,-0.71875,-0.125
42.468,-0.703125,-0.734375,-0.125
42.500,-0.6875,-0.734375,-0.140625
42.531,-0.65625,-0.734375,-0.109375
42.562,-0.6875,-0.71875,-0.125
42.593,-0.671875,-0.703125,-0.109375
42.625,-0.71875,-0.71875,-0.140625
42.656,-0.703125,-0.71875,-0.140625
42.687,-0.671875,-0.71875,-0.109375
42.718,-0.6875,-0.71875,-0.125
42.750,-0.6875,-0.71875,-0.125
42.781,-0.6875,-0.703125,-0.109375
42.812,-0.703125,-0.71875,-0.109375
42.843,-0.6875,-0.71875,-0.125
42.875,-0.6875,-0.71875,-0.125
42.906,-0.703125,-0.71875,-0.125
42.937,-0.6875,-0.71875,-0.125
42.968,-0.6875,-0.71875,-0.125
43.000,-0.6875,-0.71875,-0.125
43.031,-0.703125,-0.71875,-0.125
43.062,-0.703125,-0.71875,-0.125
43.093,-0.6875,-0.71875,-0.125
43.125,-0.671875,-0.703125,-0.109375
43.156,-0.671875,-0.703125,-0.109375
43.187,-0.6875,-0.703125,-0.140625
43.218,-0.6875,-0.71875,-0.140625
43.250,-0.671875,-0.71875,-0.125
43.281,-0.71875,-0.71875,-0.109375
43.312,-0.6875,-0.734375,-0.125
43.343,-0.703125,-0.703125,-0.125
43.375,-0.6875,-0.71875,-0.140625
43.406,-0.65625,-0.71875,-0.140625
43.437,-0.6875,-0.703125,-0.125
43.468,-0.703125,-0.703125,-0.125
43.500,-0.6875,-0.734375,-0.15625
43.531,-0.6875,-0.703125,-0.109375
43.562,-0.640625,-0.671875,-0.046875
43.593,-0.703125,-0.6875,-0.09375
43.625,-0.75,-0.703125,-0.125
43.656,-0.734375,-0.6875,-0.09375
43.687,-0.734375,-0.671875,-0.09375
43.718,-0.75,-0.671875,-0.09375
43.750,-0.71875,-0.671875,-0.046875
43.781,-0.734375,-0.671875,-0.046875
43.812,-0.75,-0.671875,-0.03125
43.843,-0.78125,-0.671875,-0.015625
43.875,-0.78125,-0.65625,-0.015625
43.906,-0.75,-0.640625,0.015625
43.937,-0.78125,-0.640625,-0.015625
43.968,-0.765625,-0.65625,-0.046875
44.000,-0.75,-0.6875,-0.046875
44.031,-0.734375,-0.671875,-0.03125
44.062,-0.71875,-0.671875,-0.015625
44.093,-0.71875,-0.671875,-0.03125
44.125,-0.71875,-0.671875,-0.03125
44.156,-0.71875,-0.671875,-0.03125
44.187,-0.734375,-0.65625,-0.03125
44.218,-0.75,-0.65625,-0.03125
44.250,-0.78125,-0.65625,-0.03125
44.281,-0.75,-0.640625,-0.03125
44.312,-0.765625,-0.640625,-0.046875
44.343,-0.78125,-0.609375,-0.046875
44.375,-0.75,-0.65625,-0.0625
44.406,-0.75,-0.671875,-0.0625
44.437,-0.765625,-0.671875,-0.046875
44.468,-0.75,-0.671875,-0.03125
44.500,-0.75,-0.671875,-0.03125
44.531,-0.734375,-0.65625,-0.03125
44.562,-0.75,-0.65625,-0.046875
44.593,-0.75,-0.671875,-0.0625
44.625,-0.765625,-0.65625,-0.046875
44.656,-0.75,-0.640625,-0.0625
44.687,-0.75,-0.65625,-0.0625
44.718,-0.75,-0.65625,-0.0625
44.750,-0.734375,-0.65625,-0.046875
44.781,-0.75,-0.671875,-0.078125
44.812,-0.75,-0.671875,-0.0625
44.843,-0.75,-0.671875,-0.078125
44.875,-0.75,-0.671875,-0.078125
44.906,-0.75,-0.671875,-0.09375
44.937,-0.734375,-0.671875,-0.0625
44.968,-0.71875,-0.671875,-0.0625
45.000,-0.71875,-0.671875,-0.078125
45.031,-0.765625,-0.65625,-0.078125
45.062,-0.75,-0.6875,-0.078125
45.093,-0.71875,-0.671875,-0.046875
45.125,-0.671875,-0.6875,-0.0625
45.156,-0.640625,-0.6875,-0.078125
45.187,-0.828125,-0.734375,-0.25
45.218,-0.71875,-0.71875,-0.171875
45.250,-0.671875,-0.703125,-0.140625
45.281,-0.6875,-0.625,-0.015625
45.312,-0.6875,-0.625,0.03125
45.343,-0.75,-0.640625,-0.0625
45.375,-0.75,-0.6875,-0.109375
45.406,-0.765625,-0.671875,-0.125
45.437,-0.6875,-0.65625,-0.09375
45.468,-0.6875,-0.65625,-0.109375
45.500,-0.765625,-0.671875,-0.171875
45.531,-0.78125,-0.6875,-0.21875
45.562,-0.765625,-0.671875,-0.1875
45.593,-0.71875,-0.65625,-0.15625
45.625,-0.71875,-0.671875,-0.171875
45.656,-0.703125,-0.6875,-0.171875
45.687,-0.6875,-0.6875,-0.1875
45.718,-0.734375,-0.6875,-0.203125
45.750,-0.6875,-0.703125,-0.1875
45.781,-0.703125,-0.6875,-0.140625
45.812,-0.734375,-0.671875,-0.078125
45.843,-0.765625,-0.515625,0.171875
45.875,-0.75,-0.59375,0.1875
45.906,-0.6875,-0.578125,0.0625
45.937,-0.75,-0.765625,-0.296875
45.968,-0.75,-0.828125,-0.359375
46.000,-0.734375,-0.625,-0.296875
46.031,-0.734375,-0.703125,-0.28125
46.062,-0.578125,-0.59375,-0.140625
46.093,-0.640625,-0.65625,-0.171875
46.125,-0.78125,-0.6875,-0.25
46.156,-0.78125,-0.6875,-0.265625
46.187,-0.671875,-0.625,-0.03125
46.218,-0.734375,-0.671875,-0.0625
46.250,-0.765625,-0.6875,-0.203125
46.281,-0.796875,-0.75,-0.265625
46.312,-0.671875,-0.6875,-0.125
46.343,-0.703125,-0.6875,-0.046875
46.375,-0.703125,-0.6875,-0.03125
46.406,-0.734375,-0.5625,0.171875
46.437,-0.71875,-0.578125,0.25
46.468,-0.734375,-0.609375,0.078125
46.500,-0.71875,-0.640625,0.015625
46.531,-0.703125,-0.6875,-0.046875
46.562,-0.796875,-0.796875,-0.28125
46.593,-0.796875,-0.765625,-0.34375
46.625,-0.671875,-0.625,-0.09375
46.656,-0.6875,-0.609375,0.0625
46.687,-0.65625,-0.625,0.015625
46.718,-0.75,-0.734375,-0.1875
46.750,-0.8125,-0.671875,-0.21875
46.781,-0.75,-0.65625,-0.1875
46.812,-0.671875,-0.6875,-0.171875
46.843,-0.671875,-0.671875,-0.203125
46.875,-0.75,-0.75,-0.328125
46.906,-0.625,-0.75,-0.21875
46.937,-0.59375,-0.65625,-0.03125
46.968,-0.71875,-0.53125,0.28125
47.000,-0.875,-0.609375,0.046875
47.031,-0.796875,-0.625,-0.046875
47.062,-0.765625,-0.71875,-0.078125
47.093,-0.78125,-0.6875,-0.078125
47.125,-0.71875,-0.71875,-0.09375
47.156,-0.671875,-0.6875,-0.078125
47.187,-0.703125,-0.671875,-0.078125
47.218,-0.703125,-0.671875,-0.09375
47.250,-0.75,-0.671875,-0.09375
47.281,-0.75,-0.6875,-0.078125
47.312,-0.765625,-0.6875,-0.09375
47.343,-0.71875,-0.6875,-0.09375
47.375,-0.703125,-0.671875,-0.078125
47.406,-0.71875,-0.6875,-0.09375
47.437,-0.75,-0.6875,-0.09375
47.468,-0.734375,-0.703125,-0.0625
47.500,-0.71875,-0.6875,-0.03125
47.531,-0.71875,-0.6875,0.015625
47.562,-0.703125,-0.671875,0.0
47.593,-0.71875,-0.671875,-0.015625
47.625,-0.75,-0.671875,0.015625
47.656,-0.765625,-0.671875,0.015625
47.687,-0.71875,-0.671875,-0.03125
47.718,-0.734375,-0.703125,-0.078125
47.750,-0.75,-0.6875,-0.078125
47.781,-0.703125,-0.6875,-0.046875
47.812,-0.703125,-0.6875,-0.03125
47.843,-0.734375,-0.671875,-0.015625
47.875,-0.75,-0.65625,0.015625
47.906,-0.765625,-0.671875,-0.015625
47.937,-0.875,-0.71875,-0.109375
47.968,-0.859375,-0.71875,-0.15625
48.000,-0.859375,-0.6875,-0.078125
48.031,-0.46875,-0.6875,0.296875
48.062,-0.578125,-0.703125,0.34375
48.093,-0.484375,-0.734375,0.578125
48.125,-0.53125,-0.75,0.4375
48.156,-0.515625,-0.75,0.40625
48.187,-0.515625,-0.703125,0.421875
48.218,-0.515625,-0.703125,0.453125
48.250,-0.359375,-0.6875,0.515625
48.281,-0.34375,-0.671875,0.53125
48.312,-0.421875,-0.671875,0.515625
48.343,-0.4375,-0.625,0.546875
48.375,-0.515625,-0.625,0.609375
48.406,-0.53125,-0.703125,0.59375
48.437,-0.453125,-0.734375,0.53125
48.468,-0.4375,-0.75,0.515625
48.500,-0.390625,-0.734375,0.515625
48.531,-0.375,-0.734375,0.515625
48.562,-0.40625,-0.71875,0.484375
48.593,-0.390625,-0.71875,0.5
48.625,-0.46875,-0.71875,0.484375
48.656,-0.46875,-0.71875,0.484375
48.687,-0.484375,-0.71875,0.5
48.718,-0.484375,-0.75,0.515625
48.750,-0.5,-0.78125,0.53125
48.781,-0.453125,-0.765625,0.546875
48.812,-0.4375,-0.734375,0.53125
48.843,-0.421875,-0.703125,0.53125
48.875,-0.390625,-0.65625,0.5625
48.906,-0.46875,-0.609375,0.578125
48.937,-0.4375,-0.65625,0.625
48.968,-0.421875,-0.6875,0.625
49.000,-0.375,-0.71875,0.53125
49.031,-0.375,-0.71875,0.5
49.062,-0.421875,-0.71875,0.53125
49.093,-0.40625,-0.703125,0.546875
49.125,-0.46875,-0.703125,0.53125
49.156,-0.453125,-0.6875,0.53125
49.187,-0.484375,-0.703125,0.515625
49.218,-0.46875,-0.671875,0.5
49.250,-0.546875,-0.6875,0.515625
49.281,-0.5,-0.6875,0.53125
49.312,-0.46875,-0.6875,0.546875
49.343,-0.46875,-0.6875,0.546875
49.375,-0.484375,-0.6875,0.53125
49.406,-0.484375,-0.671875,0.5625
49.437,-0.46875,-0.6875,0.546875
49.468,-0.46875,-0.6875,0.5
49.500,-0.5,-0.6875,0.5
49.531,-0.5,-0.6875,0.546875
49.562,-0.46875,-0.703125,0.59375
49.593,-0.453125,-0.6875,0.578125
49.625,-0.46875,-0.6875,0.546875
49.656,-0.5,-0.6875,0.546875
49.687,-0.5,-0.6875,0.546875
49.718,-0.46875,-0.671875,0.53125
49.750,-0.5,-0.671875,0.546875
49.781,-0.515625,-0.65625,0.53125
49.812,-0.515625,-0.65625,0.546875
49.843,-0.5,-0.65625,0.546875
49.875,-0.5,-0.671875,0.578125
49.906,-0.5,-0.671875,0.5625
49.937,-0.5,-0.671875,0.546875
49.968,-0.515625,-0.671875,0.546875
50.000,-0.53125,-0.65625,0.546875
50.031,-0.53125,-0.65625,0.546875
50.062,-0.53125,-0.640625,0.5625
50.093,-0.515625,-0.640625,0.546875
50.125,-0.515625,-0.65625,0.5
50.156,-0.515625,-0.65625,0.5
50.187,-0.515625,-0.65625,0.53125
50.218,-0.484375,-0.65625,0.515625
50.250,-0.484375,-0.65625,0.515625
50.281,-0.484375,-0.65625,0.53125
50.312,-0.484375,-0.65625,0.546875
50.343,-0.515625,-0.640625,0.59375
50.375,-0.515625,-0.625,0.609375
50.406,-0.515625,-0.625,0.59375
50.437,-0.515625,-0.625,0.625
50.468,-0.53125,-0.640625,0.578125
50.500,-0.46875,-0.640625,0.546875
50.531,-0.453125,-0.65625,0.53125
50.562,-0.46875,-0.65625,0.515625
50.593,-0.484375,-0.671875,0.5
50.625,-0.546875,-0.6875,0.484375
50.656,-0.5625,-0.671875,0.5
50.687,-0.578125,-0.671875,0.5
50.718,-0.5625,-0.671875,0.5
50.750,-0.5625,-0.671875,0.5
50.781,-0.546875,-0.65625,0.5
50.812,-0.5625,-0.65625,0.5
50.843,-0.578125,-0.65625,0.46875
50.875,-0.609375,-0.65625,0.421875
50.906,-0.671875,-0.65625,0.375
50.937,-0.671875,-0.640625,0.359375
50.968,-0.65625,-0.640625,0.359375
51.000,-0.65625,-0.640625,0.328125
51.031,-0.671875,-0.65625,0.3125
51.062,-0.703125,-0.65625,0.28125
51.093,-0.703125,-0.671875,0.265625
51.125,-0.6875,-0.671875,0.265625
51.156,-0.703125,-0.6875,0.25
51.187,-0.71875,-0.671875,0.21875
51.218,-0.734375,-0.65625,0.203125
51.250,-0.734375,-0.671875,0.1875
51.281,-0.71875,-0.671875,0.1875
51.312,-0.78125,-0.65625,0.15625
51.343,-0.734375,-0.640625,0.1875
51.375,-0.75,-0.65625,0.171875
51.406,-0.71875,-0.640625,0.125
51.437,-0.75,-0.65625,0.09375
51.468,-0.796875,-0.640625,0.046875
51.500,-0.703125,-0.65625,0.078125
51.531,-0.75,-0.640625,0.046875
51.562,-0.8125,-0.609375,-0.015625
51.593,-0.71875,-0.625,0.03125
51.625,-0.703125,-0.625,0.015625
51.656,-0.84375,-0.625,-0.046875
51.687,-0.8125,-0.625,-0.046875
51.718,-0.78125,-0.65625,-0.0625
51.750,-0.765625,-0.640625,-0.09375
51.781,-0.765625,-0.65625,-0.125
51.812,-0.75,-0.640625,-0.140625
51.843,-0.765625,-0.640625,-0.140625
51.875,-0.734375,-0.640625,-0.125
51.906,-0.734375,-0.65625,-0.140625
51.937,-0.734375,-0.65625,-0.140625
51.968,-0.734375,-0.671875,-0.15625
52.000,-0.75,-0.671875,-0.171875
52.031,-0.71875,-0.640625,-0.15625
52.062,-0.734375,-0.65625,-0.15625
52.093,-0.765625,-0.65625,-0.171875
52.125,-0.75,-0.640625,-0.15625
52.156,-0.734375,-0.671875,-0.15625
52.187,-0.734375,-0.65625,-0.15625
52.218,-0.765625,-0.65625,-0.15625
52.250,-0.71875,-0.671875,-0.15625
52.281,-0.75,-0.671875,-0.171875
52.312,-0.75,-0.671875,-0.203125
52.343,-0.765625,-0.671875,-0.1875
52.375,-0.734375,-0.625,-0.109375
52.406,-0.71875,-0.625,-0.109375
52.437,-0.765625,-0.625,-0.125
52.468,-0.71875,-0.65625,-0.09375
52.500,-0.734375,-0.671875,-0.09375
52.531,-0.71875,-0.671875,0.0
52.562,-0.71875,-0.65625,0.03125
52.593,-0.765625,-0.640625,0.015625
52.625,-0.78125,-0.65625,0.0
52.656,-0.765625,-0.65625,0.015625
52.687,-0.78125,-0.65625,0.015625
52.718,-0.75,-0.640625,0.0
52.750,-0.734375,-0.640625,0.0
52.781,-0.75,-0.65625,-0.03125
52.812,-0.765625,-0.671875,-0.046875
52.843,-0.75,-0.6875,-0.0625
52.875,-0.734375,-0.671875,-0.0625
52.906,-0.71875,-0.671875,-0.078125
52.937,-0.75,-0.671875,-0.09375
52.968,-0.75,-0.671875,-0.09375
53.000,-0.734375,-0.671875,-0.09375
53.031,-0.703125,-0.671875,-0.109375
53.062,-0.71875,-0.671875,-0.109375
53.093,-0.703125,-0.671875,-0.109375
53.125,-0.71875,-0.671875,-0.140625
53.156,-0.734375,-0.671875,-0.15625
53.187,-0.734375,-0.65625,-0.140625
53.218,-0.703125,-0.671875,-0.09375
53.250,-0.734375,-0.6875,-0.0625
53.281,-0.75,-0.671875,-0.03125
53.312,-0.734375,-0.671875,-0.015625
53.343,-0.75,-0.6875,-0.03125
53.375,-0.75,-0.671875,-0.03125
53.406,-0.71875,-0.671875,-0.015625
53.437,-0.75,-0.671875,-0.0625
53.468,-0.75,-0.65625,-0.078125
53.500,-0.75,-0.671875,-0.0625
53.531,-0.75,-0.6875,-0.078125
53.562,-0.765625,-0.6875,-0.09375
53.593,-0.703125,-0.671875,-0.015625
53.625,-0.65625,-0.65625,0.0
53.656,-0.71875,-0.65625,0.015625
53.687,-0.78125,-0.640625,0.046875
53.718,-0.78125,-0.671875,0.078125
53.750,-0.71875,-0.671875,0.109375
53.781,-0.71875,-0.671875,0.09375
53.812,-0.75,-0.6875,0.046875
53.843,-0.765625,-0.6875,0.03125
53.875,-0.765625,-0.671875,0.046875
53.906,-0.71875,-0.625,0.0625
53.937,-0.734375,-0.609375,0.046875
53.968,-0.765625,-0.640625,-0.03125
54.000,-0.765625,-0.65625,-0.0625
54.031,-0.734375,-0.671875,-0.078125
54.062,-0.6875,-0.71875,-0.109375
54.093,-0.6875,-0.65625,-0.078125
54.125,-0.6875,-0.671875,-0.046875
54.156,-0.71875,-0.703125,-0.0625
54.187,-0.734375,-0.734375,-0.078125
54.218,-0.796875,-0.734375,-0.109375
54.250,-0.796875,-0.6875,-0.078125
54.281,-0.75,-0.65625,-0.03125
54.312,-0.71875,-0.609375,-0.015625
54.343,-0.71875,-0.625,-0.046875
54.375,-0.859375,-0.59375,-0.015625
54.406,-0.71875,-0.546875,0.15625
54.437,-0.71875,-0.53125,0.125
54.468,-0.765625,-0.546875,0.046875
54.500,-0.796875,-0.53125,0.03125
54.531,-0.828125,-0.5625,0.0625
54.562,-0.875,-0.59375,0.078125
54.593,-0.90625,-0.609375,0.046875
54.625,-0.890625,-0.640625,0.0
54.656,-0.734375,-0.625,-0.03125
54.687,-0.75,-0.609375,-0.03125
54.718,-0.765625,-0.609375,-0.0625
54.750,-0.828125,-0.625,-0.125
54.781,-0.78125,-0.640625,-0.09375
54.812,-0.828125,-0.609375,-0.09375
54.843,-0.8125,-0.609375,-0.078125
54.875,-0.84375,-0.59375,-0.0625
54.906,-0.8125,-0.59375,-0.03125
54.937,-0.84375,-0.609375,-0.078125
54.968,-0.8125,-0.609375,-0.09375
55.000,-0.796875,-0.5625,-0.109375
55.031,-0.765625,-0.578125,-0.140625
55.062,-0.765625,-0.609375,-0.15625
55.093,-0.796875,-0.609375,-0.15625
55.125,-0.796875,-0.609375,-0.09375
55.156,-0.796875,-0.609375,-0.09375
55.187,-0.796875,-0.609375,-0.078125
55.218,-0.765625,-0.609375,-0.0625
55.250,-0.765625,-0.609375,-0.046875
55.281,-0.71875,-0.59375,-0.03125
55.312,-0.796875,-0.625,-0.078125
55.343,-0.78125,-0.625,-0.09375
55.375,-0.765625,-0.59375,-0.09375
55.406,-0.734375,-0.59375,-0.078125
55.437,-0.75,-0.625,-0.109375
55.468,-0.78125,-0.625,-0.140625
55.500,-0.734375,-0.640625,-0.125
55.531,-0.703125,-0.65625,-0.15625
55.562,-0.71875,-0.65625,-0.1875
55.593,-0.765625,-0.671875,-0.203125
55.625,-0.6875,-0.671875,-0.1875
55.656,-0.703125,-0.671875,-0.1875
55.687,-0.71875,-0.6875,-0.203125
55.718,-0.75,-0.671875,-0.1875
55.750,-0.71875,-0.671875,-0.171875
55.781,-0.6875,-0.6875,-0.1875
55.812,-0.6875,-0.6875,-0.1875
55.843,-0.6875,-0.703125,-0.1875
55.875,-0.703125,-0.703125,-0.21875
55.906,-0.71875,-0.703125,-0.234375
55.937,-0.71875,-0.6875,-0.234375
55.968,-0.703125,-0.6875,-0.203125
56.000,-0.671875,-0.671875,-0.15625
56.031,-0.734375,-0.6875,-0.15625
56.062,-0.765625,-0.671875,-0.125
56.093,-0.671875,-0.65625,-0.140625
56.125,-0.71875,-0.671875,-0.171875
56.156,-0.734375,-0.671875,-0.21875
56.187,-0.71875,-0.671875,-0.1875
56.218,-0.71875,-0.671875,-0.1875
56.250,-0.71875,-0.671875,-0.1875
56.281,-0.734375,-0.671875,-0.1875
56.312,-0.71875,-0.65625,-0.171875
56.343,-0.734375,-0.65625,-0.140625
56.375,-0.734375,-0.6875,-0.15625
56.406,-0.765625,-0.734375,-0.171875
56.437,-0.75,-0.6875,-0.140625
56.468,-0.734375,-0.640625,-0.140625
56.500,-0.734375,-0.625,-0.15625
56.531,-0.75,-0.640625,-0.1875
56.562,-0.734375,-0.625,-0.1875
56.593,-0.765625,-0.609375,-0.1875
56.625,-0.78125,-0.59375,-0.1875
56.656,-0.78125,-0.59375,-0.203125
56.687,-0.796875,-0.578125,-0.203125
56.718,-0.796875,-0.546875,-0.171875
56.750,-0.75,-0.5625,-0.15625
56.781,-0.78125,-0.59375,-0.1875
56.812,-0.796875,-0.578125,-0.15625
56.843,-0.796875,-0.578125,-0.15625
56.875,-0.828125,-0.5625,-0.109375
56.906,-0.828125,-0.578125,-0.078125
56.937,-0.859375,-0.59375,-0.109375
56.968,-0.796875,-0.59375,-0.078125
57.000,-0.78125,-0.59375,-0.109375
57.031,-0.796875,-0.609375,-0.15625
57.062,-0.828125,-0.578125,-0.140625
57.093,-0.765625,-0.5625,-0.109375
57.125,-0.765625,-0.578125,-0.109375
57.156,-0.796875,-0.59375,-0.109375
57.187,-0.8125,-0.59375,-0.109375
57.218,-0.796875,-0.59375,-0.109375
57.250,-0.796875,-0.59375,-0.125
57.281,-0.796875,-0.59375,-0.109375
57.312,-0.796875,-0.578125,-0.125
57.343,-0.796875,-0.578125,-0.109375
57.375,-0.8125,-0.640625,-0.140625
57.406,-0.84375,-0.671875,-0.1875
57.437,-0.765625,-0.671875,-0.125
57.468,-0.765625,-0.75,-0.078125
57.500,-0.828125,-0.703125,-0.03125
57.531,-0.875,-0.59375,-0.0625
57.562,-0.828125,-0.59375,-0.171875
57.593,-0.765625,-0.59375,-0.171875
57.625,-0.6875,-0.546875,-0.15625
57.656,-0.703125,-0.515625,-0.078125
57.687,-0.71875,-0.546875,-0.140625
57.718,-0.765625,-0.59375,-0.15625
57.750,-0.75,-0.609375,-0.15625
57.781,-0.765625,-0.609375,-0.203125
57.812,-0.8125,-0.59375,-0.234375
57.843,-0.765625,-0.5625,-0.25
57.875,-0.71875,-0.59375,-0.1875
57.906,-0.71875,-0.609375,-0.15625
57.937,-0.703125,-0.65625,-0.109375
57.968,-0.78125,-0.6875,-0.109375
58.000,-0.859375,-0.65625,0.0
58.031,-0.984375,-0.6875,0.0
58.062,-0.84375,-0.71875,-0.078125
58.093,-0.375,-0.765625,0.0
58.125,-0.640625,-0.765625,0.015625
58.156,-0.921875,-0.6875,-0.140625
58.187,-0.640625,-0.6875,-0.171875
58.218,-0.65625,-0.671875,-0.171875
58.250,-0.796875,-0.625,-0.375
58.281,-0.734375,-0.578125,-0.265625
58.312,-0.765625,-0.546875,-0.21875
58.343,-0.9375,-0.46875,-0.15625
58.375,-0.90625,-0.53125,-0.15625
58.406,-0.859375,-0.625,-0.15625
58.437,-0.90625,-0.671875,-0.203125
58.468,-0.90625,-0.625,-0.171875
58.500,-0.796875,-0.515625,-0.125
58.531,-0.84375,-0.484375,-0.109375
58.562,-0.875,-0.390625,-0.03125
58.593,-0.953125,-0.359375,-0.171875
58.625,-0.953125,-0.390625,-0.203125
58.656,-0.9375,-0.359375,-0.109375
58.687,-0.90625,-0.375,-0.078125
58.718,-0.9375,-0.34375,-0.09375
58.750,-0.953125,-0.328125,-0.109375
58.781,-0.921875,-0.34375,-0.09375
58.812,-0.859375,-0.390625,-0.140625
58.843,-0.796875,-0.421875,-0.1875
58.875,-0.84375,-0.421875,-0.1875
58.906,-0.84375,-0.421875,-0.140625
58.937,-0.8125,-0.4375,-0.140625
58.968,-0.953125,-0.4375,-0.1875
59.000,-0.90625,-0.4375,-0.140625
59.031,-0.9375,-0.421875,-0.125
59.062,-0.90625,-0.40625,-0.09375
59.093,-0.890625,-0.421875,-0.09375
59.125,-0.90625,-0.421875,-0.09375
59.156,-0.890625,-0.4375,-0.0625
59.187,-0.890625,-0.453125,-0.0625
59.218,-0.921875,-0.484375,-0.078125
59.250,-0.953125,-0.453125,-0.078125
59.281,-0.96875,-0.4375,-0.078125
59.312,-0.9375,-0.421875,-0.09375
59.343,-0.921875,-0.40625,-0.0625
59.375,-0.953125,-0.546875,-0.09375
59.406,-1.265625,-0.421875,-0.21875
59.437,-1.125,-0.203125,-0.171875
59.468,-1.0,-0.34375,-0.359375
59.500,-0.921875,-0.265625,-0.390625
59.531,-0.828125,-0.328125,-0.375
59.562,-0.8125,-0.296875,-0.375
59.593,-0.796875,-0.3125,-0.375
59.625,-0.796875,-0.359375,-0.40625
59.656,-0.875,-0.359375,-0.40625
59.687,-0.875,-0.359375,-0.375
59.718,-0.90625,-0.328125,-0.296875
59.750,-0.875,-0.328125,-0.234375
59.781,-0.875,-0.328125,-0.1875
59.812,-0.875,-0.328125,-0.140625
59.843,-0.859375,-0.328125,-0.140625
59.875,-0.84375,-0.3125,-0.15625
59.906,-0.859375,-0.328125,-0.171875
59.937,-0.84375,-0.328125,-0.09375
59.968,-0.9375,-0.34375,-0.0625
