timestamp,x,y,z,roll,pitch,yaw
00.005,-0.0013487904,0.0008912524,0.00020525072,0.0,-0.0,-0.0
00.026,-0.0013487904,0.00028038715,-0.00040561453,-0.0,0.0,0.0
00.048,-0.00073792523,-0.0003304781,-0.00040561453,-2.0061877e-08,4.4796206e-08,2.462308e-08
00.085,0.0010946705,0.00028038715,-0.00040561453,0.0,-0.0,0.0
00.127,0.0017055358,-0.0009413434,0.00020525072,-1.2374564e-07,-2.2420365e-07,-2.698154e-08
00.145,0.0017055358,-0.0009413434,-0.00040561453,-0.0,-0.0,0.0
00.186,-0.0013487904,0.00028038715,-0.00040561453,2.7022269e-08,1.2998947e-07,3.909104e-08
00.225,-0.0013487904,-0.0003304781,-0.00040561453,-0.0,-0.0,0.0
00.245,-0.00073792523,0.0008912524,0.00020525072,0.0,-0.0,-0.0
00.285,-0.00073792523,-0.0003304781,0.00020525072,-0.0,0.0,0.0
00.324,0.00048380526,0.0008912524,-0.00040561453,6.532607e-08,-3.5461444e-08,2.9730304e-08
00.366,0.0017055358,-0.0003304781,-0.00040561453,-0.0,-0.0,0.0
00.386,-0.00012705996,-0.0021630737,-0.00040561453,-3.1999963e-07,1.879692e-08,6.000558e-08
00.426,-0.0013487904,0.00028038715,-0.00040561453,-0.0,0.0,0.0
00.465,-0.00012705996,-0.0009413434,-0.001627345,-1.19034844e-07,1.6066986e-08,2.0578119e-07
00.485,0.00048380526,-0.0003304781,-0.00040561453,-0.0,-0.0,0.0
00.526,-0.00012705996,0.00028038715,0.000816116,1.6412512e-08,7.4374773e-09,-4.7771497e-08
00.565,-0.00073792523,-0.0009413434,0.00020525072,-0.0,0.0,0.0
00.585,-0.00012705996,0.00028038715,0.000816116,1.6412512e-08,7.4374773e-09,-4.7771497e-08
00.624,-0.00012705996,-0.0003304781,0.00020525072,-0.0,0.0,0.0
00.666,0.0010946705,-0.0003304781,-0.00040561453,-2.690808e-08,-8.9129905e-08,3.3025813e-08
00.685,-0.00012705996,-0.0003304781,0.000816116,-0.0,0.0,0.0
00.723,-0.00073792523,-0.0003304781,-0.001627345,-4.0300577e-08,8.998721e-08,1.9844863e-07
00.763,-0.00012705996,-0.0015522086,-0.00040561453,-0.0,-0.0,0.0
00.784,-0.00012705996,0.0015021176,0.00020525072,1.5336438e-07,1.2972666e-08,-2.095585e-08
00.826,0.0010946705,0.0008912524,-0.0010164797,0.0,-0.0,0.0
00.865,-0.00012705996,0.00028038715,0.00020525072,6.961812e-09,3.1548077e-09,-5.0962283e-09
00.885,-0.00073792523,-0.0015522086,0.000816116,-0.0,0.0,0.0
00.925,-0.0013487904,0.0008912524,-0.00040561453,9.969048e-08,1.508681e-07,4.5369752e-08
00.965,-0.00012705996,0.00028038715,0.00020525072,0.0,-0.0,-0.0
00.985,0.0010946705,-0.0003304781,0.0020378465,-5.1824195e-08,-1.7166154e-07,-3.195664e-07
01.026,0.00048380526,-0.0009413434,0.000816116,-0.0,-0.0,-0.0
01.066,-0.00012705996,0.002112983,0.00020525072,3.015697e-07,1.8134282e-08,-2.929385e-08
01.086,-0.00073792523,-0.0015522086,-0.00040561453,-0.0,-0.0,0.0
01.126,-0.00012705996,-0.0015522086,-0.00040561453,-1.6764145e-07,1.3722712e-08,4.3807134e-08
01.168,0.00048380526,0.00028038715,0.000816116,-0.0,-0.0,0.0
01.187,0.0017055358,-0.0015522086,0.00020525072,-2.411714e-07,-2.649943e-07,-3.1890462e-08
01.227,-0.00012705996,0.0008912524,-0.00040561453,-0.0,0.0,0.0
01.266,-0.0013487904,0.0008912524,-0.00040561453,9.969048e-08,1.508681e-07,4.5369752e-08
01.307,-0.00073792523,-0.0003304781,-0.00040561453,-0.0,-0.0,0.0
01.327,0.00048380526,0.0008912524,-0.0010164797,8.587878e-08,-4.6618222e-08,9.794536e-08
01.367,-0.00012705996,-0.0009413434,-0.00040561453,-0.0,-0.0,0.0
01.406,0.0017055358,-0.0009413434,0.000816116,-1.3342749e-07,-2.417453e-07,-1.1567757e-07
01.427,0.00048380526,0.00028038715,0.00020525072,-0.0,-0.0,0.0
01.468,-0.00073792523,-0.0009413434,-0.00040561453,-7.978723e-08,6.254573e-08,3.4379443e-08
01.488,-0.00012705996,0.0008912524,-0.0010164797,-0.0,0.0,0.0
01.527,0.00048380526,0.00028038715,-0.0010164797,2.1829656e-08,-3.7666855e-08,7.913844e-08
01.567,0.00048380526,0.0008912524,0.00020525072,-0.0,-0.0,0.0
01.608,-0.0013487904,-0.0009413434,0.000816116,-1.1599347e-07,1.661996e-07,-1.005628e-07
01.625,-0.00012705996,-0.0003304781,-0.0010164797,-0.0,-0.0,0.0
01.665,-0.00073792523,0.00028038715,-0.00040561453,1.6699795e-08,4.395066e-08,2.415831e-08
01.706,-0.00073792523,0.00028038715,-0.00040561453,-0.0,0.0,0.0
01.726,0.00048380526,0.0008912524,0.00020525072,6.188413e-08,-3.3593025e-08,-1.4251587e-08
01.765,-0.00012705996,0.0008912524,0.00020525072,0.0,-0.0,-0.0
01.805,-0.00073792523,-0.0003304781,-0.0010164797,-2.8805646e-08,6.4320176e-08,8.859997e-08
01.825,-0.0013487904,0.00028038715,-0.00040561453,-0.0,0.0,0.0
01.866,-0.00012705996,-0.0003304781,-0.00040561453,-1.1940816e-08,4.590923e-09,1.4655641e-08
01.907,0.0010946705,0.00028038715,-0.00040561453,0.0,-0.0,0.0
01.927,0.00048380526,0.00028038715,-0.00040561453,1.2998454e-08,-2.2428704e-08,1.8803863e-08
01.967,-0.00012705996,-0.0003304781,0.00020525072,-0.0,0.0,0.0
02.007,0.002316401,-0.0003304781,0.000816116,-5.495933e-08,-3.852231e-07,-1.3572208e-07
02.027,0.00048380526,-0.0009413434,-0.0010164797,-0.0,-0.0,0.0
02.068,-0.0019596557,-0.0003304781,0.00020525072,-4.430938e-08,2.62744e-07,-2.7519317e-08
02.107,0.00048380526,-0.0003304781,0.000816116,-0.0,-0.0,-0.0
02.127,-0.00073792523,-0.0015522086,0.000816116,-1.9818923e-07,9.4219835e-08,-1.0420338e-07
02.167,-0.00073792523,-0.0003304781,-0.0010164797,-0.0,-0.0,0.0
02.207,0.0010946705,0.00028038715,0.00020525072,2.1610676e-08,-8.437109e-08,-1.5819577e-08
02.228,0.0017055358,-0.0009413434,0.00020525072,-0.0,-0.0,-0.0
02.268,-0.00012705996,0.002112983,0.00020525072,3.015697e-07,1.8134282e-08,-2.929385e-08
02.307,-0.00073792523,0.00028038715,0.000816116,0.0,-0.0,-0.0
02.328,-0.0025705209,-0.0015522086,-0.00040561453,-3.1563536e-07,5.22705e-07,8.248016e-08
02.366,0.00048380526,-0.0003304781,0.000816116,-0.0,-0.0,-0.0
02.408,0.0017055358,0.0008912524,0.00020525072,1.1575094e-07,-2.2150557e-07,-2.6656817e-08
02.456,0.0017055358,-0.0003304781,0.00020525072,-0.0,-0.0,-0.0
02.478,0.0010946705,0.0008912524,-0.00040561453,8.7845905e-08,-1.07895715e-07,3.997922e-08
02.506,-0.0019596557,-0.0003304781,0.00020525072,-0.0,0.0,0.0
02.545,0.00048380526,0.00028038715,-0.00040561453,1.2998454e-08,-2.2428704e-08,1.8803863e-08
02.565,0.0017055358,-0.0003304781,0.00020525072,-0.0,-0.0,-0.0
02.605,0.00048380526,0.00028038715,0.00020525072,1.1208237e-08,-1.9339703e-08,-8.204722e-09
02.644,0.00048380526,-0.0003304781,0.00020525072,-0.0,-0.0,-0.0
02.665,0.00048380526,-0.0003304781,-0.00040561453,-1.580417e-08,-2.3136604e-08,1.9397355e-08
02.705,-0.00012705996,0.0008912524,-0.00040561453,-0.0,0.0,0.0
02.746,0.0010946705,-0.0003304781,0.00020525072,-2.576515e-08,-8.5344084e-08,-1.6002017e-08
02.765,0.00048380526,-0.0003304781,0.000816116,-0.0,-0.0,-0.0
02.805,0.00048380526,0.002112983,-0.0010164797,3.3949144e-07,-7.773261e-08,1.6331705e-07
02.845,-0.00012705996,-0.0003304781,0.00020525072,-0.0,0.0,0.0
02.885,-0.00073792523,-0.0003304781,-0.00040561453,-0.0,-0.0,0.0
02.905,-0.00012705996,0.00028038715,-0.0010164797,-0.0,0.0,0.0
02.946,0.00048380526,-0.0003304781,-0.00040561453,-1.580417e-08,-2.3136604e-08,1.9397355e-08
02.967,0.00048380526,-0.0009413434,0.00020525072,-0.0,-0.0,-0.0
03.007,-0.00073792523,-0.0003304781,-0.0010164797,-2.8805646e-08,6.4320176e-08,8.859997e-08
03.047,0.00048380526,-0.0015522086,0.00020525072,-0.0,-0.0,-0.0
03.087,-0.0013487904,0.00028038715,0.000816116,0.0,-0.0,-0.0
03.108,-0.0013487904,-0.0003304781,0.00020525072,-0.0,0.0,0.0
03.146,0.0010946705,0.00028038715,-0.00040561453,2.2591072e-08,-8.819869e-08,3.2680767e-08
03.168,0.0010946705,0.0008912524,-0.00040561453,0.0,-0.0,0.0
03.207,-0.00073792523,0.0008912524,-0.001627345,1.1942905e-07,9.8883014e-08,2.1806648e-07
03.246,-0.00073792523,-0.0015522086,0.00020525072,-0.0,0.0,0.0
03.288,0.00048380526,-0.0003304781,0.00020525072,-0.0,-0.0,-0.0
03.310,-0.00012705996,-0.0015522086,-0.00040561453,-0.0,-0.0,0.0
03.347,0.00048380526,-0.0009413434,0.00020525072,-6.810693e-08,-3.500369e-08,-1.4850051e-08
03.386,-0.00012705996,-0.0003304781,-0.00040561453,-0.0,-0.0,0.0
03.410,-0.0019596557,0.0008912524,0.000816116,1.3770327e-07,3.0277727e-07,-1.2609429e-07
03.447,-0.0025705209,-0.0009413434,0.00020525072,-0.0,0.0,0.0
03.488,-0.00073792523,-0.0009413434,0.00020525072,-7.666519e-08,6.0098344e-08,-1.6716093e-08
03.506,0.00048380526,0.00028038715,-0.00040561453,0.0,-0.0,0.0
03.547,-0.00073792523,0.00028038715,0.00020525072,1.5347572e-08,4.039187e-08,-1.1234825e-08
03.587,0.0010842859,-0.0009059132,0.00025228737,-0.0,-0.0,-0.0
03.606,0.0010842859,0.0009266826,0.00025228737,9.007835e-08,-1.0539821e-07,-2.4523633e-08
03.647,-0.0031917708,-0.0009059132,0.00025228737,-0.0,0.0,0.0
03.685,0.0010842859,0.0015375478,-0.0003585779,1.9762477e-07,-1.3936591e-07,4.6088907e-08
03.706,0.0010842859,0.002148413,0.00086315256,-0.0,-0.0,0.0
03.745,-0.0007483099,0.0009266826,-0.0003585779,7.73564e-08,6.2466434e-08,2.993289e-08
03.785,-0.00013744467,-0.0002950479,-0.0009694431,-0.0,-0.0,0.0
03.825,0.0010842859,-0.0021276437,-0.0003585779,-0.0,-0.0,0.0
03.845,-0.0007483099,-0.0002950479,-0.0003585779,-0.0,-0.0,0.0
03.887,0.0010842859,0.00031581733,0.00025228737,2.4525436e-08,-8.4202426e-08,-1.9591885e-08
03.909,0.0010842859,0.00031581733,0.00025228737,-0.0,-0.0,0.0
03.947,0.00047342057,0.00031581733,0.00025228737,1.3193529e-08,-1.9777534e-08,-1.0539512e-08
03.986,-0.00013744467,0.00031581733,0.00086315256,0.0,-0.0,-0.0
04.026,-0.00013744467,0.00031581733,-0.0003585779,-0.0,0.0,0.0
04.046,-0.0013591752,0.00031581733,0.00086315256,0.0,-0.0,-0.0
04.087,0.0016951511,0.0009266826,0.00025228737,1.2116294e-07,-2.2163951e-07,-3.2986335e-08
04.126,0.00047342057,0.0009266826,0.00086315256,-0.0,-0.0,0.0
04.146,0.0010842859,0.00031581733,-0.0003585779,2.5112998e-08,-8.621967e-08,2.851321e-08
04.187,-0.00013744467,-0.0002950479,0.00025228737,-0.0,0.0,0.0
04.227,-0.00013744467,0.0009266826,0.00025228737,0.0,-0.0,-0.0
04.246,-0.00013744467,-0.0009059132,-0.0003585779,-0.0,-0.0,0.0
04.286,-0.00013744467,-0.0009059132,-0.0003585779,-5.981874e-08,9.075666e-09,2.367741e-08
04.328,0.0023060162,-0.0002950479,-0.0003585779,-0.0,-0.0,0.0
04.347,0.00047342057,0.002148413,0.00086315256,3.407242e-07,-7.508141e-08,-1.368903e-07
04.388,0.00047342057,-0.0002950479,-0.0009694431,-0.0,-0.0,0.0
04.427,0.00047342057,-0.0002950479,-0.0003585779,-0.0,-0.0,0.0
04.446,-0.00013744467,-0.0015167784,-0.0003585779,-0.0,-0.0,0.0
04.488,0.00047342057,0.00031581733,0.00025228737,1.3193529e-08,-1.9777534e-08,-1.0539512e-08
04.528,0.0023060162,0.00031581733,0.00025228737,-0.0,-0.0,0.0
04.547,-0.0007483099,-0.0009059132,-0.0003585779,-7.468672e-08,6.169334e-08,2.9562445e-08
04.587,-0.0019700404,-0.0002950479,0.00025228737,-0.0,0.0,0.0
04.625,0.00047342057,-0.0009059132,-0.0003585779,-6.585466e-08,-3.4414942e-08,2.6066541e-08
04.667,0.00047342057,-0.0002950479,0.00025228737,-0.0,-0.0,-0.0
04.686,-0.0007483099,-0.0015167784,0.00025228737,-1.7406362e-07,8.587512e-08,-2.8952181e-08
04.726,0.00047342057,0.00031581733,0.00025228737,-0.0,-0.0,0.0
04.765,0.00047342057,-0.0009059132,0.00086315256,-0.0,-0.0,-0.0
04.786,-0.00013744467,-0.0002950479,-0.0003585779,-0.0,-0.0,0.0
04.826,-0.00013744467,0.0009266826,-0.0009694431,8.383827e-08,1.2434816e-08,8.770688e-08
04.867,0.0010842859,0.0009266826,0.00086315256,-0.0,-0.0,0.0
04.887,-0.00013744467,0.00031581733,0.00086315256,1.9696465e-08,8.571961e-09,-5.383192e-08
04.927,-0.00013744467,0.00031581733,0.00025228737,0.0,-0.0,-0.0
04.968,-0.00013744467,-0.0002950479,-0.0009694431,-0.0,-0.0,0.0
04.987,-0.00013744467,0.00031581733,0.00025228737,0.0,-0.0,-0.0
05.029,0.00047342057,-0.0002950479,0.00025228737,-1.2122415e-08,-1.945108e-08,-1.0365544e-08
05.067,0.0016951511,0.0009266826,-0.0003585779,0.0,-0.0,0.0
05.089,-0.00013744467,-0.0015167784,-0.0003585779,-1.5926317e-07,1.44318175e-08,3.765102e-08
05.127,-0.00013744467,-0.0009059132,-0.0003585779,-0.0,-0.0,0.0
05.169,-0.00013744467,-0.0002950479,-0.0003585779,-0.0,-0.0,0.0
05.187,-0.0007483099,-0.0002950479,0.00025228737,-0.0,0.0,0.0
05.228,-0.0007483099,-0.0002950479,-0.0009694431,-2.4942452e-08,6.325983e-08,8.1953765e-08
05.267,-0.00013744467,0.00031581733,-0.0003585779,-0.0,0.0,0.0
05.288,-0.00013744467,0.0009266826,0.00025228737,6.0335154e-08,8.948851e-09,-1.6426117e-08
05.328,-0.00013744467,0.0015375478,-0.0003585779,-0.0,0.0,0.0
05.367,0.0010842859,0.0015375478,-0.0003585779,0.0,-0.0,0.0
05.388,0.00047342057,0.0009266826,-0.0015803084,0.0,-0.0,0.0
05.428,-0.0019700404,-0.0009059132,0.00025228737,-1.3271361e-07,2.8860512e-07,-3.695934e-08
05.467,-0.0007483099,0.0009266826,0.00025228737,0.0,-0.0,-0.0
05.487,0.0016951511,-0.0002950479,0.00025228737,-3.4433448e-08,-1.9783192e-07,-2.9443099e-08
05.527,0.0016951511,0.002148413,-0.0003585779,0.0,-0.0,0.0
05.567,0.0016951511,0.0009266826,0.00025228737,-0.0,-0.0,0.0
05.608,0.0016951511,0.0009266826,-0.0003585779,0.0,-0.0,0.0
05.626,-0.0007483099,0.00031581733,-0.0003585779,1.8817325e-08,4.45865e-08,2.1365125e-08
05.666,-0.0025809056,0.0015375478,0.00025228737,0.0,-0.0,-0.0
05.692,-0.0019700404,-0.0002950479,0.00086315256,-4.2986056e-08,2.8701882e-07,-1.2575428e-07
05.725,-0.00013744467,0.00031581733,0.00025228737,0.0,-0.0,-0.0
05.765,0.0023060162,0.002148413,0.00025228737,4.5586197e-07,-4.8930303e-07,-5.3531593e-08
05.807,0.00047342057,-0.0015167784,0.00086315256,-0.0,-0.0,-0.0
05.826,-0.00013744467,-0.0015167784,-0.0003585779,-1.5926317e-07,1.44318175e-08,3.765102e-08
05.867,-0.0031917708,0.0009266826,0.00025228737,0.0,-0.0,-0.0
05.907,-0.00013744467,0.0015375478,-0.0003585779,-0.0,0.0,0.0
05.927,-0.0007483099,0.0009266826,0.00025228737,0.0,-0.0,-0.0
05.968,-0.0007483099,0.00031581733,-0.0009694431,2.6804752e-08,6.351223e-08,8.228074e-08
06.006,-0.0007483099,-0.0009059132,-0.0003585779,-0.0,-0.0,0.0
06.027,-0.0007483099,0.00031581733,0.00025228737,1.8025705e-08,4.2710806e-08,-1.4399645e-08
06.068,0.0016951511,0.00031581733,-0.0003585779,0.0,-0.0,0.0
06.106,0.00047342057,0.00031581733,-0.0003585779,0.0,-0.0,0.0
06.128,-0.00013744467,0.00031581733,0.00086315256,0.0,-0.0,-0.0
06.167,-0.00013744467,0.00031581733,0.00025228737,9.048696e-09,3.9380206e-09,-7.228456e-09
06.207,-0.0007483099,0.00031581733,0.00025228737,0.0,-0.0,-0.0
06.228,-0.0013591752,-0.0009059132,0.00025228737,-1.0048049e-07,1.5075462e-07,-2.7982761e-08
06.267,-0.00013744467,0.00031581733,-0.0003585779,-0.0,0.0,0.0
06.307,0.00047342057,-0.0002950479,0.00086315256,-0.0,-0.0,-0.0
06.328,-0.00013744467,-0.0002950479,0.00025228737,-0.0,0.0,0.0
06.367,0.00047342057,0.00031581733,0.00086315256,2.1912118e-08,-3.2846987e-08,-5.9887476e-08
06.408,-0.00013744467,-0.0015167784,0.00025228737,-0.0,0.0,0.0
06.448,-0.0007483099,-0.0009059132,0.0014740179,-0.0,0.0,0.0
06.468,0.0010842859,0.0009266826,0.00025228737,-0.0,-0.0,0.0
06.507,-0.00013744467,-0.0015167784,0.00086315256,-0.0,0.0,0.0
06.528,-0.0013591752,-0.0002950479,0.00086315256,-0.0,0.0,0.0
06.567,0.0023060162,-0.0009059132,0.00025228737,-1.5140274e-07,-3.85398e-07,-4.2164107e-08
06.606,0.0010842859,-0.0002950479,-0.0003585779,-0.0,-0.0,0.0
06.645,0.0029168816,-0.0002950479,-0.0003585779,-0.0,-0.0,0.0
06.670,0.0010842859,-0.0002950479,0.00025228737,-0.0,-0.0,-0.0
06.706,-0.00013744467,0.0009266826,0.00025228737,6.0335154e-08,8.948851e-09,-1.6426117e-08
06.745,-0.0013591752,-0.0009059132,-0.0003585779,-0.0,-0.0,0.0
06.766,-0.0007483099,-0.0002950479,-0.0003585779,-1.7437774e-08,4.4226237e-08,2.1192493e-08
06.805,-0.00013744467,0.00031581733,-0.0003585779,-0.0,0.0,0.0
06.846,0.00047342057,0.00031581733,0.00025228737,-0.0,-0.0,0.0
06.865,0.0010842859,0.00031581733,-0.0003585779,0.0,-0.0,0.0
06.908,0.0016951511,-0.0002950479,0.00025228737,-3.4433448e-08,-1.9783192e-07,-2.9443099e-08
06.949,-0.0007483099,-0.0009059132,-0.0003585779,-0.0,-0.0,0.0
06.969,-0.0019700404,-0.0002950479,-0.0003585779,-4.0076433e-08,2.6759102e-07,4.8705726e-08
07.011,0.0010842859,0.0009266826,0.00086315256,-0.0,-0.0,0.0
07.047,-0.0019700404,-0.0002950479,0.00025228737,-0.0,0.0,0.0
07.069,0.0010842859,-0.0002950479,0.00025228737,-0.0,-0.0,-0.0
07.109,-0.0007483099,0.00031581733,0.00086315256,2.511967e-08,5.951952e-08,-6.865395e-08
07.147,0.0010842859,0.00031581733,-0.0003585779,0.0,-0.0,0.0
07.167,0.00047342057,0.00031581733,0.0014740179,3.3488057e-08,-5.0199706e-08,-1.5629921e-07
07.209,0.00047342057,-0.0009059132,0.00025228737,-0.0,-0.0,-0.0
07.249,-0.00013744467,0.00031581733,0.00025228737,0.0,-0.0,-0.0
07.269,0.00047342057,-0.0009059132,-0.0003585779,-0.0,-0.0,0.0
07.309,-0.00013744467,0.00031581733,-0.0009694431,2.180476e-08,9.4895e-09,6.69326e-08
07.348,-0.0007483099,-0.0002950479,0.00025228737,-0.0,0.0,0.0
07.371,0.00047342057,0.0015375478,-0.0009694431,1.938085e-07,-5.967483e-08,1.2219868e-07
07.407,-0.0007483099,0.00031581733,0.00025228737,0.0,-0.0,-0.0
07.449,0.00047342057,-0.0002950479,0.00086315256,-0.0,-0.0,-0.0
07.489,0.00047342057,-0.0009059132,0.00025228737,-0.0,-0.0,-0.0
07.508,0.00047342057,-0.0009059132,0.00025228737,-6.40067e-08,-3.344922e-08,-1.78252e-08
07.549,-0.0013591752,-0.0002950479,0.00025228737,-0.0,0.0,0.0
07.588,-0.0007483099,-0.0009059132,-0.0003585779,-0.0,-0.0,0.0
07.608,0.00047342057,-0.0009059132,-0.0003585779,-0.0,-0.0,0.0
07.647,-0.00013744467,0.00031581733,-0.0003585779,-0.0,0.0,0.0
07.686,0.0016603317,0.0008802568,-0.00038728857,0.0,-0.0,0.0
07.708,0.002271197,-0.00034147367,0.0008344419,-5.5997585e-08,-3.724489e-07,-1.3683842e-07
07.746,-0.0013939944,0.0014911221,-0.0009981538,-0.0,0.0,0.0
07.786,-0.0007831292,0.00026939157,-0.0009981538,-0.0,0.0,0.0
07.806,-0.0013939944,-0.00034147367,0.0008344419,-0.0,0.0,0.0
07.846,-0.000172264,-0.0009523389,0.0008344419,-8.1668304e-08,1.4772589e-08,-7.155799e-08
07.887,0.0010494665,0.0014911221,0.0008344419,-0.0,-0.0,0.0
07.909,-0.000172264,0.0008802568,0.00022357667,5.4607057e-08,1.0686461e-08,-1.3869661e-08
07.948,0.002271197,0.0014911221,-0.0009981538,0.0,-0.0,0.0
07.988,-0.0013939944,-0.0009523389,-0.00038728857,-0.0,-0.0,0.0
08.010,-0.0007831292,-0.0015632042,-0.00038728857,-0.0,-0.0,0.0
08.049,0.00043860124,0.00026939157,0.00022357667,1.0145431e-08,-1.6517957e-08,-8.420017e-09
08.088,0.00043860124,-0.00034147367,0.00022357667,-0.0,-0.0,-0.0
08.108,-0.000172264,0.0008802568,0.00022357667,5.4607057e-08,1.0686461e-08,-1.3869661e-08
08.148,-0.0013939944,-0.0009523389,0.00022357667,-0.0,0.0,0.0
08.189,0.0010494665,0.00026939157,0.00022357667,-0.0,-0.0,0.0
08.209,0.00043860124,0.00026939157,0.0008344419,-0.0,-0.0,0.0
08.248,0.00043860124,-0.0015632042,0.00022357667,-1.7192767e-07,-4.8239176e-08,-2.4589891e-08
08.287,-0.000172264,0.0008802568,-0.0009981538,-0.0,0.0,0.0
08.329,0.0010494665,0.0008802568,-0.00038728857,0.0,-0.0,0.0
08.348,0.00043860124,-0.0009523389,0.00022357667,-0.0,-0.0,-0.0
08.387,0.00043860124,-0.0009523389,0.00022357667,-0.0,-0.0,-0.0
08.410,-0.000172264,-0.00034147367,0.0008344419,-0.0,0.0,0.0
08.448,0.00043860124,0.00026939157,0.0008344419,1.7724703e-08,-2.8857906e-08,-5.490237e-08
08.488,0.0010494665,-0.00034147367,-0.00038728857,-0.0,-0.0,0.0
08.528,-0.0013939944,-0.00034147367,0.0008344419,-0.0,0.0,0.0
08.547,0.0010494665,0.0008802568,0.00022357667,-0.0,-0.0,0.0
08.590,0.00043860124,0.00026939157,0.0008344419,-0.0,-0.0,0.0
08.628,-0.000172264,0.0021019874,-0.0009981538,-0.0,0.0,0.0
08.647,0.00043860124,0.0014911221,-0.0009981538,1.8484413e-07,-5.4370364e-08,1.2373425e-07
08.701,-0.000172264,-0.0009523389,-0.00038728857,-0.0,-0.0,0.0
08.726,-0.000172264,-0.00034147367,0.0008344419,-0.0,0.0,0.0
08.747,0.0010494665,-0.00034147367,-0.00038728857,-0.0,-0.0,0.0
08.786,0.0010494665,0.0014911221,-0.0009981538,2.0801377e-07,-1.4640214e-07,1.3924397e-07
08.826,-0.0020048597,0.0008802568,0.00022357667,0.0,-0.0,-0.0
08.847,-0.0026157252,-0.0009523389,0.00022357667,-1.7848001e-07,4.9021907e-07,-4.1900975e-08
08.886,-0.0007831292,-0.0009523389,-0.001609019,-0.0,-0.0,0.0
08.928,-0.0007831292,-0.00034147367,0.00022357667,-0.0,0.0,0.0
08.967,0.0010494665,-0.00034147367,-0.0009981538,-0.0,-0.0,0.0
08.988,0.00043860124,-0.0015632042,0.0008344419,-1.9149869e-07,-5.373037e-08,-1.0222244e-07
09.028,0.00043860124,-0.00034147367,-0.00038728857,-0.0,-0.0,0.0
09.067,-0.0013939944,-0.0009523389,-0.0009981538,-0.0,-0.0,0.0
09.088,0.00043860124,0.00026939157,-0.0009981538,0.0,-0.0,0.0
09.128,0.00043860124,0.0014911221,0.0008344419,-0.0,-0.0,0.0
09.170,-0.000172264,0.0008802568,0.0008344419,0.0,-0.0,-0.0
09.190,-0.0013939944,0.00026939157,-0.00038728857,2.6605505e-08,1.3767294e-07,3.8249183e-08
09.227,-0.0013939944,-0.00034147367,-0.0009981538,-0.0,-0.0,0.0
09.266,-0.0013939944,0.00026939157,0.00022357667,0.0,-0.0,-0.0
09.286,0.0016603317,0.00026939157,0.00022357667,-0.0,-0.0,0.0
09.326,-0.000172264,-0.00034147367,0.00022357667,-0.0,0.0,0.0
09.366,-0.0013939944,-0.00034147367,-0.00038728857,-0.0,-0.0,0.0
09.386,-0.000172264,0.0014911221,0.0008344419,1.7185451e-07,1.9853728e-08,-9.6170936e-08
09.427,-0.0007831292,0.00026939157,-0.00038728857,-0.0,0.0,0.0
09.468,-0.0013939944,-0.00034147367,-0.00038728857,-0.0,-0.0,0.0
09.488,-0.0020048597,0.00026939157,0.0008344419,0.0,-0.0,-0.0
09.528,-0.0020048597,-0.00034147367,0.0008344419,-0.0,0.0,0.0
09.568,0.00043860124,0.00026939157,0.00022357667,-0.0,-0.0,0.0
09.590,-0.000172264,0.00026939157,0.0008344419,1.6155196e-08,1.0330534e-08,-5.004081e-08
09.627,0.0016603317,0.0014911221,-0.00038728857,0.0,-0.0,0.0
09.667,-0.0007831292,0.0021019874,0.00022357667,0.0,-0.0,-0.0
09.687,0.00043860124,-0.0009523389,0.00022357667,-0.0,-0.0,-0.0
09.727,-0.000172264,0.00026939157,-0.00038728857,9.079671e-09,5.8060485e-09,1.3053315e-08
09.766,0.00043860124,0.0008802568,0.00022357667,-0.0,-0.0,0.0
09.806,0.0010494665,0.00026939157,0.00022357667,-0.0,-0.0,0.0
09.827,0.00043860124,0.0008802568,-0.00038728857,0.0,-0.0,0.0
09.866,-0.0020048597,-0.00034147367,0.00022357667,-0.0,0.0,0.0
09.907,-0.0007831292,-0.00034147367,0.00022357667,-0.0,0.0,0.0
09.927,-0.0007831292,0.00026939157,-0.001609019,3.271572e-08,9.510559e-08,1.9540416e-07
09.968,-0.0007831292,0.0008802568,0.00022357667,0.0,-0.0,-0.0
10.008,-0.000172264,-0.0015632042,-0.001609019,-0.0,-0.0,0.0
10.035,0.00043860124,0.00026939157,0.0008344419,-0.0,-0.0,0.0
10.069,-0.0007831292,0.0014911221,0.00022357667,0.0,-0.0,-0.0
10.108,-0.000172264,0.0014911221,0.00022357667,0.0,-0.0,-0.0
10.129,-0.0007831292,-0.0009523389,-0.00038728857,-8.259618e-08,6.792065e-08,3.358947e-08
10.168,0.00043860124,0.00026939157,0.00022357667,-0.0,-0.0,0.0
10.209,-0.000172264,0.00026939157,0.00022357667,0.0,-0.0,-0.0
10.228,-0.000172264,-0.0009523389,-0.00038728857,-0.0,-0.0,0.0
10.268,0.00043860124,0.0008802568,0.00022357667,-0.0,-0.0,0.0
10.309,-0.000172264,0.00026939157,0.0014453072,0.0,-0.0,-0.0
10.328,0.0010494665,0.00026939157,-0.00038728857,2.0801696e-08,-8.103699e-08,2.9905383e-08
10.370,-0.0013939944,-0.0009523389,0.0014453072,-0.0,0.0,0.0
10.408,-0.0013939944,-0.0009523389,0.00022357667,-0.0,0.0,0.0
10.429,-0.0013939944,-0.0009523389,-0.00038728857,-0.0,-0.0,0.0
10.469,0.0016603317,0.00026939157,-0.00038728857,0.0,-0.0,0.0
10.508,0.00043860124,0.0008802568,-0.00038728857,0.0,-0.0,0.0
10.529,0.00043860124,0.00026939157,-0.00038728857,1.1645391e-08,-1.8960069e-08,1.67419e-08
10.568,-0.000172264,0.00026939157,-0.00038728857,-0.0,0.0,0.0
10.611,0.002271197,-0.00034147367,0.0008344419,-0.0,-0.0,-0.0
10.647,-0.000172264,-0.0009523389,0.0008344419,-8.1668304e-08,1.4772589e-08,-7.155799e-08
10.670,-0.0007831292,0.00026939157,0.00022357667,0.0,-0.0,-0.0
10.708,-0.000172264,0.0008802568,0.00022357667,0.0,-0.0,-0.0
10.729,0.0010494665,0.0008802568,0.00022357667,8.198645e-08,-9.7746515e-08,-2.0823757e-08
10.767,0.00043860124,0.00026939157,0.00022357667,-0.0,-0.0,0.0
10.808,0.002271197,-0.0009523389,0.00022357667,-0.0,-0.0,-0.0
10.829,-0.000172264,-0.0015632042,0.00022357667,-0.0,0.0,0.0
10.867,-0.000172264,0.00026939157,0.0008344419,1.6155196e-08,1.0330534e-08,-5.004081e-08
10.908,-0.0013939944,-0.0015632042,0.00022357667,-0.0,0.0,0.0
10.949,-0.0020048597,-0.0015632042,0.00022357667,-0.0,0.0,0.0
10.969,0.0010494665,0.00026939157,0.0008344419,-0.0,-0.0,0.0
11.009,0.0010494665,0.00026939157,-0.00038728857,0.0,-0.0,0.0
11.049,0.0016603317,-0.00034147367,-0.00038728857,-0.0,-0.0,0.0
11.068,0.002271197,0.00026939157,0.0008344419,4.401376e-08,-3.7107313e-07,-1.3633293e-07
11.108,-0.0013939944,-0.00034147367,-0.00038728857,-0.0,-0.0,0.0
11.150,0.00043860124,0.0008802568,-0.00038728857,0.0,-0.0,0.0
11.169,0.00043860124,0.00026939157,0.00022357667,-0.0,-0.0,0.0
11.210,0.00043860124,0.0021019874,-0.00038728857,0.0,-0.0,0.0
11.248,-0.0007831292,-0.00034147367,-0.00038728857,-0.0,-0.0,0.0
11.268,-0.000172264,-0.0009523389,0.0008344419,-8.1668304e-08,1.4772589e-08,-7.155799e-08
11.308,-0.000172264,-0.0009523389,-0.00038728857,-0.0,-0.0,0.0
11.348,0.0016603317,0.0008802568,-0.00038728857,0.0,-0.0,0.0
11.369,0.00043860124,-0.00034147367,0.00022357667,-0.0,-0.0,-0.0
11.409,0.00043860124,-0.00034147367,-0.0009981538,-0.0,-0.0,0.0
11.449,-0.000172264,-0.0009523389,-0.0009981538,-0.0,-0.0,0.0
11.469,-0.000172264,-0.0009523389,0.0008344419,-8.1668304e-08,1.4772589e-08,-7.155799e-08
11.508,-0.000172264,0.00026939157,0.0008344419,0.0,-0.0,-0.0
11.549,-0.0007831292,0.0008802568,-0.00038728857,-0.0,0.0,0.0
11.569,0.00043860124,-0.0009523389,0.0008344419,-0.0,-0.0,-0.0
11.608,0.0010494665,0.0008802568,-0.00038728857,0.0,-0.0,0.0
11.647,-0.000172264,0.00026939157,0.00022357667,0.0,-0.0,-0.0
11.688,0.00043860124,0.00026939157,-0.00038728857,0.0,-0.0,0.0
11.708,0.002271197,-0.00034147367,-0.00038728857,-0.0,-0.0,0.0
11.747,-0.00016982053,-0.00038362335,0.0008319985,-0.0,0.0,0.0
11.787,-0.0007806858,-0.0009944886,0.0008319985,-0.0,0.0,0.0
11.808,0.0010519099,0.0014489724,-0.00038973204,1.7818682e-07,-1.2935821e-07,4.792716e-08
11.846,-0.0007806858,-0.00038362335,-0.00038973204,-0.0,-0.0,0.0
11.889,0.0010519099,0.00022724188,0.00022113322,-0.0,-0.0,0.0
11.909,0.0022736404,-0.00038362335,-0.00038973204,-0.0,-0.0,0.0
11.949,-0.00016982053,0.0008381071,0.0008319985,0.0,-0.0,-0.0
11.987,-0.001391551,-0.0009944886,-0.00038973204,-0.0,-0.0,0.0
12.009,-0.0007806858,-0.0009944886,0.00022113322,-8.565964e-08,6.7243874e-08,-1.9047166e-08
12.049,0.0004410447,-0.00038362335,-0.00038973204,-0.0,-0.0,0.0
12.089,0.0010519099,0.00022724188,0.00022113322,-0.0,-0.0,0.0
12.108,-0.001391551,-0.00038362335,0.0014428637,-0.0,0.0,0.0
12.148,0.0010519099,-0.0009944886,0.00022113322,-0.0,-0.0,-0.0
12.189,-0.001391551,-0.0009944886,-0.00038973204,-0.0,-0.0,0.0
12.208,-0.001391551,-0.0009944886,-0.00038973204,-1.1707537e-07,1.6381922e-07,4.5880903e-08
12.248,0.0010519099,0.0008381071,0.00022113322,-0.0,-0.0,0.0
12.290,0.0010519099,0.00022724188,0.0008319985,-0.0,-0.0,0.0
12.309,0.0004410447,0.00022724188,-0.00038973204,0.0,-0.0,0.0
12.349,-0.001391551,-0.0009944886,-0.00038973204,-0.0,-0.0,0.0
12.389,-0.00016982053,-0.00038362335,0.00022113322,-0.0,0.0,0.0
12.410,-0.0007806858,-0.0009944886,-0.0010005973,-1.0760664e-07,8.4472525e-08,1.0826761e-07
12.448,0.0004410447,-0.0009944886,0.0008319985,-0.0,-0.0,-0.0
12.489,-0.00016982053,0.0014489724,-0.00038973204,-0.0,0.0,0.0
12.530,-0.00016982053,-0.0009944886,-0.0010005973,-9.4831435e-08,1.6193567e-08,9.541394e-08
12.549,0.0010519099,-0.00038362335,-0.00038973204,-0.0,-0.0,0.0
12.587,0.0010519099,0.0008381071,-0.00038973204,0.0,-0.0,0.0
12.627,0.0004410447,-0.00038362335,0.00022113322,-0.0,-0.0,-0.0
12.646,0.0004410447,0.00022724188,0.00022113322,-0.0,-0.0,0.0
12.687,0.0004410447,-0.00038362335,-0.00038973204,-0.0,-0.0,0.0
12.712,0.0004410447,-0.0009944886,-0.00038973204,-0.0,-0.0,0.0
12.746,-0.001391551,-0.00038362335,-0.00038973204,-0.0,-0.0,0.0
12.786,-0.00016982053,-0.0009944886,0.00022113322,-0.0,0.0,0.0
12.827,0.0004410447,0.0014489724,-0.0010005973,0.0,-0.0,0.0
12.846,-0.001391551,-0.00038362335,0.0008319985,-0.0,0.0,0.0
12.888,-0.0007806858,0.00022724188,0.00022113322,0.0,-0.0,-0.0
12.928,0.0010519099,0.00022724188,-0.00038973204,0.0,-0.0,0.0
12.949,0.0004410447,0.00022724188,0.00022113322,8.283671e-09,-1.6077447e-08,-8.060992e-09
12.987,0.0010519099,-0.0009944886,0.0008319985,-0.0,-0.0,-0.0
13.027,-0.00016982053,-0.0022162192,-0.00038973204,-0.0,-0.0,0.0
13.047,-0.00016982053,-0.00038362335,-0.00038973204,-0.0,-0.0,0.0
13.089,-0.0007806858,-0.00038362335,0.0008319985,-0.0,0.0,0.0
13.129,-0.00016982053,0.00022724188,0.00022113322,0.0,-0.0,-0.0
13.148,-0.0007806858,0.0008381071,0.00022113322,6.5610834e-08,6.1115635e-08,-1.7311315e-08
13.188,0.0004410447,0.0014489724,0.00022113322,-0.0,-0.0,0.0
13.229,0.0010519099,-0.0009944886,-0.00038973204,-0.0,-0.0,0.0
13.248,0.0004410447,-0.00038362335,0.0008319985,-0.0,-0.0,-0.0
13.288,-0.0020024164,-0.00038362335,-0.00038973204,-0.0,-0.0,0.0
13.329,-0.00016982053,-0.00038362335,0.00022113322,-0.0,0.0,0.0
13.349,-0.00016982053,0.00022724188,0.0008319985,1.3405207e-08,1.0017869e-08,-4.9080352e-08
13.389,-0.0007806858,0.00022724188,-0.00038973204,-0.0,0.0,0.0
13.429,-0.0007806858,0.00022724188,-0.00038973204,-0.0,0.0,0.0
13.468,-0.001391551,0.00022724188,0.00022113322,2.1765006e-08,1.3328139e-07,-2.1179924e-08
13.489,-0.0007806858,0.00022724188,0.00022113322,0.0,-0.0,-0.0
13.529,-0.00016982053,-0.00038362335,0.00022113322,-0.0,0.0,0.0
13.568,0.0004410447,0.00022724188,-0.00038973204,0.0,-0.0,0.0
13.588,-0.00016982053,-0.00038362335,0.00022113322,-0.0,0.0,0.0
13.626,0.0004410447,-0.00038362335,-0.0010005973,-0.0,-0.0,0.0
13.672,-0.0007806858,0.00022724188,0.00022113322,1.2849913e-08,4.4145672e-08,-1.25044854e-08
13.687,0.0004410447,0.00022724188,0.00022113322,-0.0,-0.0,0.0
13.727,-0.00016982053,0.0008381071,-0.0010005973,-0.0,0.0,0.0
13.767,-0.001391551,0.0008381071,-0.0010005973,-0.0,0.0,0.0
13.789,-0.001391551,0.0008381071,-0.00038973204,-0.0,0.0,0.0
13.826,0.0010519099,0.0008381071,0.0008319985,-0.0,-0.0,0.0
13.866,-0.0020024164,-0.0016053538,-0.0010005973,-0.0,-0.0,0.0
13.887,-0.00016982053,0.0008381071,0.00022113322,4.9678892e-08,1.0066131e-08,-1.3107696e-08
13.928,-0.00016982053,-0.0009944886,-0.00038973204,-0.0,-0.0,0.0
13.969,0.0010519099,0.00022724188,0.00022113322,-0.0,-0.0,0.0
13.989,0.0010519099,0.0008381071,0.0008319985,-0.0,-0.0,0.0
14.031,0.0016627752,0.00022724188,-0.00038973204,0.0,-0.0,0.0
14.070,-0.001391551,0.0008381071,0.0014428637,0.0,-0.0,-0.0
14.091,-0.003835012,-0.0009944886,0.0008319985,-2.7017785e-07,1.0418779e-06,-2.2603326e-07
14.129,-0.0020024164,-0.00038362335,-0.00038973204,-0.0,-0.0,0.0
14.169,0.0004410447,0.00022724188,0.0008319985,-0.0,-0.0,0.0
14.189,0.0010519099,0.00022724188,0.0014428637,-0.0,-0.0,0.0
14.230,-0.00016982053,0.00022724188,0.0014428637,0.0,-0.0,-0.0
14.269,0.0004410447,-0.0009944886,-0.00038973204,-0.0,-0.0,0.0
14.290,-0.0007806858,-0.00038362335,-0.00038973204,-2.4538846e-08,4.9937338e-08,2.4929594e-08
14.331,-0.0020024164,-0.00038362335,0.00022113322,-0.0,0.0,0.0
14.369,-0.00016982053,0.00022724188,0.00022113322,0.0,-0.0,-0.0
14.410,-0.001391551,0.00022724188,0.0008319985,2.496652e-08,1.5288632e-07,-9.1409646e-08
14.429,0.0010519099,0.00022724188,0.00022113322,-0.0,-0.0,0.0
14.469,-0.00016982053,-0.00038362335,-0.00038973204,-0.0,-0.0,0.0
14.510,-0.00016982053,-0.00038362335,-0.00038973204,-0.0,-0.0,0.0
14.530,-0.00016982053,-0.00038362335,0.00022113322,-0.0,0.0,0.0
14.569,0.0004410447,-0.0009944886,0.00022113322,-0.0,-0.0,-0.0
14.609,-0.00016982053,0.0008381071,-0.00038973204,5.285639e-08,1.0709969e-08,2.4578995e-08
14.628,-0.00016982053,-0.00038362335,-0.00038973204,-0.0,-0.0,0.0
14.669,-0.00016982053,-0.0009944886,-0.00038973204,-0.0,-0.0,0.0
14.708,0.0010519099,0.0008381071,0.00022113322,-0.0,-0.0,0.0
14.727,-0.00016982053,-0.0016053538,0.00022113322,-0.0,0.0,0.0
14.768,0.0004410447,0.0008381071,0.0008319985,-0.0,-0.0,0.0
14.808,0.0004410447,0.0008381071,0.00022113322,5.4700227e-08,-2.8785399e-08,-1.4432567e-08
14.848,0.0010519099,-0.0009944886,-0.0010005973,-0.0,-0.0,0.0
14.868,0.0022736404,-0.00038362335,-0.00038973204,-0.0,-0.0,0.0
14.909,0.0004410447,-0.00038362335,0.00022113322,-0.0,-0.0,-0.0
14.929,-0.00016982053,0.00022724188,0.0008319985,0.0,-0.0,-0.0
14.969,0.0004410447,-0.0016053538,-0.0010005973,-0.0,-0.0,0.0
15.010,-0.0007806858,-0.0016053538,0.00022113322,-0.0,0.0,0.0
15.049,0.0016627752,-0.00038362335,-0.00038973204,-0.0,-0.0,0.0
15.068,0.0004410447,-0.0009944886,-0.00038973204,-0.0,-0.0,0.0
15.108,-0.00016982053,0.0008381071,-0.00038973204,-0.0,0.0,0.0
15.150,-0.0007806858,0.00022724188,-0.0010005973,1.9661805e-08,6.754782e-08,8.6575376e-08
15.169,-0.00016982053,-0.00038362335,0.00022113322,-0.0,0.0,0.0
15.211,-0.00016982053,-0.00038362335,-0.00038973204,-0.0,-0.0,0.0
15.249,0.0004410447,-0.00038362335,-0.00038973204,-0.0,-0.0,0.0
15.269,-0.00016982053,0.00022724188,0.00022113322,0.0,-0.0,-0.0
15.309,0.0004410447,0.0008381071,0.00022113322,-0.0,-0.0,0.0
15.349,-0.001391551,0.00022724188,0.00022113322,2.1765006e-08,1.3328139e-07,-2.1179924e-08
15.369,-0.0020024164,-0.00038362335,-0.00038973204,-0.0,-0.0,0.0
15.408,0.0010519099,0.0008381071,-0.00038973204,0.0,-0.0,0.0
15.448,-0.001391551,0.0014489724,-0.00038973204,-0.0,0.0,0.0
15.469,-0.00016982053,0.00022724188,-0.00038973204,-0.0,0.0,0.0
15.509,-0.0007806858,-0.0009944886,-0.0010005973,-0.0,-0.0,0.0
15.549,-0.0020024164,-0.0016053538,0.00022113322,-2.7752048e-07,3.461614e-07,-3.8227657e-08
15.569,-0.00016982053,0.0014489724,0.00022113322,0.0,-0.0,-0.0
15.607,0.0004410447,0.00022724188,0.0008319985,-0.0,-0.0,0.0
15.651,0.0004410447,0.0014489724,-0.00038973204,0.0,-0.0,0.0
15.669,0.0004410447,0.0008381071,-0.0010005973,0.0,-0.0,0.0
15.709,-0.00016982053,0.00022724188,-0.00038973204,-0.0,0.0,0.0
15.747,-0.0007806858,0.0008381071,0.00022113322,6.5610834e-08,6.1115635e-08,-1.7311315e-08
15.787,-0.00016982053,-0.0009944886,0.00022113322,-0.0,0.0,0.0
15.807,0.0004410447,-0.0009944886,-0.00038973204,-0.0,-0.0,0.0
15.847,-0.00075625116,-0.0003622431,0.00019242255,-0.0,0.0,0.0
15.887,-0.00075625116,0.00024862215,0.00019242255,1.3664751e-08,4.1565016e-08,-1.05759135e-08
15.908,0.0010763446,0.0008594874,0.00019242255,-0.0,-0.0,0.0
15.947,0.0010763446,0.00024862215,-0.001029308,0.0,-0.0,0.0
15.987,-0.00075625116,0.0014703526,0.00019242255,0.0,-0.0,-0.0
16.007,-0.0013671165,0.0008594874,0.0008032878,0.0,-0.0,-0.0
16.047,0.0004654793,-0.0003622431,0.00019242255,-0.0,-0.0,-0.0
16.087,0.0010763446,0.002081218,-0.0004184427,3.3243015e-07,-1.7192308e-07,6.683732e-08
16.107,-0.00014538591,-0.0021948388,0.0008032878,-0.0,0.0,0.0
16.149,0.0016872098,0.00024862215,0.00019242255,-0.0,-0.0,0.0
16.189,-0.00075625116,0.0008594874,0.0014141531,0.0,-0.0,-0.0
16.209,-0.0019779818,0.00024862215,0.00019242255,0.0,-0.0,-0.0
16.250,-0.00014538591,-0.0003622431,0.00019242255,-0.0,0.0,0.0
16.289,0.0016872098,0.00024862215,0.00019242255,2.8635212e-08,-1.9432545e-07,-2.2162386e-08
16.309,0.0010763446,-0.0015839735,0.00019242255,-0.0,-0.0,-0.0
16.349,0.0004654793,-0.00097310834,0.0014141531,-0.0,-0.0,-0.0
16.388,-0.00075625116,-0.0003622431,0.0014141531,-0.0,0.0,0.0
16.409,-0.00014538591,0.00024862215,0.0008032878,0.0,-0.0,-0.0
16.449,-0.00014538591,0.0014703526,-0.0004184427,-0.0,0.0,0.0
16.489,0.0004654793,0.00024862215,0.00019242255,9.371876e-09,-1.754636e-08,-7.2534174e-09
16.508,-0.00075625116,0.00024862215,-0.0004184427,-0.0,0.0,0.0
16.549,-0.0013671165,0.002081218,-0.0004184427,-0.0,0.0,0.0
16.588,-0.00075625116,0.0008594874,-0.001029308,-0.0,0.0,0.0
16.608,-0.00075625116,0.00024862215,0.00019242255,0.0,-0.0,-0.0
16.649,0.0004654793,0.0008594874,0.00019242255,-0.0,-0.0,0.0
16.688,-0.00014538591,-0.0003622431,-0.0004184427,-1.3910841e-08,5.583103e-09,1.6069016e-08
16.728,-0.00075625116,0.0008594874,-0.0004184427,-0.0,0.0,0.0
16.747,0.0004654793,0.00024862215,-0.001029308,0.0,-0.0,0.0
16.789,-0.00014538591,-0.00097310834,-0.0004184427,-0.0,-0.0,0.0
16.826,-0.00075625116,-0.00097310834,0.0008032878,-9.606882e-08,7.4659894e-08,-7.9303504e-08
16.847,0.0004654793,0.00024862215,-0.0004184427,0.0,-0.0,0.0
16.887,-0.00075625116,-0.0003622431,-0.0004184427,-0.0,-0.0,0.0
16.928,-0.00014538591,-0.00097310834,0.00019242255,-0.0,0.0,0.0
16.949,-0.00014538591,0.00024862215,0.00019242255,0.0,-0.0,-0.0
16.988,0.0004654793,0.0014703526,0.00019242255,-0.0,-0.0,0.0
17.029,-0.0013671165,0.0008594874,0.00019242255,9.380196e-08,1.4920312e-07,-2.1000446e-08
17.049,-0.00075625116,0.0008594874,-0.0004184427,-0.0,0.0,0.0
17.089,0.0010763446,0.0008594874,-0.0004184427,0.0,-0.0,0.0
17.128,0.0010763446,-0.00097310834,-0.0004184427,-0.0,-0.0,0.0
17.148,0.0010763446,0.0008594874,0.00019242255,-0.0,-0.0,0.0
17.189,0.0016872098,0.0014703526,0.00019242255,-0.0,-0.0,0.0
17.228,-0.0013671165,0.00024862215,0.00019242255,2.3405361e-08,1.2870073e-07,-1.8114715e-08
17.249,-0.0013671165,0.0008594874,-0.0004184427,-0.0,0.0,0.0
17.290,0.0004654793,-0.0015839735,0.00019242255,-0.0,-0.0,-0.0
17.330,0.0004654793,0.0014703526,-0.0004184427,0.0,-0.0,0.0
17.348,-0.00075625116,-0.0003622431,0.00019242255,-0.0,0.0,0.0
17.390,-0.00014538591,-0.00097310834,0.00019242255,-0.0,0.0,0.0
17.429,-0.00014538591,-0.0015839735,-0.001029308,-2.0139554e-07,1.8485192e-08,1.3087215e-07
17.449,-0.00075625116,0.00024862215,0.0008032878,0.0,-0.0,-0.0
17.489,0.0004654793,0.00024862215,0.00019242255,-0.0,-0.0,0.0
17.529,0.0004654793,0.0014703526,-0.0004184427,0.0,-0.0,0.0
17.569,0.0004654793,0.0008594874,-0.0004184427,6.132698e-08,-3.3213333e-08,2.985713e-08
17.588,-0.00014538591,0.00024862215,0.0008032878,0.0,-0.0,-0.0
17.627,-0.00075625116,-0.0003622431,-0.0004184427,-2.2781595e-08,4.75609e-08,2.6316009e-08
17.669,0.0010763446,-0.0003622431,0.00019242255,-0.0,-0.0,-0.0
17.689,0.0010763446,0.0014703526,0.00019242255,-0.0,-0.0,0.0
17.729,-0.00075625116,-0.0003622431,-0.0004184427,-0.0,-0.0,0.0
17.767,-0.00014538591,-0.0003622431,0.00019242255,-1.0579158e-08,4.245935e-09,-5.6196203e-09
17.787,-0.00014538591,-0.0003622431,-0.0004184427,-0.0,-0.0,0.0
17.827,0.0010763446,0.0014703526,-0.001029308,2.065071e-07,-1.511697e-07,1.4456356e-07
17.868,-0.00075625116,-0.0021948388,-0.0004184427,-0.0,-0.0,0.0
17.887,0.0016872098,-0.00097310834,0.00019242255,-0.0,-0.0,-0.0
17.930,0.0016872098,-0.004027434,0.00019242255,-0.0,-0.0,-0.0
17.970,-0.002588847,-0.0046383,0.0014141531,-1.7110218e-06,9.55e-07,-5.2166604e-07
17.990,0.0029089404,0.0008594874,0.0008032878,-0.0,-0.0,0.0
18.029,0.0016872098,-0.0015839735,0.00019242255,-0.0,-0.0,-0.0
18.069,-0.00075625116,0.002081218,0.0008032878,0.0,-0.0,-0.0
18.088,-0.00075625116,-0.0003622431,0.00019242255,-0.0,0.0,0.0
18.138,-0.0019779818,0.0014703526,0.00019242255,0.0,-0.0,-0.0
18.170,-0.002588847,0.00024862215,0.0008032878,4.5415707e-08,4.7290325e-07,-1.4673616e-07
18.191,-0.0019779818,0.0026920831,0.0008032878,0.0,-0.0,-0.0
18.231,-0.0013671165,0.00024862215,0.00019242255,0.0,-0.0,-0.0
18.270,-0.00075625116,-0.0015839735,0.00019242255,-0.0,0.0,0.0
18.290,-0.00075625116,0.0008594874,0.00019242255,0.0,-0.0,-0.0
18.333,-0.00014538591,0.0008594874,-0.0004184427,-0.0,0.0,0.0
18.369,0.002298075,-0.0015839735,0.00019242255,-2.9739218e-07,-4.3146525e-07,-3.612754e-08
18.390,0.0010763446,0.00024862215,0.00019242255,-0.0,-0.0,0.0
18.428,-0.0044214423,0.002081218,0.0008032878,0.0,-0.0,-0.0
18.469,-0.00075625116,0.00024862215,-0.0004184427,-0.0,0.0,0.0
18.491,0.0010763446,-0.00097310834,-0.0004184427,-0.0,-0.0,0.0
18.530,-0.00014538591,0.00024862215,-0.0004184427,-0.0,0.0,0.0
18.570,-0.0013671165,-0.0003622431,0.00019242255,-3.4697848e-08,1.3095074e-07,-1.8431402e-08
18.609,0.0010763446,0.00024862215,-0.001029308,0.0,-0.0,0.0
18.628,-0.00014538591,-0.00097310834,-0.0004184427,-0.0,-0.0,0.0
18.669,-0.00014538591,-0.0003622431,-0.0004184427,-0.0,-0.0,0.0
18.709,0.0010763446,-0.0003622431,-0.0004184427,-2.9422116e-08,-8.742289e-08,3.3986765e-08
18.728,0.0016872098,0.0014703526,0.00019242255,-0.0,-0.0,0.0
18.768,-0.00014538591,-0.00097310834,0.00019242255,-6.5470616e-08,9.781548e-09,-1.2946167e-08
18.808,-0.00075625116,-0.0003622431,-0.0004184427,-0.0,-0.0,0.0
18.829,0.0004654793,-0.0015839735,0.00019242255,-0.0,-0.0,-0.0
18.870,0.0004654793,0.00024862215,0.0014141531,-0.0,-0.0,0.0
18.910,0.0004654793,-0.0015839735,0.0008032878,-1.9516486e-07,-5.7352718e-08,-9.8974866e-08
18.930,0.002298075,-0.0003622431,-0.0004184427,-0.0,-0.0,0.0
18.970,-0.0013671165,-0.0003622431,-0.001029308,-4.2522586e-08,1.6048149e-07,1.2082722e-07
19.010,-0.0019779818,-0.004027434,-0.0004184427,-0.0,-0.0,0.0
19.030,-0.0019779818,-0.007081761,-0.0004184427,-0.0,-0.0,0.0
19.074,-0.002588847,0.00024862215,0.0008032878,0.0,-0.0,-0.0
19.108,0.0010763446,-0.0015839735,0.00019242255,-2.045943e-07,-1.390263e-07,-2.4854318e-08
19.129,0.002298075,-0.0003622431,-0.001029308,-0.0,-0.0,0.0
19.168,-0.00014538591,0.00024862215,0.00019242255,0.0,-0.0,-0.0
19.210,-0.00014538591,0.0008594874,0.00019242255,0.0,-0.0,-0.0
19.230,-0.00014538591,0.0026920831,0.0008032878,0.0,-0.0,-0.0
19.269,0.0010763446,0.0008594874,0.0008032878,-0.0,-0.0,0.0
19.311,0.0010763446,0.0014703526,0.00019242255,1.8080407e-07,-1.3235429e-07,-2.3661508e-08
19.331,0.004130671,0.0026920831,-0.0004184427,0.0,-0.0,0.0
19.368,0.002298075,0.00024862215,0.0008032878,-0.0,-0.0,0.0
19.410,-0.00014538591,0.00024862215,-0.001029308,-0.0,0.0,0.0
19.449,0.0004654793,-0.00097310834,-0.0004184427,-7.555854e-08,-3.6142875e-08,3.2490647e-08
19.469,0.0010763446,0.00024862215,0.00019242255,-0.0,-0.0,0.0
19.510,-0.00014538591,0.00024862215,-0.0004184427,8.4755305e-09,4.9562066e-09,1.4264714e-08
19.549,-0.00075625116,-0.010136087,-0.001029308,-0.0,-0.0,0.0
19.568,0.0010763446,-0.005249165,-0.0016401731,-0.0,-0.0,0.0
19.614,0.0010763446,-0.004027434,0.00019242255,-0.0,-0.0,-0.0
19.648,0.0016872098,0.0026920831,0.0008032878,5.920461e-07,-3.7105323e-07,-1.766599e-07
19.668,0.0029089404,0.0008594874,-0.001029308,0.0,-0.0,0.0
19.708,0.004130671,0.002081218,-0.0028619037,7.5967756e-07,-1.5077584e-06,1.0446397e-06
19.749,0.0004654793,0.004524679,0.00019242255,-0.0,-0.0,0.0
19.769,-0.00075625116,0.010022466,0.0008032878,0.0,-0.0,-0.0
19.810,-0.005032308,0.00024862215,0.0008032878,0.0,-0.0,-0.0
19.848,0.0004654793,-0.0034165692,0.00019242255,-7.9182496e-07,-1.0787959e-07,-4.4595943e-08
19.869,0.0004654793,0.00024862215,-0.001029308,0.0,-0.0,0.0
19.909,0.002298075,0.0014703526,-0.0004184427,2.723498e-07,-4.256667e-07,7.750716e-08
19.949,0.0016872098,-0.0021948388,0.0008032878,-0.0,-0.0,-0.0
19.970,-0.002588847,0.0008594874,0.00019242255,0.0,-0.0,-0.0
20.009,0.002298075,0.00024862215,-0.0004184427,0.0,-0.0,0.0
20.049,0.0004654793,0.0008594874,-0.0004184427,6.132698e-08,-3.3213333e-08,2.985713e-08
20.069,-0.00014538591,-0.00097310834,0.00019242255,-0.0,0.0,0.0
20.109,0.0029089404,0.0008594874,0.0008032878,-0.0,-0.0,0.0
20.149,0.0004654793,0.0014703526,0.00019242255,-0.0,-0.0,0.0
20.205,-0.0031997121,-0.0003622431,0.00019242255,-7.842062e-08,6.9269356e-07,-4.16568e-08
20.250,-0.00075625116,-0.002805704,0.0008032878,-5.6765396e-07,1.5300583e-07,-1.6252226e-07
20.289,-0.00014538591,-0.0015839735,0.0014141531,-0.0,0.0,0.0
20.310,-0.00075625116,0.0008594874,-0.0004184427,-0.0,0.0,0.0
20.349,0.0010763446,-0.0021948388,-0.0004184427,-0.0,-0.0,0.0
20.390,-0.00014538591,0.0008594874,0.0008032878,6.8371826e-08,1.1565381e-08,-6.390117e-08
20.411,-0.00014538591,-0.0003622431,0.00019242255,-0.0,0.0,0.0
20.450,0.0016872098,0.0014703526,-0.001029308,2.4306777e-07,-2.7891693e-07,1.7015755e-07
20.472,-0.00014538591,0.002081218,0.0008032878,0.0,-0.0,-0.0
20.509,-0.00014538591,0.0008594874,0.00019242255,0.0,-0.0,-0.0
20.549,-0.00014538591,-0.0003622431,-0.0004184427,-0.0,-0.0,0.0
20.589,-0.00075625116,-0.0003622431,-0.0016401731,-4.4780762e-08,9.34883e-08,2.0275938e-07
20.608,0.0004654793,-0.0003622431,0.00019242255,-0.0,-0.0,-0.0
20.647,0.0016872098,0.0008594874,0.00019242255,1.0977892e-07,-2.1550062e-07,-2.4577357e-08
20.689,0.0010763446,-0.0003622431,0.00019242255,-0.0,-0.0,-0.0
20.708,0.0004654793,0.0008594874,0.00019242255,-0.0,-0.0,0.0
20.747,0.0010763446,0.0008594874,0.00019242255,-0.0,-0.0,0.0
20.787,-0.00014538591,0.00024862215,-0.001029308,1.7833374e-08,1.0428361e-08,7.3831046e-08
20.808,0.0004654793,-0.00097310834,-0.0004184427,-0.0,-0.0,0.0
20.848,-0.0013671165,0.00024862215,0.00019242255,2.3405361e-08,1.2870073e-07,-1.8114715e-08
20.889,0.0004654793,0.0008594874,-0.0004184427,0.0,-0.0,0.0
20.910,-0.00075625116,-0.00097310834,-0.0004184427,-0.0,-0.0,0.0
20.950,0.0004654793,-0.0003622431,0.00019242255,-0.0,-0.0,-0.0
20.990,-0.00014538591,0.0014703526,-0.0004184427,1.5152656e-07,1.4982687e-08,4.3122437e-08
21.028,0.0004654793,-0.0003622431,0.0008032878,-0.0,-0.0,-0.0
21.049,0.002298075,0.00024862215,-0.0004184427,0.0,-0.0,0.0
21.088,0.0004654793,0.0008594874,0.00019242255,-0.0,-0.0,0.0
21.129,-0.0031997121,0.0014703526,-0.0004184427,3.4991183e-07,7.6146165e-07,9.95801e-08
21.149,-0.002588847,-0.0003622431,-0.0004184427,-0.0,-0.0,0.0
21.188,0.0004654793,0.0008594874,-0.0004184427,6.132698e-08,-3.3213333e-08,2.985713e-08
21.229,0.0004654793,0.002081218,0.0008032878,-0.0,-0.0,0.0
21.249,-0.0013671165,-0.0003622431,0.00019242255,-0.0,0.0,0.0
21.290,0.0016872098,-0.00097310834,-0.0004184427,-0.0,-0.0,0.0
21.329,-0.0013671165,0.00024862215,0.00019242255,2.3405361e-08,1.2870073e-07,-1.8114715e-08
21.350,-0.0013671165,-0.0021948388,0.0008032878,-0.0,0.0,0.0
21.389,0.0010763446,0.0008594874,-0.0004184427,8.303265e-08,-1.0398262e-07,4.0424574e-08
21.413,-0.00014538591,0.00024862215,0.0008032878,0.0,-0.0,-0.0
21.450,-0.00075625116,0.0014703526,-0.0004184427,-0.0,0.0,0.0
21.490,-0.0013671165,0.0014703526,0.00019242255,0.0,-0.0,-0.0
21.531,-0.0019779818,0.00024862215,0.0008032878,3.5860573e-08,2.8529848e-07,-1.1586396e-07
21.549,0.0004654793,0.0008594874,-0.0004184427,0.0,-0.0,0.0
21.590,-0.0013671165,-0.0003622431,0.00019242255,-3.4697848e-08,1.3095074e-07,-1.8431402e-08
21.628,-0.0013671165,-0.0003622431,0.00019242255,-0.0,0.0,0.0
21.649,-0.0013671165,0.00024862215,-0.0004184427,-0.0,0.0,0.0
21.688,-0.00014538591,0.0014703526,-0.001029308,-0.0,0.0,0.0
21.728,-0.0013671165,0.0014703526,0.0014141531,2.4231926e-07,2.2530553e-07,-2.3305739e-07
21.768,-0.0013671165,-0.00097310834,-0.0004184427,-0.0,-0.0,0.0
21.788,-0.00014538591,-0.0003622431,0.00019242255,-1.0579158e-08,4.245935e-09,-5.6196203e-09
21.829,0.0010763446,0.0008594874,0.0008032878,-0.0,-0.0,0.0
21.868,-0.00014538591,0.0008594874,0.00019242255,5.1489234e-08,8.709621e-09,-1.152744e-08
21.889,-0.00075625116,0.00024862215,0.00019242255,0.0,-0.0,-0.0
21.929,0.0010763446,-0.00097310834,0.00019242255,-9.5587225e-08,-1.05728e-07,-1.8901433e-08
21.969,-0.00014538591,-0.00097310834,0.00019242255,-0.0,0.0,0.0
21.989,-0.00014538591,-0.0003622431,0.0008032878,-0.0,0.0,0.0
22.029,0.0004654793,-0.0003622431,0.00019242255,-0.0,-0.0,-0.0
22.069,-0.0013671165,0.00024862215,0.00019242255,2.3405361e-08,1.2870073e-07,-1.8114715e-08
22.088,-0.0013671165,-0.0003622431,0.0008032878,-0.0,0.0,0.0
22.129,-0.00014538591,-0.0003622431,-0.0004184427,-1.3910841e-08,5.583103e-09,1.6069016e-08
22.170,0.0016872098,0.0008594874,-0.0004184427,0.0,-0.0,0.0
22.191,0.0010763446,-0.0003622431,-0.0004184427,-0.0,-0.0,0.0
22.231,0.0004654793,-0.0015839735,-0.001029308,-0.0,-0.0,0.0
22.271,-0.00014538591,-0.00097310834,-0.001029308,-9.298804e-08,1.3892746e-08,9.835834e-08
22.290,-0.00075625116,-0.00097310834,0.00019242255,-0.0,0.0,0.0
22.327,0.0004654793,-0.0003622431,0.00019242255,-1.508217e-08,-1.938046e-08,-8.011607e-09
22.369,0.0004654793,0.0008594874,0.0014141531,-0.0,-0.0,0.0
22.389,0.0004654793,-0.0003622431,-0.001029308,-0.0,-0.0,0.0
22.430,-0.00014538591,-0.0015839735,-0.0004184427,-0.0,-0.0,0.0
22.470,-0.00075625116,-0.0003622431,0.0008032878,-2.8228673e-08,5.8932713e-08,-6.2598154e-08
22.489,-0.0013671165,-0.0003622431,-0.0004184427,-0.0,-0.0,0.0
22.530,-0.00014538591,-0.00097310834,0.0020250182,-1.4702547e-07,2.1966162e-08,-3.0595695e-07
22.569,0.0010763446,-0.00097310834,0.00019242255,-0.0,-0.0,-0.0
22.589,-0.00014538591,-0.0003622431,0.00019242255,-0.0,0.0,0.0
22.632,-0.00014538591,-0.0003622431,-0.0004184427,-0.0,-0.0,0.0
22.669,0.0004654793,0.00024862215,0.0008032878,1.6036077e-08,-3.002332e-08,-5.1811895e-08
22.710,-0.00075625116,0.00024862215,0.00019242255,0.0,-0.0,-0.0
22.729,-0.00014538591,-0.0003622431,0.00019242255,-1.0579158e-08,4.245935e-09,-5.6196203e-09
22.767,-0.00014538591,-0.00097310834,0.00019242255,-0.0,0.0,0.0
22.808,0.0004654793,-0.0003622431,-0.0004184427,-1.758024e-08,-2.2590458e-08,2.0307697e-08
22.828,-0.00014538591,-0.0003622431,0.0008032878,-0.0,0.0,0.0
22.868,-0.00014538591,-0.0003622431,-0.0004184427,-1.3910841e-08,5.583103e-09,1.6069016e-08
22.909,0.0010763446,0.00024862215,0.00019242255,-0.0,-0.0,0.0
22.929,-0.00014538591,-0.0003622431,-0.0004184427,-1.3910841e-08,5.583103e-09,1.6069016e-08
22.970,0.0004654793,-0.00097310834,-0.0004184427,-0.0,-0.0,0.0
23.009,0.0004654793,0.00024862215,0.0008032878,1.6036077e-08,-3.002332e-08,-5.1811895e-08
23.030,-0.00075625116,0.002081218,-0.001029308,-0.0,0.0,0.0
23.073,-0.00075625116,0.0008594874,-0.0004184427,7.0305475e-08,6.1860824e-08,3.422832e-08
23.109,-0.00014538591,-0.0003622431,-0.0004184427,-0.0,-0.0,0.0
23.130,0.0016872098,0.0008594874,-0.0004184427,0.0,-0.0,0.0
23.168,0.0010763446,0.00024862215,-0.0004184427,0.0,-0.0,0.0
23.209,0.0010763446,-0.0003622431,-0.001029308,-3.7259845e-08,-1.1071141e-07,1.05873276e-07
23.229,0.0004654793,-0.00097310834,0.0014141531,-0.0,-0.0,-0.0
23.268,-0.0013671165,-0.0003622431,-0.0004184427,-3.5854345e-08,1.3531537e-07,4.1416907e-08
23.308,0.0004654793,0.00024862215,0.00019242255,-0.0,-0.0,0.0
23.329,-0.00014538591,-0.0003622431,0.0008032878,-0.0,0.0,0.0
23.368,-0.00014538591,0.0008594874,-0.0004184427,-0.0,0.0,0.0
23.411,-0.0013671165,0.0014703526,0.00019242255,1.9901704e-07,1.8504369e-07,-2.604504e-08
23.429,-0.00075625116,0.00024862215,0.00019242255,0.0,-0.0,-0.0
23.469,-0.00075625116,-0.0015839735,-0.0004184427,-1.9180892e-07,9.157711e-08,5.0670707e-08
23.510,0.0010763446,0.0014703526,-0.0004184427,0.0,-0.0,0.0
23.549,-0.00014538591,-0.00097310834,0.00019242255,-6.5470616e-08,9.781548e-09,-1.2946167e-08
23.569,0.0004654793,0.0008594874,0.00019242255,-0.0,-0.0,0.0
23.608,-0.0013671165,0.0008594874,0.00019242255,9.380196e-08,1.4920312e-07,-2.1000446e-08
23.647,0.0004654793,0.0008594874,-0.0004184427,0.0,-0.0,0.0
23.667,-0.00014538591,-0.0003622431,0.0008032878,-2.1711024e-08,8.713699e-09,-4.814502e-08
23.709,-0.00014538591,0.00024862215,-0.0004184427,-0.0,0.0,0.0
23.750,-0.00075625116,0.0008594874,-0.0004184427,7.0305475e-08,6.1860824e-08,3.422832e-08
23.767,-0.00014538591,0.00024862215,0.00019242255,0.0,-0.0,-0.0
23.809,0.002298075,0.00024862215,-0.001029308,4.2217515e-08,-3.9022643e-07,1.7478246e-07
23.847,-0.0013610078,-0.0009132435,0.0007959574,-0.0,0.0,0.0
23.868,-0.0007501425,0.00091935217,0.00018509217,7.4092064e-08,6.0455186e-08,-1.4916875e-08
23.907,0.0010824533,-0.0009132435,-0.0004257731,-0.0,-0.0,0.0
23.948,0.00047158796,-0.0009132435,-0.0004257731,-6.8182466e-08,-3.5208604e-08,3.1788083e-08
23.970,0.0016933185,-0.0009132435,0.0007959574,-0.0,-0.0,-0.0
24.008,0.0016933185,-0.0003023783,0.0007959574,-3.846072e-08,-2.1537997e-07,-1.0124102e-07
24.050,-0.0007501425,0.00091935217,0.00018509217,0.0,-0.0,-0.0
24.068,-0.001971873,0.00030848692,0.00018509217,0.0,-0.0,-0.0
24.110,-0.001971873,-0.0003023783,-0.0004257731,-0.0,-0.0,0.0
24.150,0.00047158796,-0.0003023783,0.00018509217,-1.1972211e-08,-1.8671813e-08,-7.3284445e-09
24.169,0.00047158796,0.00030848692,0.00018509217,-0.0,-0.0,0.0
24.209,0.0016933185,0.00091935217,-0.0004257731,1.2174459e-07,-2.2423654e-07,5.6382728e-08
24.249,0.00047158796,-0.0015241088,0.00018509217,-0.0,-0.0,-0.0
24.269,-0.001971873,-0.0003023783,-0.0004257731,-0.0,-0.0,0.0
24.309,-0.0025827382,-0.0015241088,0.00018509217,-0.0,0.0,0.0
24.350,0.00047158796,0.00091935217,0.00018509217,6.476279e-08,-3.3220513e-08,-1.303862e-08
24.389,-0.0007501425,0.0015302174,0.00018509217,0.0,-0.0,-0.0
24.410,-0.00013927728,0.0015302174,0.00018509217,1.5893e-07,1.4465485e-08,-1.9223872e-08
24.451,0.0010824533,0.00091935217,-0.0004257731,0.0,-0.0,0.0
24.488,-0.00013927728,-0.0015241088,0.00018509217,-1.5767786e-07,1.440904e-08,-1.9148851e-08
24.508,0.0010824533,0.00030848692,-0.0004257731,0.0,-0.0,0.0
24.550,-0.0007501425,-0.0009132435,-0.0004257731,-7.69877e-08,6.323806e-08,3.5893272e-08
24.590,-0.0013610078,-0.0015241088,-0.0004257731,-0.0,-0.0,0.0
24.607,-0.0007501425,0.00030848692,-0.0004257731,1.8964403e-08,4.611542e-08,2.6174634e-08
24.648,0.0010824533,0.00030848692,0.00018509217,-0.0,-0.0,0.0
24.693,0.00047158796,0.0015302174,0.00018509217,1.6552778e-07,-5.1012954e-08,-2.002192e-08
24.713,-0.001971873,0.00091935217,0.0007959574,0.0,-0.0,-0.0
24.747,-0.0007501425,0.00091935217,0.0007959574,8.815223e-08,7.192753e-08,-7.6320504e-08
24.787,0.00047158796,-0.0009132435,-0.0004257731,-0.0,-0.0,0.0
24.808,0.0010824533,0.00030848692,0.0007959574,2.8539153e-08,-1.0014137e-07,-7.363668e-08
24.847,-0.00013927728,0.00091935217,0.00018509217,0.0,-0.0,-0.0
24.887,-0.0007501425,0.00091935217,0.0007959574,8.815223e-08,7.192753e-08,-7.6320504e-08
24.929,0.0010824533,-0.0003023783,0.00018509217,-0.0,-0.0,-0.0
24.949,0.0010824533,0.00030848692,-0.0004257731,2.491287e-08,-8.741705e-08,3.4384694e-08
24.988,0.00047158796,0.00091935217,-0.0004257731,0.0,-0.0,0.0
25.012,0.0016933185,0.00030848692,-0.0004257731,0.0,-0.0,0.0
25.049,0.00047158796,0.00030848692,-0.0004257731,0.0,-0.0,0.0
25.089,-0.001971873,0.0015302174,-0.0004257731,2.6001615e-07,3.3506274e-07,7.234777e-08
25.109,-0.001971873,0.00030848692,-0.0004257731,-0.0,0.0,0.0
25.149,0.00047158796,-0.0003023783,0.00018509217,-1.1972211e-08,-1.8671813e-08,-7.3284445e-09
25.189,-0.0007501425,-0.0009132435,-0.0004257731,-0.0,-0.0,0.0
25.230,0.0010824533,0.00091935217,-0.0004257731,9.147344e-08,-1.0770163e-07,4.2363453e-08
25.253,0.00047158796,-0.0015241088,-0.0010366384,-0.0,-0.0,0.0
25.288,-0.0007501425,-0.0003023783,0.00018509217,-1.6836532e-08,4.1768203e-08,-1.0305999e-08
25.328,0.00047158796,0.00030848692,-0.0004257731,0.0,-0.0,0.0
25.351,-0.0007501425,-0.0009132435,-0.0004257731,-7.69877e-08,6.323806e-08,3.5893272e-08
25.388,-0.0007501425,0.0027519478,-0.0004257731,-0.0,0.0,0.0
25.428,0.00047158796,0.00030848692,0.00018509217,1.2279367e-08,-1.8771628e-08,-7.3676207e-09
25.450,-0.0013610078,-0.0003023783,-0.0010366384,-0.0,-0.0,0.0
25.489,-0.0013610078,-0.0009132435,0.00018509217,-1.0108809e-07,1.5065169e-07,-2.048808e-08
25.529,0.0016933185,0.00091935217,-0.0010366384,0.0,-0.0,0.0
25.549,0.00047158796,0.0015302174,0.0007959574,1.8362798e-07,-5.6591144e-08,-9.5515865e-08
25.588,0.00047158796,0.00030848692,0.00018509217,-0.0,-0.0,0.0
25.627,0.00047158796,0.00091935217,-0.0016475036,1.1998175e-07,-6.154544e-08,2.1501049e-07
25.647,-0.0007501425,-0.0003023783,0.00018509217,-0.0,0.0,0.0
25.688,-0.001971873,-0.0003023783,0.00018509217,-4.0655358e-08,2.6512222e-07,-2.4886004e-08
25.728,0.0016933185,0.0015302174,-0.0010366384,0.0,-0.0,0.0
25.767,-0.00013927728,0.0015302174,0.00018509217,0.0,-0.0,-0.0
25.787,-0.0025827382,-0.0033567045,0.00018509217,-0.0,0.0,0.0
25.826,-0.0013610078,-0.0003023783,-0.0004257731,-2.9581205e-08,1.3314529e-07,4.165273e-08
25.867,0.00047158796,-0.0003023783,-0.0004257731,-0.0,-0.0,0.0
25.887,0.00047158796,0.00030848692,-0.0004257731,1.4621712e-08,-2.23524e-08,2.018086e-08
25.928,-0.00013927728,-0.0009132435,-0.0004257731,-0.0,-0.0,0.0
25.969,-0.00013927728,0.00091935217,0.0014068227,0.0,-0.0,-0.0
25.988,-0.001971873,-0.0003023783,-0.0004257731,-0.0,-0.0,0.0
26.029,-0.001971873,0.00030848692,-0.0004257731,4.2248374e-08,2.7005504e-07,5.8311134e-08
26.069,-0.0007501425,-0.0003023783,0.00018509217,-0.0,0.0,0.0
26.089,0.0010824533,-0.0003023783,0.00018509217,-2.3113563e-08,-8.274189e-08,-1.4148303e-08
26.130,0.0016933185,0.00091935217,0.0007959574,-0.0,-0.0,0.0
26.169,0.0010824533,-0.0003023783,-0.0004257731,-2.438806e-08,-8.730434e-08,3.4340363e-08
26.189,0.0023041838,-0.0009132435,0.00018509217,-0.0,-0.0,-0.0
26.229,-0.0025827382,-0.0009132435,0.00018509217,-1.682743e-07,4.7589552e-07,-3.4105057e-08
26.269,-0.0013610078,0.00030848692,-0.0004257731,-0.0,0.0,0.0
26.288,0.0010824533,0.00030848692,-0.0004257731,2.491287e-08,-8.741705e-08,3.4384694e-08
26.329,-0.00013927728,-0.0003023783,-0.0004257731,-0.0,-0.0,0.0
26.369,-0.0007501425,0.0015302174,0.00018509217,1.7603485e-07,8.629573e-08,-2.1292845e-08
26.393,0.0010824533,-0.0009132435,0.0007959574,-0.0,-0.0,-0.0
26.431,-0.00013927728,-0.0015241088,0.00018509217,-1.5767786e-07,1.440904e-08,-1.9148851e-08
26.468,0.0016933185,-0.0009132435,-0.0004257731,-0.0,-0.0,0.0
26.488,0.00047158796,0.00030848692,0.00018509217,1.2279367e-08,-1.8771628e-08,-7.3676207e-09
26.529,0.0010824533,-0.0009132435,0.0014068227,-0.0,-0.0,-0.0
26.569,-0.0007501425,-0.0015241088,0.0007959574,-1.9187392e-07,9.443735e-08,-1.00205085e-07
26.588,0.0010824533,0.00030848692,-0.0010366384,0.0,-0.0,0.0
26.627,0.00047158796,0.00091935217,0.00018509217,6.476279e-08,-3.3220513e-08,-1.303862e-08
26.667,-0.00013927728,-0.0003023783,-0.0004257731,-0.0,-0.0,0.0
26.689,-0.00013927728,-0.0003023783,-0.0004257731,-1.0967467e-08,5.0516817e-09,1.544308e-08
26.727,0.0010824533,0.00030848692,-0.0004257731,0.0,-0.0,0.0
26.766,-0.0007501425,-0.0003023783,0.00018509217,-1.6836532e-08,4.1768203e-08,-1.0305999e-08
26.807,-0.00013927728,0.00030848692,-0.0004257731,-0.0,0.0,0.0
26.826,0.0010824533,-0.0009132435,-0.0004257731,-9.063397e-08,-1.0742703e-07,4.2255436e-08
26.867,0.00047158796,-0.0003023783,-0.0004257731,-0.0,-0.0,0.0
26.908,-0.00013927728,-0.0015241088,0.00018509217,-0.0,0.0,0.0
26.929,0.00047158796,-0.0009132435,0.0007959574,-0.0,-0.0,-0.0
26.969,-0.00013927728,0.00030848692,0.0007959574,1.7906038e-08,8.084311e-09,-4.6201126e-08
27.008,-0.001971873,0.00030848692,0.00018509217,0.0,-0.0,-0.0
27.028,0.00047158796,-0.0003023783,0.00018509217,-1.1972211e-08,-1.8671813e-08,-7.3284445e-09
27.068,-0.00013927728,-0.0003023783,0.00018509217,-0.0,0.0,0.0
27.109,0.0010824533,0.00091935217,0.00018509217,8.836146e-08,-1.04037554e-07,-1.7789711e-08
27.128,0.00047158796,0.0015302174,-0.0004257731,0.0,-0.0,0.0
27.169,0.0010824533,0.00030848692,0.00018509217,2.3614389e-08,-8.28608e-08,-1.4168633e-08
27.209,-0.0007501425,-0.0009132435,0.00018509217,-0.0,0.0,0.0
27.230,-0.00013927728,-0.002134974,0.00018509217,-3.0768504e-07,2.007216e-08,-2.6674837e-08
27.268,-0.00013927728,0.00030848692,-0.0004257731,-0.0,0.0,0.0
27.308,-0.00013927728,-0.0003023783,-0.0010366384,-2.2093886e-08,1.0176578e-08,7.57441e-08
27.330,-0.00013927728,0.00030848692,0.0007959574,0.0,-0.0,-0.0
27.369,-0.001971873,-0.0009132435,0.0007959574,-1.4183402e-07,3.0624767e-07,-1.2361853e-07
27.409,0.00047158796,0.00091935217,0.00018509217,-0.0,-0.0,0.0
27.429,0.0010824533,0.00030848692,-0.0004257731,2.491287e-08,-8.741705e-08,3.4384694e-08
27.469,0.0010824533,0.00030848692,-0.0004257731,0.0,-0.0,0.0
27.508,-0.0007501425,-0.0009132435,-0.0004257731,-7.69877e-08,6.323806e-08,3.5893272e-08
27.529,-0.00013927728,0.00030848692,-0.0004257731,-0.0,0.0,0.0
27.569,0.00047158796,0.00091935217,-0.0010366384,9.030133e-08,-4.6320675e-08,1.01821506e-07
27.608,-0.0013610078,-0.0015241088,-0.0010366384,-0.0,-0.0,0.0
27.647,-0.00013927728,-0.0009132435,0.00018509217,-0.0,0.0,0.0
27.666,0.00047158796,-0.0009132435,0.00018509217,-0.0,-0.0,-0.0
27.708,-0.00013927728,0.00030848692,0.0007959574,1.7906038e-08,8.084311e-09,-4.6201126e-08
27.747,0.00047158796,-0.0003023783,0.00018509217,-0.0,-0.0,-0.0
27.766,0.0010824533,-0.0009132435,0.0007959574,-9.9565334e-08,-1.1801322e-07,-8.677835e-08
27.806,-0.0013610078,-0.0003023783,-0.0004257731,-0.0,-0.0,0.0
27.848,-0.0013610078,0.00030848692,-0.0004257731,-0.0,0.0,0.0
27.868,0.00047158796,-0.0009132435,0.00018509217,-0.0,-0.0,-0.0
27.908,0.00049968774,-0.0008820894,-0.0003830125,-6.415243e-08,-3.6341195e-08,2.7855657e-08
27.948,0.001110553,-0.0014929546,0.00022785274,-0.0,-0.0,-0.0
27.968,0.0017214182,0.0009505063,-0.0009938778,1.4054287e-07,-2.5453068e-07,1.4695581e-07
28.009,0.001110553,0.002783102,-0.0003830125,0.0,-0.0,0.0
28.049,-0.00072204275,0.0009505063,-0.0003830125,7.996371e-08,6.074365e-08,3.2221877e-08
28.068,-0.000111177476,-0.0014929546,-0.0009938778,-0.0,-0.0,0.0
28.108,-0.0013329079,-0.0014929546,-0.0009938778,-2.238837e-07,1.9988306e-07,1.4904208e-07
28.148,0.001110553,0.0015613716,0.00022785274,-0.0,-0.0,0.0
28.168,0.00049968774,0.00033964106,0.0014495832,3.579531e-08,-5.266289e-08,-1.5277388e-07
28.208,0.00049968774,0.00033964106,0.00022785274,-0.0,-0.0,0.0
28.249,0.0017214182,-0.0008820894,-0.0003830125,-1.1672368e-07,-2.2778903e-07,5.068264e-08
28.268,-0.0019437731,-0.0027146852,-0.0003830125,-0.0,-0.0,0.0
28.309,0.0023322834,0.00033964106,0.00022785274,5.3970727e-08,-3.7061199e-07,-3.6206977e-08
28.349,-0.000111177476,0.0015613716,0.00022785274,0.0,-0.0,-0.0
28.369,-0.000111177476,-0.00027122418,0.00083871797,-1.6171445e-08,6.6288357e-09,-5.000764e-08
28.408,-0.0019437731,-0.0008820894,0.00083871797,-0.0,0.0,0.0
28.448,-0.00072204275,0.00033964106,0.00083871797,2.6386191e-08,5.6094386e-08,-6.51587e-08
28.469,0.001110553,-0.0008820894,0.00022785274,-0.0,-0.0,-0.0
28.508,0.0017214182,-0.00027122418,0.00022785274,-3.1988982e-08,-2.0302913e-07,-2.6873627e-08
28.548,-0.000111177476,-0.00027122418,-0.0003830125,-0.0,-0.0,0.0
28.591,-0.00072204275,-0.0014929546,0.00022785274,-0.0,0.0,0.0
28.611,-0.000111177476,0.00033964106,-0.0003830125,-0.0,0.0,0.0
28.647,-0.00072204275,0.0009505063,0.00022785274,7.751481e-08,5.8883366e-08,-1.858164e-08
28.688,-0.0013329079,0.00033964106,0.0014495832,0.0,-0.0,-0.0
28.708,-0.00072204275,-0.00027122418,0.00022785274,-1.4638673e-08,3.8970523e-08,-1.2297804e-08
28.746,-0.000111177476,-0.00027122418,0.00083871797,-0.0,0.0,0.0
28.787,-0.000111177476,0.0009505063,0.00022785274,0.0,-0.0,-0.0
28.807,0.00049968774,0.00033964106,-0.0003830125,0.0,-0.0,0.0
28.847,-0.0019437731,0.0009505063,-0.0003830125,1.4016422e-07,2.8663405e-07,5.6480037e-08
28.887,0.001110553,-0.0008820894,0.00022785274,-0.0,-0.0,-0.0
28.908,-0.00072204275,-0.0008820894,-0.0009938778,-8.9525464e-08,7.328191e-08,1.00871134e-07
28.949,0.001110553,0.0015613716,-0.0003830125,0.0,-0.0,0.0
28.988,0.00049968774,0.0009505063,0.00022785274,7.002296e-08,-3.6811556e-08,-1.6785709e-08
29.010,-0.000111177476,0.0009505063,-0.0003830125,-0.0,0.0,0.0
29.049,-0.0025546383,0.0009505063,-0.0003830125,1.7557575e-07,4.7188803e-07,7.0749316e-08
29.089,0.00049968774,0.0009505063,-0.0003830125,0.0,-0.0,0.0
29.109,-0.000111177476,0.00033964106,0.00083871797,2.0779902e-08,6.802054e-09,-5.1314398e-08
29.150,-0.000111177476,0.0009505063,-0.0003830125,-0.0,0.0,0.0
29.187,0.00049968774,-0.00027122418,-0.0003830125,-1.2477673e-08,-2.2988143e-08,1.7620497e-08
29.209,0.0017214182,-0.0014929546,0.00083871797,-0.0,-0.0,-0.0
29.249,-0.0013329079,-0.0014929546,0.00022785274,-2.0181541e-07,1.8018054e-07,-3.080078e-08
29.287,0.00049968774,0.0009505063,0.00022785274,-0.0,-0.0,0.0
29.330,-0.000111177476,0.002172237,-0.0009938778,-0.0,0.0,0.0
29.347,-0.000111177476,0.0009505063,0.00022785274,0.0,-0.0,-0.0
29.389,-0.0019437731,-0.0008820894,-0.0009938778,-1.3938282e-07,3.0714406e-07,1.5704698e-07
29.428,-0.00072204275,-0.00027122418,-0.0003830125,-0.0,-0.0,0.0
29.446,-0.0013329079,-0.00027122418,0.00022785274,-2.5103112e-08,1.233671e-07,-2.1088875e-08
29.486,-0.000111177476,-0.00027122418,-0.0003830125,-0.0,-0.0,0.0
29.526,-0.00072204275,0.0009505063,-0.0003830125,-0.0,0.0,0.0
29.547,-0.0013329079,-0.0008820894,0.00022785274,-0.0,0.0,0.0
29.588,-0.000111177476,0.002172237,-0.0003830125,3.2195368e-07,1.6477951e-08,5.6767412e-08
29.627,-0.00072204275,0.0009505063,-0.0009938778,-0.0,0.0,0.0
29.646,-0.0013329079,-0.00027122418,0.00083871797,-2.908635e-08,1.429424e-07,-8.994497e-08
29.687,-0.000111177476,0.0009505063,-0.0009938778,-0.0,0.0,0.0
29.727,0.00049968774,-0.00027122418,0.0014495832,-0.0,-0.0,-0.0
29.748,-0.000111177476,0.00033964106,0.00022785274,0.0,-0.0,-0.0
29.787,-0.000111177476,0.0015613716,-0.0003830125,1.6885625e-07,1.2023414e-08,4.142131e-08
29.826,-0.000111177476,0.00033964106,0.00022785274,0.0,-0.0,-0.0
29.867,0.00049968774,0.0009505063,-0.0003830125,0.0,-0.0,0.0
29.886,-0.000111177476,-0.0008820894,0.00022785274,-0.0,0.0,0.0
29.928,0.00049968774,-0.00027122418,0.00083871797,-0.0,-0.0,-0.0
29.968,-0.0025546383,0.0009505063,-0.0003830125,-0.0,0.0,0.0
29.989,-0.0013329079,0.0009505063,0.00022785274,1.0543312e-07,1.4785029e-07,-2.5274142e-08
30.028,-0.00072204275,-0.00027122418,0.00022785274,-0.0,0.0,0.0
30.049,-0.000111177476,-0.0008820894,0.00083871797,-7.235221e-08,9.119187e-09,-6.8794726e-08
30.088,0.00049968774,0.0009505063,0.00022785274,-0.0,-0.0,0.0
30.128,-0.00072204275,0.00033964106,0.00083871797,2.6386191e-08,5.6094386e-08,-6.51587e-08
30.169,0.001110553,0.00033964106,0.00022785274,-0.0,-0.0,0.0
30.188,0.00049968774,0.00033964106,0.00022785274,1.4717961e-08,-2.1653403e-08,-9.873741e-09
30.229,-0.0013329079,0.00033964106,-0.0009938778,-0.0,0.0,0.0
30.269,0.00049968774,0.00033964106,0.00022785274,-0.0,-0.0,0.0
30.288,-0.0013329079,-0.00027122418,0.00022785274,-0.0,0.0,0.0
30.326,0.00049968774,-0.0008820894,0.00083871797,-7.78876e-08,-4.4121915e-08,-7.4057944e-08
30.367,-0.0013329079,-0.0014929546,0.00022785274,-0.0,0.0,0.0
30.388,-0.00072204275,-0.0014929546,0.00022785274,-1.6771588e-07,8.111301e-08,-2.5596567e-08
30.428,0.001110553,0.0009505063,-0.0009938778,0.0,-0.0,0.0
30.468,0.0017214182,-0.00027122418,0.00022785274,-0.0,-0.0,-0.0
30.489,0.0017214182,0.0009505063,-0.0003830125,0.0,-0.0,0.0
30.528,0.00049968774,-0.00027122418,0.00022785274,-1.1148611e-08,-2.0539554e-08,-9.365837e-09
30.568,0.00049968774,0.00033964106,0.00083871797,-0.0,-0.0,0.0
30.589,-0.00072204275,-0.00027122418,0.00022785274,-1.4638673e-08,3.8970523e-08,-1.2297804e-08
30.628,0.00049968774,0.00033964106,0.00083871797,-0.0,-0.0,0.0
30.666,0.001110553,-0.00027122418,0.00083871797,-0.0,-0.0,-0.0
30.687,0.001110553,0.00033964106,-0.0003830125,0.0,-0.0,0.0
30.729,-0.00072204275,-0.0014929546,0.00083871797,-1.861955e-07,9.0050385e-08,-1.0460165e-07
30.767,0.00049968774,0.00033964106,-0.0003830125,0.0,-0.0,0.0
30.808,0.00049968774,0.00033964106,-0.0009938778,0.0,-0.0,0.0
30.827,-0.000111177476,-0.0014929546,-0.0003830125,-0.0,-0.0,0.0
30.867,0.001110553,-0.00027122418,0.00022785274,-0.0,-0.0,-0.0
30.888,0.0017214182,-0.0014929546,0.00022785274,-0.0,-0.0,-0.0
30.929,-0.000111177476,0.0009505063,-0.0003830125,6.575121e-08,7.690695e-09,2.6494863e-08
30.969,-0.00072204275,0.00033964106,-0.0003830125,-0.0,0.0,0.0
30.990,0.00049968774,-0.00027122418,-0.0003830125,-1.2477673e-08,-2.2988143e-08,1.7620497e-08
31.029,-0.000111177476,-0.0008820894,-0.0003830125,-0.0,-0.0,0.0
31.070,0.001110553,-0.00027122418,-0.0009938778,-2.7572085e-08,-1.1289653e-07,1.0103556e-07
31.109,0.00049968774,0.0015613716,0.00083871797,-0.0,-0.0,0.0
31.129,0.001110553,0.00033964106,0.00083871797,3.2651464e-08,-1.0676325e-07,-8.063033e-08
31.169,-0.0013329079,-0.0008820894,0.00022785274,-0.0,0.0,0.0
31.210,0.00049968774,-0.00027122418,0.00022785274,-0.0,-0.0,-0.0
31.230,0.001110553,0.0015613716,0.00022785274,-0.0,-0.0,0.0
31.270,-0.00072204275,0.00033964106,0.00022785274,1.8914264e-08,4.0209823e-08,-1.2688886e-08
31.312,-0.0013329079,0.0009505063,-0.0003830125,-0.0,0.0,0.0
31.328,-0.00072204275,-0.00027122418,-0.0003830125,-1.5674553e-08,4.17282e-08,2.2135008e-08
31.369,-0.00072204275,-0.0014929546,-0.0003830125,-0.0,-0.0,0.0
31.408,0.001110553,0.0015613716,-0.0003830125,0.0,-0.0,0.0
31.429,0.00049968774,-0.00027122418,0.00022785274,-0.0,-0.0,-0.0
31.469,-0.000111177476,-0.00027122418,-0.0003830125,-8.778762e-09,3.598501e-09,1.2397034e-08
31.509,-0.00072204275,0.00033964106,0.00083871797,0.0,-0.0,-0.0
31.530,-0.000111177476,0.00033964106,-0.0003830125,1.1939993e-08,3.908415e-09,1.3464704e-08
31.569,0.001110553,-0.00027122418,0.00083871797,-0.0,-0.0,-0.0
31.608,-0.00072204275,0.00033964106,0.00083871797,0.0,-0.0,-0.0
31.648,-0.000111177476,-0.00027122418,0.00022785274,-0.0,0.0,0.0
31.667,-0.000111177476,0.0009505063,0.00022785274,6.2750054e-08,7.339659e-09,-1.504227e-08
31.708,0.00049968774,-0.0008820894,0.00022785274,-0.0,-0.0,-0.0
31.747,-0.000111177476,-0.0008820894,0.00022785274,-0.0,0.0,0.0
31.766,-0.000111177476,0.0009505063,0.00022785274,0.0,-0.0,-0.0
31.807,-0.000111177476,-0.0008820894,-0.0003830125,-0.0,-0.0,0.0
31.849,0.00049968774,0.0009505063,0.00083871797,-0.0,-0.0,0.0
31.867,-0.000111177476,0.00033964106,-0.0003830125,1.1939993e-08,3.908415e-09,1.3464704e-08
31.910,0.001110553,-0.00027122418,0.00083871797,-0.0,-0.0,-0.0
31.949,0.00049968774,0.0009505063,-0.0003830125,0.0,-0.0,0.0
31.969,-0.0013329079,0.0009505063,-0.0003830125,-0.0,0.0,0.0
32.008,-0.0013267993,-0.00032803463,-0.00042088615,-0.0,-0.0,0.0
32.048,-0.00010506882,0.0002828306,-0.0010317514,-0.0,0.0,0.0
32.069,-0.00010506882,-0.00032803463,0.00080084434,-1.919136e-08,6.146954e-09,-4.685265e-08
32.108,-0.00010506882,0.0002828306,0.00080084434,0.0,-0.0,-0.0
32.149,0.00050579646,-0.0009388999,0.0001899791,-0.0,-0.0,-0.0
32.168,0.0017275269,-0.00032803463,-0.00042088615,-0.0,-0.0,0.0
32.213,-0.0013267993,-0.00032803463,-0.00042088615,-3.1481978e-08,1.2733491e-07,4.0393076e-08
32.248,0.0011166617,0.0002828306,0.0001899791,-0.0,-0.0,0.0
32.270,-0.00010506882,0.001504561,0.0001899791,1.5348792e-07,1.0718603e-08,-1.9380733e-08
32.309,-0.00010506882,0.0008936958,-0.00042088615,-0.0,0.0,0.0
32.349,-0.00071593403,-0.0015497651,0.0001899791,-0.0,0.0,0.0
32.370,-0.00010506882,-0.0015497651,0.0001899791,-0.0,0.0,0.0
32.410,-0.00071593403,-0.0009388999,0.0001899791,-7.5352126e-08,5.7457832e-08,-1.5246915e-08
32.450,0.00050579646,-0.00032803463,0.00080084434,-0.0,-0.0,-0.0
32.470,-0.00071593403,-0.00032803463,-0.00042088615,-1.965686e-08,4.2901e-08,2.5220812e-08
32.509,0.00050579646,0.0002828306,-0.00042088615,0.0,-0.0,0.0
32.548,0.0011166617,0.0002828306,-0.00042088615,0.0,-0.0,0.0
32.570,-0.00071593403,-0.0009388999,0.00080084434,-0.0,0.0,0.0
32.614,0.00050579646,0.0002828306,0.00080084434,1.876257e-08,-3.3553803e-08,-5.3126854e-08
32.647,-0.00071593403,0.0002828306,0.0001899791,0.0,-0.0,-0.0
32.669,0.00050579646,0.0002828306,0.0001899791,1.1575192e-08,-2.0700346e-08,-7.77513e-09
32.710,0.0011166617,-0.00032803463,-0.0010317514,-0.0,-0.0,0.0
32.750,0.00050579646,-0.0009388999,0.0001899791,-0.0,-0.0,-0.0
32.788,-0.00010506882,-0.00032803463,-0.00042088615,-0.0,-0.0,0.0
32.809,0.0011166617,0.001504561,0.00080084434,2.0573952e-07,-1.5269669e-07,-1.0951056e-07
32.847,-0.00010506882,-0.0009388999,0.00080084434,-0.0,0.0,0.0
32.888,-0.0013267993,0.0008936958,-0.00042088615,-0.0,0.0,0.0
32.909,0.0011166617,0.0002828306,0.0001899791,-0.0,-0.0,0.0
32.950,-0.0013267993,-0.00032803463,-0.00042088615,-0.0,-0.0,0.0
32.990,0.0017275269,-0.00032803463,-0.00042088615,-0.0,-0.0,0.0
33.009,0.0029492574,0.001504561,0.0001899791,3.348458e-07,-6.563685e-07,-4.2280462e-08
33.050,-0.00010506882,0.0008936958,0.0001899791,0.0,-0.0,-0.0
33.089,-0.0019376645,0.0008936958,0.00080084434,0.0,-0.0,-0.0
33.110,-0.0013267993,-0.00032803463,-0.0010317514,-0.0,-0.0,0.0
33.150,0.0011166617,-0.0015497651,0.0001899791,-0.0,-0.0,-0.0
33.190,0.00050579646,0.0002828306,0.0001899791,-0.0,-0.0,0.0
33.209,-0.00010506882,0.0002828306,0.00080084434,1.6243355e-08,6.0342487e-09,-4.599361e-08
33.248,-0.00010506882,-0.0015497651,0.0001899791,-0.0,0.0,0.0
33.291,-0.00010506882,0.0008936958,-0.00042088615,-0.0,0.0,0.0
33.309,-0.00010506882,0.0002828306,0.0001899791,0.0,-0.0,-0.0
33.353,-0.00071593403,0.001504561,0.0001899791,1.6932651e-07,8.057274e-08,-2.1380659e-08
33.389,-0.00071593403,0.0002828306,0.0014117096,0.0,-0.0,-0.0
33.410,-0.00010506882,0.0002828306,-0.00042088615,9.829188e-09,3.651448e-09,1.4627021e-08
33.450,-0.00071593403,-0.00032803463,0.0001899791,-0.0,0.0,0.0
33.490,-0.00071593403,-0.0015497651,0.00080084434,-0.0,0.0,0.0
33.509,0.0011166617,0.0002828306,-0.00042088615,0.0,-0.0,0.0
33.550,0.00050579646,0.0002828306,0.00080084434,1.876257e-08,-3.3553803e-08,-5.3126854e-08
33.590,-0.00010506882,-0.00032803463,0.0001899791,-0.0,0.0,0.0
33.629,0.0011166617,0.0008936958,-0.00042088615,0.0,-0.0,0.0
33.651,-0.00071593403,0.0002828306,-0.0010317514,-0.0,0.0,0.0
33.690,-0.00010506882,0.0008936958,0.0001899791,0.0,-0.0,-0.0
33.712,-0.00071593403,-0.00032803463,0.0014117096,-0.0,0.0,0.0
33.748,-0.00071593403,0.0008936958,0.0001899791,6.9616014e-08,5.5768947e-08,-1.4798759e-08
33.788,0.0011166617,-0.00032803463,0.0001899791,-0.0,-0.0,-0.0
33.828,0.00050579646,0.0002828306,-0.00042088615,0.0,-0.0,0.0
33.847,0.0017275269,0.0021154264,0.0001899791,-0.0,-0.0,0.0
33.890,-0.0013267993,0.0008936958,-0.00042088615,-0.0,0.0,0.0
33.929,0.00050579646,-0.0009388999,-0.0010317514,-0.0,-0.0,0.0
33.948,0.0011166617,-0.0015497651,-0.00042088615,-2.0342755e-07,-1.465769e-07,5.524696e-08
33.989,0.00050579646,-0.00032803463,0.0001899791,-0.0,-0.0,-0.0
34.031,0.0017275269,-0.00032803463,0.0001899791,-0.0,-0.0,-0.0
34.050,-0.00010506882,-0.0009388999,0.0001899791,-0.0,0.0,0.0
34.090,-0.0019376645,0.001504561,0.0001899791,0.0,-0.0,-0.0
34.131,-0.0019376645,0.0002828306,-0.00042088615,-0.0,0.0,0.0
34.149,-0.0019376645,0.0002828306,-0.00042088615,3.8016257e-08,2.6044836e-07,5.6572798e-08
34.190,-0.0013267993,-0.0009388999,0.00080084434,-0.0,0.0,0.0
34.229,-0.00010506882,-0.00032803463,-0.00042088615,-0.0,-0.0,0.0
34.252,0.0011166617,-0.0015497651,0.0001899791,-0.0,-0.0,-0.0
34.290,-0.0013267993,-0.00032803463,-0.00042088615,-3.1481978e-08,1.2733491e-07,4.0393076e-08
34.330,-0.00071593403,-0.00032803463,0.0001899791,-0.0,0.0,0.0
34.351,-0.00071593403,0.0002828306,-0.0016426166,3.4431284e-08,8.715653e-08,1.9996921e-07
34.389,-0.0025485298,0.0008936958,0.0001899791,0.0,-0.0,-0.0
34.429,-0.00010506882,0.0002828306,0.00080084434,0.0,-0.0,-0.0
34.450,-0.00071593403,-0.00032803463,-0.00042088615,-0.0,-0.0,0.0
34.489,-0.0013267993,-0.0009388999,-0.00042088615,-1.05791905e-07,1.4949903e-07,4.7423963e-08
34.529,0.00050579646,0.0002828306,0.0001899791,-0.0,-0.0,0.0
34.569,0.00050579646,0.0008936958,-0.0010317514,0.0,-0.0,0.0
34.590,-0.00071593403,0.0002828306,0.0001899791,0.0,-0.0,-0.0
34.629,-0.00071593403,0.0008936958,0.00080084434,0.0,-0.0,-0.0
34.669,-0.00010506882,-0.0009388999,0.0001899791,-0.0,0.0,0.0
34.692,-0.0013267993,0.0002828306,0.0001899791,2.6000302e-08,1.2197118e-07,-1.7464568e-08
34.728,-0.00010506882,-0.0009388999,-0.00042088615,-0.0,-0.0,0.0
34.769,-0.00071593403,-0.00032803463,-0.00042088615,-0.0,-0.0,0.0
34.788,0.00050579646,-0.0009388999,-0.00042088615,-0.0,-0.0,0.0
34.827,0.0023383922,0.0002828306,0.0001899791,-0.0,-0.0,0.0
34.872,0.00050579646,0.0002828306,-0.00042088615,0.0,-0.0,0.0
34.889,-0.0013267993,0.0021154264,0.0001899791,3.5552003e-07,2.229828e-07,-3.1928057e-08
34.929,-0.00010506882,-0.00032803463,-0.00042088615,-0.0,-0.0,0.0
34.970,-0.00071593403,-0.00032803463,0.0001899791,-0.0,0.0,0.0
34.989,-0.00071593403,-0.0009388999,-0.00042088615,-0.0,-0.0,0.0
35.030,0.0011166617,-0.00032803463,0.0001899791,-0.0,-0.0,-0.0
35.070,0.0011166617,-0.00032803463,0.0001899791,-0.0,-0.0,-0.0
35.089,-0.00010506882,0.0021154264,0.0001899791,3.018914e-07,1.4994313e-08,-2.711182e-08
35.130,-0.0019376645,-0.0015497651,0.0001899791,-0.0,0.0,0.0
35.170,-0.00010506882,-0.00032803463,0.00080084434,-0.0,0.0,0.0
35.189,0.00050579646,-0.00032803463,0.0001899791,-0.0,-0.0,-0.0
35.229,0.00050579646,-0.00032803463,0.0001899791,-1.3914693e-08,-2.145506e-08,-8.058603e-09
35.270,0.00050579646,-0.00032803463,0.0014117096,-0.0,-0.0,-0.0
35.290,0.00050579646,-0.00032803463,0.00080084434,-2.2066676e-08,-3.4024595e-08,-5.3872274e-08
35.330,-0.0013267993,-0.0015497651,0.00080084434,-0.0,0.0,0.0
35.370,0.0017275269,0.0002828306,-0.00042088615,0.0,-0.0,0.0
35.409,0.00050579646,0.0008936958,-0.00042088615,0.0,-0.0,0.0
35.428,0.00050579646,0.0008936958,0.0001899791,6.263328e-08,-3.544796e-08,-1.331439e-08
35.469,-0.00010506882,-0.00032803463,-0.00042088615,-0.0,-0.0,0.0
35.510,-0.00010506882,-0.0009388999,-0.00042088615,-0.0,-0.0,0.0
35.528,0.0017275269,-0.0009388999,-0.00042088615,-0.0,-0.0,0.0
35.569,-0.00010506882,-0.00032803463,0.00080084434,-0.0,0.0,0.0
35.609,0.00050579646,-0.0009388999,0.0001899791,-0.0,-0.0,-0.0
35.629,-0.00071593403,-0.00032803463,-0.0010317514,-2.8573156e-08,6.236077e-08,8.986975e-08
35.669,0.00050579646,-0.00032803463,0.0001899791,-0.0,-0.0,-0.0
35.708,-0.00010506882,0.0008936958,0.0001899791,0.0,-0.0,-0.0
35.727,0.00050579646,0.0008936958,-0.0010317514,0.0,-0.0,0.0
35.768,0.00050579646,0.0002828306,-0.00042088615,0.0,-0.0,0.0
35.812,-0.00010506882,0.0008936958,0.00080084434,0.0,-0.0,-0.0
35.848,0.0023383922,0.0002828306,-0.00042088615,0.0,-0.0,0.0
35.868,-0.0013267993,-0.00032803463,-0.00042088615,-0.0,-0.0,0.0
35.909,0.00050579646,0.0002828306,-0.00042088615,0.0,-0.0,0.0
35.931,-0.00010506882,-0.0009388999,0.0001899791,-0.0,0.0,0.0
35.971,0.0011166617,-0.00032803463,-0.00042088615,-0.0,-0.0,0.0
36.010,-0.00010506882,0.0002828306,0.0001899791,0.0,-0.0,-0.0
36.030,-0.00071593403,0.0008936958,0.0001899791,6.9616014e-08,5.5768947e-08,-1.4798759e-08
36.070,0.00046975538,-0.0021923955,-0.0010268645,-0.0,-0.0,0.0
36.099,0.0016914859,0.0014727961,-0.00041599924,2.2545625e-07,-2.5893337e-07,6.368136e-08
36.154,0.0016914859,-0.00035979963,-0.0010268645,-4.856254e-08,-2.2830173e-07,1.3859704e-07
36.168,0.0016914859,-0.0015815301,0.00019486602,-0.0,-0.0,-0.0
36.208,-0.00014110986,0.00025106562,0.00019486602,0.0,-0.0,-0.0
36.248,-0.0013628404,0.00025106562,-0.00041599924,-0.0,0.0,0.0
36.268,0.00046975538,0.0014727961,0.00019486602,-0.0,-0.0,0.0
36.308,-0.00014110986,-0.00097066484,-0.00041599924,-0.0,-0.0,0.0
36.349,0.0016914859,0.00086193084,-0.0010268645,0.0,-0.0,0.0
36.370,0.0016914859,0.00025106562,0.0014165966,3.7413653e-08,-2.520644e-07,-2.1110053e-07
36.409,0.0010806207,-0.00097066484,-0.00041599924,-0.0,-0.0,0.0
36.449,-0.0007519751,-0.00035979963,-0.00041599924,-0.0,-0.0,0.0
36.470,-0.0013628404,0.00025106562,-0.00041599924,-0.0,0.0,0.0
36.509,0.0010806207,0.0014727961,-0.00041599924,0.0,-0.0,0.0
36.549,-0.00014110986,0.00086193084,0.0008057312,0.0,-0.0,-0.0
36.569,-0.0007519751,0.00025106562,-0.00041599924,1.5084607e-08,4.5180418e-08,2.4994204e-08
36.608,-0.0013628404,-0.0021923955,-0.00041599924,-0.0,-0.0,0.0
36.649,-0.00014110986,-0.0015815301,0.00019486602,-0.0,0.0,0.0
36.668,-0.00014110986,-0.00035979963,-0.00041599924,-0.0,-0.0,0.0
36.710,-0.00014110986,0.0014727961,0.00019486602,0.0,-0.0,-0.0
36.748,0.002302351,-0.00035979963,0.00019486602,-0.0,-0.0,-0.0
36.769,-0.0007519751,-0.00035979963,0.00019486602,-2.0671001e-08,4.320204e-08,-1.1195329e-08
36.807,0.00046975538,-0.00035979963,-0.00041599924,-0.0,-0.0,0.0
36.847,-0.00014110986,-0.00035979963,0.00019486602,-0.0,0.0,0.0
36.869,0.0016914859,0.00025106562,-0.00041599924,0.0,-0.0,0.0
36.907,0.00046975538,0.00025106562,0.0014165966,-0.0,-0.0,0.0
36.949,-0.00014110986,-0.00035979963,0.0008057312,-0.0,0.0,0.0
36.989,-0.0007519751,-0.00035979963,0.0008057312,-0.0,0.0,0.0
37.010,0.00046975538,-0.00035979963,-0.00041599924,-0.0,-0.0,0.0
37.049,0.002302351,0.0014727961,0.00019486602,-0.0,-0.0,0.0
37.089,0.0010806207,0.00086193084,-0.00041599924,8.349724e-08,-1.0468223e-07,4.0298815e-08
37.109,-0.0019737056,0.00025106562,-0.00041599924,-0.0,0.0,0.0
37.149,0.0010806207,0.00025106562,-0.00041599924,0.0,-0.0,0.0
37.190,-0.0007519751,0.00025106562,-0.0010268645,-0.0,0.0,0.0
37.209,0.0010806207,-0.00035979963,0.00019486602,-0.0,-0.0,-0.0
37.249,0.0035240818,0.00086193084,-0.00041599924,0.0,-0.0,0.0
37.290,-0.0007519751,0.00025106562,0.00019486602,0.0,-0.0,-0.0
37.309,-0.0013628404,0.0033053919,0.0008057312,8.129721e-07,3.35195e-07,-1.981724e-07
37.348,-0.0025845708,0.00025106562,-0.00041599924,-0.0,0.0,0.0
37.390,-0.0007519751,0.00025106562,0.0008057312,0.0,-0.0,-0.0
37.410,-0.0007519751,-0.00035979963,0.0008057312,-0.0,0.0,0.0
37.449,-0.00014110986,0.00025106562,0.00019486602,0.0,-0.0,-0.0
37.490,0.0016914859,0.00025106562,-0.00041599924,0.0,-0.0,0.0
37.509,0.00046975538,-0.00035979963,0.00019486602,-1.5042211e-08,-1.963915e-08,-8.146801e-09
37.550,-0.0019737056,-0.00035979963,-0.00041599924,-0.0,-0.0,0.0
37.588,0.0010806207,0.00086193084,-0.0010268645,0.0,-0.0,0.0
37.610,0.0010806207,0.00025106562,0.00019486602,-0.0,-0.0,0.0
37.649,-0.0013628404,-0.0015815301,0.00019486602,-0.0,0.0,0.0
37.690,-0.0007519751,-0.00035979963,0.00019486602,-0.0,0.0,0.0
37.710,-0.00014110986,-0.0021923955,0.00019486602,-3.245018e-07,2.088602e-08,-2.884259e-08
37.748,-0.00014110986,-0.0015815301,0.00019486602,-0.0,0.0,0.0
37.790,-0.00014110986,-0.00097066484,-0.00041599924,-0.0,-0.0,0.0
37.830,-0.0013628404,0.00025106562,0.0014165966,3.3389053e-08,1.8124317e-07,-1.8839216e-07
37.850,-0.0013628404,-0.00097066484,0.00019486602,-0.0,0.0,0.0
37.890,-0.0013628404,0.00086193084,0.00019486602,0.0,-0.0,-0.0
37.912,-0.0013628404,0.00086193084,0.00019486602,9.3952586e-08,1.4855297e-07,-2.1240885e-08
37.949,-0.0013628404,0.0014727961,-0.00041599924,-0.0,0.0,0.0
37.990,-0.0013628404,0.00086193084,0.00019486602,0.0,-0.0,-0.0
38.030,-0.0007519751,0.00025106562,0.00019486602,1.3754934e-08,4.119787e-08,-1.0675971e-08
38.050,0.00046975538,0.00025106562,-0.00041599924,0.0,-0.0,0.0
38.091,0.0010806207,-0.00097066484,0.00019486602,-0.0,-0.0,-0.0
38.131,-0.0007519751,-0.00035979963,-0.00041599924,-0.0,-0.0,0.0
38.151,-0.0007519751,-0.00035979963,0.0008057312,-0.0,0.0,0.0
38.191,0.00046975538,-0.0021923955,-0.0010268645,-0.0,-0.0,0.0
38.230,0.0016914859,-0.00035979963,0.0008057312,-4.6065782e-08,-2.1656388e-07,-1.03159174e-07
38.251,0.0016914859,-0.00035979963,0.00019486602,-0.0,-0.0,-0.0
38.291,0.002302351,0.00025106562,0.00019486602,-0.0,-0.0,0.0
38.330,-0.0007519751,0.0014727961,0.0014165966,0.0,-0.0,-0.0
38.350,-0.0019737056,0.00086193084,-0.00041599924,-0.0,0.0,0.0
38.394,-0.0025845708,-0.0028032605,-0.00041599924,-0.0,-0.0,0.0
38.430,0.00046975538,-0.00035979963,-0.00041599924,-0.0,-0.0,0.0
38.451,-0.00014110986,0.00025106562,0.00019486602,5.8588703e-09,3.2929415e-09,-4.547396e-09
38.490,0.0010806207,-0.00097066484,-0.0010268645,-0.0,-0.0,0.0
38.530,0.00046975538,-0.0015815301,-0.00041599924,-0.0,-0.0,0.0
38.550,-0.0007519751,-0.00035979963,0.0008057312,-0.0,0.0,0.0
38.589,-0.0013628404,-0.0015815301,-0.00041599924,-0.0,-0.0,0.0
38.629,0.00046975538,-0.00035979963,0.0008057312,-0.0,-0.0,-0.0
38.669,-0.00014110986,0.00025106562,-0.00041599924,-0.0,0.0,0.0
38.690,0.0010806207,0.0014727961,-0.0010268645,0.0,-0.0,0.0
38.729,-0.0007519751,-0.00035979963,-0.00041599924,-0.0,-0.0,0.0
38.768,-0.0007519751,-0.0015815301,-0.00041599924,-1.9103534e-07,9.0832174e-08,5.0249167e-08
38.788,-0.00014110986,-0.00035979963,0.00019486602,-0.0,0.0,0.0
38.828,-0.00014110986,-0.00097066484,0.00019486602,-0.0,0.0,0.0
38.870,-0.00014110986,-0.00097066484,-0.00041599924,-0.0,-0.0,0.0
38.889,-0.00014110986,0.00025106562,0.00019486602,0.0,-0.0,-0.0
38.930,-0.00014110986,-0.00035979963,0.0008057312,-0.0,0.0,0.0
38.970,-0.00014110986,-0.00035979963,0.00019486602,-1.0450967e-08,4.098766e-09,-5.660201e-09
38.992,-0.00014110986,-0.00035979963,0.00019486602,-0.0,0.0,0.0
39.030,-0.0007519751,0.00086193084,0.00019486602,0.0,-0.0,-0.0
39.070,0.00046975538,0.00086193084,-0.00041599924,0.0,-0.0,0.0
39.090,-0.00014110986,-0.00035979963,0.0008057312,-0.0,0.0,0.0
39.131,0.0016914859,0.00025106562,0.00019486602,-0.0,-0.0,0.0
39.170,-0.0007519751,0.00086193084,0.0008057312,8.093076e-08,7.06065e-08,-7.5653915e-08
39.190,-0.00014110986,-0.00035979963,-0.00041599924,-0.0,-0.0,0.0
39.231,-0.00014110986,-0.00035979963,0.00019486602,-0.0,0.0,0.0
39.270,0.00046975538,-0.00097066484,0.00019486602,-0.0,-0.0,-0.0
39.291,-0.00014110986,-0.0015815301,0.00019486602,-0.0,0.0,0.0
39.330,0.00046975538,0.00086193084,0.0008057312,-0.0,-0.0,0.0
39.370,-0.0013628404,0.00086193084,0.00019486602,0.0,-0.0,-0.0
39.389,0.00046975538,0.00025106562,-0.0010268645,1.9490383e-08,-3.6467405e-08,7.971614e-08
39.429,-0.0007519751,-0.00097066484,-0.0010268645,-0.0,-0.0,0.0
39.470,0.0016914859,0.00025106562,-0.00041599924,0.0,-0.0,0.0
39.491,-0.00014110986,-0.0015815301,0.00019486602,-0.0,0.0,0.0
39.531,0.0010806207,0.00086193084,0.00019486602,-0.0,-0.0,0.0
39.570,0.00046975538,-0.00035979963,0.00019486602,-0.0,-0.0,-0.0
39.613,-0.0013628404,-0.0021923955,-0.00041599924,-0.0,-0.0,0.0
39.629,-0.00014110986,0.00025106562,-0.00041599924,-0.0,0.0,0.0
39.668,-0.0007519751,-0.00035979963,0.00019486602,-0.0,0.0,0.0
39.709,-0.0007519751,-0.00035979963,0.00019486602,-2.0671001e-08,4.320204e-08,-1.1195329e-08
39.729,-0.00014110986,0.00086193084,-0.00041599924,-0.0,0.0,0.0
39.769,-0.0013628404,0.00025106562,-0.00041599924,-0.0,0.0,0.0
39.809,0.00046975538,0.00025106562,0.0014165966,-0.0,-0.0,0.0
39.829,0.00046975538,-0.00035979963,0.00019486602,-0.0,-0.0,-0.0
39.868,0.00046975538,0.00025106562,0.00019486602,-0.0,-0.0,0.0
39.911,0.00046975538,-0.0015815301,0.00019486602,-1.7632034e-07,-5.2371703e-08,-2.1725072e-08
39.930,-0.0007519751,-0.0015815301,0.0008057312,-0.0,0.0,0.0
39.970,-0.00014110986,0.00086193084,0.00019486602,0.0,-0.0,-0.0
40.010,-0.0007519751,0.00025106562,0.00019486602,0.0,-0.0,-0.0
40.030,-0.00014110986,-0.00097066484,-0.00041599924,-0.0,-0.0,0.0
40.070,-0.0013628404,-0.00035979963,-0.00041599924,-0.0,-0.0,0.0
40.109,0.00046975538,0.00025106562,0.00019486602,9.556019e-09,-1.7879755e-08,-7.4169595e-09
40.131,0.00046975538,-0.00097066484,-0.0010268645,-0.0,-0.0,0.0
40.170,0.0017024814,0.000951728,0.00020219639,-0.0,-0.0,0.0
40.211,-0.0025735754,0.000951728,0.00020219639,0.0,-0.0,-0.0
40.229,-0.00074097957,0.000951728,-0.00040866886,-0.0,0.0,0.0
40.270,-0.00074097957,-0.00088086765,-0.00040866886,-0.0,-0.0,0.0
40.309,0.00048075095,0.0003408628,0.00081306166,2.2970541e-08,-3.239752e-08,-5.479174e-08
40.330,0.00048075095,-0.001491733,0.00020219639,-0.0,-0.0,-0.0
40.373,0.0010916161,-0.00088086765,0.00020219639,-0.0,-0.0,-0.0
40.409,-0.00074097957,0.0015625934,-0.0010195341,-0.0,0.0,0.0
40.449,-0.00074097957,-0.00027000243,-0.0010195341,-2.3355271e-08,6.409489e-08,8.8189914e-08
40.470,-0.0013518448,-0.00027000243,0.00020219639,-0.0,0.0,0.0
40.510,-0.00074097957,-0.002102598,0.00020219639,-0.0,0.0,0.0
40.551,0.0010916161,0.0003408628,-0.0010195341,0.0,-0.0,0.0
40.570,0.00048075095,-0.00088086765,-0.00040866886,-0.0,-0.0,0.0
40.610,-0.0001301143,0.000951728,-0.00040866886,-0.0,0.0,0.0
40.648,-0.00196271,0.0003408628,0.00020219639,4.5802995e-08,2.6373655e-07,-2.7169879e-08
40.669,-0.00196271,-0.00027000243,0.00020219639,-0.0,0.0,0.0
40.709,0.00048075095,0.0015625934,-0.00040866886,0.0,-0.0,0.0
40.763,-0.00074097957,-0.00027000243,0.00020219639,-0.0,0.0,0.0
40.769,-0.00074097957,0.000951728,-0.00040866886,-0.0,0.0,0.0
40.808,-0.00074097957,0.0003408628,-0.00040866886,-0.0,0.0,0.0
40.849,-0.0013518448,-0.00027000243,0.00020219639,-2.5245871e-08,1.2640072e-07,-1.8905844e-08
40.888,0.00048075095,-0.00027000243,0.00020219639,-0.0,-0.0,-0.0
40.909,0.0017024814,0.0003408628,0.00020219639,-0.0,-0.0,0.0
40.949,-0.0013518448,0.0003408628,-0.00040866886,-0.0,0.0,0.0
40.970,0.0010916161,-0.00027000243,0.00020219639,-0.0,-0.0,-0.0
41.009,-0.0001301143,0.0015625934,-0.0010195341,-0.0,0.0,0.0
41.050,0.0017024814,0.0003408628,-0.0010195341,4.6058073e-08,-2.3004266e-07,1.3776146e-07
41.070,-0.0001301143,-0.00027000243,-0.00040866886,-0.0,-0.0,0.0
41.109,0.00048075095,-0.00027000243,0.00020219639,-0.0,-0.0,-0.0
41.150,0.0017024814,0.000951728,-0.0010195341,0.0,-0.0,0.0
41.189,-0.00074097957,-0.00088086765,0.00020219639,-6.9086624e-08,5.8115173e-08,-1.5858301e-08
41.210,-0.0001301143,0.000951728,-0.00040866886,-0.0,0.0,0.0
41.252,-0.00074097957,0.0003408628,0.00020219639,1.9222028e-08,4.1785523e-08,-1.1402314e-08
41.290,0.00048075095,-0.00027000243,-0.00040866886,-0.0,-0.0,0.0
41.309,-0.0013518448,-0.00027000243,-0.0016303994,-0.0,-0.0,0.0
41.348,0.00048075095,-0.00088086765,-0.00040866886,-0.0,-0.0,0.0
41.390,0.00048075095,0.0015625934,0.00020219639,1.727456e-07,-5.31473e-08,-2.2352923e-08
41.409,-0.0001301143,-0.00027000243,0.00020219639,-0.0,0.0,0.0
41.448,-0.00196271,0.000951728,0.00081306166,0.0,-0.0,-0.0
41.489,0.00048075095,0.0003408628,-0.00040866886,0.0,-0.0,0.0
41.510,-0.0001301143,-0.00027000243,0.00020219639,-0.0,0.0,0.0
41.550,0.00048075095,0.000951728,0.00081306166,-0.0,-0.0,0.0
41.589,0.0010916161,0.0003408628,0.00020219639,2.6565417e-08,-8.5075975e-08,-1.5758335e-08
41.609,0.0010916161,0.0003408628,-0.0010195341,0.0,-0.0,0.0
41.649,-0.0025735754,-0.00088086765,0.00081306166,-0.0,0.0,0.0
41.674,-0.00196271,-0.00088086765,0.00020219639,-1.2773337e-07,2.846098e-07,-2.9320194e-08
41.708,0.0017024814,0.0003408628,0.00020219639,-0.0,-0.0,0.0
41.748,-0.0013518448,-0.001491733,0.00020219639,-0.0,0.0,0.0
41.788,-0.00074097957,-0.00027000243,-0.00040866886,-1.6094432e-08,4.4168658e-08,2.4360126e-08
41.808,-0.0001301143,0.0003408628,-0.00040866886,-0.0,0.0,0.0
41.848,-0.0013518448,-0.001491733,0.00081306166,-0.0,0.0,0.0
41.889,0.0010916161,0.0003408628,0.00020219639,-0.0,-0.0,0.0
41.929,-0.00074097957,0.0003408628,-0.00040866886,2.0868248e-08,4.536413e-08,2.5019457e-08
41.949,-0.0013518448,-0.001491733,-0.00040866886,-0.0,-0.0,0.0
41.990,0.0010916161,0.0003408628,-0.0010195341,3.5046163e-08,-1.1223561e-07,1.0482443e-07
42.010,0.00048075095,-0.00027000243,-0.00040866886,-0.0,-0.0,0.0
42.050,0.00048075095,-0.00027000243,-0.00040866886,-0.0,-0.0,0.0
42.092,-0.0001301143,0.0003408628,-0.00040866886,-0.0,0.0,0.0
42.129,-0.0001301143,-0.00088086765,-0.00040866886,-5.791569e-08,8.554814e-09,2.6869346e-08
42.150,0.0017024814,-0.00027000243,0.00081306166,-0.0,-0.0,-0.0
42.191,-0.00074097957,0.0003408628,-0.0010195341,2.986633e-08,6.4924485e-08,8.933138e-08
42.230,-0.0013518448,0.000951728,-0.00040866886,-0.0,0.0,0.0
42.250,-0.0013518448,-0.00088086765,-0.00040866886,-0.0,-0.0,0.0
42.290,0.00048075095,0.0003408628,-0.00040866886,0.0,-0.0,0.0
42.328,-0.0001301143,-0.00027000243,-0.00040866886,-9.182903e-09,4.4252455e-09,1.389901e-08
42.349,0.0010916161,0.0003408628,0.00020219639,-0.0,-0.0,0.0
42.389,0.0010916161,0.0003408628,0.00020219639,-0.0,-0.0,0.0
42.429,-0.0013518448,0.0015625934,0.00020219639,0.0,-0.0,-0.0
42.449,-0.0013518448,0.000951728,0.00020219639,0.0,-0.0,-0.0
42.488,-0.00074097957,-0.00027000243,0.00081306166,-0.0,0.0,0.0
42.529,0.00048075095,-0.00088086765,-0.00040866886,-6.4052436e-08,-3.4957885e-08,2.9716421e-08
42.548,0.00048075095,-0.00027000243,0.00020219639,-0.0,-0.0,-0.0
42.589,0.002924212,-0.00027000243,-0.0016303994,-0.0,-0.0,0.0
42.627,0.00048075095,-0.00027000243,0.00020219639,-0.0,-0.0,-0.0
42.649,-0.0013518448,-0.002102598,-0.0010195341,-0.0,-0.0,0.0
42.692,-0.00074097957,-0.001491733,-0.0010195341,-0.0,-0.0,0.0
42.728,-0.00074097957,0.000951728,0.00020219639,7.811202e-08,6.0815076e-08,-1.6595047e-08
42.769,0.00048075095,0.000951728,-0.0010195341,0.0,-0.0,0.0
42.787,-0.0013518448,-0.001491733,-0.00040866886,-0.0,-0.0,0.0
42.828,0.00048075095,-0.00088086765,-0.0016303994,-0.0,-0.0,0.0
42.868,0.0010916161,0.000951728,-0.00040866886,9.611064e-08,-1.10237295e-07,4.1269594e-08
42.890,0.0010916161,0.0003408628,0.00020219639,-0.0,-0.0,0.0
42.927,0.00048075095,-0.00027000243,-0.00040866886,-1.2435785e-08,-2.2142451e-08,1.882249e-08
42.967,-0.0001301143,-0.001491733,-0.00040866886,-0.0,-0.0,0.0
42.987,-0.00074097957,0.000951728,-0.00040866886,-0.0,0.0,0.0
43.028,-0.00074097957,-0.001491733,0.00081306166,-0.0,0.0,0.0
43.068,0.00048075095,-0.00027000243,0.00020219639,-1.0641382e-08,-1.894744e-08,-7.968999e-09
43.088,0.0010916161,-0.00027000243,-0.0010195341,-0.0,-0.0,0.0
43.130,-0.0013518448,-0.00088086765,-0.00040866886,-9.8392846e-08,1.5100095e-07,4.5648285e-08
43.170,-0.0013518448,-0.00027000243,0.00081306166,-0.0,0.0,0.0
43.190,-0.0001301143,-0.00088086765,0.00020219639,-0.0,0.0,0.0
43.230,0.0010916161,-0.00027000243,-0.00040866886,-0.0,-0.0,0.0
43.269,-0.00074097957,0.0003408628,0.00020219639,1.9222028e-08,4.1785523e-08,-1.1402314e-08
43.290,-0.00074097957,0.000951728,-0.0010195341,-0.0,0.0,0.0
43.329,0.0010916161,-0.00027000243,-0.0010195341,-0.0,-0.0,0.0
43.370,-0.0001301143,-0.00088086765,0.00081306166,-0.0,0.0,0.0
43.389,0.00048075095,-0.00088086765,0.00020219639,-0.0,-0.0,-0.0
43.429,0.0017024814,-0.00027000243,-0.00040866886,-0.0,-0.0,0.0
43.470,-0.00074097957,0.000951728,-0.00040866886,8.133878e-08,6.332731e-08,3.49266e-08
43.496,-0.00074097957,0.0003408628,0.00020219639,0.0,-0.0,-0.0
43.531,-0.0013518448,-0.00088086765,-0.00040866886,-0.0,-0.0,0.0
43.569,-0.0001301143,-0.00027000243,-0.00040866886,-0.0,-0.0,0.0
43.589,0.00048075095,0.0015625934,0.00020219639,-0.0,-0.0,0.0
43.628,-0.0013518448,-0.00027000243,0.00020219639,-0.0,0.0,0.0
43.668,0.0010916161,0.0003408628,-0.0010195341,3.5046163e-08,-1.1223561e-07,1.0482443e-07
43.708,-0.00196271,0.0003408628,0.00020219639,0.0,-0.0,-0.0
43.729,-0.00074097957,-0.00088086765,-0.00040866886,-0.0,-0.0,0.0
43.768,-0.0001301143,0.0003408628,0.00081306166,0.0,-0.0,-0.0
43.808,0.00048075095,0.0015625934,0.00081306166,1.914703e-07,-5.8908192e-08,-9.962743e-08
43.827,-0.0001301143,0.0015625934,-0.00040866886,-0.0,0.0,0.0
43.867,0.0010916161,-0.00027000243,-0.00040866886,-2.1679481e-08,-8.7649845e-08,3.2813517e-08
43.908,-0.00074097957,-0.00088086765,0.00081306166,-0.0,0.0,0.0
43.928,0.0010916161,0.0015625934,0.00081306166,-0.0,-0.0,0.0
43.969,-0.00074097957,0.0003408628,-0.00040866886,-0.0,0.0,0.0
44.010,0.0010916161,0.000951728,-0.00040866886,9.611064e-08,-1.10237295e-07,4.1269594e-08
44.029,0.00048075095,-0.00088086765,0.00020219639,-0.0,-0.0,-0.0
44.069,-0.0001301143,-0.00027000243,0.00020219639,-6.5510255e-09,3.1569425e-09,-4.9058584e-09
44.109,-0.00074097957,-0.00027000243,-0.0010195341,-0.0,-0.0,0.0
44.130,-0.0013518448,-0.00027000243,-0.00040866886,-0.0,-0.0,0.0
44.169,-0.00074097957,-0.00027000243,0.00020219639,-0.0,0.0,0.0
44.210,-0.0001301143,-0.00088086765,0.00081306166,-7.127904e-08,1.0528739e-08,-6.5792236e-08
44.229,0.00049968774,-0.00021746803,0.0002602286,-0.0,-0.0,-0.0
44.270,0.001110553,0.0010042625,0.0002602286,1.0242231e-07,-1.1326263e-07,-2.6540084e-08
44.309,-0.000111177476,0.0003933972,0.0014819591,0.0,-0.0,-0.0
44.330,-0.00072204275,0.0016151277,0.0002602286,0.0,-0.0,-0.0
44.368,-0.000111177476,-0.00082833326,-0.00035063666,-0.0,-0.0,0.0
44.409,0.00049968774,-0.00021746803,-0.00035063666,-9.457183e-09,-2.1730267e-08,1.524838e-08
44.429,-0.000111177476,0.0003933972,0.0008710939,0.0,-0.0,-0.0
44.470,0.0017214182,-0.00021746803,-0.00035063666,-0.0,-0.0,0.0
44.508,-0.0013329079,0.002225993,-0.00035063666,-0.0,0.0,0.0
44.549,-0.000111177476,-0.00021746803,-0.00035063666,-6.2362617e-09,3.1882013e-09,1.0055096e-08
44.569,0.00049968774,-0.00021746803,0.0008710939,-0.0,-0.0,-0.0
44.608,-0.000111177476,0.0003933972,0.0008710939,2.540384e-08,7.179346e-09,-5.6251366e-08
44.649,-0.000111177476,-0.00082833326,0.0002602286,-0.0,0.0,0.0
44.668,0.001110553,0.0003933972,0.0008710939,-0.0,-0.0,0.0
44.708,0.00049968774,0.0003933972,0.0014819591,-0.0,-0.0,0.0
44.748,0.00049968774,0.0003933972,0.0002602286,1.8140927e-08,-2.3042357e-08,-1.2000055e-08
44.767,-0.000111177476,0.0003933972,0.0014819591,0.0,-0.0,-0.0
44.810,0.00049968774,-0.00021746803,0.0008710939,-1.4995571e-08,-3.445611e-08,-6.0066526e-08
44.848,-0.00072204275,0.0016151277,-0.00035063666,-0.0,0.0,0.0
44.867,-0.0019437731,-0.0014391985,-0.00035063666,-0.0,-0.0,0.0
44.909,-0.0019437731,0.0003933972,-0.00035063666,-0.0,0.0,0.0
44.947,0.001110553,-0.00021746803,-0.00035063666,-1.7289869e-08,-8.829491e-08,2.787749e-08
44.970,0.0017214182,0.0003933972,0.0002602286,-0.0,-0.0,0.0
45.009,0.0017214182,0.0003933972,0.0008710939,5.1981687e-08,-2.274603e-07,-1.1510234e-07
45.050,-0.000111177476,0.0010042625,0.0002602286,0.0,-0.0,-0.0
45.069,0.00049968774,-0.00021746803,-0.00035063666,-0.0,-0.0,0.0
45.110,0.00049968774,0.0003933972,0.0002602286,-0.0,-0.0,0.0
45.150,-0.000111177476,-0.00021746803,-0.00035063666,-6.2362617e-09,3.1882013e-09,1.0055096e-08
45.169,-0.000111177476,0.0003933972,-0.00035063666,-0.0,0.0,0.0
45.209,-0.00072204275,0.0003933972,0.0002602286,2.276915e-08,4.1790585e-08,-1.5061582e-08
45.249,0.00049968774,0.0003933972,0.0002602286,-0.0,-0.0,0.0
45.270,0.00049968774,-0.00021746803,0.0002602286,-0.0,-0.0,-0.0
45.309,0.001110553,0.0003933972,0.0008710939,-0.0,-0.0,0.0
45.348,-0.00072204275,0.0003933972,-0.0009615019,3.3400394e-08,6.130321e-08,8.163389e-08
45.389,-0.00072204275,-0.0014391985,0.0014819591,-0.0,0.0,0.0
45.410,0.00049968774,-0.00082833326,-0.00035063666,-0.0,-0.0,0.0
45.449,-0.00072204275,-0.00082833326,0.0002602286,-0.0,0.0,0.0
45.489,0.001110553,0.0010042625,-0.00035063666,1.0363965e-07,-1.1460881e-07,3.6185625e-08
45.508,0.0017214182,0.002225993,0.0002602286,-0.0,-0.0,0.0
45.549,-0.0013329079,0.002225993,0.0002602286,3.8952848e-07,2.3324672e-07,-4.5537682e-08
45.589,-0.0013329079,0.0010042625,0.0002602286,0.0,-0.0,-0.0
45.609,-0.0013329079,0.0010042625,0.0002602286,0.0,-0.0,-0.0
45.648,-0.00072204275,-0.00021746803,0.0002602286,-0.0,0.0,0.0
45.677,-0.0019437731,0.0003933972,0.0002602286,0.0,-0.0,-0.0
45.710,0.00049968774,0.0010042625,-0.0009615019,0.0,-0.0,0.0
45.749,0.00049968774,-0.00021746803,-0.00035063666,-9.457183e-09,-2.1730267e-08,1.524838e-08
45.788,-0.0025546383,-0.00082833326,-0.00035063666,-0.0,-0.0,0.0
45.808,-0.00072204275,0.0003933972,0.0002602286,0.0,-0.0,-0.0
45.848,-0.000111177476,-0.00021746803,0.0002602286,-0.0,0.0,0.0
45.889,-0.0013329079,0.0003933972,0.0008710939,4.3301633e-08,1.4671451e-07,-9.588218e-08
45.909,0.001110553,0.0010042625,0.0002602286,-0.0,-0.0,0.0
45.948,-0.0019437731,-0.00021746803,0.0008710939,-3.1247403e-08,2.7929576e-07,-1.2516524e-07
45.990,-0.0013329079,-0.0014391985,0.0002602286,-0.0,0.0,0.0
46.010,-0.000111177476,0.0003933972,0.0002602286,0.0,-0.0,-0.0
46.050,0.0017214182,-0.00021746803,0.0002602286,-0.0,-0.0,-0.0
46.091,-0.000111177476,-0.00021746803,0.0014819591,-2.1919513e-08,1.1206046e-08,-1.4937287e-07
46.111,-0.00072204275,-0.00021746803,-0.0009615019,-0.0,-0.0,0.0
46.149,-0.00072204275,0.0003933972,0.0002602286,2.276915e-08,4.1790585e-08,-1.5061582e-08
46.190,0.00049968774,-0.00021746803,-0.00035063666,-0.0,-0.0,0.0
46.211,-0.000111177476,0.0003933972,-0.00035063666,-0.0,0.0,0.0
46.250,0.00049968774,-0.00021746803,-0.00035063666,-0.0,-0.0,0.0
46.290,-0.000111177476,-0.00021746803,0.0002602286,-5.208489e-09,2.662767e-09,-6.2326304e-09
46.312,0.0023322834,0.0003933972,-0.00035063666,0.0,-0.0,0.0
46.350,0.00049968774,0.0010042625,-0.00035063666,7.920485e-08,-3.940971e-08,2.765425e-08
46.390,-0.000111177476,-0.00021746803,0.0002602286,-0.0,0.0,0.0
46.430,0.00049968774,0.0010042625,0.0002602286,7.760517e-08,-3.8613763e-08,-2.0109368e-08
46.450,-0.000111177476,-0.00021746803,0.0002602286,-0.0,0.0,0.0
46.490,0.00049968774,-0.00082833326,0.0002602286,-5.5686883e-08,-3.3592823e-08,-1.7494555e-08
46.531,0.001110553,0.0003933972,-0.00035063666,0.0,-0.0,0.0
46.550,-0.000111177476,-0.00021746803,0.0002602286,-0.0,0.0,0.0
46.589,-0.0013329079,0.0010042625,0.0002602286,0.0,-0.0,-0.0
46.614,-0.0013329079,0.0003933972,-0.0009615019,-0.0,0.0,0.0
46.651,0.00049968774,0.0003933972,0.0002602286,-0.0,-0.0,0.0
46.691,0.001110553,0.0003933972,0.0002602286,3.1853947e-08,-8.9923105e-08,-2.107109e-08
46.731,0.001110553,-0.00021746803,0.0002602286,-0.0,-0.0,-0.0
46.750,0.0023322834,-0.00021746803,0.0002602286,-0.0,-0.0,-0.0
46.791,-0.000111177476,0.0003933972,0.0002602286,0.0,-0.0,-0.0
46.829,0.00049968774,0.0010042625,0.0002602286,7.760517e-08,-3.8613763e-08,-2.0109368e-08
46.850,-0.00072204275,0.0003933972,0.0002602286,0.0,-0.0,-0.0
46.890,0.001110553,0.0003933972,0.0002602286,3.1853947e-08,-8.9923105e-08,-2.107109e-08
46.932,-0.0013329079,0.0003933972,-0.0015723672,-0.0,0.0,0.0
46.951,-0.000111177476,-0.00021746803,0.0008710939,-0.0,0.0,0.0
46.992,-0.00072204275,0.0010042625,-0.0009615019,-0.0,0.0,0.0
47.032,0.001110553,0.0010042625,-0.00035063666,1.0363965e-07,-1.1460881e-07,3.6185625e-08
47.051,-0.000111177476,-0.00021746803,-0.00035063666,-0.0,-0.0,0.0
47.092,0.001110553,-0.00021746803,-0.00035063666,-1.7289869e-08,-8.829491e-08,2.787749e-08
47.131,-0.000111177476,0.0003933972,-0.00035063666,-0.0,0.0,0.0
47.152,0.0017214182,0.0010042625,-0.00035063666,0.0,-0.0,0.0
47.192,0.00049968774,0.0010042625,-0.00035063666,0.0,-0.0,0.0
47.230,-0.000111177476,0.0016151277,-0.00035063666,1.7954544e-07,1.2359032e-08,3.8978474e-08
47.271,-0.0013329079,-0.00082833326,0.0002602286,-0.0,0.0,0.0
47.291,0.00049968774,0.0010042625,-0.00035063666,7.920485e-08,-3.940971e-08,2.765425e-08
47.331,-0.00072204275,0.0010042625,0.0002602286,0.0,-0.0,-0.0
47.353,0.001110553,-0.00021746803,-0.00035063666,-0.0,-0.0,0.0
47.390,0.0017214182,0.0010042625,0.0002602286,-0.0,-0.0,0.0
47.430,-0.0013329079,0.0003933972,0.0008710939,4.3301633e-08,1.4671451e-07,-9.588218e-08
47.472,-0.000111177476,-0.00082833326,-0.00035063666,-0.0,-0.0,0.0
47.490,-0.00072204275,0.0010042625,-0.00035063666,8.664466e-08,6.229562e-08,3.0251844e-08
47.532,-0.00072204275,0.0010042625,-0.00035063666,-0.0,0.0,0.0
47.572,0.0029431488,0.0003933972,0.0008710939,8.169508e-08,-6.1119124e-07,-1.8089635e-07
47.594,0.0017214182,0.0003933972,-0.0009615019,0.0,-0.0,0.0
47.629,-0.00072204275,0.0016151277,0.0008710939,2.1374396e-07,9.555421e-08,-1.1527948e-07
47.670,-0.0019437731,-0.0014391985,-0.00035063666,-0.0,-0.0,0.0
47.692,-0.00072204275,-0.0020500638,-0.00035063666,-0.0,-0.0,0.0
47.733,-0.000111177476,-0.00021746803,0.0008710939,-0.0,0.0,0.0
47.770,0.00049968774,0.0003933972,-0.00035063666,1.9172521e-08,-2.4352675e-08,1.7088553e-08
47.789,-0.00072204275,-0.00082833326,0.0008710939,-0.0,0.0,0.0
47.829,0.0023322834,-0.0014391985,-0.00035063666,-2.6685203e-07,-4.3244526e-07,6.501398e-08
47.869,-0.0013329079,-0.00082833326,0.0002602286,-0.0,0.0,0.0
47.891,-0.000111177476,-0.00082833326,-0.00035063666,-0.0,-0.0,0.0
47.931,0.00049968774,-0.00082833326,-0.0009615019,-0.0,-0.0,0.0
47.969,0.001110553,0.0010042625,0.0002602286,1.0242231e-07,-1.1326263e-07,-2.6540084e-08
48.010,-0.000111177476,0.0003933972,-0.0009615019,-0.0,0.0,0.0
48.032,-0.000111177476,-0.00021746803,-0.0009615019,-1.4477827e-08,7.4015856e-09,6.4011516e-08
48.070,-0.00072204275,-0.00021746803,-0.00035063666,-0.0,-0.0,0.0
48.111,0.001110553,-0.0014391985,-0.00035063666,-1.788107e-07,-1.3797872e-07,4.3564228e-08
48.130,0.0023322834,0.0010042625,0.0002602286,-0.0,-0.0,0.0
48.171,-0.000111177476,0.0003933972,0.0014819591,4.058568e-08,1.1469864e-08,-1.5288954e-07
48.211,-0.000111177476,0.0003933972,0.0002602286,0.0,-0.0,-0.0
48.230,-0.00072204275,-0.00082833326,0.0008710939,-7.7948606e-08,6.794636e-08,-8.197251e-08
48.271,0.001110553,0.0003933972,0.0002602286,-0.0,-0.0,0.0
48.310,0.0004801401,0.00030604348,-0.00037873647,1.40448835e-08,-2.2034488e-08,1.7380895e-08
48.330,0.0004801401,-0.00030482176,-0.00037873647,-0.0,-0.0,0.0
48.371,-0.00013072517,0.0009169087,-0.00037873647,6.157121e-08,8.778308e-09,2.543248e-08
48.410,0.0010910053,0.0009169087,0.0002321288,-0.0,-0.0,0.0
48.431,0.0017018706,0.0009169087,-0.00037873647,1.2121359e-07,-2.2498405e-07,5.0068255e-08
48.471,-0.00013072517,-0.00030482176,0.0002321288,-0.0,0.0,0.0
48.510,-0.0013524556,0.001527774,0.0002321288,2.1054582e-07,1.8638481e-07,-3.199019e-08
48.531,-0.0007415904,0.00030604348,-0.00037873647,-0.0,0.0,0.0
48.570,0.0004801401,-0.00030482176,-0.002211332,-4.670764e-08,-7.3571584e-08,3.388411e-07
48.609,0.0010910053,0.00030604348,0.0002321288,-0.0,-0.0,0.0
48.631,0.0004801401,-0.000915687,-0.00037873647,-0.0,-0.0,0.0
48.669,0.0004801401,0.0009169087,0.0002321288,-0.0,-0.0,0.0
48.714,-0.002574186,0.00030604348,0.000842994,5.5985968e-08,4.7090762e-07,-1.5421277e-07
48.730,-0.0007415904,0.001527774,0.0002321288,0.0,-0.0,-0.0
48.769,-0.0007415904,-0.00030482176,-0.00037873647,-1.8139438e-08,4.4130815e-08,2.253798e-08
48.809,-0.00013072517,0.00030604348,-0.00037873647,-0.0,0.0,0.0
48.849,0.0004801401,-0.0015265523,0.0002321288,-1.6565674e-07,-5.2103317e-08,-2.5189905e-08
48.870,0.0010910053,0.00030604348,0.0002321288,-0.0,-0.0,0.0
48.910,0.0010910053,0.00030604348,0.0002321288,2.3755542e-08,-8.468542e-08,-1.8018175e-08
48.951,0.0004801401,0.0009169087,0.0002321288,-0.0,-0.0,0.0
48.971,-0.00013072517,0.0009169087,0.000842994,7.706217e-08,1.0986876e-08,-7.0849964e-08
49.011,-0.0007415904,0.0009169087,0.0002321288,0.0,-0.0,-0.0
49.051,-0.0013524556,0.00030604348,0.0002321288,2.887563e-08,1.2760607e-07,-2.1901679e-08
49.071,0.0010910053,0.0009169087,-0.0009896017,0.0,-0.0,0.0
49.111,-0.001963321,-0.00030482176,0.000842994,-4.4150337e-08,2.843672e-07,-1.2209917e-07
49.152,0.0004801401,-0.000915687,-0.00037873647,-0.0,-0.0,0.0
49.171,-0.00013072517,-0.00030482176,-0.0009896017,-2.1350253e-08,9.15622e-09,6.9313444e-08
49.211,0.0004801401,0.0009169087,-0.00037873647,0.0,-0.0,0.0
49.250,-0.00013072517,0.00030604348,-0.00037873647,1.0354873e-08,4.4230397e-09,1.2814414e-08
49.272,0.0004801401,-0.00030482176,-0.0009896017,-0.0,-0.0,0.0
49.311,-0.0007415904,0.00030604348,0.0002321288,1.7152837e-08,4.156396e-08,-1.3010138e-08
49.351,-0.0013524556,-0.00030482176,0.0002321288,-0.0,0.0,0.0
49.370,-0.0007415904,-0.000915687,-0.00037873647,-7.605703e-08,6.159655e-08,3.145788e-08
49.411,0.0004801401,0.00030604348,-0.00037873647,0.0,-0.0,0.0
49.451,-0.00013072517,0.00030604348,-0.00037873647,1.0354873e-08,4.4230397e-09,1.2814414e-08
49.472,0.0004801401,0.0009169087,0.0002321288,-0.0,-0.0,0.0
49.512,-0.0007415904,-0.00030482176,0.0002321288,-1.7075221e-08,4.1541718e-08,-1.30031745e-08
49.552,-0.0007415904,-0.0015265523,0.000842994,-0.0,0.0,0.0
49.571,-0.0007415904,-0.000915687,0.0002321288,-0.0,0.0,0.0
49.611,-0.00013072517,0.001527774,-0.00037873647,-0.0,0.0,0.0
49.649,0.0017018706,0.0027495045,0.0002321288,5.981858e-07,-3.7026123e-07,-5.0502138e-08
49.691,-0.002574186,0.001527774,0.000842994,0.0,-0.0,-0.0
49.710,-0.001963321,0.001527774,-0.00037873647,2.5799724e-07,3.3154862e-07,6.395769e-08
49.750,-0.0013524556,0.001527774,-0.00037873647,-0.0,0.0,0.0
49.789,-0.00013072517,-0.00030482176,0.0002321288,-8.281346e-09,3.5515193e-09,-6.3064363e-09
49.810,0.0004801401,0.001527774,-0.00037873647,0.0,-0.0,0.0
49.849,0.0004801401,0.00030604348,-0.00037873647,1.40448835e-08,-2.2034488e-08,1.7380895e-08
49.889,0.0004801401,-0.00030482176,0.0002321288,-0.0,-0.0,-0.0
49.910,-0.0007415904,0.00030604348,0.0002321288,1.7152837e-08,4.156396e-08,-1.3010138e-08
49.949,-0.001963321,0.00030604348,-0.0009896017,-0.0,0.0,0.0
49.990,0.0010910053,-0.00030482176,-0.00037873647,-2.4433437e-08,-8.7451134e-08,3.035818e-08
50.010,-0.00013072517,-0.00030482176,0.000842994,-0.0,0.0,0.0
50.052,-0.0007415904,0.00030604348,-0.0009896017,2.6164528e-08,6.3400684e-08,8.4603876e-08
50.092,-0.00013072517,0.00030604348,0.000842994,0.0,-0.0,-0.0
50.111,-0.0007415904,-0.000915687,0.000842994,-8.903098e-08,7.2103816e-08,-8.1963144e-08
50.151,0.0010910053,-0.000915687,0.0002321288,-0.0,-0.0,-0.0
50.190,0.0010910053,0.001527774,-0.0009896017,2.1758235e-07,-1.5537864e-07,1.4093699e-07
50.215,-0.00013072517,-0.00030482176,0.0002321288,-0.0,0.0,0.0
50.251,-0.0013524556,-0.000915687,0.0002321288,-1.0137511e-07,1.4972947e-07,-2.5698819e-08
50.291,0.0004801401,-0.00030482176,-0.00037873647,-0.0,-0.0,0.0
50.311,0.0004801401,0.00030604348,-0.00037873647,1.40448835e-08,-2.2034488e-08,1.7380895e-08
50.351,0.0004801401,-0.00030482176,-0.00037873647,-0.0,-0.0,0.0
50.391,-0.00013072517,-0.00030482176,-0.00037873647,-1.0298386e-08,4.4165427e-09,1.2795591e-08
50.411,0.0017018706,-0.000915687,0.000842994,-0.0,-0.0,-0.0
50.452,0.0004801401,-0.00030482176,-0.00037873647,-1.3977648e-08,-2.2016897e-08,1.7367018e-08
50.491,-0.00013072517,-0.000915687,0.000842994,-0.0,0.0,0.0
50.511,-0.0013524556,0.0009169087,0.0002321288,1.01552104e-07,1.4979103e-07,-2.5709403e-08
50.550,-0.0007415904,-0.00030482176,-0.00037873647,-0.0,-0.0,0.0
50.589,0.0010910053,0.00030604348,0.000842994,2.900616e-08,-1.034032e-07,-7.989721e-08
50.630,0.0004801401,-0.00030482176,-0.00037873647,-0.0,-0.0,0.0
50.649,0.002312736,-0.00030482176,0.0002321288,-4.795472e-08,-3.638408e-07,-3.6518628e-08
50.691,-0.0007415904,0.00030604348,0.0002321288,0.0,-0.0,-0.0
50.729,-0.0013524556,0.001527774,-0.00037873647,2.1276975e-07,1.8835352e-07,5.2745776e-08
50.750,-0.0007415904,0.0009169087,0.0002321288,0.0,-0.0,-0.0
50.789,0.0004801401,-0.00030482176,-0.00037873647,-1.3977648e-08,-2.2016897e-08,1.7367018e-08
50.829,-0.0007415904,-0.00030482176,0.0002321288,-0.0,0.0,0.0
50.849,0.0004801401,0.00030604348,0.0002321288,1.2628605e-08,-1.9812543e-08,-9.578583e-09
50.890,0.0017018706,0.00030604348,0.0002321288,-0.0,-0.0,0.0
50.931,0.0004801401,0.00030604348,0.0002321288,1.2628605e-08,-1.9812543e-08,-9.578583e-09
50.950,-0.0013524556,-0.00030482176,0.0002321288,-0.0,0.0,0.0
50.991,0.0004801401,-0.00030482176,0.0002321288,-1.25657715e-08,-1.979298e-08,-9.569125e-09
51.029,-0.0007415904,0.00030604348,0.000842994,0.0,-0.0,-0.0
51.051,-0.0013524556,-0.000915687,0.0002321288,-1.0137511e-07,1.4972947e-07,-2.5698819e-08
51.090,-0.00013072517,0.00030604348,-0.0009896017,-0.0,0.0,0.0
51.131,-0.00013072517,-0.00030482176,0.0002321288,-8.281346e-09,3.5515193e-09,-6.3064363e-09
51.152,-0.00013072517,-0.00030482176,0.000842994,-0.0,0.0,0.0
51.190,0.0004801401,-0.000915687,0.000842994,-8.1977554e-08,-4.2984894e-08,-7.5469664e-08
51.231,-0.00013072517,0.001527774,0.0002321288,0.0,-0.0,-0.0
51.250,-0.0007415904,-0.000915687,-0.00037873647,-7.605703e-08,6.159655e-08,3.145788e-08
51.292,-0.0013524556,-0.000915687,0.0002321288,-0.0,0.0,0.0
51.331,-0.00013072517,-0.00030482176,0.0002321288,-8.281346e-09,3.5515193e-09,-6.3064363e-09
51.370,-0.00013072517,-0.00030482176,0.000842994,-0.0,0.0,0.0
51.390,-0.00013072517,0.00030604348,-0.00037873647,1.0354873e-08,4.4230397e-09,1.2814414e-08
51.431,-0.00013072517,0.0009169087,-0.0009896017,-0.0,0.0,0.0
51.472,-0.0007415904,0.0009169087,0.0002321288,0.0,-0.0,-0.0
51.491,-0.00013072517,-0.000915687,0.0002321288,-0.0,0.0,0.0
51.531,0.0010910053,0.0009169087,0.000842994,1.0188546e-07,-1.212308e-07,-9.367217e-08
51.570,-0.00013072517,0.0009169087,0.0002321288,0.0,-0.0,-0.0
51.590,-0.0013524556,-0.00030482176,0.0002321288,-2.8754927e-08,1.2758198e-07,-2.189754e-08
51.628,0.0004801401,-0.00030482176,0.0002321288,-0.0,-0.0,-0.0
51.668,-0.00013072517,-0.00030482176,0.0002321288,-8.281346e-09,3.5515193e-09,-6.3064363e-09
51.690,-0.00013072517,0.00030604348,0.0014538594,0.0,-0.0,-0.0
51.730,0.0017018706,0.001527774,0.0002321288,2.3568633e-07,-2.625438e-07,-3.5809965e-08
51.779,-0.0007415904,0.002138639,0.0002321288,0.0,-0.0,-0.0
51.789,-0.0013524556,0.002138639,0.0002321288,3.6469174e-07,2.3062768e-07,-3.9583842e-08
51.829,-0.0007415904,0.00030604348,-0.00037873647,-0.0,0.0,0.0
51.869,-0.00013072517,-0.00030482176,0.000842994,-1.853119e-08,7.947245e-09,-5.124858e-08
51.889,0.0017018706,0.001527774,0.000842994,-0.0,-0.0,0.0
51.929,0.0010910053,0.00030604348,0.000842994,2.900616e-08,-1.034032e-07,-7.989721e-08
51.971,0.0004801401,-0.000915687,0.0002321288,-0.0,-0.0,-0.0
51.989,-0.00013072517,-0.000915687,0.0002321288,-5.860271e-08,8.366231e-09,-1.48559245e-08
52.030,-0.0007415904,-0.0015265523,0.0002321288,-0.0,0.0,0.0
52.071,0.0010910053,0.001527774,-0.0009896017,2.1758235e-07,-1.5537864e-07,1.4093699e-07
52.091,-0.00013072517,0.0009169087,0.0002321288,0.0,-0.0,-0.0
52.131,-0.00013072517,0.001527774,0.0002321288,1.5900198e-07,1.3605126e-08,-2.415864e-08
52.170,-0.0013524556,-0.00030482176,0.000842994,-0.0,0.0,0.0
52.210,0.0010910053,-0.0015265523,0.000842994,-0.0,-0.0,-0.0
52.232,0.0004801401,-0.000915687,-0.0009896017,-0.0,-0.0,0.0
52.271,0.0010910053,0.00030604348,0.0002321288,2.3755542e-08,-8.468542e-08,-1.8018175e-08
52.311,0.0010910053,-0.000915687,-0.00037873647,-0.0,-0.0,0.0
52.330,-0.00013072517,0.00030604348,-0.0009896017,2.1443164e-08,9.159357e-09,6.9337176e-08
52.371,0.0004801401,-0.00030482176,0.0002321288,-0.0,-0.0,-0.0
52.392,-0.00071104715,-0.00034147367,0.00019364429,-1.8612607e-08,3.875684e-08,-1.05549125e-08
52.430,0.00051068334,-0.00034147367,-0.00041722096,-0.0,-0.0,0.0
52.471,-0.0001001819,-0.0009523389,-0.00041722096,-6.6756805e-08,7.0225235e-09,2.9246246e-08
52.511,-0.0001001819,0.00026939157,-0.0010280862,-0.0,0.0,0.0
52.531,0.0011215486,-0.00034147367,0.0008045095,-3.2583422e-08,-1.0701817e-07,-7.67663e-08
52.570,0.0017324139,0.0014911221,-0.0016389515,0.0,-0.0,0.0
52.609,0.0017324139,-0.00034147367,0.00019364429,-4.0706297e-08,-2.065171e-07,-2.3083896e-08
52.646,-0.002543643,-0.00034147367,-0.00041722096,-0.0,-0.0,0.0
52.668,-0.0013219124,-0.0009523389,0.00019364429,-1.0485783e-07,1.4554993e-07,-2.132131e-08
52.713,0.00051068334,-0.0009523389,-0.00041722096,-0.0,-0.0,0.0
52.729,0.0017324139,0.00026939157,-0.00041722096,3.2581077e-08,-2.0952366e-07,5.0460034e-08
52.768,0.002343279,-0.00034147367,0.0008045095,-0.0,-0.0,-0.0
52.808,0.0011215486,0.00026939157,-0.00041722096,2.2174936e-08,-9.232013e-08,3.434349e-08
52.849,-0.002543643,0.0014911221,0.00019364429,0.0,-0.0,-0.0
52.868,-0.0013219124,0.00026939157,-0.00041722096,2.5529191e-08,1.252725e-07,3.953841e-08
52.912,0.0011215486,-0.00034147367,0.00019364429,-0.0,-0.0,-0.0
52.931,-0.0001001819,-0.00034147367,-0.00041722096,-1.2566488e-08,3.6867693e-09,1.5354045e-08
52.970,-0.00071104715,-0.00034147367,-0.00041722096,-0.0,-0.0,0.0
53.010,0.00051068334,-0.0015632042,0.00019364429,-1.7370871e-07,-5.6748913e-08,-2.1518435e-08
53.050,-0.0013219124,0.00026939157,0.0008045095,0.0,-0.0,-0.0
53.071,-0.0019327777,-0.0009523389,0.0008045095,-1.469913e-07,2.9831975e-07,-1.2417415e-07
53.110,0.002343279,0.0008802568,0.00019364429,-0.0,-0.0,0.0
53.150,-0.00071104715,-0.00034147367,-0.00041722096,-0.0,-0.0,0.0
53.171,-0.0013219124,0.00026939157,0.0008045095,0.0,-0.0,-0.0
53.211,0.00051068334,0.00026939157,0.0008045095,1.7902382e-08,-3.39374e-08,-5.346358e-08
53.250,-0.00071104715,-0.0009523389,0.00019364429,-0.0,0.0,0.0
53.272,-0.0001001819,-0.0027849348,0.0008045095,-5.42093e-07,1.9500645e-08,-1.5659934e-07
53.310,0.00051068334,-0.00034147367,0.0008045095,-0.0,-0.0,-0.0
53.350,-0.0013219124,-0.0009523389,0.0008045095,-0.0,0.0,0.0
53.370,-0.0001001819,-0.0009523389,0.00019364429,-0.0,0.0,0.0
53.411,-0.00071104715,-0.00034147367,0.00019364429,-1.8612607e-08,3.875684e-08,-1.05549125e-08
53.450,-0.0013219124,0.0014911221,0.0008045095,0.0,-0.0,-0.0
53.471,-0.00071104715,0.00026939157,-0.00041722096,1.5679786e-08,4.13861e-08,2.4284112e-08
53.512,-0.0001001819,0.00026939157,0.0008045095,0.0,-0.0,-0.0
53.550,-0.0001001819,0.00026939157,-0.00041722096,-0.0,0.0,0.0
53.569,0.0011215486,-0.00034147367,0.00019364429,-0.0,-0.0,-0.0
53.608,0.0011215486,0.0021019874,-0.0010280862,3.6603296e-07,-1.9530263e-07,1.7902747e-07
53.649,-0.0019327777,-0.0009523389,0.00019364429,-0.0,0.0,0.0
53.690,-0.0001001819,-0.0009523389,0.0008045095,-0.0,0.0,0.0
53.709,0.00051068334,-0.00034147367,-0.00041722096,-0.0,-0.0,0.0
53.748,-0.0001001819,0.00026939157,0.00019364429,6.265372e-09,2.3299795e-09,-4.50368e-09
53.788,0.00051068334,0.00026939157,-0.00041722096,0.0,-0.0,0.0
53.812,-0.0001001819,-0.00034147367,0.00019364429,-9.284162e-09,2.723797e-09,-5.2649005e-09
53.849,-0.002543643,0.0008802568,0.00019364429,0.0,-0.0,-0.0
53.890,-0.0019327777,-0.00034147367,0.00019364429,-0.0,0.0,0.0
53.910,-0.00071104715,-0.00034147367,-0.00041722096,-0.0,-0.0,0.0
53.949,-0.00071104715,-0.0021740694,0.00019364429,-3.3492282e-07,1.0953925e-07,-2.9831547e-08
53.991,0.00051068334,0.0008802568,0.00019364429,-0.0,-0.0,0.0
54.010,0.00051068334,-0.00034147367,0.0008045095,-2.3196487e-08,-3.4690988e-08,-5.465075e-08
54.050,0.00051068334,0.0008802568,-0.00041722096,0.0,-0.0,0.0
54.090,-0.0013219124,0.00026939157,-0.00041722096,-0.0,0.0,0.0
54.111,-0.0013219124,-0.0021740694,0.0008045095,-0.0,0.0,0.0
54.151,0.0011215486,0.00026939157,-0.00041722096,2.2174936e-08,-9.232013e-08,3.434349e-08
54.191,-0.00071104715,-0.00034147367,-0.00041722096,-0.0,-0.0,0.0
54.210,0.0011215486,0.0008802568,0.00019364429,8.499584e-08,-1.0829449e-07,-1.86979e-08
54.251,-0.0001001819,-0.0009523389,0.00019364429,-0.0,0.0,0.0
54.292,-0.00071104715,0.00026939157,-0.00041722096,-0.0,0.0,0.0
54.311,0.00051068334,-0.0009523389,0.00019364429,-0.0,-0.0,-0.0
54.351,0.0017324139,0.00026939157,0.00019364429,3.1888693e-08,-2.0507107e-07,-2.2922256e-08
54.390,-0.0001001819,-0.00034147367,0.00019364429,-0.0,0.0,0.0
54.410,-0.0001001819,-0.0009523389,0.00019364429,-6.243897e-08,6.5683077e-09,-1.26960575e-08
54.449,-0.0001001819,-0.0009523389,0.0008045095,-0.0,0.0,0.0
54.490,0.00051068334,0.0008802568,0.00019364429,6.1195436e-08,-3.5502694e-08,-1.3462145e-08
54.510,-0.0001001819,0.00026939157,0.00019364429,0.0,-0.0,-0.0
54.550,-0.00071104715,0.00026939157,-0.00041722096,1.5679786e-08,4.13861e-08,2.4284112e-08
54.590,-0.0019327777,-0.0009523389,0.0008045095,-0.0,0.0,0.0
54.628,0.0017324139,0.0014911221,-0.00041722096,0.0,-0.0,0.0
54.650,-0.0001001819,-0.00034147367,-0.0010280862,-0.0,-0.0,0.0
54.677,-0.0013219124,-0.00034147367,0.00019364429,-0.0,0.0,0.0
54.712,0.00051068334,-0.0009523389,-0.00041722096,-0.0,-0.0,0.0
54.749,0.0011215486,-0.00034147367,0.00019364429,-2.7230172e-08,-8.9435765e-08,-1.5441799e-08
54.790,0.00051068334,-0.00034147367,-0.00041722096,-0.0,-0.0,0.0
54.830,0.0011215486,-0.0009523389,0.00019364429,-0.0,-0.0,-0.0
54.849,0.00051068334,-0.00034147367,0.00019364429,-0.0,-0.0,-0.0
54.890,-0.00071104715,-0.00034147367,0.00019364429,-1.8612607e-08,3.875684e-08,-1.05549125e-08
54.931,0.00051068334,-0.0009523389,-0.00041722096,-0.0,-0.0,0.0
54.951,0.0011215486,0.0014911221,-0.00041722096,1.913198e-07,-1.4390133e-07,5.3531934e-08
54.991,0.0011215486,0.00026939157,0.00019364429,-0.0,-0.0,0.0
55.030,0.00051068334,-0.00034147367,-0.00041722096,-0.0,-0.0,0.0
55.051,0.00051068334,0.00026939157,0.00019364429,-0.0,-0.0,0.0
55.091,-0.0001001819,-0.00034147367,-0.00041722096,-1.2566488e-08,3.6867693e-09,1.5354045e-08
55.130,-0.00071104715,-0.0009523389,0.00019364429,-0.0,0.0,0.0
55.151,0.0017324139,0.00026939157,-0.00041722096,3.2581077e-08,-2.0952366e-07,5.0460034e-08
55.192,-0.00071104715,0.00026939157,-0.00041722096,-0.0,0.0,0.0
55.231,-0.0001001819,0.00026939157,0.00019364429,0.0,-0.0,-0.0
55.251,-0.0001001819,-0.0009523389,-0.0010280862,-0.0,-0.0,0.0
55.292,0.0011215486,0.00026939157,-0.0010280862,2.7933602e-08,-1.1629497e-07,1.0660372e-07
55.331,0.002343279,0.0008802568,-0.00041722096,0.0,-0.0,0.0
55.351,0.00051068334,-0.00034147367,-0.00041722096,-1.7017667e-08,-2.5450394e-08,2.0792607e-08
55.391,-0.0001001819,0.00026939157,-0.0010280862,-0.0,0.0,0.0
55.430,-0.00071104715,-0.0009523389,-0.00041722096,-0.0,-0.0,0.0
55.451,-0.0001001819,-0.00034147367,0.00019364429,-0.0,0.0,0.0
55.491,-0.0013219124,-0.00034147367,0.00019364429,-3.1600322e-08,1.2233112e-07,-1.7920039e-08
55.531,-0.00071104715,0.0008802568,0.0008045095,0.0,-0.0,-0.0
55.551,0.00051068334,0.00026939157,0.00019364429,1.1009641e-08,-2.0870885e-08,-7.91396e-09
55.592,-0.0001001819,0.0008802568,-0.00041722096,-0.0,0.0,0.0
55.630,0.0011215486,0.0008802568,0.00019364429,8.499584e-08,-1.0829449e-07,-1.86979e-08
55.669,0.00051068334,-0.00034147367,0.00019364429,-0.0,-0.0,-0.0
55.692,0.0017324139,0.00026939157,-0.0010280862,3.674352e-08,-2.3629153e-07,1.4022518e-07
55.730,0.00051068334,0.00026939157,-0.00041722096,0.0,-0.0,0.0
55.769,-0.0019327777,-0.00034147367,0.0008045095,-0.0,0.0,0.0
55.789,-0.0001001819,-0.0009523389,0.00019364429,-0.0,0.0,0.0
55.830,0.0011215486,0.00026939157,0.00019364429,2.1144508e-08,-8.80302e-08,-1.5199113e-08
55.869,0.0017324139,-0.00034147367,0.0008045095,-0.0,-0.0,-0.0
55.889,0.002343279,-0.00034147367,0.00019364429,-5.444668e-08,-3.736269e-07,-3.0875853e-08
55.931,0.0011215486,0.0008802568,0.00019364429,-0.0,-0.0,0.0
55.971,-0.00071104715,0.00026939157,0.0008045095,0.0,-0.0,-0.0
55.991,-0.0001001819,0.00026939157,-0.00041722096,-0.0,0.0,0.0
56.031,0.00051068334,-0.00034147367,-0.0010280862,-2.7445212e-08,-4.1045077e-08,8.263022e-08
56.071,0.00051068334,0.00026939157,0.00019364429,-0.0,-0.0,0.0
56.091,-0.0001001819,0.0008802568,0.00019364429,5.3570695e-08,6.0968723e-09,-1.178481e-08
56.131,0.00051068334,-0.0009523389,-0.00041722096,-0.0,-0.0,0.0
56.171,0.00051068334,0.00026939157,-0.00041722096,0.0,-0.0,0.0
56.191,-0.00071104715,-0.0015632042,-0.00041722096,-0.0,-0.0,0.0
56.231,0.0011215486,0.00026939157,-0.0010280862,2.7933602e-08,-1.1629497e-07,1.0660372e-07
56.271,0.00051068334,0.00026939157,-0.00041722096,0.0,-0.0,0.0
56.290,0.00051068334,-0.0009523389,-0.00041722096,-7.403184e-08,-3.969892e-08,3.2433448e-08
56.330,-0.0001001819,-0.0015632042,0.00019364429,-0.0,0.0,0.0
56.369,-0.0001001819,-0.0009523389,0.00019364429,-0.0,0.0,0.0
56.409,0.0017324139,0.00026939157,0.00019364429,-0.0,-0.0,0.0
56.429,0.0017324139,-0.0009523389,0.00019364429,-1.269503e-07,-2.3093718e-07,-2.5813513e-08
56.469,0.00045142943,-0.00026816985,0.00018692476,-0.0,-0.0,-0.0
56.510,-0.00015943582,-0.00026816985,0.00018692476,-0.0,0.0,0.0
56.530,0.00045142943,-0.00026816985,-0.00042394048,-0.0,-0.0,0.0
56.572,-0.0007703011,0.00034269542,0.00079779,0.0,-0.0,-0.0
56.609,-0.0013811664,-0.0008790351,0.00079779,-0.0,0.0,0.0
56.632,-0.00015943582,0.00095356064,0.00018692476,6.301343e-08,1.0535877e-08,-1.2352409e-08
56.670,0.0010622946,0.00095356064,0.00018692476,-0.0,-0.0,0.0
56.712,0.00045142943,-0.0008790351,-0.0010348058,-0.0,-0.0,0.0
56.734,0.0022840253,0.00095356064,0.00018692476,-0.0,-0.0,0.0
56.770,-0.00015943582,-0.00026816985,0.00018692476,-6.5453056e-09,3.8913996e-09,-4.562331e-09
56.810,0.0010622946,-0.0008790351,0.00079779,-0.0,-0.0,-0.0
56.831,0.00045142943,-0.0008790351,0.00018692476,-5.9327288e-08,-3.0467593e-08,-1.2615811e-08
56.871,0.00045142943,0.00034269542,-0.00042394048,0.0,-0.0,0.0
56.911,0.00167316,0.00034269542,0.00079779,-0.0,-0.0,0.0
56.931,0.00045142943,0.00034269542,0.00018692476,-0.0,-0.0,0.0
56.974,-0.0019920315,0.00095356064,0.00079779,1.5026542e-07,3.1391127e-07,-1.2571856e-07
57.012,-0.0019920315,0.00034269542,0.00079779,0.0,-0.0,-0.0
57.031,-0.0007703011,0.00034269542,0.00018692476,1.9860185e-08,4.4641162e-08,-1.0832827e-08
57.071,-0.0007703011,-0.00026816985,-0.00042394048,-0.0,-0.0,0.0
57.112,-0.0019920315,-0.0008790351,0.00079779,-0.0,0.0,0.0
57.132,0.0010622946,-0.0008790351,-0.00042394048,-0.0,-0.0,0.0
57.172,-0.0013811664,0.00095356064,0.00018692476,1.080664e-07,1.5652668e-07,-2.1184071e-08
57.211,-0.0019920315,-0.0014899004,0.00079779,-0.0,0.0,0.0
57.232,-0.00015943582,0.00034269542,-0.00042394048,1.3062027e-08,6.076985e-09,1.6158728e-08
57.272,-0.0019920315,0.00034269542,0.00079779,0.0,-0.0,-0.0
57.311,-0.0019920315,0.00034269542,0.00018692476,0.0,-0.0,-0.0
57.352,-0.0007703011,-0.00026816985,0.00079779,-0.0,0.0,0.0
57.372,-0.0007703011,-0.00026816985,0.00018692476,-1.5059376e-08,4.3257113e-08,-1.0496968e-08
57.415,-0.0007703011,-0.0008790351,0.00018692476,-0.0,0.0,0.0
57.452,-0.0026028967,-0.00026816985,-0.00042394048,-0.0,-0.0,0.0
57.472,0.00045142943,0.001564426,-0.0010348058,0.0,-0.0,0.0
57.511,0.00045142943,0.00095356064,-0.0010348058,0.0,-0.0,0.0
57.533,-0.00015943582,-0.00026816985,-0.00042394048,-0.0,-0.0,0.0
57.571,-0.00015943582,0.00034269542,-0.0010348058,2.5336158e-08,1.178741e-08,7.6505266e-08
57.611,-0.0007703011,-0.00026816985,-0.00042394048,-0.0,-0.0,0.0
57.650,-0.0007703011,-0.0008790351,0.00018692476,-0.0,0.0,0.0
57.671,0.00045142943,-0.00026816985,-0.00042394048,-0.0,-0.0,0.0
57.710,-0.0007703011,-0.0008790351,0.00079779,-0.0,0.0,0.0
57.750,-0.0026028967,-0.0008790351,-0.00042394048,-0.0,-0.0,0.0
57.770,0.00167316,0.00034269542,0.00018692476,3.951254e-08,-1.9291417e-07,-2.155229e-08
57.810,0.00045142943,-0.00026816985,-0.0010348058,-0.0,-0.0,0.0
57.850,0.00167316,-0.00026816985,0.00018692476,-0.0,-0.0,-0.0
57.871,0.0010622946,-0.0008790351,0.00018692476,-0.0,-0.0,-0.0
57.913,-0.0013811664,0.00034269542,0.00018692476,3.300821e-08,1.3303308e-07,-1.8004478e-08
57.952,-0.00015943582,0.00095356064,-0.00042394048,-0.0,0.0,0.0
57.972,-0.0007703011,-0.00026816985,0.0014086553,-2.9294018e-08,8.414525e-08,-1.5387704e-07
58.012,-0.0007703011,-0.00026816985,-0.00042394048,-0.0,-0.0,0.0
58.052,0.00045142943,0.00034269542,0.00079779,-0.0,-0.0,0.0
58.073,0.00167316,0.00034269542,0.0014086553,-0.0,-0.0,0.0
58.110,0.0022840253,-0.0014899004,-0.0010348058,-2.9163215e-07,-4.4707377e-07,2.0255219e-07
58.151,-0.0026028967,-0.002711631,-0.00042394048,-0.0,-0.0,0.0
58.172,-0.0007703011,-0.00026816985,-0.00042394048,-1.6543192e-08,4.751928e-08,2.6152561e-08
58.212,-0.00015943582,-0.00026816985,-0.0010348058,-0.0,-0.0,0.0
58.251,-0.00015943582,0.001564426,-0.0010348058,-0.0,0.0,0.0
58.272,0.0010622946,-0.0008790351,0.00018692476,-0.0,-0.0,-0.0
58.313,-0.0007703011,0.00095356064,0.00018692476,7.935009e-08,6.4100234e-08,-1.5554855e-08
58.352,-0.00015943582,-0.0008790351,-0.0010348058,-0.0,-0.0,0.0
58.393,0.0010622946,0.00095356064,0.00018692476,-0.0,-0.0,0.0
58.411,-0.00015943582,0.00095356064,0.00018692476,0.0,-0.0,-0.0
58.451,0.00045142943,0.00034269542,-0.00042394048,0.0,-0.0,0.0
58.492,-0.00015943582,0.00034269542,0.00018692476,0.0,-0.0,-0.0
58.512,-0.0007703011,0.00034269542,0.00018692476,1.9860185e-08,4.4641162e-08,-1.0832827e-08
58.551,0.00045142943,-0.0008790351,0.00079779,-0.0,-0.0,-0.0
58.591,0.0010622946,0.001564426,-0.00042394048,0.0,-0.0,0.0
58.612,-0.00015943582,-0.0014899004,0.00018692476,-0.0,0.0,0.0
58.650,-0.00015943582,0.00034269542,-0.00042394048,-0.0,0.0,0.0
58.690,-0.0007703011,-0.0008790351,0.00018692476,-0.0,0.0,0.0
58.711,-0.00015943582,-0.0008790351,-0.00042394048,-5.8334003e-08,1.0580384e-08,2.8133286e-08
58.750,-0.0007703011,-0.0008790351,-0.00042394048,-0.0,-0.0,0.0
58.790,-0.00015943582,-0.00026816985,0.00018692476,-0.0,0.0,0.0
58.829,0.00167316,0.00095356064,-0.00042394048,0.0,-0.0,0.0
58.850,-0.00015943582,-0.00026816985,0.00079779,-1.5416287e-08,9.165491e-09,-4.5862574e-08
58.891,0.00045142943,0.00034269542,-0.00042394048,0.0,-0.0,0.0
58.931,-0.00015943582,0.00034269542,-0.00042394048,-0.0,0.0,0.0
58.951,0.0022840253,0.00034269542,-0.00042394048,0.0,-0.0,0.0
58.993,0.0010622946,0.00034269542,-0.00042394048,0.0,-0.0,0.0
59.012,0.0010622946,0.001564426,0.00079779,-0.0,-0.0,0.0
59.051,0.00045142943,-0.002711631,0.00018692476,-5.01394e-07,-8.347154e-08,-3.456334e-08
59.091,-0.00015943582,-0.0014899004,-0.00042394048,-0.0,-0.0,0.0
59.112,-0.0019920315,-0.0008790351,-0.0010348058,-1.4221268e-07,3.2227618e-07,1.6741367e-07
59.152,0.0010622946,-0.00026816985,-0.001645671,-0.0,-0.0,0.0
59.192,-0.00015943582,0.00095356064,-0.00042394048,-0.0,0.0,0.0
59.213,-0.00015943582,0.001564426,0.00079779,0.0,-0.0,-0.0
59.253,0.00045142943,0.00034269542,-0.0010348058,2.7134128e-08,-3.574353e-08,8.1934424e-08
59.291,0.00045142943,0.00034269542,0.00018692476,-0.0,-0.0,0.0
59.332,0.00167316,0.00034269542,-0.00042394048,0.0,-0.0,0.0
59.351,0.0010622946,-0.00026816985,0.00079779,-0.0,-0.0,-0.0
59.393,-0.00015943582,0.00034269542,-0.00042394048,-0.0,0.0,0.0
59.433,-0.0007703011,0.00034269542,-0.00042394048,-0.0,0.0,0.0
59.452,0.00045142943,-0.00026816985,0.00018692476,-1.0030479e-08,-1.688502e-08,-6.9916317e-09
59.492,0.0010622946,0.00095356064,0.00018692476,-0.0,-0.0,0.0
59.533,-0.00015943582,0.00034269542,0.00079779,0.0,-0.0,-0.0
59.552,-0.0013811664,0.00034269542,-0.00042394048,-0.0,0.0,0.0
59.590,0.00045142943,-0.00026816985,-0.0010348058,-0.0,-0.0,0.0
59.630,0.00167316,-0.00026816985,-0.0010348058,-0.0,-0.0,0.0
59.651,0.0010622946,0.00034269542,0.00018692476,2.60278e-08,-8.068153e-08,-1.41969805e-08
59.693,-0.0007703011,0.00034269542,0.00079779,0.0,-0.0,-0.0
59.731,0.00045142943,-0.0008790351,-0.0010348058,-0.0,-0.0,0.0
59.769,-0.0007703011,-0.0008790351,-0.0010348058,-0.0,-0.0,0.0
59.790,-0.00015943582,-0.0014899004,-0.00042394048,-1.5569991e-07,1.6661609e-08,4.430329e-08
59.829,0.0010622946,-0.00026816985,0.00018692476,-0.0,-0.0,-0.0
59.870,-0.0007703011,0.00095356064,-0.0010348058,-0.0,0.0,0.0
59.890,-0.0013811664,-0.0008790351,-0.00042394048,-0.0,-0.0,0.0
59.932,0.00045142943,-0.00026816985,0.00018692476,-0.0,-0.0,-0.0
59.973,0.00045142943,-0.0008790351,0.00079779,-0.0,-0.0,-0.0
59.993,0.00045142943,-0.0008790351,0.00079779,-7.4920024e-08,-3.8475257e-08,-6.799552e-08
