timestamp,x,y,z
00.003,33.78,-37.8,-67.38
00.044,33.48,-37.02,-66.9
00.086,33.18,-37.62,-68.28
00.104,32.219997,-37.079998,-68.04
00.143,33.36,-37.8,-67.08
00.183,33.6,-36.78,-68.04
00.203,33.96,-37.32,-67.38
00.243,34.44,-37.92,-67.38
00.284,33.18,-38.28,-67.439995
00.304,32.82,-37.5,-67.56
00.344,33.84,-37.26,-67.979996
00.385,33.3,-37.86,-67.799995
00.405,33.239998,-38.1,-67.86
00.445,33.719997,-37.44,-68.159996
00.485,32.88,-37.079998,-67.619995
00.524,33.48,-37.44,-68.159996
00.544,33.12,-37.739998,-67.2
00.586,32.7,-37.8,-68.159996
00.605,32.76,-37.68,-67.619995
00.644,33.12,-37.68,-67.799995
00.685,33.66,-37.739998,-67.979996
00.724,33.42,-37.02,-68.22
00.752,33.239998,-37.68,-68.159996
00.784,33.239998,-37.739998,-67.439995
00.824,32.88,-37.86,-67.979996
00.843,33.12,-37.5,-67.74
00.883,34.079998,-37.559998,-67.92
00.923,33.18,-37.68,-68.76
00.943,32.88,-37.62,-68.22
00.984,32.94,-37.92,-67.799995
01.022,32.76,-38.52,-68.58
01.043,33.42,-38.579998,-68.64
01.083,33.12,-37.5,-68.04
01.123,33.719997,-37.32,-67.38
01.162,33.18,-37.68,-67.799995
01.183,32.64,-37.32,-67.68
01.223,33.78,-37.8,-67.86
01.262,32.76,-37.98,-67.439995
01.283,33.3,-37.62,-67.38
01.323,33.54,-37.26,-67.56
01.364,33.36,-37.2,-67.92
01.383,33.3,-37.26,-68.159996
01.424,33.36,-37.38,-66.6
01.464,33.6,-37.38,-67.08
01.483,33.0,-37.5,-67.439995
01.523,32.579998,-37.62,-68.28
01.563,33.18,-37.68,-67.2
01.584,33.3,-37.5,-67.619995
01.623,33.12,-37.559998,-68.82
01.664,33.36,-37.559998,-68.1
01.683,33.12,-37.079998,-68.04
01.723,32.76,-37.32,-67.74
01.763,33.42,-37.26,-67.86
01.788,33.48,-38.1,-68.1
01.823,33.6,-37.62,-67.439995
01.862,33.899998,-37.44,-68.04
01.883,33.66,-37.32,-67.799995
01.923,32.52,-37.26,-69.119995
01.963,33.54,-37.44,-68.28
01.983,33.3,-37.559998,-68.22
02.023,33.54,-37.32,-67.86
02.064,33.54,-37.44,-68.52
02.085,33.0,-36.96,-68.34
02.122,33.6,-37.68,-68.04
02.162,33.059998,-37.62,-67.979996
02.203,33.66,-37.62,-67.32
02.222,33.48,-37.2,-67.26
02.263,33.54,-37.32,-67.02
02.303,34.02,-37.44,-68.34
02.323,33.54,-37.44,-68.52
02.365,35.04,-37.86,-67.92
02.404,33.36,-37.8,-67.439995
02.424,34.02,-37.14,-67.92
02.462,33.6,-37.14,-67.56
02.503,34.5,-37.32,-67.5
02.523,33.899998,-37.92,-67.86
02.564,33.42,-37.98,-67.68
02.603,33.0,-38.28,-68.22
02.624,33.059998,-37.739998,-67.979996
02.663,33.239998,-37.8,-67.38
02.703,33.18,-37.5,-68.88
02.723,33.42,-37.5,-68.34
02.762,32.76,-37.38,-68.34
02.803,33.18,-38.1,-67.32
02.842,33.18,-37.26,-67.979996
02.863,32.7,-37.68,-68.1
02.903,33.899998,-37.2,-68.58
02.942,33.3,-38.28,-67.74
02.965,33.54,-37.98,-67.68
03.002,34.14,-37.68,-67.92
03.043,34.26,-38.16,-68.1
03.071,34.02,-38.34,-68.04
03.104,33.84,-38.76,-68.46
03.142,34.079998,-38.1,-67.08
03.162,34.079998,-38.399998,-67.2
03.202,34.02,-37.2,-67.5
03.243,33.78,-38.1,-68.34
03.263,33.3,-37.98,-68.52
03.303,33.48,-38.52,-68.159996
03.343,33.48,-37.92,-68.04
03.362,33.54,-38.399998,-67.74
03.403,33.42,-37.26,-67.619995
03.443,33.78,-37.68,-67.2
03.463,33.48,-38.219997,-67.38
03.502,32.52,-37.739998,-68.1
03.542,33.0,-37.44,-68.82
03.562,32.82,-37.44,-68.4
03.602,33.6,-37.38,-67.56
03.644,32.82,-37.739998,-67.979996
03.663,32.94,-37.32,-68.58
03.703,33.719997,-36.96,-67.799995
03.744,33.36,-37.68,-68.159996
03.765,33.0,-38.04,-67.979996
03.802,33.12,-37.32,-67.5
03.843,33.42,-37.02,-67.799995
03.865,33.3,-37.68,-67.86
03.904,33.96,-37.38,-67.68
03.944,33.6,-37.5,-67.74
03.984,33.0,-37.62,-67.979996
04.003,33.059998,-37.079998,-67.799995
04.050,34.38,-38.04,-67.32
04.068,33.78,-38.579998,-67.26
04.104,32.82,-37.559998,-68.04
04.142,33.719997,-37.44,-67.74
04.183,33.48,-37.62,-67.619995
04.202,33.3,-37.38,-67.38
04.243,33.18,-37.079998,-67.799995
04.282,34.8,-37.02,-67.74
04.303,34.44,-37.079998,-68.159996
04.343,33.12,-37.32,-67.38
04.383,33.719997,-38.1,-68.64
04.405,33.059998,-37.739998,-67.92
04.444,33.54,-37.92,-68.1
04.485,32.52,-37.38,-67.86
04.504,33.66,-37.32,-68.28
04.544,33.36,-37.92,-67.56
04.584,33.12,-37.44,-67.799995
04.604,33.42,-37.8,-67.799995
04.645,33.42,-37.079998,-67.979996
04.685,33.66,-38.04,-68.159996
04.704,33.3,-37.44,-68.34
04.745,34.32,-37.38,-68.28
04.785,33.0,-37.68,-67.74
04.807,32.94,-37.62,-67.74
04.843,33.42,-37.079998,-66.72
04.884,33.54,-36.78,-68.28
04.924,33.239998,-37.62,-67.799995
04.944,33.36,-37.92,-67.32
04.984,33.48,-37.38,-67.92
05.025,32.94,-37.14,-67.5
05.043,33.18,-37.44,-67.68
05.084,33.96,-36.96,-67.56
05.124,33.42,-37.44,-67.68
05.143,33.059998,-37.559998,-66.9
05.182,33.719997,-38.16,-67.86
05.223,33.36,-38.04,-68.04
05.243,33.78,-37.2,-67.86
05.283,32.579998,-38.52,-67.799995
05.324,34.14,-37.32,-68.76
05.344,33.6,-37.62,-67.86
05.383,33.78,-37.14,-68.7
05.424,32.7,-37.26,-67.92
05.445,33.48,-37.2,-68.1
05.483,33.6,-37.559998,-68.34
05.525,32.94,-38.16,-67.5
05.544,33.54,-37.32,-67.32
05.584,33.059998,-37.739998,-68.159996
05.623,32.94,-38.219997,-67.74
05.646,32.82,-38.399998,-67.26
05.686,33.78,-38.04,-68.1
05.726,33.6,-37.26,-68.7
05.746,33.18,-37.26,-68.88
05.785,33.0,-37.32,-68.4
05.824,33.12,-37.68,-68.7
05.863,33.3,-37.86,-68.82
05.883,33.42,-37.079998,-67.979996
05.923,33.78,-36.78,-67.68
05.963,32.94,-37.5,-68.22
05.983,33.36,-36.84,-68.82
06.022,33.36,-37.68,-68.88
06.063,34.38,-37.68,-68.28
06.088,34.14,-37.38,-68.1
06.122,32.7,-37.44,-68.28
06.163,34.62,-37.079998,-68.159996
06.203,33.719997,-37.44,-67.979996
06.224,33.84,-37.739998,-68.22
06.262,33.3,-37.26,-69.18
06.303,34.02,-38.1,-68.82
06.323,33.96,-37.739998,-69.0
06.362,33.18,-38.16,-68.159996
06.403,34.02,-37.68,-69.24
06.423,34.26,-37.32,-69.299995
06.463,33.78,-37.32,-67.92
06.503,33.42,-37.26,-67.74
06.523,33.36,-37.5,-68.4
06.564,33.48,-37.14,-68.46
06.603,33.78,-37.38,-67.92
06.623,33.84,-37.5,-68.22
06.663,33.78,-36.84,-68.04
06.704,33.78,-38.16,-68.939995
06.723,34.14,-37.86,-68.52
06.763,33.12,-37.14,-68.34
06.802,33.78,-37.38,-67.92
06.823,34.5,-37.38,-67.5
06.863,32.94,-38.16,-68.22
06.904,33.84,-37.02,-68.58
06.930,33.6,-37.38,-68.7
06.964,33.54,-37.38,-67.86
07.004,33.0,-37.68,-67.86
07.023,33.36,-37.26,-67.26
07.064,33.42,-37.68,-68.04
07.103,33.54,-38.219997,-67.979996
07.142,33.0,-37.2,-67.74
07.163,32.28,-36.96,-67.86
07.203,33.36,-37.32,-67.799995
07.224,32.88,-37.38,-68.22
07.265,33.18,-37.26,-67.799995
07.304,33.36,-37.44,-67.799995
07.343,33.84,-37.5,-67.56
07.365,33.0,-37.26,-68.1
07.402,33.239998,-37.38,-68.7
07.444,34.5,-37.5,-67.92
07.463,34.2,-38.28,-68.159996
07.504,34.14,-37.739998,-68.34
07.544,33.48,-37.8,-68.28
07.562,33.0,-38.28,-68.04
07.603,33.66,-37.14,-67.979996
07.644,32.82,-37.14,-68.04
07.664,32.579998,-37.38,-68.22
07.704,32.46,-37.32,-67.92
07.746,34.02,-37.98,-67.32
07.765,33.54,-37.559998,-68.04
07.804,32.7,-37.02,-68.159996
07.843,34.02,-37.92,-68.22
07.863,33.54,-37.32,-68.28
07.905,33.66,-37.62,-68.58
07.944,33.54,-37.739998,-68.1
07.982,33.48,-38.04,-68.1
08.003,33.78,-38.34,-67.799995
08.043,33.48,-37.68,-67.86
08.065,33.48,-38.04,-67.56
08.103,33.66,-38.7,-67.799995
08.146,33.239998,-37.62,-67.92
08.184,33.78,-37.98,-68.58
08.204,33.54,-38.1,-68.64
08.245,33.899998,-37.5,-67.56
08.284,32.88,-37.92,-68.34
08.304,33.3,-37.559998,-67.86
08.345,34.14,-37.32,-67.619995
08.384,33.54,-38.399998,-67.979996
08.417,33.36,-38.28,-67.68
08.442,33.96,-38.1,-67.619995
08.485,33.66,-37.68,-68.64
08.504,33.54,-37.739998,-68.04
08.544,33.48,-37.98,-68.58
08.584,33.899998,-38.04,-67.92
08.604,33.54,-38.1,-68.1
08.643,33.36,-38.16,-68.58
08.684,33.3,-38.52,-69.06
08.704,32.76,-37.98,-68.28
08.743,33.36,-38.34,-68.76
08.782,33.239998,-38.219997,-68.22
08.804,33.6,-38.34,-68.46
08.844,33.0,-38.16,-68.46
08.884,33.96,-38.34,-68.1
08.904,34.2,-38.46,-67.799995
08.942,32.94,-38.579998,-67.14
08.985,33.48,-38.579998,-68.28
09.008,33.66,-38.28,-68.64
09.043,33.42,-37.8,-68.159996
09.082,33.36,-37.739998,-68.52
09.122,33.54,-37.5,-67.799995
09.142,33.78,-36.84,-67.86
09.183,33.84,-37.44,-67.439995
09.222,33.54,-37.62,-68.28
09.243,34.14,-37.739998,-67.439995
09.283,33.899998,-37.44,-67.619995
09.323,34.2,-37.5,-68.159996
09.344,34.02,-37.559998,-68.82
09.383,34.14,-37.32,-67.979996
09.423,34.32,-38.219997,-68.46
09.443,34.02,-37.62,-68.7
09.482,34.14,-37.62,-67.979996
09.524,33.78,-37.559998,-68.34
09.546,34.38,-37.92,-68.22
09.583,32.94,-38.1,-67.68
09.623,33.66,-38.16,-68.28
09.664,33.78,-38.46,-68.1
09.682,33.3,-38.579998,-68.159996
09.722,33.6,-38.1,-67.86
09.763,34.079998,-38.46,-68.1
09.783,33.42,-38.52,-68.4
09.824,34.02,-38.219997,-67.56
09.863,33.719997,-38.1,-68.4
09.883,33.18,-38.16,-68.7
09.925,33.239998,-38.16,-68.939995
09.965,33.66,-37.739998,-68.52
09.984,34.26,-37.44,-67.74
10.022,33.6,-38.46,-67.979996
10.064,33.84,-37.98,-68.64
10.083,34.079998,-38.46,-67.5
10.123,33.899998,-37.92,-67.439995
10.164,34.2,-38.34,-67.92
10.183,34.02,-38.219997,-67.74
10.223,33.54,-38.16,-68.52
10.263,33.6,-37.8,-67.619995
10.284,33.899998,-37.559998,-67.86
10.322,33.059998,-38.219997,-68.46
10.363,33.54,-38.76,-66.96
10.403,33.48,-39.0,-68.4
10.423,34.26,-38.879997,-68.46
10.462,34.14,-38.82,-68.04
10.484,34.02,-38.52,-68.159996
10.522,33.899998,-37.739998,-68.1
10.562,33.18,-37.98,-68.1
10.603,33.6,-39.18,-67.68
10.623,34.2,-38.52,-67.14
10.662,33.54,-39.059998,-67.74
10.702,34.26,-37.26,-67.979996
10.724,34.14,-37.8,-68.28
10.763,33.84,-38.16,-67.619995
10.802,33.6,-38.46,-67.979996
10.822,34.02,-38.46,-67.68
10.862,33.84,-37.86,-67.68
10.903,33.84,-38.579998,-68.28
10.923,34.079998,-38.219997,-68.64
10.963,33.66,-37.98,-68.46
11.002,33.48,-37.68,-67.32
11.022,33.42,-38.52,-67.74
11.063,33.96,-37.739998,-67.38
11.102,33.78,-37.68,-67.619995
11.122,34.14,-37.98,-67.74
11.162,33.66,-38.04,-68.04
11.203,33.719997,-37.44,-67.56
11.223,33.48,-37.739998,-67.799995
11.263,33.42,-37.62,-68.1
11.303,34.02,-38.7,-67.92
11.325,34.2,-38.7,-67.56
11.363,33.96,-38.579998,-68.04
11.402,33.899998,-38.16,-67.979996
11.443,32.7,-38.1,-67.979996
11.463,33.96,-38.1,-68.58
11.503,34.32,-38.46,-67.799995
11.543,33.899998,-37.92,-67.38
11.563,33.6,-37.739998,-67.799995
11.603,33.42,-37.44,-68.46
11.644,34.079998,-38.34,-68.58
11.662,34.02,-37.98,-68.28
11.703,33.239998,-38.52,-67.56
11.743,32.94,-38.219997,-68.76
11.763,33.42,-38.7,-68.7
11.804,33.66,-38.219997,-68.159996
11.845,34.2,-38.16,-68.7
11.864,34.079998,-38.219997,-68.58
11.903,33.84,-38.04,-67.439995
11.942,33.899998,-38.46,-68.4
11.962,33.96,-38.04,-68.22
12.003,34.44,-38.579998,-68.04
12.047,34.26,-37.38,-68.939995
12.063,34.38,-37.739998,-68.7
12.102,33.78,-38.1,-68.28
12.144,33.48,-38.28,-68.7
12.164,34.2,-38.34,-68.4
12.203,33.36,-38.219997,-67.799995
12.244,34.62,-38.879997,-67.979996
12.285,34.32,-39.239998,-67.5
12.303,34.559998,-39.239998,-67.26
12.344,33.239998,-38.64,-67.74
12.385,34.02,-38.04,-68.46
12.405,33.059998,-38.76,-67.979996
12.442,33.96,-38.46,-68.46
12.483,33.48,-39.3,-68.1
12.504,34.079998,-38.34,-68.52
12.545,33.3,-38.28,-67.68
12.585,33.899998,-38.579998,-67.92
12.604,34.32,-38.7,-67.979996
12.643,34.68,-38.34,-68.939995
12.669,33.719997,-38.46,-67.979996
12.702,32.88,-37.98,-68.159996
12.742,33.3,-37.86,-68.64
12.784,33.42,-38.219997,-68.76
12.804,33.6,-38.34,-68.7
12.843,33.059998,-38.04,-67.92
12.870,33.36,-38.399998,-68.159996
12.903,34.62,-38.399998,-69.0
12.944,34.2,-37.62,-68.04
12.984,33.84,-38.1,-67.86
13.004,34.68,-37.98,-67.32
13.044,34.26,-37.98,-67.68
13.082,33.719997,-37.8,-68.82
13.104,33.48,-38.52,-68.52
13.144,33.899998,-38.1,-67.799995
13.182,33.96,-38.34,-68.22
13.222,34.26,-37.98,-67.979996
13.243,33.78,-37.92,-68.34
13.283,33.6,-37.62,-67.56
13.323,33.239998,-38.1,-68.1
13.343,32.7,-37.98,-67.92
13.384,33.6,-38.219997,-67.619995
13.424,34.68,-38.46,-67.38
13.444,34.38,-38.399998,-67.5
13.484,32.82,-38.219997,-68.46
13.527,33.3,-38.76,-67.979996
13.544,34.079998,-38.399998,-67.799995
13.583,34.14,-38.16,-68.46
13.625,34.38,-37.86,-67.68
13.645,33.36,-37.92,-67.86
13.683,33.96,-37.8,-68.34
13.723,33.6,-37.92,-68.28
13.744,33.54,-37.62,-67.86
13.784,33.48,-38.52,-67.5
13.823,34.559998,-38.219997,-68.46
13.844,33.6,-37.68,-68.58
13.885,34.38,-37.68,-68.46
13.924,33.66,-38.64,-67.799995
13.944,34.079998,-38.16,-67.56
13.983,34.14,-37.739998,-68.34
14.022,33.18,-38.52,-67.26
14.063,32.94,-38.1,-68.28
14.084,33.36,-37.98,-68.52
14.124,33.059998,-37.86,-67.799995
14.163,33.66,-37.739998,-67.979996
14.183,33.48,-37.8,-68.1
14.223,33.96,-37.079998,-68.4
14.264,33.12,-37.38,-67.979996
14.283,33.3,-38.28,-67.799995
14.323,32.76,-36.899998,-67.799995
14.364,33.3,-37.739998,-67.799995
14.383,33.719997,-37.68,-67.68
14.423,33.12,-38.1,-68.4
14.462,33.239998,-37.739998,-67.979996
14.482,33.54,-37.559998,-67.619995
14.523,33.6,-37.86,-67.2
14.564,33.54,-37.62,-68.22
14.583,33.78,-37.98,-68.34
14.624,34.02,-38.46,-67.799995
14.663,32.34,-37.68,-67.56
14.703,33.719997,-37.8,-68.34
14.723,33.059998,-38.219997,-67.799995
14.763,33.12,-37.26,-68.28
14.804,33.0,-37.38,-67.979996
14.824,33.66,-38.28,-67.92
14.865,33.0,-37.44,-67.86
14.904,33.78,-37.68,-67.92
14.924,33.18,-37.62,-68.159996
14.964,33.36,-37.62,-68.4
15.006,33.719997,-37.38,-67.74
15.023,33.78,-38.04,-68.34
15.063,33.42,-38.76,-68.22
15.103,33.42,-38.1,-67.32
15.122,34.14,-38.34,-67.5
15.163,33.78,-37.86,-68.34
15.202,33.84,-37.92,-68.1
15.223,33.66,-37.739998,-67.86
15.263,33.78,-37.26,-68.46
15.304,32.82,-37.98,-68.04
15.324,33.0,-37.26,-67.32
15.364,32.76,-37.68,-67.74
15.404,33.66,-36.78,-68.46
15.423,33.48,-37.68,-67.619995
15.464,33.059998,-37.92,-68.64
15.505,32.46,-37.38,-68.34
15.524,32.94,-37.2,-67.439995
15.564,33.059998,-37.68,-68.52
15.605,33.0,-37.98,-68.76
15.644,33.12,-37.32,-68.82
15.664,33.12,-37.68,-68.52
15.704,33.18,-37.559998,-67.799995
15.744,32.76,-37.5,-67.74
15.764,33.3,-37.26,-67.619995
15.804,33.239998,-37.32,-68.76
15.845,33.42,-37.62,-67.56
15.865,33.6,-37.98,-67.619995
15.903,32.52,-38.34,-67.86
15.931,32.579998,-38.16,-67.86
15.963,33.12,-37.62,-68.46
16.003,33.719997,-37.68,-68.1
16.048,33.6,-37.8,-67.619995
16.066,33.239998,-37.5,-66.84
16.104,33.66,-37.739998,-67.799995
16.142,32.82,-37.02,-67.979996
16.162,33.0,-37.739998,-68.28
16.203,32.64,-38.399998,-67.86
16.243,33.719997,-38.1,-67.979996
16.263,33.239998,-37.5,-68.22
16.305,33.3,-37.2,-67.92
16.344,33.78,-37.62,-67.92
16.364,33.6,-37.62,-68.04
16.404,33.96,-37.86,-68.939995
16.445,33.0,-36.84,-68.04
16.464,33.42,-37.02,-67.86
16.504,33.18,-37.38,-68.04
16.549,33.059998,-38.1,-68.159996
16.584,33.36,-37.86,-67.56
16.603,33.36,-37.8,-67.74
16.644,32.94,-38.64,-67.92
16.684,33.899998,-37.739998,-67.14
16.705,33.239998,-37.739998,-67.56
16.743,34.2,-38.64,-67.56
16.786,34.02,-37.98,-67.08
16.804,34.32,-37.98,-67.799995
16.844,32.94,-37.32,-68.58
16.884,32.46,-37.079998,-67.439995
16.904,33.0,-37.079998,-67.799995
16.945,33.66,-37.62,-68.159996
16.986,33.36,-38.04,-67.979996
17.004,33.84,-37.739998,-68.4
17.045,33.42,-37.68,-68.76
17.085,32.7,-37.68,-67.68
17.105,33.719997,-37.92,-67.26
17.144,33.719997,-36.84,-68.1
17.183,33.3,-37.8,-67.92
17.222,33.12,-37.559998,-68.88
17.243,33.84,-37.02,-68.76
17.283,33.54,-37.68,-67.979996
17.323,34.26,-36.78,-68.46
17.342,34.079998,-37.38,-68.34
17.384,33.719997,-37.38,-68.22
17.422,33.66,-37.44,-67.5
17.444,34.079998,-37.8,-67.439995
17.483,33.18,-37.62,-67.26
17.509,33.6,-38.399998,-67.14
17.543,34.02,-37.8,-66.78
17.584,34.079998,-38.82,-68.7
17.624,33.3,-38.34,-68.22
17.649,33.66,-38.219997,-68.1
17.683,33.6,-37.2,-67.68
17.723,33.36,-37.62,-68.22
17.745,33.12,-37.38,-68.22
17.784,33.36,-37.62,-67.68
17.824,33.66,-37.2,-67.799995
17.843,33.54,-37.02,-68.04
17.883,32.76,-37.68,-68.159996
17.925,33.899998,-37.86,-68.76
17.946,33.899998,-38.28,-68.46
17.985,32.94,-37.14,-68.52
18.023,33.48,-36.899998,-68.04
18.063,33.96,-38.28,-68.28
18.084,34.44,-37.559998,-67.68
18.127,33.899998,-36.78,-67.92
18.150,34.02,-37.44,-68.159996
18.182,33.12,-38.52,-68.159996
18.223,32.94,-38.1,-68.28
18.245,32.76,-38.16,-67.799995
18.283,32.579998,-38.1,-68.58
18.323,33.3,-38.28,-68.58
18.363,32.88,-37.38,-67.38
18.388,33.6,-36.899998,-67.86
18.423,33.42,-37.38,-68.159996
18.464,33.48,-37.5,-67.02
18.484,33.54,-37.2,-66.72
18.524,33.3,-37.32,-68.159996
18.564,33.059998,-37.98,-68.04
18.584,32.579998,-37.98,-68.28
18.625,33.78,-37.68,-68.1
18.663,33.54,-37.5,-68.04
18.684,33.6,-37.5,-68.04
18.724,33.48,-37.5,-67.56
18.803,33.12,-37.2,-66.9
18.826,32.52,-37.86,-67.38
18.863,33.84,-37.2,-67.74
18.884,33.059998,-37.8,-67.5
18.924,33.48,-37.44,-67.68
18.963,33.66,-37.32,-67.619995
19.005,33.239998,-37.62,-67.56
19.023,33.6,-37.2,-68.58
19.066,33.48,-37.02,-68.159996
19.105,33.42,-37.44,-67.14
19.123,33.239998,-37.98,-67.56
19.163,33.48,-37.32,-67.92
19.202,33.36,-37.14,-67.74
19.222,34.02,-37.44,-67.56
19.263,33.3,-37.62,-67.68
19.303,32.7,-37.5,-67.979996
19.322,32.52,-37.62,-67.86
19.363,33.36,-36.84,-67.979996
19.403,33.96,-37.68,-68.28
19.424,33.899998,-37.62,-68.1
19.463,32.82,-37.739998,-67.68
19.506,33.239998,-37.5,-68.64
19.526,33.239998,-37.68,-68.58
19.562,33.3,-36.719997,-67.68
19.605,33.42,-37.8,-67.74
19.643,32.64,-37.38,-68.159996
19.664,33.3,-36.84,-68.4
19.703,33.719997,-37.26,-67.92
19.724,33.18,-37.62,-67.56
19.763,33.18,-37.739998,-67.56
19.804,32.64,-37.26,-67.68
19.824,33.239998,-36.84,-67.619995
19.862,33.239998,-37.38,-67.439995
19.904,33.48,-37.44,-67.14
19.943,34.02,-36.84,-67.38
19.964,33.78,-37.2,-68.1
20.005,32.46,-38.04,-67.02
20.044,33.12,-37.86,-67.68
20.064,33.66,-37.68,-67.38
20.105,32.94,-37.14,-67.2
20.143,33.059998,-37.739998,-67.619995
20.163,32.94,-37.86,-68.34
20.204,33.42,-37.5,-66.96
20.243,33.54,-37.739998,-68.159996
20.263,32.64,-37.26,-68.04
20.303,33.6,-37.86,-67.56
20.343,33.6,-37.32,-67.5
20.363,33.059998,-37.26,-67.74
20.404,33.12,-37.86,-67.979996
20.443,33.54,-37.079998,-67.619995
20.484,32.579998,-37.739998,-67.92
20.503,33.18,-37.14,-67.92
20.544,34.14,-37.739998,-67.439995
20.564,33.059998,-37.38,-67.979996
20.604,32.88,-37.559998,-67.799995
20.644,33.36,-36.66,-68.04
20.683,33.42,-37.32,-66.84
20.704,34.14,-37.68,-66.9
20.745,33.48,-37.8,-66.96
20.783,32.76,-37.86,-68.64
20.804,33.18,-37.62,-68.1
20.844,33.42,-37.32,-67.799995
20.884,33.42,-37.739998,-68.28
20.903,33.059998,-37.32,-68.28
20.944,33.54,-37.32,-67.5
20.985,33.18,-37.739998,-68.4
21.003,33.36,-37.32,-68.22
21.045,32.94,-37.5,-67.439995
21.084,33.3,-37.62,-67.68
21.105,33.78,-38.04,-67.5
21.144,33.54,-37.559998,-67.799995
21.184,33.36,-37.559998,-68.4
21.204,33.3,-37.8,-68.58
21.244,33.78,-37.079998,-68.46
21.283,32.579998,-37.68,-67.979996
21.304,32.82,-38.1,-68.4
21.343,33.239998,-36.899998,-67.5
21.384,33.42,-36.48,-68.04
21.423,33.12,-37.44,-67.799995
21.444,33.18,-37.38,-67.979996
21.484,33.54,-37.68,-68.04
21.504,32.94,-37.86,-68.7
21.546,33.18,-37.14,-68.52
21.584,32.82,-37.44,-68.28
21.624,32.1,-37.079998,-67.02
21.645,32.16,-37.62,-67.08
21.684,32.88,-36.96,-68.28
21.723,34.44,-36.899998,-68.04
21.744,34.26,-36.54,-68.58
21.783,33.36,-37.14,-67.14
21.824,34.02,-37.26,-67.86
21.843,33.36,-37.92,-67.92
21.884,33.0,-37.739998,-68.28
21.925,32.88,-37.68,-67.799995
21.945,33.42,-37.739998,-67.68
21.983,33.719997,-37.8,-67.86
22.023,33.239998,-37.2,-68.58
22.042,33.66,-37.44,-68.46
22.083,33.3,-38.04,-67.68
22.123,33.48,-37.5,-68.04
22.163,33.12,-37.26,-68.1
22.183,33.12,-37.559998,-67.799995
22.223,33.66,-37.739998,-68.1
22.263,33.48,-38.28,-67.619995
22.283,33.719997,-38.879997,-67.74
22.324,33.36,-38.28,-67.5
22.364,33.78,-37.44,-67.92
22.383,33.18,-37.26,-67.68
22.424,33.0,-37.079998,-68.22
22.463,34.5,-37.62,-67.86
22.483,34.26,-37.32,-68.1
22.524,33.42,-37.44,-67.5
22.563,32.88,-37.8,-67.2
22.583,33.96,-37.26,-67.5
22.624,32.76,-38.28,-67.619995
22.664,33.059998,-38.04,-67.74
22.684,33.36,-37.44,-68.46
22.725,33.18,-38.04,-68.04
22.763,32.82,-37.98,-67.32
22.785,33.18,-38.28,-67.38
22.824,32.46,-37.44,-68.22
22.863,33.18,-37.44,-67.68
22.885,33.3,-37.2,-67.68
22.925,33.059998,-37.559998,-68.64
22.964,32.82,-37.32,-67.5
22.984,33.18,-37.44,-67.92
23.023,32.88,-38.04,-67.86
23.063,33.12,-37.2,-67.979996
23.107,33.36,-37.559998,-68.22
23.124,33.54,-37.26,-68.22
23.163,33.48,-37.26,-67.799995
23.202,32.88,-37.86,-67.38
23.223,33.3,-37.5,-68.28
23.263,33.42,-37.86,-68.1
23.302,33.239998,-37.32,-67.92
23.323,33.239998,-36.84,-67.619995
23.364,33.239998,-36.96,-68.64
23.403,33.6,-37.02,-67.619995
23.424,33.719997,-37.68,-67.86
23.465,33.059998,-37.62,-68.1
23.504,33.84,-37.92,-67.86
23.524,32.82,-38.04,-67.92
23.565,33.899998,-38.16,-68.4
23.603,32.94,-38.219997,-68.1
23.625,33.239998,-38.219997,-67.5
23.663,33.239998,-37.38,-67.799995
23.704,33.899998,-37.26,-67.619995
23.723,33.48,-37.2,-67.68
23.766,32.94,-38.34,-67.979996
23.804,32.88,-38.04,-68.4
23.823,33.239998,-37.44,-68.28
23.865,33.059998,-38.34,-67.32
23.903,33.48,-37.68,-67.92
23.924,32.82,-37.44,-68.04
23.963,32.64,-38.16,-67.68
24.003,33.48,-37.5,-68.1
24.044,33.3,-37.14,-68.28
24.063,33.12,-37.38,-68.04
24.110,33.78,-37.98,-67.56
24.127,33.6,-38.1,-68.52
24.164,32.76,-37.86,-67.74
24.203,32.82,-38.28,-68.34
24.243,33.239998,-37.26,-67.08
24.263,33.239998,-37.44,-67.56
24.303,32.82,-37.14,-67.56
24.344,33.18,-37.92,-67.56
24.363,33.239998,-37.8,-67.26
24.404,33.36,-36.84,-67.979996
24.444,33.3,-36.84,-67.74
24.465,33.12,-37.8,-67.92
24.504,33.239998,-37.02,-67.979996
24.545,32.52,-36.96,-67.86
24.564,32.28,-37.2,-67.74
24.605,33.3,-38.1,-67.68
24.644,33.12,-37.5,-68.4
24.668,33.18,-37.559998,-68.22
24.705,32.88,-37.98,-67.619995
24.746,33.12,-37.14,-67.74
24.766,33.18,-37.86,-67.56
24.805,33.239998,-37.62,-68.34
24.845,33.0,-37.98,-67.26
24.865,33.18,-37.98,-67.26
24.903,33.18,-37.26,-68.159996
24.947,33.239998,-37.079998,-68.46
24.985,33.48,-37.559998,-67.74
25.008,34.02,-37.32,-67.619995
25.045,32.88,-37.739998,-68.159996
25.083,32.52,-37.5,-68.1
25.104,33.059998,-37.62,-67.86
25.146,34.02,-37.38,-68.159996
25.184,33.54,-37.92,-68.82
25.203,33.96,-37.739998,-68.52
25.244,33.66,-37.68,-68.22
25.283,33.84,-38.34,-67.979996
25.304,34.2,-38.52,-68.28
25.345,32.82,-37.02,-68.939995
25.385,33.12,-37.62,-67.619995
25.405,33.0,-38.04,-67.979996
25.445,33.54,-36.719997,-68.64
25.485,33.6,-37.739998,-68.52
25.506,33.96,-37.5,-67.86
25.545,34.14,-37.739998,-68.159996
25.585,32.46,-37.44,-67.799995
25.605,32.52,-37.14,-67.38
25.644,33.78,-37.739998,-67.619995
25.685,32.52,-37.92,-67.799995
25.705,33.18,-37.92,-67.86
25.745,32.94,-38.34,-68.28
25.785,33.78,-37.38,-68.22
25.806,33.84,-37.98,-68.04
25.845,33.059998,-37.62,-67.38
25.885,33.42,-37.62,-68.1
25.924,33.78,-37.62,-67.32
25.946,33.36,-37.5,-67.439995
25.985,33.12,-37.8,-67.979996
26.028,33.12,-37.5,-67.979996
26.044,33.3,-37.8,-67.979996
26.084,33.36,-37.5,-67.38
26.128,33.78,-37.26,-67.92
26.144,33.18,-36.84,-68.159996
26.184,33.899998,-37.98,-67.799995
26.223,33.0,-38.04,-67.86
26.243,32.7,-37.559998,-68.58
26.285,34.38,-36.12,-68.28
26.325,33.3,-37.739998,-68.1
26.345,33.6,-37.86,-67.86
26.385,33.12,-37.26,-67.799995
26.425,33.6,-36.899998,-67.68
26.446,33.42,-36.84,-67.92
26.485,33.84,-37.559998,-68.46
26.524,33.719997,-37.86,-67.799995
26.545,33.36,-37.5,-68.1
26.586,33.54,-37.2,-67.5
26.626,33.3,-36.899998,-67.68
26.646,33.36,-37.32,-67.979996
26.686,33.36,-37.5,-67.38
26.725,33.719997,-37.559998,-67.68
26.748,32.88,-37.98,-68.04
26.789,32.76,-37.68,-68.159996
26.827,32.94,-38.1,-67.619995
26.847,32.88,-38.1,-68.52
26.885,32.88,-38.04,-66.96
26.925,33.78,-37.5,-67.86
26.966,33.239998,-37.559998,-67.74
26.986,33.239998,-37.32,-67.68
27.024,32.88,-37.14,-68.159996
27.063,32.76,-37.559998,-67.979996
27.083,33.059998,-37.44,-68.1
27.125,32.219997,-37.079998,-67.619995
27.165,33.239998,-37.559998,-67.38
27.183,33.6,-37.32,-67.5
27.226,32.46,-37.86,-67.38
27.263,33.66,-37.2,-67.86
27.303,32.76,-38.04,-67.32
27.324,32.94,-37.559998,-68.1
27.363,33.18,-36.899998,-68.1
27.385,33.059998,-36.899998,-68.159996
27.426,33.12,-38.46,-67.14
27.471,33.12,-37.68,-67.92
27.485,32.94,-37.14,-67.68
27.526,32.52,-37.5,-67.68
27.571,33.48,-36.96,-67.5
27.590,33.239998,-37.079998,-67.32
27.624,32.82,-37.92,-68.58
27.666,33.78,-38.04,-67.5
27.705,33.36,-36.66,-67.74
27.725,33.18,-36.96,-67.68
27.767,33.42,-37.62,-67.5
27.805,34.02,-37.38,-67.26
27.825,33.66,-37.5,-67.38
27.864,33.12,-37.5,-67.86
27.905,33.6,-36.66,-68.159996
27.925,33.0,-36.78,-68.34
27.965,34.26,-37.26,-68.04
28.007,33.059998,-37.62,-67.619995
28.026,32.94,-37.44,-68.46
28.065,32.399998,-37.62,-67.439995
28.104,32.88,-37.68,-67.02
28.131,34.02,-37.02,-67.439995
28.163,33.84,-37.92,-68.04
28.204,33.12,-37.92,-66.9
28.243,34.2,-37.5,-66.96
28.264,35.1,-37.559998,-67.02
28.305,33.54,-38.16,-67.92
28.325,33.6,-38.04,-67.5
28.365,33.42,-37.32,-67.5
28.405,32.82,-37.44,-67.799995
28.445,33.059998,-37.079998,-67.56
28.466,33.239998,-36.42,-68.64
28.505,33.3,-37.739998,-67.38
28.546,33.54,-37.62,-67.979996
28.564,33.42,-37.26,-67.979996
28.606,33.239998,-37.739998,-67.86
28.646,32.94,-38.28,-67.26
28.666,32.76,-37.86,-68.159996
28.705,33.6,-37.44,-67.799995
28.745,33.239998,-37.559998,-66.84
28.765,33.059998,-37.02,-67.799995
28.804,33.96,-38.1,-68.159996
28.845,33.18,-37.86,-68.82
28.865,33.239998,-37.5,-68.34
28.905,33.239998,-37.44,-67.74
28.946,33.54,-37.38,-67.14
28.966,33.3,-36.96,-67.5
29.006,33.18,-37.98,-67.5
29.043,32.82,-37.559998,-67.92
29.096,32.7,-37.559998,-68.76
29.112,33.0,-37.92,-67.979996
29.145,33.48,-37.92,-67.5
29.185,32.94,-37.559998,-67.38
29.204,33.54,-37.559998,-67.56
29.243,32.52,-37.86,-66.9
29.283,33.12,-37.2,-67.92
29.303,33.48,-37.98,-68.04
29.344,33.719997,-37.739998,-68.04
29.384,32.28,-37.62,-67.5
29.405,32.64,-37.26,-67.32
29.443,33.3,-38.16,-67.68
29.485,33.3,-37.559998,-67.92
29.506,33.36,-37.68,-67.979996
29.544,33.42,-37.92,-68.4
29.568,33.719997,-38.1,-68.22
29.604,33.78,-37.32,-67.92
29.645,33.239998,-38.04,-67.38
29.685,33.42,-37.86,-67.38
29.705,32.82,-38.04,-68.04
29.745,32.82,-37.86,-67.619995
29.786,32.94,-37.92,-68.22
29.806,33.239998,-37.86,-67.799995
29.844,32.219997,-37.44,-67.74
29.884,32.88,-37.739998,-67.979996
29.904,32.579998,-38.219997,-68.04
29.944,33.66,-37.26,-68.34
29.985,33.42,-38.16,-68.1
30.026,32.94,-37.2,-67.56
30.044,33.0,-37.92,-67.74
30.085,33.059998,-37.44,-67.92
30.124,32.76,-38.1,-68.159996
30.145,33.42,-38.28,-67.74
30.184,34.14,-38.76,-67.439995
30.225,33.0,-38.34,-67.799995
30.243,32.7,-37.44,-67.799995
30.283,33.36,-37.68,-68.4
30.326,33.6,-37.32,-68.1
30.345,33.78,-37.02,-67.92
30.386,33.239998,-37.559998,-67.92
30.425,33.6,-38.1,-68.1
30.445,33.66,-37.98,-68.28
30.485,32.34,-36.96,-67.799995
30.525,33.54,-37.38,-68.04
30.545,34.02,-37.38,-67.86
30.586,32.219997,-37.5,-68.159996
30.625,33.719997,-37.8,-69.0
30.646,33.78,-37.8,-68.7
30.684,33.719997,-38.16,-68.34
30.725,33.66,-38.219997,-68.1
30.745,33.66,-38.04,-67.74
30.784,32.76,-38.219997,-68.28
30.825,34.02,-38.1,-68.7
30.845,33.3,-38.579998,-69.0
30.885,32.88,-37.14,-68.22
30.925,33.48,-37.8,-67.92
30.964,33.54,-37.62,-67.439995
30.986,33.48,-38.04,-68.159996
31.024,31.92,-37.8,-68.34
31.065,33.059998,-37.5,-68.64
31.085,32.88,-37.62,-68.76
31.128,33.12,-38.1,-67.14
31.150,33.36,-37.62,-67.38
31.185,33.36,-37.32,-67.439995
31.225,33.6,-37.62,-68.58
31.263,33.719997,-37.079998,-67.5
31.283,33.66,-36.96,-67.56
31.325,33.84,-37.14,-67.979996
31.366,33.78,-37.2,-68.76
31.384,33.18,-37.44,-68.22
31.426,33.12,-37.68,-67.799995
31.465,32.76,-37.92,-67.86
31.485,33.059998,-37.62,-67.38
31.526,33.18,-37.079998,-68.34
31.564,33.18,-37.14,-67.92
31.585,34.079998,-37.2,-67.74
31.625,32.7,-37.68,-67.86
31.665,32.88,-37.32,-67.02
31.685,33.3,-37.68,-67.92
31.726,32.46,-37.44,-67.74
31.766,33.96,-37.38,-68.1
31.805,33.059998,-37.68,-68.22
31.825,32.94,-37.62,-68.04
31.864,33.12,-37.26,-67.5
31.905,33.36,-37.98,-67.26
31.925,33.18,-37.739998,-67.56
31.966,33.18,-37.2,-67.74
32.004,33.78,-37.14,-68.76
32.024,33.239998,-37.68,-67.86
32.064,32.7,-37.26,-68.1
32.105,33.18,-37.079998,-68.28
32.124,33.42,-37.02,-68.04
32.164,32.88,-36.719997,-68.159996
32.204,33.18,-38.16,-68.22
32.224,33.84,-37.38,-67.68
32.264,33.42,-37.38,-67.92
32.304,33.18,-37.38,-67.799995
32.344,33.239998,-37.739998,-67.32
32.365,32.94,-37.26,-68.22
32.406,34.44,-37.14,-68.04
32.425,33.059998,-37.559998,-67.92
32.464,33.239998,-37.5,-68.28
32.506,32.7,-37.44,-67.56
32.526,33.36,-37.5,-67.619995
32.567,33.3,-36.78,-67.68
32.608,32.82,-37.68,-67.979996
32.626,33.239998,-37.86,-68.159996
32.665,33.0,-37.559998,-67.619995
32.704,33.12,-37.2,-67.86
32.745,33.059998,-37.98,-67.86
32.765,33.059998,-37.92,-68.04
32.806,33.899998,-37.26,-68.82
32.844,32.88,-36.96,-67.86
32.866,32.94,-37.2,-68.28
32.904,33.059998,-37.559998,-68.28
32.946,33.54,-37.44,-68.1
32.968,33.18,-37.26,-68.28
33.004,33.0,-37.44,-67.92
33.045,33.719997,-36.54,-67.439995
33.064,33.42,-37.14,-67.799995
33.106,33.3,-37.62,-68.52
33.145,32.579998,-37.5,-67.38
33.165,32.82,-36.84,-67.74
33.205,33.12,-37.2,-68.04
33.245,33.84,-37.86,-67.74
33.265,33.66,-37.86,-67.68
33.308,32.88,-37.5,-68.22
33.347,32.88,-37.559998,-68.76
33.366,33.0,-37.68,-68.58
33.406,33.899998,-37.559998,-67.799995
33.446,32.399998,-37.079998,-67.86
33.487,33.42,-37.38,-67.799995
33.506,33.18,-37.32,-68.159996
33.545,33.42,-37.32,-67.979996
33.585,33.42,-38.34,-68.04
33.605,32.94,-37.559998,-67.979996
33.646,33.18,-37.26,-68.159996
33.686,33.6,-37.44,-67.979996
33.705,33.54,-37.559998,-67.5
33.746,33.78,-37.44,-67.38
33.768,33.48,-37.98,-68.4
33.805,33.18,-37.98,-67.979996
33.845,33.059998,-38.1,-67.38
33.886,33.54,-37.5,-68.4
33.905,33.3,-37.86,-67.92
33.945,33.84,-37.92,-68.04
33.985,33.059998,-37.2,-68.22
34.005,33.0,-37.32,-68.4
34.046,33.059998,-37.62,-68.04
34.084,33.66,-37.26,-68.64
34.107,33.719997,-37.44,-69.0
34.150,32.88,-37.92,-67.38
34.185,32.88,-38.16,-67.86
34.205,33.36,-37.44,-67.74
34.245,33.899998,-37.5,-67.5
34.285,33.18,-37.26,-67.5
34.326,33.239998,-37.38,-67.86
34.346,33.3,-37.62,-67.979996
34.385,33.48,-37.559998,-68.34
34.426,32.82,-36.66,-67.799995
34.445,32.82,-37.2,-67.74
34.486,33.66,-37.26,-68.28
34.526,33.42,-37.86,-67.26
34.547,33.54,-37.62,-66.9
34.588,33.719997,-38.04,-68.76
34.628,32.82,-37.8,-66.9
34.645,32.76,-37.739998,-66.84
34.686,33.0,-37.14,-68.64
34.726,33.84,-37.32,-67.86
34.745,33.18,-37.559998,-68.58
34.787,32.7,-37.5,-68.34
34.826,32.94,-37.8,-67.26
34.846,33.42,-37.2,-67.26
34.886,32.399998,-37.62,-67.92
34.926,32.94,-37.32,-68.4
34.947,32.88,-37.44,-67.86
34.986,33.78,-37.32,-68.159996
35.026,33.12,-37.2,-68.28
35.045,34.2,-37.2,-68.04
35.085,33.239998,-37.38,-68.159996
35.125,33.42,-37.98,-67.92
35.147,33.899998,-37.739998,-68.7
35.184,33.3,-37.8,-68.4
35.224,33.12,-37.32,-67.799995
35.264,33.18,-37.98,-67.799995
35.284,33.48,-37.5,-68.1
35.325,33.36,-38.1,-68.04
35.366,33.6,-37.68,-68.159996
35.388,33.0,-37.8,-68.4
35.425,33.96,-37.62,-68.28
35.465,33.899998,-37.2,-68.1
35.487,34.14,-37.44,-68.76
35.525,33.899998,-37.62,-68.58
35.567,33.36,-38.04,-68.52
35.586,33.3,-37.62,-69.0
35.626,33.239998,-37.62,-68.82
35.666,33.6,-37.8,-67.68
35.686,33.66,-37.32,-67.92
35.725,33.66,-37.559998,-67.68
35.765,33.36,-37.26,-67.68
35.786,33.6,-37.2,-67.5
35.826,33.42,-38.04,-67.439995
35.866,32.64,-38.76,-68.159996
35.886,33.059998,-38.04,-67.74
35.926,32.82,-37.02,-67.86
35.966,32.579998,-37.2,-67.979996
35.986,32.399998,-36.96,-68.46
36.028,32.94,-37.44,-67.2
36.067,33.0,-37.739998,-68.34
36.107,33.059998,-36.84,-68.1
36.126,32.94,-37.14,-67.92
36.165,33.18,-38.219997,-67.92
36.205,32.219997,-37.38,-68.58
36.225,33.0,-37.739998,-68.22
36.264,32.46,-37.079998,-68.4
36.304,33.059998,-37.38,-67.14
36.325,33.239998,-37.32,-68.76
36.365,33.239998,-37.26,-67.92
36.406,33.0,-37.32,-68.34
36.426,33.3,-37.68,-68.159996
36.466,33.719997,-37.44,-68.04
36.505,33.48,-38.219997,-68.46
36.526,32.7,-38.34,-67.92
36.566,32.219997,-37.98,-68.52
36.606,33.6,-36.96,-67.799995
36.626,33.48,-37.32,-67.92
36.665,33.6,-37.079998,-67.979996
36.706,33.78,-36.96,-68.88
36.726,33.54,-37.44,-68.22
36.767,32.76,-37.98,-68.52
36.806,33.059998,-37.86,-67.979996
36.826,32.82,-37.62,-68.46
36.865,32.579998,-38.16,-67.68
36.906,32.76,-37.86,-67.2
36.927,32.88,-37.32,-68.52
36.965,33.78,-37.079998,-68.04
37.005,33.3,-37.38,-67.439995
37.045,32.46,-37.98,-68.04
37.066,33.12,-37.62,-67.979996
37.108,33.239998,-37.8,-67.86
37.145,33.42,-37.02,-67.92
37.165,33.36,-37.5,-68.34
37.204,32.94,-36.78,-68.22
37.245,33.36,-38.28,-68.22
37.264,33.54,-37.44,-68.46
37.304,33.6,-37.68,-67.32
37.345,32.579998,-37.14,-68.76
37.366,33.42,-37.68,-69.0
37.405,34.079998,-37.559998,-67.799995
37.445,33.6,-37.5,-67.26
37.468,33.96,-37.5,-67.799995
37.507,33.36,-36.78,-67.56
37.545,33.6,-37.26,-67.979996
37.565,33.6,-37.559998,-67.5
37.606,33.899998,-37.5,-68.46
37.646,33.3,-37.2,-67.68
37.666,33.719997,-37.98,-67.86
37.706,33.3,-37.8,-68.939995
37.745,33.18,-37.739998,-68.159996
37.786,33.6,-37.32,-68.28
37.806,33.66,-37.5,-68.46
37.845,32.88,-37.8,-68.04
37.885,32.82,-37.739998,-68.22
37.907,33.54,-37.98,-68.04
37.946,33.36,-37.98,-68.22
37.985,32.76,-37.68,-67.979996
38.006,33.3,-37.68,-68.34
38.046,33.18,-37.8,-68.22
38.087,33.6,-37.14,-67.619995
38.104,33.059998,-37.38,-67.86
38.144,33.42,-37.5,-67.74
38.185,32.94,-37.44,-68.1
38.204,33.36,-37.739998,-68.4
38.244,32.64,-37.079998,-67.26
38.284,33.3,-37.62,-68.76
38.306,32.76,-37.2,-68.46
38.345,33.6,-36.96,-68.28
38.386,33.3,-38.46,-67.86
38.406,33.48,-37.5,-68.4
38.446,34.2,-37.14,-68.159996
38.485,33.239998,-37.32,-67.92
38.506,34.14,-37.8,-68.34
38.546,33.0,-37.62,-68.82
38.586,33.96,-37.26,-68.34
38.628,34.02,-37.68,-68.4
38.646,33.42,-37.62,-67.86
38.686,33.0,-37.44,-68.52
38.726,33.3,-37.739998,-68.64
38.745,33.0,-37.5,-68.159996
38.785,33.66,-37.44,-67.14
38.825,33.18,-36.719997,-68.1
38.845,33.239998,-37.14,-68.04
38.886,32.76,-37.32,-68.1
38.926,33.96,-37.98,-68.4
38.945,33.42,-38.46,-68.04
38.986,33.12,-38.219997,-67.26
39.016,32.94,-38.34,-68.34
39.046,32.76,-37.92,-68.22
39.086,33.059998,-37.14,-68.28
39.125,33.66,-37.86,-66.9
39.150,33.48,-37.68,-67.5
39.184,34.02,-37.62,-67.979996
39.224,32.88,-37.8,-68.34
39.264,33.18,-37.44,-67.32
39.284,33.059998,-38.04,-67.56
39.324,33.36,-38.28,-68.22
39.364,33.3,-37.02,-67.92
39.384,33.18,-37.32,-68.46
39.424,33.239998,-37.38,-68.52
39.464,34.02,-37.079998,-67.86
39.485,33.12,-37.44,-67.86
39.526,32.52,-37.739998,-68.22
39.565,33.12,-37.02,-69.24
39.585,32.82,-37.92,-68.76
39.626,32.94,-37.38,-68.1
39.666,33.0,-36.78,-68.82
39.686,32.7,-37.32,-68.4
39.726,33.12,-37.739998,-67.86
39.767,32.82,-37.68,-68.04
39.785,32.28,-37.62,-68.52
39.827,33.42,-37.38,-67.439995
39.865,33.12,-37.62,-67.5
39.886,33.059998,-37.8,-68.159996
39.926,33.42,-37.26,-67.68
39.966,33.48,-37.559998,-68.52
39.986,33.54,-37.68,-68.46
40.026,32.16,-37.5,-68.22
40.065,32.82,-37.559998,-67.92
40.105,32.579998,-37.38,-67.74
40.126,32.76,-37.5,-68.46
40.165,33.36,-38.04,-68.58
40.204,32.64,-37.2,-68.4
40.224,33.0,-37.2,-67.979996
40.265,33.84,-37.32,-67.86
40.305,32.94,-37.44,-68.22
40.325,33.239998,-37.86,-68.22
40.365,33.48,-37.02,-68.28
40.405,33.36,-37.38,-68.34
40.426,33.3,-37.62,-68.7
40.465,33.42,-37.14,-68.46
40.505,33.48,-37.8,-68.34
40.526,32.46,-37.92,-68.76
40.566,33.059998,-37.38,-67.74
40.606,33.42,-37.02,-68.64
40.625,33.18,-37.44,-68.1
40.666,33.719997,-37.86,-67.799995
40.706,33.18,-36.96,-68.28
40.726,33.3,-37.5,-68.28
40.765,33.3,-37.68,-68.64
40.805,33.54,-37.38,-67.68
40.826,33.54,-37.14,-68.22
40.864,32.94,-37.68,-67.14
40.906,33.78,-37.38,-68.159996
40.925,33.059998,-37.44,-68.159996
40.966,33.48,-37.14,-68.28
41.010,32.76,-38.04,-68.939995
41.044,32.94,-37.86,-68.22
41.065,33.18,-38.28,-68.4
41.105,33.78,-37.8,-67.86
41.145,32.76,-37.739998,-67.2
41.164,33.48,-37.86,-67.439995
41.205,33.239998,-37.98,-68.1
41.246,32.88,-37.2,-67.92
41.264,33.0,-37.739998,-67.68
41.304,32.88,-36.78,-68.52
41.345,33.0,-37.68,-68.159996
41.366,33.239998,-37.44,-67.86
41.406,33.059998,-36.96,-67.32
41.446,33.059998,-38.1,-67.02
41.466,32.82,-37.8,-67.38
41.506,33.6,-37.62,-67.979996
41.546,33.12,-37.44,-67.439995
41.567,33.0,-37.2,-67.439995
41.607,33.12,-37.8,-68.34
41.647,33.059998,-37.079998,-68.159996
41.667,33.059998,-36.78,-68.34
41.706,32.88,-37.559998,-68.46
41.747,33.48,-36.78,-68.22
41.767,33.6,-37.32,-67.68
41.806,32.52,-36.899998,-68.28
41.846,33.18,-37.38,-68.04
41.867,33.36,-36.719997,-68.1
41.906,33.239998,-37.38,-68.46
41.945,32.88,-36.96,-67.56
41.970,32.82,-37.2,-68.159996
42.005,33.899998,-37.32,-67.799995
42.045,33.899998,-36.899998,-68.34
42.085,32.94,-37.62,-67.439995
42.105,32.34,-38.16,-67.439995
42.139,32.46,-37.98,-67.32
42.185,33.42,-37.079998,-68.1
42.204,33.36,-37.86,-68.64
42.244,32.94,-37.8,-67.5
42.285,32.7,-37.079998,-68.1
42.305,33.0,-37.559998,-68.34
42.345,32.64,-38.04,-68.76
42.386,32.82,-37.559998,-67.979996
42.406,32.82,-37.2,-67.56
42.445,33.12,-37.68,-67.619995
42.484,33.54,-37.68,-67.92
42.509,33.3,-37.079998,-68.46
42.546,32.94,-37.02,-68.28
42.586,32.76,-37.5,-67.68
42.609,32.34,-37.92,-67.2
42.648,33.059998,-38.399998,-67.619995
42.685,33.12,-38.52,-67.32
42.706,33.42,-38.16,-67.86
42.746,33.66,-38.34,-67.979996
42.785,34.079998,-38.04,-67.799995
42.810,33.54,-38.46,-67.979996
42.846,33.48,-37.2,-67.56
42.886,32.76,-37.98,-67.619995
42.925,32.7,-37.38,-67.979996
42.947,33.42,-37.2,-67.979996
42.985,33.54,-37.38,-68.1
43.025,33.54,-37.739998,-68.159996
43.045,32.94,-37.98,-68.04
43.084,32.34,-37.68,-67.979996
43.125,32.52,-36.78,-67.86
43.146,32.88,-37.32,-67.74
43.184,32.94,-37.739998,-67.92
43.225,33.18,-37.44,-67.32
43.245,32.46,-37.14,-67.86
43.284,33.36,-36.899998,-67.32
43.325,33.18,-37.079998,-68.1
43.344,33.48,-36.6,-67.26
43.385,33.18,-37.62,-68.76
43.426,32.82,-37.559998,-67.979996
43.445,32.7,-37.5,-67.979996
43.486,32.219997,-38.219997,-68.34
43.525,32.64,-37.5,-67.86
43.565,33.12,-37.559998,-68.52
43.586,33.239998,-37.44,-67.86
43.625,32.76,-37.079998,-67.979996
43.666,33.36,-37.739998,-68.7
43.685,33.66,-38.04,-67.68
43.725,33.12,-37.5,-68.159996
43.765,33.78,-37.68,-66.96
43.785,33.899998,-38.04,-67.799995
43.825,33.239998,-37.26,-68.64
43.865,33.059998,-37.68,-68.04
43.886,33.54,-37.86,-68.04
43.926,33.42,-37.079998,-68.64
43.967,33.6,-37.559998,-68.159996
43.985,33.059998,-37.68,-68.34
44.028,32.34,-37.62,-68.4
44.065,33.3,-37.559998,-68.22
44.085,33.12,-37.32,-68.1
44.125,33.18,-37.14,-68.64
44.164,33.0,-37.98,-67.979996
44.185,33.42,-37.98,-67.619995
44.224,33.3,-37.559998,-67.38
44.264,32.579998,-37.14,-67.979996
44.306,32.7,-37.86,-68.159996
44.324,33.239998,-37.5,-68.04
44.364,33.059998,-36.78,-68.28
44.404,33.0,-37.559998,-68.52
44.426,33.48,-37.68,-68.7
44.465,34.02,-38.28,-67.979996
44.507,33.42,-37.559998,-68.04
44.526,33.78,-37.32,-68.7
44.567,33.059998,-37.62,-68.4
44.607,33.18,-37.079998,-67.2
44.627,33.42,-37.079998,-68.1
44.668,32.1,-37.739998,-68.04
44.705,33.96,-36.84,-67.2
44.726,33.899998,-36.78,-67.32
44.765,33.18,-37.92,-67.439995
44.806,33.66,-37.14,-68.34
44.826,32.52,-37.44,-68.1
44.866,33.899998,-37.44,-68.22
44.906,33.059998,-37.44,-67.74
44.925,33.54,-37.14,-67.38
44.966,33.42,-37.739998,-67.799995
45.005,33.42,-37.5,-68.76
45.034,32.94,-37.14,-68.52
45.066,33.96,-37.559998,-68.28
45.109,32.64,-37.62,-67.5
45.132,33.059998,-37.079998,-67.439995
45.165,32.82,-37.32,-68.22
45.204,33.239998,-37.62,-68.22
45.244,33.66,-38.46,-67.68
45.264,33.3,-38.1,-68.159996
45.304,33.12,-38.34,-68.4
45.346,33.059998,-37.68,-68.04
45.364,32.76,-37.92,-67.979996
45.405,32.82,-36.96,-67.92
45.446,33.78,-37.44,-68.58
45.466,32.82,-37.62,-68.64
45.506,34.14,-38.04,-67.08
45.545,33.96,-37.62,-68.46
45.565,33.42,-38.1,-68.4
45.604,33.3,-37.5,-67.74
45.645,32.7,-38.04,-68.22
45.668,33.42,-37.68,-67.68
45.706,33.84,-37.44,-67.439995
45.746,33.6,-38.52,-67.68
45.765,33.059998,-38.879997,-67.2
45.805,33.78,-38.28,-67.799995
45.845,33.96,-39.239998,-68.28
45.866,34.38,-38.879997,-67.619995
45.909,32.94,-37.98,-67.56
45.946,33.48,-37.62,-68.58
45.965,33.719997,-37.92,-68.4
46.007,34.44,-38.34,-68.58
46.046,33.059998,-37.86,-68.22
46.066,32.88,-37.5,-67.86
46.109,33.12,-37.86,-68.1
46.146,33.42,-38.04,-67.619995
46.184,33.42,-37.559998,-68.64
46.204,33.54,-37.44,-68.76
46.244,33.6,-37.38,-67.5
46.284,33.12,-37.5,-68.939995
46.304,33.48,-37.86,-69.06
46.345,33.239998,-37.559998,-68.22
46.385,33.42,-37.559998,-67.68
46.405,33.719997,-37.079998,-67.799995
46.446,33.899998,-37.559998,-68.1
46.486,33.48,-37.86,-68.04
46.505,33.36,-37.86,-68.34
46.546,32.82,-37.44,-67.74
46.586,33.0,-37.86,-68.04
46.606,32.94,-37.8,-68.28
46.647,32.34,-37.38,-68.4
46.686,33.54,-37.739998,-68.04
46.705,33.3,-37.5,-68.64
46.745,32.46,-37.44,-68.939995
46.786,33.6,-37.62,-67.92
46.805,33.84,-37.8,-68.159996
46.846,34.14,-38.28,-67.5
46.885,33.899998,-37.5,-67.26
46.933,33.6,-37.44,-67.02
46.947,33.36,-38.16,-67.619995
46.985,32.94,-37.26,-68.52
47.010,32.399998,-37.38,-68.159996
47.049,33.0,-37.68,-67.86
47.086,33.18,-37.38,-67.619995
47.109,33.36,-37.559998,-67.5
47.148,33.66,-37.68,-68.1
47.184,33.18,-37.62,-67.979996
47.224,33.84,-38.1,-67.56
47.244,33.84,-38.34,-67.439995
47.285,32.399998,-37.98,-68.04
47.327,32.82,-37.38,-67.92
47.345,33.36,-37.739998,-68.34
47.386,34.26,-37.02,-67.979996
47.425,33.42,-37.2,-68.58
47.446,34.079998,-37.559998,-67.92
47.485,33.719997,-37.559998,-68.52
47.512,33.54,-37.559998,-68.28
47.545,33.66,-37.98,-68.34
47.584,33.42,-37.2,-67.799995
47.624,33.6,-36.96,-67.74
47.646,32.7,-36.899998,-67.619995
47.687,33.239998,-37.2,-67.74
47.726,33.12,-39.059998,-67.26
47.765,33.36,-36.78,-68.159996
47.786,33.36,-37.079998,-68.28
47.825,33.36,-37.38,-67.68
47.866,33.059998,-37.14,-67.799995
47.886,33.12,-37.14,-67.92
47.925,32.64,-36.66,-67.439995
47.965,33.48,-37.62,-68.159996
47.986,33.36,-37.32,-68.58
48.026,33.36,-37.8,-66.96
48.065,33.239998,-37.44,-68.159996
48.087,33.54,-37.5,-67.74
48.125,33.239998,-37.86,-68.28
48.165,33.66,-37.5,-68.22
48.184,33.78,-37.8,-68.34
48.224,33.899998,-38.64,-68.159996
48.265,33.6,-37.68,-67.68
48.284,33.48,-38.1,-67.26
48.325,33.12,-37.44,-68.46
48.364,33.3,-37.68,-67.68
48.386,33.54,-38.28,-67.74
48.426,33.6,-37.44,-67.5
48.466,33.18,-37.86,-67.32
48.485,32.88,-37.739998,-67.26
48.526,33.0,-37.26,-67.799995
48.565,33.54,-36.66,-68.159996
48.588,33.12,-37.32,-67.5
48.626,33.059998,-37.2,-67.68
48.666,32.64,-37.5,-68.159996
48.706,33.239998,-37.5,-68.46
48.726,33.36,-37.079998,-68.34
48.766,33.6,-36.78,-67.14
48.806,33.3,-37.68,-68.64
48.826,33.059998,-37.68,-67.92
48.866,33.48,-38.16,-68.1
48.906,32.7,-37.14,-68.4
48.926,32.88,-37.26,-68.4
48.965,32.64,-37.739998,-68.82
49.007,33.3,-37.5,-67.799995
49.025,33.3,-37.14,-68.28
49.065,32.7,-38.04,-67.2
49.105,32.64,-37.559998,-67.619995
49.124,33.12,-37.32,-68.34
49.165,33.899998,-37.14,-68.52
49.204,32.7,-38.16,-67.14
49.226,32.04,-38.1,-67.74
49.264,33.48,-37.559998,-67.979996
49.304,34.14,-37.26,-68.46
49.344,32.94,-37.68,-68.1
49.364,33.0,-37.5,-68.34
49.404,32.82,-37.8,-68.28
49.426,33.239998,-37.44,-68.46
49.465,32.82,-37.86,-68.58
49.507,32.46,-38.16,-68.939995
49.545,33.78,-37.68,-67.92
49.565,33.96,-37.8,-68.1
49.606,33.36,-37.5,-68.28
49.646,33.239998,-37.5,-68.7
49.666,33.239998,-37.02,-69.06
49.705,33.6,-37.739998,-68.159996
49.747,33.3,-37.62,-68.46
49.765,33.18,-37.68,-68.28
49.806,33.84,-37.2,-68.46
49.845,32.82,-37.68,-67.86
49.866,33.0,-37.559998,-68.159996
49.906,33.96,-38.16,-68.1
49.945,33.78,-37.44,-68.22
49.966,33.78,-37.26,-67.56
50.005,33.42,-37.92,-68.46
50.045,33.78,-37.62,-67.68
50.066,34.14,-37.44,-68.04
50.111,32.82,-37.38,-68.4
50.146,32.64,-36.84,-67.979996
50.165,33.18,-37.26,-67.68
50.204,32.52,-37.5,-67.799995
50.244,33.239998,-37.68,-67.92
50.284,33.059998,-37.38,-68.4
50.305,33.0,-37.38,-68.52
50.345,33.42,-37.86,-67.439995
50.386,32.64,-37.559998,-68.1
50.405,33.239998,-38.16,-67.74
50.446,32.52,-38.28,-68.1
50.486,33.899998,-37.62,-67.74
50.507,33.84,-37.26,-68.04
50.546,33.48,-38.399998,-68.22
50.586,33.12,-37.739998,-68.939995
50.606,33.3,-37.62,-68.4
50.646,33.059998,-37.2,-68.22
50.685,32.52,-38.219997,-68.4
50.706,32.82,-38.219997,-68.46
50.746,32.7,-37.32,-67.68
50.786,33.48,-37.5,-68.58
50.807,33.0,-37.44,-69.18
50.846,33.42,-37.98,-68.1
50.885,32.219997,-37.62,-68.1
50.905,32.04,-37.68,-67.86
50.945,33.719997,-37.739998,-68.22
50.986,33.899998,-37.8,-67.74
51.006,33.3,-38.28,-67.619995
51.045,33.059998,-38.04,-68.88
51.087,33.059998,-38.1,-67.92
51.127,33.059998,-37.559998,-68.52
51.144,33.36,-38.16,-68.88
51.184,33.6,-37.98,-68.7
51.224,33.54,-37.32,-68.1
51.244,33.239998,-36.899998,-67.92
51.285,34.02,-37.2,-67.56
51.327,33.059998,-37.38,-68.34
51.345,33.84,-37.079998,-68.1
51.386,32.52,-37.739998,-68.34
51.425,33.54,-38.219997,-68.88
51.445,33.18,-37.62,-68.58
51.486,33.78,-37.62,-68.159996
51.526,33.66,-37.38,-68.04
51.545,34.02,-37.98,-67.799995
51.585,32.94,-36.96,-67.2
51.625,32.88,-37.92,-68.22
51.645,32.46,-37.38,-67.86
51.686,33.78,-38.219997,-67.2
51.726,33.18,-37.559998,-67.68
51.745,34.079998,-36.96,-67.439995
51.785,33.48,-37.32,-68.52
51.826,33.18,-38.16,-68.1
51.846,33.54,-37.86,-68.04
51.886,33.239998,-37.14,-68.58
51.925,33.66,-38.04,-68.7
51.946,33.54,-37.98,-68.58
51.986,33.6,-38.16,-69.06
52.025,33.899998,-37.32,-68.22
52.065,33.18,-37.739998,-68.34
52.085,32.88,-37.26,-68.34
52.128,33.36,-36.719997,-68.1
52.165,34.02,-37.44,-67.5
52.185,34.079998,-37.32,-67.26
52.225,33.719997,-37.68,-68.04
52.264,32.94,-37.44,-68.1
52.284,33.719997,-37.559998,-68.04
52.326,33.42,-37.26,-67.86
52.366,33.42,-37.32,-68.34
52.385,32.94,-37.559998,-68.04
52.426,33.239998,-37.98,-67.68
52.466,33.239998,-37.2,-68.76
52.486,33.18,-37.5,-68.4
52.526,33.66,-38.82,-67.56
52.564,33.239998,-37.8,-69.18
52.584,32.52,-37.86,-68.28
52.625,34.14,-37.62,-68.46
52.666,34.02,-37.44,-67.74
52.685,33.3,-37.559998,-67.74
52.726,33.18,-37.86,-68.1
52.766,33.18,-37.98,-68.34
52.806,33.719997,-37.559998,-67.799995
52.826,33.54,-37.8,-68.1
52.865,32.7,-36.66,-68.28
52.906,33.42,-37.5,-68.52
52.926,33.0,-37.26,-68.46
52.966,32.7,-37.44,-67.619995
53.005,33.42,-37.68,-67.619995
53.025,33.18,-37.44,-66.659996
53.065,32.76,-37.38,-67.439995
53.105,32.76,-37.26,-68.34
53.125,34.2,-37.739998,-67.86
53.164,33.0,-37.32,-68.7
53.204,33.0,-37.8,-67.2
53.224,33.059998,-38.1,-68.1
53.265,33.6,-37.079998,-68.34
53.305,33.6,-37.02,-68.1
53.326,33.66,-37.26,-68.4
53.366,33.66,-37.26,-67.799995
53.405,33.48,-37.62,-67.439995
53.426,33.18,-37.8,-67.74
53.465,33.48,-37.2,-68.1
53.506,32.76,-37.98,-68.52
53.526,33.42,-38.34,-67.86
53.567,33.48,-36.78,-67.619995
53.606,33.059998,-36.84,-68.28
53.626,33.48,-37.2,-68.76
53.666,33.18,-37.92,-68.22
53.705,33.0,-37.559998,-68.159996
53.746,33.42,-37.44,-67.92
53.765,33.18,-37.44,-68.04
53.806,33.48,-37.2,-67.74
53.846,33.36,-38.7,-68.58
53.866,33.059998,-38.219997,-68.46
53.905,33.239998,-37.14,-68.04
53.945,33.48,-37.739998,-68.7
53.965,33.719997,-37.5,-68.88
54.005,33.48,-37.86,-67.38
54.048,33.54,-38.1,-68.159996
54.065,33.18,-38.1,-68.64
54.106,33.3,-37.559998,-67.74
54.131,33.54,-37.739998,-68.22
54.166,33.48,-37.62,-67.68
54.205,33.36,-38.46,-67.619995
54.244,33.239998,-37.8,-68.4
54.284,32.579998,-37.68,-67.979996
54.303,33.059998,-37.2,-67.799995
54.344,32.7,-38.46,-67.799995
54.384,33.719997,-37.38,-68.28
54.404,33.899998,-37.44,-67.439995
54.445,33.239998,-37.2,-67.32
54.485,33.48,-36.96,-67.799995
54.505,33.719997,-37.62,-67.92
54.546,33.6,-37.32,-67.14
54.586,33.6,-37.02,-67.619995
54.607,33.18,-37.14,-67.86
54.645,32.219997,-37.739998,-67.5
54.685,34.26,-37.68,-67.979996
54.705,34.079998,-37.5,-68.04
54.745,33.54,-37.38,-68.28
54.785,33.899998,-37.559998,-67.86
54.805,33.899998,-37.5,-67.68
54.845,32.88,-37.44,-68.28
54.886,32.579998,-37.079998,-67.38
54.906,33.36,-37.14,-67.5
54.946,33.239998,-37.14,-69.06
54.985,33.36,-37.2,-67.56
55.006,33.54,-37.44,-67.02
55.046,33.899998,-37.38,-67.92
55.085,33.0,-37.68,-67.68
55.105,33.6,-37.44,-67.979996
55.145,33.66,-37.62,-67.5
55.186,33.0,-37.38,-67.86
55.226,33.42,-37.14,-68.46
55.244,33.48,-36.719997,-68.159996
55.284,33.719997,-36.84,-67.619995
55.325,33.059998,-37.079998,-67.26
55.346,33.059998,-37.02,-67.619995
55.386,33.3,-37.92,-68.46
55.427,33.719997,-38.04,-67.979996
55.446,33.54,-38.1,-67.799995
55.485,32.82,-36.719997,-68.04
55.526,33.66,-37.44,-67.799995
55.546,34.26,-37.62,-68.1
55.586,33.84,-37.62,-67.56
55.626,32.94,-37.44,-68.46
55.646,33.42,-37.32,-68.22
55.686,32.88,-36.96,-67.5
55.725,33.3,-37.559998,-67.74
55.746,33.12,-37.079998,-68.1
55.786,33.12,-37.02,-68.52
55.826,32.88,-37.2,-67.799995
55.846,33.059998,-37.62,-67.5
55.886,33.059998,-37.5,-68.159996
55.925,33.3,-37.2,-68.04
55.946,32.7,-37.739998,-68.7
55.986,32.94,-37.5,-67.799995
56.026,33.059998,-37.32,-67.56
56.048,33.12,-37.44,-68.159996
56.084,32.94,-37.26,-68.159996
56.126,33.239998,-38.04,-67.619995
56.164,33.42,-37.5,-67.38
56.184,33.36,-37.26,-67.56
56.223,33.42,-37.68,-67.14
56.265,33.18,-37.5,-67.14
56.284,33.6,-36.719997,-67.74
56.327,33.3,-37.92,-67.32
56.366,33.42,-37.559998,-68.64
56.387,33.42,-37.26,-68.1
56.426,33.78,-37.32,-67.86
56.465,33.12,-37.2,-67.74
56.486,33.0,-37.26,-67.56
56.526,34.14,-36.66,-68.1
56.566,33.78,-37.62,-68.159996
56.585,33.78,-37.38,-67.38
56.627,33.48,-37.86,-67.26
56.665,33.059998,-37.14,-67.56
56.686,33.719997,-37.5,-68.04
56.726,33.96,-37.2,-67.38
56.764,33.54,-37.44,-67.56
56.785,33.42,-36.84,-67.38
56.826,33.719997,-38.1,-67.92
56.866,33.6,-38.219997,-67.619995
56.886,33.42,-37.5,-67.979996
56.926,33.96,-37.14,-67.68
56.964,32.82,-37.8,-68.28
56.986,32.82,-37.5,-68.52
57.024,34.2,-37.44,-67.56
57.067,33.3,-37.38,-67.2
57.087,33.6,-36.66,-66.78
57.125,32.7,-37.44,-67.68
57.165,33.0,-37.32,-67.14
57.205,33.84,-36.48,-67.799995
57.225,33.899998,-36.96,-68.04
57.264,32.64,-36.899998,-67.68
57.304,33.54,-37.26,-67.86
57.325,32.88,-37.38,-68.46
57.365,32.34,-37.44,-67.86
57.406,32.82,-37.02,-67.619995
57.425,33.0,-37.44,-67.74
57.466,33.84,-37.62,-68.22
57.506,33.84,-37.2,-67.26
57.525,33.84,-37.079998,-67.86
57.565,33.0,-37.44,-67.02
57.605,33.059998,-36.899998,-68.76
57.625,33.78,-36.84,-68.939995
57.664,32.94,-37.32,-67.32
57.707,32.52,-37.739998,-68.1
57.726,32.88,-37.92,-67.68
57.766,33.12,-37.739998,-67.2
57.805,33.12,-37.079998,-67.86
57.845,33.059998,-37.32,-68.159996
57.865,33.12,-37.079998,-68.22
57.906,33.3,-37.559998,-66.78
57.945,33.0,-37.62,-68.159996
57.965,33.0,-37.44,-67.5
58.007,33.42,-37.739998,-68.1
58.044,33.36,-37.739998,-67.38
58.066,33.42,-37.62,-67.38
58.106,33.18,-38.219997,-67.92
58.133,32.64,-37.8,-67.86
58.164,33.66,-37.68,-67.439995
58.204,33.84,-37.86,-68.4
58.244,33.42,-37.5,-68.22
58.263,33.54,-37.62,-68.64
58.305,33.42,-37.559998,-68.159996
58.345,33.239998,-37.26,-68.4
58.365,33.36,-37.68,-67.619995
58.404,33.899998,-37.14,-68.1
58.446,32.76,-37.38,-68.04
58.466,33.54,-37.44,-68.34
58.505,33.18,-37.02,-68.1
58.545,33.18,-36.899998,-67.439995
58.566,32.579998,-37.8,-68.04
58.607,33.18,-37.079998,-67.92
58.644,33.18,-37.5,-68.76
58.666,33.78,-37.8,-68.34
58.706,33.3,-37.26,-68.22
58.746,33.66,-37.68,-67.619995
58.786,33.3,-37.559998,-68.46
58.806,33.0,-36.66,-67.86
58.845,33.18,-37.38,-67.38
58.885,33.36,-37.92,-67.2
58.907,33.719997,-38.1,-67.92
58.945,33.42,-37.32,-67.92
58.986,33.3,-37.5,-68.04
59.009,32.579998,-37.68,-67.799995
59.044,33.54,-37.079998,-67.5
59.085,33.18,-37.32,-67.74
59.109,33.3,-38.1,-68.22
59.146,32.82,-38.34,-67.38
59.185,34.079998,-37.2,-68.58
59.206,33.54,-37.68,-67.86
59.245,32.7,-38.219997,-67.26
59.284,33.239998,-37.26,-67.979996
59.304,33.42,-36.84,-68.28
59.344,33.66,-37.079998,-66.9
59.384,33.78,-37.68,-67.74
59.425,33.18,-37.86,-67.86
59.444,32.76,-37.5,-67.799995
59.485,32.82,-37.8,-68.34
59.526,33.719997,-37.38,-68.22
59.545,33.239998,-37.559998,-67.68
59.585,33.84,-37.38,-67.56
59.625,33.3,-37.38,-67.799995
59.645,34.44,-37.559998,-67.74
59.686,31.98,-37.38,-68.04
59.725,33.239998,-37.739998,-67.86
59.746,33.36,-37.86,-67.619995
59.786,33.54,-37.86,-67.26
59.825,32.88,-37.5,-67.38
59.845,32.82,-37.38,-67.32
59.885,33.36,-37.92,-67.92
59.926,33.239998,-37.02,-67.68
59.945,32.7,-37.38,-67.86
59.986,33.899998,-37.079998,-67.439995
